1494720000.0000 150.0000 3.7191 0.5760 0.1060 3.7646 261.1967 0.0038 0.0088 0.0014 0.0002 0.0000 -0.0014 0.0070 0.0181 0.0172
1494720000.0000 450.0000 3.5686 0.7161 0.1172 3.6406 258.6526 0.0082 0.0049 0.0019 -0.0036 -0.0008 0.0005 0.0075 0.0195 0.0182
1494720000.0000 750.0000 3.5977 0.7848 0.0975 3.6843 257.6939 0.0410 0.0135 0.0197 0.0011 -0.0000 -0.0051 0.0371 0.0427 0.0366
1494720000.0000 1050.0000 3.7046 1.0172 0.0323 3.8437 254.6456 0.0097 0.0198 0.0024 0.0070 0.0005 -0.0026 0.0159 0.0268 0.0258
1494720000.0000 1350.0000 3.9800 1.2389 0.1203 4.1686 252.7100 0.0183 0.0041 0.0020 0.0063 -0.0009 -0.0001 0.0122 0.0216 0.0207
1494720000.0000 1650.0000 3.9121 1.1146 0.2622 4.0683 254.0976 0.0067 0.0040 0.0076 -0.0004 -0.0025 -0.0020 0.0091 0.0191 0.0146
1494720000.0000 1950.0000 3.4467 1.1372 0.2865 3.6311 251.7400 0.0547 0.0088 0.0104 0.0036 0.0060 0.0026 0.0370 0.0431 0.0401
1494720000.0000 2250.0000 3.0597 1.4445 0.2174 3.3937 244.7280 0.0565 0.0563 0.0299 -0.0144 -0.0048 -0.0095 0.0713 0.0643 0.0573
1494720000.0000 2550.0000 2.0774 2.1294 0.1291 3.0138 224.2917 0.1656 0.1162 0.0333 -0.0976 -0.0352 0.0229 0.1575 0.1088 0.1030
1494720000.0000 2850.0000 2.2684 1.7522 0.1188 2.8835 232.3156 0.0920 0.0494 0.0493 -0.0331 -0.0124 -0.0162 0.0954 0.0879 0.0757
1494720000.0000 3150.0000 2.6470 2.2090 0.1449 3.4505 230.1533 0.0131 0.0309 0.0152 0.0042 -0.0063 -0.0128 0.0296 0.0407 0.0351
1494720000.0000 3450.0000 3.1589 2.3181 0.1542 3.9277 233.7278 0.1105 0.0485 0.0270 -0.0124 -0.0123 0.0028 0.0930 0.0635 0.0588
1494720000.0000 3750.0000 2.8109 2.3860 0.1185 3.6892 229.6736 0.0577 0.0290 0.0116 0.0251 -0.0002 0.0008 0.0492 0.0491 0.0461
1494720000.0000 4050.0000 2.6404 2.6513 0.0782 3.7527 224.8815 0.0386 0.0717 0.0203 -0.0279 0.0010 -0.0024 0.0653 0.0558 0.0512
1494720000.0000 4350.0000 2.2723 2.8769 0.1888 3.6712 218.3032 0.0244 0.0285 0.0166 -0.0121 -0.0139 0.0063 0.0348 0.0415 0.0362
1494720000.0000 4650.0000 2.0453 3.4315 0.3058 4.0011 210.7968 0.0391 0.0326 0.0088 -0.0151 -0.0050 0.0037 0.0402 0.0409 0.0387
1494720000.0000 4950.0000 1.8718 3.5637 0.3493 4.0289 207.7110 0.0278 0.0242 0.0085 -0.0017 -0.0038 -0.0008 0.0303 0.0352 0.0327
1494720000.0000 5250.0000 1.9021 3.7451 0.2599 4.2022 206.9260 0.0143 0.0125 0.0049 -0.0001 0.0004 0.0002 0.0158 0.0244 0.0225
1494720000.0000 5550.0000 1.6934 3.6491 0.2913 4.0259 204.8948 0.0180 0.0138 0.0041 -0.0084 -0.0009 0.0004 0.0179 0.0271 0.0256
1494720000.0000 5850.0000 1.9179 3.2808 0.2563 3.8015 210.3101 0.0038 0.0268 0.0027 0.0011 -0.0004 0.0018 0.0166 0.0276 0.0266
1494720000.0000 6150.0000 2.0559 3.2459 0.2567 3.8443 212.3492 0.0201 0.0088 0.0075 0.0015 0.0003 -0.0000 0.0182 0.0286 0.0256
1494720000.0000 6450.0000 2.0992 3.0928 0.2513 3.7395 214.1669 0.0074 0.0095 0.0042 -0.0039 -0.0003 -0.0008 0.0105 0.0224 0.0201
1494720000.0000 6750.0000 2.2584 3.4419 0.3425 4.1178 213.2713 0.0134 0.0340 0.0072 0.0109 0.0019 0.0084 0.0273 0.0327 0.0305
1494720000.0000 7050.0000 2.3131 3.5060 0.4211 4.2024 213.4148 0.0117 0.0218 0.0208 -0.0034 -0.0023 0.0095 0.0272 0.0319 0.0252
1494720000.0000 7350.0000 2.5968 3.4393 0.2231 4.3172 217.0541 0.0880 0.0113 0.0186 -0.0067 -0.0180 0.0018 0.0589 0.0459 0.0422
1494720000.0000 7650.0000 2.9183 3.3797 0.2027 4.4811 220.8102 0.2260 0.0946 0.0885 0.0434 0.0151 0.0059 0.2045 0.0826 0.0732
1494720000.0000 7950.0000 2.4229 2.9976 0.2341 3.9378 218.9481 0.6764 0.3096 0.2311 -0.0832 -0.1053 -0.0116 0.6085 0.1649 0.1487
1494720000.0000 8250.0000 2.5070 2.7000 0.2410 3.7320 222.8770 0.4320 0.1950 0.2169 -0.0283 -0.1486 -0.0507 0.4219 0.1436 0.1241
1494720000.0000 8550.0000 2.3376 2.2312 0.1325 3.2983 226.3338 0.5733 0.2073 0.1784 -0.0146 -0.0731 -0.0557 0.4795 0.1748 0.1578
1494720000.0000 8850.0000 1.8856 1.8430 0.3156 2.7246 225.6539 0.6300 0.3027 0.2419 -0.0078 -0.1745 0.0019 0.5873 0.2356 0.2115
1494720000.0000 9150.0000 1.9983 2.7945 0.2218 3.4597 215.5678 0.2055 0.0865 0.1091 0.0018 -0.0242 0.0103 0.2006 0.1062 0.0908
1494720000.0000 9450.0000 2.6953 2.7919 0.4478 3.8914 223.9915 0.1433 0.0870 0.0839 0.0308 0.0389 0.0212 0.1571 0.0828 0.0714
1494720000.0000 9750.0000 2.6514 2.7810 0.3185 3.8921 223.6337 0.5938 0.1358 0.1715 0.0112 -0.1484 0.0077 0.4505 0.1421 0.1283
1494720000.0000 10050.0000 3.4139 2.7009 0.2526 4.3613 231.6504 0.1558 0.0708 0.0453 0.0360 -0.0186 -0.0124 0.1359 0.0690 0.0631
1494720000.0000 10350.0000 2.5218 2.7232 0.1150 3.7487 222.8012 0.3562 0.1197 0.0782 -0.0155 -0.0345 0.0244 0.2771 0.1157 0.1073
1494720000.0000 10650.0000 2.4937 2.6893 0.2593 3.6892 222.8386 0.1422 0.3001 0.1353 0.0714 -0.0504 0.0343 0.2888 0.1193 0.1047
1494720000.0000 10950.0000 2.2744 2.2037 0.2545 3.2139 225.9035 0.5022 0.2557 0.1979 0.1060 -0.1453 -0.0841 0.4779 0.1777 0.1587
1494720000.0000 11250.0000 2.2859 2.6170 0.3058 3.4930 221.1364 0.2237 0.0997 0.0846 0.0633 -0.0282 -0.0254 0.2040 0.1057 0.0945
1494720000.0000 11550.0000 2.0489 2.7902 0.1905 3.4826 216.2898 0.1476 0.0726 0.1697 -0.0228 -0.0440 0.0174 0.1950 0.1040 0.0783
1494720000.0000 11850.0000 1.9460 2.8822 0.2958 3.4806 214.0260 0.0156 0.0194 0.0089 -0.0040 0.0004 -0.0028 0.0220 0.0347 0.0311
1494720000.0000 12150.0000 1.6678 2.8363 0.2580 3.2996 210.4561 0.0606 0.0216 0.0162 -0.0114 -0.0082 0.0020 0.0492 0.0549 0.0503
1494720000.0000 12450.0000 1.9289 2.8390 0.2337 3.4349 214.1938 0.0125 0.0152 0.0083 -0.0047 -0.0041 -0.0004 0.0180 0.0319 0.0280
1494720000.0000 12750.0000 2.0219 2.6869 0.2392 3.3722 216.9612 0.0651 0.0401 0.0192 -0.0086 -0.0250 0.0048 0.0622 0.0604 0.0557
1494720000.0000 13050.0000 2.0667 2.2159 0.0092 3.0428 223.0049 0.1130 0.1362 0.0532 0.0493 -0.0217 -0.0045 0.1512 0.1048 0.0951
1494720000.0000 13350.0000 2.0710 2.1653 0.1272 3.0036 223.7256 0.0525 0.0320 0.0302 -0.0001 -0.0178 0.0004 0.0573 0.0652 0.0560
1494720000.0000 13650.0000 2.2380 1.9406 0.1949 2.9796 229.0706 0.1329 0.0681 0.0400 -0.0086 -0.0122 -0.0112 0.1205 0.0955 0.0874
1494720000.0000 13950.0000 2.3683 2.1218 0.2597 3.2083 228.1434 0.1499 0.1027 0.0434 -0.0578 -0.0350 0.0146 0.1480 0.0985 0.0913
1494720000.0000 14250.0000 2.1926 2.1469 0.0661 3.1020 225.6029 0.4676 0.0948 0.1143 0.0657 -0.1085 -0.0012 0.3384 0.1547 0.1411
1494720000.0000 14550.0000 1.5773 2.1807 0.2850 2.7149 215.8796 0.1559 0.1040 0.0992 0.0033 -0.0331 0.0011 0.1796 0.1278 0.1094
1494720000.0000 14850.0000 2.2949 2.1712 0.2269 3.1698 226.5862 0.0528 0.0603 0.0696 -0.0103 -0.0033 0.0057 0.0913 0.0779 0.0614
1494720000.0000 15150.0000 2.0725 2.4395 0.2819 3.2217 220.3494 0.1877 0.0571 0.0496 -0.0014 -0.0567 0.0034 0.1472 0.0975 0.0892
1494720000.0000 15450.0000 2.3612 2.4703 0.3136 3.4382 223.7057 0.1956 0.0818 0.0976 0.0060 -0.0722 0.0196 0.1875 0.1030 0.0890
1494720000.0000 15750.0000 2.4071 2.6266 0.2803 3.5879 222.5029 0.1345 0.1401 0.1387 -0.0419 -0.0476 0.0141 0.2067 0.1039 0.0849
1494720000.0000 16050.0000 2.1988 2.2486 0.2674 3.1943 224.3596 0.3694 0.1409 0.2500 -0.0302 -0.0914 0.0060 0.3802 0.1595 0.1311
1494720000.0000 16350.0000 2.2758 2.5742 0.3066 3.4684 221.4798 0.3471 0.1295 0.2258 0.0354 -0.1370 -0.0277 0.3512 0.1403 0.1160
1494720000.0000 16650.0000 1.5418 2.1760 0.3638 2.7124 215.3199 0.1984 0.2078 0.3091 -0.0475 -0.0780 0.0499 0.3577 0.1814 0.1380
1494720000.0000 16950.0000 1.2978 2.3005 0.2347 2.6863 209.4293 0.2289 0.1033 0.1017 -0.0468 -0.0390 -0.0055 0.2170 0.1434 0.1260
1494720000.0000 17250.0000 0.3333 2.1371 0.2782 2.1837 188.8632 0.0920 0.1399 0.0918 0.0078 -0.0112 0.0131 0.1618 0.1506 0.1285
1494720000.0000 17550.0000 0.1512 1.9161 -0.1074 1.9568 184.5132 0.1346 0.0571 0.0876 0.0184 0.0111 -0.0316 0.1396 0.1585 0.1315
1494720000.0000 17850.0000 -0.5315 1.9075 0.0847 1.9983 164.4296 0.0693 0.0510 0.0391 0.0075 -0.0207 -0.0077 0.0797 0.1163 0.1011
1494720000.0000 18150.0000 -0.5970 1.9414 0.1518 2.0506 162.9063 0.0745 0.0395 0.0344 0.0127 -0.0154 -0.0022 0.0742 0.1092 0.0959
1494720000.0000 18450.0000 -0.1332 2.2490 -0.0710 2.3033 176.6110 0.2378 0.0816 0.0312 -0.0768 -0.0299 0.0167 0.1753 0.1517 0.1448
1494720000.0000 18750.0000 0.3644 2.0457 0.1411 2.0999 190.0998 0.0770 0.1238 0.0524 -0.0250 -0.0295 -0.0156 0.1266 0.1395 0.1245
1494720000.0000 19050.0000 0.8852 1.6974 0.1290 1.9241 207.5417 0.0192 0.0684 0.0239 -0.0108 0.0020 -0.0042 0.0558 0.1005 0.0893
1494720000.0000 19350.0000 0.3317 1.5639 0.1760 1.6462 191.9740 0.1471 0.0924 0.0439 -0.0260 0.0139 -0.0072 0.1417 0.1911 0.1767
1494720000.0000 19650.0000 -0.4190 1.7642 0.0699 1.8453 166.6402 0.1446 0.1104 0.1505 -0.0696 -0.0739 0.0847 0.2028 0.2026 0.1608
1494720000.0000 19950.0000 -0.0451 2.0116 -0.0554 2.0686 178.7153 0.2332 0.0888 0.1353 -0.0677 -0.1366 0.0390 0.2287 0.1940 0.1628
1494720000.0000 20250.0000 -0.0700 1.4860 0.0688 1.5391 177.3031 0.1551 0.1456 0.1565 0.0935 -0.1073 -0.0766 0.2286 0.2621 0.2128
1494720000.0000 20550.0000 -0.2642 1.7790 -0.0843 1.8744 171.5523 0.2708 0.1177 0.0996 -0.0138 -0.0401 0.0503 0.2440 0.2240 0.2001
1494720000.0000 20850.0000 0.1295 2.1031 0.3108 2.1897 183.5229 0.3842 0.2353 0.1946 0.0397 -0.1217 -0.1515 0.4071 0.2446 0.2157
1494720000.0000 21150.0000 0.3111 1.9501 0.2824 2.0458 189.0626 0.2794 0.1299 0.1789 -0.0080 -0.0410 -0.0750 0.2941 0.2220 0.1871
1494720000.0000 21450.0000 0.0241 1.9641 0.0120 1.9957 180.7016 0.1280 0.0722 0.1463 0.0046 -0.0627 0.0026 0.1732 0.1730 0.1315
1494720000.0000 21750.0000 -0.5029 2.3972 -0.1019 2.4708 168.1515 0.1002 0.1317 0.1103 0.0156 -0.0143 -0.0222 0.1711 0.1378 0.1135
1494720000.0000 22050.0000 -0.9657 1.9930 -0.0499 2.2596 154.1485 0.1365 0.1912 0.2354 0.0650 -0.0737 -0.1124 0.2816 0.1956 0.1492
1494720000.0000 22350.0000 -0.7836 2.1283 0.0589 2.2821 159.7885 0.0667 0.0425 0.0434 -0.0021 -0.0011 -0.0038 0.0763 0.0994 0.0841
1494720000.0000 22650.0000 -1.1952 2.1235 0.0036 2.4519 150.6268 0.0962 0.0514 0.0702 -0.0125 -0.0344 0.0174 0.1089 0.1106 0.0910
1494720000.0000 22950.0000 -0.8682 2.7513 -0.0640 2.9044 162.4874 0.1192 0.0734 0.1453 -0.0032 -0.0478 -0.0335 0.1690 0.1163 0.0878
1494720000.0000 23250.0000 -0.7530 3.0674 -0.2733 3.1842 166.2078 0.1587 0.1132 0.1667 0.0078 0.0225 -0.0094 0.2193 0.1206 0.0953
1494720000.0000 23550.0000 -0.8480 2.4597 0.0476 2.6115 160.9778 0.0402 0.0721 0.0587 0.0101 -0.0118 -0.0199 0.0855 0.0917 0.0743
1494720000.0000 23850.0000 -0.6116 2.6672 0.0478 2.7494 167.0852 0.0491 0.0755 0.0228 0.0376 -0.0010 -0.0071 0.0737 0.0810 0.0745
1494720000.0000 24150.0000 -0.2456 2.7368 0.1708 2.7699 174.8724 0.1180 0.1325 0.0723 0.0234 0.0021 -0.0283 0.1614 0.1191 0.1052
1494720000.0000 24450.0000 -0.1818 2.4900 0.1686 2.5107 175.8234 0.0729 0.0627 0.0376 -0.0074 -0.0168 0.0070 0.0866 0.0960 0.0852
1494720000.0000 24750.0000 -0.4202 2.3329 0.0228 2.3983 169.7899 0.1305 0.0685 0.1129 0.0076 -0.0259 0.0033 0.1559 0.1360 0.1087
1494720000.0000 25050.0000 -1.2575 1.8475 0.0362 2.2699 145.7588 0.1235 0.1427 0.1200 0.0267 -0.0462 -0.0142 0.1931 0.1605 0.1333
1494720000.0000 25350.0000 -1.6012 1.9896 -0.0061 2.6026 141.1731 0.1247 0.4748 0.1292 -0.0352 0.0142 -0.0669 0.3643 0.1930 0.1750
1494720000.0000 25650.0000 -0.8431 1.5563 0.3094 1.8658 151.5536 0.1997 0.6163 0.2101 0.1054 -0.0076 -0.1550 0.5131 0.3255 0.2947
1494720000.0000 25950.0000 -0.2508 2.3152 0.3914 2.3801 173.8164 0.2572 0.2474 0.5209 -0.0839 0.0025 -0.2000 0.5128 0.2476 0.1761
1494720000.0000 26250.0000 -0.5960 2.5215 0.0358 2.6149 166.7021 0.1377 0.1052 0.0697 -0.0291 -0.0306 -0.0061 0.1563 0.1246 0.1098
1494720000.0000 26550.0000 -0.4909 2.4363 -0.0121 2.5068 168.6078 0.0987 0.1344 0.1108 0.0210 -0.0204 -0.0241 0.1719 0.1362 0.1122
1494720000.0000 26850.0000 -0.8619 2.4436 0.1325 2.6089 160.5705 0.0998 0.0512 0.0696 0.0003 -0.0077 0.0072 0.1103 0.1045 0.0866
1494720000.0000 27150.0000 -0.3573 2.5266 0.0814 2.5717 171.9508 0.1121 0.0637 0.0758 -0.0301 -0.0487 0.0121 0.1257 0.1134 0.0948
1494720000.0000 27450.0000 -0.7375 2.4137 0.1368 2.5481 163.0098 0.1192 0.1031 0.1439 0.0007 -0.0283 -0.0036 0.1831 0.1382 0.1079
1494720000.0000 27750.0000 -0.6061 2.2898 0.1340 2.3837 165.1732 0.0802 0.0739 0.0331 -0.0182 -0.0113 0.0072 0.0936 0.1053 0.0957
1494720000.0000 28050.0000 -1.1245 1.4991 0.0802 1.9972 143.1261 0.1600 0.4460 0.1359 0.1408 -0.0337 -0.1215 0.3710 0.2651 0.2398
1494720000.0000 28350.0000 -1.4497 1.5753 -0.2356 2.2367 137.3773 0.2409 0.3026 0.0921 0.1486 0.0350 -0.0296 0.3178 0.2137 0.1988
1494720000.0000 28650.0000 -2.0651 1.3230 -0.1583 2.4931 122.6461 0.1332 0.1492 0.0867 0.0532 -0.0129 -0.0333 0.1845 0.1427 0.1251
1494720000.0000 28950.0000 -1.7240 1.9026 -0.3280 2.6051 137.8193 0.1084 0.1585 0.1872 0.0611 -0.0620 -0.0927 0.2270 0.1503 0.1162
1494720000.0000 29250.0000 -1.9161 1.1778 -0.1650 2.3158 121.5781 0.1916 0.2632 0.0793 0.0428 -0.0302 -0.0955 0.2670 0.1871 0.1731
1494720000.0000 29550.0000 -1.8745 1.4602 -0.1998 2.4444 127.9192 0.2974 0.3203 0.1244 -0.0192 0.0522 -0.0770 0.3711 0.2086 0.1910
1494720000.0000 29850.0000 -1.1775 0.6434 -0.2530 1.3852 118.6523 0.0790 0.1071 0.0552 0.0174 -0.0338 -0.0174 0.1206 0.2077 0.1856
1494720000.0000 30150.0000 -1.0011 0.9857 0.0964 1.5129 134.5541 0.2158 0.3720 0.2288 0.0105 -0.0322 0.0737 0.4083 0.3705 0.3151
1494720000.0000 30450.0000 -0.3929 1.7385 0.1777 1.8576 167.2669 0.2429 0.4030 0.2059 -0.0460 0.0674 -0.0568 0.4259 0.2975 0.2603
1494720000.0000 30750.0000 -0.1481 2.0834 0.4267 2.1315 175.9335 0.1513 0.1868 0.4371 0.0658 -0.1321 -0.1430 0.3876 0.2385 0.1607
1494720000.0000 31050.0000 -0.3815 2.1856 0.1803 2.2797 170.0998 0.2993 0.1855 0.2784 -0.0283 -0.0249 0.0219 0.3816 0.2266 0.1812
1494720000.0000 31350.0000 -0.8232 1.9543 -0.0302 2.1718 157.1572 0.2044 0.1754 0.2587 0.0178 -0.0430 -0.0621 0.3193 0.2175 0.1678
1494720000.0000 31650.0000 -1.4689 2.1607 0.1072 2.6541 145.7919 0.1879 0.3178 0.1342 -0.0305 -0.0153 0.0570 0.3200 0.1766 0.1571
1494720000.0000 31950.0000 -1.5735 2.7961 0.1474 3.2549 150.6320 0.2532 0.3865 0.1810 0.0187 0.0022 0.0318 0.4103 0.1628 0.1439
1494720000.0000 32250.0000 -1.5316 3.0754 0.4379 3.5050 153.5263 0.4444 0.5190 0.1776 -0.0240 -0.0049 -0.0331 0.5705 0.1781 0.1649
1494720000.0000 32550.0000 -0.9385 1.0580 0.2659 1.7337 138.4258 0.4478 1.1568 0.4256 0.1747 -0.0343 -0.1682 1.0151 0.5716 0.5171
1494720000.0000 32850.0000 -0.9371 0.7387 0.2626 1.4805 128.2479 0.6662 0.3931 0.3014 0.2675 -0.0037 -0.1784 0.6803 0.5512 0.4980
1494720000.0000 33150.0000 -0.5453 0.3934 0.4154 0.8484 125.8094 0.4295 0.2637 0.2176 -0.1800 0.1708 -0.1507 0.4554 0.6971 0.7149
1494720000.0000 33450.0000 -0.1126 0.8011 0.7343 1.0300 172.0003 0.2297 0.6823 0.2140 0.1394 0.0983 0.2119 0.5631 0.5608 0.6816
1494720000.0000 33750.0000 0.2365 1.5985 0.4025 1.6694 188.4157 0.1405 0.2495 0.0890 -0.1064 0.0051 0.0054 0.2395 0.2400 0.2231
1494720000.0000 34050.0000 1.3217 -0.3994 0.5937 1.5648 286.8127 0.2078 0.5101 0.1433 0.0142 0.0198 0.0076 0.4306 0.3565 0.3543
1494720000.0000 34350.0000 1.0431 0.4487 0.1183 1.1952 246.7225 0.0940 0.1379 0.1139 0.0023 0.0210 -0.0490 0.1729 0.2974 0.2449
1494720000.0000 34650.0000 1.1782 0.3039 0.6895 1.3153 255.5353 0.1409 0.2433 0.1822 -0.0476 0.0153 -0.0883 0.2832 0.3107 0.2941
1494720000.0000 34950.0000 0.5857 1.1249 -0.0027 1.3844 207.5061 0.2536 0.2489 0.2992 -0.0326 0.1957 -0.1005 0.4009 0.4076 0.3227
1494720000.0000 35250.0000 0.6839 1.9287 -0.1612 2.1098 199.5228 0.2850 0.0865 0.1605 -0.0247 -0.0237 -0.0025 0.2659 0.2051 0.1719
1494720000.0000 35550.0000 0.5402 1.6289 -0.0770 1.7638 198.3472 0.1981 0.2448 0.0835 0.1197 -0.0173 0.0316 0.2631 0.2438 0.2239
1494720000.0000 35850.0000 -0.4525 1.1396 0.0821 1.4106 158.3446 0.3766 0.5176 0.4444 0.0375 -0.2244 -0.2002 0.6693 0.5436 0.4453
1494720000.0000 36150.0000 -0.7607 2.2776 0.0610 2.4327 161.5318 0.1350 0.4307 0.3335 -0.0432 -0.0217 -0.1091 0.4496 0.2279 0.1808
1494720000.0000 36450.0000 -0.4435 2.3572 -0.3371 2.5292 169.3436 0.3111 0.6008 0.2561 0.3410 -0.1273 -0.1946 0.5840 0.2576 0.2299
1494720000.0000 36750.0000 -0.7875 1.5841 0.6359 1.8708 153.5654 0.2651 0.3455 0.4604 0.0877 -0.0737 -0.0122 0.5355 0.3178 0.2550
1494720000.0000 37050.0000 -0.9228 0.7777 0.0862 1.4734 130.1214 0.4483 0.7750 0.1647 0.1124 0.0791 -0.0974 0.6940 0.5622 0.5292
1494720000.0000 37350.0000 -1.7221 0.3068 0.3059 1.9481 100.1021 0.7208 0.4828 0.4200 0.2286 -0.0689 -0.1533 0.8118 0.4143 0.3621
1494720000.0000 37650.0000 -1.3753 0.1115 -0.0971 1.5554 94.6364 0.7350 0.4516 0.8960 -0.0116 -0.0428 -0.3872 1.0413 0.6024 0.4558
1494720000.0000 37950.0000 -1.0875 -0.0769 0.2405 1.4129 85.9576 0.6131 0.8066 0.3609 -0.0079 -0.2080 -0.1287 0.8903 0.6901 0.6310
1494720000.0000 38250.0000 -0.4290 0.0339 -0.5664 0.7404 94.5212 0.3984 0.1999 0.3281 -0.0885 0.0938 -0.0119 0.4632 0.7812 1.0378
1494720000.0000 38550.0000 -1.4996 0.0889 -0.2755 1.5396 93.3944 0.1538 0.1148 0.2515 0.0254 -0.0553 -0.0479 0.2600 0.2726 0.1992
1494720000.0000 38850.0000 -0.4611 1.5592 -0.0357 1.9067 163.5242 0.5693 1.1391 0.1964 0.2620 -0.1214 0.1236 0.9524 0.4899 0.4641
1494720000.0000 39150.0000 0.5588 1.0114 0.1005 1.3164 208.9194 0.3313 0.4618 0.4443 -0.1093 -0.0255 0.1864 0.6187 0.5537 0.4450
1494720000.0000 39450.0000 -1.3051 0.2209 0.1290 1.4526 99.6054 0.6642 0.3354 0.6116 -0.2794 0.2592 -0.2434 0.8056 0.5511 0.4361
1494720000.0000 39750.0000 -2.4006 0.3633 0.7450 2.5042 98.6057 0.7955 0.3785 0.4244 -0.1425 -0.2238 -0.1055 0.7992 0.2874 0.2577
1494720000.0000 40050.0000 -2.7627 0.5210 1.2371 2.8940 100.6805 0.4332 0.4743 0.9079 -0.0205 0.1876 -0.2337 0.9077 0.2533 0.1956
1494720000.0000 40350.0000 -1.0954 0.8530 1.3607 1.7154 127.9077 0.9119 0.6913 0.3725 0.1078 -0.0439 -0.0712 0.9879 0.4175 0.5265
1494720000.0000 40650.0000 -1.5073 1.2841 0.9258 2.1961 130.4277 0.6544 0.5913 0.6427 0.2037 -0.2386 0.0080 0.9442 0.3630 0.3254
1494720000.0000 40950.0000 -0.9925 1.5447 0.7804 2.0471 147.2793 0.3921 1.1063 0.6039 0.1394 -0.1155 -0.2485 1.0511 0.4196 0.3849
1494720000.0000 41250.0000 -0.8132 0.8389 0.4383 1.4794 135.8901 0.6173 0.6430 0.7229 0.0813 0.0533 0.1647 0.9916 0.6516 0.5548
1494720000.0000 41550.0000 -1.0483 1.1083 0.5499 1.8373 136.5940 0.9044 0.9879 1.1113 0.0791 0.0299 0.3215 1.5017 0.6170 0.5206
1494720000.0000 41850.0000 -1.3113 1.3351 1.1523 2.2164 135.5166 1.3180 0.8126 0.5272 0.3308 -0.2133 -0.2983 1.3289 0.4283 0.4503
1494720000.0000 42150.0000 -0.7444 1.4255 0.0804 1.7791 152.4262 0.2957 0.8607 0.4092 0.0180 -0.0967 -0.0688 0.7828 0.4487 0.3861
1494720000.0000 42450.0000 -0.2658 1.3801 -0.7986 1.6349 169.1000 0.6571 0.2736 0.6389 -0.0494 -0.4100 -0.0425 0.7848 0.4475 0.3963
1494720000.0000 42750.0000 -2.1605 0.8620 1.5258 2.4931 111.7514 0.5545 0.9518 0.5415 -0.1429 -0.0513 -0.1549 1.0239 0.2970 0.3046
1494720000.0000 43050.0000 -2.7123 1.5193 0.3195 3.2262 119.2555 0.4068 0.6356 0.3910 0.2168 -0.1008 -0.0362 0.7167 0.2212 0.1896
1494720000.0000 43350.0000 -1.3981 1.3613 0.5114 2.1639 134.2354 0.5432 0.8528 1.1170 0.1368 -0.1347 -0.4008 1.2565 0.4537 0.3496
1494720000.0000 43650.0000 -0.7912 1.1547 1.2940 1.6923 145.5813 0.4775 0.7300 0.4201 0.3080 0.0039 -0.0513 0.8138 0.3864 0.4532
1494720000.0000 43950.0000 -0.7289 1.8319 -0.0484 2.1737 158.3022 0.5022 0.8662 0.7148 0.2634 -0.0275 -0.1922 1.0416 0.4225 0.3426
1494720000.0000 44250.0000 -0.7813 1.9463 0.2189 2.2344 158.1280 0.4585 0.6648 0.4926 0.1404 0.0450 0.0526 0.8080 0.3480 0.2918
1494720000.0000 44550.0000 -0.1958 2.7006 -0.6825 2.7948 175.8543 0.4783 0.3633 0.7709 0.0666 -0.0375 0.1201 0.8063 0.2626 0.1956
1494720000.0000 44850.0000 0.1010 2.7739 -0.9195 2.8446 182.0845 0.3978 0.3522 0.6406 0.0268 -0.1672 -0.1197 0.6953 0.2328 0.1801
1494720000.0000 45150.0000 0.6249 2.2792 -0.3413 2.4179 195.3324 0.2844 0.2557 0.6609 0.0347 -0.1961 0.0585 0.6005 0.2650 0.1795
1494720000.0000 45450.0000 -0.4018 3.1443 -0.0248 3.2077 172.7179 0.2378 0.3538 1.2208 -0.0553 -0.0130 0.0887 0.9062 0.2452 0.1401
1494720000.0000 45750.0000 -0.9488 3.0241 -0.8357 3.3361 162.5811 0.9224 0.8056 0.9251 0.5628 0.2572 0.0456 1.3266 0.2869 0.2395
1494720000.0000 46050.0000 1.2417 3.0664 0.8511 3.3923 202.0441 0.5780 0.6331 0.8867 0.0216 -0.1644 0.2536 1.0489 0.2448 0.1921
1494720000.0000 46350.0000 0.9001 3.8699 0.0093 3.9984 193.0942 0.2026 0.2003 0.6249 0.0152 -0.0428 0.0702 0.5139 0.1473 0.0922
1494720000.0000 46650.0000 -0.1000 4.0025 0.0331 4.0404 178.5685 0.2803 0.2904 0.3061 -0.0592 -0.0974 0.0406 0.4384 0.1350 0.1089
1494720000.0000 46950.0000 0.4338 3.3950 0.1939 3.4601 187.2807 0.2377 0.2967 0.3141 -0.0960 -0.1052 0.1367 0.4242 0.1551 0.1233
1494720000.0000 47250.0000 1.0965 2.8778 -0.3968 3.1327 200.8571 0.3815 0.1975 0.3090 0.0404 0.0600 0.0369 0.4440 0.1752 0.1427
1494720000.0000 47550.0000 0.3602 1.3214 0.1115 1.5444 195.2475 0.3743 0.5587 1.0118 -0.1119 0.1056 -0.4632 0.9724 0.5859 0.4072
1494720000.0000 47850.0000 -0.3332 1.9368 0.6393 2.0901 170.2380 0.3105 1.0852 0.2855 -0.0666 0.1026 -0.0721 0.8406 0.3622 0.3471
1494720000.0000 48150.0000 -0.5234 2.5900 -0.2782 2.6858 168.5747 0.2304 0.3397 0.3798 -0.0394 0.0651 -0.1559 0.4749 0.2118 0.1650
1494720000.0000 48450.0000 -0.3383 2.6551 -0.5196 2.7077 172.7377 0.1665 0.2552 0.1523 0.0068 0.0093 0.0198 0.2870 0.1604 0.1401
1494720000.0000 48750.0000 -1.1526 3.2410 -0.3096 3.4926 160.4227 0.3876 0.8431 1.3567 -0.1163 -0.1476 0.1765 1.2936 0.2689 0.1862
1494720000.0000 49050.0000 -0.5746 2.4585 -0.5801 2.6275 166.8447 0.5751 0.7719 0.4953 -0.3302 -0.0346 0.1125 0.9212 0.3025 0.2654
1494720000.0000 49350.0000 0.3439 2.3676 0.5821 2.4797 188.2647 0.3925 0.5076 1.1037 0.0645 0.0439 -0.3152 1.0019 0.3319 0.2289
1494720000.0000 49650.0000 0.4629 2.9750 1.1742 3.0957 188.8450 0.4491 0.7116 0.3612 -0.0784 0.0439 0.0296 0.7609 0.2204 0.2066
1494720000.0000 49950.0000 0.7729 3.9717 0.0885 4.0907 191.0121 0.3368 0.3681 0.2579 -0.0660 0.0311 -0.0180 0.4814 0.1400 0.1198
1494720000.0000 50250.0000 0.5991 3.4168 0.3649 3.5198 189.9457 0.4063 0.4075 0.5784 0.1433 -0.1055 -0.1371 0.6961 0.1953 0.1501
1494720000.0000 50550.0000 1.0116 2.7927 0.2398 3.0509 199.9127 0.4068 0.2940 0.4839 -0.1554 -0.1914 -0.0128 0.5923 0.2109 0.1627
1494720000.0000 50850.0000 0.8461 3.1785 -0.3574 3.3389 194.9053 0.3265 0.1180 0.3620 -0.0311 0.1772 0.0179 0.4033 0.1567 0.1170
1494720000.0000 51150.0000 0.6960 2.0439 0.4711 2.2160 198.8066 0.2917 0.3249 0.5130 0.1157 -0.2394 -0.1721 0.5648 0.2777 0.2100
1494720000.0000 51450.0000 -0.5297 2.0621 0.1571 2.1756 165.5951 0.2088 0.2912 0.7013 -0.0373 -0.0011 0.2479 0.6007 0.2964 0.1918
1494720000.0000 51750.0000 -0.8138 1.4264 -0.5192 1.7644 150.2941 0.5046 0.3311 0.4459 -0.2667 -0.1542 0.1427 0.6408 0.3795 0.3214
1494720000.0000 52050.0000 0.2947 2.0644 -0.1186 2.1631 188.1230 0.2287 0.7304 0.3507 -0.1443 -0.0322 0.1226 0.6549 0.3163 0.2711
1494720000.0000 52350.0000 -0.3243 3.2052 0.2554 3.2534 174.2223 0.1932 0.7807 0.4963 0.0405 -0.0879 -0.2074 0.7351 0.2166 0.1769
1494720000.0000 52650.0000 0.2902 3.5435 -0.0684 3.5873 184.6821 0.2281 0.2538 0.2125 0.0154 -0.1095 -0.0358 0.3472 0.1353 0.1127
1494720000.0000 52950.0000 0.1134 2.8202 -0.2298 2.8373 182.3036 0.0834 0.2001 0.1336 0.0174 0.0167 0.0229 0.2086 0.1317 0.1089
1494720000.0000 53250.0000 0.5182 2.6472 0.0597 2.7249 191.0765 0.1651 0.1544 0.2545 0.0248 -0.0409 -0.0718 0.2871 0.1621 0.1210
1494720000.0000 53550.0000 0.4201 3.8277 0.0764 3.9859 186.2637 1.2038 0.3761 0.3757 0.2783 0.1339 0.0584 0.9778 0.2096 0.1885
1494720000.0000 53850.0000 2.5439 3.1789 0.0434 4.1659 218.6680 0.4205 0.5293 0.2275 -0.3061 -0.0602 -0.0852 0.5887 0.1539 0.1382
1494720000.0000 54150.0000 2.3799 2.0126 0.3821 3.1904 229.7803 0.2879 0.5461 0.3312 -0.0289 0.0538 0.0226 0.5826 0.1985 0.1692
1494720000.0000 54450.0000 1.6958 1.7993 -0.0806 2.5638 223.3026 0.7275 0.5117 0.4804 0.2809 0.0355 -0.0653 0.8598 0.3061 0.2599
1494720000.0000 54750.0000 2.1022 1.3789 0.3126 2.6052 236.7383 0.7056 0.4244 0.6141 0.0956 0.1352 -0.2321 0.8720 0.3010 0.2441
1494720000.0000 55050.0000 2.8667 1.6437 0.3354 3.3727 240.1713 0.3714 0.2695 0.1952 -0.1255 -0.0728 0.0079 0.4181 0.1589 0.1399
1494720000.0000 55350.0000 2.1470 1.2195 0.9783 2.5330 240.4035 0.2730 0.2450 0.2495 -0.0651 0.0024 0.0099 0.3838 0.1904 0.1683
1494720000.0000 55650.0000 2.4304 1.3236 0.5005 2.8419 241.4276 0.5959 0.4510 0.9591 0.0842 -0.1853 -0.2350 1.0030 0.2908 0.2135
1494720000.0000 55950.0000 3.0065 1.4075 0.6990 3.3786 244.9131 0.3066 0.3661 0.5548 -0.0286 -0.0982 -0.1585 0.6138 0.1886 0.1427
1494720000.0000 56250.0000 2.9816 1.2956 -0.1589 3.2892 246.5140 0.2109 0.3041 0.2130 0.0560 -0.0095 -0.0829 0.3640 0.1514 0.1275
1494720000.0000 56550.0000 2.8751 1.0790 0.2437 3.2227 249.4292 0.9567 0.7930 0.7577 -0.1907 -0.0189 -0.2733 1.2537 0.2968 0.2487
1494720000.0000 56850.0000 2.3067 1.2274 -0.3765 2.7884 241.9823 1.7010 0.9037 0.5225 0.4122 -0.0861 0.0758 1.5636 0.3867 0.3566
1494720000.0000 57150.0000 2.9561 0.1940 1.0193 3.1001 266.2455 2.1009 0.6367 0.7962 0.1659 0.0570 -0.1771 1.7669 0.3464 0.3225
1494720000.0000 57450.0000 3.2161 2.0232 0.2397 3.9217 237.8268 0.4881 0.9455 0.3413 -0.1199 0.1213 0.0915 0.8874 0.2020 0.1819
1494720000.0000 57750.0000 2.5787 2.5181 0.3157 3.7445 225.6810 0.4257 0.9336 0.6249 -0.3208 -0.1958 0.2737 0.9921 0.2248 0.1868
1494720000.0000 58050.0000 2.2502 1.1102 0.4005 2.7882 243.7399 0.4589 1.4570 0.5957 -0.3105 0.1024 -0.6759 1.2558 0.3601 0.3185
1494720000.0000 58350.0000 2.7646 0.6187 -0.1996 3.1147 257.3859 0.4426 1.4513 0.7216 -0.5057 0.2695 -0.8078 1.3078 0.3288 0.2805
1494720000.0000 58650.0000 2.6233 -0.5911 0.3413 3.0032 282.6985 1.1933 1.5259 0.7985 -0.5865 0.3339 -0.3013 1.7588 0.3995 0.3540
1494720000.0000 58950.0000 3.0949 0.1777 0.6391 3.2325 266.7144 0.5178 0.7618 0.4629 0.0043 0.1483 -0.0267 0.8712 0.2408 0.2107
1494720000.0000 59250.0000 2.6092 -0.0075 -0.1849 2.6983 270.1645 0.8713 0.4389 0.8614 -0.2005 0.4195 -0.2925 1.0858 0.3253 0.2533
1494720000.0000 59550.0000 3.2051 -0.0785 -0.0764 3.2636 271.4022 0.8797 0.3834 0.7211 -0.2151 0.2999 -0.3412 0.9921 0.2536 0.2024
1494720000.0000 59850.0000 3.6942 -0.1259 0.1982 3.7328 271.9519 0.3978 0.2584 0.5169 0.0321 -0.0739 -0.0478 0.5865 0.1689 0.1265
1494720000.0000 60150.0000 4.4970 0.1718 0.2389 4.5338 267.8128 0.2885 0.3033 0.8318 -0.0292 0.1293 -0.2417 0.7118 0.1529 0.0987
1494720000.0000 60450.0000 3.0979 -0.3866 0.8945 3.1727 277.1134 0.4738 0.2993 0.5550 0.0400 -0.0504 0.0161 0.6641 0.2049 0.1626
1494720000.0000 60750.0000 3.7651 -0.2488 0.3696 3.8538 273.7806 0.5485 0.6654 0.5710 0.0775 -0.0063 -0.2025 0.8925 0.2035 0.1686
1494720000.0000 61050.0000 4.4026 -0.5170 0.5967 4.4567 276.6970 0.2489 0.2193 0.3542 -0.0120 -0.1180 -0.0332 0.4112 0.1171 0.0891
1494720000.0000 61350.0000 3.7204 0.0027 0.3451 3.7337 269.9583 0.2013 0.1009 0.1426 -0.0288 0.0550 -0.0568 0.2224 0.1030 0.0853
1494720000.0000 61650.0000 2.6727 -0.0589 0.2643 2.6935 271.2632 0.0942 0.1076 0.0908 -0.0218 -0.0113 -0.0436 0.1463 0.1163 0.0970
1494720000.0000 61950.0000 1.9840 -0.3724 0.8027 2.2631 280.6306 0.2654 1.1040 0.9634 -0.1060 0.2052 -0.5924 1.1664 0.4059 0.3347
1494720000.0000 62250.0000 3.1039 1.0417 0.1565 3.4289 251.4468 0.3989 1.0149 0.6212 0.0124 -0.1320 -0.3213 1.0175 0.2513 0.2097
1494720000.0000 62550.0000 3.0075 0.3129 0.8774 3.1442 264.0605 0.2624 0.7116 0.3932 -0.1971 0.0347 -0.0512 0.6836 0.2144 0.1884
1494720000.0000 62850.0000 2.7349 1.3342 0.4859 3.0912 243.9946 0.1450 0.2963 0.3128 -0.0211 -0.0469 -0.1188 0.3771 0.1627 0.1260
1494720000.0000 63150.0000 2.6928 1.5921 0.4642 3.2346 239.4072 0.9676 0.4881 0.4091 -0.0001 -0.0943 -0.1410 0.9324 0.2493 0.2227
1494720000.0000 63450.0000 2.7271 0.5899 0.4028 2.8834 257.7946 0.8913 0.5262 1.1314 0.2273 -0.5880 -0.3865 1.2744 0.3270 0.2464
1494720000.0000 63750.0000 3.0213 1.1906 -0.0795 3.3603 248.4921 0.2870 0.7100 0.7403 -0.1148 -0.0173 -0.5551 0.8686 0.2343 0.1775
1494720000.0000 64050.0000 2.0310 0.9655 0.5952 2.3498 244.5752 0.2395 0.3839 0.5119 -0.1443 -0.1278 -0.0638 0.5677 0.2645 0.2027
1494720000.0000 64350.0000 1.7591 1.2809 1.3223 2.2888 233.9400 0.3798 0.4846 0.4258 -0.0959 -0.1272 0.1244 0.6451 0.2575 0.2467
1494720000.0000 64650.0000 2.9553 1.2379 0.2371 3.2481 247.2722 0.3990 0.3364 0.2252 0.0761 0.1157 -0.1249 0.4803 0.1761 0.1545
1494720000.0000 64950.0000 2.5715 1.6455 0.1392 3.0820 237.3845 0.4371 0.2265 0.4516 0.1394 -0.2320 -0.1024 0.5576 0.1995 0.1540
1494720000.0000 65250.0000 2.3725 1.9585 0.3490 3.1241 230.4612 0.1522 0.3172 0.1566 -0.0333 -0.0616 0.0249 0.3130 0.1475 0.1286
1494720000.0000 65550.0000 1.4552 2.0485 0.7567 2.5659 215.3877 0.3310 0.3794 0.7985 0.0954 -0.2879 -0.0618 0.7545 0.2703 0.1937
1494720000.0000 65850.0000 1.8644 1.5284 0.3116 2.4645 230.6552 0.1529 0.2505 0.4753 -0.0102 0.0653 -0.1002 0.4393 0.2226 0.1521
1494720000.0000 66150.0000 2.3074 1.3105 -0.0138 2.6752 240.4061 0.0773 0.1222 0.0731 -0.0005 -0.0279 -0.0251 0.1363 0.1136 0.0972
1494720000.0000 66450.0000 2.5672 0.6087 0.4915 2.6725 256.6605 0.1302 0.1847 0.1924 0.0128 -0.0380 -0.0592 0.2537 0.1532 0.1228
1494720000.0000 66750.0000 2.3552 0.8171 0.1173 2.5687 250.8676 0.1489 0.3595 0.2622 -0.0821 0.0575 -0.1609 0.3853 0.2031 0.1651
1494720000.0000 67050.0000 1.6793 0.9058 0.0443 1.9401 241.6588 0.0929 0.1553 0.1360 0.0228 -0.0325 -0.0964 0.1921 0.1875 0.1508
1494720000.0000 67350.0000 2.6130 0.2465 0.3310 2.6445 264.6113 0.1883 0.1074 0.1079 0.0113 0.0386 -0.0297 0.2018 0.1387 0.1196
1494720000.0000 67650.0000 3.1873 0.3464 0.5404 3.2644 263.7977 0.3096 0.3207 0.3774 -0.1537 0.0537 -0.1429 0.5038 0.1783 0.1430
1494720000.0000 67950.0000 3.3793 0.0780 0.4927 3.4046 268.6780 0.1392 0.1636 0.1845 0.0350 -0.0267 -0.0526 0.2437 0.1180 0.0940
1494720000.0000 68250.0000 3.3049 -0.0279 0.2659 3.3170 270.4840 0.1231 0.0823 0.0732 -0.0161 0.0225 -0.0473 0.1393 0.0919 0.0792
1494720000.0000 68550.0000 2.9562 0.0370 0.3955 2.9692 269.2823 0.0871 0.0702 0.0956 -0.0068 0.0441 0.0027 0.1264 0.0973 0.0774
1494720000.0000 68850.0000 2.2750 0.3555 0.2147 2.3193 261.1197 0.1234 0.0894 0.0532 0.0519 -0.0163 -0.0235 0.1330 0.1288 0.1157
1494720000.0000 69150.0000 1.7414 0.4013 0.3938 1.8007 257.0230 0.0228 0.0569 0.0459 0.0153 0.0005 -0.0161 0.0628 0.1118 0.0912
1494720000.0000 69450.0000 1.7306 0.1135 0.2749 1.7631 266.2470 0.1062 0.0951 0.0596 0.0025 -0.0126 -0.0250 0.1304 0.1679 0.1493
1494720000.0000 69750.0000 2.3891 -0.0256 0.2184 2.3959 270.6138 0.0992 0.0286 0.0229 -0.0129 0.0053 0.0026 0.0753 0.0934 0.0864
1494720000.0000 70050.0000 2.5888 -0.1635 0.1717 2.5999 273.6131 0.0175 0.0323 0.0152 -0.0059 -0.0023 -0.0042 0.0325 0.0566 0.0497
1494720000.0000 70350.0000 2.7584 -0.2170 0.2355 2.7724 274.4988 0.0094 0.0302 0.0051 0.0011 0.0000 -0.0001 0.0223 0.0439 0.0415
1494720000.0000 70650.0000 2.7015 -1.0669 0.2189 2.9309 291.5515 0.0448 0.1643 0.0167 0.0044 -0.0043 0.0201 0.1129 0.0942 0.0909
1494720000.0000 70950.0000 2.9171 -1.5055 0.0484 3.2882 297.2975 0.0701 0.0239 0.0470 0.0007 0.0027 0.0102 0.0705 0.0660 0.0539
1494720000.0000 71250.0000 3.0906 -1.3305 -0.0869 3.3690 293.2912 0.0603 0.0265 0.0357 -0.0068 0.0039 0.0052 0.0613 0.0601 0.0506
1494720000.0000 71550.0000 3.3840 -1.3683 -0.0866 3.6532 292.0159 0.0429 0.0218 0.0351 -0.0059 0.0041 0.0043 0.0499 0.0500 0.0402
1494720000.0000 71850.0000 3.3531 -1.5495 -0.1165 3.7002 294.8017 0.0858 0.0447 0.0518 -0.0107 -0.0074 0.0122 0.0911 0.0667 0.0565
1494720000.0000 72150.0000 3.4460 -1.7584 -0.0781 3.8719 297.0333 0.0437 0.0281 0.0232 -0.0094 -0.0008 -0.0023 0.0475 0.0460 0.0400
1494720000.0000 72450.0000 3.3434 -1.6662 -0.1307 3.7398 296.4898 0.0259 0.0303 0.0219 0.0019 -0.0059 0.0036 0.0390 0.0432 0.0366
1494720000.0000 72750.0000 3.3230 -1.4467 -0.1814 3.6250 293.5269 0.0096 0.0070 0.0066 -0.0031 0.0034 -0.0011 0.0116 0.0242 0.0205
1494720000.0000 73050.0000 3.4522 -1.3480 -0.0938 3.7067 291.3291 0.0106 0.0086 0.0042 -0.0061 -0.0015 0.0012 0.0117 0.0238 0.0216
1494720000.0000 73350.0000 3.1229 -1.3550 -0.1225 3.4057 293.4561 0.0426 0.0036 0.0053 0.0005 -0.0018 0.0006 0.0258 0.0385 0.0365
1494720000.0000 73650.0000 2.6481 -1.3469 -0.1072 2.9722 296.9594 0.0131 0.0047 0.0086 0.0003 0.0013 0.0001 0.0132 0.0315 0.0259
1494720000.0000 73950.0000 2.6191 -1.3380 -0.1374 2.9420 297.0607 0.0066 0.0043 0.0102 0.0008 -0.0003 0.0009 0.0106 0.0285 0.0205
1494720000.0000 74250.0000 2.5578 -1.2512 -0.1029 2.8479 296.0661 0.0055 0.0047 0.0032 -0.0024 0.0000 0.0007 0.0067 0.0235 0.0205
1494720000.0000 74550.0000 2.4925 -1.1744 -0.1279 2.7557 295.2283 0.0033 0.0020 0.0028 -0.0001 0.0001 -0.0006 0.0040 0.0188 0.0152
1494720000.0000 74850.0000 2.5638 -1.1894 -0.1049 2.8266 294.8869 0.0037 0.0018 0.0026 -0.0003 -0.0007 -0.0002 0.0041 0.0184 0.0151
1494720000.0000 75150.0000 2.5465 -1.1848 -0.0875 2.8095 294.9508 0.0097 0.0103 0.0026 -0.0069 0.0006 -0.0009 0.0113 0.0309 0.0291
1494720000.0000 75450.0000 2.5055 -1.3222 -0.0356 2.8349 297.8217 0.0421 0.0085 0.0084 -0.0065 -0.0052 0.0012 0.0295 0.0495 0.0459
1494720000.0000 75750.0000 1.7941 -1.1519 0.0926 2.1360 302.7028 0.0306 0.0145 0.0147 -0.0022 -0.0019 -0.0006 0.0299 0.0662 0.0576
1494720000.0000 76050.0000 1.6671 -1.1894 0.0872 2.0520 305.5059 0.0143 0.0191 0.0152 -0.0004 0.0024 -0.0013 0.0243 0.0621 0.0515
1494720000.0000 76350.0000 1.5582 -1.2228 0.0210 1.9841 308.1225 0.0204 0.0274 0.0136 -0.0117 0.0027 -0.0017 0.0307 0.0722 0.0637
1494720000.0000 76650.0000 1.3234 -1.0112 -0.0758 1.6722 307.3839 0.0377 0.0176 0.0156 -0.0027 -0.0034 0.0026 0.0354 0.0922 0.0815
1494720000.0000 76950.0000 1.7119 -0.8437 -0.0095 1.9098 296.2365 0.0052 0.0046 0.0035 0.0004 -0.0001 -0.0005 0.0067 0.0349 0.0299
1494720000.0000 77250.0000 1.4385 -0.8553 0.0761 1.6769 300.7353 0.0269 0.0077 0.0064 -0.0018 -0.0012 -0.0007 0.0205 0.0698 0.0642
1494720000.0000 77550.0000 1.5463 -0.8380 -0.0007 1.7611 298.4568 0.0240 0.0066 0.0103 -0.0033 0.0013 -0.0017 0.0205 0.0664 0.0575
1494720000.0000 77850.0000 1.3921 -0.7554 -0.0275 1.5854 298.4854 0.0108 0.0038 0.0074 -0.0008 0.0006 -0.0014 0.0110 0.0542 0.0441
1494720000.0000 78150.0000 1.2998 -0.6243 -0.0719 1.4432 295.6549 0.0020 0.0051 0.0021 -0.0012 -0.0004 0.0022 0.0046 0.0383 0.0336
1494720000.0000 78450.0000 1.5753 -0.5366 -0.0258 1.6645 288.8098 0.0302 0.0019 0.0009 -0.0059 -0.0018 0.0003 0.0165 0.0631 0.0622
1494720000.0000 78750.0000 1.9148 -0.5039 -0.0187 1.9813 284.7425 0.0033 0.0040 0.0006 0.0026 -0.0002 -0.0007 0.0040 0.0260 0.0249
1494720000.0000 79050.0000 2.0192 -0.4950 -0.0282 2.0805 283.7740 0.0010 0.0070 0.0008 -0.0004 0.0001 -0.0014 0.0044 0.0259 0.0248
1494720000.0000 79350.0000 1.8908 -0.6743 0.0811 2.0084 289.6260 0.0093 0.0042 0.0016 -0.0012 -0.0022 -0.0008 0.0075 0.0352 0.0333
1494720000.0000 79650.0000 1.6331 -0.5144 -0.0286 1.7125 287.4837 0.0023 0.0010 0.0022 -0.0002 0.0015 -0.0008 0.0028 0.0251 0.0194
1494720000.0000 79950.0000 1.5138 -0.5242 -0.0146 1.6027 289.1010 0.0012 0.0029 0.0003 -0.0007 -0.0003 0.0001 0.0022 0.0241 0.0231
1494720000.0000 80250.0000 1.4079 -0.4776 -0.0268 1.4875 288.7366 0.0030 0.0016 0.0005 0.0009 0.0001 -0.0003 0.0026 0.0278 0.0264
1494720000.0000 80550.0000 1.4678 -0.5562 0.0669 1.5723 290.7538 0.0072 0.0052 0.0023 0.0046 0.0022 0.0008 0.0074 0.0446 0.0409
1494720000.0000 80850.0000 1.4241 -0.4371 -0.0107 1.4939 287.0624 0.0080 0.0146 0.0075 -0.0016 0.0038 -0.0071 0.0150 0.0672 0.0582
1494720000.0000 81150.0000 1.0090 -0.4761 -0.0970 1.1204 295.2631 0.0225 0.0030 0.0021 0.0050 -0.0015 -0.0000 0.0138 0.0856 0.0826
1494720000.0000 81450.0000 0.8370 -0.3507 0.0380 0.9120 292.7350 0.0046 0.0090 0.0016 -0.0001 0.0005 0.0025 0.0076 0.0784 0.0742
1494720000.0000 81750.0000 0.5057 -0.4368 0.0141 0.6822 310.8161 0.0166 0.0135 0.0034 0.0058 -0.0005 -0.0015 0.0167 0.1581 0.1498
1494720000.0000 82050.0000 0.4651 -0.7350 0.0289 0.8792 327.6763 0.0139 0.0174 0.0055 -0.0001 -0.0010 -0.0028 0.0184 0.1272 0.1174
1494720000.0000 82350.0000 0.4231 -0.7517 -0.0481 0.8682 330.6267 0.0125 0.0120 0.0053 -0.0043 0.0016 -0.0006 0.0149 0.1154 0.1049
1494720000.0000 82650.0000 0.3242 -0.6409 -0.0859 0.7236 333.1647 0.0052 0.0071 0.0050 0.0024 0.0009 -0.0002 0.0086 0.1050 0.0892
1494720000.0000 82950.0000 0.5093 -0.5194 -0.0115 0.7365 315.5631 0.0084 0.0132 0.0045 0.0037 0.0029 0.0021 0.0131 0.1283 0.1167
1494720000.0000 83250.0000 0.4693 -0.3850 0.0348 0.6168 309.3605 0.0128 0.0082 0.0120 0.0027 0.0025 -0.0016 0.0165 0.1725 0.1377
1494720000.0000 83550.0000 0.3485 -0.3242 0.0062 0.4846 312.9370 0.0062 0.0060 0.0033 0.0027 0.0015 0.0022 0.0077 0.1508 0.1340
1494720000.0000 83850.0000 0.4597 -0.2889 0.0576 0.5473 302.1433 0.0079 0.0028 0.0088 0.0005 -0.0001 -0.0020 0.0097 0.1476 0.1098
1494720000.0000 84150.0000 0.3951 -0.3166 -0.0227 0.5159 308.7000 0.0120 0.0081 0.0055 0.0002 0.0009 -0.0033 0.0128 0.1822 0.1616
1494720000.0000 84450.0000 0.4324 -0.3225 -0.0453 0.5427 306.7223 0.0072 0.0028 0.0033 -0.0008 0.0010 -0.0008 0.0067 0.1234 0.1074
1494720000.0000 84750.0000 0.4164 -0.3998 0.0099 0.5807 313.8387 0.0065 0.0038 0.0036 -0.0011 0.0001 0.0001 0.0070 0.1181 0.1018
1494720000.0000 85050.0000 0.4656 -0.4061 0.0069 0.6209 311.0939 0.0069 0.0032 0.0032 -0.0010 0.0013 -0.0004 0.0067 0.1079 0.0939
1494720000.0000 85350.0000 0.7405 -0.4366 0.0139 0.8641 300.5266 0.0172 0.0050 0.0031 -0.0005 -0.0005 0.0002 0.0127 0.1069 0.1001
1494720000.0000 85650.0000 0.5284 -0.4847 0.0089 0.7268 312.5310 0.0164 0.0083 0.0043 0.0024 0.0005 -0.0009 0.0145 0.1372 0.1266
1494720000.0000 85950.0000 0.5382 -0.4448 -0.0015 0.7043 309.5692 0.0130 0.0042 0.0041 0.0007 -0.0024 -0.0001 0.0107 0.1210 0.1087
1494720000.0000 86250.0000 0.4821 -0.5155 0.0046 0.7142 316.9202 0.0118 0.0224 0.0061 -0.0039 -0.0005 0.0003 0.0202 0.1643 0.1514
1494806400.0000 86550.0000 0.2733 -0.8470 -0.0381 0.9020 342.1156 0.0192 0.0294 0.0157 0.0010 -0.0056 0.0065 0.0322 0.1645 0.1431
1494806400.0000 86850.0000 0.3711 -0.8546 -0.0448 0.9520 336.5283 0.0276 0.0390 0.0154 0.0092 -0.0002 -0.0001 0.0410 0.1773 0.1600
1494806400.0000 87150.0000 0.6171 -0.6235 0.0219 0.8934 315.2971 0.0207 0.0273 0.0111 0.0069 0.0045 0.0059 0.0296 0.1600 0.1442
1494806400.0000 87450.0000 0.5754 -0.5478 0.1141 0.8074 313.5922 0.0269 0.0121 0.0116 0.0027 -0.0025 -0.0000 0.0253 0.1617 0.1434
1494806400.0000 87750.0000 0.4281 -0.6018 -0.0355 0.7455 324.5774 0.0089 0.0171 0.0081 -0.0009 -0.0013 0.0017 0.0170 0.1441 0.1261
1494806400.0000 88050.0000 0.4928 -0.9108 -0.0203 1.0416 331.5858 0.0103 0.0139 0.0057 0.0014 -0.0004 -0.0007 0.0150 0.0965 0.0868
1494806400.0000 88350.0000 0.5280 -1.0291 0.0422 1.1644 332.8417 0.0130 0.0143 0.0045 0.0054 -0.0019 -0.0009 0.0159 0.0889 0.0824
1494806400.0000 88650.0000 0.6492 -0.8748 0.0373 1.0968 323.4176 0.0109 0.0304 0.0063 -0.0016 0.0001 0.0003 0.0237 0.1154 0.1076
1494806400.0000 88950.0000 0.6565 -0.8622 0.0177 1.0905 322.7146 0.0080 0.0378 0.0093 -0.0043 0.0016 -0.0030 0.0276 0.1251 0.1140
1494806400.0000 89250.0000 0.7121 -1.0110 0.0233 1.2406 324.8405 0.0067 0.0245 0.0075 -0.0034 0.0004 -0.0019 0.0193 0.0918 0.0824
1494806400.0000 89550.0000 0.8093 -1.0495 0.0607 1.3322 322.3618 0.0110 0.0403 0.0127 -0.0043 0.0003 0.0010 0.0320 0.1101 0.0987
1494806400.0000 89850.0000 0.7547 -0.7453 0.1557 1.0725 314.6385 0.0173 0.0515 0.0147 -0.0062 0.0002 -0.0010 0.0417 0.1556 0.1428
1494806400.0000 90150.0000 0.7611 -0.9733 0.0676 1.2461 321.9749 0.0103 0.0565 0.0097 -0.0030 0.0003 -0.0018 0.0382 0.1290 0.1208
1494806400.0000 90450.0000 0.9199 -1.3856 0.0604 1.6676 326.4205 0.0163 0.0288 0.0101 -0.0064 -0.0026 0.0005 0.0276 0.0815 0.0737
1494806400.0000 90750.0000 1.0772 -1.7222 0.0395 2.0373 327.9737 0.0179 0.0352 0.0078 0.0001 -0.0023 0.0002 0.0305 0.0701 0.0655
1494806400.0000 91050.0000 1.1778 -1.8573 0.0262 2.2035 327.6192 0.0163 0.0224 0.0091 -0.0001 0.0003 0.0005 0.0239 0.0574 0.0517
1494806400.0000 91350.0000 1.3162 -1.8059 0.0782 2.2415 323.9154 0.0173 0.0434 0.0161 0.0032 0.0015 0.0038 0.0384 0.0715 0.0636
1494806400.0000 91650.0000 1.0308 -1.8548 0.0005 2.1368 330.9377 0.0787 0.0217 0.0098 -0.0050 0.0003 0.0030 0.0551 0.0903 0.0862
1494806400.0000 91950.0000 0.7372 -1.7443 0.0397 1.9017 337.0896 0.0336 0.0049 0.0076 0.0018 0.0108 0.0022 0.0230 0.0654 0.0598
1494806400.0000 92250.0000 0.3506 -1.8247 -0.1793 1.8669 349.1231 0.0343 0.0043 0.0058 -0.0018 0.0051 0.0003 0.0222 0.0651 0.0610
1494806400.0000 92550.0000 0.0815 -1.7330 -0.2753 1.7437 357.3087 0.0325 0.0165 0.0064 -0.0146 -0.0024 0.0004 0.0278 0.0774 0.0737
1494806400.0000 92850.0000 -0.5706 -1.4159 -0.3196 1.5343 21.9491 0.0220 0.0081 0.0024 -0.0059 -0.0036 0.0016 0.0163 0.0668 0.0656
1494806400.0000 93150.0000 -0.9323 -1.4173 -0.2992 1.7015 33.3366 0.0181 0.0029 0.0015 -0.0039 0.0028 -0.0007 0.0112 0.0502 0.0492
1494806400.0000 93450.0000 -1.2013 -1.4573 -0.3667 1.8893 39.5000 0.0036 0.0015 0.0009 0.0003 0.0002 0.0002 0.0030 0.0232 0.0219
1494806400.0000 93750.0000 -1.4469 -1.3610 -0.3600 1.9883 46.7521 0.0086 0.0025 0.0007 -0.0019 0.0004 0.0004 0.0059 0.0310 0.0306
1494806400.0000 94050.0000 -1.7255 -1.3214 -0.3674 2.1748 52.5558 0.0067 0.0022 0.0005 -0.0027 -0.0003 0.0001 0.0047 0.0254 0.0250
1494806400.0000 94350.0000 -1.9384 -1.3204 -0.3863 2.3462 55.7377 0.0099 0.0010 0.0008 -0.0001 0.0014 -0.0003 0.0059 0.0263 0.0258
1494806400.0000 94650.0000 -2.2025 -1.4007 -0.4104 2.6108 57.5462 0.0072 0.0030 0.0008 0.0007 0.0008 -0.0001 0.0055 0.0230 0.0224
1494806400.0000 94950.0000 -2.6579 -1.2655 -0.5134 2.9460 64.5391 0.0184 0.0081 0.0045 -0.0033 0.0049 0.0005 0.0155 0.0340 0.0319
1494806400.0000 95250.0000 -2.6695 -1.3340 -0.5230 2.9919 63.4484 0.0087 0.0403 0.0014 -0.0148 -0.0007 -0.0001 0.0252 0.0428 0.0428
1494806400.0000 95550.0000 -2.3405 -1.5798 -0.5399 2.8253 55.9806 0.0103 0.0193 0.0011 0.0081 -0.0004 -0.0003 0.0153 0.0351 0.0351
1494806400.0000 95850.0000 -2.1043 -1.1300 -0.4690 2.3926 61.7645 0.0047 0.0270 0.0037 0.0034 0.0012 0.0047 0.0177 0.0447 0.0431
1494806400.0000 96150.0000 -2.1473 -1.2848 -0.3995 2.5054 59.1054 0.0053 0.0253 0.0015 0.0055 0.0007 0.0003 0.0161 0.0408 0.0404
1494806400.0000 96450.0000 -2.3244 -1.4590 -0.4454 2.7457 57.8836 0.0058 0.0098 0.0036 0.0009 0.0001 -0.0023 0.0096 0.0288 0.0263
1494806400.0000 96750.0000 -2.2719 -1.8291 -0.4228 2.9219 51.1630 0.0087 0.0296 0.0043 -0.0090 0.0028 -0.0061 0.0213 0.0405 0.0387
1494806400.0000 97050.0000 -2.0973 -1.9869 -0.2998 2.8915 46.5491 0.0092 0.0140 0.0060 -0.0028 -0.0007 -0.0007 0.0146 0.0340 0.0305
1494806400.0000 97350.0000 -2.3245 -2.0518 -0.2297 3.1031 48.5654 0.0080 0.0189 0.0047 -0.0023 0.0010 -0.0033 0.0158 0.0330 0.0305
1494806400.0000 97650.0000 -2.5737 -2.2977 -0.2780 3.4529 48.2435 0.0175 0.0094 0.0027 -0.0066 0.0036 -0.0020 0.0148 0.0287 0.0275
1494806400.0000 97950.0000 -2.9002 -2.2062 -0.3746 3.6449 52.7395 0.0055 0.0084 0.0018 0.0002 -0.0007 -0.0020 0.0078 0.0197 0.0187
1494806400.0000 98250.0000 -2.8144 -2.4686 -0.2941 3.7453 48.7452 0.0102 0.0058 0.0022 -0.0042 -0.0006 -0.0010 0.0091 0.0207 0.0195
1494806400.0000 98550.0000 -2.6779 -2.5559 -0.2830 3.7028 46.3350 0.0013 0.0103 0.0019 -0.0015 -0.0010 0.0026 0.0067 0.0180 0.0168
1494806400.0000 98850.0000 -2.7784 -2.5216 -0.3000 3.7582 47.7735 0.0447 0.0124 0.0011 -0.0204 0.0040 -0.0014 0.0291 0.0370 0.0368
1494806400.0000 99150.0000 -3.2383 -2.2899 -0.3582 3.9674 54.7356 0.0039 0.0080 0.0018 -0.0035 0.0001 -0.0014 0.0069 0.0170 0.0159
1494806400.0000 99450.0000 -3.0305 -2.2339 -0.3671 3.7663 53.6039 0.0022 0.0119 0.0006 -0.0020 0.0001 -0.0005 0.0073 0.0185 0.0182
1494806400.0000 99750.0000 -3.2119 -1.8182 -0.3973 3.6939 60.4866 0.0103 0.0145 0.0022 -0.0105 0.0001 -0.0015 0.0135 0.0256 0.0246
1494806400.0000 100050.0000 -3.4125 -1.7819 -0.4065 3.8510 62.4271 0.0081 0.0103 0.0027 -0.0002 0.0005 0.0016 0.0105 0.0216 0.0203
1494806400.0000 100350.0000 -3.6775 -2.0816 -0.4922 4.2266 60.4884 0.0124 0.0104 0.0022 0.0044 0.0013 0.0001 0.0125 0.0214 0.0206
1494806400.0000 100650.0000 -3.7377 -2.5874 -0.4512 4.5498 55.3069 0.0022 0.0436 0.0014 -0.0056 -0.0004 -0.0027 0.0236 0.0275 0.0272
1494806400.0000 100950.0000 -3.5463 -3.1786 -0.4579 4.7637 48.1297 0.0031 0.0114 0.0006 -0.0049 -0.0002 -0.0001 0.0075 0.0148 0.0146
1494806400.0000 101250.0000 -3.3097 -3.5559 -0.4509 4.8589 42.9465 0.0032 0.0098 0.0020 -0.0044 0.0007 -0.0019 0.0075 0.0145 0.0135
1494806400.0000 101550.0000 -3.1412 -4.0194 -0.3041 5.1027 38.0080 0.0035 0.0203 0.0030 -0.0053 -0.0002 -0.0027 0.0134 0.0185 0.0175
1494806400.0000 101850.0000 -3.2919 -3.7314 -0.2724 4.9826 41.4197 0.0209 0.0527 0.0039 -0.0308 0.0028 -0.0060 0.0388 0.0323 0.0315
1494806400.0000 102150.0000 -3.8796 -2.7729 -0.3446 4.7741 54.4447 0.0093 0.0473 0.0015 -0.0181 0.0013 -0.0032 0.0291 0.0291 0.0288
1494806400.0000 102450.0000 -4.1356 -2.5168 -0.3193 4.8419 58.6772 0.0134 0.0033 0.0024 -0.0006 -0.0037 -0.0011 0.0096 0.0165 0.0154
1494806400.0000 102750.0000 -4.0882 -2.6487 -0.2624 4.8727 57.0611 0.0093 0.0169 0.0015 0.0013 -0.0001 -0.0024 0.0138 0.0197 0.0192
1494806400.0000 103050.0000 -4.1197 -2.8075 -0.2102 4.9862 55.7264 0.0055 0.0076 0.0012 -0.0020 -0.0004 -0.0014 0.0072 0.0139 0.0133
1494806400.0000 103350.0000 -4.0510 -3.0326 -0.1688 5.0621 53.1808 0.0195 0.0083 0.0012 -0.0052 -0.0023 -0.0003 0.0145 0.0194 0.0190
1494806400.0000 103650.0000 -3.5348 -3.2296 -0.1781 4.7897 47.5836 0.0235 0.0068 0.0014 -0.0017 0.0002 0.0015 0.0158 0.0214 0.0210
1494806400.0000 103950.0000 -3.4736 -3.3618 -0.1009 4.8344 45.9366 0.0043 0.0174 0.0007 0.0079 0.0005 0.0013 0.0112 0.0179 0.0176
1494806400.0000 104250.0000 -3.5620 -3.4322 -0.1535 4.9466 46.0632 0.0036 0.0047 0.0020 0.0033 0.0012 0.0014 0.0052 0.0119 0.0106
1494806400.0000 104550.0000 -3.6856 -3.2858 -0.2021 4.9387 48.2820 0.0042 0.0083 0.0008 -0.0042 0.0000 0.0007 0.0067 0.0135 0.0131
1494806400.0000 104850.0000 -3.6177 -2.8133 -0.0828 4.5871 52.1293 0.0082 0.0510 0.0024 -0.0038 0.0021 -0.0032 0.0308 0.0313 0.0307
1494806400.0000 105150.0000 -3.9924 -2.2377 -0.0925 4.5869 60.7292 0.0543 0.0507 0.0068 -0.0491 0.0105 -0.0125 0.0559 0.0422 0.0409
1494806400.0000 105450.0000 -4.4433 -2.2924 -0.3857 5.0047 62.7095 0.0391 0.0675 0.0253 0.0148 -0.0006 -0.0057 0.0660 0.0418 0.0377
1494806400.0000 105750.0000 -4.4422 -2.8981 -0.2946 5.3138 56.8795 0.0361 0.0931 0.0402 -0.0304 0.0138 -0.0397 0.0847 0.0447 0.0391
1494806400.0000 106050.0000 -4.1769 -2.7839 -0.2777 5.0241 56.3161 0.0357 0.0572 0.0291 0.0052 0.0019 -0.0182 0.0611 0.0401 0.0351
1494806400.0000 106350.0000 -4.0454 -2.6020 -0.1065 4.8159 57.2512 0.0388 0.0387 0.0272 -0.0196 0.0105 -0.0207 0.0523 0.0388 0.0334
1494806400.0000 106650.0000 -3.9370 -2.3255 -0.0961 4.5811 59.4302 0.0242 0.0831 0.0242 -0.0115 0.0022 -0.0176 0.0658 0.0458 0.0414
1494806400.0000 106950.0000 -3.7674 -1.9025 -0.0764 4.2257 63.2072 0.0339 0.0419 0.0165 -0.0046 -0.0017 -0.0132 0.0461 0.0415 0.0377
1494806400.0000 107250.0000 -4.1927 -1.4307 -0.1625 4.4334 71.1583 0.0619 0.0179 0.0072 -0.0096 -0.0019 -0.0004 0.0435 0.0384 0.0368
1494806400.0000 107550.0000 -4.6090 -1.4585 -0.1851 4.8360 72.4398 0.0152 0.0195 0.0055 0.0036 -0.0009 -0.0020 0.0201 0.0239 0.0222
1494806400.0000 107850.0000 -4.6085 -1.2969 -0.1792 4.7898 74.2826 0.0158 0.0195 0.0056 -0.0053 0.0027 -0.0015 0.0205 0.0244 0.0227
1494806400.0000 108150.0000 -4.9296 -1.1039 -0.2902 5.0529 77.3777 0.0152 0.0115 0.0077 -0.0012 0.0013 -0.0016 0.0172 0.0212 0.0187
1494806400.0000 108450.0000 -5.0543 -1.0148 -0.3661 5.1562 78.6476 0.0154 0.0119 0.0077 0.0025 0.0009 -0.0016 0.0175 0.0209 0.0185
1494806400.0000 108750.0000 -5.3645 -0.9734 -0.4310 5.4541 79.7153 0.0459 0.0172 0.0122 -0.0127 0.0066 -0.0049 0.0376 0.0289 0.0266
1494806400.0000 109050.0000 -6.0493 -0.8077 -0.5546 6.1063 82.3949 0.0228 0.0371 0.0099 -0.0160 0.0017 -0.0040 0.0349 0.0249 0.0231
1494806400.0000 109350.0000 -5.9797 -1.2015 -0.4877 6.1007 78.6391 0.0167 0.0163 0.0099 -0.0035 0.0020 -0.0042 0.0214 0.0195 0.0172
1494806400.0000 109650.0000 -5.7566 -1.6538 -0.3869 5.9913 73.9716 0.0144 0.0230 0.0107 0.0001 0.0003 -0.0018 0.0241 0.0211 0.0187
1494806400.0000 109950.0000 -5.6376 -1.6615 -0.3509 5.8793 73.5786 0.0297 0.0183 0.0113 -0.0065 0.0006 -0.0013 0.0296 0.0239 0.0215
1494806400.0000 110250.0000 -5.7317 -1.8847 -0.3160 6.0350 71.7982 0.0382 0.0247 0.0068 0.0170 0.0040 0.0046 0.0349 0.0252 0.0240
1494806400.0000 110550.0000 -5.7089 -1.9513 -0.3094 6.0345 71.1298 0.0305 0.0225 0.0067 0.0128 0.0009 0.0014 0.0299 0.0234 0.0220
1494806400.0000 110850.0000 -5.5932 -1.9176 -0.3570 5.9139 71.0755 0.0174 0.0126 0.0052 0.0009 -0.0002 0.0013 0.0176 0.0183 0.0169
1494806400.0000 111150.0000 -5.5027 -1.8478 -0.2024 5.8056 71.4377 0.0159 0.0096 0.0105 -0.0009 0.0029 0.0020 0.0180 0.0189 0.0159
1494806400.0000 111450.0000 -5.5382 -2.4726 -0.2566 6.0747 65.9410 0.0432 0.0900 0.0114 -0.0455 -0.0048 0.0147 0.0723 0.0362 0.0347
1494806400.0000 111750.0000 -4.8544 -2.5187 -0.3004 5.4706 62.5777 0.0374 0.0301 0.0038 0.0156 -0.0019 -0.0004 0.0356 0.0281 0.0274
1494806400.0000 112050.0000 -4.8082 -2.4193 -0.3294 5.3839 63.2902 0.0139 0.0078 0.0060 -0.0069 -0.0048 -0.0001 0.0139 0.0178 0.0158
1494806400.0000 112350.0000 -4.7134 -2.5760 -0.2033 5.3744 61.3421 0.0337 0.0226 0.0110 -0.0076 0.0022 -0.0025 0.0337 0.0279 0.0255
1494806400.0000 112650.0000 -4.6883 -2.6619 -0.2629 5.3931 60.4127 0.0535 0.0201 0.0106 0.0102 0.0031 -0.0000 0.0421 0.0310 0.0291
1494806400.0000 112950.0000 -5.0944 -2.8071 -0.3044 5.8188 61.1446 0.0259 0.0344 0.0145 0.0087 0.0019 0.0018 0.0374 0.0271 0.0244
1494806400.0000 113250.0000 -5.3715 -3.2292 -0.3270 6.2691 58.9873 0.0162 0.0387 0.0055 0.0140 -0.0040 -0.0045 0.0302 0.0226 0.0216
1494806400.0000 113550.0000 -5.3395 -3.4893 -0.2032 6.3790 56.8357 0.0190 0.0181 0.0049 0.0122 -0.0031 -0.0036 0.0210 0.0185 0.0174
1494806400.0000 113850.0000 -5.2135 -3.3360 -0.2883 6.1920 57.3855 0.0277 0.0418 0.0202 0.0073 -0.0008 -0.0008 0.0449 0.0279 0.0246
1494806400.0000 114150.0000 -5.0646 -3.2596 -0.3180 6.0240 57.2343 0.0190 0.0194 0.0124 0.0065 -0.0004 -0.0036 0.0253 0.0216 0.0188
1494806400.0000 114450.0000 -5.5206 -3.4886 -0.3559 6.5330 57.7103 0.0611 0.0466 0.0309 0.0194 0.0091 -0.0040 0.0693 0.0329 0.0290
1494806400.0000 114750.0000 -5.7594 -4.0585 -0.2326 7.0472 54.8283 0.0284 0.0262 0.0092 0.0074 0.0008 -0.0051 0.0319 0.0207 0.0191
1494806400.0000 115050.0000 -5.2956 -3.8274 -0.0821 6.5358 54.1422 0.0232 0.0504 0.0077 0.0179 0.0073 0.0088 0.0407 0.0252 0.0240
1494806400.0000 115350.0000 -5.0863 -3.9247 0.0697 6.4288 52.3457 0.0138 0.0564 0.0047 -0.0163 0.0015 -0.0044 0.0375 0.0246 0.0238
1494806400.0000 115650.0000 -4.7716 -4.1139 0.1322 6.3023 49.2330 0.0398 0.0343 0.0112 0.0095 0.0075 0.0020 0.0427 0.0268 0.0249
1494806400.0000 115950.0000 -4.3033 -3.7546 0.1103 5.7155 48.8954 0.0300 0.0540 0.0241 -0.0080 0.0027 -0.0180 0.0540 0.0332 0.0293
1494806400.0000 116250.0000 -4.5784 -3.3005 0.0274 5.6545 54.2131 0.0464 0.0854 0.0086 -0.0469 0.0037 -0.0154 0.0702 0.0383 0.0371
1494806400.0000 116550.0000 -4.7305 -2.6780 -0.1103 5.4393 60.4848 0.0137 0.0343 0.0099 -0.0084 -0.0021 -0.0087 0.0290 0.0256 0.0233
1494806400.0000 116850.0000 -4.4673 -2.6782 -0.1778 5.2106 59.0567 0.0102 0.0201 0.0119 -0.0028 -0.0002 -0.0097 0.0211 0.0228 0.0193
1494806400.0000 117150.0000 -4.3271 -2.4532 -0.2792 4.9835 60.4499 0.0189 0.1002 0.0123 -0.0153 0.0011 -0.0117 0.0657 0.0420 0.0401
1494806400.0000 117450.0000 -4.2446 -2.2535 -0.3127 4.8127 62.0357 0.0176 0.0802 0.0233 -0.0017 -0.0017 -0.0144 0.0605 0.0417 0.0376
1494806400.0000 117750.0000 -4.0104 -2.6159 -0.4574 4.7962 56.8848 0.0264 0.0838 0.0282 -0.0115 -0.0098 0.0012 0.0692 0.0447 0.0400
1494806400.0000 118050.0000 -3.7648 -2.8681 -0.3420 4.7436 52.6994 0.0841 0.1001 0.0951 -0.0083 0.0108 -0.0285 0.1397 0.0643 0.0524
1494806400.0000 118350.0000 -4.0354 -2.6373 -0.3121 4.8376 56.8344 0.0843 0.1365 0.0325 -0.0485 0.0004 -0.0073 0.1267 0.0602 0.0563
1494806400.0000 118650.0000 -4.7758 -1.9828 -0.3510 5.1821 67.4532 0.1201 0.0745 0.0257 -0.0448 -0.0022 0.0003 0.1102 0.0523 0.0493
1494806400.0000 118950.0000 -5.2213 -1.9524 -0.3067 5.5791 69.4974 0.0410 0.0444 0.0205 -0.0123 -0.0069 0.0068 0.0530 0.0337 0.0303
1494806400.0000 119250.0000 -4.8786 -2.2183 -0.4634 5.3752 65.5480 0.1532 0.0993 0.0560 -0.0829 0.0004 -0.0099 0.1542 0.0596 0.0541
1494806400.0000 119550.0000 -4.8386 -1.7498 -0.4048 5.1593 70.1179 0.0961 0.1123 0.0875 -0.0512 -0.0043 0.0111 0.1479 0.0608 0.0512
1494806400.0000 119850.0000 -4.3291 -1.6444 -0.1067 4.6600 69.2006 0.3052 0.1982 0.1749 -0.0775 0.0698 -0.0276 0.3392 0.1027 0.0885
1494806400.0000 120150.0000 -3.8670 -1.9313 -0.0636 4.3683 63.4614 0.6889 0.1423 0.2064 -0.1181 0.2354 -0.0787 0.5188 0.1360 0.1218
1494806400.0000 120450.0000 -2.6119 -2.3622 -0.1120 3.5848 47.8738 0.2543 0.4542 0.7657 -0.0948 0.1082 -0.2891 0.7371 0.1990 0.1380
1494806400.0000 120750.0000 -2.9156 -2.3975 -0.1534 3.8527 50.5701 0.5073 0.4141 0.4106 -0.1623 0.0854 -0.0999 0.6660 0.1764 0.1468
1494806400.0000 121050.0000 -3.0415 -2.4342 -0.1698 3.9855 51.3290 0.4889 0.4649 0.2390 -0.2717 0.0045 -0.0515 0.5964 0.1617 0.1447
1494806400.0000 121350.0000 -2.6354 -2.8160 0.0145 3.8959 43.1025 0.2423 0.2107 0.1632 -0.0776 0.0387 -0.0142 0.3081 0.1175 0.1008
1494806400.0000 121650.0000 -2.0465 -2.9147 0.1287 3.6179 35.0741 0.3645 0.2524 0.4451 -0.0718 0.1136 -0.0505 0.5310 0.1670 0.1273
1494806400.0000 121950.0000 -2.2192 -2.6883 0.5446 3.5399 39.5399 0.2429 0.3723 0.9541 -0.0751 -0.0089 -0.1856 0.7846 0.2050 0.1299
1494806400.0000 122250.0000 -1.9016 -2.5142 -0.0031 3.1925 37.1022 0.2242 0.2382 0.4152 -0.0125 -0.0235 -0.0852 0.4388 0.1716 0.1245
1494806400.0000 122550.0000 -2.6026 -2.7507 -0.4159 3.8422 43.4155 0.4776 0.2590 0.3069 -0.0406 -0.1421 -0.0324 0.5217 0.1548 0.1308
1494806400.0000 122850.0000 -2.5990 -2.6874 -0.0364 3.7797 44.0419 0.2759 0.2325 0.1970 -0.0647 -0.0499 -0.0329 0.3527 0.1297 0.1101
1494806400.0000 123150.0000 -1.7811 -3.4298 -0.1154 3.9122 27.4422 0.2865 0.2672 0.3757 -0.1056 -0.0505 0.0090 0.4647 0.1440 0.1112
1494806400.0000 123450.0000 -2.4189 -2.5866 0.0808 3.6191 43.0809 0.5271 0.2564 0.3461 -0.1352 -0.1748 -0.0371 0.5648 0.1732 0.1443
1494806400.0000 123750.0000 -3.1786 -2.1280 -0.2267 3.8879 56.1990 0.3308 0.3751 0.1986 -0.1442 0.0631 -0.1471 0.4522 0.1433 0.1268
1494806400.0000 124050.0000 -2.6582 -2.4683 -0.0878 3.6734 47.1221 0.4736 0.2744 0.4281 0.0589 0.1974 -0.0073 0.5881 0.1726 0.1377
1494806400.0000 124350.0000 -2.9996 -1.9888 0.3158 3.6599 56.4556 0.4193 0.3870 0.7011 -0.0382 0.1667 -0.1986 0.7537 0.1962 0.1440
1494806400.0000 124650.0000 -3.1129 -1.6600 -0.6505 3.5889 61.9300 0.3635 0.3112 0.5531 -0.1138 -0.0458 -0.0466 0.6139 0.1783 0.1344
1494806400.0000 124950.0000 -2.9120 -1.9655 0.0228 3.6099 55.9820 0.4774 0.4416 0.4725 -0.2372 -0.1434 0.0378 0.6958 0.1939 0.1575
1494806400.0000 125250.0000 -3.3011 -0.1550 1.2171 3.3941 87.3120 0.5859 0.5751 1.9447 0.0277 0.4355 0.2184 1.5529 0.2889 0.1882
1494806400.0000 125550.0000 -3.0401 -1.4455 0.1944 3.4393 64.5706 0.4628 0.3730 1.4495 -0.0974 0.4340 -0.1685 1.1427 0.2589 0.1568
1494806400.0000 125850.0000 -3.8890 -1.0845 0.0852 4.1606 74.4183 0.3298 0.8339 0.4191 -0.3693 0.0920 -0.2507 0.7914 0.1799 0.1543
1494806400.0000 126150.0000 -4.1264 -0.4025 -0.0327 4.1845 84.4286 0.2816 0.3431 0.2709 0.1185 0.0680 -0.0650 0.4478 0.1318 0.1101
1494806400.0000 126450.0000 -4.3452 -0.6447 0.6477 4.4496 81.5601 0.8376 0.4757 0.9600 -0.0905 -0.2769 0.0476 1.1366 0.1960 0.1506
1494806400.0000 126750.0000 -3.6800 -0.4320 -0.1755 3.7387 83.3039 0.3004 0.2273 0.3446 -0.0985 -0.1493 0.0492 0.4361 0.1454 0.1132
1494806400.0000 127050.0000 -3.6198 -1.1129 0.3594 3.8467 72.9105 0.4188 0.5115 0.4763 0.0832 -0.0913 -0.1581 0.7033 0.1800 0.1470
1494806400.0000 127350.0000 -3.8144 0.8355 0.0170 3.9582 102.3544 0.4843 0.4346 1.0985 -0.0182 -0.0319 -0.0446 1.0087 0.2100 0.1417
1494806400.0000 127650.0000 -2.7666 0.5524 -0.4336 2.8774 101.2909 0.3323 0.3662 0.2822 -0.0404 -0.0293 0.0954 0.4903 0.2003 0.1710
1494806400.0000 127950.0000 -3.5096 -0.5129 1.4853 3.7532 81.6856 0.6609 1.4127 0.6003 -0.0877 0.0420 -0.3125 1.3370 0.2455 0.2344
1494806400.0000 128250.0000 -3.8817 1.3354 0.5901 4.1406 108.9848 0.4554 0.2635 0.2209 0.0485 -0.0811 -0.1067 0.4699 0.1350 0.1192
1494806400.0000 128550.0000 -2.9402 0.1569 0.6700 3.2633 93.0538 0.6782 2.0289 0.6878 0.4019 0.1368 -0.3858 1.6975 0.3523 0.3226
1494806400.0000 128850.0000 -2.9544 -1.6374 1.0808 3.4918 61.0034 0.9474 0.6393 0.3523 0.0467 0.1382 -0.0176 0.9695 0.2267 0.2153
1494806400.0000 129150.0000 -2.8083 0.0148 0.6519 3.1278 90.3014 0.5822 1.6062 1.1006 -0.3923 0.2766 -1.0950 1.6445 0.3632 0.3041
1494806400.0000 129450.0000 -3.4281 0.5288 0.4572 3.5757 98.7682 0.2778 0.7302 1.1271 0.1537 0.0755 0.0601 1.0675 0.2411 0.1671
1494806400.0000 129750.0000 -3.3267 1.4602 0.0019 3.6751 113.6983 0.4618 0.2560 0.5477 -0.0142 0.0651 -0.0514 0.6328 0.1788 0.1346
1494806400.0000 130050.0000 -3.2128 0.7332 -0.1031 3.3098 102.8554 0.2410 0.1110 0.2350 -0.0401 -0.1151 0.0554 0.2935 0.1342 0.1039
1494806400.0000 130350.0000 -2.9640 0.1931 -0.3839 2.9929 93.7272 0.1289 0.1342 0.1734 -0.0198 -0.0101 -0.0330 0.2182 0.1273 0.0997
1494806400.0000 130650.0000 -2.5498 0.0402 0.1987 2.6080 90.9027 0.2649 0.2768 0.3777 0.0525 0.0716 -0.0539 0.4597 0.2164 0.1666
1494806400.0000 130950.0000 -2.8140 0.2698 -0.2115 2.8739 95.4758 0.2722 0.2598 0.4844 -0.0150 0.1110 -0.0942 0.5082 0.2053 0.1490
1494806400.0000 131250.0000 -2.3464 0.1558 0.8604 2.4500 93.7977 0.8606 0.5075 0.6860 0.1183 -0.0948 -0.3766 1.0270 0.3305 0.2872
1494806400.0000 131550.0000 -2.4565 0.2055 0.1656 2.5152 94.7821 0.2927 0.2473 0.2967 -0.1018 0.0524 0.0208 0.4184 0.2138 0.1721
1494806400.0000 131850.0000 -2.2800 0.9461 0.2646 2.5483 112.5372 0.2432 0.3661 0.3919 0.0537 0.0439 0.0571 0.5006 0.2327 0.1826
1494806400.0000 132150.0000 -2.6860 0.4060 0.0188 2.7728 98.5948 0.5345 0.2867 0.5489 -0.1211 0.0529 -0.1790 0.6850 0.2488 0.1926
1494806400.0000 132450.0000 -1.1707 0.1896 -0.2024 1.2845 99.2014 0.1198 0.2471 0.7093 -0.0899 0.1753 -0.3091 0.5381 0.4978 0.2949
1494806400.0000 132750.0000 -0.8880 -0.0697 -0.1264 1.0277 85.5117 0.1186 0.3069 0.2876 0.0083 -0.0549 -0.1427 0.3566 0.5420 0.4229
1494806400.0000 133050.0000 -1.6142 0.8072 0.2010 1.9440 116.5672 0.4169 0.5968 0.9486 -0.2353 0.2651 -0.3881 0.9811 0.4454 0.3221
1494806400.0000 133350.0000 -1.7240 0.4918 0.0279 1.8437 105.9209 0.2307 0.1681 0.8691 -0.0076 0.1491 0.0157 0.6340 0.3626 0.2034
1494806400.0000 133650.0000 -1.3321 -0.0281 -0.2044 1.3827 88.7929 0.0989 0.1479 0.0943 -0.0470 0.0177 0.0088 0.1706 0.2501 0.2153
1494806400.0000 133950.0000 -1.8043 -0.1504 0.0773 1.8920 85.2361 0.2459 0.2990 0.4075 0.0369 -0.0095 -0.0363 0.4762 0.3109 0.2354
1494806400.0000 134250.0000 -1.7186 -0.7390 0.2534 1.9286 66.7328 0.3108 0.3498 0.4703 0.1721 -0.1657 -0.2607 0.5655 0.3252 0.2508
1494806400.0000 134550.0000 -1.2456 -1.1285 0.2013 1.8318 47.8242 0.7187 0.2039 0.3167 -0.0027 -0.3082 -0.0113 0.6197 0.3797 0.3299
1494806400.0000 134850.0000 -0.6141 -1.1258 0.3243 1.4989 28.6106 0.3181 0.4310 0.8347 -0.2057 0.2566 -0.3443 0.7919 0.5493 0.3897
1494806400.0000 135150.0000 -0.7456 -0.2221 -0.3981 1.0999 73.4137 0.6467 0.3852 0.3706 -0.2964 -0.0085 0.0309 0.7012 0.7824 0.7539
1494806400.0000 135450.0000 -1.8697 0.4473 -0.1551 1.9796 103.4538 0.2318 0.2297 0.6206 -0.0258 0.0650 -0.1812 0.5410 0.3114 0.2040
1494806400.0000 135750.0000 -1.6636 0.3613 -0.4528 1.7588 102.2526 0.1089 0.1971 0.3265 0.0025 0.0315 -0.0638 0.3163 0.2607 0.1876
1494806400.0000 136050.0000 -1.2983 0.9504 -0.4925 1.6500 126.2068 0.1243 0.1539 0.2640 -0.0167 0.0101 0.0536 0.2711 0.2526 0.1893
1494806400.0000 136350.0000 -1.4951 0.3726 0.0990 1.7677 103.9940 0.4370 0.4620 0.3246 0.3299 0.1673 0.1763 0.6118 0.4136 0.3553
1494806400.0000 136650.0000 -0.7400 -0.0796 -0.3460 0.7851 83.8573 0.2284 0.0519 0.0513 -0.0258 -0.0728 -0.0110 0.1658 0.4051 0.4107
1494806400.0000 136950.0000 -0.3108 -0.2149 -0.5141 0.5010 55.3406 0.0526 0.0950 0.0321 -0.0010 -0.0105 0.0048 0.0898 0.3836 0.5869
1494806400.0000 137250.0000 0.0391 -0.1810 -0.4228 0.4353 347.8126 0.0772 0.1331 0.1000 0.0351 0.0279 0.0742 0.1552 0.6968 1.4304
1494806400.0000 137550.0000 -0.5080 -0.9199 0.3007 1.3094 28.9076 0.6023 0.3128 0.5734 0.2841 -0.3294 -0.1468 0.7442 0.6444 0.5256
1494806400.0000 137850.0000 -1.6017 0.5733 0.2076 1.9331 109.6954 0.4864 0.8538 1.4591 -0.1555 -0.0231 -0.7594 1.3997 0.5636 0.3929
1494806400.0000 138150.0000 -0.7782 0.3372 -1.1936 0.9482 113.4293 0.3000 0.1383 0.1685 -0.0766 0.1153 -0.0522 0.3034 0.3072 0.4507
1494806400.0000 138450.0000 -1.5321 0.2276 0.0757 1.6612 98.4493 0.5427 0.3178 0.7101 -0.0117 -0.2024 -0.1699 0.7853 0.4666 0.3458
1494806400.0000 138750.0000 -2.3379 0.1423 -0.6755 2.3621 93.4824 0.2028 0.0877 0.3546 0.0491 -0.0661 0.0130 0.3225 0.1902 0.1329
1494806400.0000 139050.0000 -0.1447 0.2610 -0.6042 0.9106 151.0033 0.7463 0.1695 0.5063 0.0446 0.4069 0.0967 0.7110 1.0218 1.8515
1494806400.0000 139350.0000 0.4041 -0.6172 0.0429 0.8384 326.7860 0.1195 0.1334 0.3236 -0.0050 0.0098 -0.0340 0.2882 0.5931 0.3935
1494806400.0000 139650.0000 -0.7832 0.8572 0.5384 1.3742 137.5813 0.6667 0.5841 0.3736 -0.3778 0.2417 -0.0025 0.8122 0.5749 0.5561
1494806400.0000 139950.0000 -1.5252 0.9624 -0.0897 1.8505 122.2516 0.2873 0.2009 0.4271 -0.0626 0.1584 -0.0009 0.4577 0.3059 0.2237
1494806400.0000 140250.0000 -1.5599 0.2310 -0.3206 1.6177 98.4238 0.2584 0.1283 0.2201 -0.0496 0.0486 0.0378 0.3034 0.2795 0.2277
1494806400.0000 140550.0000 -2.1941 0.1331 -0.7974 2.2295 93.4704 0.0884 0.1320 0.1516 -0.0310 0.0096 -0.0239 0.1860 0.1506 0.1233
1494806400.0000 140850.0000 -1.4136 0.2833 0.4143 1.4968 101.3332 0.2231 0.1308 0.1965 0.0170 0.1512 -0.0076 0.2752 0.2855 0.2382
1494806400.0000 141150.0000 -0.5898 -1.2968 0.5228 1.5126 24.4574 0.2192 0.3616 0.2204 -0.0073 -0.0143 0.1088 0.4006 0.3405 0.3089
1494806400.0000 141450.0000 -0.9868 -1.1649 0.3731 1.5642 40.2708 0.2298 0.1790 0.2954 0.0965 -0.0359 -0.1043 0.3521 0.3083 0.2418
1494806400.0000 141750.0000 -0.2804 -0.8133 -0.2847 0.9150 19.0213 0.1078 0.0454 0.1391 0.0006 0.0028 0.0155 0.1461 0.3444 0.2627
1494806400.0000 142050.0000 -0.6290 -0.3100 -0.4021 0.8831 63.7616 0.2755 0.1543 0.1726 -0.0553 0.1605 -0.0351 0.3012 0.5543 0.5398
1494806400.0000 142350.0000 0.2334 -1.3115 0.0084 1.3596 349.9080 0.0620 0.1555 0.1649 0.0166 0.0265 -0.0231 0.1912 0.2680 0.2021
1494806400.0000 142650.0000 -0.5233 -0.9356 -0.0429 1.2493 29.2196 0.4724 0.2242 0.2006 0.1097 -0.0757 -0.0321 0.4486 0.5097 0.4495
1494806400.0000 142950.0000 -2.0684 0.0841 -0.3215 2.1355 92.3292 0.8751 0.2357 0.6491 0.0236 0.5160 -0.0349 0.8799 0.3656 0.2939
1494806400.0000 143250.0000 -2.0188 -0.5063 0.2336 2.6229 75.9219 0.2372 2.6337 0.8783 -0.3962 0.0146 -0.4000 1.8746 0.5338 0.4700
1494806400.0000 143550.0000 -0.1250 -1.6236 -0.4118 1.7549 4.4039 0.3725 0.8846 0.7131 0.1807 0.0253 -0.0601 0.9851 0.4825 0.3975
1494806400.0000 143850.0000 -0.2364 -1.9768 0.4578 2.1364 6.8182 0.5850 0.6260 0.6275 0.0562 -0.2299 0.0395 0.9193 0.3832 0.3191
1494806400.0000 144150.0000 -0.3773 -3.6591 0.2983 3.6967 5.8871 0.1319 0.1614 0.2313 -0.0035 0.0287 -0.0267 0.2623 0.1133 0.0850
1494806400.0000 144450.0000 -1.3505 -2.9587 0.8525 3.3883 24.5343 0.7116 0.4070 0.5281 -0.2958 0.1218 0.0157 0.8234 0.2204 0.1877
1494806400.0000 144750.0000 -1.3949 -1.7080 0.6250 2.2858 39.2370 0.5414 0.3804 0.6364 0.2455 0.2817 0.0556 0.7791 0.3144 0.2514
1494806400.0000 145050.0000 -0.8492 -1.5409 1.5699 1.8349 28.8593 0.3010 0.2209 0.1148 0.0480 -0.0138 -0.0165 0.3184 0.1954 0.2371
1494806400.0000 145350.0000 -0.2781 -0.9338 1.2317 1.2047 16.5851 0.5061 0.3593 0.1879 0.0966 -0.1682 -0.0121 0.5266 0.3773 0.5512
1494806400.0000 145650.0000 -0.5169 -1.4239 0.4335 1.6762 19.9495 0.2843 0.5859 0.2660 -0.1491 0.1266 -0.2000 0.5681 0.3906 0.3555
1494806400.0000 145950.0000 -0.5516 -0.4394 -0.7320 0.9293 51.4588 0.1587 0.3454 0.0939 -0.0702 0.0277 -0.0109 0.2990 0.4392 0.5812
1494806400.0000 146250.0000 0.0332 -1.2240 -0.7022 1.2307 358.4474 0.0132 0.1637 0.0621 -0.0047 0.0053 0.0009 0.1195 0.1999 0.1983
1494806400.0000 146550.0000 0.4515 -0.8610 -0.3814 1.1459 332.3311 0.3264 0.3483 0.3950 -0.0413 0.0623 -0.0440 0.5349 0.5718 0.4878
1494806400.0000 146850.0000 -0.0134 -1.4446 -0.4672 1.5162 0.5312 0.2258 0.2316 0.1666 0.0058 -0.0235 0.0373 0.3120 0.3004 0.2703
1494806400.0000 147150.0000 -0.2712 -1.8381 -0.2739 1.9213 8.3936 0.2177 0.3604 0.4345 0.0595 -0.1583 -0.1186 0.5063 0.3093 0.2363
1494806400.0000 147450.0000 -0.1021 -1.4565 -0.0914 1.5371 4.0099 0.2393 0.0730 0.1958 -0.0043 -0.1310 -0.0413 0.2540 0.2813 0.2210
1494806400.0000 147750.0000 -0.0254 -1.4010 0.5779 1.5103 1.0402 0.3133 0.0816 0.2111 -0.0364 0.0880 -0.0260 0.3030 0.2965 0.2589
1494806400.0000 148050.0000 -0.7053 -1.2076 0.4067 1.4786 30.2868 0.2692 0.0856 0.1121 0.0184 0.0480 0.0403 0.2335 0.2709 0.2459
1494806400.0000 148350.0000 -0.6388 -1.1916 0.7622 1.4239 28.1961 0.2349 0.2192 0.1058 0.0795 0.0442 0.0109 0.2799 0.2783 0.2877
1494806400.0000 148650.0000 0.7270 -1.3671 0.3444 1.5857 331.9968 0.0607 0.2440 0.3764 -0.0051 0.0574 0.1642 0.3406 0.3004 0.2058
1494806400.0000 148950.0000 0.9088 -2.2313 -0.1734 2.4238 337.8402 0.0915 0.1201 0.1494 -0.0414 0.0332 -0.0575 0.1805 0.1436 0.1102
1494806400.0000 149250.0000 0.7867 -2.0401 -0.0412 2.2114 338.9121 0.1350 0.0954 0.0635 -0.0556 0.0095 -0.0082 0.1470 0.1431 0.1268
1494806400.0000 149550.0000 0.9172 -2.2016 0.1112 2.4086 337.3824 0.1287 0.0581 0.0465 -0.0112 0.0109 -0.0120 0.1167 0.1168 0.1046
1494806400.0000 149850.0000 0.5044 -1.9524 0.1043 2.0733 345.5137 0.1896 0.1293 0.0641 0.0766 -0.0235 -0.0439 0.1915 0.1770 0.1617
1494806400.0000 150150.0000 0.0577 -1.6794 -0.0995 1.6936 358.0327 0.0429 0.0405 0.0260 -0.0230 -0.0090 -0.0020 0.0547 0.1134 0.0992
1494806400.0000 150450.0000 0.2753 -2.1343 -0.0150 2.1613 352.6503 0.0436 0.0953 0.0241 -0.0120 -0.0042 -0.0096 0.0815 0.1083 0.1000
1494806400.0000 150750.0000 -0.2596 -2.3184 0.1416 2.3456 6.3897 0.0596 0.0201 0.0186 -0.0049 -0.0043 -0.0012 0.0491 0.0774 0.0699
1494806400.0000 151050.0000 0.0007 -2.2978 -0.0226 2.3105 359.9823 0.0592 0.1343 0.0706 -0.0507 0.0097 -0.0406 0.1321 0.1291 0.1105
