1494720000.0000 150.0000 0.6969 0.0184 -0.3521 0.7174 268.4897 0.0443 0.0251 0.0309 -0.0098 -0.0027 -0.0068 0.0501 0.2341 0.2181
1494720000.0000 450.0000 0.4428 -0.0767 -0.1267 0.5279 279.8300 0.0478 0.0694 0.0514 0.0219 -0.0356 -0.0300 0.0843 0.5078 0.4398
1494720000.0000 750.0000 0.2806 -0.0065 -0.1268 0.3105 271.3194 0.0127 0.0163 0.0116 0.0020 -0.0024 -0.0028 0.0203 0.3778 0.3505
1494720000.0000 1050.0000 0.3666 0.1789 -0.1899 0.4204 243.9848 0.0118 0.0095 0.0051 0.0004 -0.0043 -0.0017 0.0132 0.2086 0.2068
1494720000.0000 1350.0000 0.5217 -0.1932 -0.0999 0.5970 290.3203 0.0197 0.0427 0.0213 0.0074 -0.0042 -0.0147 0.0418 0.2954 0.2592
1494720000.0000 1650.0000 0.7439 -0.4240 -0.0330 0.8738 299.6822 0.0468 0.0353 0.0331 -0.0125 -0.0120 -0.0084 0.0576 0.2287 0.1932
1494720000.0000 1950.0000 0.5068 -0.1556 -0.0598 0.5957 287.0689 0.1116 0.0679 0.0251 -0.0501 0.0002 -0.0134 0.1023 0.4894 0.4613
1494720000.0000 2250.0000 -0.3288 0.5502 -0.0644 0.8027 149.1428 0.2330 0.0454 0.0443 -0.0172 -0.0543 -0.0131 0.1613 0.5091 0.4752
1494720000.0000 2550.0000 -0.4820 0.4220 -0.0772 0.6665 131.2002 0.0342 0.0388 0.0247 -0.0028 -0.0054 -0.0117 0.0488 0.2796 0.2434
1494720000.0000 2850.0000 -0.5619 0.5443 -0.0270 0.8135 134.0892 0.0477 0.0394 0.0318 0.0034 -0.0136 -0.0065 0.0595 0.2544 0.2178
1494720000.0000 3150.0000 -0.5112 0.4710 -0.1142 0.7334 132.6563 0.0586 0.0698 0.0413 -0.0066 -0.0131 -0.0263 0.0848 0.3375 0.2975
1494720000.0000 3450.0000 -0.3565 0.1579 0.0445 0.4098 113.8907 0.0261 0.0130 0.0295 0.0004 -0.0059 0.0040 0.0343 0.3853 0.2927
1494720000.0000 3750.0000 -0.4592 0.2821 0.0360 0.5732 121.5601 0.0312 0.0381 0.0266 0.0008 -0.0028 -0.0073 0.0479 0.3310 0.2820
1494720000.0000 4050.0000 -0.3869 0.5444 -0.0986 0.6942 144.5980 0.0364 0.0591 0.0250 -0.0077 0.0027 -0.0180 0.0602 0.2968 0.2671
1494720000.0000 4350.0000 -0.3253 0.4127 -0.1263 0.5810 141.7509 0.0441 0.0733 0.0489 0.0012 -0.0129 -0.0317 0.0831 0.4355 0.3763
1494720000.0000 4650.0000 -0.2198 0.2857 -0.0003 0.4989 142.4288 0.0801 0.0961 0.0588 0.0073 -0.0185 -0.0236 0.1175 0.7764 0.6722
1494720000.0000 4950.0000 -0.1586 -0.1150 0.0565 0.3767 54.0513 0.0671 0.0632 0.0283 -0.0035 -0.0077 -0.0035 0.0793 1.1272 1.0634
1494720000.0000 5250.0000 -0.3535 0.0970 0.0951 0.3881 105.3433 0.0272 0.0181 0.0240 -0.0044 0.0033 -0.0005 0.0346 0.4012 0.3352
1494720000.0000 5550.0000 -0.3525 0.0918 0.0258 0.4171 104.5994 0.0603 0.0389 0.0236 -0.0157 0.0054 -0.0043 0.0614 0.5542 0.4993
1494720000.0000 5850.0000 -0.4049 0.1934 0.0231 0.4623 115.5351 0.0189 0.0105 0.0126 -0.0015 -0.0014 -0.0045 0.0210 0.2632 0.2206
1494720000.0000 6150.0000 -0.5601 0.4020 0.0302 0.7072 125.6666 0.0380 0.0278 0.0119 -0.0068 -0.0026 -0.0073 0.0388 0.2331 0.2147
1494720000.0000 6450.0000 -0.7154 0.4952 -0.0208 0.8838 124.6953 0.0289 0.0309 0.0216 -0.0072 0.0075 0.0002 0.0406 0.1891 0.1622
1494720000.0000 6750.0000 -0.6893 0.4980 0.0138 0.8723 125.8478 0.0356 0.0331 0.0290 0.0071 -0.0110 -0.0144 0.0489 0.2122 0.1780
1494720000.0000 7050.0000 -0.6916 0.4606 0.0532 0.8563 123.6640 0.0195 0.0474 0.0274 0.0073 -0.0001 -0.0230 0.0472 0.2130 0.1797
1494720000.0000 7350.0000 -0.6851 0.4944 0.0037 0.8568 125.8149 0.0185 0.0283 0.0238 -0.0046 0.0003 -0.0056 0.0353 0.1815 0.1478
1494720000.0000 7650.0000 -0.3960 0.1688 0.0321 0.4634 113.0832 0.0311 0.0324 0.0133 -0.0122 -0.0010 -0.0069 0.0384 0.3706 0.3378
1494720000.0000 7950.0000 -0.3152 0.0766 0.0660 0.3898 103.6585 0.0400 0.0332 0.0272 -0.0183 -0.0052 -0.0078 0.0503 0.5530 0.4818
1494720000.0000 8250.0000 -0.5750 0.2938 0.0766 0.6848 117.0644 0.0525 0.0516 0.0295 -0.0002 -0.0049 -0.0010 0.0668 0.3246 0.2886
1494720000.0000 8550.0000 -0.3988 0.1221 -0.0070 0.4513 107.0189 0.0326 0.0243 0.0238 -0.0039 -0.0077 0.0010 0.0403 0.3932 0.3303
1494720000.0000 8850.0000 -0.4339 0.3121 -0.0283 0.5785 125.7263 0.0414 0.0515 0.0492 -0.0060 -0.0001 -0.0203 0.0711 0.4066 0.3292
1494720000.0000 9150.0000 -0.4324 0.2564 0.0305 0.5475 120.6711 0.0375 0.0415 0.0496 0.0073 -0.0137 -0.0097 0.0643 0.4110 0.3227
1494720000.0000 9450.0000 -0.2710 0.0392 0.1539 0.3910 98.2289 0.0663 0.0615 0.0499 0.0064 -0.0036 -0.0014 0.0889 0.7747 0.7536
1494720000.0000 9750.0000 -0.2238 0.0492 0.0960 0.2928 102.3886 0.0398 0.0208 0.0267 -0.0062 -0.0031 -0.0052 0.0437 0.6868 0.6204
1494720000.0000 10050.0000 -0.5336 0.3122 0.0102 0.6351 120.3334 0.0179 0.0187 0.0359 0.0035 0.0042 -0.0130 0.0363 0.2515 0.1786
1494720000.0000 10350.0000 -0.5134 0.3875 -0.0488 0.6996 127.0492 0.0920 0.0393 0.0732 -0.0030 -0.0271 0.0032 0.1022 0.4047 0.3253
1494720000.0000 10650.0000 -0.4101 0.2235 -0.0063 0.5278 118.5891 0.0500 0.0414 0.0575 0.0173 0.0081 0.0112 0.0744 0.4770 0.3737
1494720000.0000 10950.0000 -0.4770 0.4208 0.0052 0.6697 131.4217 0.0445 0.0596 0.0504 0.0033 -0.0044 -0.0120 0.0772 0.3567 0.2929
1494720000.0000 11250.0000 -0.3953 0.3205 -0.0266 0.5353 129.0390 0.0324 0.0391 0.0352 -0.0079 -0.0121 -0.0019 0.0533 0.3700 0.3033
1494720000.0000 11550.0000 -0.7496 0.5371 0.0259 0.9407 125.6206 0.0467 0.0456 0.0409 -0.0113 -0.0180 0.0093 0.0666 0.2284 0.1902
1494720000.0000 11850.0000 -0.6014 0.4570 -0.0468 0.8016 127.2283 0.0366 0.0921 0.0411 -0.0123 -0.0069 -0.0117 0.0849 0.3143 0.2742
1494720000.0000 12150.0000 -0.5854 0.3799 -0.0169 0.7332 122.9789 0.0606 0.0304 0.0261 -0.0023 -0.0170 -0.0017 0.0585 0.2830 0.2496
1494720000.0000 12450.0000 -0.4826 0.3047 0.0456 0.5878 122.2661 0.0183 0.0225 0.0077 -0.0031 0.0010 -0.0057 0.0242 0.2220 0.2044
1494720000.0000 12750.0000 -0.3981 0.3162 0.0486 0.5521 128.4559 0.0411 0.0453 0.0208 -0.0060 0.0024 -0.0140 0.0536 0.3701 0.3339
1494720000.0000 13050.0000 -0.3694 0.3030 0.0253 0.5102 129.3551 0.0341 0.0256 0.0329 0.0058 0.0037 -0.0056 0.0463 0.3672 0.2953
1494720000.0000 13350.0000 -0.4537 0.2499 -0.0345 0.5420 118.8427 0.0172 0.0359 0.0209 -0.0115 0.0008 -0.0041 0.0370 0.3026 0.2570
1494720000.0000 13650.0000 -0.1308 0.0775 0.0018 0.2786 120.6282 0.0484 0.0233 0.0282 0.0070 -0.0186 -0.0083 0.0499 1.2001 1.0170
1494720000.0000 13950.0000 -0.2955 0.2357 -0.0155 0.3890 128.5822 0.0100 0.0115 0.0070 -0.0034 -0.0011 -0.0021 0.0143 0.2578 0.2242
1494720000.0000 14250.0000 -0.5799 0.4389 -0.0251 0.7517 127.1176 0.0318 0.0309 0.0495 0.0005 -0.0077 -0.0054 0.0561 0.2658 0.1988
1494720000.0000 14550.0000 -0.5363 0.4607 -0.0028 0.7333 130.6632 0.0201 0.0420 0.0416 0.0031 -0.0058 -0.0199 0.0518 0.2629 0.2035
1494720000.0000 14850.0000 -0.2323 0.1287 -0.0312 0.3266 118.9893 0.0121 0.0409 0.0172 0.0088 -0.0015 -0.0065 0.0351 0.5722 0.5005
1494720000.0000 15150.0000 -0.4429 0.3382 -0.0413 0.5710 127.3695 0.0234 0.0248 0.0143 -0.0126 -0.0025 -0.0024 0.0313 0.2583 0.2274
1494720000.0000 15450.0000 -0.2731 0.2046 -0.0055 0.3685 126.8433 0.0354 0.0317 0.0114 -0.0201 -0.0025 -0.0060 0.0393 0.4741 0.4384
1494720000.0000 15750.0000 -0.2265 -0.0713 0.0371 0.2902 72.5246 0.0348 0.0181 0.0192 0.0004 -0.0033 0.0003 0.0360 0.6449 0.5590
1494720000.0000 16050.0000 -0.2748 -0.0614 0.0987 0.3219 77.4097 0.0416 0.0141 0.0386 0.0026 -0.0101 0.0051 0.0472 0.5942 0.4840
1494720000.0000 16350.0000 0.0357 -0.1810 0.0273 0.2347 348.8455 0.0160 0.0238 0.0317 -0.0012 0.0009 -0.0135 0.0358 0.8281 0.6245
1494720000.0000 16650.0000 -0.2531 -0.1390 0.0184 0.3138 61.2272 0.0166 0.0176 0.0229 0.0015 0.0058 -0.0020 0.0286 0.4770 0.3698
1494720000.0000 16950.0000 -0.5256 0.3131 0.0491 0.6523 120.7812 0.0692 0.0566 0.0194 -0.0325 -0.0062 -0.0053 0.0726 0.3585 0.3347
1494720000.0000 17250.0000 -0.4245 0.1192 -0.0836 0.5032 105.6815 0.0256 0.0526 0.0337 0.0178 -0.0090 -0.0191 0.0560 0.4305 0.3664
1494720000.0000 17550.0000 -0.3890 0.2643 0.0625 0.5109 124.1890 0.0297 0.0445 0.0233 -0.0119 -0.0023 -0.0067 0.0488 0.3802 0.3345
1494720000.0000 17850.0000 -0.5475 0.5432 -0.0420 0.8007 134.7697 0.0217 0.0522 0.0279 0.0087 -0.0061 -0.0251 0.0509 0.2386 0.2036
1494720000.0000 18150.0000 -0.4110 0.2289 0.0478 0.4907 119.1089 0.0116 0.0271 0.0069 -0.0086 0.0032 -0.0029 0.0228 0.2608 0.2415
1494720000.0000 18450.0000 -0.3793 0.3816 -0.0569 0.5621 135.1736 0.0492 0.0224 0.0177 -0.0115 0.0070 -0.0041 0.0447 0.3190 0.2873
1494720000.0000 18750.0000 -0.3124 0.2309 0.0256 0.4020 126.4702 0.0158 0.0141 0.0101 -0.0030 0.0006 -0.0059 0.0200 0.2967 0.2573
1494720000.0000 19050.0000 -0.4254 0.2617 -0.0027 0.5155 121.6039 0.0085 0.0157 0.0149 0.0028 -0.0025 -0.0059 0.0196 0.2286 0.1798
1494720000.0000 19350.0000 -0.4538 0.3578 -0.0567 0.6026 128.2482 0.0291 0.0369 0.0180 -0.0080 0.0072 -0.0095 0.0420 0.2883 0.2568
1494720000.0000 19650.0000 -0.3713 0.1774 0.0651 0.4615 115.5404 0.0144 0.0594 0.0255 -0.0050 0.0073 -0.0234 0.0497 0.4367 0.3811
1494720000.0000 19950.0000 -0.2915 0.0946 0.0549 0.3544 107.9821 0.0634 0.0170 0.0098 -0.0172 -0.0007 -0.0074 0.0451 0.5569 0.5341
1494720000.0000 20250.0000 -0.3514 0.4317 -0.0922 0.5805 140.8565 0.0247 0.0301 0.0424 -0.0018 -0.0033 -0.0105 0.0486 0.3191 0.2429
1494720000.0000 20550.0000 -0.6394 0.2907 0.0625 0.7210 114.4524 0.0222 0.0290 0.0110 -0.0009 -0.0000 -0.0043 0.0311 0.2043 0.1861
1494720000.0000 20850.0000 -0.5591 0.3448 0.0254 0.7079 121.6626 0.0406 0.0798 0.0411 -0.0031 0.0052 -0.0380 0.0808 0.3530 0.3050
1494720000.0000 21150.0000 -0.5433 0.2355 0.0348 0.6311 113.4347 0.0349 0.0567 0.0341 -0.0074 0.0038 -0.0265 0.0629 0.3451 0.2951
1494720000.0000 21450.0000 -0.3082 0.2035 0.0187 0.4008 123.4427 0.0335 0.0214 0.0181 -0.0052 0.0068 -0.0082 0.0365 0.4218 0.3662
1494720000.0000 21750.0000 -0.5010 0.3125 -0.0406 0.6211 121.9558 0.0921 0.0533 0.0330 -0.0301 0.0152 -0.0249 0.0892 0.4120 0.3728
1494720000.0000 22050.0000 -0.6196 0.2038 0.0664 0.6891 108.2096 0.0678 0.0420 0.0469 0.0141 -0.0255 -0.0239 0.0784 0.3486 0.2933
1494720000.0000 22350.0000 -0.8631 0.2159 0.1246 0.9592 104.0444 0.1364 0.0982 0.0675 0.0064 -0.0049 -0.0483 0.1510 0.3532 0.3143
1494720000.0000 22650.0000 -0.9781 0.7072 -0.0054 1.2749 125.8669 0.1472 0.1264 0.0820 0.0124 -0.0057 -0.0619 0.1778 0.2852 0.2502
1494720000.0000 22950.0000 -0.7745 0.2840 0.0793 0.8565 110.1353 0.0706 0.0820 0.0361 -0.0404 0.0069 -0.0281 0.0943 0.3026 0.2734
1494720000.0000 23250.0000 -0.4862 0.0379 0.1341 0.5537 94.4574 0.0855 0.0452 0.0469 0.0022 -0.0199 -0.0006 0.0888 0.4811 0.4280
1494720000.0000 23550.0000 -0.1190 0.1150 -0.0354 0.4472 134.0158 0.1004 0.1628 0.1212 0.0267 0.0098 -0.0745 0.1922 2.1157 1.7904
1494720000.0000 23850.0000 -0.4860 0.0699 0.1395 0.5672 98.1839 0.1000 0.0431 0.0531 -0.0031 0.0039 -0.0098 0.0981 0.5009 0.4447
1494720000.0000 24150.0000 -0.2300 -0.1228 0.1060 0.4422 61.9062 0.1274 0.0402 0.0628 -0.0438 0.0001 -0.0102 0.1152 0.9848 0.9068
1494720000.0000 24450.0000 -0.3078 -0.1372 0.1519 0.3792 65.9734 0.0401 0.0204 0.0461 -0.0045 -0.0015 -0.0090 0.0533 0.5101 0.4214
1494720000.0000 24750.0000 -0.5499 -0.0861 0.1566 0.5866 81.1016 0.0176 0.0303 0.0386 -0.0015 0.0016 -0.0069 0.0433 0.2938 0.2272
1494720000.0000 25050.0000 -0.5295 0.0009 0.2869 0.5745 90.1010 0.0569 0.0444 0.0638 0.0029 -0.0048 -0.0346 0.0825 0.3894 0.3469
1494720000.0000 25350.0000 -0.6244 -0.1666 0.2075 0.6869 75.0622 0.0565 0.0458 0.0421 -0.0006 -0.0047 -0.0163 0.0722 0.3233 0.2859
1494720000.0000 25650.0000 -0.2505 -0.2805 0.0731 0.4284 41.7618 0.0232 0.0429 0.0526 -0.0057 -0.0005 -0.0197 0.0594 0.5193 0.3948
1494720000.0000 25950.0000 -0.2909 -0.0268 0.1834 0.3981 84.7362 0.0520 0.0578 0.0373 0.0264 -0.0136 -0.0072 0.0735 0.6419 0.6547
1494720000.0000 26250.0000 -0.4630 0.1430 0.1600 0.5319 107.1662 0.0440 0.0401 0.0437 0.0029 0.0022 -0.0105 0.0639 0.4045 0.3455
1494720000.0000 26550.0000 -0.3370 -0.3624 0.2214 0.5567 42.9266 0.0537 0.0448 0.0307 -0.0082 0.0037 -0.0075 0.0646 0.3828 0.3662
1494720000.0000 26850.0000 -0.3010 -0.0503 0.0906 0.3635 80.5059 0.0343 0.0248 0.0343 -0.0137 0.0041 -0.0065 0.0467 0.5540 0.4597
1494720000.0000 27150.0000 -0.3430 -0.4109 0.1924 0.5863 39.8537 0.0882 0.0262 0.0261 0.0262 -0.0077 -0.0094 0.0702 0.3804 0.3647
1494720000.0000 27450.0000 -0.3309 -0.3206 0.2118 0.5154 45.9032 0.0672 0.0505 0.0312 0.0191 0.0064 -0.0019 0.0745 0.4394 0.4299
1494720000.0000 27750.0000 -0.4163 -0.2048 0.1716 0.5285 63.8087 0.0621 0.0447 0.0293 0.0015 0.0079 -0.0091 0.0680 0.4305 0.4067
1494720000.0000 28050.0000 -0.5502 -0.3196 0.2527 0.7318 59.8526 0.0736 0.1553 0.0899 0.0428 -0.0158 -0.0792 0.1594 0.4761 0.4341
1494720000.0000 28350.0000 -0.6388 -0.6182 0.5056 0.9377 45.9348 0.0676 0.0882 0.0184 -0.0036 0.0081 0.0071 0.0871 0.2356 0.2564
1494720000.0000 28650.0000 -0.4972 -0.3049 0.4590 0.6258 58.4864 0.0499 0.0514 0.0526 -0.0023 -0.0023 0.0058 0.0769 0.3051 0.3150
1494720000.0000 28950.0000 -0.4783 -0.6273 0.3258 0.8273 37.3256 0.0387 0.0612 0.0363 -0.0133 0.0095 -0.0114 0.0681 0.2497 0.2314
1494720000.0000 29250.0000 -0.3374 -0.5427 0.3308 0.7023 31.8684 0.0728 0.0476 0.0334 -0.0225 0.0162 -0.0109 0.0769 0.3146 0.3134
1494720000.0000 29550.0000 -0.3271 -0.7509 0.2656 0.8638 23.5381 0.0656 0.0347 0.0500 -0.0230 -0.0132 0.0046 0.0751 0.2599 0.2231
1494720000.0000 29850.0000 -0.9274 -0.0540 0.2432 0.9727 86.6671 0.0525 0.0865 0.0468 0.0179 0.0005 -0.0334 0.0929 0.2591 0.2316
1494720000.0000 30150.0000 -0.9111 -0.1816 0.2251 1.0240 78.7288 0.1000 0.1671 0.1776 -0.0207 0.0253 -0.0313 0.2223 0.4028 0.3212
1494720000.0000 30450.0000 -0.5068 -0.2313 0.3510 0.6510 65.4660 0.0735 0.1154 0.0847 -0.0017 -0.0025 -0.0241 0.1368 0.4586 0.4504
1494720000.0000 30750.0000 -0.7135 0.0487 0.0563 0.7563 93.9057 0.1238 0.0441 0.1470 0.0170 -0.0391 -0.0260 0.1574 0.4516 0.3308
1494720000.0000 31050.0000 -0.6085 -0.1646 0.2383 0.7123 74.8692 0.0902 0.1082 0.0536 -0.0156 -0.0159 -0.0198 0.1260 0.4301 0.4079
1494720000.0000 31350.0000 -0.8558 0.0875 0.3207 0.9210 95.8400 0.1356 0.1017 0.1130 0.0259 0.0122 -0.0326 0.1752 0.3722 0.3269
1494720000.0000 31650.0000 -0.7214 -0.1647 0.4019 0.8268 77.1375 0.1297 0.1225 0.0888 0.0050 0.0093 -0.0262 0.1705 0.4004 0.3919
1494720000.0000 31950.0000 -0.9753 0.0470 0.1786 1.0132 92.7607 0.1037 0.0592 0.0658 0.0049 -0.0084 -0.0149 0.1144 0.2782 0.2386
1494720000.0000 32250.0000 -0.7076 -0.2580 0.2122 0.9104 69.9711 0.1457 0.1715 0.0513 -0.1033 0.0298 -0.0475 0.1842 0.4478 0.4317
1494720000.0000 32550.0000 -0.9345 -0.6558 0.5282 1.2327 54.9408 0.2551 0.1797 0.0598 0.0039 0.0321 0.0018 0.2472 0.3227 0.3334
1494720000.0000 32850.0000 -0.8440 0.0411 0.1607 0.9090 92.7855 0.0610 0.1183 0.1093 0.0072 0.0042 0.0047 0.1443 0.3606 0.2893
1494720000.0000 33150.0000 -0.6035 -0.2943 0.2293 0.7404 64.0015 0.0971 0.0846 0.0838 0.0011 0.0126 -0.0088 0.1327 0.4192 0.3665
1494720000.0000 33450.0000 -0.1863 -0.3378 0.2379 0.4496 28.8721 0.0483 0.0573 0.0756 0.0017 0.0049 0.0009 0.0906 0.5423 0.4863
1494720000.0000 33750.0000 -0.1367 -0.3807 0.1556 0.5422 19.7513 0.1185 0.0695 0.0939 0.0034 -0.0137 0.0027 0.1409 0.7072 0.6187
1494720000.0000 34050.0000 -0.3084 -0.2047 0.1375 0.4375 56.4200 0.0738 0.0479 0.0428 0.0387 -0.0287 -0.0049 0.0822 0.5930 0.5441
1494720000.0000 34350.0000 -0.0321 -0.4925 0.0469 0.5429 3.7306 0.0414 0.1189 0.0455 -0.0161 0.0162 0.0148 0.1029 0.5285 0.4685
1494720000.0000 34650.0000 0.1259 -0.7216 0.1847 0.7886 350.1065 0.0850 0.1294 0.1179 -0.0286 0.0330 -0.0201 0.1662 0.4406 0.3650
1494720000.0000 34950.0000 -0.0931 -0.4218 0.2001 0.5256 12.4441 0.0888 0.0930 0.1350 0.0193 -0.0210 -0.0148 0.1583 0.6825 0.5698
1494720000.0000 35250.0000 -0.3632 -0.3468 0.2232 0.5752 46.3226 0.0657 0.0607 0.1011 -0.0151 0.0101 0.0017 0.1137 0.5010 0.4086
1494720000.0000 35550.0000 0.0273 -0.6792 0.2334 0.7634 357.6952 0.1173 0.0678 0.0599 -0.0085 -0.0072 0.0083 0.1225 0.3976 0.3654
1494720000.0000 35850.0000 -0.7006 -0.3899 0.3639 0.8930 60.9024 0.1544 0.1151 0.1406 -0.0062 0.0094 0.0051 0.2051 0.4199 0.3738
1494720000.0000 36150.0000 -0.7362 -0.4235 0.3019 0.9888 60.0899 0.1775 0.2112 0.0974 -0.0636 0.0471 -0.0186 0.2430 0.4466 0.4238
1494720000.0000 36450.0000 -0.4668 -0.2751 0.1886 0.8551 59.4832 0.2433 0.2814 0.1301 -0.1008 -0.0309 -0.0223 0.3274 0.8143 0.7718
1494720000.0000 36750.0000 -0.7403 -0.0674 0.3332 0.8663 84.7999 0.1525 0.1817 0.2030 0.0239 0.0025 -0.1001 0.2686 0.5195 0.4490
1494720000.0000 37050.0000 -1.0549 -0.4251 0.5781 1.2677 68.0510 0.6202 0.2915 0.2331 0.0448 -0.0883 -0.0275 0.5724 0.4842 0.4847
1494720000.0000 37350.0000 -1.4809 -0.1166 0.5823 1.6173 85.4965 0.5280 0.3843 0.2188 0.0528 0.0182 -0.1072 0.5655 0.3848 0.3712
1494720000.0000 37650.0000 -2.0893 -0.6389 0.7305 2.3140 72.9959 0.6432 0.4479 0.2462 -0.1642 -0.0076 -0.0153 0.6686 0.2898 0.2760
1494720000.0000 37950.0000 -1.7864 -0.7490 0.7538 2.0466 67.2536 0.5241 0.3169 0.1924 -0.0838 0.0789 -0.0434 0.5167 0.2824 0.2734
1494720000.0000 38250.0000 -0.4865 -0.3034 0.2637 0.8514 58.0554 0.4330 0.3376 0.1259 0.2592 -0.1024 -0.0987 0.4482 0.8662 0.8839
1494720000.0000 38550.0000 -1.4992 -0.0516 0.4527 1.6863 88.0299 0.2405 0.5247 0.2763 0.0106 -0.0410 -0.2477 0.5208 0.3760 0.3367
1494720000.0000 38850.0000 -0.5870 -0.5516 0.3525 0.9230 46.7765 0.1380 0.1563 0.0572 -0.0411 0.0256 -0.0104 0.1758 0.3893 0.3889
1494720000.0000 39150.0000 -0.5067 -0.1085 0.3912 1.1090 77.9111 0.6630 0.4930 0.1457 -0.3041 0.0208 -0.0687 0.6509 1.0145 1.1980
1494720000.0000 39450.0000 -0.6632 -1.1510 0.6393 1.4646 29.9510 0.3348 0.2268 0.1642 -0.0860 -0.0133 0.0119 0.3629 0.3336 0.3257
1494720000.0000 39750.0000 -1.7189 -0.3227 0.7373 1.9170 79.3667 0.4791 0.5202 0.2466 -0.1318 0.0560 -0.0966 0.6229 0.3395 0.3300
1494720000.0000 40050.0000 -1.3178 -1.0582 0.6511 1.7806 51.2341 0.5144 0.2150 0.1579 0.0442 -0.0708 -0.0078 0.4436 0.3003 0.2918
1494720000.0000 40350.0000 -1.5688 0.2631 0.2016 1.9332 99.5188 1.3742 0.7527 0.5246 0.2039 -0.3350 -0.3082 1.3257 0.5863 0.5293
1494720000.0000 40650.0000 -1.2601 -0.0029 0.5165 1.4100 89.8693 0.6573 0.3045 0.1678 -0.0255 0.0495 -0.0497 0.5648 0.4506 0.4494
1494720000.0000 40950.0000 -0.7560 -0.0348 0.3837 0.8523 87.3641 0.3413 0.1121 0.1077 -0.0300 -0.0013 0.0041 0.2805 0.5096 0.5136
1494720000.0000 41250.0000 -0.4004 -0.0807 0.3189 0.6986 78.6076 0.2013 0.2382 0.1066 0.0189 0.0160 -0.0291 0.2731 0.8233 0.9370
1494720000.0000 41550.0000 -0.9066 -0.8946 0.6163 1.4171 45.3800 0.3266 0.3035 0.1189 -0.0313 0.0527 0.0240 0.3745 0.3531 0.3598
1494720000.0000 41850.0000 -0.0685 -0.7101 0.3031 0.8411 5.5098 0.2185 0.1520 0.0886 0.0865 -0.0598 -0.0419 0.2296 0.5047 0.4926
1494720000.0000 42150.0000 -0.0277 -0.9983 0.3616 1.1818 1.5884 0.3843 0.2303 0.1444 -0.0256 -0.1077 -0.0468 0.3794 0.4735 0.4532
1494720000.0000 42450.0000 -0.1244 -0.8894 0.5021 1.0618 7.9641 0.3117 0.1797 0.1238 -0.0568 -0.0782 0.0039 0.3076 0.4401 0.4506
1494720000.0000 42750.0000 0.1231 -0.6541 0.1470 0.9488 349.3432 0.3705 0.3005 0.1624 0.0384 -0.1284 -0.0545 0.4167 0.7732 0.7106
1494720000.0000 43050.0000 -0.0208 0.0837 -0.0495 0.8427 166.0696 0.4004 0.5653 0.2961 0.0100 -0.1495 -0.1306 0.6309 6.5243 6.5816
1494720000.0000 43350.0000 -0.9245 -0.0908 0.3010 1.1630 84.3922 0.5398 0.4303 0.1781 0.0191 -0.0161 -0.1423 0.5741 0.6336 0.6122
1494720000.0000 43650.0000 -1.2376 0.4155 0.2511 1.4552 108.5574 0.6240 0.5603 0.2032 -0.2885 0.0917 -0.1582 0.6938 0.5116 0.4813
1494720000.0000 43950.0000 -1.1967 -0.2816 0.5092 1.3155 76.7606 0.2875 0.2186 0.1211 0.0039 0.0347 -0.0209 0.3136 0.3436 0.3341
1494720000.0000 44250.0000 -1.2286 -0.0054 0.3301 1.4517 89.7490 0.2499 0.5822 0.2704 -0.0983 0.0821 -0.2226 0.5512 0.4765 0.4287
1494720000.0000 44550.0000 0.1449 0.1414 -0.0379 0.7817 225.7189 0.3849 0.4045 0.1867 0.0469 -0.0270 -0.0272 0.4881 2.7694 2.5338
1494720000.0000 44850.0000 -0.0013 0.5189 0.1459 0.9914 179.8573 0.7756 0.2501 0.3824 0.0786 -0.2789 -0.0895 0.7041 1.2710 1.1268
1494720000.0000 45150.0000 0.7821 0.5710 -0.3602 1.3063 233.8682 1.1816 1.0908 0.6340 0.9597 -0.6563 -0.6224 1.4532 0.9527 0.8988
1494720000.0000 45450.0000 0.2658 0.8735 -0.4097 1.6410 196.9246 1.0726 1.2725 0.8612 0.3967 -0.5067 -0.6395 1.6031 1.0330 0.9683
1494720000.0000 45750.0000 -1.0470 0.6166 -0.0030 1.6391 120.4959 1.2673 0.9785 0.3546 -0.5985 -0.0826 -0.0932 1.3002 0.7662 0.7121
1494720000.0000 46050.0000 -0.9751 0.3148 0.0619 1.2287 107.8922 0.6960 0.3498 0.2287 -0.2521 -0.1067 0.0115 0.6373 0.6350 0.5762
1494720000.0000 46350.0000 -0.7206 0.3229 0.1795 0.8954 114.1407 0.1465 0.1762 0.1512 -0.0187 0.0095 -0.0477 0.2369 0.4908 0.4153
1494720000.0000 46650.0000 -0.3953 0.2554 -0.0093 0.7121 122.8622 0.2221 0.3214 0.2251 -0.1446 0.0761 -0.1153 0.3843 1.0753 0.9044
1494720000.0000 46950.0000 0.1843 0.2179 -0.0455 0.8675 220.2123 0.4566 0.4819 0.3172 0.1412 -0.1555 -0.1662 0.6279 2.2386 1.9598
1494720000.0000 47250.0000 -0.4682 0.1209 0.0662 0.8934 104.4789 0.5355 0.3293 0.1807 -0.1424 -0.0174 -0.0857 0.5227 1.2096 1.1104
1494720000.0000 47550.0000 -0.2422 -0.2733 0.2634 0.6667 41.5444 0.2538 0.1343 0.1181 -0.0367 -0.0334 -0.0307 0.2531 0.9122 0.9848
1494720000.0000 47850.0000 -0.0216 0.3217 -0.1345 0.7963 176.1645 0.4305 0.2887 0.3334 0.0545 -0.1105 -0.1582 0.5263 1.6955 1.5185
1494720000.0000 48150.0000 -0.2590 -0.4200 0.1166 0.6276 31.6600 0.1084 0.1906 0.1698 -0.0292 0.0011 0.0193 0.2344 0.7796 0.6397
1494720000.0000 48450.0000 -0.0768 0.0015 0.0418 0.8854 91.1136 0.7085 0.3550 0.2380 -0.0616 -0.0609 -0.0559 0.6507 7.5294 7.7503
1494720000.0000 48750.0000 -1.4031 0.5174 0.4142 1.6750 110.2409 0.6907 0.5080 0.3981 -0.0129 0.0504 -0.1834 0.7984 0.4702 0.4227
1494720000.0000 49050.0000 -1.4924 0.5690 0.3286 1.7275 110.8684 0.7342 0.3404 0.3041 -0.1164 -0.0695 -0.0019 0.6894 0.4157 0.3747
1494720000.0000 49350.0000 -0.2114 0.5227 -0.0082 1.0467 157.9756 0.8177 0.3914 0.3407 0.1840 -0.1963 -0.2197 0.7749 1.2746 1.1259
1494720000.0000 49650.0000 -0.7330 0.2945 0.1940 0.9323 111.8850 0.2498 0.2218 0.1958 -0.0105 0.0148 -0.0588 0.3337 0.5798 0.5019
1494720000.0000 49950.0000 0.0501 -0.5604 0.3716 0.7023 354.8919 0.1348 0.1613 0.0942 -0.0583 0.0516 -0.0497 0.1951 0.5349 0.5583
1494720000.0000 50250.0000 -0.2130 -0.2882 0.0991 0.6836 36.4654 0.1666 0.3189 0.1712 -0.0522 0.0214 -0.1318 0.3284 1.2585 1.1226
1494720000.0000 50550.0000 -0.4021 0.4310 0.0875 0.8793 136.9855 0.3203 0.3133 0.1566 -0.0093 -0.0071 -0.1216 0.3951 0.8613 0.7797
1494720000.0000 50850.0000 -0.1720 0.4533 -0.0295 1.0059 159.2229 0.6568 0.3444 0.3041 0.1958 -0.2032 -0.1665 0.6526 1.3579 1.1915
1494720000.0000 51150.0000 0.0313 -0.4530 0.1479 0.6025 356.0503 0.1326 0.0869 0.1222 -0.0254 0.0015 0.0123 0.1709 0.7066 0.5957
1494720000.0000 51450.0000 -0.3644 -0.1764 0.2932 0.6787 64.1737 0.1969 0.2183 0.1140 -0.0465 0.0593 -0.0495 0.2646 0.8403 0.9190
1494720000.0000 51750.0000 -0.3769 0.5505 -0.0950 1.0655 145.6014 0.6699 0.3120 0.2555 -0.0161 -0.0512 -0.1235 0.6187 0.9531 0.8575
1494720000.0000 52050.0000 -0.0713 0.3956 -0.0317 0.6214 169.7785 0.1464 0.2120 0.2512 0.0164 -0.0420 -0.0870 0.3048 1.1179 0.8598
1494720000.0000 52350.0000 0.2052 0.6221 -0.2800 1.1046 198.2586 0.7647 0.2676 0.1783 -0.0110 -0.0748 -0.0708 0.6052 0.8916 0.8954
1494720000.0000 52650.0000 -0.6770 0.5894 0.0780 1.1347 131.0438 0.6244 0.2308 0.2189 -0.0923 0.0455 -0.0960 0.5371 0.6641 0.5948
1494720000.0000 52950.0000 -0.3409 0.1813 0.0930 0.5711 118.0017 0.1548 0.1088 0.1075 -0.0270 0.0015 -0.0559 0.1856 0.8857 0.7678
1494720000.0000 53250.0000 -0.5162 0.2895 0.1058 0.6853 119.2800 0.1157 0.1012 0.0790 -0.0211 0.0150 -0.0345 0.1479 0.5223 0.4543
1494720000.0000 53550.0000 -0.0022 -0.1795 0.1473 0.6876 0.7158 0.4826 0.1137 0.1204 0.0137 -0.0870 -0.0296 0.3583 2.1053 2.4841
1494720000.0000 53850.0000 -0.3415 0.2341 0.0696 0.5406 124.4347 0.1114 0.1005 0.0525 0.0094 0.0050 -0.0173 0.1322 0.7070 0.6417
1494720000.0000 54150.0000 -0.3616 0.2202 0.0558 0.6720 121.3448 0.2415 0.1284 0.1179 -0.0240 -0.0242 -0.0444 0.2439 0.9442 0.8294
1494720000.0000 54450.0000 -0.8384 0.5459 0.0765 1.0450 123.0683 0.0722 0.0947 0.0755 -0.0004 -0.0067 -0.0439 0.1212 0.2833 0.2358
1494720000.0000 54750.0000 -0.5622 0.4235 0.0574 1.0018 126.9909 0.5879 0.4447 0.2178 -0.2328 -0.0363 -0.0970 0.6252 0.9141 0.8335
1494720000.0000 55050.0000 -0.5683 0.5136 -0.0196 1.0636 132.1077 0.3634 0.4396 0.1464 -0.1724 -0.0388 -0.0347 0.4747 0.7341 0.6754
1494720000.0000 55350.0000 0.6708 0.7651 -0.2579 1.3227 221.2419 0.6814 0.5212 0.4134 0.0661 -0.2510 -0.1091 0.8080 0.6992 0.6223
1494720000.0000 55650.0000 0.5973 0.6105 -0.1586 1.1425 224.3765 0.4292 0.4989 0.3459 0.0690 -0.1831 -0.1580 0.6370 0.7502 0.6512
1494720000.0000 55950.0000 0.7865 -0.1354 -0.0750 1.0537 279.7650 0.2547 0.4521 0.2786 0.0381 -0.1287 -0.1203 0.4927 0.7150 0.6082
1494720000.0000 56250.0000 0.8422 0.1837 -0.1447 1.1715 257.6942 0.4221 0.6380 0.4215 0.2553 -0.2601 -0.3555 0.7408 0.8041 0.6896
1494720000.0000 56550.0000 0.8763 0.0655 -0.1273 1.2109 265.7251 0.5144 0.6309 0.2788 0.1330 -0.1593 -0.2113 0.7121 0.7759 0.7031
1494720000.0000 56850.0000 0.8697 -0.7637 0.0432 1.2725 311.2870 0.2519 0.2902 0.2353 -0.0292 -0.0631 -0.0682 0.3887 0.4395 0.3673
1494720000.0000 57150.0000 0.8369 -0.8712 0.1043 1.3114 316.1511 0.2101 0.2980 0.2959 -0.0384 -0.0610 -0.0696 0.4020 0.4269 0.3406
1494720000.0000 57450.0000 0.7760 -0.6900 0.0994 1.2332 311.6445 0.2096 0.3943 0.2451 0.0976 -0.0712 -0.1419 0.4245 0.5100 0.4320
1494720000.0000 57750.0000 0.4742 -0.6237 0.1568 0.9264 322.7550 0.1822 0.2879 0.1863 0.0024 -0.0512 -0.0652 0.3282 0.5854 0.5052
1494720000.0000 58050.0000 0.5010 -0.3812 0.1511 0.8618 307.2636 0.1663 0.3287 0.1360 -0.0685 -0.0102 -0.0610 0.3155 0.7084 0.6453
1494720000.0000 58350.0000 0.9242 -0.5805 0.0012 1.2266 302.1335 0.1641 0.3366 0.2932 0.0202 -0.0870 -0.0994 0.3969 0.4713 0.3743
1494720000.0000 58650.0000 0.7749 -0.5318 0.0174 1.0617 304.4601 0.1996 0.2815 0.1840 0.0310 -0.0904 -0.0909 0.3326 0.5009 0.4261
1494720000.0000 58950.0000 -0.0266 -0.3778 0.1788 0.8359 4.0279 0.4190 0.2964 0.3054 0.0174 -0.1422 -0.0260 0.5104 1.3928 1.2895
1494720000.0000 59250.0000 0.5319 -0.7082 0.1754 1.1112 323.0918 0.3100 0.4180 0.2760 0.0534 -0.1567 -0.0272 0.5020 0.6407 0.5561
1494720000.0000 59550.0000 0.5782 -0.1777 -0.0666 1.0988 287.0892 0.6672 0.5563 0.3280 0.0657 -0.1725 -0.1761 0.7758 1.1818 1.0558
1494720000.0000 59850.0000 0.1926 -0.2387 0.2408 0.9380 321.1056 0.5838 0.3717 0.3451 0.0325 -0.2929 -0.0691 0.6503 1.6885 1.8400
1494720000.0000 60150.0000 0.6217 -0.6273 0.2617 1.1415 315.2569 0.2789 0.4972 0.3101 -0.0105 -0.0496 -0.1079 0.5431 0.6532 0.5759
1494720000.0000 60450.0000 0.5445 -0.7509 0.1867 1.0327 324.0501 0.2044 0.2544 0.1872 -0.0617 -0.0035 -0.0431 0.3230 0.4905 0.4216
1494720000.0000 60750.0000 0.5075 -0.7619 0.1422 0.9942 326.3332 0.1798 0.1609 0.1158 -0.0286 -0.0406 -0.0162 0.2282 0.4211 0.3681
1494720000.0000 61050.0000 0.1081 -0.8417 0.2572 1.0255 352.6808 0.3142 0.2042 0.1359 -0.1398 0.0459 -0.0457 0.3271 0.5266 0.4898
1494720000.0000 61350.0000 0.3091 -0.1643 0.1082 0.7072 297.9953 0.2562 0.3518 0.1402 0.1385 -0.1184 -0.1002 0.3741 1.3631 1.2861
1494720000.0000 61650.0000 0.1621 -0.4662 0.1056 0.7843 340.8255 0.3118 0.2582 0.1587 -0.1160 -0.0500 0.0013 0.3644 0.9764 0.8831
1494720000.0000 61950.0000 0.3321 -0.4797 0.2973 0.8193 325.3062 0.1509 0.3107 0.2086 0.0599 0.0151 -0.0737 0.3351 0.7218 0.6723
1494720000.0000 62250.0000 0.2506 -0.7699 0.1818 0.9096 341.9716 0.1196 0.1401 0.1342 0.0081 -0.0193 -0.0265 0.1969 0.4366 0.3634
1494720000.0000 62550.0000 0.4045 -0.6933 0.0363 0.9356 329.7404 0.1263 0.3061 0.1455 -0.0155 -0.0362 -0.0347 0.2890 0.5463 0.4730
1494720000.0000 62850.0000 0.7367 -0.5761 0.0217 1.0976 308.0233 0.3373 0.2442 0.2168 0.0506 -0.1544 -0.0603 0.3991 0.5514 0.4708
1494720000.0000 63150.0000 -0.1772 -0.3719 0.0414 0.6708 25.4696 0.2610 0.0819 0.0914 -0.0446 0.0050 0.0073 0.2172 0.9190 0.8207
1494720000.0000 63450.0000 -0.5432 0.0017 0.0775 0.6554 90.1744 0.0974 0.0932 0.0720 0.0229 -0.0041 -0.0472 0.1313 0.5391 0.4640
1494720000.0000 63750.0000 -0.4072 0.0021 0.0381 0.4963 90.2959 0.0930 0.0611 0.0610 0.0166 -0.0070 -0.0084 0.1075 0.6546 0.5565
1494720000.0000 64050.0000 -0.2628 -0.0053 -0.0574 0.4480 88.8525 0.0612 0.1430 0.1134 0.0163 -0.0355 -0.0470 0.1588 1.2092 0.9925
1494720000.0000 64350.0000 -0.5072 0.1488 0.0907 0.6593 106.3461 0.1428 0.1111 0.0742 -0.0023 -0.0475 -0.0141 0.1641 0.6166 0.5504
1494720000.0000 64650.0000 -0.1848 -0.2653 0.0897 0.5885 34.8506 0.1169 0.1562 0.0310 -0.0955 -0.0080 0.0084 0.1520 0.9489 0.9332
1494720000.0000 64950.0000 -0.4044 0.2178 0.0199 0.6740 118.3011 0.0912 0.2432 0.0829 -0.0092 -0.0157 -0.0420 0.2087 0.8112 0.7269
1494720000.0000 65250.0000 0.0432 -0.0110 -0.0248 0.6754 284.2560 0.2996 0.2904 0.1920 0.0749 -0.1334 -0.1325 0.3910 9.9990 9.9397
1494720000.0000 65550.0000 -0.1358 0.4030 0.0526 0.7160 161.3853 0.3419 0.1437 0.1598 -0.0506 -0.0767 0.0157 0.3227 1.0824 0.9460
1494720000.0000 65850.0000 0.3521 -0.0101 -0.0847 0.5937 271.6430 0.1699 0.2448 0.1138 0.1382 -0.0643 -0.0883 0.2643 1.1586 1.0556
1494720000.0000 66150.0000 0.6093 0.1634 -0.0759 0.9316 254.9883 0.2269 0.4805 0.1927 0.1079 -0.1022 -0.1287 0.4500 0.8621 0.7698
1494720000.0000 66450.0000 0.6225 0.3140 -0.2606 0.9530 243.2319 0.3919 0.4217 0.2619 0.0509 -0.1989 -0.1260 0.5377 0.8044 0.7469
1494720000.0000 66750.0000 0.4717 0.2024 -0.0791 0.7107 246.7733 0.1522 0.2911 0.1279 0.1083 -0.0727 -0.1167 0.2856 0.8402 0.7489
1494720000.0000 67050.0000 0.6708 -0.5084 -0.0604 0.9560 307.1619 0.0760 0.2403 0.0653 -0.0207 -0.0306 0.0096 0.1908 0.4226 0.3858
1494720000.0000 67350.0000 0.6277 -0.9201 0.0827 1.1381 325.6977 0.0474 0.0670 0.0584 -0.0013 -0.0001 -0.0114 0.0864 0.2148 0.1753
1494720000.0000 67650.0000 0.2093 -0.5456 0.0779 0.7037 339.0165 0.1690 0.0891 0.1732 -0.0096 0.0029 -0.0611 0.2156 0.6431 0.5019
1494720000.0000 67950.0000 0.3566 -0.5192 -0.0256 0.6852 325.5158 0.0797 0.0682 0.0563 -0.0045 -0.0212 -0.0111 0.1021 0.4139 0.3525
1494720000.0000 68250.0000 0.1577 -0.2474 0.0342 0.3795 327.4932 0.0493 0.0626 0.0511 -0.0020 -0.0270 -0.0020 0.0815 0.7890 0.6582
1494720000.0000 68550.0000 0.4030 -0.5867 -0.0935 0.7456 325.5173 0.0595 0.0554 0.0332 -0.0112 -0.0069 0.0038 0.0740 0.3095 0.2749
1494720000.0000 68850.0000 0.2528 -0.3680 -0.0752 0.5074 325.5094 0.0581 0.0392 0.0427 0.0021 -0.0152 -0.0016 0.0700 0.4770 0.4033
1494720000.0000 69150.0000 0.0973 -0.3585 -0.0006 0.4548 344.8208 0.0244 0.0863 0.0381 0.0070 -0.0140 -0.0101 0.0744 0.5995 0.5171
1494720000.0000 69450.0000 0.3131 -0.2822 -0.0639 0.4633 312.0212 0.0289 0.0602 0.0161 -0.0156 -0.0051 0.0006 0.0526 0.4392 0.4087
1494720000.0000 69750.0000 0.6595 -0.3737 -0.1744 0.7844 299.5365 0.0260 0.0439 0.0172 -0.0006 -0.0083 0.0018 0.0436 0.2191 0.2014
1494720000.0000 70050.0000 0.4165 -0.2587 -0.1427 0.5211 301.8408 0.0505 0.0383 0.0349 -0.0166 -0.0161 -0.0047 0.0618 0.3976 0.3509
1494720000.0000 70350.0000 0.6161 -0.4428 -0.1313 0.7873 305.7036 0.0336 0.0578 0.0223 -0.0052 -0.0099 0.0081 0.0569 0.2529 0.2301
1494720000.0000 70650.0000 0.8060 -0.3930 -0.2115 0.9231 295.9933 0.0385 0.0438 0.0338 0.0050 -0.0117 -0.0022 0.0580 0.2135 0.1847
1494720000.0000 70950.0000 1.0569 -0.3685 -0.3041 1.1462 289.2222 0.0900 0.0507 0.0640 0.0069 -0.0460 -0.0009 0.1024 0.2252 0.1935
1494720000.0000 71250.0000 1.2045 -0.1986 -0.3605 1.2560 279.3644 0.0915 0.0909 0.0816 -0.0022 -0.0387 0.0015 0.1320 0.2331 0.2020
1494720000.0000 71550.0000 0.8624 -0.1855 -0.2071 0.9074 282.1409 0.0483 0.0489 0.0402 -0.0007 -0.0170 -0.0052 0.0687 0.2361 0.2040
1494720000.0000 71850.0000 0.9882 -0.2559 -0.2852 1.0459 284.5208 0.0555 0.0629 0.0391 -0.0138 -0.0210 0.0017 0.0787 0.2161 0.1946
1494720000.0000 72150.0000 1.1122 -0.3477 -0.3140 1.1875 287.3616 0.0565 0.0567 0.0384 -0.0001 -0.0193 -0.0053 0.0758 0.1862 0.1667
1494720000.0000 72450.0000 1.1707 -0.1444 -0.3797 1.2030 277.0300 0.0584 0.0601 0.0412 -0.0001 -0.0188 0.0075 0.0798 0.1862 0.1685
1494720000.0000 72750.0000 1.1402 -0.1566 -0.3307 1.1742 277.8193 0.0677 0.0568 0.0574 0.0000 -0.0285 0.0001 0.0909 0.2056 0.1770
1494720000.0000 73050.0000 1.1645 -0.1899 -0.3909 1.2018 279.2628 0.0655 0.0548 0.0543 -0.0030 -0.0270 0.0038 0.0872 0.1940 0.1697
1494720000.0000 73350.0000 1.1197 -0.4334 -0.3221 1.2375 291.1598 0.1332 0.1007 0.0857 -0.0207 -0.0531 0.0033 0.1598 0.2626 0.2326
1494720000.0000 73650.0000 1.2640 -0.4122 -0.3793 1.3635 288.0597 0.0671 0.0895 0.0646 0.0094 -0.0274 0.0068 0.1106 0.1964 0.1719
1494720000.0000 73950.0000 1.3936 -0.2066 -0.4498 1.4343 278.4334 0.0726 0.0750 0.0659 -0.0125 -0.0260 0.0101 0.1068 0.1804 0.1575
1494720000.0000 74250.0000 1.5363 -0.3281 -0.4838 1.5909 282.0551 0.0681 0.0645 0.0573 -0.0031 -0.0221 0.0084 0.0949 0.1530 0.1338
1494720000.0000 74550.0000 1.3343 -0.1418 -0.4664 1.3614 276.0660 0.0619 0.0568 0.0495 -0.0149 -0.0261 0.0106 0.0841 0.1667 0.1483
1494720000.0000 74850.0000 1.2811 0.3566 -0.5297 1.3444 254.4461 0.0193 0.0401 0.0193 0.0034 -0.0073 -0.0062 0.0393 0.1131 0.1058
1494720000.0000 75150.0000 1.2137 0.3265 -0.5013 1.2689 254.9410 0.0215 0.0350 0.0175 0.0095 -0.0050 -0.0031 0.0370 0.1161 0.1092
1494720000.0000 75450.0000 1.0516 -0.1603 -0.3565 1.0709 278.6672 0.0167 0.0160 0.0117 -0.0036 -0.0010 -0.0028 0.0222 0.1083 0.0981
1494720000.0000 75750.0000 0.4338 -0.3471 -0.0319 0.6116 308.6621 0.0948 0.0358 0.0247 0.0125 -0.0355 -0.0063 0.0777 0.4090 0.3757
1494720000.0000 76050.0000 0.3600 -0.6412 -0.0148 0.7562 330.6891 0.0222 0.0438 0.0199 -0.0002 -0.0060 -0.0012 0.0430 0.2301 0.2017
1494720000.0000 76350.0000 0.3344 -0.7290 0.0343 0.8210 335.3593 0.0360 0.0220 0.0210 -0.0050 -0.0055 0.0041 0.0395 0.2021 0.1734
1494720000.0000 76650.0000 -0.1417 -0.4688 0.1442 0.5117 16.8120 0.0190 0.0137 0.0055 -0.0047 0.0005 0.0002 0.0191 0.2211 0.2131
1494720000.0000 76950.0000 -0.1008 -0.5664 0.1631 0.5963 10.0934 0.0235 0.0152 0.0056 0.0039 -0.0020 -0.0009 0.0222 0.2032 0.1973
1494720000.0000 77250.0000 -0.1160 -0.7998 0.2310 0.8181 8.2545 0.0143 0.0263 0.0071 -0.0028 -0.0013 -0.0022 0.0238 0.1500 0.1440
1494720000.0000 77550.0000 0.0678 -0.7308 0.1271 0.7406 354.6965 0.0100 0.0089 0.0041 0.0017 -0.0028 -0.0022 0.0115 0.1176 0.1081
1494720000.0000 77850.0000 0.1573 -0.9248 0.1614 0.9438 350.3441 0.0151 0.0138 0.0026 -0.0111 0.0012 -0.0006 0.0158 0.1077 0.1046
1494720000.0000 78150.0000 0.1590 -0.8485 0.0994 0.8667 349.3880 0.0057 0.0147 0.0044 0.0006 0.0002 -0.0045 0.0124 0.1047 0.0956
1494720000.0000 78450.0000 0.2800 -0.4491 -0.0458 0.5426 328.0596 0.0059 0.0217 0.0029 0.0032 -0.0015 -0.0042 0.0153 0.1900 0.1814
1494720000.0000 78750.0000 0.6324 -0.1276 -0.2157 0.6740 281.4082 0.0470 0.0277 0.0159 0.0244 -0.0154 -0.0113 0.0453 0.2555 0.2446
1494720000.0000 79050.0000 0.8058 -0.2316 -0.1889 0.9521 286.0380 0.1147 0.1185 0.0343 0.0973 -0.0489 -0.0540 0.1338 0.3474 0.3325
1494720000.0000 79350.0000 -0.0586 -0.4630 0.0987 0.4927 7.2188 0.0234 0.0081 0.0082 0.0010 -0.0065 -0.0010 0.0199 0.2413 0.2197
1494720000.0000 79650.0000 -0.1405 -0.3924 0.1129 0.4185 19.6955 0.0013 0.0039 0.0008 0.0003 -0.0004 -0.0004 0.0030 0.1031 0.0991
1494720000.0000 79950.0000 0.0074 -0.0355 -0.0152 0.1673 348.2102 0.0161 0.0209 0.0062 0.0168 -0.0096 -0.0103 0.0216 3.0485 3.0575
1494720000.0000 80250.0000 0.2816 0.1042 -0.1891 0.3065 249.6853 0.0060 0.0037 0.0016 0.0007 -0.0012 -0.0012 0.0057 0.1730 0.1895
1494720000.0000 80550.0000 0.5203 0.1165 -0.2444 0.5369 257.3754 0.0181 0.0044 0.0046 0.0041 -0.0059 -0.0020 0.0136 0.1621 0.1626
1494720000.0000 80850.0000 0.0247 0.0068 -0.0599 0.2066 254.5804 0.0531 0.0075 0.0181 0.0166 -0.0286 -0.0102 0.0394 2.4843 5.5376
1494720000.0000 81150.0000 -0.4692 0.0396 0.0736 0.4905 94.8240 0.0132 0.0176 0.0087 0.0070 -0.0066 -0.0052 0.0197 0.2405 0.2150
1494720000.0000 81450.0000 -0.2966 0.0072 0.0539 0.3024 91.3888 0.0030 0.0039 0.0012 0.0011 -0.0003 -0.0003 0.0040 0.1716 0.1607
1494720000.0000 81750.0000 -0.4282 0.0636 0.0956 0.4390 98.4432 0.0059 0.0043 0.0013 0.0029 -0.0018 -0.0017 0.0058 0.1401 0.1348
1494720000.0000 82050.0000 -0.4713 0.1180 0.0871 0.4951 104.0541 0.0119 0.0062 0.0029 0.0047 -0.0038 -0.0024 0.0105 0.1694 0.1598
1494720000.0000 82350.0000 -0.3237 0.0322 0.0335 0.3465 95.6763 0.0122 0.0140 0.0021 -0.0021 -0.0034 -0.0015 0.0142 0.2971 0.2874
1494720000.0000 82650.0000 -0.5723 -0.0350 0.1277 0.5870 86.4965 0.0348 0.0114 0.0049 -0.0112 -0.0048 0.0034 0.0256 0.2224 0.2166
1494720000.0000 82950.0000 -0.0582 -0.3146 0.0563 0.3291 10.4755 0.0066 0.0031 0.0058 0.0008 -0.0045 -0.0003 0.0078 0.2216 0.1778
1494720000.0000 83250.0000 -0.4589 -0.2515 0.1821 0.5345 61.2790 0.0215 0.0045 0.0024 -0.0015 -0.0033 -0.0001 0.0142 0.1756 0.1780
1494720000.0000 83550.0000 -0.2254 -0.1101 0.0379 0.2581 63.9604 0.0090 0.0040 0.0011 0.0014 -0.0019 -0.0010 0.0071 0.2711 0.2631
1494720000.0000 83850.0000 0.0651 -0.3075 -0.0474 0.3857 348.0376 0.0315 0.0717 0.0006 -0.0435 0.0012 -0.0022 0.0519 0.5852 0.5901
1494720000.0000 84150.0000 0.0520 -0.6947 0.1187 0.7136 355.7199 0.0227 0.0200 0.0053 -0.0186 -0.0075 0.0052 0.0240 0.1791 0.1713
1494720000.0000 84450.0000 -0.2601 -0.5171 0.1831 0.6026 26.7071 0.0175 0.0390 0.0054 -0.0084 -0.0003 -0.0017 0.0309 0.2365 0.2371
1494720000.0000 84750.0000 -0.0228 -0.5744 0.1101 0.5876 2.2729 0.0130 0.0400 0.0065 -0.0033 0.0013 -0.0001 0.0297 0.2406 0.2311
1494720000.0000 85050.0000 0.2130 -0.6895 0.0579 0.7344 342.8297 0.0199 0.0157 0.0093 -0.0007 -0.0079 0.0009 0.0224 0.1689 0.1508
1494720000.0000 85350.0000 0.1362 -0.7355 0.0403 0.7545 349.5079 0.0101 0.0037 0.0047 -0.0011 -0.0052 0.0006 0.0093 0.1049 0.0906
1494720000.0000 85650.0000 0.0200 -0.6239 0.1117 0.6541 358.1662 0.0282 0.0570 0.0061 -0.0328 -0.0034 0.0039 0.0456 0.2751 0.2700
1494720000.0000 85950.0000 -0.0840 -0.1954 -0.0364 0.2610 23.2477 0.0090 0.0305 0.0038 -0.0072 -0.0018 -0.0026 0.0216 0.5565 0.5391
1494720000.0000 86250.0000 -0.3555 -0.2495 0.1427 0.4718 54.9441 0.0278 0.0159 0.0063 -0.0100 -0.0071 0.0024 0.0250 0.2826 0.2781
1494806400.0000 86550.0000 -0.0600 -0.4308 0.0595 0.4628 7.9277 0.0214 0.0312 0.0096 -0.0166 -0.0064 0.0047 0.0311 0.3282 0.3045
1494806400.0000 86850.0000 0.1625 -0.7401 0.0555 0.7626 347.6150 0.0064 0.0170 0.0094 0.0015 -0.0002 -0.0049 0.0164 0.1377 0.1167
1494806400.0000 87150.0000 0.2352 -0.5929 -0.0030 0.6478 338.3580 0.0095 0.0250 0.0104 0.0011 -0.0046 -0.0076 0.0224 0.1918 0.1682
1494806400.0000 87450.0000 -0.0195 -0.4602 0.0849 0.4689 2.4223 0.0084 0.0088 0.0020 -0.0043 -0.0006 -0.0009 0.0096 0.1706 0.1642
1494806400.0000 87750.0000 -0.0952 -0.5991 0.1526 0.6110 9.0280 0.0052 0.0043 0.0025 -0.0004 0.0000 -0.0016 0.0060 0.1008 0.0924
1494806400.0000 88050.0000 -0.1269 -0.6482 0.1494 0.6645 11.0817 0.0041 0.0098 0.0014 -0.0020 0.0003 -0.0006 0.0076 0.1053 0.1029
1494806400.0000 88350.0000 -0.3132 -0.1838 0.1061 0.3795 59.5911 0.0057 0.0085 0.0028 -0.0052 0.0011 -0.0026 0.0085 0.1986 0.1893
1494806400.0000 88650.0000 -0.2333 -0.2562 0.0701 0.3576 42.3171 0.0037 0.0054 0.0008 -0.0030 -0.0005 -0.0001 0.0050 0.1634 0.1594
1494806400.0000 88950.0000 0.1385 -0.6326 0.0431 0.6543 347.6534 0.0134 0.0502 0.0025 -0.0170 0.0020 -0.0070 0.0330 0.2287 0.2249
1494806400.0000 89250.0000 0.1242 -0.9602 0.1709 0.9700 352.6281 0.0038 0.0143 0.0034 -0.0025 -0.0001 -0.0027 0.0108 0.0863 0.0803
1494806400.0000 89550.0000 -0.0644 -0.4777 0.0943 0.5093 7.6724 0.0158 0.0556 0.0053 -0.0220 0.0010 -0.0049 0.0384 0.3255 0.3200
1494806400.0000 89850.0000 0.3318 -0.9257 0.0388 0.9898 340.2823 0.0239 0.0547 0.0117 -0.0254 0.0087 -0.0160 0.0451 0.1762 0.1645
1494806400.0000 90150.0000 0.1864 -1.0419 0.1930 1.0780 349.8582 0.0540 0.0811 0.0059 -0.0545 0.0036 -0.0046 0.0705 0.2015 0.2005
1494806400.0000 90450.0000 -0.1590 -0.3684 0.0440 0.4434 23.3413 0.0216 0.0356 0.0066 -0.0177 -0.0042 0.0024 0.0319 0.3612 0.3441
1494806400.0000 90750.0000 -0.0097 -0.9355 0.1912 0.9390 0.5942 0.0062 0.0072 0.0064 -0.0008 -0.0009 0.0008 0.0099 0.0850 0.0714
1494806400.0000 91050.0000 0.3314 -1.0059 0.1035 1.0714 341.7646 0.0336 0.0438 0.0118 -0.0148 -0.0027 0.0037 0.0446 0.1620 0.1517
1494806400.0000 91350.0000 0.4890 -1.2537 0.1352 1.3544 338.6905 0.0176 0.0237 0.0107 0.0048 0.0013 0.0009 0.0260 0.0974 0.0872
1494806400.0000 91650.0000 0.2191 -1.2619 0.2378 1.2902 350.1523 0.0252 0.0258 0.0108 -0.0041 0.0017 -0.0008 0.0309 0.1103 0.1019
1494806400.0000 91950.0000 -0.3088 -0.6710 0.2394 0.8137 24.7099 0.0530 0.1152 0.0099 -0.0562 0.0127 -0.0177 0.0891 0.3139 0.3206
1494806400.0000 92250.0000 -0.3220 -0.4742 0.1019 0.7214 34.1786 0.0366 0.2084 0.0049 -0.0745 0.0066 -0.0181 0.1250 0.4958 0.4986
1494806400.0000 92550.0000 -0.2726 -0.7106 0.2360 0.7728 20.9865 0.0082 0.0348 0.0043 -0.0069 -0.0001 -0.0018 0.0236 0.1575 0.1572
1494806400.0000 92850.0000 -0.7500 -0.3530 0.2312 0.8493 64.7930 0.0288 0.0173 0.0046 -0.0155 -0.0056 0.0033 0.0254 0.1511 0.1496
1494806400.0000 93150.0000 -0.7045 -0.2834 0.1927 0.7690 68.0842 0.0225 0.0098 0.0057 -0.0023 0.0001 -0.0006 0.0190 0.1436 0.1367
1494806400.0000 93450.0000 -0.9127 -0.4055 0.3198 1.0059 66.0447 0.0135 0.0133 0.0070 -0.0020 -0.0016 0.0016 0.0169 0.1012 0.0947
1494806400.0000 93750.0000 -0.7158 -0.4040 0.2091 0.8340 60.5583 0.0255 0.0134 0.0036 -0.0035 -0.0000 0.0000 0.0212 0.1401 0.1384
1494806400.0000 94050.0000 -0.8776 -0.3641 0.2659 0.9514 67.4692 0.0038 0.0011 0.0010 -0.0012 -0.0011 0.0005 0.0030 0.0451 0.0426
1494806400.0000 94350.0000 -1.1209 -0.2468 0.2759 1.1596 77.5840 0.0188 0.0217 0.0014 -0.0159 0.0001 -0.0012 0.0209 0.1001 0.1012
1494806400.0000 94650.0000 -1.3080 -0.1703 0.3434 1.3306 82.5841 0.0088 0.0284 0.0040 -0.0091 0.0012 -0.0014 0.0206 0.0860 0.0844
1494806400.0000 94950.0000 -1.2179 -0.4438 0.3884 1.2983 69.9795 0.0031 0.0048 0.0018 -0.0010 0.0001 0.0001 0.0049 0.0421 0.0396
1494806400.0000 95250.0000 -1.1090 -0.5923 0.4016 1.2598 61.8935 0.0052 0.0059 0.0024 -0.0006 0.0011 -0.0003 0.0068 0.0509 0.0484
1494806400.0000 95550.0000 -1.2076 -0.4799 0.3782 1.3158 68.3266 0.0381 0.0406 0.0253 -0.0030 -0.0077 0.0183 0.0520 0.1376 0.1247
1494806400.0000 95850.0000 -0.4505 -0.9572 0.2949 1.0792 25.2029 0.0562 0.0161 0.0081 0.0001 -0.0068 0.0024 0.0402 0.1491 0.1467
1494806400.0000 96150.0000 -0.7971 -0.8100 0.4047 1.1604 44.5402 0.0512 0.0225 0.0089 -0.0161 0.0045 -0.0006 0.0413 0.1375 0.1379
1494806400.0000 96450.0000 -0.8626 -0.9032 0.4291 1.2684 43.6817 0.0460 0.0309 0.0111 -0.0096 -0.0050 0.0030 0.0440 0.1298 0.1283
1494806400.0000 96750.0000 -0.6210 -0.8109 0.3511 1.0270 37.4460 0.0107 0.0221 0.0046 0.0045 -0.0004 -0.0015 0.0187 0.1034 0.1023
1494806400.0000 97050.0000 -0.5088 -0.7571 0.3086 0.9291 33.9018 0.0252 0.0113 0.0027 -0.0109 -0.0009 0.0008 0.0196 0.1188 0.1210
1494806400.0000 97350.0000 -0.8662 -0.5728 0.3422 1.0666 56.5261 0.0395 0.0313 0.0037 -0.0263 0.0024 -0.0050 0.0372 0.1441 0.1479
1494806400.0000 97650.0000 -0.4861 -0.7414 0.3393 0.8937 33.2512 0.0132 0.0141 0.0101 0.0012 -0.0003 -0.0002 0.0187 0.1177 0.1076
1494806400.0000 97950.0000 -1.0518 -0.6268 0.3864 1.2422 59.2091 0.0305 0.0308 0.0081 -0.0138 0.0001 0.0026 0.0347 0.1184 0.1167
1494806400.0000 98250.0000 -0.7552 -1.2186 0.4615 1.5093 31.7894 0.1146 0.1602 0.0188 -0.0991 -0.0007 0.0073 0.1468 0.2077 0.2111
1494806400.0000 98550.0000 -0.3828 -1.7508 0.5708 1.8311 12.3346 0.1358 0.0620 0.0360 -0.0175 -0.0195 0.0114 0.1169 0.1484 0.1433
1494806400.0000 98850.0000 -0.7386 -1.8056 0.6739 1.9696 22.2480 0.0479 0.0711 0.0204 -0.0297 -0.0038 0.0130 0.0696 0.1044 0.1021
1494806400.0000 99150.0000 -1.0752 -1.3609 0.6184 1.7493 38.3098 0.0397 0.0476 0.0183 -0.0090 -0.0083 0.0123 0.0528 0.1019 0.0983
1494806400.0000 99450.0000 -0.5614 -1.7599 0.5531 1.8585 17.6909 0.0468 0.0874 0.0260 0.0159 0.0005 0.0047 0.0801 0.1198 0.1145
1494806400.0000 99750.0000 -0.3226 -1.8579 0.5639 1.9019 9.8492 0.0592 0.0819 0.0357 0.0057 -0.0038 0.0029 0.0884 0.1234 0.1150
1494806400.0000 100050.0000 -0.6890 -1.3836 0.5508 1.5617 26.4710 0.0305 0.0546 0.0139 -0.0223 -0.0018 -0.0007 0.0495 0.1107 0.1089
1494806400.0000 100350.0000 -0.8631 -1.5397 0.6193 1.7681 29.2740 0.0176 0.0154 0.0068 0.0085 -0.0039 -0.0028 0.0199 0.0616 0.0594
1494806400.0000 100650.0000 -0.6300 -1.8480 0.6523 1.9753 18.8240 0.0637 0.0718 0.0149 -0.0342 -0.0038 0.0009 0.0752 0.1088 0.1088
1494806400.0000 100950.0000 -0.8115 -2.0510 0.7930 2.2140 21.5879 0.0307 0.0425 0.0176 -0.0052 0.0026 0.0063 0.0454 0.0742 0.0708
1494806400.0000 101250.0000 -0.8035 -1.9746 0.7462 2.1363 22.1410 0.0233 0.0254 0.0142 0.0060 0.0015 -0.0007 0.0314 0.0641 0.0597
1494806400.0000 101550.0000 -1.0309 -1.9502 0.8091 2.2264 27.8626 0.0900 0.0955 0.0341 0.0042 -0.0057 0.0144 0.1098 0.1151 0.1127
1494806400.0000 101850.0000 -0.8763 -1.8140 0.7512 2.0323 25.7853 0.0568 0.0802 0.0230 -0.0095 0.0028 0.0130 0.0801 0.1074 0.1061
1494806400.0000 102150.0000 -0.5935 -1.9862 0.7167 2.0966 16.6367 0.0778 0.0977 0.0254 -0.0347 0.0046 0.0037 0.1004 0.1180 0.1167
1494806400.0000 102450.0000 -0.8052 -2.1298 0.8012 2.2928 20.7092 0.0602 0.1010 0.0374 -0.0075 0.0043 -0.0014 0.0993 0.1066 0.1018
1494806400.0000 102750.0000 -0.4712 -1.9289 0.6678 2.0073 13.7269 0.0753 0.0544 0.0214 -0.0227 0.0008 0.0057 0.0755 0.1071 0.1047
1494806400.0000 103050.0000 -0.5826 -1.9589 0.7018 2.0545 16.5637 0.0368 0.0702 0.0226 -0.0069 0.0065 -0.0039 0.0648 0.0962 0.0924
1494806400.0000 103350.0000 -0.6986 -1.8326 0.6874 1.9728 20.8676 0.0453 0.0352 0.0140 -0.0014 0.0026 0.0042 0.0472 0.0854 0.0835
1494806400.0000 103650.0000 -0.6753 -1.7595 0.6600 1.9008 20.9953 0.0568 0.0693 0.0239 -0.0018 0.0059 0.0080 0.0750 0.1120 0.1088
1494806400.0000 103950.0000 -0.8961 -1.7579 0.7303 1.9827 27.0115 0.0331 0.0392 0.0206 -0.0039 0.0065 0.0031 0.0464 0.0836 0.0786
1494806400.0000 104250.0000 -0.9509 -1.5563 0.6866 1.8399 31.4253 0.0442 0.0948 0.0258 0.0064 0.0093 0.0041 0.0824 0.1203 0.1180
1494806400.0000 104550.0000 -0.7549 -1.8350 0.6706 1.9908 22.3611 0.0300 0.0328 0.0143 0.0067 -0.0011 0.0031 0.0386 0.0766 0.0729
1494806400.0000 104850.0000 -0.4830 -1.6245 0.5249 1.7036 16.5598 0.0295 0.0423 0.0166 0.0033 0.0003 0.0052 0.0442 0.0967 0.0912
1494806400.0000 105150.0000 -0.5309 -1.7766 0.6118 1.8639 16.6367 0.0308 0.0561 0.0159 -0.0050 0.0022 -0.0040 0.0514 0.0948 0.0918
1494806400.0000 105450.0000 -1.0792 -1.8936 0.8103 2.1968 29.6799 0.0816 0.0584 0.0196 0.0032 -0.0114 0.0041 0.0798 0.0992 0.0991
1494806400.0000 105750.0000 -1.0606 -1.9103 0.8088 2.2183 29.0379 0.0867 0.1628 0.0319 -0.0562 -0.0008 -0.0001 0.1407 0.1315 0.1320
1494806400.0000 106050.0000 -0.7304 -2.4062 0.7880 2.5537 16.8860 0.1680 0.1160 0.0479 -0.0542 -0.0107 0.0237 0.1659 0.1262 0.1223
1494806400.0000 106350.0000 -1.1201 -2.1809 0.8791 2.4715 27.1841 0.0895 0.1519 0.0421 0.0097 0.0094 0.0154 0.1417 0.1180 0.1157
1494806400.0000 106650.0000 -0.8852 -1.9660 0.8052 2.1788 24.2397 0.1070 0.0894 0.0570 0.0162 0.0176 0.0174 0.1267 0.1263 0.1187
1494806400.0000 106950.0000 -0.5741 -1.9749 0.7003 2.0748 16.2087 0.0659 0.0536 0.0251 -0.0131 0.0014 0.0084 0.0723 0.1010 0.0970
1494806400.0000 107250.0000 -0.8321 -1.9215 0.7005 2.1299 23.4157 0.1365 0.0912 0.0422 -0.0323 0.0115 0.0093 0.1349 0.1358 0.1316
1494806400.0000 107550.0000 -1.1268 -1.7734 0.7738 2.1309 32.4326 0.0880 0.0876 0.0369 -0.0379 0.0116 0.0054 0.1062 0.1189 0.1151
1494806400.0000 107850.0000 -1.1862 -1.5915 0.7023 2.0307 36.6987 0.1581 0.0911 0.0460 -0.0580 0.0213 0.0023 0.1476 0.1490 0.1452
1494806400.0000 108150.0000 -1.3416 -1.4857 0.7792 2.0224 42.0825 0.0797 0.0564 0.0252 -0.0125 0.0069 0.0094 0.0807 0.1079 0.1064
1494806400.0000 108450.0000 -1.5483 -1.2497 0.8449 2.0060 51.0920 0.0860 0.0726 0.0151 0.0170 0.0035 0.0018 0.0868 0.1113 0.1155
1494806400.0000 108750.0000 -1.4059 -1.4077 0.7849 2.0033 44.9636 0.0483 0.0333 0.0131 -0.0147 0.0022 -0.0010 0.0473 0.0831 0.0829
1494806400.0000 109050.0000 -1.7423 -1.5317 0.9097 2.3323 48.6803 0.0431 0.0457 0.0122 -0.0132 -0.0025 0.0026 0.0505 0.0737 0.0742
1494806400.0000 109350.0000 -1.3487 -1.9911 0.9309 2.4181 34.1115 0.0470 0.0409 0.0140 -0.0203 0.0061 -0.0021 0.0509 0.0714 0.0711
1494806400.0000 109650.0000 -1.5555 -1.9995 0.9813 2.5438 37.8812 0.0669 0.0421 0.0184 0.0054 -0.0027 0.0039 0.0637 0.0759 0.0752
1494806400.0000 109950.0000 -1.1386 -2.0519 0.9437 2.3774 29.0263 0.0958 0.1226 0.0258 -0.0455 0.0089 -0.0008 0.1221 0.1128 0.1150
1494806400.0000 110250.0000 -1.1871 -2.0802 0.9166 2.4164 29.7113 0.0790 0.1433 0.0591 -0.0026 0.0076 0.0151 0.1407 0.1194 0.1137
1494806400.0000 110550.0000 -1.4142 -1.7857 0.9528 2.3240 38.3785 0.2020 0.1633 0.0995 -0.0236 -0.0121 0.0433 0.2324 0.1594 0.1532
1494806400.0000 110850.0000 -1.0248 -1.7706 0.8335 2.1266 30.0625 0.2562 0.1948 0.0564 -0.1136 0.0247 -0.0031 0.2537 0.1862 0.1895
1494806400.0000 111150.0000 -1.2020 -1.6183 0.6889 2.1021 36.6042 0.3950 0.1894 0.0907 -0.0330 -0.0128 0.0320 0.3375 0.2227 0.2189
1494806400.0000 111450.0000 -1.8309 -1.6533 1.0071 2.5178 47.9181 0.2621 0.1588 0.0792 -0.0456 0.0064 0.0176 0.2501 0.1532 0.1518
1494806400.0000 111750.0000 -1.2119 -1.7966 0.7863 2.2230 34.0019 0.1651 0.1717 0.1053 -0.0841 -0.0091 0.0235 0.2211 0.1665 0.1546
1494806400.0000 112050.0000 -1.7069 -1.6702 0.9402 2.4429 45.6223 0.2414 0.1840 0.0813 -0.0598 -0.0305 0.0625 0.2534 0.1601 0.1577
1494806400.0000 112350.0000 -1.7578 -1.8033 0.9207 2.5682 44.2688 0.1968 0.2072 0.1038 -0.0470 0.0266 0.0347 0.2539 0.1534 0.1457
1494806400.0000 112650.0000 -2.1585 -1.8098 1.0087 2.8607 50.0224 0.2402 0.1232 0.0827 -0.0641 -0.0017 0.0213 0.2231 0.1289 0.1236
1494806400.0000 112950.0000 -1.7754 -1.7901 1.0756 2.5677 44.7654 0.1835 0.2077 0.0679 -0.0315 0.0144 0.0539 0.2296 0.1427 0.1432
1494806400.0000 113250.0000 -1.9854 -1.5415 1.0293 2.5546 52.1730 0.2306 0.1979 0.1057 0.0122 0.0542 0.0439 0.2670 0.1553 0.1503
1494806400.0000 113550.0000 -2.1810 -1.7186 1.0952 2.8578 51.7633 0.1758 0.4877 0.1749 -0.0556 0.0082 0.1209 0.4192 0.1771 0.1694
1494806400.0000 113850.0000 -2.4807 -1.4916 1.0267 2.9363 58.9815 0.2266 0.2192 0.1336 -0.0270 0.0531 -0.0057 0.2897 0.1431 0.1332
1494806400.0000 114150.0000 -2.2995 -1.4908 0.8989 2.7600 57.0430 0.0797 0.1106 0.0395 -0.0043 0.0083 0.0150 0.1149 0.0960 0.0919
1494806400.0000 114450.0000 -2.1998 -1.5850 0.9894 2.7550 54.2262 0.1962 0.2042 0.0567 -0.0486 0.0269 0.0156 0.2286 0.1352 0.1347
1494806400.0000 114750.0000 -1.9461 -1.0873 0.8931 2.2609 60.8086 0.0962 0.1394 0.0785 -0.0169 0.0050 0.0353 0.1571 0.1347 0.1257
1494806400.0000 115050.0000 -1.4616 -1.5862 0.7932 2.1795 42.6581 0.0764 0.0848 0.0561 -0.0146 0.0182 0.0111 0.1087 0.1171 0.1075
1494806400.0000 115350.0000 -1.9641 -1.3990 0.7785 2.4411 54.5392 0.0911 0.1404 0.0439 -0.0225 -0.0034 0.0092 0.1377 0.1196 0.1152
1494806400.0000 115650.0000 -2.0523 -0.9502 1.0058 2.2994 65.1559 0.3500 0.1319 0.0980 0.0034 0.0785 0.0056 0.2900 0.1776 0.1772
1494806400.0000 115950.0000 -2.0725 -1.5841 0.8433 2.6376 52.6083 0.1406 0.1289 0.0761 -0.0172 -0.0022 0.0317 0.1728 0.1238 0.1149
1494806400.0000 116250.0000 -1.9137 -1.6294 1.0416 2.5641 49.5868 0.1369 0.2670 0.0700 -0.0386 0.0186 0.0292 0.2369 0.1461 0.1460
1494806400.0000 116550.0000 -2.3883 -1.4313 1.0753 2.8113 59.0670 0.1840 0.1490 0.0919 0.0120 0.0202 0.0302 0.2125 0.1261 0.1197
1494806400.0000 116850.0000 -2.3767 -1.8927 1.1649 3.0886 51.4684 0.2072 0.3233 0.1168 -0.0321 0.0083 0.0390 0.3236 0.1427 0.1384
1494806400.0000 117150.0000 -2.4855 -1.8382 1.2013 3.1537 53.5143 0.2159 0.4350 0.1244 -0.0198 -0.0022 0.0485 0.3876 0.1533 0.1507
1494806400.0000 117450.0000 -2.3598 -1.8993 1.1885 3.0877 51.1721 0.2152 0.3610 0.1142 -0.0513 0.0218 0.0452 0.3452 0.1474 0.1447
1494806400.0000 117750.0000 -2.1687 -2.1159 1.2202 3.1040 45.7052 0.3095 0.3067 0.1207 -0.1308 0.0380 0.0255 0.3684 0.1517 0.1496
1494806400.0000 118050.0000 -2.6280 -1.8681 1.2440 3.2868 54.5939 0.2855 0.4219 0.1640 -0.0211 0.0469 0.0759 0.4357 0.1559 0.1506
1494806400.0000 118350.0000 -1.8151 -2.2588 1.3622 2.9706 38.7839 0.3860 0.4704 0.1302 -0.0139 0.0728 0.0714 0.4933 0.1791 0.1844
1494806400.0000 118650.0000 -2.7534 -1.9852 1.2360 3.4509 54.2091 0.3469 0.3360 0.1901 -0.0435 0.0226 0.0137 0.4365 0.1493 0.1406
1494806400.0000 118950.0000 -2.6829 -1.4517 1.2862 3.1568 61.5830 0.6761 0.4108 0.1857 -0.2105 0.1239 0.0362 0.6363 0.1967 0.1973
1494806400.0000 119250.0000 -2.4228 -1.4664 1.1931 2.8964 58.8155 0.4723 0.2828 0.1299 -0.0447 0.0588 0.0247 0.4425 0.1767 0.1772
1494806400.0000 119550.0000 -2.2117 -2.2823 1.1849 3.2772 44.1001 0.5520 0.4058 0.1442 -0.1167 0.0365 0.0422 0.5510 0.1787 0.1778
1494806400.0000 119850.0000 -1.9380 -2.3962 1.3341 3.1544 38.9655 0.3063 0.4752 0.1268 -0.0570 0.0179 0.0294 0.4542 0.1639 0.1656
1494806400.0000 120150.0000 -2.6002 -1.8347 1.2700 3.2456 54.7938 0.3545 0.3836 0.1193 -0.0223 0.0362 0.0470 0.4287 0.1560 0.1559
1494806400.0000 120450.0000 -2.5447 -1.8608 1.1970 3.2309 53.8236 0.4063 0.4047 0.1220 -0.1102 0.0007 0.0249 0.4665 0.1654 0.1649
1494806400.0000 120750.0000 -2.3554 -1.7558 1.1841 3.1317 53.2979 0.7850 0.8101 0.1996 -0.4075 0.0810 -0.0769 0.8973 0.2442 0.2482
1494806400.0000 121050.0000 -1.9285 -2.1446 1.0788 2.9792 41.9626 0.3776 0.3416 0.1235 -0.2106 0.0119 0.0239 0.4213 0.1721 0.1698
1494806400.0000 121350.0000 -1.5461 -2.9628 1.1884 3.4730 27.5572 0.6733 0.5698 0.1473 -0.3262 -0.0276 0.0381 0.6952 0.1919 0.1926
1494806400.0000 121650.0000 -1.9255 -2.2924 1.1963 3.0719 40.0291 0.3205 0.4773 0.1770 -0.0854 0.0418 0.0787 0.4874 0.1768 0.1722
1494806400.0000 121950.0000 -1.4440 -2.1765 1.0758 2.7906 33.5626 0.7271 0.4610 0.1014 -0.2882 -0.0628 0.0809 0.6448 0.2321 0.2409
1494806400.0000 122250.0000 -1.3448 -2.2550 1.0309 2.8066 30.8096 0.6729 0.6960 0.1536 -0.2554 -0.0274 0.0752 0.7612 0.2526 0.2573
1494806400.0000 122550.0000 -1.6664 -2.3782 1.1809 3.0012 35.0192 0.4450 0.5223 0.1649 -0.0765 -0.0281 0.0197 0.5661 0.1960 0.1955
1494806400.0000 122850.0000 -1.5332 -2.2315 1.0607 2.8002 34.4910 0.3609 0.5178 0.1869 -0.0747 -0.0254 0.0422 0.5328 0.2050 0.1999
1494806400.0000 123150.0000 -2.1797 -2.1276 1.2460 3.2153 45.6922 0.7547 0.7527 0.1730 -0.2739 0.0761 0.0310 0.8402 0.2274 0.2327
1494806400.0000 123450.0000 -2.3985 -0.9144 0.8191 2.6218 69.1315 0.2709 0.3029 0.1367 0.0226 0.0228 -0.0426 0.3552 0.1806 0.1704
1494806400.0000 123750.0000 -2.7181 -1.1305 1.0796 3.0542 67.4173 0.5576 0.6092 0.2104 -0.0854 0.0452 -0.0600 0.6886 0.2161 0.2119
1494806400.0000 124050.0000 -1.9571 -2.0684 1.1229 2.9785 43.4158 0.7237 0.4684 0.1838 -0.1647 -0.0809 0.0724 0.6879 0.2212 0.2214
1494806400.0000 124350.0000 -2.0300 -1.2378 0.9836 2.5534 58.6280 0.5682 0.6868 0.2539 -0.2577 0.1357 -0.1467 0.7544 0.2756 0.2720
1494806400.0000 124650.0000 -1.8544 -1.6165 1.1328 2.6345 48.9208 0.8814 0.8702 0.3261 -0.0265 -0.0142 -0.0485 1.0388 0.3073 0.3106
1494806400.0000 124950.0000 -1.6046 -2.2967 1.2140 2.9204 34.9402 0.4168 0.6526 0.1691 -0.1570 0.0000 0.0917 0.6193 0.2104 0.2131
1494806400.0000 125250.0000 -2.0347 -0.8137 0.7829 2.3829 68.2023 0.4505 0.8988 0.2246 -0.1707 0.0315 -0.1281 0.7869 0.3113 0.3060
1494806400.0000 125550.0000 -2.2818 -1.9837 1.1553 3.1481 48.9973 0.6407 0.7552 0.2254 -0.0263 0.0718 -0.1281 0.8107 0.2271 0.2256
1494806400.0000 125850.0000 -1.9942 -1.2255 0.8269 2.5277 58.4276 0.5736 0.9320 0.2338 0.0624 0.0459 -0.1267 0.8697 0.3067 0.3027
1494806400.0000 126150.0000 -1.1248 -1.4186 0.8938 1.9252 38.4119 0.4285 0.4767 0.1346 0.0974 0.0494 0.0494 0.5199 0.2916 0.3034
1494806400.0000 126450.0000 -1.8060 -1.3199 0.9329 2.4895 53.8375 1.2128 0.9208 0.4063 -0.1441 -0.0510 -0.2966 1.2699 0.3796 0.3770
1494806400.0000 126750.0000 -2.5616 -0.3228 0.7963 2.6966 82.8169 0.7027 0.5440 0.2811 -0.0041 0.1063 -0.1522 0.7639 0.2641 0.2497
1494806400.0000 127050.0000 -2.2870 -0.0462 0.6892 2.4707 88.8434 0.6553 0.8923 0.3265 -0.1595 0.0673 -0.2684 0.9370 0.3308 0.3140
1494806400.0000 127350.0000 -2.4651 0.2436 0.4543 2.6612 95.6431 1.0713 1.0223 0.3955 -0.4313 0.0474 -0.2389 1.2446 0.3617 0.3372
1494806400.0000 127650.0000 -0.7871 -0.6993 0.3390 1.2789 48.3815 0.5518 0.3475 0.2805 -0.0166 -0.0648 -0.1099 0.5899 0.5669 0.5200
1494806400.0000 127950.0000 -2.7467 -1.1787 1.2031 3.0985 66.7749 1.2748 0.6339 0.3930 0.1535 -0.0393 -0.1455 1.1509 0.2719 0.2669
1494806400.0000 128250.0000 -1.7095 -0.5471 0.8434 1.8841 72.2532 0.3390 0.3477 0.1986 0.0326 -0.0091 -0.0819 0.4426 0.2739 0.2665
1494806400.0000 128550.0000 -2.1214 -1.0820 0.9514 2.5141 62.9768 0.8858 0.7394 0.3585 0.1552 -0.1317 -0.0669 0.9919 0.3171 0.3091
1494806400.0000 128850.0000 -3.0666 -0.4853 0.9933 3.2584 81.0068 0.7159 0.9446 0.3369 -0.2316 0.0731 -0.2687 0.9987 0.2503 0.2396
1494806400.0000 129150.0000 -1.4879 -0.6113 0.5989 1.7004 67.6644 0.4897 0.2705 0.1113 0.0511 -0.0057 -0.0434 0.4358 0.3140 0.3130
1494806400.0000 129450.0000 -2.4749 -0.7083 0.8163 2.6385 74.0293 0.7178 0.3108 0.2179 0.0513 -0.0105 -0.0400 0.6233 0.2387 0.2275
1494806400.0000 129750.0000 -2.0196 -0.3899 0.5308 2.1495 79.0740 0.9188 0.3356 0.4800 -0.0372 -0.1984 -0.0582 0.8672 0.3579 0.3144
1494806400.0000 130050.0000 -1.4822 0.5059 0.2267 1.6750 108.8464 0.4865 0.2951 0.2417 0.0561 -0.1017 -0.0900 0.5117 0.3691 0.3259
1494806400.0000 130350.0000 -1.7744 0.6903 0.2359 2.0131 111.2569 0.4004 0.4227 0.2054 -0.0397 0.0171 -0.1144 0.5143 0.3052 0.2751
1494806400.0000 130650.0000 -1.5138 0.8562 0.1728 1.8622 119.4929 0.3865 0.4030 0.2242 -0.0363 0.0428 -0.1799 0.5068 0.3326 0.2949
1494806400.0000 130950.0000 -1.7854 0.3666 0.4162 1.8838 101.6019 0.3561 0.2518 0.1763 -0.0947 0.0006 -0.0637 0.3921 0.2735 0.2470
1494806400.0000 131250.0000 -0.9073 0.2617 0.2171 1.2212 106.0926 0.7780 0.3131 0.1266 -0.3269 -0.0036 -0.0610 0.6089 0.6576 0.6387
1494806400.0000 131550.0000 -1.5379 0.0363 0.4253 1.6746 91.3506 0.4009 0.4142 0.1991 -0.1741 0.0416 -0.1439 0.5071 0.3643 0.3388
1494806400.0000 131850.0000 -0.6167 0.7710 -0.1179 1.4057 141.3450 1.0271 0.3331 0.3069 0.0366 -0.1677 -0.1513 0.8336 0.7498 0.6821
1494806400.0000 132150.0000 -1.8946 0.1579 0.4861 2.0303 94.7630 0.6441 0.4419 0.2475 -0.0779 0.0053 -0.1455 0.6667 0.3397 0.3165
1494806400.0000 132450.0000 -1.3276 -0.1193 0.2932 1.4259 84.8640 0.4814 0.2103 0.1386 -0.1922 -0.0269 -0.0205 0.4152 0.3855 0.3602
1494806400.0000 132750.0000 0.0040 0.0698 0.0208 0.4716 183.3092 0.1793 0.1202 0.1124 -0.0569 -0.0803 0.0180 0.2059 5.0790 4.5179
1494806400.0000 133050.0000 -0.0698 -0.3887 0.1872 0.6895 10.1758 0.3086 0.0854 0.1081 -0.0142 -0.0120 0.0140 0.2511 0.9362 0.9177
1494806400.0000 133350.0000 -0.7152 0.1464 0.0478 0.9373 101.5666 0.3170 0.4014 0.1738 -0.1847 0.0168 -0.0843 0.4461 0.7455 0.6704
1494806400.0000 133650.0000 -0.2592 -1.0134 0.3724 1.0975 14.3457 0.0997 0.0893 0.0917 -0.0151 -0.0100 0.0099 0.1403 0.2755 0.2400
1494806400.0000 133950.0000 -0.3108 -0.8838 0.4395 1.1021 19.3776 0.2776 0.3847 0.1281 -0.1090 0.0279 -0.0247 0.3952 0.4960 0.5015
1494806400.0000 134250.0000 0.2971 -1.8309 0.5416 2.0061 350.7837 0.6091 0.3850 0.2237 -0.2465 -0.1888 0.0648 0.6089 0.3297 0.3103
1494806400.0000 134550.0000 -1.4950 -0.2126 0.4986 1.7208 81.9047 0.5609 0.6458 0.3248 -0.1504 0.0248 -0.1697 0.7657 0.4493 0.4200
1494806400.0000 134850.0000 -0.7001 -0.3395 0.2185 1.0293 64.1310 0.2484 0.3360 0.2016 0.0116 -0.1024 -0.0893 0.3930 0.6333 0.5672
1494806400.0000 135150.0000 0.1276 -0.6608 0.0949 0.8480 349.0689 0.0987 0.3734 0.2468 0.0650 0.0028 -0.1471 0.3594 0.7202 0.5894
1494806400.0000 135450.0000 -0.0875 -1.0000 0.3798 1.1742 4.9981 0.1796 0.6177 0.1461 -0.0196 -0.0417 -0.0948 0.4717 0.5225 0.5135
1494806400.0000 135750.0000 -0.0946 -0.8937 0.4917 1.0701 6.0403 0.2831 0.1852 0.1138 -0.1308 -0.0417 0.0167 0.2910 0.4300 0.4396
1494806400.0000 136050.0000 -0.6537 -0.0726 0.1241 1.1745 83.6661 0.2090 0.9154 0.2939 -0.0939 0.0296 -0.3617 0.7091 1.0273 0.9308
1494806400.0000 136350.0000 -1.3055 0.0641 0.3915 1.5150 92.8092 0.3263 0.6057 0.2572 0.0702 -0.0746 -0.1969 0.5946 0.4614 0.4264
1494806400.0000 136650.0000 -1.4756 -0.0876 0.3498 1.6244 86.6034 0.3702 0.3922 0.2103 -0.1318 -0.0022 -0.1194 0.4863 0.3749 0.3410
1494806400.0000 136950.0000 -1.2177 -0.5692 0.3537 1.7344 64.9484 0.5931 1.0154 0.2001 -0.4078 0.0068 -0.1162 0.9043 0.5586 0.5448
1494806400.0000 137250.0000 -0.3150 -0.9379 0.4084 1.4071 18.5681 0.9275 0.3088 0.1641 -0.2032 -0.2323 0.0374 0.7002 0.6383 0.6488
1494806400.0000 137550.0000 -0.2963 -2.2554 0.7358 2.3516 7.4848 0.3520 0.4994 0.1711 0.0741 -0.0815 -0.0334 0.5113 0.2442 0.2342
1494806400.0000 137850.0000 -0.1384 -1.0041 0.3433 1.4455 7.8497 0.4750 1.1149 0.1652 -0.5023 0.0131 -0.0602 0.8775 0.7147 0.7182
1494806400.0000 138150.0000 0.1977 -0.9923 0.1713 1.2877 348.7334 0.5350 0.2500 0.1255 -0.1497 -0.1068 0.0430 0.4553 0.5369 0.5056
1494806400.0000 138450.0000 0.3450 -0.6573 0.1237 0.8962 332.3078 0.2176 0.2210 0.2090 -0.0406 -0.0367 -0.0440 0.3238 0.6173 0.5150
1494806400.0000 138750.0000 0.0277 -0.4606 0.2318 0.7910 356.5599 0.3720 0.1958 0.0887 0.1135 -0.0502 -0.0356 0.3282 0.9060 0.9429
1494806400.0000 139050.0000 0.3431 0.2580 -0.2773 0.6495 233.0613 0.1990 0.0930 0.1079 -0.0385 -0.0794 0.0087 0.2000 0.7144 0.7268
1494806400.0000 139350.0000 0.5365 0.4305 -0.0924 0.7796 231.2507 0.1442 0.1011 0.1617 0.0446 -0.0558 -0.0535 0.2035 0.5307 0.4157
1494806400.0000 139650.0000 0.0867 -0.4083 -0.0100 0.7177 348.0083 0.1907 0.2391 0.1958 0.0267 -0.1099 -0.0168 0.3128 1.0936 0.9067
1494806400.0000 139950.0000 0.0128 -0.0113 -0.4366 0.5902 311.4009 0.2599 0.1371 0.0412 0.0136 0.0248 -0.0160 0.2191 0.8748 21.2521
1494806400.0000 140250.0000 -0.5990 -0.4363 0.2999 0.7917 53.9338 0.0688 0.0738 0.0411 0.0046 0.0183 -0.0192 0.0919 0.3095 0.2942
1494806400.0000 140550.0000 -0.9474 -0.3193 0.2919 1.0769 71.3761 0.0438 0.1474 0.0346 -0.0412 0.0036 -0.0082 0.1129 0.2634 0.2525
1494806400.0000 140850.0000 -0.6129 -0.7026 0.3192 1.1048 41.1009 0.1611 0.4370 0.0820 -0.0965 0.0278 -0.0798 0.3400 0.4831 0.4789
1494806400.0000 141150.0000 -1.0164 -1.2098 0.6999 1.6710 40.0356 0.2790 0.2490 0.0684 0.0145 -0.0082 0.0185 0.2982 0.2580 0.2655
1494806400.0000 141450.0000 -1.3766 -1.6437 0.8691 2.3228 39.9448 0.7111 0.5182 0.1266 -0.1119 0.0193 -0.0749 0.6780 0.2906 0.2986
1494806400.0000 141750.0000 -0.8426 -0.3927 0.3296 1.0682 65.0126 0.2504 0.1364 0.0590 -0.1060 0.0155 -0.0178 0.2229 0.3908 0.3863
1494806400.0000 142050.0000 -0.8767 -1.1169 0.5068 1.4642 38.1303 0.1261 0.0950 0.0459 -0.0020 -0.0169 0.0026 0.1335 0.1979 0.1912
1494806400.0000 142350.0000 -0.7160 -0.7965 0.4495 1.1646 41.9552 0.1334 0.2145 0.1097 -0.0655 -0.0474 0.0345 0.2288 0.3362 0.3180
1494806400.0000 142650.0000 0.0925 -0.3347 0.0271 0.4488 344.5583 0.0508 0.1449 0.0702 -0.0240 -0.0084 0.0184 0.1330 0.8548 0.7355
1494806400.0000 142950.0000 -0.3360 -0.8270 0.3956 1.0154 22.1129 0.2376 0.4314 0.2125 0.0323 -0.1036 -0.1110 0.4407 0.5551 0.5290
1494806400.0000 143250.0000 -0.4813 -1.7198 0.4733 1.8956 15.6349 0.3826 0.7391 0.3079 0.1395 -0.1113 -0.2405 0.7148 0.3736 0.3424
1494806400.0000 143550.0000 -0.8789 -0.6777 0.4733 1.4234 52.3627 1.3752 0.2306 0.3737 0.1836 -0.4792 -0.0417 0.9898 0.6733 0.6592
1494806400.0000 143850.0000 -0.9087 -1.5165 0.7092 1.9500 30.9305 0.3973 0.6821 0.1747 -0.2078 0.0175 -0.0097 0.6270 0.3394 0.3393
1494806400.0000 144150.0000 -1.2847 -1.4273 0.8938 2.0671 41.9905 0.4711 0.5622 0.1246 -0.0935 0.0376 -0.0307 0.5789 0.2933 0.3056
1494806400.0000 144450.0000 -1.5125 -1.9776 1.0582 2.6427 37.4088 0.8203 0.6213 0.1599 -0.0374 -0.1102 -0.0004 0.8007 0.2701 0.2784
1494806400.0000 144750.0000 -0.8110 -1.3102 0.4735 1.6900 31.7565 0.1765 0.8831 0.1630 -0.1097 -0.0141 -0.2159 0.6113 0.3960 0.3857
1494806400.0000 145050.0000 -0.0571 -1.0490 0.2661 1.0906 3.1156 0.0855 0.0808 0.0770 0.0078 -0.0376 -0.0214 0.1217 0.2628 0.2241
1494806400.0000 145350.0000 0.2691 -1.2920 0.3435 1.4797 348.2362 0.3771 0.4257 0.1702 0.2069 -0.1575 -0.0945 0.4865 0.4176 0.3920
1494806400.0000 145650.0000 -0.6347 -0.7202 0.3798 1.1434 41.3887 0.1568 0.6555 0.1452 -0.0579 -0.0354 -0.1322 0.4787 0.5472 0.5420
1494806400.0000 145950.0000 0.1023 -0.9220 0.2169 1.0779 353.6700 0.2855 0.0859 0.0974 0.0171 -0.0092 0.0040 0.2344 0.4149 0.3793
1494806400.0000 146250.0000 0.7900 -0.2023 -0.1377 0.9520 284.3671 0.0937 0.2537 0.0839 -0.0786 0.0092 -0.0473 0.2157 0.4585 0.4173
1494806400.0000 146550.0000 -0.1824 0.4432 -0.0498 0.6663 157.6250 0.1736 0.1195 0.1075 -0.0394 -0.0730 -0.0077 0.2003 0.7583 0.6521
1494806400.0000 146850.0000 -0.9300 -0.1863 0.3482 1.0188 78.6732 0.0631 0.1174 0.0222 0.0636 -0.0106 -0.0193 0.1014 0.2573 0.2586
1494806400.0000 147150.0000 -0.7928 -0.8390 0.4898 1.3137 43.3779 0.1827 0.4468 0.0809 -0.0721 0.0251 -0.0330 0.3552 0.3881 0.3968
1494806400.0000 147450.0000 -0.3338 -1.0847 0.4028 1.1915 17.1046 0.1533 0.0886 0.0679 0.0240 -0.0587 -0.0048 0.1549 0.2669 0.2502
1494806400.0000 147750.0000 0.3949 -1.4097 0.2435 1.5142 344.3523 0.1483 0.1906 0.1220 -0.0198 -0.0464 -0.0125 0.2304 0.2641 0.2296
1494806400.0000 148050.0000 0.1266 -1.5003 0.3680 1.5724 355.1779 0.2003 0.3253 0.0765 0.0046 -0.0225 0.0103 0.3010 0.2890 0.2780
1494806400.0000 148350.0000 0.3104 -1.0017 0.1720 1.1192 342.7832 0.1044 0.1687 0.0977 0.0543 -0.0594 -0.0382 0.1854 0.3308 0.2877
1494806400.0000 148650.0000 0.5551 -1.0132 -0.0211 1.1940 331.2852 0.0815 0.4161 0.0772 -0.0899 -0.0129 -0.0533 0.2874 0.3788 0.3525
1494806400.0000 148950.0000 0.1278 -0.8304 0.1350 0.8937 351.2522 0.0734 0.0919 0.0398 0.0181 -0.0265 -0.0189 0.1025 0.3072 0.2794
1494806400.0000 149250.0000 0.3360 -1.1570 0.1817 1.2392 343.8075 0.0920 0.1409 0.0356 -0.0210 -0.0057 -0.0189 0.1342 0.2455 0.2312
1494806400.0000 149550.0000 0.5481 -1.6319 0.2184 1.7783 341.4362 0.2004 0.1542 0.0832 -0.0134 -0.0464 0.0027 0.2189 0.2202 0.1997
1494806400.0000 149850.0000 0.5944 -1.5755 0.1610 1.6957 339.3297 0.0514 0.1735 0.0366 -0.0401 -0.0048 0.0112 0.1307 0.1745 0.1626
1494806400.0000 150150.0000 0.6583 -1.7059 0.1396 1.8586 338.8989 0.0799 0.1418 0.0588 0.0132 -0.0192 -0.0116 0.1403 0.1668 0.1487
1494806400.0000 150450.0000 0.4848 -1.6864 0.2275 1.7720 343.9626 0.0665 0.1000 0.0337 -0.0231 -0.0084 0.0030 0.1001 0.1460 0.1342
1494806400.0000 150750.0000 0.5921 -1.6857 0.1988 1.8200 340.6465 0.1218 0.2113 0.0435 -0.0556 -0.0205 0.0244 0.1883 0.1971 0.1865
1494806400.0000 151050.0000 0.5950 -1.8026 0.2145 1.9133 341.7334 0.0576 0.0820 0.0300 -0.0072 -0.0013 0.0044 0.0848 0.1245 0.1136
