1494720000.0000 150.0000 -0.1395 1.0496 -0.1923 1.0682 172.4300 0.0168 0.0547 0.0220 0.0030 0.0035 -0.0171 0.0467 0.1640 0.1458
1494720000.0000 450.0000 -0.1280 0.5361 -0.0895 0.5657 166.5676 0.0104 0.0615 0.0133 0.0081 -0.0010 -0.0121 0.0426 0.3018 0.2809
1494720000.0000 750.0000 -0.0382 0.8454 -0.1020 0.8614 177.4145 0.0196 0.0669 0.0176 0.0122 -0.0030 -0.0166 0.0520 0.2185 0.2006
1494720000.0000 1050.0000 -0.0657 1.0586 -0.2250 1.0735 176.4473 0.0245 0.0537 0.0190 -0.0013 0.0001 -0.0099 0.0486 0.1660 0.1523
1494720000.0000 1350.0000 -0.0684 0.6308 -0.1390 0.6781 173.8072 0.0450 0.1339 0.0185 -0.0426 0.0116 -0.0328 0.0987 0.3949 0.3848
1494720000.0000 1650.0000 0.1387 0.0511 -0.0570 0.2429 249.7827 0.0218 0.0329 0.0206 -0.0058 -0.0051 0.0019 0.0376 1.0003 0.9135
1494720000.0000 1950.0000 -0.0047 0.3640 -0.0944 0.4297 179.2650 0.0428 0.0644 0.0217 -0.0069 -0.0009 -0.0104 0.0644 0.5511 0.5192
1494720000.0000 2250.0000 -0.0108 0.8902 -0.1884 0.9178 179.3049 0.0460 0.1810 0.0491 -0.0167 -0.0011 -0.0459 0.1380 0.3334 0.3090
1494720000.0000 2550.0000 -0.0054 0.7470 -0.0979 0.7949 179.5830 0.0610 0.1712 0.0504 0.0079 -0.0074 -0.0467 0.1413 0.4074 0.3724
1494720000.0000 2850.0000 0.0273 0.4003 -0.0823 0.5231 183.8950 0.0693 0.1345 0.0380 -0.0023 -0.0074 -0.0265 0.1209 0.6931 0.6495
1494720000.0000 3150.0000 -0.0261 0.3657 -0.1194 0.4318 175.9111 0.0233 0.1030 0.0367 -0.0025 -0.0032 -0.0108 0.0816 0.6047 0.5598
1494720000.0000 3450.0000 0.0656 0.1587 -0.0545 0.2579 202.4541 0.0209 0.0510 0.0223 0.0101 -0.0022 -0.0108 0.0471 0.9838 0.9019
1494720000.0000 3750.0000 -0.0315 0.5644 -0.1034 0.5954 176.8067 0.0310 0.0761 0.0109 0.0163 -0.0063 -0.0124 0.0590 0.3452 0.3344
1494720000.0000 4050.0000 0.0632 0.8759 -0.1475 0.9291 184.1240 0.0834 0.1320 0.0598 -0.0190 -0.0004 -0.0461 0.1376 0.3402 0.3051
1494720000.0000 4350.0000 -0.0300 1.0960 -0.1072 1.1481 178.4295 0.1075 0.1549 0.0579 0.0052 0.0046 -0.0401 0.1601 0.2966 0.2697
1494720000.0000 4650.0000 -0.0887 0.8866 -0.0526 0.9482 174.2883 0.0775 0.1882 0.0658 0.0150 0.0016 -0.0377 0.1657 0.3724 0.3340
1494720000.0000 4950.0000 -0.0400 0.5579 0.0055 0.6832 175.8943 0.0648 0.3555 0.0408 -0.0088 -0.0053 -0.0424 0.2305 0.7008 0.6691
1494720000.0000 5250.0000 -0.0970 0.7540 -0.0691 0.8327 172.6678 0.0794 0.2165 0.0836 -0.0002 0.0142 -0.0647 0.1897 0.4659 0.4131
1494720000.0000 5550.0000 -0.0944 0.4235 0.0114 0.5058 167.4266 0.0424 0.1107 0.0376 -0.0248 0.0131 -0.0254 0.0954 0.5809 0.5208
1494720000.0000 5850.0000 -0.1533 0.1300 0.0350 0.4519 130.3140 0.2145 0.0673 0.0211 -0.0080 0.0078 0.0029 0.1515 1.5575 1.5248
1494720000.0000 6150.0000 -0.1174 -0.0333 0.0288 0.3999 74.1579 0.1856 0.0491 0.0161 -0.0006 -0.0326 -0.0023 0.1254 2.3057 2.2918
1494720000.0000 6450.0000 0.0764 0.0637 -0.0380 0.2013 230.1756 0.0242 0.0180 0.0152 -0.0013 0.0012 -0.0036 0.0287 1.2989 1.1915
1494720000.0000 6750.0000 -0.0554 -0.2580 -0.0336 0.3077 12.1186 0.0232 0.0341 0.0117 -0.0030 0.0034 0.0020 0.0345 0.5702 0.5237
1494720000.0000 7050.0000 0.3101 -0.2431 -0.0360 0.4676 308.0923 0.0625 0.0287 0.0130 0.0277 -0.0160 -0.0127 0.0521 0.4709 0.4424
1494720000.0000 7350.0000 -0.0373 -0.0862 -0.0138 0.1926 23.4187 0.0352 0.0109 0.0098 0.0002 0.0083 -0.0042 0.0279 1.4365 1.3186
1494720000.0000 7650.0000 -0.0019 -0.1381 -0.0368 0.2176 0.8007 0.0169 0.0213 0.0093 0.0043 -0.0063 -0.0029 0.0238 0.8805 0.8169
1494720000.0000 7950.0000 -0.5415 0.1713 0.0403 0.6267 107.5569 0.1084 0.0404 0.0161 0.0298 -0.0158 -0.0173 0.0825 0.4118 0.3921
1494720000.0000 8250.0000 0.1528 0.1615 -0.0071 0.4386 223.4138 0.1352 0.0426 0.0206 -0.0147 -0.0213 -0.0056 0.0992 1.1561 1.0950
1494720000.0000 8550.0000 -0.2357 -0.0030 -0.0698 0.3959 89.2681 0.0554 0.0849 0.0174 0.0205 0.0052 0.0053 0.0789 0.9328 0.9177
1494720000.0000 8850.0000 -0.2430 0.2950 -0.0442 0.4808 140.5208 0.0743 0.0453 0.0154 0.0355 -0.0056 -0.0116 0.0675 0.5511 0.5223
1494720000.0000 9150.0000 -0.0650 0.2405 -0.0375 0.3866 164.8661 0.0795 0.0446 0.0224 0.0208 -0.0186 -0.0164 0.0732 0.8770 0.8163
1494720000.0000 9450.0000 -0.2875 0.0997 -0.0355 0.4265 109.1164 0.0386 0.1150 0.0221 0.0213 -0.0021 -0.0213 0.0879 0.7900 0.7437
1494720000.0000 9750.0000 -0.3896 -0.1599 -0.0404 0.5026 67.6854 0.0836 0.1005 0.0185 0.0483 0.0072 0.0030 0.1013 0.6141 0.5881
1494720000.0000 10050.0000 -0.2054 0.0611 -0.0366 0.2935 106.5567 0.0437 0.0281 0.0292 0.0060 -0.0064 -0.0027 0.0505 0.8441 0.7218
1494720000.0000 10350.0000 -0.5186 0.1367 0.0073 0.6834 104.7699 0.2244 0.1141 0.0413 0.0531 -0.0066 -0.0288 0.1899 0.6633 0.6263
1494720000.0000 10650.0000 0.0056 0.5764 -0.0991 0.8556 180.5570 0.3405 0.1519 0.0639 0.1253 -0.0700 -0.0777 0.2782 0.7363 0.7029
1494720000.0000 10950.0000 -0.2260 0.3194 -0.0377 0.4281 144.7178 0.0531 0.0163 0.0084 -0.0009 0.0039 -0.0030 0.0389 0.4095 0.3885
1494720000.0000 11250.0000 -0.1533 0.3626 -0.0281 0.4696 157.0851 0.0624 0.0498 0.0169 0.0090 -0.0042 -0.0155 0.0646 0.5258 0.4914
1494720000.0000 11550.0000 -0.4354 0.2258 -0.0172 0.5191 117.4175 0.0396 0.0204 0.0132 -0.0009 -0.0072 -0.0051 0.0366 0.3184 0.2884
1494720000.0000 11850.0000 -0.3144 0.2300 0.0087 0.4448 126.1880 0.0632 0.0427 0.0217 -0.0149 -0.0019 -0.0028 0.0638 0.5291 0.4822
1494720000.0000 12150.0000 -0.3420 0.3500 0.0863 0.5207 135.6674 0.0655 0.0370 0.0206 -0.0209 0.0011 -0.0026 0.0616 0.4078 0.3779
1494720000.0000 12450.0000 -0.5542 0.5377 0.0874 0.8145 134.1340 0.1707 0.0977 0.0394 -0.0664 0.0221 -0.0215 0.1539 0.4122 0.3874
1494720000.0000 12750.0000 -0.5160 0.4191 0.0616 0.6935 129.0823 0.1112 0.0464 0.0271 -0.0361 0.0114 -0.0080 0.0924 0.3716 0.3447
1494720000.0000 13050.0000 -0.3433 0.2495 0.0329 0.4694 126.0111 0.0614 0.0304 0.0137 -0.0015 0.0030 -0.0048 0.0527 0.4405 0.4121
1494720000.0000 13350.0000 -0.2060 0.2579 0.0587 0.3790 141.3809 0.0387 0.0365 0.0162 -0.0011 0.0029 -0.0104 0.0457 0.5208 0.4799
1494720000.0000 13650.0000 -0.1364 0.0568 0.0269 0.2688 112.6322 0.0518 0.0168 0.0091 -0.0049 -0.0015 0.0027 0.0389 1.0719 1.0234
1494720000.0000 13950.0000 -0.1180 -0.0301 0.0333 0.3130 75.6677 0.0824 0.0297 0.0330 -0.0191 0.0063 0.0013 0.0725 1.7422 1.5875
1494720000.0000 14250.0000 -0.0823 -0.1092 0.0100 0.3095 37.0135 0.0841 0.0137 0.0085 -0.0238 0.0043 -0.0044 0.0532 1.3732 1.3204
1494720000.0000 14550.0000 -0.1760 0.0717 -0.0339 0.2965 112.1544 0.0474 0.0312 0.0130 0.0056 0.0080 -0.0003 0.0458 0.9050 0.8516
1494720000.0000 14850.0000 0.2685 0.1595 -0.0558 0.4157 239.2908 0.0233 0.0781 0.0075 -0.0078 -0.0027 0.0016 0.0544 0.6005 0.5885
1494720000.0000 15150.0000 0.0344 0.3642 -0.1039 0.4193 185.3977 0.0496 0.0291 0.0293 0.0000 0.0003 -0.0105 0.0540 0.4989 0.4427
1494720000.0000 15450.0000 -0.3911 0.2649 -0.0212 0.5738 124.1138 0.1466 0.0464 0.0232 -0.0130 -0.0033 -0.0139 0.1081 0.5677 0.5370
1494720000.0000 15750.0000 0.0915 0.3830 -0.0682 0.4864 193.4403 0.0764 0.1163 0.0511 0.0381 -0.0102 -0.0507 0.1219 0.7133 0.6436
1494720000.0000 16050.0000 -0.3368 0.2117 -0.0266 0.5917 122.1452 0.0927 0.1603 0.0310 0.0821 -0.0097 -0.0148 0.1420 0.7718 0.7301
1494720000.0000 16350.0000 -0.4193 0.1654 -0.1870 0.6273 111.5243 0.1278 0.1447 0.1376 0.0157 -0.0356 -0.0448 0.2051 0.7577 0.6687
1494720000.0000 16650.0000 -0.5666 0.0504 0.0260 0.6204 95.0827 0.1217 0.0264 0.0152 0.0350 -0.0098 -0.0004 0.0817 0.4098 0.3906
1494720000.0000 16950.0000 -0.3642 0.3177 0.0445 0.5797 131.0982 0.1349 0.0650 0.0272 0.0117 0.0106 -0.0067 0.1136 0.5670 0.5341
1494720000.0000 17250.0000 -0.3325 0.2144 0.0248 0.5187 122.8129 0.0997 0.0891 0.0321 0.0002 0.0082 -0.0009 0.1105 0.6845 0.6341
1494720000.0000 17550.0000 -0.3320 0.5166 0.0078 0.6953 147.2757 0.1397 0.0872 0.0252 -0.0026 0.0059 -0.0085 0.1260 0.4720 0.4478
1494720000.0000 17850.0000 -0.6013 0.4655 0.0416 0.7856 127.7474 0.1276 0.0537 0.0158 -0.0552 0.0094 -0.0097 0.0985 0.3365 0.3233
1494720000.0000 18150.0000 -0.6923 0.6017 0.0458 0.9441 130.9915 0.1646 0.0609 0.0320 -0.0598 0.0155 -0.0120 0.1288 0.3190 0.2989
1494720000.0000 18450.0000 -0.4509 0.4993 0.0649 0.7106 137.9112 0.1279 0.0404 0.0290 -0.0337 0.0029 -0.0035 0.0987 0.3795 0.3521
1494720000.0000 18750.0000 -0.1554 0.7056 -0.0475 0.7905 167.5802 0.0878 0.1650 0.0577 0.0298 -0.0056 -0.0589 0.1553 0.4443 0.4018
1494720000.0000 19050.0000 -0.0360 0.8382 -0.1216 0.8779 177.5420 0.0633 0.1873 0.0686 -0.0047 -0.0037 -0.0749 0.1596 0.3848 0.3445
1494720000.0000 19350.0000 -0.0386 0.4284 -0.0565 0.4997 174.8533 0.0721 0.0598 0.0403 -0.0068 -0.0070 -0.0165 0.0861 0.5524 0.4875
1494720000.0000 19650.0000 -0.3461 0.5290 -0.0126 0.6809 146.8070 0.0725 0.0794 0.0280 0.0040 -0.0068 -0.0169 0.0900 0.3873 0.3560
1494720000.0000 19950.0000 -0.1721 0.2886 -0.0036 0.4006 149.1864 0.0584 0.0727 0.0221 -0.0217 0.0013 -0.0040 0.0766 0.6724 0.6221
1494720000.0000 20250.0000 -0.2410 0.0288 0.0080 0.2848 96.8207 0.0149 0.0194 0.0112 -0.0023 0.0035 -0.0034 0.0228 0.5073 0.4410
1494720000.0000 20550.0000 -0.6355 -0.0091 0.0381 0.6813 89.1795 0.0446 0.0645 0.0139 -0.0027 0.0077 -0.0006 0.0615 0.3180 0.3000
1494720000.0000 20850.0000 -0.9308 0.2235 -0.0035 1.0005 103.5035 0.0463 0.0927 0.0196 -0.0020 0.0063 -0.0143 0.0793 0.2402 0.2249
1494720000.0000 21150.0000 -0.8537 0.5259 -0.0314 1.0376 121.6356 0.1943 0.0930 0.0374 -0.0662 0.0364 -0.0316 0.1623 0.3279 0.3086
1494720000.0000 21450.0000 -0.9352 0.3614 0.0286 1.0483 111.1286 0.1327 0.0840 0.0422 -0.0011 -0.0018 -0.0229 0.1295 0.2929 0.2681
1494720000.0000 21750.0000 -0.2393 0.5049 -0.0180 0.5915 154.6461 0.0367 0.0584 0.0245 -0.0011 -0.0055 -0.0124 0.0598 0.3571 0.3186
1494720000.0000 22050.0000 -0.2993 0.6385 -0.0306 0.7566 154.8852 0.1202 0.1072 0.0303 -0.0225 0.0057 -0.0273 0.1288 0.4152 0.3904
1494720000.0000 22350.0000 -0.2032 0.8248 -0.0307 0.8822 166.1636 0.0425 0.1659 0.0417 0.0238 -0.0028 -0.0267 0.1251 0.3397 0.3103
1494720000.0000 22650.0000 -0.2237 0.6034 -0.0355 0.6767 159.6555 0.0314 0.0753 0.0231 0.0126 -0.0080 -0.0141 0.0649 0.3227 0.2930
1494720000.0000 22950.0000 -0.2342 0.5118 0.0259 0.6472 155.4126 0.1018 0.0852 0.0412 0.0151 -0.0179 -0.0115 0.1141 0.4895 0.4436
1494720000.0000 23250.0000 -0.0443 0.9452 -0.1161 1.0087 177.3170 0.1170 0.2021 0.0889 0.0331 -0.0199 -0.0588 0.2040 0.3869 0.3447
1494720000.0000 23550.0000 -0.1995 0.8883 -0.1150 0.9489 167.3396 0.0514 0.1791 0.0523 0.0102 0.0046 -0.0434 0.1415 0.3346 0.3045
1494720000.0000 23850.0000 -0.1858 0.9238 -0.0428 0.9989 168.6254 0.0753 0.2432 0.0723 0.0363 -0.0074 -0.0745 0.1954 0.3827 0.3458
1494720000.0000 24150.0000 -0.2560 1.0927 -0.1465 1.1665 166.8160 0.0756 0.2580 0.0711 0.0203 0.0019 -0.0656 0.2023 0.3245 0.2971
1494720000.0000 24450.0000 -0.2962 0.8166 -0.0392 0.9020 160.0605 0.0439 0.1665 0.0344 0.0060 -0.0041 -0.0259 0.1223 0.3284 0.3048
1494720000.0000 24750.0000 -0.4773 0.6180 -0.0479 0.8414 142.3226 0.1323 0.0918 0.0550 -0.0069 0.0044 -0.0193 0.1395 0.3898 0.3499
1494720000.0000 25050.0000 -0.3970 0.7431 -0.0244 0.9002 151.8856 0.1258 0.1131 0.0460 -0.0090 -0.0122 -0.0170 0.1424 0.3656 0.3349
1494720000.0000 25350.0000 -0.8848 0.6436 0.0620 1.1921 126.0324 0.5222 0.1667 0.0667 -0.1274 0.0595 -0.0398 0.3777 0.4579 0.4379
1494720000.0000 25650.0000 -0.3326 0.5698 -0.0519 0.7335 149.7262 0.1066 0.0900 0.0422 0.0196 -0.0001 -0.0165 0.1194 0.4263 0.3880
1494720000.0000 25950.0000 -0.2944 0.6542 -0.0283 0.7795 155.7733 0.0777 0.2056 0.0412 0.0121 0.0028 -0.0312 0.1622 0.4580 0.4283
1494720000.0000 26250.0000 -0.2820 1.2161 -0.0918 1.3083 166.9433 0.1138 0.2207 0.0907 0.0472 -0.0151 -0.0532 0.2126 0.3007 0.2675
1494720000.0000 26550.0000 -0.3804 0.7165 -0.0189 0.8557 152.0378 0.0697 0.1116 0.0523 0.0006 0.0034 -0.0159 0.1168 0.3439 0.3031
1494720000.0000 26850.0000 -1.0539 0.6501 0.0152 1.3032 121.6696 0.2917 0.1330 0.0668 -0.0231 0.0330 -0.0403 0.2457 0.3268 0.3038
1494720000.0000 27150.0000 -1.1657 0.6460 0.0365 1.3887 118.9963 0.3311 0.1457 0.0867 -0.0771 0.0203 -0.0667 0.2818 0.3251 0.2991
1494720000.0000 27450.0000 -0.6083 0.7797 -0.0508 1.1195 142.0422 0.4842 0.1927 0.0771 -0.0623 0.0249 -0.0582 0.3769 0.5062 0.4803
1494720000.0000 27750.0000 -0.7999 0.3467 0.0557 0.9372 113.4320 0.1872 0.0733 0.0438 0.0186 -0.0098 -0.0133 0.1522 0.3646 0.3380
1494720000.0000 28050.0000 -1.0528 0.7830 -0.0282 1.3720 126.6387 0.3481 0.1397 0.0821 -0.0887 0.0425 -0.0581 0.2849 0.3321 0.3073
1494720000.0000 28350.0000 -0.7519 0.3263 -0.0344 0.8683 113.4628 0.1187 0.0768 0.0590 -0.0073 0.0291 -0.0347 0.1273 0.3551 0.3114
1494720000.0000 28650.0000 -0.6010 0.1539 -0.0029 0.7215 104.3620 0.1377 0.1160 0.0635 0.0227 0.0228 -0.0240 0.1586 0.5242 0.4688
1494720000.0000 28950.0000 -0.8626 -0.1122 -0.0769 0.9777 82.5884 0.2548 0.2157 0.0979 0.0596 0.0241 -0.0307 0.2842 0.4985 0.4553
1494720000.0000 29250.0000 -0.6091 0.3597 0.0280 0.8216 120.5643 0.3137 0.1052 0.0662 0.0244 0.0213 -0.0011 0.2425 0.5680 0.5282
1494720000.0000 29550.0000 -0.8958 0.6179 -0.0407 1.1892 124.5968 0.4601 0.1917 0.0858 -0.0701 0.0889 -0.0191 0.3688 0.4553 0.4283
1494720000.0000 29850.0000 -1.2897 1.0093 -0.1069 1.6719 128.0456 0.3991 0.1450 0.1083 -0.1474 0.0992 -0.0452 0.3262 0.2841 0.2600
1494720000.0000 30150.0000 -0.7778 0.6215 -0.0216 1.0608 128.6268 0.1497 0.1215 0.1008 -0.0033 0.0240 -0.0219 0.1860 0.3536 0.3020
1494720000.0000 30450.0000 -1.0206 0.3315 -0.1387 1.2232 107.9922 0.3136 0.3395 0.1257 0.0368 0.0437 -0.0833 0.3894 0.4709 0.4348
1494720000.0000 30750.0000 -0.9336 0.8418 -0.0611 1.3156 132.0419 0.2929 0.1415 0.0716 -0.0744 0.0520 -0.0300 0.2530 0.3263 0.3027
1494720000.0000 31050.0000 -0.2331 0.8221 -0.1456 0.8963 164.1687 0.0573 0.1914 0.0738 -0.0033 0.0058 -0.0716 0.1613 0.3783 0.3370
1494720000.0000 31350.0000 -0.6878 0.8496 -0.0810 1.1863 141.0083 0.2635 0.1584 0.0657 0.0259 0.0029 -0.0190 0.2438 0.3678 0.3431
1494720000.0000 31650.0000 -0.4414 0.8909 -0.1021 1.1170 153.6442 0.2237 0.3230 0.1047 0.0698 0.0072 -0.0721 0.3257 0.4663 0.4294
1494720000.0000 31950.0000 -0.3301 0.2951 0.0078 0.6673 131.7993 0.1904 0.1688 0.0855 -0.0137 0.0062 -0.0177 0.2224 0.8695 0.7816
1494720000.0000 32250.0000 -0.6850 0.2364 -0.1242 0.9856 109.0431 0.2683 0.3841 0.1280 0.1248 0.0225 0.0139 0.3901 0.6937 0.6435
1494720000.0000 32550.0000 -0.2261 -0.1711 0.0311 0.5539 52.8789 0.3476 0.0941 0.0803 -0.0093 0.0353 -0.0041 0.2610 1.4621 1.3530
1494720000.0000 32850.0000 -0.5587 -0.5232 -0.0028 0.9065 46.8811 0.2596 0.1197 0.0840 -0.0410 0.0047 0.0183 0.2317 0.5134 0.4646
1494720000.0000 33150.0000 0.1152 -0.2490 0.0296 0.5767 335.1656 0.2742 0.0929 0.0495 0.0237 0.0118 -0.0202 0.2083 1.3505 1.2751
1494720000.0000 33450.0000 0.6114 -0.0856 -0.0327 0.7804 277.9689 0.2341 0.1930 0.1224 -0.0603 -0.0483 -0.0412 0.2747 0.6923 0.6112
1494720000.0000 33750.0000 0.7669 -0.1001 -0.1080 0.9188 277.4335 0.1857 0.2275 0.0770 -0.0418 -0.0354 -0.0232 0.2451 0.5177 0.4799
1494720000.0000 34050.0000 1.0939 -0.8125 -0.0562 1.4382 306.6043 0.2188 0.1715 0.1102 0.0434 -0.0143 -0.0474 0.2503 0.2995 0.2647
1494720000.0000 34350.0000 0.2271 -0.5624 -0.0416 0.7186 338.0117 0.1541 0.0812 0.0642 0.0245 0.0062 0.0074 0.1497 0.5197 0.4617
1494720000.0000 34650.0000 0.4321 -0.5698 0.0436 0.8518 322.8277 0.2741 0.0964 0.1083 -0.0009 -0.0859 -0.0343 0.2394 0.5576 0.4915
1494720000.0000 34950.0000 0.3107 -0.4468 0.0700 0.6295 325.1891 0.0445 0.1450 0.0409 0.0048 -0.0050 -0.0409 0.1152 0.5050 0.4618
1494720000.0000 35250.0000 -0.3722 0.0432 0.0781 0.5914 96.6143 0.2726 0.0638 0.1141 -0.0064 -0.0684 -0.0270 0.2253 1.0123 0.8936
1494720000.0000 35550.0000 -1.1319 -0.3977 -0.0622 1.2342 70.6416 0.1035 0.0739 0.0941 -0.0014 0.0159 0.0325 0.1358 0.2504 0.2027
1494720000.0000 35850.0000 -0.6323 -0.4362 0.0729 0.8413 55.4008 0.1401 0.0940 0.0768 -0.0178 0.0109 0.0292 0.1554 0.4171 0.3636
1494720000.0000 36150.0000 -1.7619 -0.3581 0.0224 1.8729 78.5105 0.1979 0.2714 0.1242 -0.0046 0.0329 0.0069 0.2968 0.2474 0.2200
1494720000.0000 36450.0000 -1.0618 0.4170 -0.1441 1.2583 111.4410 0.2217 0.2409 0.1406 0.0147 -0.0013 -0.0528 0.3016 0.3900 0.3442
1494720000.0000 36750.0000 -0.9722 0.3194 -0.0290 1.2296 108.1882 0.4504 0.3430 0.1136 0.1935 -0.0004 -0.0123 0.4535 0.5371 0.5026
1494720000.0000 37050.0000 -1.7607 -0.3456 0.1266 1.8701 78.8963 0.3887 0.2888 0.1569 0.0868 0.0738 -0.0047 0.4171 0.2932 0.2648
1494720000.0000 37350.0000 -1.2987 0.0237 0.0694 1.5551 91.0447 0.6855 0.7039 0.1673 0.2111 0.0878 -0.0374 0.7784 0.5538 0.5239
1494720000.0000 37650.0000 -1.0428 -0.3472 0.0560 1.2911 71.5870 0.7665 0.2732 0.1343 -0.1781 0.0910 0.0043 0.5870 0.5684 0.5356
1494720000.0000 37950.0000 0.1129 -0.3448 0.1005 0.5651 341.8757 0.0785 0.1738 0.0630 0.0145 0.0068 -0.0342 0.1576 0.8611 0.7993
1494720000.0000 38250.0000 -0.1286 0.5577 -0.0328 0.7099 167.0183 0.1487 0.1323 0.0886 0.0067 -0.0167 -0.0256 0.1848 0.6123 0.5348
1494720000.0000 38550.0000 -0.0287 0.3246 0.0418 0.4754 174.9530 0.1282 0.0839 0.0459 -0.0127 -0.0234 -0.0022 0.1290 0.8928 0.8160
1494720000.0000 38850.0000 0.5144 -0.0893 -0.0100 0.7289 279.8448 0.2237 0.1395 0.1374 -0.0109 -0.0603 -0.0350 0.2503 0.7822 0.6664
1494720000.0000 39150.0000 0.1576 -0.6723 0.0271 0.7823 346.8074 0.1110 0.0951 0.0688 0.0345 -0.0074 -0.0084 0.1375 0.4381 0.3796
1494720000.0000 39450.0000 -0.5282 -0.8931 -0.1287 1.1815 30.6021 0.3612 0.1884 0.1580 0.0595 0.0659 0.0450 0.3538 0.4644 0.4125
1494720000.0000 39750.0000 -1.2990 -0.4910 0.1953 1.5125 69.2948 0.8737 0.2405 0.1514 0.0617 0.1348 0.0137 0.6328 0.4632 0.4389
1494720000.0000 40050.0000 -1.6177 0.7574 -0.0398 1.9988 115.0899 1.0214 0.5684 0.1905 0.1955 -0.0183 -0.0825 0.8901 0.4312 0.4075
1494720000.0000 40350.0000 -1.3345 -0.0155 -0.1392 1.4724 89.3337 0.7158 0.2402 0.1860 0.0765 0.0347 -0.0643 0.5710 0.4598 0.4230
1494720000.0000 40650.0000 -2.5569 0.2712 -0.0931 2.6303 96.0553 0.6697 0.2573 0.1491 -0.0278 0.0522 -0.0053 0.5381 0.2328 0.2162
1494720000.0000 40950.0000 -0.7547 -0.4076 0.1013 1.0305 61.6277 0.2693 0.2854 0.1076 -0.0903 0.0674 -0.0311 0.3312 0.5440 0.5013
1494720000.0000 41250.0000 -0.3363 -0.7078 0.0850 0.9773 25.4120 0.3848 0.1561 0.0911 0.0255 -0.0046 0.0169 0.3160 0.5823 0.5419
1494720000.0000 41550.0000 -0.9293 -0.1509 0.1393 1.0561 80.7760 0.4713 0.1915 0.1429 0.0130 0.0667 -0.0360 0.4029 0.5445 0.4992
1494720000.0000 41850.0000 -1.6240 -0.0921 0.0246 1.7557 86.7544 0.8954 0.3772 0.1420 0.1092 0.0410 -0.0709 0.7073 0.4221 0.4004
1494720000.0000 42150.0000 -1.6177 -0.4020 0.1254 1.7944 76.0456 0.5790 0.3040 0.1293 -0.0692 0.0914 -0.0168 0.5062 0.3475 0.3255
1494720000.0000 42450.0000 -1.0983 -0.2195 -0.0148 1.2605 78.6987 0.3662 0.2898 0.1601 0.1074 0.0822 0.0054 0.4080 0.4656 0.4175
1494720000.0000 42750.0000 -1.6757 -0.0901 0.0097 1.8295 86.9207 0.6756 0.4625 0.1584 0.1989 0.0529 -0.0497 0.6483 0.3917 0.3670
1494720000.0000 43050.0000 -1.2728 0.4093 0.0433 1.6344 107.8250 0.8083 0.6558 0.1099 0.2979 0.0643 -0.0549 0.7870 0.5415 0.5225
1494720000.0000 43350.0000 -1.0736 0.0663 0.0673 1.2536 93.5358 0.4873 0.3333 0.1037 0.1652 0.0586 0.0047 0.4622 0.5150 0.4862
1494720000.0000 43650.0000 -0.4385 0.6415 -0.0537 0.9262 145.6415 0.3287 0.1479 0.1293 -0.0301 -0.0226 -0.0224 0.3029 0.5770 0.5130
1494720000.0000 43950.0000 -1.1962 0.9014 -0.2500 1.6505 127.0018 0.6664 0.1681 0.2212 0.0300 -0.1160 -0.0464 0.5279 0.3907 0.3521
1494720000.0000 44250.0000 -0.6269 -0.2836 -0.1001 0.9074 65.6623 0.3097 0.1876 0.1197 -0.1203 -0.0222 0.0131 0.3085 0.6522 0.5917
1494720000.0000 44550.0000 0.8377 -0.5548 -0.1777 1.2842 303.5162 0.4452 0.5275 0.2470 -0.1491 0.0412 -0.0061 0.6099 0.6249 0.5667
1494720000.0000 44850.0000 1.6685 -0.4053 -0.1587 1.7903 283.6520 0.4136 0.2214 0.1680 -0.0581 -0.0664 -0.0852 0.4015 0.3000 0.2679
1494720000.0000 45150.0000 -0.4403 0.7559 -0.0400 1.0577 149.7820 0.3581 0.2117 0.1416 -0.0291 -0.0516 -0.0389 0.3557 0.5561 0.4982
1494720000.0000 45450.0000 -0.4721 1.7099 -0.2265 1.9501 164.5647 0.4698 1.1570 0.2863 0.1793 -0.0466 -0.2591 0.9565 0.4465 0.4151
1494720000.0000 45750.0000 -0.1931 0.3953 0.0338 0.8988 153.9711 0.4615 0.4219 0.1972 -0.2167 -0.0691 -0.0778 0.5403 1.3601 1.2334
1494720000.0000 46050.0000 -0.4856 1.0510 0.0220 1.3014 155.2019 0.3155 0.3596 0.2184 0.0702 -0.0194 -0.1661 0.4467 0.4713 0.4097
1494720000.0000 46350.0000 -0.6889 0.8275 0.0796 1.2280 140.2190 0.3753 0.3781 0.2313 -0.0303 -0.0328 -0.1114 0.4924 0.5307 0.4654
1494720000.0000 46650.0000 -0.2090 0.9469 -0.0468 1.1471 167.5535 0.2323 0.6416 0.2148 -0.1023 -0.0083 -0.1660 0.5444 0.6205 0.5566
1494720000.0000 46950.0000 -0.3582 1.3313 -0.2418 1.4722 164.9421 0.2004 0.4657 0.1649 0.0791 -0.0018 -0.1374 0.4156 0.3760 0.3418
1494720000.0000 47250.0000 -0.3338 0.8297 -0.0396 0.9782 158.0857 0.1404 0.1694 0.1056 0.0370 -0.0192 -0.0459 0.2077 0.4157 0.3594
1494720000.0000 47550.0000 -0.5292 0.5591 -0.1949 0.8874 136.5723 0.1686 0.1338 0.1680 0.0194 -0.0270 -0.0443 0.2352 0.4986 0.4124
1494720000.0000 47850.0000 0.4677 0.0598 -0.0187 0.9565 262.7086 0.2992 0.6181 0.1434 -0.1742 0.0149 0.0186 0.5304 1.2602 1.1728
1494720000.0000 48150.0000 -0.0504 -0.2597 0.0750 0.7680 10.9874 0.4060 0.2826 0.0998 0.0800 -0.0073 -0.0234 0.3941 1.8641 1.8108
1494720000.0000 48450.0000 0.6410 0.2917 -0.0541 0.9782 245.5319 0.3146 0.4106 0.2389 0.0064 -0.1157 -0.1104 0.4820 0.8026 0.6981
1494720000.0000 48750.0000 0.2738 0.4675 0.0352 0.9243 210.3549 0.2918 0.5232 0.2409 0.0523 -0.0802 -0.1790 0.5280 1.0929 0.9622
1494720000.0000 49050.0000 -1.0112 0.1996 0.0321 1.1951 101.1657 0.4890 0.3139 0.1237 -0.1387 0.0929 -0.0662 0.4633 0.5389 0.5019
1494720000.0000 49350.0000 -0.7500 0.9377 0.0375 1.3366 141.3448 0.3083 0.3161 0.1407 0.0689 0.0060 -0.0538 0.3826 0.4204 0.3799
1494720000.0000 49650.0000 -0.6233 0.6448 0.1021 0.9769 135.9733 0.1981 0.1041 0.1078 -0.0040 -0.0139 0.0033 0.2050 0.4096 0.3539
1494720000.0000 49950.0000 -0.4067 1.6954 -0.3064 1.7868 166.5112 0.1202 0.4806 0.1662 0.0000 -0.0034 -0.1463 0.3835 0.2856 0.2567
1494720000.0000 50250.0000 -0.5223 0.8627 -0.1056 1.0931 148.8083 0.1577 0.2115 0.1119 0.0280 -0.0176 -0.0440 0.2405 0.3949 0.3478
1494720000.0000 50550.0000 -0.8299 0.9318 -0.0859 1.3309 138.3123 0.3738 0.2377 0.1380 -0.1050 0.0455 -0.0623 0.3747 0.3996 0.3618
1494720000.0000 50850.0000 -0.5915 0.9905 0.0073 1.2186 149.1567 0.1661 0.2128 0.0861 -0.0025 -0.0244 -0.0472 0.2325 0.3413 0.3080
1494720000.0000 51150.0000 -0.4270 0.3181 -0.0037 0.7926 126.6870 0.2864 0.2191 0.1398 0.0591 0.0403 -0.0836 0.3227 0.8711 0.7710
1494720000.0000 51450.0000 -1.0261 0.6993 -0.0055 1.3664 124.2734 0.3506 0.2752 0.1126 -0.0360 0.0271 -0.0456 0.3692 0.3995 0.3678
1494720000.0000 51750.0000 -0.9983 0.5253 -0.0112 1.1855 117.7549 0.3200 0.1380 0.0682 -0.0803 0.0425 -0.0288 0.2631 0.3712 0.3464
1494720000.0000 52050.0000 -1.0411 0.1030 0.0813 1.1476 95.6525 0.2368 0.2537 0.0648 -0.0345 0.0354 -0.0161 0.2776 0.4100 0.3865
1494720000.0000 52350.0000 -0.8171 0.7452 0.0232 1.2242 132.3647 0.5757 0.1627 0.1074 -0.0764 0.0140 -0.0471 0.4229 0.4800 0.4486
1494720000.0000 52650.0000 -0.2304 0.9254 -0.0892 0.9941 166.0212 0.0570 0.2674 0.0664 0.0090 -0.0002 -0.0624 0.1954 0.3768 0.3448
1494720000.0000 52950.0000 -0.4128 0.8329 -0.0667 0.9920 153.6365 0.0806 0.2594 0.0509 0.0127 -0.0029 -0.0165 0.1955 0.3873 0.3622
1494720000.0000 53250.0000 -1.2470 0.4346 -0.1086 1.4829 109.2135 0.6058 0.3209 0.1126 0.0763 0.0593 0.0087 0.5197 0.4442 0.4209
1494720000.0000 53550.0000 -1.5809 0.8982 -0.0096 2.1491 119.6040 0.7112 1.1221 0.1942 0.3111 -0.0213 -0.0273 1.0137 0.4521 0.4299
1494720000.0000 53850.0000 -0.3063 1.2974 -0.1805 1.4878 166.7155 0.3835 0.5329 0.2819 -0.0116 -0.0708 -0.2077 0.5992 0.4698 0.4146
1494720000.0000 54150.0000 -0.1705 0.7335 -0.0729 0.8694 166.9174 0.1481 0.2258 0.1628 0.0643 -0.0588 -0.0854 0.2683 0.5591 0.4688
1494720000.0000 54450.0000 0.1187 0.1102 -0.0483 0.8384 227.1244 0.4718 0.3855 0.1326 -0.1118 -0.0493 -0.1241 0.4949 3.3983 3.3000
1494720000.0000 54750.0000 0.1099 0.3553 -0.0407 0.7184 197.1929 0.2951 0.2424 0.1567 0.0240 -0.0976 -0.1023 0.3471 1.2856 1.1380
1494720000.0000 55050.0000 0.0674 0.2259 -0.0642 0.7460 196.6060 0.5961 0.1628 0.1461 -0.0343 -0.1135 -0.0234 0.4525 2.2476 2.1331
1494720000.0000 55350.0000 0.8226 0.7047 -0.3316 1.2632 229.4157 0.3974 0.3622 0.2186 -0.0115 -0.0594 -0.0774 0.4891 0.5041 0.4645
1494720000.0000 55650.0000 0.2027 -0.1809 -0.0588 0.9983 311.7501 0.3566 0.6813 0.1866 -0.2422 -0.0123 -0.1953 0.6122 2.2982 2.1649
1494720000.0000 55950.0000 0.1340 0.1356 0.0047 0.8171 224.6773 0.2149 0.6335 0.1726 -0.1271 0.0358 -0.1552 0.5105 3.0593 2.7896
1494720000.0000 56250.0000 -0.4090 0.0759 0.0579 0.7884 100.5114 0.1671 0.4251 0.1230 0.1196 0.0073 0.0319 0.3576 1.1626 1.0681
1494720000.0000 56550.0000 -0.3238 -0.6871 0.1159 0.9866 25.2335 0.2115 0.3091 0.0760 -0.1354 0.0183 0.0394 0.2984 0.5804 0.5484
1494720000.0000 56850.0000 0.8949 -0.1822 -0.1362 1.1190 281.5065 0.2722 0.3677 0.2056 0.0480 -0.0851 -0.0999 0.4228 0.5750 0.5057
1494720000.0000 57150.0000 1.7455 -1.1040 -0.1696 2.1899 302.3133 0.4907 0.5444 0.1911 -0.0194 -0.0933 -0.1121 0.6131 0.3085 0.2844
1494720000.0000 57450.0000 0.6188 -0.1365 -0.1871 0.9820 282.4406 0.4226 0.4371 0.2645 -0.1258 0.0287 -0.1148 0.5621 0.9265 0.8448
1494720000.0000 57750.0000 -0.0204 -0.6297 0.0869 1.0656 1.8565 0.4380 0.5909 0.1396 -0.3411 -0.0037 0.0335 0.5843 0.9813 0.9296
1494720000.0000 58050.0000 -0.1849 -0.6241 -0.0019 0.8834 16.5061 0.1386 0.4703 0.0985 -0.0767 -0.0183 0.0065 0.3537 0.7461 0.6922
1494720000.0000 58350.0000 -0.1065 -1.0057 0.0496 1.1424 6.0461 0.2000 0.4332 0.1257 -0.1284 -0.0342 0.0869 0.3794 0.4967 0.4543
1494720000.0000 58650.0000 0.1925 -0.2910 0.0090 0.8829 326.5095 0.2032 0.6453 0.1004 -0.1082 -0.0267 -0.0382 0.4745 1.6115 1.5244
1494720000.0000 58950.0000 0.7748 -0.8164 -0.0665 1.2539 316.4996 0.3159 0.3396 0.2244 0.0025 -0.1315 -0.0453 0.4399 0.4803 0.4153
1494720000.0000 59250.0000 0.4634 -0.5449 0.0374 0.9294 319.6204 0.3929 0.2255 0.1798 0.0610 -0.1106 -0.0602 0.3991 0.7201 0.6347
1494720000.0000 59550.0000 0.7478 -1.3177 0.1077 1.5998 330.4257 0.2165 0.4826 0.1139 -0.0446 -0.0322 -0.0096 0.4065 0.3427 0.3186
1494720000.0000 59850.0000 1.7308 -2.0269 -0.1734 2.7870 319.5060 0.5222 0.5737 0.3214 0.1398 -0.1032 -0.0703 0.7086 0.2573 0.2268
1494720000.0000 60150.0000 0.5026 -0.6150 0.1697 0.9845 320.7464 0.2758 0.4688 0.0819 -0.1698 0.0117 -0.0290 0.4133 0.6463 0.6272
1494720000.0000 60450.0000 0.7069 -0.3692 0.1131 1.0231 297.5794 0.8472 0.1868 0.1660 0.0235 -0.2677 -0.0595 0.6000 0.7852 0.7362
1494720000.0000 60750.0000 0.2521 -0.4094 -0.0860 0.6980 328.3690 0.2852 0.0707 0.0676 -0.0401 -0.0342 0.0228 0.2117 0.7693 0.7164
1494720000.0000 61050.0000 0.4066 -0.4267 0.0055 0.7132 316.3838 0.1306 0.1130 0.0893 -0.0666 -0.0560 0.0343 0.1664 0.5651 0.4835
1494720000.0000 61350.0000 0.1944 -0.4542 0.0040 0.6106 336.8257 0.0947 0.2146 0.1187 -0.0376 0.0050 -0.0595 0.2140 0.7644 0.6498
1494720000.0000 61650.0000 0.3367 -1.1760 0.0455 1.2622 344.0247 0.1076 0.1790 0.0873 -0.0332 -0.0081 0.0295 0.1870 0.2884 0.2527
1494720000.0000 61950.0000 0.1495 -0.7197 0.0766 0.8671 348.2679 0.1243 0.2756 0.1127 -0.0966 0.0134 -0.0075 0.2563 0.5593 0.4967
1494720000.0000 62250.0000 0.8412 -1.4200 -0.0082 1.8439 329.3595 1.2132 0.6084 0.2190 -0.5698 -0.1427 0.0630 1.0203 0.4997 0.4721
1494720000.0000 62550.0000 0.6726 -1.2688 0.0064 1.6136 332.0710 0.5254 0.2246 0.1485 0.0265 -0.0710 -0.0349 0.4493 0.3811 0.3482
1494720000.0000 62850.0000 -0.3496 -0.8606 0.0731 1.0257 22.1088 0.2025 0.2282 0.0768 0.0421 0.0601 0.0521 0.2537 0.4414 0.4078
1494720000.0000 63150.0000 0.1990 0.1644 0.0640 0.7022 230.4378 0.1948 0.3687 0.1169 -0.1489 0.0379 -0.1045 0.3402 1.7909 1.6791
1494720000.0000 63450.0000 0.5377 -0.4720 0.0144 0.8683 311.2787 0.3248 0.1765 0.1743 -0.0059 -0.1351 -0.0048 0.3378 0.6631 0.5713
1494720000.0000 63750.0000 0.5485 -0.1401 -0.0056 0.9456 284.3253 0.6516 0.4136 0.1331 -0.3832 -0.0333 0.0059 0.5992 1.1164 1.0526
1494720000.0000 64050.0000 -0.1776 0.0036 0.0406 0.4966 91.1511 0.1374 0.1201 0.1080 -0.0228 -0.0406 0.0162 0.1827 1.9153 1.6491
1494720000.0000 64350.0000 -0.2803 0.3732 -0.0710 0.6380 143.0887 0.0920 0.1861 0.0662 0.0169 -0.0021 0.0058 0.1722 0.7177 0.6525
1494720000.0000 64650.0000 0.2996 -0.1675 -0.2475 0.8575 299.2043 0.3948 0.4885 0.3035 -0.2417 0.0261 -0.1945 0.5934 1.4865 1.5811
1494720000.0000 64950.0000 0.5996 0.5672 -0.2996 1.0659 226.5938 0.1876 0.4500 0.1497 -0.1024 0.0071 -0.0663 0.3936 0.5834 0.5585
1494720000.0000 65250.0000 -0.4642 0.3966 -0.0054 0.8383 130.5093 0.3581 0.1226 0.0683 -0.0279 -0.0337 -0.0183 0.2745 0.7007 0.6557
1494720000.0000 65550.0000 0.0798 0.6522 -0.0616 0.7668 186.9725 0.1122 0.2676 0.0897 -0.0148 -0.0180 -0.0587 0.2347 0.5995 0.5415
1494720000.0000 65850.0000 0.2233 0.0687 -0.0659 0.4644 252.8949 0.1364 0.1343 0.0421 0.0656 -0.0304 -0.0378 0.1564 1.3304 1.2858
1494720000.0000 66150.0000 -0.0182 0.4099 -0.1289 0.5067 177.4512 0.0775 0.0556 0.0253 0.0422 -0.0225 -0.0222 0.0792 0.5342 0.5133
1494720000.0000 66450.0000 0.0326 -0.0780 0.0338 0.2350 337.3062 0.0310 0.0365 0.0220 -0.0169 -0.0043 -0.0079 0.0448 1.8973 1.7747
1494720000.0000 66750.0000 0.0967 -0.2512 0.0974 0.3093 338.9417 0.0211 0.0233 0.0144 -0.0069 -0.0105 0.0045 0.0294 0.4888 0.4519
1494720000.0000 67050.0000 0.2655 -0.2200 -0.1221 0.4900 309.6480 0.1260 0.0435 0.0278 0.0094 -0.0167 -0.0048 0.0986 0.7010 0.6894
1494720000.0000 67350.0000 0.4825 -0.3705 -0.0933 0.7378 307.5166 0.1588 0.0721 0.0389 0.0609 -0.0088 0.0078 0.1349 0.4872 0.4560
1494720000.0000 67650.0000 0.6038 -0.1249 -0.0280 0.7636 281.6885 0.2173 0.0914 0.0304 0.0488 -0.0403 -0.0151 0.1695 0.5447 0.5203
1494720000.0000 67950.0000 0.1517 -0.4676 -0.0248 0.5555 342.0327 0.0489 0.1121 0.0486 -0.0089 -0.0114 0.0320 0.1048 0.5370 0.4713
1494720000.0000 68250.0000 0.5046 -0.2214 -0.0974 0.6865 293.6930 0.2687 0.0318 0.0151 0.0574 -0.0301 -0.0103 0.1578 0.5796 0.5744
1494720000.0000 68550.0000 0.6464 -0.4762 -0.0434 0.8221 306.3758 0.0278 0.0297 0.0096 0.0026 -0.0049 -0.0035 0.0336 0.1862 0.1726
1494720000.0000 68850.0000 0.0920 -0.0868 0.0191 0.2817 313.3273 0.0409 0.0522 0.0114 -0.0258 0.0051 -0.0045 0.0522 1.4585 1.3926
1494720000.0000 69150.0000 0.0507 0.6196 -0.1082 0.6495 184.6778 0.0339 0.0902 0.0221 0.0204 -0.0092 -0.0233 0.0731 0.3498 0.3271
1494720000.0000 69450.0000 0.1429 0.5418 -0.1325 0.5990 194.7716 0.0463 0.0509 0.0142 0.0122 -0.0131 -0.0114 0.0557 0.3348 0.3213
1494720000.0000 69750.0000 0.0851 0.4386 -0.0508 0.4704 190.9809 0.0190 0.0213 0.0078 -0.0055 -0.0016 -0.0027 0.0241 0.2816 0.2594
1494720000.0000 70050.0000 -0.0079 0.3707 -0.0806 0.4728 178.7772 0.0284 0.1915 0.0203 -0.0111 -0.0005 -0.0291 0.1201 0.7457 0.7301
1494720000.0000 70350.0000 -0.0010 1.2835 -0.1910 1.3045 179.9539 0.0465 0.1150 0.0313 -0.0222 0.0097 -0.0283 0.0964 0.1953 0.1807
1494720000.0000 70650.0000 -0.1030 1.3324 -0.2927 1.3527 175.5811 0.0389 0.0762 0.0246 0.0081 -0.0017 -0.0110 0.0698 0.1577 0.1466
1494720000.0000 70950.0000 0.0131 1.0682 -0.2347 1.0875 180.7003 0.0352 0.1385 0.0197 -0.0239 0.0065 -0.0254 0.0967 0.2321 0.2252
1494720000.0000 71250.0000 0.0563 1.0575 -0.2878 1.0894 183.0459 0.0474 0.1509 0.0234 -0.0455 0.0105 -0.0206 0.1108 0.2477 0.2428
1494720000.0000 71550.0000 0.2869 0.0369 0.0090 0.3257 262.6691 0.0210 0.0199 0.0098 -0.0081 0.0012 -0.0058 0.0254 0.4494 0.4038
1494720000.0000 71850.0000 0.0701 -0.1423 -0.0468 0.2315 333.7714 0.0266 0.0104 0.0048 0.0027 -0.0003 0.0012 0.0209 0.7137 0.6996
1494720000.0000 72150.0000 0.0528 0.0976 -0.0308 0.1866 208.4071 0.0102 0.0187 0.0038 0.0043 0.0015 0.0037 0.0163 0.9070 0.8850
1494720000.0000 72450.0000 -0.0018 0.1826 -0.0954 0.2879 179.4394 0.0224 0.0389 0.0060 -0.0232 0.0055 -0.0063 0.0337 0.7271 0.7827
1494720000.0000 72750.0000 0.1542 0.0280 -0.0275 0.1919 259.7048 0.0215 0.0056 0.0036 -0.0009 0.0021 0.0002 0.0154 0.6357 0.6064
1494720000.0000 73050.0000 0.0021 0.1175 -0.0014 0.2238 181.0086 0.0308 0.0334 0.0047 -0.0072 0.0058 -0.0018 0.0345 1.2896 1.2450
1494720000.0000 73350.0000 -0.0765 0.8962 -0.1517 0.9098 175.1216 0.0188 0.1046 0.0146 0.0015 0.0017 -0.0163 0.0690 0.2352 0.2255
1494720000.0000 73650.0000 0.0507 1.2945 -0.2392 1.3061 182.2437 0.0268 0.0360 0.0262 -0.0004 0.0026 -0.0055 0.0445 0.1308 0.1117
1494720000.0000 73950.0000 0.0532 1.1990 -0.2123 1.2135 182.5424 0.0258 0.1171 0.0210 -0.0242 0.0059 -0.0259 0.0820 0.1918 0.1819
1494720000.0000 74250.0000 0.0401 0.8185 -0.0774 0.8364 182.8037 0.0241 0.0711 0.0144 -0.0211 0.0044 -0.0112 0.0548 0.2322 0.2174
1494720000.0000 74550.0000 -0.0212 1.1677 -0.1575 1.1832 178.9578 0.0311 0.0833 0.0264 -0.0083 0.0022 -0.0209 0.0704 0.1839 0.1673
1494720000.0000 74850.0000 -0.0143 0.9132 -0.1158 0.9323 179.1050 0.0336 0.0499 0.0233 -0.0092 -0.0008 -0.0069 0.0534 0.2050 0.1827
1494720000.0000 75150.0000 0.0175 0.4732 -0.0445 0.4930 182.1123 0.0158 0.0483 0.0075 0.0060 -0.0018 -0.0087 0.0357 0.3245 0.3085
1494720000.0000 75450.0000 -0.0643 0.5302 -0.0772 0.5399 173.0853 0.0061 0.0377 0.0039 -0.0006 0.0003 -0.0026 0.0239 0.2338 0.2264
1494720000.0000 75750.0000 -0.0514 0.8045 -0.1042 0.8155 176.3423 0.0141 0.0363 0.0110 0.0009 0.0014 -0.0078 0.0307 0.1761 0.1608
1494720000.0000 76050.0000 -0.0120 0.2934 -0.0260 0.3095 177.6561 0.0065 0.0356 0.0043 -0.0065 -0.0000 -0.0015 0.0232 0.4219 0.4032
1494720000.0000 76350.0000 -0.1305 0.5786 -0.0906 0.6048 167.2908 0.0094 0.0627 0.0093 0.0028 0.0013 -0.0106 0.0407 0.2744 0.2613
1494720000.0000 76650.0000 -0.0288 0.4331 -0.0000 0.4488 176.1998 0.0109 0.0185 0.0057 0.0030 0.0024 0.0010 0.0176 0.2495 0.2283
1494720000.0000 76950.0000 -0.0100 0.3358 0.0351 0.3589 178.2882 0.0101 0.0525 0.0074 -0.0046 0.0007 -0.0011 0.0350 0.4523 0.4302
1494720000.0000 77250.0000 0.0436 0.6427 -0.0595 0.6604 183.8829 0.0220 0.1126 0.0190 0.0051 -0.0036 -0.0303 0.0768 0.3498 0.3288
1494720000.0000 77550.0000 -0.0122 1.3417 -0.1566 1.3537 179.4779 0.0297 0.0698 0.0242 -0.0085 0.0043 -0.0214 0.0619 0.1504 0.1358
1494720000.0000 77850.0000 -0.0779 1.3889 -0.2088 1.4013 176.7885 0.0274 0.0470 0.0205 -0.0054 0.0042 -0.0146 0.0475 0.1265 0.1133
1494720000.0000 78150.0000 -0.0184 1.2980 -0.1963 1.3106 179.1857 0.0314 0.0475 0.0186 -0.0020 0.0057 -0.0092 0.0487 0.1373 0.1249
1494720000.0000 78450.0000 0.2408 0.7485 -0.0516 0.8097 197.8311 0.0300 0.1868 0.0184 0.0201 -0.0023 -0.0323 0.1176 0.3553 0.3419
1494720000.0000 78750.0000 -0.0507 0.7115 -0.0930 0.7312 175.9212 0.0222 0.0491 0.0127 -0.0131 0.0051 -0.0098 0.0420 0.2326 0.2161
1494720000.0000 79050.0000 0.1089 0.8008 -0.1008 0.8319 187.7405 0.0297 0.0935 0.0272 -0.0080 0.0006 -0.0186 0.0752 0.2749 0.2507
1494720000.0000 79350.0000 -0.0455 1.0854 -0.1240 1.0993 177.6006 0.0273 0.0735 0.0188 -0.0098 0.0058 -0.0176 0.0599 0.1827 0.1688
1494720000.0000 79650.0000 0.0614 1.0889 -0.1575 1.1010 183.2263 0.0228 0.0406 0.0173 -0.0020 -0.0004 -0.0101 0.0404 0.1489 0.1334
1494720000.0000 79950.0000 -0.0116 0.2744 0.0222 0.2955 177.5731 0.0072 0.0362 0.0040 -0.0049 0.0010 -0.0023 0.0237 0.4561 0.4380
1494720000.0000 80250.0000 -0.0000 0.4027 -0.0103 0.4134 179.9989 0.0082 0.0229 0.0070 0.0004 0.0008 -0.0007 0.0190 0.2796 0.2528
1494720000.0000 80550.0000 -0.0424 0.2110 -0.0170 0.2241 168.6491 0.0035 0.0043 0.0024 0.0003 0.0003 -0.0002 0.0051 0.2709 0.2377
1494720000.0000 80850.0000 -0.0458 0.9727 -0.1183 0.9853 177.3056 0.0221 0.1184 0.0187 -0.0068 0.0039 -0.0230 0.0796 0.2348 0.2222
1494720000.0000 81150.0000 -0.0106 1.3280 -0.1667 1.3381 179.5425 0.0257 0.0427 0.0189 -0.0038 0.0039 -0.0104 0.0437 0.1275 0.1137
1494720000.0000 81450.0000 0.0652 1.3573 -0.2049 1.3659 182.7512 0.0187 0.0283 0.0136 -0.0014 0.0013 -0.0079 0.0303 0.1035 0.0922
1494720000.0000 81750.0000 0.0729 0.9368 -0.0485 0.9560 184.4478 0.0256 0.1522 0.0261 -0.0049 0.0020 -0.0484 0.1019 0.2771 0.2591
1494720000.0000 82050.0000 0.0011 0.2849 0.0315 0.3188 180.2300 0.0127 0.0513 0.0175 -0.0057 0.0005 -0.0002 0.0408 0.5752 0.5130
1494720000.0000 82350.0000 -0.0635 1.1363 -0.1386 1.1515 176.8012 0.0282 0.0633 0.0202 0.0044 0.0018 -0.0147 0.0559 0.1683 0.1535
1494720000.0000 82650.0000 0.0939 1.1509 -0.1379 1.1786 184.6624 0.0449 0.1037 0.0264 -0.0353 0.0091 -0.0300 0.0875 0.2077 0.1928
1494720000.0000 82950.0000 0.0682 0.7213 -0.0295 0.7480 185.4034 0.0294 0.0646 0.0182 -0.0101 0.0026 -0.0194 0.0561 0.2667 0.2443
1494720000.0000 83250.0000 -0.0825 1.1296 -0.1679 1.1431 175.8213 0.0186 0.1707 0.0191 -0.0029 0.0027 -0.0296 0.1042 0.2302 0.2218
1494720000.0000 83550.0000 -0.0942 0.9364 -0.1103 0.9547 174.2538 0.0215 0.0895 0.0151 0.0079 0.0015 -0.0187 0.0631 0.2164 0.2044
1494720000.0000 83850.0000 0.1493 0.7096 -0.0026 0.7515 191.8828 0.0397 0.0778 0.0210 0.0088 -0.0026 -0.0204 0.0692 0.2962 0.2729
1494720000.0000 84150.0000 0.0567 0.8499 -0.0521 0.8708 183.8185 0.0337 0.1649 0.0221 0.0231 -0.0047 -0.0329 0.1104 0.3178 0.3020
1494720000.0000 84450.0000 -0.0266 1.1640 -0.1387 1.1781 178.6889 0.0277 0.1274 0.0242 0.0094 0.0011 -0.0296 0.0897 0.2085 0.1953
1494720000.0000 84750.0000 0.0209 1.1562 -0.1289 1.1719 181.0353 0.0318 0.0791 0.0275 0.0071 0.0022 -0.0252 0.0692 0.1846 0.1662
1494720000.0000 85050.0000 -0.0542 1.1539 -0.1509 1.1666 177.3103 0.0254 0.0494 0.0223 -0.0007 0.0043 -0.0157 0.0485 0.1544 0.1367
1494720000.0000 85350.0000 -0.0774 1.2571 -0.1658 1.2677 176.4786 0.0193 0.0394 0.0134 0.0003 0.0024 -0.0076 0.0360 0.1220 0.1110
1494720000.0000 85650.0000 0.0283 0.9370 -0.0832 0.9583 181.7290 0.0337 0.0542 0.0185 -0.0155 0.0046 -0.0130 0.0532 0.2001 0.1826
1494720000.0000 85950.0000 -0.0418 1.2029 -0.1399 1.2195 178.0093 0.0354 0.0802 0.0228 -0.0092 0.0041 -0.0205 0.0692 0.1772 0.1631
1494720000.0000 86250.0000 -0.0414 1.1303 -0.1360 1.1501 177.9044 0.0387 0.0857 0.0244 -0.0114 0.0081 -0.0165 0.0745 0.1956 0.1801
1494806400.0000 86550.0000 0.0101 0.9738 -0.1067 0.9996 180.5963 0.0425 0.0885 0.0270 -0.0013 0.0056 -0.0268 0.0790 0.2342 0.2146
1494806400.0000 86850.0000 0.1213 1.0597 -0.1059 1.0846 186.5284 0.0382 0.0530 0.0152 0.0133 -0.0005 -0.0140 0.0532 0.1757 0.1635
1494806400.0000 87150.0000 0.0564 0.9598 -0.0548 0.9772 183.3636 0.0305 0.0692 0.0152 0.0015 -0.0017 -0.0184 0.0574 0.2032 0.1896
1494806400.0000 87450.0000 -0.0986 1.4116 -0.1628 1.4280 176.0037 0.0331 0.0836 0.0236 0.0051 0.0046 -0.0120 0.0701 0.1518 0.1394
1494806400.0000 87750.0000 -0.0583 1.1057 -0.1146 1.1252 176.9814 0.0334 0.1164 0.0278 0.0062 0.0033 -0.0220 0.0888 0.2186 0.2018
1494806400.0000 88050.0000 0.0079 0.9271 -0.0623 0.9509 180.4864 0.0413 0.0592 0.0227 -0.0080 0.0091 -0.0140 0.0616 0.2181 0.1974
1494806400.0000 88350.0000 -0.0161 0.9569 -0.1024 0.9767 179.0368 0.0352 0.0553 0.0226 -0.0040 0.0020 -0.0152 0.0566 0.2018 0.1815
1494806400.0000 88650.0000 0.0242 0.9559 -0.1080 0.9665 181.4476 0.0197 0.0679 0.0107 0.0080 0.0001 -0.0087 0.0492 0.1882 0.1788
1494806400.0000 88950.0000 0.0696 1.3292 -0.1496 1.3419 182.9977 0.0289 0.0367 0.0184 0.0034 -0.0031 -0.0121 0.0420 0.1249 0.1111
1494806400.0000 89250.0000 0.0576 1.2462 -0.1512 1.2573 182.6480 0.0245 0.0655 0.0194 0.0057 -0.0009 -0.0197 0.0547 0.1520 0.1389
1494806400.0000 89550.0000 0.0162 0.8201 -0.0465 0.8372 181.1343 0.0260 0.0522 0.0173 -0.0046 -0.0002 -0.0111 0.0478 0.2172 0.1969
1494806400.0000 89850.0000 0.0076 1.2599 -0.1355 1.2733 180.3478 0.0317 0.0627 0.0232 -0.0081 0.0039 -0.0162 0.0588 0.1563 0.1408
1494806400.0000 90150.0000 -0.0607 1.2316 -0.1423 1.2422 177.1790 0.0213 0.0361 0.0138 0.0034 0.0022 -0.0077 0.0356 0.1242 0.1122
1494806400.0000 90450.0000 -0.0516 1.6172 -0.2047 1.6310 178.1736 0.0397 0.0987 0.0386 -0.0054 0.0065 -0.0334 0.0885 0.1489 0.1327
1494806400.0000 90750.0000 -0.0125 1.4055 -0.1711 1.4171 179.4917 0.0308 0.0644 0.0225 0.0038 0.0013 -0.0156 0.0588 0.1399 0.1267
1494806400.0000 91050.0000 0.0708 1.4202 -0.1840 1.4322 182.8539 0.0269 0.0894 0.0306 -0.0013 0.0003 -0.0314 0.0734 0.1543 0.1384
1494806400.0000 91350.0000 0.0754 0.9631 -0.0816 0.9799 184.4760 0.0262 0.0355 0.0206 -0.0036 -0.0020 -0.0121 0.0412 0.1709 0.1485
1494806400.0000 91650.0000 0.0088 1.4380 -0.1265 1.4570 180.3505 0.0473 0.1859 0.0365 -0.0326 0.0081 -0.0486 0.1349 0.2077 0.1939
1494806400.0000 91950.0000 -0.0365 1.3921 -0.1288 1.4090 178.4989 0.0399 0.1888 0.0378 0.0065 0.0034 -0.0452 0.1332 0.2131 0.1982
1494806400.0000 92250.0000 -0.0251 0.9544 -0.1107 0.9792 178.4945 0.0418 0.1028 0.0307 -0.0018 0.0078 -0.0235 0.0876 0.2515 0.2299
1494806400.0000 92550.0000 0.0189 1.3072 -0.1526 1.3213 180.8265 0.0339 0.0892 0.0206 -0.0154 0.0036 -0.0187 0.0718 0.1663 0.1549
1494806400.0000 92850.0000 -0.0287 1.6142 -0.2034 1.6246 178.9823 0.0299 0.0787 0.0219 -0.0159 0.0043 -0.0231 0.0652 0.1282 0.1179
1494806400.0000 93150.0000 -0.0360 1.3093 -0.1723 1.3243 178.4265 0.0356 0.0901 0.0226 -0.0204 0.0038 -0.0227 0.0741 0.1683 0.1563
1494806400.0000 93450.0000 0.0139 1.4737 -0.1819 1.4851 180.5402 0.0315 0.0580 0.0181 -0.0085 0.0009 -0.0188 0.0538 0.1275 0.1172
1494806400.0000 93750.0000 0.0123 1.2144 -0.1345 1.2334 180.5787 0.0395 0.0971 0.0266 -0.0072 0.0021 -0.0270 0.0817 0.1910 0.1758
1494806400.0000 94050.0000 -0.0320 0.6682 -0.1154 0.6901 177.2596 0.0227 0.2343 0.0301 0.0049 0.0025 -0.0571 0.1436 0.4558 0.4376
1494806400.0000 94350.0000 0.1440 0.8836 -0.0875 0.9205 189.2573 0.0356 0.2791 0.0399 0.0193 -0.0022 -0.0723 0.1773 0.3822 0.3618
1494806400.0000 94650.0000 0.1155 0.4780 0.0570 0.5199 193.5794 0.0241 0.0708 0.0142 -0.0013 -0.0021 -0.0117 0.0545 0.3851 0.3616
1494806400.0000 94950.0000 0.0599 0.0234 -0.0081 0.2230 248.6714 0.0354 0.0260 0.0183 0.0032 0.0058 0.0053 0.0398 2.5144 2.2249
1494806400.0000 95250.0000 -0.0799 0.1580 -0.1145 0.2433 153.1862 0.0234 0.0220 0.0245 0.0039 0.0100 -0.0046 0.0349 0.7237 0.6941
1494806400.0000 95550.0000 -0.0792 0.1279 0.0259 0.4113 148.2328 0.1229 0.0793 0.0164 -0.0019 -0.0076 -0.0123 0.1093 1.7692 1.7265
1494806400.0000 95850.0000 0.2803 0.1856 -0.0380 0.3925 236.4922 0.0371 0.0357 0.0178 0.0066 -0.0065 -0.0006 0.0453 0.5138 0.4635
1494806400.0000 96150.0000 -0.0727 0.6154 -0.0935 0.6416 173.2598 0.0124 0.1678 0.0090 0.0047 0.0001 -0.0137 0.0946 0.4007 0.3955
1494806400.0000 96450.0000 0.0505 1.1994 -0.0996 1.2400 182.4127 0.0701 0.1993 0.0380 -0.0506 0.0141 -0.0408 0.1537 0.2657 0.2496
1494806400.0000 96750.0000 0.0072 0.9368 -0.0823 0.9584 180.4377 0.0343 0.0734 0.0178 0.0135 0.0025 -0.0124 0.0627 0.2174 0.2022
1494806400.0000 97050.0000 0.1707 1.2925 -0.1612 1.3214 187.5233 0.0419 0.0671 0.0246 -0.0157 0.0026 -0.0212 0.0668 0.1607 0.1462
1494806400.0000 97350.0000 0.0932 0.7556 -0.0278 0.7908 187.0351 0.0353 0.1514 0.0254 0.0111 -0.0040 -0.0286 0.1060 0.3490 0.3277
1494806400.0000 97650.0000 -0.0243 0.6822 -0.1584 0.7038 177.9590 0.0294 0.0784 0.0149 -0.0157 0.0066 -0.0197 0.0613 0.2886 0.2777
1494806400.0000 97950.0000 0.0559 0.9729 -0.1333 0.9900 183.2876 0.0309 0.1593 0.0225 0.0195 -0.0011 -0.0332 0.1064 0.2707 0.2584
1494806400.0000 98250.0000 0.0859 0.8901 -0.1390 0.9067 185.5117 0.0174 0.1018 0.0165 -0.0100 0.0010 -0.0156 0.0679 0.2350 0.2229
1494806400.0000 98550.0000 0.0547 0.1462 -0.0317 0.2346 200.5016 0.0125 0.0487 0.0105 -0.0029 0.0043 -0.0022 0.0358 0.9708 0.9149
1494806400.0000 98850.0000 -0.0619 0.1051 -0.0468 0.3075 149.5277 0.0141 0.0948 0.0059 -0.0163 0.0004 0.0003 0.0574 1.4971 1.5615
1494806400.0000 99150.0000 -0.3329 0.2990 -0.0574 0.4860 131.9361 0.0570 0.0301 0.0221 -0.0044 0.0016 -0.0038 0.0546 0.4229 0.3808
1494806400.0000 99450.0000 0.0135 0.1719 -0.0412 0.2757 184.4854 0.0222 0.0630 0.0118 -0.0170 0.0064 -0.0106 0.0485 1.0136 0.9768
1494806400.0000 99750.0000 -0.1384 0.0777 -0.0553 0.2067 119.3072 0.0145 0.0192 0.0068 -0.0047 0.0034 -0.0032 0.0202 0.6909 0.6675
1494806400.0000 100050.0000 -0.0437 0.1626 -0.0798 0.2381 164.9510 0.0123 0.0318 0.0041 -0.0033 0.0001 -0.0038 0.0241 0.6802 0.7197
1494806400.0000 100350.0000 0.1238 -0.2397 -0.0252 0.2931 332.6825 0.0145 0.0291 0.0092 -0.0065 0.0010 -0.0015 0.0264 0.4894 0.4467
1494806400.0000 100650.0000 -0.1590 -0.1181 -0.0969 0.2467 53.3966 0.0233 0.0147 0.0176 -0.0001 0.0064 0.0031 0.0277 0.6167 0.5675
1494806400.0000 100950.0000 0.2655 0.0045 -0.0087 0.3271 269.0359 0.0569 0.0179 0.0111 -0.0038 -0.0070 -0.0019 0.0429 0.6369 0.5948
1494806400.0000 101250.0000 0.3967 -0.2930 -0.0156 0.5200 306.4473 0.0358 0.0289 0.0145 -0.0043 -0.0052 -0.0001 0.0396 0.3294 0.2979
1494806400.0000 101550.0000 0.3451 -0.1846 -0.0272 0.4316 298.1511 0.0548 0.0322 0.0163 -0.0173 0.0039 -0.0079 0.0517 0.4731 0.4352
1494806400.0000 101850.0000 -0.1024 -0.0642 -0.0709 0.2098 57.9207 0.0256 0.0201 0.0055 -0.0007 0.0030 -0.0000 0.0256 0.9330 1.0220
1494806400.0000 102150.0000 0.1961 -0.0298 -0.0387 0.2298 278.6318 0.0207 0.0071 0.0036 -0.0035 0.0037 -0.0012 0.0157 0.5062 0.4850
1494806400.0000 102450.0000 -0.0073 0.1761 -0.0593 0.2358 177.6369 0.0145 0.0254 0.0071 -0.0134 0.0047 -0.0103 0.0235 0.6732 0.6542
1494806400.0000 102750.0000 0.1030 0.4183 -0.0664 0.4527 193.8297 0.0164 0.0120 0.0024 -0.0041 -0.0003 -0.0009 0.0154 0.2327 0.2260
1494806400.0000 103050.0000 -0.0262 0.2550 -0.0727 0.2769 174.1420 0.0106 0.0088 0.0043 0.0007 0.0026 -0.0006 0.0118 0.3334 0.3135
1494806400.0000 103350.0000 -0.1169 0.1804 -0.1103 0.2393 147.0566 0.0093 0.0196 0.0112 -0.0046 0.0046 -0.0092 0.0200 0.4784 0.4565
1494806400.0000 103650.0000 0.0906 0.2061 -0.0180 0.3403 203.7245 0.0105 0.0888 0.0056 -0.0190 -0.0007 0.0027 0.0524 0.8278 0.8080
1494806400.0000 103950.0000 0.3779 -0.0291 -0.0955 0.4253 274.4054 0.0377 0.0333 0.0171 0.0120 0.0051 0.0091 0.0441 0.4384 0.4060
1494806400.0000 104250.0000 0.1465 0.1950 -0.0156 0.3622 216.9132 0.0284 0.0769 0.0139 -0.0258 -0.0055 0.0002 0.0596 0.8160 0.7685
1494806400.0000 104550.0000 0.2772 0.8110 -0.1391 0.8734 198.8700 0.0193 0.0500 0.0077 -0.0060 -0.0013 -0.0055 0.0385 0.1846 0.1773
1494806400.0000 104850.0000 0.1368 0.9787 -0.2360 1.0030 187.9561 0.0196 0.0712 0.0124 -0.0151 0.0040 -0.0116 0.0516 0.1825 0.1760
1494806400.0000 105150.0000 0.0746 0.4373 -0.0940 0.4588 189.6804 0.0138 0.1179 0.0178 0.0221 -0.0071 -0.0281 0.0748 0.4922 0.4722
1494806400.0000 105450.0000 -0.1463 0.0140 0.0325 0.2884 95.4578 0.0211 0.0630 0.0171 0.0031 -0.0021 -0.0000 0.0506 1.2205 1.1396
1494806400.0000 105750.0000 0.1271 0.1425 -0.0992 0.2888 221.7281 0.0354 0.0353 0.0111 -0.0011 0.0026 -0.0093 0.0409 0.7676 0.8044
1494806400.0000 106050.0000 0.6829 -0.2696 -0.0007 0.7886 291.5436 0.1186 0.0764 0.0189 -0.0025 -0.0113 -0.0082 0.1070 0.3637 0.3473
1494806400.0000 106350.0000 0.0159 -0.3257 0.0042 0.3888 357.2125 0.0471 0.0232 0.0144 0.0049 0.0027 -0.0001 0.0424 0.5154 0.4695
1494806400.0000 106650.0000 0.3060 0.0120 0.0019 0.3493 267.7532 0.0307 0.0194 0.0089 -0.0118 -0.0024 -0.0006 0.0295 0.4579 0.4218
1494806400.0000 106950.0000 0.2315 0.3009 -0.0980 0.4361 217.5785 0.0326 0.0339 0.0078 -0.0154 -0.0074 0.0037 0.0372 0.4015 0.3922
1494806400.0000 107250.0000 0.0035 0.3226 -0.1202 0.3480 180.6198 0.0136 0.0269 0.0078 0.0014 0.0011 -0.0033 0.0242 0.3686 0.3601
1494806400.0000 107550.0000 0.2445 0.3373 -0.1091 0.4585 215.9420 0.0282 0.0407 0.0187 -0.0005 0.0009 0.0054 0.0439 0.3970 0.3640
1494806400.0000 107850.0000 0.0405 0.0812 -0.1863 0.3723 206.4804 0.1368 0.0534 0.0326 0.0541 -0.0167 -0.0062 0.1114 1.3148 2.7740
1494806400.0000 108150.0000 0.0061 0.4222 -0.0688 0.5167 180.8268 0.0783 0.0512 0.0235 0.0309 -0.0009 -0.0130 0.0766 0.5281 0.4922
1494806400.0000 108450.0000 0.0344 0.3279 -0.0340 0.3461 185.9928 0.0098 0.0091 0.0032 0.0021 0.0001 -0.0017 0.0110 0.2587 0.2407
1494806400.0000 108750.0000 -0.0495 0.4078 -0.0846 0.4262 173.0831 0.0098 0.0257 0.0060 0.0059 0.0006 -0.0012 0.0208 0.2808 0.2651
1494806400.0000 109050.0000 -0.0745 0.0736 -0.0657 0.1603 134.6662 0.0118 0.0085 0.0025 0.0021 0.0012 0.0003 0.0114 0.7057 0.7854
1494806400.0000 109350.0000 0.0076 0.0206 -0.0781 0.2797 200.1302 0.0537 0.0438 0.0243 0.0068 -0.0020 -0.0031 0.0609 2.4852 8.2125
1494806400.0000 109650.0000 0.1421 -0.0651 -0.0058 0.2865 294.6095 0.0179 0.0533 0.0071 0.0198 -0.0016 -0.0023 0.0392 1.0329 0.9858
1494806400.0000 109950.0000 0.3636 0.0030 -0.0348 0.4254 269.5291 0.0185 0.0470 0.0100 -0.0100 0.0010 -0.0004 0.0377 0.4343 0.4064
1494806400.0000 110250.0000 0.2471 -0.1284 -0.0548 0.3439 297.4619 0.0397 0.0164 0.0084 0.0146 0.0031 0.0044 0.0322 0.5162 0.4907
1494806400.0000 110550.0000 0.1884 -0.0868 -0.0135 0.2706 294.7486 0.0284 0.0236 0.0151 0.0045 0.0036 -0.0017 0.0336 0.7195 0.6349
1494806400.0000 110850.0000 -0.0573 -0.0651 -0.0949 0.3255 41.3806 0.0416 0.0819 0.0802 -0.0044 0.0220 0.0081 0.1019 2.0273 2.3388
1494806400.0000 111150.0000 0.3806 -0.1599 -0.0402 0.5143 292.7930 0.0632 0.0624 0.0235 -0.0211 -0.0142 0.0013 0.0746 0.5376 0.4957
1494806400.0000 111450.0000 0.1020 -0.4020 -0.1010 0.4373 345.7683 0.0132 0.0210 0.0110 0.0047 -0.0001 -0.0072 0.0226 0.2875 0.2575
1494806400.0000 111750.0000 0.3968 -0.0331 -0.1592 0.4555 274.7714 0.0482 0.0463 0.0684 0.0055 0.0055 -0.0104 0.0814 0.5434 0.4457
1494806400.0000 112050.0000 -0.4525 -0.3117 0.0331 0.7812 55.4337 0.3398 0.1363 0.0805 0.0097 -0.0112 0.0411 0.2783 0.7826 0.7251
1494806400.0000 112350.0000 -0.5992 -0.5019 0.0396 0.8711 50.0525 0.2011 0.1241 0.0865 0.0135 0.0632 0.0467 0.2058 0.4733 0.4212
1494806400.0000 112650.0000 -0.4010 -0.5569 0.0549 0.7687 35.7601 0.1615 0.0985 0.0554 0.0172 0.0442 0.0356 0.1577 0.4710 0.4290
1494806400.0000 112950.0000 -0.4635 -0.5066 0.1191 0.7948 42.4547 0.1530 0.1968 0.0759 0.0064 0.0299 0.0493 0.2128 0.5406 0.4973
1494806400.0000 113250.0000 -0.5058 -0.5437 0.1888 0.8740 42.9332 0.2486 0.2163 0.0999 0.0158 0.0134 0.0472 0.2824 0.5663 0.5301
1494806400.0000 113550.0000 -0.6052 -0.5556 0.1022 0.9412 47.4482 0.3516 0.2803 0.0689 0.0200 0.0294 0.0384 0.3504 0.5838 0.5586
1494806400.0000 113850.0000 -0.8561 -0.7802 0.1081 1.2902 47.6546 0.3799 0.2824 0.1469 -0.0149 0.0822 0.0442 0.4046 0.4464 0.4056
1494806400.0000 114150.0000 -0.6232 -0.8547 0.1920 1.1879 36.0980 0.3326 0.1749 0.0761 -0.0520 0.0219 0.0051 0.2918 0.4103 0.3889
1494806400.0000 114450.0000 -0.5538 -0.7667 0.1557 1.0613 35.8396 0.2974 0.2962 0.0906 0.0492 0.0471 0.0269 0.3421 0.4982 0.4703
1494806400.0000 114750.0000 -0.4142 -0.5983 0.0270 0.8103 34.6924 0.1228 0.1438 0.0903 -0.0033 0.0311 0.0507 0.1784 0.4737 0.4097
1494806400.0000 115050.0000 0.0230 -0.4558 0.1037 0.7086 357.1157 0.2615 0.1034 0.0409 -0.0805 -0.0078 0.0195 0.2029 0.7858 0.7641
1494806400.0000 115350.0000 0.1501 -0.6279 0.0161 0.6961 346.5578 0.0616 0.0702 0.0454 -0.0100 -0.0115 0.0064 0.0886 0.3763 0.3246
1494806400.0000 115650.0000 -0.5194 -0.5277 0.0507 0.9413 44.5483 0.3435 0.2118 0.1066 -0.0548 0.0276 0.0376 0.3310 0.6329 0.5810
1494806400.0000 115950.0000 -0.6286 -0.2369 0.1217 0.7959 69.3527 0.3321 0.1301 0.0615 0.0229 0.0466 0.0114 0.2619 0.6120 0.5843
1494806400.0000 116250.0000 -0.6955 -0.4619 0.1026 1.0020 56.4104 0.2330 0.2597 0.0909 -0.0760 -0.0073 0.0408 0.2918 0.5243 0.4854
1494806400.0000 116550.0000 -0.7431 -0.7000 0.1809 1.1741 46.7111 0.4500 0.3718 0.2406 0.0545 0.0895 0.1180 0.5312 0.5740 0.5127
1494806400.0000 116850.0000 -1.1123 -1.0851 0.1571 1.7089 45.7084 0.8853 0.4491 0.2552 0.0794 0.1332 0.1224 0.7948 0.4661 0.4292
1494806400.0000 117150.0000 -0.9732 -0.8287 0.2026 1.4349 49.5838 0.5493 0.4275 0.1770 -0.0216 0.0336 0.0766 0.5769 0.4792 0.4464
1494806400.0000 117450.0000 -1.1272 -0.8823 0.1970 1.6053 51.9488 0.7759 0.3924 0.1758 -0.0553 0.0296 0.0132 0.6721 0.4632 0.4360
1494806400.0000 117750.0000 -1.2280 -0.8518 0.1593 1.6431 55.2531 0.9791 0.2929 0.2185 0.0933 0.1151 0.0627 0.7453 0.4690 0.4357
1494806400.0000 118050.0000 -0.8351 -0.9289 0.0846 1.3927 41.9582 0.6119 0.2997 0.1523 0.0235 0.0629 0.0645 0.5320 0.4757 0.4413
1494806400.0000 118350.0000 -1.5286 -0.6658 0.0604 1.8284 66.4632 0.9806 0.4425 0.2111 0.0452 0.0628 0.0429 0.8171 0.4424 0.4131
1494806400.0000 118650.0000 -0.7045 -0.8852 0.1934 1.2419 38.5150 0.2686 0.3584 0.1850 0.0579 0.0678 0.1004 0.4060 0.4533 0.4041
1494806400.0000 118950.0000 -0.8904 -1.0018 0.2409 1.5047 41.6309 0.4307 0.5310 0.1861 -0.0024 0.0620 0.0437 0.5739 0.4542 0.4224
1494806400.0000 119250.0000 -1.0044 -0.9968 0.1169 1.5625 45.2179 0.5729 0.3867 0.2093 0.0073 0.0962 0.0573 0.5845 0.4396 0.3997
1494806400.0000 119550.0000 -0.7886 -0.8577 0.1373 1.3212 42.5992 0.3052 0.4084 0.1334 -0.0183 0.0500 0.0319 0.4235 0.4529 0.4186
1494806400.0000 119850.0000 -0.7739 -0.6213 0.1246 1.1292 51.2450 0.4911 0.2185 0.0922 -0.0100 0.0699 0.0283 0.4009 0.5168 0.4900
1494806400.0000 120150.0000 -1.6259 -0.5432 0.0336 1.8272 71.5262 0.7893 0.4552 0.1475 0.2299 0.0815 0.0341 0.6959 0.3973 0.3757
1494806400.0000 120450.0000 -1.3629 -0.6709 0.2128 1.7202 63.7914 1.0384 0.3762 0.2021 -0.0665 0.1014 0.0320 0.8083 0.4786 0.4520
1494806400.0000 120750.0000 -0.7038 -0.4574 0.0427 1.0660 56.9772 0.6247 0.2570 0.0833 0.0132 0.0521 -0.0165 0.4825 0.6748 0.6459
1494806400.0000 121050.0000 -0.6864 -0.6132 0.1124 1.0260 48.2249 0.2831 0.2087 0.1403 0.0145 0.0702 0.0740 0.3161 0.4951 0.4399
1494806400.0000 121350.0000 -0.1548 -1.0289 0.0450 1.2337 8.5541 0.4898 0.2534 0.1430 -0.0011 0.0621 0.0630 0.4430 0.5219 0.4784
1494806400.0000 121650.0000 -0.1520 -0.9489 0.1023 1.0885 9.1004 0.2343 0.2242 0.0892 -0.0524 0.0421 0.0076 0.2738 0.4421 0.4068
1494806400.0000 121950.0000 -0.5492 -0.1751 0.1370 0.8685 72.3182 0.5946 0.2208 0.1346 -0.1820 0.0477 -0.0158 0.4750 0.9497 0.9044
1494806400.0000 122250.0000 -0.1187 -0.1760 0.1933 0.7434 33.9889 0.2014 0.3902 0.0841 -0.1431 0.0258 -0.0347 0.3379 1.6528 2.0918
1494806400.0000 122550.0000 0.2267 -0.8488 0.0741 1.0712 345.0457 0.3740 0.3312 0.1855 -0.1305 0.0441 0.0164 0.4453 0.6180 0.5518
1494806400.0000 122850.0000 -1.4180 -0.8581 -0.0468 1.8678 58.8199 0.8091 0.5164 0.1944 -0.0518 0.0352 0.0393 0.7599 0.4293 0.4011
1494806400.0000 123150.0000 -1.0642 -0.4357 0.0123 1.2858 67.7351 0.4310 0.2584 0.1368 -0.0709 0.0774 0.0393 0.4131 0.4563 0.4169
1494806400.0000 123450.0000 -0.6396 -1.1523 0.0469 1.6891 29.0343 1.2194 0.5641 0.2374 -0.1589 0.1451 0.0731 1.0104 0.6223 0.5850
1494806400.0000 123750.0000 -0.3206 -1.2112 0.1206 1.4568 14.8241 0.4735 0.4541 0.1709 -0.0644 0.0804 0.1048 0.5492 0.4807 0.4438
1494806400.0000 124050.0000 -0.1904 -1.0995 0.0864 1.2902 9.8219 0.3840 0.2487 0.1456 -0.0672 0.0425 0.0521 0.3892 0.4551 0.4116
1494806400.0000 124350.0000 -0.8163 -0.1730 0.1288 0.9911 78.0330 0.3530 0.2440 0.1336 -0.0697 0.0846 0.0038 0.3653 0.5845 0.5346
1494806400.0000 124650.0000 -0.7538 -0.9677 0.1579 1.5076 37.9164 0.7711 0.6759 0.2520 0.0177 0.0736 0.0103 0.8495 0.6085 0.5662
1494806400.0000 124950.0000 -0.9212 -0.5360 0.1408 1.3507 59.8071 1.1471 0.4179 0.1691 0.3456 0.0241 0.0451 0.8671 0.7072 0.6777
1494806400.0000 125250.0000 -1.1488 0.4531 0.1187 1.5737 111.5242 0.8031 0.7901 0.1753 -0.3777 0.0842 -0.0992 0.8842 0.6189 0.5901
1494806400.0000 125550.0000 -1.8624 -0.1353 -0.0127 2.0228 85.8442 0.6475 0.5680 0.2344 -0.0859 -0.0458 -0.0026 0.7250 0.3723 0.3409
1494806400.0000 125850.0000 -1.8961 0.3866 0.0936 2.1517 101.5240 1.2801 0.9161 0.2220 -0.1955 0.0726 -0.0290 1.2091 0.4634 0.4422
1494806400.0000 126150.0000 -1.7484 -0.4170 -0.0012 2.0690 76.5870 1.7863 0.6093 0.2499 -0.2580 -0.0084 -0.0568 1.3227 0.5224 0.4972
1494806400.0000 126450.0000 -1.3978 -0.4689 0.0118 1.6454 71.4535 0.8447 0.2970 0.1475 -0.1440 0.1187 0.0246 0.6446 0.4446 0.4184
1494806400.0000 126750.0000 -1.4185 -0.1274 0.1306 1.7765 84.8694 0.9799 0.9432 0.2513 -0.2582 0.0437 0.0402 1.0872 0.5953 0.5622
1494806400.0000 127050.0000 -1.4531 0.0833 0.1019 1.9429 93.2815 1.1379 1.1141 0.1977 -0.6660 0.1087 -0.0141 1.2248 0.6193 0.5953
1494806400.0000 127350.0000 -0.5098 -0.9890 0.1407 1.2642 27.2687 0.3926 0.1651 0.1500 -0.0581 -0.0046 0.0393 0.3538 0.4331 0.3875
1494806400.0000 127650.0000 -0.9800 -0.6468 0.1112 1.6618 56.5757 0.5951 1.1251 0.1776 -0.3936 0.1039 -0.0229 0.9489 0.6744 0.6449
1494806400.0000 127950.0000 -1.1209 -0.0449 0.1162 1.4898 87.7081 2.0244 0.3276 0.1640 0.2145 0.1243 0.0050 1.2581 0.8121 0.7893
1494806400.0000 128250.0000 -1.9825 -0.3745 -0.0504 2.1535 79.3015 1.0401 0.4574 0.2211 0.0007 0.0041 -0.0032 0.8593 0.3750 0.3502
1494806400.0000 128550.0000 -1.2916 0.2182 -0.0305 1.4713 99.5888 0.8526 0.3267 0.1660 0.0430 -0.0293 -0.0466 0.6727 0.5111 0.4787
1494806400.0000 128850.0000 -0.1895 -0.4940 -0.0331 1.0599 20.9848 1.0276 0.6946 0.2074 -0.0118 0.0229 0.1016 0.9648 1.5129 1.4321
1494806400.0000 129150.0000 -2.3356 0.3021 -0.0317 2.5627 97.3697 1.0681 0.9496 0.2577 0.4709 -0.0316 -0.1746 1.1377 0.3698 0.3482
1494806400.0000 129450.0000 -0.9864 1.3895 0.0146 1.8399 144.6278 0.6666 0.4215 0.2054 -0.0350 -0.0234 -0.1043 0.6467 0.3853 0.3534
1494806400.0000 129750.0000 -1.1447 1.0730 0.0933 1.6714 133.1476 0.5881 0.1757 0.2124 -0.0812 0.1023 -0.0523 0.4881 0.3629 0.3216
1494806400.0000 130050.0000 -0.8205 1.1846 -0.0700 1.5606 145.2937 0.4969 0.2809 0.1675 -0.0262 0.0294 -0.0788 0.4726 0.3891 0.3533
1494806400.0000 130350.0000 -0.9259 1.1209 -0.0375 1.6128 140.4422 0.5096 0.3120 0.1253 0.0774 0.0387 -0.0537 0.4735 0.3863 0.3600
1494806400.0000 130650.0000 -1.6455 0.1069 -0.0285 1.7854 93.7158 0.3924 0.4751 0.1733 0.0627 0.0614 0.0062 0.5204 0.3572 0.3261
1494806400.0000 130950.0000 -0.7160 -0.6014 0.1193 1.0565 49.9725 0.4780 0.1190 0.0541 -0.0235 0.0256 0.0090 0.3256 0.4943 0.4771
1494806400.0000 131250.0000 -0.9836 -0.3545 0.0334 1.2487 70.1785 0.4387 0.2555 0.1233 -0.0673 0.0736 0.0463 0.4088 0.4990 0.4601
1494806400.0000 131550.0000 -0.4123 -0.1055 -0.1631 0.8284 75.6477 0.3601 0.3839 0.1066 -0.1546 0.0250 -0.0647 0.4253 1.1683 1.1702
1494806400.0000 131850.0000 -0.9062 -0.6307 0.1127 1.2209 55.1617 0.3059 0.3068 0.1444 0.0384 0.0858 0.0614 0.3785 0.4526 0.4093
1494806400.0000 132150.0000 0.0463 -0.4792 0.0866 0.7481 354.4847 0.2556 0.1532 0.1072 -0.0436 -0.0350 0.0410 0.2580 0.8479 0.7669
1494806400.0000 132450.0000 -1.1242 -0.1168 0.0848 1.4244 84.0686 0.8384 0.4405 0.1509 0.1121 0.0328 -0.0308 0.7149 0.6091 0.5777
1494806400.0000 132750.0000 -0.1196 -0.8450 0.1654 0.9158 8.0526 0.0871 0.1774 0.1228 0.0045 0.0056 0.0469 0.1936 0.4133 0.3479
1494806400.0000 133050.0000 0.3056 -0.7443 0.2071 0.8482 337.6798 0.0817 0.1115 0.0751 -0.0356 -0.0321 0.0487 0.1341 0.3599 0.3153
1494806400.0000 133350.0000 -0.1581 -0.2262 -0.0329 0.9833 34.9480 0.4887 0.6041 0.0900 -0.4728 0.0975 -0.1208 0.5914 2.2588 2.1866
1494806400.0000 133650.0000 -0.2660 0.7968 -0.1439 0.9651 161.5392 0.2473 0.1709 0.1965 -0.0488 0.0136 -0.0059 0.3073 0.5311 0.4445
1494806400.0000 133950.0000 -1.4164 0.4422 -0.1055 1.5570 107.3375 0.3199 0.2104 0.1529 -0.0355 -0.0044 -0.0356 0.3416 0.3208 0.2833
1494806400.0000 134250.0000 -1.2565 0.6268 -0.0844 1.4833 116.5130 0.5777 0.3025 0.1381 -0.1998 0.0837 -0.0522 0.5091 0.4142 0.3857
1494806400.0000 134550.0000 -0.2737 -0.2800 -0.0585 0.8589 44.3464 0.5104 0.2431 0.1791 -0.1064 0.0624 -0.0832 0.4663 1.4084 1.2800
1494806400.0000 134850.0000 0.5084 -0.6172 0.0879 0.9957 320.5219 0.1464 0.3605 0.1439 -0.0224 -0.0366 -0.0218 0.3254 0.5790 0.5141
1494806400.0000 135150.0000 0.0380 -0.6269 0.1913 0.8519 356.5356 0.2481 0.2461 0.1339 0.0170 -0.0087 0.0391 0.3140 0.6969 0.6462
1494806400.0000 135450.0000 -0.3306 -1.0393 0.0231 1.4988 17.6469 0.7200 0.5835 0.1728 -0.1963 0.0842 -0.0183 0.7382 0.6430 0.6044
1494806400.0000 135750.0000 0.1273 -0.6782 0.0762 1.2957 349.3720 1.3279 0.2243 0.2466 -0.0714 -0.0686 0.0576 0.8994 1.1154 1.0425
1494806400.0000 136050.0000 -1.3491 -0.5814 -0.0410 1.7386 66.6860 0.7342 0.4637 0.2223 -0.2465 0.0758 0.0509 0.7101 0.4682 0.4302
1494806400.0000 136350.0000 -1.4163 -0.7200 0.1107 1.7282 63.0514 0.7256 0.2509 0.1321 -0.0323 -0.0057 0.0332 0.5543 0.3817 0.3591
1494806400.0000 136650.0000 0.0789 -0.6777 -0.0558 0.8287 353.3627 0.1868 0.2432 0.1634 0.1029 0.0034 0.0303 0.2967 0.6498 0.5550
1494806400.0000 136950.0000 -0.5871 -0.3730 0.0861 0.9763 57.5712 0.2287 0.4098 0.1373 -0.1233 0.0797 -0.0653 0.3879 0.7256 0.6633
1494806400.0000 137250.0000 0.6587 0.1860 -0.1581 1.0008 254.2342 0.3787 0.2846 0.1807 -0.1412 0.0552 -0.0793 0.4220 0.7551 0.6870
1494806400.0000 137550.0000 0.3394 -0.3600 0.2250 0.8156 316.6865 0.4387 0.2053 0.1234 -0.0447 -0.0119 -0.0071 0.3837 0.9305 0.9364
1494806400.0000 137850.0000 -0.1708 0.9579 -0.1435 1.3429 169.8908 0.8160 0.3040 0.1780 -0.2788 -0.0832 -0.0132 0.6490 0.6687 0.6279
1494806400.0000 138150.0000 -0.5590 0.1555 0.0668 1.3031 105.5412 1.0178 0.8796 0.2149 -0.3452 0.0507 -0.1239 1.0561 1.4366 1.3706
1494806400.0000 138450.0000 0.2310 -1.2484 0.1585 1.4640 349.5157 0.5205 0.1904 0.1421 -0.0812 -0.0015 0.0209 0.4265 0.4168 0.3834
1494806400.0000 138750.0000 -0.0680 -0.7749 -0.1588 1.0678 5.0122 0.4416 0.3479 0.2172 -0.1062 -0.0689 0.0370 0.5034 0.7297 0.6595
1494806400.0000 139050.0000 -1.4942 0.1946 -0.0463 1.7807 97.4195 0.6258 0.8219 0.0694 -0.3567 -0.0262 0.0005 0.7586 0.4717 0.4610
1494806400.0000 139350.0000 0.2051 -0.8909 0.0373 1.0240 347.0338 0.1218 0.1835 0.0801 0.0585 -0.0019 0.0124 0.1927 0.3917 0.3489
1494806400.0000 139650.0000 0.4433 -0.3297 -0.1422 0.6597 306.6353 0.1918 0.0756 0.0596 -0.0377 0.0055 -0.0200 0.1635 0.5787 0.5404
1494806400.0000 139950.0000 -0.4575 -0.5862 0.1000 0.9605 37.9700 0.3186 0.3073 0.1015 -0.0742 0.0456 0.0187 0.3637 0.6563 0.6143
1494806400.0000 140250.0000 0.4590 -1.3543 0.2119 1.5295 341.2784 0.3052 0.2584 0.1175 -0.0584 0.0717 -0.0477 0.3406 0.3296 0.3031
1494806400.0000 140550.0000 -0.5899 -0.3996 0.0246 1.0030 55.8855 0.5145 0.2132 0.0851 -0.1156 0.0928 -0.0144 0.4064 0.7301 0.6912
1494806400.0000 140850.0000 -1.2989 -0.2007 0.0255 1.3870 81.2163 0.1855 0.1941 0.0926 -0.0101 0.0241 0.0084 0.2361 0.3018 0.2707
1494806400.0000 141150.0000 -0.4079 0.1730 0.0450 0.6798 112.9813 0.2102 0.2277 0.0670 0.0213 0.0222 -0.0314 0.2525 0.9212 0.8623
1494806400.0000 141450.0000 -0.7684 0.8961 -0.0497 1.2714 139.3872 0.4543 0.1455 0.0695 -0.0877 0.0206 -0.0314 0.3347 0.3998 0.3788
1494806400.0000 141750.0000 -0.3330 0.1029 0.0686 0.6138 107.1706 0.1738 0.1785 0.0437 0.0722 0.0043 -0.0109 0.1980 1.0229 0.9833
1494806400.0000 142050.0000 -0.3981 -0.1357 0.1345 0.5738 71.1784 0.0833 0.1578 0.0569 0.0076 0.0142 0.0110 0.1490 0.7137 0.6740
1494806400.0000 142350.0000 0.2537 0.1052 -0.0192 0.5503 247.4729 0.2414 0.0707 0.0637 0.0342 -0.0643 -0.0187 0.1879 1.2857 1.1745
1494806400.0000 142650.0000 0.2855 -0.5179 0.1057 0.8143 331.1328 0.1793 0.4483 0.0964 0.0068 0.0178 0.0202 0.3620 0.8177 0.7734
1494806400.0000 142950.0000 1.4275 -1.3108 -0.0820 1.9923 312.5592 0.1843 0.2057 0.0985 0.0215 -0.0348 0.0043 0.2442 0.2080 0.1860
1494806400.0000 143250.0000 0.6692 -0.9077 -0.0492 1.1934 323.6001 0.1054 0.1798 0.1989 0.0182 0.0068 -0.0124 0.2421 0.3559 0.2734
1494806400.0000 143550.0000 0.6447 -1.5669 -0.1054 1.8093 337.6364 0.4044 0.5481 0.2088 -0.0593 -0.0293 -0.0807 0.5807 0.3665 0.3326
1494806400.0000 143850.0000 -0.1640 -0.1004 0.0538 0.9860 58.5202 1.0661 0.2212 0.1475 0.0294 -0.1488 0.0031 0.7174 3.4633 3.4062
1494806400.0000 144150.0000 -1.0231 0.0764 -0.0455 1.1723 94.2688 0.1685 0.3056 0.1053 -0.0684 0.0093 0.0266 0.2897 0.4279 0.3875
1494806400.0000 144450.0000 -0.0887 -0.7397 0.0811 0.8649 6.8379 0.1427 0.2768 0.0983 -0.0880 -0.0167 0.0595 0.2590 0.5544 0.5020
1494806400.0000 144750.0000 0.1558 -1.1778 0.1486 1.2814 352.4633 0.2172 0.2607 0.0949 -0.0828 -0.0221 0.0427 0.2864 0.3650 0.3360
1494806400.0000 145050.0000 0.7004 -0.9349 0.0520 1.2705 323.1583 0.1503 0.4443 0.0865 -0.0869 -0.0081 -0.0417 0.3405 0.4075 0.3811
1494806400.0000 145350.0000 0.7267 -1.1870 0.0467 1.5878 328.5255 0.5889 0.3834 0.1396 -0.0715 -0.1297 -0.0077 0.5559 0.4372 0.4090
1494806400.0000 145650.0000 0.8215 -1.1987 0.0770 1.5454 325.5763 0.2714 0.1912 0.0992 0.0422 0.0278 0.0034 0.2809 0.2974 0.2702
1494806400.0000 145950.0000 0.0983 -0.9429 0.1523 1.0177 354.0482 0.1484 0.1868 0.0721 -0.0307 -0.0046 0.0306 0.2036 0.3837 0.3526
1494806400.0000 146250.0000 1.1794 -0.9002 -0.0749 1.5562 307.3523 0.1443 0.3257 0.0867 -0.0701 -0.0319 -0.0044 0.2783 0.2900 0.2668
1494806400.0000 146550.0000 0.4539 -0.9511 0.0644 1.1372 334.4908 0.2176 0.1081 0.0878 -0.0185 -0.0197 0.0054 0.2068 0.3516 0.3126
1494806400.0000 146850.0000 -0.6496 -0.3935 0.0356 1.1507 58.7913 0.5960 0.2807 0.0695 -0.2938 0.1176 -0.0616 0.4731 0.7386 0.7118
1494806400.0000 147150.0000 -0.5335 0.3313 -0.0884 0.7095 121.8437 0.1443 0.0799 0.0862 -0.0349 -0.0635 0.0232 0.1552 0.5071 0.4352
1494806400.0000 147450.0000 -0.1703 -0.1649 0.0396 0.3605 45.9129 0.0520 0.0574 0.0408 -0.0058 0.0061 0.0030 0.0751 0.9311 0.8056
1494806400.0000 147750.0000 0.1890 -0.2314 -0.0321 0.4717 320.7636 0.1415 0.0328 0.0235 0.0012 -0.0056 0.0036 0.0989 0.8546 0.8068
1494806400.0000 148050.0000 0.1958 -0.2471 0.2734 0.5620 321.6065 0.1734 0.1087 0.0687 0.0334 -0.0437 -0.0175 0.1754 0.8195 0.9727
1494806400.0000 148350.0000 0.3951 0.4398 -0.1578 0.6838 221.9385 0.0787 0.0949 0.0645 -0.0143 0.0066 -0.0325 0.1190 0.4604 0.4069
1494806400.0000 148650.0000 0.4055 -0.3347 -0.0616 0.8408 309.5328 0.4375 0.1656 0.0841 0.0342 -0.0569 -0.0063 0.3436 0.9041 0.8527
1494806400.0000 148950.0000 1.1722 -0.3887 -0.1260 1.2828 288.3466 0.1840 0.1441 0.0483 -0.0405 -0.0264 -0.0228 0.1882 0.2854 0.2678
1494806400.0000 149250.0000 0.5570 -0.4919 -0.0634 0.8610 311.4485 0.1575 0.1185 0.0489 0.0491 -0.0298 0.0055 0.1625 0.4412 0.4082
1494806400.0000 149550.0000 0.1403 -1.0074 0.0173 1.0784 352.0732 0.1465 0.1736 0.0832 -0.0528 -0.0153 0.0309 0.2017 0.3604 0.3212
1494806400.0000 149850.0000 -0.1704 -0.5465 0.1774 0.6415 17.3161 0.0794 0.1183 0.0407 -0.0067 -0.0021 0.0208 0.1192 0.4703 0.4485
1494806400.0000 150150.0000 0.2448 -1.0498 0.1085 1.1236 346.8745 0.1019 0.1221 0.0751 -0.0132 -0.0105 0.0231 0.1495 0.2914 0.2535
1494806400.0000 150450.0000 0.1812 -0.7849 0.1259 0.8421 346.9977 0.0757 0.1094 0.0430 -0.0395 -0.0218 0.0241 0.1140 0.3382 0.3083
1494806400.0000 150750.0000 0.1368 -0.6317 0.1303 0.6759 347.7804 0.0360 0.0460 0.0179 0.0045 -0.0055 0.0002 0.0500 0.2769 0.2558
1494806400.0000 151050.0000 -0.0549 -0.7422 0.2109 0.7865 4.2285 0.0621 0.0554 0.0266 -0.0142 -0.0068 0.0013 0.0721 0.2833 0.2659
