1494720000.0000 150.0000 1.1792 1.4363 -0.0251 1.8712 219.3877 0.0547 0.0395 0.0191 0.0017 0.0020 -0.0080 0.0567 0.1046 0.0954
1494720000.0000 450.0000 1.0806 1.5254 -0.0251 1.8834 215.3126 0.0700 0.0668 0.0198 0.0190 -0.0040 -0.0061 0.0783 0.1222 0.1143
1494720000.0000 750.0000 0.9663 1.3656 -0.0303 1.6913 215.2817 0.0641 0.0539 0.0259 0.0001 -0.0042 -0.0095 0.0720 0.1309 0.1186
1494720000.0000 1050.0000 1.3433 1.5254 0.0174 2.0565 221.3671 0.1064 0.1075 0.0299 0.0127 -0.0101 -0.0143 0.1219 0.1403 0.1314
1494720000.0000 1350.0000 1.6162 1.7991 0.0345 2.4297 221.9342 0.0609 0.0482 0.0220 0.0000 -0.0034 -0.0060 0.0655 0.0864 0.0788
1494720000.0000 1650.0000 1.6875 1.6371 0.0606 2.3623 225.8692 0.0980 0.0727 0.0252 0.0336 0.0037 -0.0034 0.0980 0.1087 0.1015
1494720000.0000 1950.0000 1.2512 1.5040 0.0028 1.9855 219.7584 0.1028 0.1339 0.0469 -0.0009 0.0123 -0.0301 0.1418 0.1572 0.1436
1494720000.0000 2250.0000 0.8089 1.6174 0.0004 1.8404 206.5704 0.1026 0.1450 0.0531 -0.0090 0.0058 -0.0338 0.1503 0.1751 0.1589
1494720000.0000 2550.0000 0.5445 1.6637 0.0237 1.8039 198.1219 0.1610 0.2204 0.0844 -0.0154 -0.0050 -0.0552 0.2329 0.2251 0.2037
1494720000.0000 2850.0000 0.0208 1.8279 0.0279 1.8781 180.6519 0.1839 0.3219 0.0999 -0.0474 0.0220 -0.0717 0.3028 0.2458 0.2246
1494720000.0000 3150.0000 0.1174 2.5215 0.0014 2.5629 182.6660 0.1920 0.2988 0.0992 0.0378 0.0076 -0.0819 0.2950 0.1757 0.1602
1494720000.0000 3450.0000 0.2531 2.2305 0.0203 2.2891 186.4748 0.1919 0.3277 0.1046 0.0149 -0.0031 -0.0843 0.3121 0.2032 0.1854
1494720000.0000 3750.0000 0.0758 2.5215 -0.0035 2.5636 181.7217 0.1929 0.3372 0.1137 -0.0043 0.0324 -0.0918 0.3219 0.1836 0.1666
1494720000.0000 4050.0000 0.1290 2.4772 0.0218 2.5241 182.9821 0.2003 0.3260 0.1193 -0.0101 0.0269 -0.0769 0.3228 0.1870 0.1688
1494720000.0000 4350.0000 0.1827 2.4020 0.0047 2.4742 184.3491 0.3024 0.4245 0.1627 -0.0310 0.0584 -0.1129 0.4448 0.2261 0.2043
1494720000.0000 4650.0000 0.4726 2.2575 0.0763 2.3737 191.8233 0.2791 0.4306 0.1673 -0.0108 0.0142 -0.1097 0.4384 0.2343 0.2109
1494720000.0000 4950.0000 0.4406 2.1636 -0.0166 2.2769 191.5108 0.3011 0.3566 0.1271 0.0454 0.0048 -0.0937 0.3924 0.2316 0.2121
1494720000.0000 5250.0000 0.7419 1.9821 0.0233 2.1659 200.5219 0.1790 0.2596 0.1050 -0.0340 -0.0005 -0.0591 0.2718 0.2011 0.1807
1494720000.0000 5550.0000 0.4794 1.9244 0.0849 2.0428 193.9892 0.2266 0.3225 0.1591 -0.0026 0.0143 -0.1007 0.3541 0.2448 0.2157
1494720000.0000 5850.0000 0.5513 1.6098 0.1008 1.7633 198.9038 0.1961 0.2717 0.1083 -0.0170 -0.0058 -0.0709 0.2880 0.2571 0.2321
1494720000.0000 6150.0000 0.6700 1.8819 -0.0274 2.0528 199.5980 0.2059 0.3900 0.1192 0.0184 -0.0074 -0.1034 0.3575 0.2444 0.2231
1494720000.0000 6450.0000 0.5612 1.9093 0.0759 2.0425 196.3790 0.1846 0.3622 0.1315 -0.0032 0.0136 -0.0863 0.3391 0.2388 0.2145
1494720000.0000 6750.0000 0.5978 1.7903 0.0857 1.9584 198.4636 0.2320 0.4445 0.1620 -0.0111 0.0207 -0.1308 0.4193 0.2798 0.2516
1494720000.0000 7050.0000 0.5075 1.4103 0.0525 1.5688 199.7893 0.1902 0.2997 0.0851 -0.0111 -0.0088 -0.0427 0.2875 0.2919 0.2696
1494720000.0000 7350.0000 0.7133 1.4915 0.0563 1.6909 205.5594 0.1347 0.1490 0.0521 0.0158 -0.0022 -0.0333 0.1679 0.2022 0.1860
1494720000.0000 7650.0000 1.2809 1.5232 0.1042 2.0438 220.0608 0.2638 0.2361 0.0958 0.0442 0.0048 -0.0487 0.2978 0.2236 0.2051
1494720000.0000 7950.0000 1.1724 1.4297 0.1067 1.9218 219.3544 0.2655 0.2358 0.0897 -0.0086 0.0115 -0.0500 0.2955 0.2396 0.2211
1494720000.0000 8250.0000 1.2808 1.6545 0.0477 2.1417 217.7437 0.2314 0.2761 0.1095 0.0311 0.0101 -0.0548 0.3085 0.2167 0.1966
1494720000.0000 8550.0000 0.9742 1.0608 0.0593 1.4777 222.5633 0.1650 0.2055 0.0603 0.0665 -0.0025 -0.0314 0.2154 0.2629 0.2440
1494720000.0000 8850.0000 0.7216 0.9452 0.0888 1.2891 217.3607 0.3962 0.2367 0.0705 0.1294 -0.0286 -0.0478 0.3517 0.4061 0.3863
1494720000.0000 9150.0000 0.5932 1.0337 0.0135 1.2782 209.8472 0.1901 0.2695 0.0968 0.0355 -0.0086 -0.0578 0.2782 0.3613 0.3284
1494720000.0000 9450.0000 0.8681 1.0405 0.0548 1.4361 219.8382 0.2926 0.2781 0.1585 0.0671 0.0014 -0.0943 0.3647 0.3636 0.3219
1494720000.0000 9750.0000 1.7532 1.5747 0.1554 2.3996 228.0695 0.5100 0.3261 0.0939 0.2303 0.0125 -0.0236 0.4650 0.2358 0.2240
1494720000.0000 10050.0000 2.1762 1.9192 0.1053 2.9413 228.5914 0.3004 0.2527 0.0906 0.0610 -0.0257 -0.0144 0.3219 0.1595 0.1480
1494720000.0000 10350.0000 1.4801 1.4767 0.1155 2.1500 225.0655 0.5459 0.3738 0.1320 0.2405 0.0026 -0.0481 0.5259 0.2828 0.2648
1494720000.0000 10650.0000 1.0272 1.2586 0.0731 1.6708 219.2186 0.1718 0.1727 0.0583 0.0266 0.0065 -0.0237 0.2014 0.2253 0.2086
1494720000.0000 10950.0000 0.8247 1.2554 0.0048 1.5285 213.3003 0.0943 0.0972 0.0411 0.0159 -0.0003 -0.0191 0.1163 0.1854 0.1682
1494720000.0000 11250.0000 0.8076 1.0950 0.0736 1.3956 216.4097 0.1082 0.1260 0.0507 0.0122 0.0096 -0.0241 0.1424 0.2261 0.2053
1494720000.0000 11550.0000 0.6358 1.1099 -0.0076 1.3055 209.8054 0.0706 0.0659 0.0268 0.0010 0.0040 -0.0137 0.0816 0.1824 0.1667
1494720000.0000 11850.0000 0.5495 1.3899 0.0211 1.5399 201.5729 0.1512 0.1407 0.0602 0.0313 -0.0014 -0.0335 0.1760 0.2292 0.2087
1494720000.0000 12150.0000 0.5156 1.5486 0.0024 1.6864 198.4147 0.1728 0.2079 0.0747 0.0053 -0.0140 -0.0466 0.2277 0.2387 0.2183
1494720000.0000 12450.0000 0.6384 1.2905 0.0299 1.4858 206.3198 0.1314 0.1903 0.0760 0.0109 -0.0144 -0.0284 0.1988 0.2528 0.2274
1494720000.0000 12750.0000 0.6404 1.2249 0.0636 1.4379 207.5998 0.1732 0.1818 0.0595 0.0234 0.0133 -0.0374 0.2073 0.2686 0.2489
1494720000.0000 13050.0000 0.6917 1.4200 -0.0162 1.6248 205.9691 0.1209 0.2220 0.0736 0.0030 -0.0046 -0.0564 0.2083 0.2359 0.2141
1494720000.0000 13350.0000 0.6497 1.0246 0.0983 1.2577 212.3773 0.1451 0.1140 0.0478 0.0317 0.0043 -0.0159 0.1535 0.2628 0.2422
1494720000.0000 13650.0000 0.5887 1.0853 0.0462 1.3028 208.4776 0.1741 0.1474 0.0426 -0.0182 0.0049 -0.0267 0.1820 0.2820 0.2651
1494720000.0000 13950.0000 0.6868 1.2727 -0.0117 1.4935 208.3521 0.1407 0.1281 0.0521 0.0046 0.0088 -0.0270 0.1605 0.2261 0.2070
1494720000.0000 14250.0000 0.4203 1.1474 -0.0015 1.2674 200.1180 0.1260 0.1911 0.0703 0.0246 -0.0045 -0.0521 0.1938 0.2941 0.2661
1494720000.0000 14550.0000 0.3621 1.6008 -0.0183 1.6988 192.7460 0.1659 0.3209 0.0887 -0.0019 0.0301 -0.0824 0.2878 0.2669 0.2455
1494720000.0000 14850.0000 0.4502 1.7119 0.0001 1.8334 194.7332 0.2366 0.2054 0.0992 0.0286 -0.0049 -0.0727 0.2706 0.2400 0.2169
1494720000.0000 15150.0000 0.6818 1.5873 0.0441 1.7909 203.2459 0.1682 0.3550 0.1056 -0.0384 -0.0063 -0.0634 0.3144 0.2649 0.2417
1494720000.0000 15450.0000 0.7943 1.5054 0.0388 1.7638 207.8162 0.2891 0.3402 0.1236 0.0974 -0.0165 -0.0918 0.3764 0.2942 0.2691
1494720000.0000 15750.0000 1.2159 1.4865 0.0995 2.0067 219.2816 0.3407 0.3159 0.1083 -0.0111 0.0226 -0.0504 0.3825 0.2626 0.2436
1494720000.0000 16050.0000 2.0064 2.0278 0.1450 2.9130 224.6966 0.4517 0.3887 0.2036 0.0951 0.0107 -0.0803 0.5220 0.2065 0.1855
1494720000.0000 16350.0000 1.3207 1.2805 0.1207 1.9263 225.8862 0.4393 0.2685 0.0967 0.0517 0.0102 -0.0438 0.4022 0.2809 0.2640
1494720000.0000 16650.0000 1.5484 1.2448 0.1590 2.0588 231.2038 0.4627 0.3560 0.0813 0.1463 -0.0393 -0.0244 0.4500 0.2748 0.2629
1494720000.0000 16950.0000 0.4807 1.1602 0.0765 1.3593 202.5073 0.2657 0.2173 0.1102 -0.0046 -0.0587 -0.0430 0.2966 0.3534 0.3195
1494720000.0000 17250.0000 0.1364 1.1957 -0.0569 1.2725 186.5076 0.1605 0.3791 0.0689 0.0631 -0.0049 -0.0333 0.3042 0.3738 0.3524
1494720000.0000 17550.0000 -0.0515 1.0025 -0.0892 1.0413 177.0573 0.0776 0.1420 0.0399 -0.0521 0.0124 -0.0321 0.1297 0.2918 0.2695
1494720000.0000 17850.0000 -0.3305 0.9690 -0.0872 1.0709 161.1696 0.0883 0.0762 0.0399 0.0096 0.0145 -0.0120 0.1022 0.2540 0.2287
1494720000.0000 18150.0000 -0.2447 0.8975 -0.0064 0.9844 164.7487 0.0945 0.1051 0.0593 0.0026 0.0129 -0.0284 0.1294 0.3158 0.2772
1494720000.0000 18450.0000 -0.0200 0.8798 0.0032 0.9329 178.7009 0.0898 0.1250 0.0615 0.0394 0.0015 -0.0226 0.1381 0.3449 0.3041
1494720000.0000 18750.0000 0.5188 1.2359 -0.0256 1.3894 202.7721 0.1163 0.1378 0.0631 -0.0105 0.0062 -0.0237 0.1586 0.2425 0.2171
1494720000.0000 19050.0000 0.2165 0.8860 -0.0114 0.9573 193.7290 0.0586 0.2088 0.0489 -0.0262 0.0024 -0.0598 0.1581 0.3560 0.3273
1494720000.0000 19350.0000 0.3879 0.9584 0.0141 1.1182 202.0349 0.1560 0.0909 0.0464 -0.0461 0.0120 -0.0229 0.1466 0.3024 0.2775
1494720000.0000 19650.0000 0.2141 1.2486 0.0292 1.3068 189.7301 0.1086 0.1588 0.0470 0.0272 0.0043 -0.0260 0.1572 0.2554 0.2356
1494720000.0000 19950.0000 0.1055 0.6309 0.0056 0.7215 189.4930 0.0835 0.2048 0.0596 0.0393 -0.0123 -0.0397 0.1739 0.5324 0.4846
1494720000.0000 20250.0000 -0.0180 0.4751 -0.0079 0.5440 177.8254 0.0721 0.1176 0.0274 0.0330 0.0063 -0.0057 0.1086 0.5657 0.5289
1494720000.0000 20550.0000 0.0173 0.9514 -0.0633 1.0011 181.0434 0.0843 0.1092 0.0475 -0.0237 0.0198 -0.0251 0.1205 0.2972 0.2669
1494720000.0000 20850.0000 -0.1430 0.8434 -0.0247 0.8872 170.3752 0.0542 0.0689 0.0485 -0.0089 0.0147 -0.0315 0.0858 0.2795 0.2368
1494720000.0000 21150.0000 0.1302 1.4499 -0.0640 1.5121 185.1299 0.1624 0.2293 0.0896 0.0101 0.0029 -0.0540 0.2406 0.2749 0.2482
1494720000.0000 21450.0000 0.1734 0.9693 0.0156 1.0376 190.1454 0.1008 0.1105 0.0534 -0.0016 0.0030 -0.0405 0.1323 0.3016 0.2695
1494720000.0000 21750.0000 -0.4937 0.7310 0.1221 0.9938 145.9668 0.1891 0.1804 0.0700 0.0172 0.0202 -0.0327 0.2198 0.4299 0.3979
1494720000.0000 22050.0000 -0.2553 0.6023 0.0487 0.7231 157.0250 0.0473 0.2202 0.0556 0.0162 0.0143 -0.0450 0.1616 0.5004 0.4565
1494720000.0000 22350.0000 -0.4952 0.2568 -0.0210 0.7122 117.4068 0.1463 0.1230 0.0571 0.0149 0.0408 0.0035 0.1632 0.5909 0.5372
1494720000.0000 22650.0000 -0.3778 1.2668 -0.1072 1.4040 163.3942 0.2374 0.2449 0.0893 0.0175 0.0464 -0.0271 0.2858 0.3291 0.3033
1494720000.0000 22950.0000 0.1056 1.5684 -0.0545 1.6492 183.8513 0.2290 0.2274 0.1020 0.0068 0.0374 -0.0470 0.2792 0.2743 0.2481
1494720000.0000 23250.0000 0.0477 1.1813 0.0036 1.2452 182.3112 0.1268 0.4693 0.0990 -0.0654 0.0230 -0.0863 0.3476 0.4072 0.3770
1494720000.0000 23550.0000 0.0414 1.1979 0.0076 1.2983 181.9772 0.2194 0.2488 0.1043 0.0273 0.0346 -0.0151 0.2863 0.3645 0.3296
1494720000.0000 23850.0000 0.1439 1.5724 -0.0528 1.6543 185.2304 0.2051 0.2428 0.0731 -0.0045 0.0215 -0.0330 0.2605 0.2638 0.2447
1494720000.0000 24150.0000 -0.0766 1.3551 -0.0117 1.4563 176.7638 0.2501 0.3744 0.1285 -0.0269 0.0162 -0.0611 0.3765 0.3691 0.3361
1494720000.0000 24450.0000 0.2433 1.1648 0.0360 1.2507 191.7968 0.1378 0.2948 0.0985 0.0262 0.0212 -0.0599 0.2656 0.3534 0.3191
1494720000.0000 24750.0000 -0.1868 1.2241 0.0444 1.3333 171.3248 0.1959 0.2697 0.2229 0.0292 0.0309 -0.0568 0.3443 0.3867 0.3182
1494720000.0000 25050.0000 -0.1966 0.8004 -0.0413 0.9494 166.1973 0.1882 0.2786 0.1511 -0.0240 -0.0118 -0.0221 0.3089 0.5499 0.4785
1494720000.0000 25350.0000 -0.6336 0.3960 0.0028 0.9278 122.0075 0.1717 0.2638 0.1617 0.0308 0.0304 0.0247 0.2986 0.5971 0.5099
1494720000.0000 25650.0000 -0.2150 -0.2474 0.0123 0.5084 41.0010 0.0675 0.1155 0.0253 -0.0153 -0.0082 0.0040 0.1042 0.8033 0.7536
1494720000.0000 25950.0000 -0.2676 0.6933 -0.0016 1.0609 158.8951 0.3035 0.6132 0.0990 0.2229 0.0326 0.0095 0.5078 0.7830 0.7438
1494720000.0000 26250.0000 0.0787 1.1663 0.0608 1.2482 183.8604 0.1773 0.2182 0.1297 -0.0291 0.0354 -0.0327 0.2626 0.3575 0.3106
1494720000.0000 26550.0000 0.0869 1.0571 0.0815 1.1672 184.6978 0.2194 0.3212 0.0996 0.0576 0.0241 -0.0641 0.3201 0.4343 0.4002
1494720000.0000 26850.0000 0.1801 1.7559 0.0136 1.8334 185.8573 0.2473 0.2163 0.1744 0.0160 0.0507 -0.0188 0.3190 0.2612 0.2227
1494720000.0000 27150.0000 -0.1365 1.4911 -0.0425 1.5729 174.7689 0.2300 0.4003 0.1308 0.0219 0.0309 -0.1099 0.3805 0.3362 0.3061
1494720000.0000 27450.0000 0.1036 1.2688 0.0245 1.3383 184.6703 0.1346 0.3897 0.1316 0.0088 0.0305 -0.0749 0.3280 0.3673 0.3284
1494720000.0000 27750.0000 -0.1474 0.9454 0.0510 1.1022 171.1358 0.1852 0.3217 0.0942 -0.0491 0.0491 -0.0788 0.3006 0.4671 0.4296
1494720000.0000 28050.0000 -0.2124 -0.2407 -0.0087 0.5223 41.4276 0.0582 0.1504 0.0616 0.0024 0.0235 0.0197 0.1351 0.9343 0.8212
1494720000.0000 28350.0000 -0.7764 -0.6149 -0.1075 1.0550 51.6193 0.1449 0.1034 0.0448 -0.0204 0.0229 -0.0184 0.1466 0.3138 0.2905
1494720000.0000 28650.0000 -0.7986 -0.0947 -0.1137 0.8734 83.2403 0.0830 0.1048 0.0686 -0.0239 0.0397 -0.0267 0.1282 0.3599 0.3111
1494720000.0000 28950.0000 -0.8703 -0.4653 -0.0865 1.0591 61.8691 0.1333 0.1239 0.1073 -0.0094 0.0542 0.0005 0.1823 0.3519 0.2967
1494720000.0000 29250.0000 -0.7875 -0.6034 -0.1149 1.0577 52.5374 0.0865 0.1310 0.0450 -0.0107 0.0311 -0.0197 0.1312 0.2962 0.2714
1494720000.0000 29550.0000 -0.5136 -0.4567 -0.0646 0.7968 48.3575 0.1551 0.0851 0.0733 -0.0393 0.0078 0.0036 0.1567 0.4683 0.4117
1494720000.0000 29850.0000 -0.2899 -0.2169 -0.0915 0.5962 53.1962 0.0685 0.2068 0.0455 -0.0040 0.0117 0.0237 0.1604 0.8758 0.8368
1494720000.0000 30150.0000 -0.1642 -0.2239 0.0700 0.3727 36.2565 0.0513 0.0481 0.0495 0.0062 0.0104 0.0147 0.0745 0.7779 0.6554
1494720000.0000 30450.0000 0.2117 0.0448 -0.1133 0.3948 258.0472 0.1089 0.0974 0.0388 0.0461 0.0160 0.0040 0.1225 1.1701 1.2116
1494720000.0000 30750.0000 -0.0421 1.0722 -0.0100 1.2858 177.7500 0.3303 0.3647 0.1267 0.0555 0.0079 0.0010 0.4109 0.4877 0.4486
1494720000.0000 31050.0000 0.0040 1.1480 -0.0694 1.2621 180.2011 0.2034 0.4044 0.1191 0.0772 0.0062 -0.0605 0.3635 0.4280 0.3921
1494720000.0000 31350.0000 -0.0043 1.5964 -0.0441 1.6887 179.8445 0.2760 0.3059 0.1244 0.0064 0.0140 -0.0484 0.3532 0.3038 0.2759
1494720000.0000 31650.0000 -0.5553 1.5849 0.0140 1.7824 160.6922 0.2074 0.4520 0.2364 0.1066 -0.0166 -0.1180 0.4479 0.3254 0.2792
1494720000.0000 31950.0000 -0.3442 0.6087 0.0553 0.9304 150.5114 0.3340 0.2875 0.2268 -0.0053 0.0450 -0.0265 0.4241 0.7581 0.6509
1494720000.0000 32250.0000 -0.5842 0.3224 -0.0410 0.8973 118.8918 0.2157 0.3441 0.1421 0.0911 0.0472 -0.0065 0.3510 0.7235 0.6473
1494720000.0000 32550.0000 -0.7493 -0.2501 -0.1281 0.9390 71.5412 0.2826 0.1667 0.1108 -0.0518 0.0510 -0.0241 0.2800 0.5398 0.4898
1494720000.0000 32850.0000 -0.3147 -0.8483 0.0033 1.0146 20.3541 0.1326 0.3746 0.0802 0.0250 0.0029 0.0329 0.2937 0.4891 0.4545
1494720000.0000 33150.0000 -0.8029 -0.4260 -0.0686 1.0789 62.0531 0.2840 0.2522 0.1268 0.0546 0.0565 -0.0062 0.3315 0.5158 0.4652
1494720000.0000 33450.0000 0.0714 -0.2323 0.0369 0.7268 342.9072 0.3156 0.2403 0.0873 0.1808 0.0446 0.0649 0.3216 1.8837 1.7713
1494720000.0000 33750.0000 -0.0824 -0.4504 0.0131 0.6675 10.3615 0.0961 0.2456 0.0414 -0.0245 0.0076 -0.0045 0.1916 0.7802 0.7371
1494720000.0000 34050.0000 0.2608 -0.3157 -0.0785 0.5105 320.4362 0.1011 0.0781 0.0663 -0.0204 -0.0059 0.0034 0.1227 0.6861 0.5968
1494720000.0000 34350.0000 0.5492 -0.2624 0.0412 0.7578 295.5393 0.1515 0.1696 0.0795 0.0563 -0.0413 0.0218 0.2003 0.5990 0.5375
1494720000.0000 34650.0000 0.3035 -0.1693 0.2061 0.5861 299.1562 0.1793 0.1489 0.1005 0.0633 -0.0292 0.0338 0.2144 0.9356 0.9517
1494720000.0000 34950.0000 0.0749 -0.3782 0.1252 0.4937 348.7925 0.0793 0.0765 0.0518 0.0106 -0.0072 0.0209 0.1038 0.6489 0.5910
1494720000.0000 35250.0000 0.4923 0.1502 -0.0895 0.6856 253.0292 0.0892 0.1885 0.0927 0.0410 0.0034 -0.0051 0.1852 0.6726 0.5911
1494720000.0000 35550.0000 0.0576 0.4499 -0.0951 0.8962 187.2945 0.3409 0.4989 0.1633 -0.1372 -0.0535 0.0235 0.5015 1.2476 1.1664
1494720000.0000 35850.0000 -0.4968 0.9163 -0.0028 1.3386 151.5322 0.4949 0.3927 0.1120 0.2222 0.0290 0.0245 0.4998 0.5538 0.5218
1494720000.0000 36150.0000 -0.1834 1.1027 -0.1255 1.1835 170.5591 0.1145 0.2569 0.1175 -0.0198 0.0336 -0.0272 0.2444 0.3588 0.3147
1494720000.0000 36450.0000 -0.0530 1.0413 -0.0254 1.2452 177.0867 0.3384 0.5050 0.1553 -0.1332 0.1063 -0.0813 0.4994 0.5532 0.5085
1494720000.0000 36750.0000 0.0450 1.0662 -0.0445 1.3063 182.4189 0.3320 0.4014 0.0873 0.2059 0.0342 -0.0185 0.4103 0.4897 0.4633
1494720000.0000 37050.0000 -1.0416 -0.8290 -0.0896 1.4500 51.4833 0.3586 0.2149 0.2133 0.0044 0.1297 0.0653 0.3934 0.3838 0.3284
1494720000.0000 37350.0000 -1.2204 -1.2048 -0.1219 1.8327 45.3674 0.3978 0.3150 0.2211 -0.0635 0.1232 -0.0179 0.4669 0.3245 0.2842
1494720000.0000 37650.0000 -0.6705 -1.0412 0.0411 1.5211 32.7804 0.3536 0.8711 0.2105 0.0418 0.0409 0.1569 0.7176 0.5582 0.5159
1494720000.0000 37950.0000 -0.8434 -1.1920 -0.0734 1.6061 35.2807 0.2435 0.5935 0.1631 0.0162 0.0937 0.1067 0.5000 0.3949 0.3617
1494720000.0000 38250.0000 -0.6593 -0.4413 -0.1880 0.8615 56.2017 0.2006 0.0978 0.1110 0.0335 0.0107 -0.0092 0.2048 0.4531 0.3976
1494720000.0000 38550.0000 -0.3241 0.1256 0.0010 0.5842 111.1833 0.1098 0.2030 0.0824 -0.0077 0.0142 0.0120 0.1976 1.0442 0.9290
1494720000.0000 38850.0000 0.4751 0.6550 0.0646 0.9486 215.9548 0.2998 0.3580 0.1574 0.1497 -0.0837 -0.0848 0.4076 0.6422 0.5787
1494720000.0000 39150.0000 0.0351 0.4830 0.0656 0.6340 184.1602 0.1548 0.1130 0.1270 0.0094 0.0062 -0.0290 0.1974 0.7423 0.6169
1494720000.0000 39450.0000 -0.6656 -0.1473 -0.0188 1.2380 77.5194 0.5515 1.0001 0.2560 0.5299 0.1370 0.1075 0.9038 1.1383 1.0550
1494720000.0000 39750.0000 -0.4882 -0.2702 0.1699 1.3349 61.0358 0.6182 1.2938 0.2381 0.5047 0.1849 0.1948 1.0751 1.4513 1.4306
1494720000.0000 40050.0000 -0.5959 -0.4870 0.0534 1.7338 50.7416 1.3517 1.7331 0.4206 -0.1027 0.0805 -0.2796 1.7527 1.4012 1.3176
1494720000.0000 40350.0000 0.4731 0.4505 0.2157 1.5071 226.4035 0.7251 1.6017 0.2159 -0.2490 0.0583 -0.1792 1.2713 1.3381 1.3480
1494720000.0000 40650.0000 -0.2772 0.8885 -0.1341 1.4375 162.6742 0.3193 1.7373 0.2441 -0.1524 0.0898 -0.1384 1.1504 0.9313 0.8896
1494720000.0000 40950.0000 0.6123 1.0620 -0.0302 1.5297 209.9667 0.4058 0.9477 0.2331 -0.1263 -0.0124 -0.1556 0.7933 0.5931 0.5479
1494720000.0000 41250.0000 0.1329 0.2114 0.0022 0.8759 212.1529 0.2333 0.7170 0.2853 -0.0979 -0.0038 0.0592 0.6178 2.5699 2.2538
1494720000.0000 41550.0000 0.2410 0.7747 0.1355 1.1996 197.2785 0.6139 0.6386 0.3306 0.1106 -0.0504 0.0125 0.7915 0.8832 0.7964
1494720000.0000 41850.0000 -0.2152 1.0490 -0.1087 1.4210 168.4064 0.4098 0.7444 0.2548 0.2523 0.0508 0.0372 0.7045 0.6367 0.5792
1494720000.0000 42150.0000 -0.0892 1.1549 -0.0950 1.2844 175.5832 0.2644 0.3694 0.2466 -0.0457 0.0976 -0.0845 0.4402 0.4661 0.3968
1494720000.0000 42450.0000 -0.4069 0.8789 -0.1328 1.3306 155.1544 0.3580 0.8581 0.3084 -0.2022 -0.0521 0.1498 0.7622 0.7292 0.6574
1494720000.0000 42750.0000 -1.6361 -0.9422 -0.2381 2.1476 60.0645 0.8704 0.7307 0.4068 -0.1626 0.0855 -0.0208 1.0039 0.4299 0.3869
1494720000.0000 43050.0000 -1.6646 -0.2499 -0.0472 1.9902 81.4614 0.4669 0.9942 0.3450 0.0379 0.1018 -0.0864 0.9031 0.4608 0.4146
1494720000.0000 43350.0000 -0.1836 0.0387 0.1830 1.1880 101.8992 0.3659 1.2976 0.2391 0.1873 0.1196 0.1221 0.9513 3.0388 3.9689
1494720000.0000 43650.0000 0.1848 0.8413 0.0804 1.1859 192.3880 0.6113 0.2542 0.2586 0.1346 0.0130 -0.0438 0.5620 0.7076 0.6236
1494720000.0000 43950.0000 0.2855 0.9802 -0.1262 1.2782 196.2392 0.3569 0.9776 0.1515 -0.0846 0.0465 -0.0717 0.7430 0.6842 0.6533
1494720000.0000 44250.0000 0.3356 1.6133 0.0979 1.8611 191.7502 0.7486 0.7979 0.2462 0.1128 0.0445 0.0330 0.8963 0.4683 0.4357
1494720000.0000 44550.0000 0.1475 1.8168 0.1486 2.0514 184.6418 0.9539 0.7370 0.2110 0.0149 -0.0813 -0.1228 0.9509 0.4354 0.4119
1494720000.0000 44850.0000 1.3348 0.6497 -0.1090 1.7145 244.0447 0.5332 0.7198 0.1469 0.0577 -0.0578 -0.0157 0.6999 0.4589 0.4353
1494720000.0000 45150.0000 0.8754 1.9286 -0.0164 2.3697 204.4144 1.0106 1.3627 0.2979 -0.1539 0.0362 -0.1672 1.3356 0.4455 0.4199
1494720000.0000 45450.0000 0.7729 2.3128 -0.0626 2.5602 198.4781 0.5743 0.7948 0.4974 0.0388 0.0218 -0.1560 0.9332 0.3234 0.2770
1494720000.0000 45750.0000 -0.2357 0.8946 -0.0648 1.4667 165.2409 1.1712 1.1282 0.2370 -0.7612 -0.0318 -0.0220 1.2682 0.9914 0.9463
1494720000.0000 46050.0000 -0.4327 2.0872 -0.1254 2.2917 168.2881 0.6031 0.9406 0.2655 -0.0414 0.1419 -0.0812 0.9046 0.3637 0.3365
1494720000.0000 46350.0000 1.7140 1.9040 0.0041 2.7234 221.9941 0.9691 0.7102 0.2942 0.0881 -0.0454 -0.1234 0.9868 0.3166 0.2920
1494720000.0000 46650.0000 1.0206 2.0468 0.0859 2.4353 206.5023 0.5479 0.7753 0.3366 -0.1138 -0.0376 -0.1596 0.8299 0.3250 0.2904
1494720000.0000 46950.0000 1.3634 2.1092 0.0336 2.6283 212.8787 0.7498 0.6498 0.1870 0.1697 -0.0760 -0.1606 0.7933 0.2895 0.2720
1494720000.0000 47250.0000 2.0257 1.5506 0.0191 2.6433 232.5667 0.3957 0.5444 0.1214 0.0750 -0.0405 -0.0232 0.5308 0.2332 0.2194
1494720000.0000 47550.0000 1.6370 1.7793 0.0017 2.5210 222.6151 0.6867 0.3705 0.1789 0.1526 0.0006 -0.0585 0.6180 0.2655 0.2455
1494720000.0000 47850.0000 0.9877 1.1015 0.0052 1.6109 221.8811 0.4445 0.5183 0.1957 0.1307 0.0419 -0.0953 0.5792 0.4200 0.3829
1494720000.0000 48150.0000 1.2104 2.0146 -0.0714 2.5638 210.9981 0.9392 0.7349 0.2883 -0.2286 -0.0435 -0.1362 0.9812 0.3440 0.3178
1494720000.0000 48450.0000 0.7527 1.9689 -0.0739 2.3251 200.9214 0.9167 0.6363 0.3585 -0.0288 -0.0811 -0.0782 0.9558 0.3785 0.3413
1494720000.0000 48750.0000 0.5659 2.1461 -0.0066 2.3693 194.7729 0.7566 0.5988 0.3167 0.0351 0.0916 -0.1372 0.8360 0.3364 0.3028
1494720000.0000 49050.0000 1.0958 1.5802 -0.1489 1.9819 214.7384 0.3539 0.4821 0.1826 0.1711 0.0512 -0.0326 0.5093 0.3021 0.2745
1494720000.0000 49350.0000 -0.5715 1.7553 -0.1084 2.0123 161.9641 0.6991 0.6583 0.2490 -0.1652 0.1131 -0.0654 0.8032 0.3957 0.3644
1494720000.0000 49650.0000 0.1721 1.1447 0.1369 1.4175 188.5492 0.6522 0.4995 0.2155 0.0781 0.1001 -0.1222 0.6836 0.5792 0.5353
1494720000.0000 49950.0000 1.1627 2.7283 -0.0056 3.1495 203.0810 1.1323 0.9194 0.3689 -0.1522 -0.0126 -0.1492 1.2103 0.3029 0.2788
1494720000.0000 50250.0000 0.2057 2.4760 -0.0357 2.5635 184.7498 0.3610 0.4849 0.2040 -0.0434 0.0800 -0.0784 0.5250 0.2381 0.2137
1494720000.0000 50550.0000 0.8586 2.7176 0.0697 2.9813 197.5346 0.7696 0.5417 0.2385 -0.1664 0.0724 -0.1666 0.7749 0.2521 0.2320
1494720000.0000 50850.0000 0.9416 2.2063 -0.1140 2.4763 203.1128 0.3526 0.4119 0.2241 0.0019 -0.0446 -0.1470 0.4943 0.2390 0.2104
1494720000.0000 51150.0000 0.8071 1.3735 0.0556 1.7190 210.4404 0.3761 0.5331 0.2236 0.0204 -0.0345 -0.1177 0.5664 0.3855 0.3456
1494720000.0000 51450.0000 -0.1887 1.0231 0.1351 1.2310 169.5503 0.4233 0.2119 0.2190 0.0456 -0.0340 -0.0981 0.4271 0.5086 0.4423
1494720000.0000 51750.0000 0.0657 0.6463 0.0610 1.0661 185.8073 0.7370 0.1304 0.1044 0.0051 -0.0573 -0.0261 0.4859 0.8723 0.8278
1494720000.0000 52050.0000 0.7710 0.7207 -0.0046 1.1869 226.9323 0.3362 0.2152 0.0747 0.0067 -0.0341 0.0012 0.3131 0.4329 0.4062
1494720000.0000 52350.0000 0.4329 1.5501 0.0900 1.8186 195.6030 0.7675 0.7818 0.2021 0.3207 -0.0032 -0.1993 0.8757 0.4740 0.4465
1494720000.0000 52650.0000 1.4401 2.2312 -0.0372 2.7436 212.8389 0.5167 0.4093 0.1615 0.0316 0.0067 -0.0706 0.5438 0.2267 0.2092
1494720000.0000 52950.0000 0.7431 2.0772 -0.0260 2.2848 199.6837 0.2934 0.4114 0.1765 -0.0289 0.0183 -0.1095 0.4407 0.2457 0.2197
1494720000.0000 53250.0000 0.7172 2.0220 -0.0051 2.2327 199.5297 0.3631 0.4128 0.1736 -0.0223 -0.0151 -0.1046 0.4748 0.2622 0.2370
1494720000.0000 53550.0000 1.0740 1.7231 0.0073 2.2033 211.9358 0.6676 0.6330 0.2517 -0.0190 0.0257 -0.0295 0.7762 0.3543 0.3243
1494720000.0000 53850.0000 0.3944 0.4593 0.1765 1.0458 220.6515 0.4703 0.6114 0.1680 -0.0358 -0.1066 0.0431 0.6248 1.0235 0.9919
1494720000.0000 54150.0000 0.6358 1.1215 0.0179 1.4842 209.5501 0.6967 0.2333 0.1469 0.0592 0.0128 -0.0267 0.5385 0.4647 0.4319
1494720000.0000 54450.0000 1.8055 1.4575 -0.0761 2.4373 231.0880 0.5176 0.3642 0.1254 -0.1218 -0.0142 -0.0140 0.5036 0.2496 0.2337
1494720000.0000 54750.0000 1.4143 0.7239 -0.0623 1.7641 242.8939 0.2419 0.5766 0.1004 -0.0990 -0.0395 0.0566 0.4594 0.3481 0.3288
1494720000.0000 55050.0000 1.9443 0.8415 0.1260 2.2354 246.5958 0.7307 0.5018 0.2042 0.1468 -0.1321 -0.0060 0.7184 0.3261 0.3025
1494720000.0000 55350.0000 1.8028 0.5737 0.0136 1.9892 252.3486 0.4603 0.4183 0.1744 0.1176 -0.0764 0.0266 0.5265 0.3131 0.2860
1494720000.0000 55650.0000 1.3526 0.9331 0.0285 1.7866 235.3991 0.4176 0.5632 0.2008 0.0882 -0.0126 -0.0566 0.5908 0.3819 0.3480
1494720000.0000 55950.0000 2.7260 0.8442 0.0293 3.0078 252.7925 0.7268 0.9084 0.2354 0.1103 -0.1288 0.0702 0.9353 0.2767 0.2587
1494720000.0000 56250.0000 2.3699 1.3931 0.0611 2.8264 239.5513 0.4753 0.6763 0.1133 0.3105 -0.0169 0.0188 0.6324 0.2361 0.2254
1494720000.0000 56550.0000 2.2781 1.3772 0.1616 2.7463 238.8455 0.7223 0.4715 0.1993 0.1051 -0.1354 -0.0016 0.6966 0.2555 0.2370
1494720000.0000 56850.0000 2.0680 1.5565 0.0639 2.7376 233.0332 0.6044 0.7766 0.2201 -0.0396 -0.0670 0.0103 0.8005 0.2822 0.2621
1494720000.0000 57150.0000 1.4875 0.4453 -0.0390 1.6420 253.3345 0.3806 0.2903 0.1755 0.0931 -0.0375 -0.0001 0.4233 0.3420 0.3046
1494720000.0000 57450.0000 1.7556 0.5748 0.0387 2.0731 251.8702 0.5365 0.9990 0.1801 0.1295 -0.0409 0.1200 0.8578 0.4093 0.3873
1494720000.0000 57750.0000 2.2183 1.8582 0.1102 3.0046 230.0485 0.8937 0.8483 0.1868 0.3973 -0.0785 -0.0259 0.9644 0.2769 0.2633
1494720000.0000 58050.0000 2.2404 1.0090 0.0927 2.5719 245.7556 0.4817 0.7375 0.1298 0.2018 -0.0834 0.0324 0.6745 0.2727 0.2594
1494720000.0000 58350.0000 1.3842 1.2000 -0.0142 1.9825 229.0777 0.4404 0.6331 0.1583 -0.0177 -0.0712 -0.0023 0.6159 0.3498 0.3265
1494720000.0000 58650.0000 1.4937 0.4039 -0.0838 1.7413 254.8705 0.4086 0.6770 0.0784 0.2043 -0.0439 0.0302 0.5820 0.4020 0.3888
1494720000.0000 58950.0000 1.4528 0.4633 0.0496 1.6083 252.3141 0.3457 0.2237 0.1654 0.0182 -0.1127 0.0046 0.3675 0.3244 0.2857
1494720000.0000 59250.0000 1.1077 0.0102 0.1316 1.3077 269.4722 0.5175 0.5141 0.1495 0.1579 -0.1386 0.0279 0.5906 0.5625 0.5294
1494720000.0000 59550.0000 1.2968 -0.0354 0.0094 1.4414 271.5623 0.5864 0.3733 0.1732 0.1416 -0.0997 0.0038 0.5665 0.4737 0.4360
1494720000.0000 59850.0000 1.6153 -0.1484 -0.0415 1.8271 275.2506 0.5862 0.6519 0.2410 -0.1343 -0.1428 0.0478 0.7396 0.4327 0.3960
1494720000.0000 60150.0000 2.0111 0.1152 0.0474 2.1633 266.7220 1.0336 0.5983 0.2508 0.4127 -0.2332 -0.0413 0.9413 0.3932 0.3661
1494720000.0000 60450.0000 1.9038 1.0490 -0.0530 2.3583 241.1461 0.6756 0.6291 0.2018 -0.1561 -0.1235 0.0426 0.7532 0.3259 0.3034
1494720000.0000 60750.0000 1.3916 0.5368 0.0273 1.6297 248.9071 0.3248 0.5233 0.1553 0.1969 -0.0359 -0.0045 0.5017 0.3877 0.3565
1494720000.0000 61050.0000 1.7620 0.4625 0.0144 1.9645 255.2932 0.3466 0.5736 0.1479 0.1480 -0.0732 0.0303 0.5341 0.3275 0.3040
1494720000.0000 61350.0000 1.5092 0.8334 -0.0033 1.8101 241.0911 0.2915 0.3606 0.1396 0.0679 -0.0201 -0.0565 0.3958 0.2980 0.2704
1494720000.0000 61650.0000 1.2624 0.5449 0.0573 1.5453 246.6550 0.4943 0.4710 0.1687 0.0086 -0.0973 -0.0090 0.5670 0.4468 0.4126
1494720000.0000 61950.0000 1.0821 0.7028 -0.0839 1.4610 236.9952 0.3976 0.3411 0.1968 -0.0760 -0.0755 0.0524 0.4677 0.4319 0.3846
1494720000.0000 62250.0000 1.2541 0.7989 0.0418 1.6995 237.5014 0.4283 0.7986 0.2364 0.0743 -0.0431 -0.0414 0.7317 0.4695 0.4301
1494720000.0000 62550.0000 1.8495 0.2848 0.0651 1.9963 261.2453 0.9450 0.5184 0.1793 0.3977 -0.1196 0.0217 0.8213 0.3952 0.3732
1494720000.0000 62850.0000 2.2196 0.3288 -0.0121 2.3424 261.5742 1.1755 0.4473 0.1744 0.1912 -0.1654 0.0350 0.8985 0.3449 0.3278
1494720000.0000 63150.0000 1.3561 0.3918 -0.0314 1.5486 253.8867 0.3271 0.4164 0.1617 0.0691 -0.0282 0.0037 0.4526 0.3890 0.3527
1494720000.0000 63450.0000 1.7726 0.9118 0.0791 2.1873 242.7790 0.9086 1.0826 0.2819 0.4666 -0.0539 0.1018 1.1366 0.4363 0.4087
1494720000.0000 63750.0000 1.6253 1.4316 0.1028 2.2628 228.6254 0.7339 0.4935 0.1366 0.2682 -0.0518 -0.0275 0.6820 0.3110 0.2953
1494720000.0000 64050.0000 1.4992 1.4153 0.0038 2.1645 226.6489 0.4536 0.4724 0.0973 0.0232 -0.0268 -0.0702 0.5116 0.2833 0.2695
1494720000.0000 64350.0000 2.3078 1.5026 0.0573 2.8225 236.9314 0.4001 0.3995 0.1170 0.0341 -0.0588 -0.0153 0.4584 0.2007 0.1875
1494720000.0000 64650.0000 2.4269 1.3817 0.0392 2.8687 240.3460 0.5633 0.4323 0.1697 0.1015 -0.0915 0.0065 0.5827 0.2232 0.2063
1494720000.0000 64950.0000 1.9577 0.8638 0.0820 2.2410 246.1900 0.5342 0.5407 0.1616 0.1713 -0.0688 -0.0001 0.6182 0.2998 0.2797
1494720000.0000 65250.0000 2.1394 1.6123 0.1016 2.7576 232.9971 0.3742 0.4680 0.1121 0.0566 -0.0424 -0.0335 0.4772 0.2104 0.1978
1494720000.0000 65550.0000 1.8641 1.5719 0.1050 2.4825 229.8603 0.3021 0.1663 0.0681 0.0202 -0.0066 -0.0116 0.2682 0.1733 0.1620
1494720000.0000 65850.0000 1.6761 1.0550 0.0759 2.0598 237.8107 0.2811 0.5073 0.0867 0.2188 -0.0132 -0.0253 0.4376 0.2725 0.2589
1494720000.0000 66150.0000 1.5499 1.3954 0.0746 2.1277 228.0027 0.1829 0.1961 0.0688 0.0281 -0.0037 -0.0122 0.2239 0.1851 0.1704
1494720000.0000 66450.0000 1.5050 1.1604 0.0833 1.9406 232.3655 0.1527 0.1932 0.0692 0.0278 -0.0189 -0.0277 0.2075 0.1955 0.1787
1494720000.0000 66750.0000 1.7216 0.9657 0.0522 2.0369 240.7101 0.2820 0.3576 0.0836 0.1663 -0.0251 0.0073 0.3616 0.2486 0.2339
1494720000.0000 67050.0000 1.9058 0.8286 0.0687 2.1388 246.5005 0.2713 0.3410 0.0808 0.1398 -0.0443 0.0029 0.3465 0.2312 0.2174
1494720000.0000 67350.0000 2.0327 1.3222 0.0950 2.4602 236.9572 0.2231 0.1705 0.0478 0.0135 -0.0247 -0.0098 0.2207 0.1581 0.1494
1494720000.0000 67650.0000 1.3439 0.7239 0.0622 1.5789 241.6908 0.2543 0.1577 0.0695 0.0207 -0.0603 0.0067 0.2407 0.2622 0.2428
1494720000.0000 67950.0000 1.9581 1.2623 0.1248 2.3808 237.1920 0.3726 0.3586 0.1029 0.1485 -0.0138 0.0102 0.4170 0.2260 0.2119
1494720000.0000 68250.0000 1.6228 0.9685 0.0861 1.9620 239.1702 0.3573 0.4487 0.0699 0.2090 -0.0140 0.0370 0.4379 0.2856 0.2743
1494720000.0000 68550.0000 1.3030 0.1857 -0.0489 1.3694 261.8881 0.3024 0.1395 0.0497 0.0605 -0.0411 0.0018 0.2458 0.3073 0.2916
1494720000.0000 68850.0000 0.7231 -0.0517 -0.0405 0.7813 274.0861 0.1008 0.0743 0.0286 0.0271 -0.0150 0.0052 0.1018 0.3588 0.3332
1494720000.0000 69150.0000 0.5097 -0.5474 -0.1024 0.7833 317.0431 0.0619 0.0653 0.0294 -0.0194 -0.0102 0.0151 0.0783 0.3026 0.2753
1494720000.0000 69450.0000 0.3445 -0.5663 -0.1284 0.6967 328.6825 0.0415 0.0341 0.0178 0.0027 0.0061 -0.0004 0.0467 0.2614 0.2395
1494720000.0000 69750.0000 0.6048 -0.6045 -0.1030 0.8845 314.9882 0.0631 0.0631 0.0126 -0.0151 -0.0061 0.0013 0.0694 0.2498 0.2398
1494720000.0000 70050.0000 0.7415 -0.4389 -0.0802 0.9104 300.6240 0.1086 0.1013 0.0317 -0.0155 -0.0152 0.0084 0.1208 0.3279 0.3070
1494720000.0000 70350.0000 0.5809 -0.4573 -0.0859 0.7663 308.2085 0.0524 0.0652 0.0183 -0.0244 -0.0127 0.0064 0.0679 0.2860 0.2678
1494720000.0000 70650.0000 0.5158 -0.4052 -0.1153 0.6972 308.1536 0.0541 0.0650 0.0310 -0.0053 -0.0047 -0.0027 0.0751 0.3359 0.3037
1494720000.0000 70950.0000 0.7937 -0.4877 -0.0831 0.9526 301.5669 0.0759 0.0842 0.0250 -0.0480 -0.0199 0.0101 0.0926 0.2656 0.2480
1494720000.0000 71250.0000 1.1384 -0.1588 -0.0674 1.1954 277.9432 0.1083 0.1060 0.0348 0.0355 -0.0112 0.0056 0.1245 0.2503 0.2325
1494720000.0000 71550.0000 0.9470 -0.1693 -0.0747 0.9939 280.1365 0.1133 0.0717 0.0272 -0.0039 -0.0170 0.0099 0.1061 0.2756 0.2581
1494720000.0000 71850.0000 0.7809 -0.3520 -0.0884 0.8892 294.2642 0.0566 0.0760 0.0231 -0.0166 -0.0123 0.0050 0.0778 0.2645 0.2454
1494720000.0000 72150.0000 0.8724 -0.4105 -0.0876 0.9962 295.2000 0.0711 0.0883 0.0340 -0.0267 -0.0152 0.0090 0.0967 0.2623 0.2391
1494720000.0000 72450.0000 1.0263 -0.2346 -0.0900 1.0828 282.8782 0.0864 0.0712 0.0223 0.0032 -0.0114 0.0054 0.0900 0.2318 0.2177
1494720000.0000 72750.0000 1.0788 0.1186 -0.0240 1.1122 263.7246 0.0670 0.0632 0.0248 0.0303 -0.0074 0.0099 0.0775 0.2093 0.1919
1494720000.0000 73050.0000 1.1279 0.1912 -0.0741 1.1627 260.3815 0.0711 0.0490 0.0237 0.0207 -0.0042 0.0075 0.0719 0.1910 0.1749
1494720000.0000 73350.0000 0.9729 -0.2007 -0.1278 1.0338 281.6534 0.0820 0.0964 0.0313 -0.0187 -0.0098 0.0249 0.1048 0.2640 0.2455
1494720000.0000 73650.0000 0.8007 -0.4658 -0.0611 0.9705 300.1909 0.1474 0.1197 0.0423 -0.0769 -0.0328 0.0152 0.1547 0.3460 0.3221
1494720000.0000 73950.0000 1.1317 -0.4487 -0.0628 1.2601 291.6274 0.1181 0.1474 0.0430 -0.0396 -0.0287 0.0056 0.1542 0.2630 0.2443
1494720000.0000 74250.0000 1.0128 0.0301 -0.0571 1.0565 268.2981 0.0696 0.0860 0.0161 0.0277 -0.0066 0.0002 0.0858 0.2357 0.2247
1494720000.0000 74550.0000 1.0997 0.2226 -0.0829 1.1561 258.5550 0.1089 0.0722 0.0373 0.0128 -0.0134 0.0074 0.1092 0.2398 0.2190
1494720000.0000 74850.0000 0.8716 0.2257 -0.0542 0.9270 255.4819 0.0699 0.0360 0.0237 -0.0155 -0.0142 0.0118 0.0648 0.2305 0.2087
1494720000.0000 75150.0000 0.8523 0.0842 -0.0541 0.8754 264.3576 0.0667 0.0318 0.0184 0.0107 -0.0077 0.0070 0.0585 0.2301 0.2116
1494720000.0000 75450.0000 0.7746 0.0308 -0.0594 0.7964 267.7245 0.0304 0.0336 0.0123 0.0033 -0.0034 0.0041 0.0381 0.2050 0.1883
1494720000.0000 75750.0000 0.6093 -0.0746 -0.0954 0.6372 276.9846 0.0246 0.0358 0.0111 -0.0092 -0.0073 0.0098 0.0358 0.2486 0.2312
1494720000.0000 76050.0000 0.4380 -0.6493 -0.0517 0.8308 325.9979 0.0651 0.0594 0.0135 0.0100 -0.0076 0.0067 0.0690 0.2732 0.2601
1494720000.0000 76350.0000 0.4333 -0.7114 -0.1011 0.8489 328.6530 0.0198 0.0171 0.0053 0.0075 0.0001 0.0023 0.0211 0.1413 0.1331
1494720000.0000 76650.0000 0.4778 -0.7090 -0.1091 0.8628 326.0249 0.0060 0.0257 0.0034 -0.0003 -0.0017 0.0008 0.0176 0.1255 0.1202
1494720000.0000 76950.0000 0.2689 -0.9087 -0.1131 0.9569 343.5173 0.0151 0.0173 0.0056 0.0045 -0.0007 0.0019 0.0190 0.1178 0.1096
1494720000.0000 77250.0000 0.0964 -1.1402 -0.1035 1.1549 355.1654 0.0220 0.0312 0.0103 0.0071 -0.0015 0.0045 0.0317 0.1266 0.1164
1494720000.0000 77550.0000 -0.0185 -1.0919 -0.1160 1.0956 0.9709 0.0075 0.0178 0.0036 -0.0037 0.0003 -0.0021 0.0145 0.0894 0.0841
1494720000.0000 77850.0000 0.2136 -1.1030 -0.1394 1.1284 349.0386 0.0102 0.0133 0.0051 0.0026 0.0003 0.0009 0.0143 0.0864 0.0789
1494720000.0000 78150.0000 0.2601 -1.1163 -0.1177 1.1532 346.8825 0.0159 0.0157 0.0104 0.0006 0.0004 0.0010 0.0210 0.1027 0.0896
1494720000.0000 78450.0000 0.3432 -0.9066 -0.1557 0.9766 339.2661 0.0168 0.0064 0.0014 -0.0012 -0.0007 -0.0005 0.0123 0.0923 0.0907
1494720000.0000 78750.0000 0.5620 -0.3753 -0.1084 0.7217 303.7330 0.0185 0.0692 0.0077 0.0141 -0.0030 0.0069 0.0477 0.2607 0.2531
1494720000.0000 79050.0000 0.7207 -0.4921 -0.1003 0.8825 304.3248 0.0068 0.0314 0.0023 -0.0087 -0.0006 -0.0021 0.0203 0.1325 0.1294
1494720000.0000 79350.0000 0.1869 -0.8108 -0.1024 0.8806 347.0225 0.0831 0.0386 0.0061 0.0089 0.0065 0.0071 0.0639 0.2462 0.2421
1494720000.0000 79650.0000 0.0555 -1.0156 -0.1528 1.0212 356.8732 0.0080 0.0141 0.0015 0.0007 -0.0001 -0.0004 0.0118 0.0862 0.0844
1494720000.0000 79950.0000 0.0728 -0.7102 -0.1367 0.7173 354.1447 0.0053 0.0165 0.0016 -0.0021 -0.0007 0.0020 0.0117 0.1214 0.1194
1494720000.0000 80250.0000 0.2267 -0.4237 -0.0855 0.4826 331.8502 0.0027 0.0024 0.0008 -0.0008 0.0004 -0.0001 0.0030 0.0909 0.0857
1494720000.0000 80550.0000 0.4251 -0.5320 -0.1177 0.6923 321.3713 0.0215 0.0031 0.0017 0.0012 -0.0018 0.0004 0.0131 0.1354 0.1330
1494720000.0000 80850.0000 0.4818 -0.4931 -0.1057 0.6980 315.6628 0.0175 0.0048 0.0035 0.0003 0.0003 0.0005 0.0129 0.1328 0.1250
1494720000.0000 81150.0000 -0.0140 -0.5345 -0.0817 0.5485 1.5018 0.0153 0.0023 0.0019 0.0028 0.0013 0.0003 0.0098 0.1493 0.1434
1494720000.0000 81450.0000 -0.1137 -0.4800 -0.1066 0.4967 13.3215 0.0030 0.0017 0.0005 -0.0011 0.0002 -0.0004 0.0026 0.0821 0.0801
1494720000.0000 81750.0000 -0.3577 -0.6772 -0.1000 0.7673 27.8421 0.0110 0.0245 0.0004 0.0138 -0.0007 -0.0002 0.0180 0.1416 0.1420
1494720000.0000 82050.0000 -0.1640 -0.9184 -0.1510 0.9366 10.1221 0.0070 0.0046 0.0015 -0.0005 0.0000 -0.0009 0.0065 0.0697 0.0665
1494720000.0000 82350.0000 -0.0152 -0.7301 -0.1304 0.7377 1.1939 0.0095 0.0234 0.0006 -0.0074 -0.0003 0.0004 0.0168 0.1425 0.1434
1494720000.0000 82650.0000 -0.2386 -0.8226 -0.1285 0.8572 16.1744 0.0015 0.0195 0.0005 0.0034 0.0001 0.0006 0.0108 0.0980 0.0978
1494720000.0000 82950.0000 -0.4137 -1.1493 -0.1495 1.2230 19.7962 0.0048 0.0034 0.0006 0.0014 -0.0007 -0.0005 0.0044 0.0442 0.0429
1494720000.0000 83250.0000 -0.6034 -1.0356 -0.1254 1.2006 30.2256 0.0062 0.0026 0.0010 0.0005 -0.0004 -0.0000 0.0049 0.0476 0.0453
1494720000.0000 83550.0000 -0.4272 -0.8402 -0.1284 0.9436 26.9517 0.0011 0.0065 0.0005 0.0002 -0.0000 0.0001 0.0040 0.0541 0.0531
1494720000.0000 83850.0000 -0.3395 -0.8465 -0.1352 0.9126 21.8515 0.0025 0.0050 0.0003 0.0025 -0.0004 -0.0002 0.0039 0.0554 0.0550
1494720000.0000 84150.0000 -0.2622 -0.9711 -0.1427 1.0084 15.1085 0.0020 0.0266 0.0007 -0.0033 -0.0004 0.0023 0.0146 0.0973 0.0971
1494720000.0000 84450.0000 -0.3389 -1.1236 -0.1551 1.1754 16.7846 0.0062 0.0104 0.0018 0.0036 -0.0010 -0.0006 0.0092 0.0662 0.0633
1494720000.0000 84750.0000 -0.2939 -1.2464 -0.1713 1.2860 13.2656 0.0136 0.0063 0.0020 -0.0012 -0.0030 -0.0003 0.0110 0.0661 0.0636
1494720000.0000 85050.0000 -0.0306 -1.2162 -0.1414 1.2175 1.4435 0.0021 0.0044 0.0016 -0.0005 0.0002 -0.0006 0.0041 0.0424 0.0384
1494720000.0000 85350.0000 0.0398 -1.1892 -0.1279 1.1906 358.0823 0.0017 0.0011 0.0006 0.0004 -0.0004 -0.0004 0.0017 0.0279 0.0255
1494720000.0000 85650.0000 0.1407 -1.0935 -0.1471 1.1028 352.6666 0.0005 0.0021 0.0004 0.0000 -0.0001 -0.0005 0.0016 0.0289 0.0270
1494720000.0000 85950.0000 0.0538 -1.0161 -0.1419 1.0185 356.9666 0.0020 0.0040 0.0005 0.0004 0.0000 -0.0005 0.0032 0.0453 0.0440
1494720000.0000 86250.0000 -0.0389 -1.1307 -0.1376 1.1321 1.9722 0.0014 0.0038 0.0008 -0.0010 0.0001 -0.0004 0.0030 0.0393 0.0370
1494806400.0000 86550.0000 -0.1125 -1.2180 -0.1394 1.2240 5.2773 0.0024 0.0124 0.0016 0.0022 0.0003 -0.0005 0.0082 0.0602 0.0575
1494806400.0000 86850.0000 -0.0611 -1.3233 -0.0825 1.3269 2.6442 0.0059 0.0161 0.0015 0.0051 0.0008 -0.0002 0.0117 0.0666 0.0646
1494806400.0000 87150.0000 0.1630 -1.0976 -0.1174 1.1117 351.5557 0.0042 0.0029 0.0013 0.0016 -0.0011 -0.0010 0.0042 0.0474 0.0438
1494806400.0000 87450.0000 0.2237 -1.1303 -0.1242 1.1533 348.8079 0.0021 0.0031 0.0005 0.0006 -0.0003 -0.0004 0.0028 0.0374 0.0359
1494806400.0000 87750.0000 0.1526 -1.1632 -0.1298 1.1742 352.5262 0.0029 0.0072 0.0007 -0.0024 -0.0005 0.0005 0.0054 0.0507 0.0495
1494806400.0000 88050.0000 0.0019 -1.2275 -0.1016 1.2298 359.9119 0.0057 0.0069 0.0011 0.0034 0.0003 -0.0002 0.0068 0.0548 0.0528
1494806400.0000 88350.0000 -0.4276 -1.1614 -0.1656 1.2501 20.2126 0.0248 0.0114 0.0029 -0.0126 0.0004 -0.0003 0.0196 0.0915 0.0888
1494806400.0000 88650.0000 -0.2089 -1.5068 -0.1336 1.5322 7.8940 0.0270 0.0222 0.0018 -0.0206 0.0044 -0.0034 0.0255 0.0854 0.0842
1494806400.0000 88950.0000 0.1425 -1.5329 -0.0934 1.5408 354.6894 0.0036 0.0062 0.0020 0.0018 -0.0005 0.0002 0.0059 0.0407 0.0371
1494806400.0000 89250.0000 0.1589 -1.5273 -0.0791 1.5361 354.0612 0.0018 0.0028 0.0015 -0.0003 -0.0004 0.0002 0.0031 0.0296 0.0257
1494806400.0000 89550.0000 0.2956 -1.4504 -0.0747 1.4859 348.4815 0.0193 0.0126 0.0061 -0.0050 -0.0006 0.0019 0.0190 0.0760 0.0697
1494806400.0000 89850.0000 0.4488 -1.2553 -0.0231 1.3394 340.3250 0.0171 0.0271 0.0129 -0.0029 -0.0044 0.0043 0.0285 0.1034 0.0910
1494806400.0000 90150.0000 0.3117 -1.2846 -0.0478 1.3336 346.3586 0.0297 0.0389 0.0159 0.0003 -0.0019 0.0102 0.0423 0.1269 0.1144
1494806400.0000 90450.0000 0.2874 -1.3842 -0.0807 1.4196 348.2696 0.0178 0.0206 0.0106 -0.0037 -0.0032 0.0055 0.0245 0.0903 0.0800
1494806400.0000 90750.0000 0.2474 -1.2896 -0.1209 1.3184 349.1412 0.0138 0.0180 0.0081 -0.0009 -0.0012 0.0033 0.0200 0.0875 0.0784
1494806400.0000 91050.0000 0.1873 -1.2792 -0.1259 1.2973 351.6689 0.0121 0.0095 0.0061 -0.0019 -0.0020 0.0018 0.0138 0.0739 0.0655
1494806400.0000 91350.0000 0.3391 -1.0967 -0.0853 1.1528 342.8185 0.0119 0.0207 0.0080 -0.0033 -0.0021 0.0046 0.0203 0.1011 0.0908
1494806400.0000 91650.0000 0.1780 -1.0989 -0.1291 1.1183 350.7979 0.0108 0.0114 0.0078 0.0012 -0.0007 0.0018 0.0150 0.0893 0.0774
1494806400.0000 91950.0000 -0.0858 -1.2645 -0.1226 1.2727 3.8820 0.0131 0.0130 0.0047 0.0039 0.0008 0.0000 0.0154 0.0797 0.0737
1494806400.0000 92250.0000 -0.2980 -1.3480 -0.1578 1.3888 12.4642 0.0210 0.0120 0.0055 -0.0050 0.0017 0.0011 0.0192 0.0815 0.0759
1494806400.0000 92550.0000 -0.5669 -1.0445 -0.1129 1.1965 28.4892 0.0092 0.0268 0.0050 -0.0069 -0.0010 0.0033 0.0205 0.0979 0.0922
1494806400.0000 92850.0000 -0.8618 -0.9418 -0.1552 1.2812 42.4605 0.0146 0.0094 0.0045 0.0005 0.0028 0.0016 0.0142 0.0757 0.0700
1494806400.0000 93150.0000 -0.9410 -1.0225 -0.1313 1.4043 42.6247 0.0129 0.0552 0.0070 -0.0105 0.0006 0.0017 0.0375 0.1133 0.1084
1494806400.0000 93450.0000 -0.8836 -1.3216 -0.1027 1.5968 33.7656 0.0171 0.0280 0.0102 -0.0012 0.0043 0.0008 0.0276 0.0852 0.0771
1494806400.0000 93750.0000 -1.2927 -1.0825 -0.1326 1.7010 50.0562 0.0626 0.0371 0.0218 -0.0006 0.0013 0.0101 0.0607 0.1190 0.1081
1494806400.0000 94050.0000 -1.5112 -0.9876 -0.1301 1.8144 56.8334 0.0253 0.0393 0.0201 0.0034 0.0005 0.0103 0.0424 0.0929 0.0813
1494806400.0000 94350.0000 -1.6124 -1.0918 -0.1655 1.9511 55.8975 0.0137 0.0169 0.0077 0.0014 -0.0005 0.0053 0.0191 0.0577 0.0518
1494806400.0000 94650.0000 -1.8763 -1.0937 -0.2088 2.1765 59.7610 0.0154 0.0156 0.0051 -0.0050 0.0025 0.0008 0.0181 0.0503 0.0468
1494806400.0000 94950.0000 -1.4748 -1.3250 -0.1719 2.0092 48.0617 0.0819 0.0635 0.0125 -0.0331 -0.0005 0.0067 0.0789 0.1153 0.1110
1494806400.0000 95250.0000 -1.2444 -1.7919 -0.1297 2.1897 34.7772 0.0248 0.0762 0.0124 0.0092 0.0061 0.0015 0.0567 0.0890 0.0841
1494806400.0000 95550.0000 -1.0848 -1.8637 -0.0829 2.1639 30.2023 0.0412 0.0295 0.0140 0.0068 0.0057 0.0044 0.0424 0.0779 0.0712
1494806400.0000 95850.0000 -0.8018 -1.6029 -0.1344 1.7966 26.5732 0.0134 0.0213 0.0124 -0.0008 0.0007 -0.0023 0.0235 0.0697 0.0600
1494806400.0000 96150.0000 -0.9920 -1.7404 -0.1047 2.0082 29.6834 0.0218 0.0219 0.0114 0.0026 0.0017 0.0008 0.0275 0.0675 0.0602
1494806400.0000 96450.0000 -1.1321 -1.6529 -0.1182 2.0082 34.4075 0.0231 0.0342 0.0113 0.0089 0.0032 0.0031 0.0343 0.0753 0.0690
1494806400.0000 96750.0000 -1.2036 -1.4677 -0.1649 1.9045 39.3535 0.0176 0.0392 0.0150 0.0026 0.0066 -0.0003 0.0359 0.0812 0.0725
1494806400.0000 97050.0000 -1.5342 -1.2890 -0.1060 2.0155 49.9639 0.0614 0.0452 0.0180 0.0039 -0.0007 0.0055 0.0623 0.1016 0.0941
1494806400.0000 97350.0000 -1.7849 -1.3451 -0.1181 2.2506 52.9986 0.1135 0.0794 0.0290 0.0265 0.0133 0.0075 0.1110 0.1215 0.1135
1494806400.0000 97650.0000 -1.8456 -1.4089 -0.1080 2.3348 52.6414 0.1120 0.0502 0.0362 0.0171 0.0045 0.0107 0.0992 0.1106 0.1001
1494806400.0000 97950.0000 -1.9914 -1.8508 -0.1438 2.7506 47.0962 0.1992 0.1280 0.0676 -0.0132 0.0247 0.0258 0.1975 0.1333 0.1215
1494806400.0000 98250.0000 -1.4636 -2.0037 -0.0637 2.5074 36.1472 0.1150 0.2794 0.0539 0.0439 0.0295 0.0208 0.2241 0.1557 0.1461
1494806400.0000 98550.0000 -1.2286 -1.9106 -0.0094 2.2867 32.7422 0.0514 0.2379 0.0321 0.0465 0.0132 0.0374 0.1607 0.1441 0.1367
1494806400.0000 98850.0000 -1.1036 -1.9103 0.0176 2.2211 30.0139 0.0872 0.1656 0.0310 0.0504 0.0120 0.0194 0.1419 0.1394 0.1316
1494806400.0000 99150.0000 -1.2468 -2.0275 -0.0867 2.3956 31.5882 0.0707 0.1488 0.0333 0.0244 0.0144 0.0134 0.1264 0.1219 0.1136
1494806400.0000 99450.0000 -1.2448 -1.9288 -0.0966 2.3106 32.8380 0.0401 0.1123 0.0282 -0.0040 0.0109 0.0103 0.0903 0.1068 0.0982
1494806400.0000 99750.0000 -1.2950 -1.8901 -0.1302 2.3056 34.4168 0.0593 0.0821 0.0313 0.0016 0.0181 0.0032 0.0864 0.1046 0.0948
1494806400.0000 100050.0000 -1.1080 -2.2218 -0.0764 2.4944 26.5043 0.0762 0.0874 0.0292 0.0300 0.0075 0.0196 0.0964 0.1021 0.0941
1494806400.0000 100350.0000 -1.4490 -2.5044 -0.0562 2.9076 30.0527 0.0657 0.1411 0.0388 0.0058 0.0138 0.0328 0.1228 0.0989 0.0907
1494806400.0000 100650.0000 -1.4658 -2.5483 -0.0351 2.9479 29.9084 0.0444 0.0645 0.0233 0.0043 0.0098 0.0075 0.0661 0.0714 0.0648
1494806400.0000 100950.0000 -1.4916 -2.6647 -0.0663 3.0563 29.2387 0.0187 0.0195 0.0086 0.0043 0.0035 0.0033 0.0234 0.0409 0.0369
1494806400.0000 101250.0000 -1.2057 -2.6825 -0.1058 2.9436 24.2022 0.0171 0.0149 0.0153 0.0019 0.0034 0.0036 0.0236 0.0426 0.0351
1494806400.0000 101550.0000 -1.1702 -2.6256 -0.0396 2.8780 24.0218 0.0229 0.0353 0.0202 0.0072 0.0053 0.0085 0.0392 0.0563 0.0485
1494806400.0000 101850.0000 -1.1128 -2.5105 -0.0489 2.7504 23.9050 0.0300 0.0446 0.0256 0.0127 0.0037 0.0093 0.0501 0.0665 0.0574
1494806400.0000 102150.0000 -1.1940 -2.6848 -0.0234 2.9435 23.9768 0.0396 0.0638 0.0264 0.0191 0.0032 0.0118 0.0649 0.0708 0.0632
1494806400.0000 102450.0000 -1.1159 -2.5500 -0.0423 2.7878 23.6350 0.0347 0.0431 0.0176 0.0172 0.0022 0.0088 0.0477 0.0640 0.0578
1494806400.0000 102750.0000 -1.0036 -2.3922 -0.0311 2.6021 22.7609 0.0512 0.0610 0.0295 0.0184 0.0040 0.0163 0.0709 0.0838 0.0746
1494806400.0000 103050.0000 -1.0401 -2.4337 -0.0174 2.6527 23.1401 0.0386 0.0549 0.0244 0.0145 0.0025 0.0110 0.0590 0.0749 0.0667
1494806400.0000 103350.0000 -1.1044 -2.4691 0.0055 2.7127 24.0986 0.0602 0.0764 0.0251 0.0313 0.0008 0.0113 0.0809 0.0858 0.0789
1494806400.0000 103650.0000 -1.0254 -2.4673 0.0074 2.6860 22.5672 0.0983 0.1450 0.0503 0.0473 0.0086 0.0361 0.1468 0.1171 0.1066
1494806400.0000 103950.0000 -1.3961 -2.6019 0.0651 2.9648 28.2160 0.0998 0.1048 0.0410 0.0389 0.0193 0.0185 0.1228 0.0969 0.0884
1494806400.0000 104250.0000 -1.5834 -2.5771 0.0649 3.0446 31.5662 0.1328 0.2272 0.0651 0.0446 0.0338 0.0328 0.2125 0.1244 0.1145
1494806400.0000 104550.0000 -1.6562 -2.4773 -0.0230 2.9982 33.7649 0.1229 0.2517 0.0754 0.0614 0.0437 0.0261 0.2250 0.1300 0.1186
1494806400.0000 104850.0000 -1.2339 -2.4749 0.0198 2.7925 26.4983 0.2306 0.2319 0.0637 0.1066 0.0186 0.0351 0.2631 0.1514 0.1420
1494806400.0000 105150.0000 -0.6305 -1.9950 -0.0418 2.1129 17.5387 0.0975 0.1092 0.0449 0.0216 0.0020 0.0208 0.1258 0.1384 0.1255
1494806400.0000 105450.0000 -1.5213 -2.5667 -0.0054 3.0017 30.6561 0.1267 0.0780 0.0357 0.0091 0.0223 0.0170 0.1202 0.0949 0.0875
1494806400.0000 105750.0000 -1.3858 -3.0296 -0.0215 3.3370 24.5802 0.0450 0.0563 0.0316 0.0155 0.0096 0.0172 0.0665 0.0632 0.0552
1494806400.0000 106050.0000 -1.0185 -2.7532 -0.0893 2.9483 20.3003 0.0869 0.1049 0.0566 0.0262 -0.0016 0.0280 0.1242 0.0980 0.0861
1494806400.0000 106350.0000 -0.8018 -2.4360 -0.0988 2.5799 18.2185 0.0885 0.0928 0.0554 0.0197 0.0053 0.0320 0.1184 0.1095 0.0959
1494806400.0000 106650.0000 -0.8930 -2.3799 -0.0008 2.5610 20.5672 0.1201 0.1404 0.0565 0.0453 -0.0013 0.0257 0.1585 0.1279 0.1159
1494806400.0000 106950.0000 -1.1841 -2.4174 0.0509 2.7053 26.0960 0.1040 0.1568 0.0468 0.0555 0.0183 0.0297 0.1538 0.1189 0.1095
1494806400.0000 107250.0000 -1.5309 -2.6562 0.0172 3.0877 29.9573 0.1676 0.2088 0.0665 0.0551 0.0387 0.0285 0.2214 0.1253 0.1155
1494806400.0000 107550.0000 -1.8144 -2.5193 -0.0095 3.1270 35.7618 0.1871 0.3649 0.1205 0.1164 0.0616 0.0346 0.3362 0.1525 0.1382
1494806400.0000 107850.0000 -1.7531 -2.2526 -0.1000 2.8778 37.8912 0.1713 0.3358 0.0939 0.1051 0.0428 0.0350 0.3005 0.1567 0.1440
1494806400.0000 108150.0000 -1.8210 -2.3365 -0.0910 2.9826 37.9324 0.1162 0.2465 0.0919 0.0517 0.0384 0.0252 0.2273 0.1313 0.1174
1494806400.0000 108450.0000 -1.7197 -1.7660 -0.1263 2.4903 44.2393 0.2045 0.1607 0.0730 0.0519 0.0324 0.0289 0.2191 0.1548 0.1415
1494806400.0000 108750.0000 -2.2203 -1.9458 -0.1661 2.9715 48.7702 0.2210 0.0977 0.0651 0.0431 0.0167 0.0272 0.1919 0.1210 0.1104
1494806400.0000 109050.0000 -2.1778 -1.9749 -0.1923 2.9625 47.7964 0.2027 0.1221 0.0712 0.0272 0.0236 0.0354 0.1980 0.1233 0.1119
1494806400.0000 109350.0000 -1.9552 -2.3539 -0.1974 3.0757 39.7131 0.0945 0.1610 0.0695 0.0290 0.0363 0.0108 0.1624 0.1073 0.0954
1494806400.0000 109650.0000 -2.0288 -2.5421 -0.1375 3.2672 38.5930 0.0946 0.1475 0.0693 0.0219 0.0411 0.0161 0.1557 0.0990 0.0873
1494806400.0000 109950.0000 -2.0419 -2.4723 -0.2154 3.2231 39.5535 0.1009 0.1784 0.0736 0.0299 0.0443 0.0217 0.1765 0.1067 0.0952
1494806400.0000 110250.0000 -1.8807 -2.5729 -0.0902 3.2059 36.1651 0.1124 0.3818 0.0724 0.0964 0.0378 0.0370 0.2833 0.1363 0.1273
1494806400.0000 110550.0000 -2.0378 -2.7647 -0.1647 3.4522 36.3926 0.1034 0.2261 0.0823 0.0336 0.0402 0.0372 0.2059 0.1078 0.0965
1494806400.0000 110850.0000 -1.5388 -2.2358 -0.0413 2.7371 34.5373 0.1098 0.2038 0.0617 0.0167 0.0362 0.0209 0.1876 0.1303 0.1191
1494806400.0000 111150.0000 -1.5420 -2.2760 -0.0535 2.7687 34.1183 0.1140 0.1949 0.0578 0.0389 0.0325 0.0147 0.1834 0.1272 0.1167
1494806400.0000 111450.0000 -1.9511 -2.6688 -0.1410 3.3309 36.1699 0.1662 0.3217 0.1037 0.0674 0.0535 0.0368 0.2958 0.1342 0.1220
1494806400.0000 111750.0000 -1.6355 -2.5771 -0.1493 3.0737 32.4000 0.2213 0.2962 0.0940 0.1411 0.0575 0.0713 0.3058 0.1477 0.1361
1494806400.0000 112050.0000 -1.7610 -2.4156 -0.1435 3.0359 36.0936 0.2672 0.2585 0.0968 -0.0140 0.0692 0.0390 0.3113 0.1522 0.1400
1494806400.0000 112350.0000 -1.6532 -2.5797 -0.0926 3.1071 32.6542 0.2659 0.3133 0.1494 0.0316 0.0995 0.0514 0.3643 0.1608 0.1434
1494806400.0000 112650.0000 -1.9899 -2.9100 -0.1596 3.5517 34.3650 0.1652 0.2487 0.1132 0.0147 0.0629 0.0026 0.2635 0.1188 0.1054
1494806400.0000 112950.0000 -1.6694 -2.6453 0.0033 3.1509 32.2550 0.2196 0.3322 0.0822 0.1320 0.0529 0.0544 0.3171 0.1470 0.1371
1494806400.0000 113250.0000 -1.8486 -3.1455 -0.0569 3.6729 30.4421 0.2720 0.3032 0.1057 0.1219 0.0884 0.0600 0.3404 0.1306 0.1200
1494806400.0000 113550.0000 -2.1120 -2.8906 -0.1052 3.6098 36.1533 0.2827 0.3865 0.1439 0.1198 0.0966 0.0468 0.4066 0.1454 0.1319
1494806400.0000 113850.0000 -2.2100 -2.6977 -0.1480 3.5250 39.3250 0.3239 0.3347 0.1376 0.0632 0.0853 0.0454 0.3981 0.1476 0.1344
1494806400.0000 114150.0000 -2.3792 -2.6482 -0.1576 3.6139 41.9371 0.4707 0.2834 0.1488 -0.0045 0.1314 0.0376 0.4515 0.1540 0.1408
1494806400.0000 114450.0000 -2.2751 -2.8085 -0.1347 3.6609 39.0103 0.3789 0.4709 0.1507 0.0620 0.0923 0.0285 0.5002 0.1597 0.1473
1494806400.0000 114750.0000 -1.9919 -3.0279 -0.1646 3.6419 33.3385 0.1215 0.2757 0.0914 0.0521 0.0422 0.0305 0.2443 0.1112 0.1004
1494806400.0000 115050.0000 -1.3327 -2.7099 -0.0722 3.0539 26.1880 0.3711 0.4181 0.1400 0.2446 0.1150 0.1371 0.4646 0.1842 0.1698
1494806400.0000 115350.0000 -1.8742 -2.6074 -0.0420 3.2355 35.7080 0.1641 0.2765 0.1062 0.0533 0.0668 0.0436 0.2734 0.1329 0.1193
1494806400.0000 115650.0000 -2.0341 -2.4406 -0.1637 3.2114 39.8097 0.2428 0.3647 0.1102 0.0881 0.0720 0.0664 0.3589 0.1537 0.1416
1494806400.0000 115950.0000 -1.7245 -2.5823 0.0326 3.1453 33.7351 0.2385 0.3429 0.1015 0.0203 0.0760 0.0288 0.3414 0.1536 0.1418
1494806400.0000 116250.0000 -2.0915 -2.7251 0.0128 3.4866 37.5052 0.3373 0.8474 0.1455 0.1786 0.0814 0.1177 0.6651 0.1938 0.1829
1494806400.0000 116550.0000 -2.1624 -3.0823 -0.0428 3.7976 35.0521 0.2034 0.4513 0.1392 0.0540 0.0714 0.0335 0.3970 0.1366 0.1241
1494806400.0000 116850.0000 -2.1435 -3.2341 -0.0496 3.9215 33.5361 0.2252 0.7324 0.1469 0.0777 0.0737 0.0553 0.5522 0.1564 0.1456
1494806400.0000 117150.0000 -2.0586 -3.0175 -0.0497 3.6907 34.3022 0.2710 0.5189 0.1442 0.0876 0.0894 0.0563 0.4671 0.1527 0.1405
1494806400.0000 117450.0000 -1.8743 -3.3682 -0.0262 3.8923 29.0936 0.3414 0.4079 0.1663 0.1037 0.0468 0.0737 0.4578 0.1433 0.1296
1494806400.0000 117750.0000 -2.0408 -3.1649 -0.0541 3.8030 32.8144 0.2837 0.4240 0.1538 0.0611 0.0947 0.0556 0.4308 0.1423 0.1290
1494806400.0000 118050.0000 -1.8473 -3.0968 -0.0654 3.6524 30.8169 0.5347 0.5058 0.1464 0.2508 0.1191 0.0790 0.5935 0.1744 0.1633
1494806400.0000 118350.0000 -1.6322 -2.8997 0.0810 3.3726 29.3741 0.3990 0.5206 0.1489 0.1746 0.0886 0.1007 0.5343 0.1793 0.1664
1494806400.0000 118650.0000 -2.1779 -2.6577 -0.1276 3.5097 39.3336 0.4648 0.5078 0.1455 -0.0527 0.0792 0.0081 0.5590 0.1775 0.1657
1494806400.0000 118950.0000 -2.1000 -2.7964 -0.0840 3.5700 36.9054 0.5182 0.5277 0.1878 0.0018 0.1434 0.0400 0.6169 0.1833 0.1688
1494806400.0000 119250.0000 -2.1909 -2.5772 -0.0956 3.4504 40.3676 0.5278 0.2997 0.1864 -0.0274 0.1607 0.0364 0.5070 0.1718 0.1553
1494806400.0000 119550.0000 -2.0666 -2.6258 -0.1281 3.3890 38.2038 0.3132 0.4393 0.1449 0.0343 0.0933 0.0238 0.4487 0.1636 0.1499
1494806400.0000 119850.0000 -1.6482 -2.6345 -0.0621 3.1811 32.0319 0.5458 0.5132 0.1712 0.1462 0.1429 0.0845 0.6151 0.2060 0.1912
1494806400.0000 120150.0000 -1.3054 -2.4877 0.0295 2.8863 27.6877 0.6716 0.5578 0.1936 0.2805 0.1636 0.1405 0.7115 0.2451 0.2279
1494806400.0000 120450.0000 -1.3040 -2.6552 -0.0068 3.0136 26.1558 0.4574 0.5812 0.1825 0.2057 0.0934 0.1411 0.6106 0.2157 0.1989
1494806400.0000 120750.0000 -1.0209 -2.8415 -0.0239 3.0974 19.7620 0.5486 0.6951 0.2621 0.1494 0.0500 0.1367 0.7529 0.2346 0.2132
1494806400.0000 121050.0000 -1.6318 -2.4213 -0.0181 3.0033 33.9772 0.7679 0.6592 0.2022 0.3192 0.2130 0.1275 0.8146 0.2524 0.2362
1494806400.0000 121350.0000 -1.3073 -2.3609 0.0081 2.7802 28.9753 0.5435 0.4409 0.1863 0.1125 0.1214 0.1178 0.5853 0.2315 0.2123
1494806400.0000 121650.0000 -1.0039 -2.1155 0.1243 2.4348 25.3874 0.5368 0.4644 0.1676 0.1264 0.0444 0.1020 0.5844 0.2662 0.2467
1494806400.0000 121950.0000 -1.5504 -2.8696 -0.0158 3.3185 28.3820 0.3930 0.6147 0.2130 0.1051 0.0846 0.1209 0.6104 0.1956 0.1777
1494806400.0000 122250.0000 -1.1683 -2.4991 0.0542 2.8168 25.0551 0.3974 0.4756 0.1693 0.1489 0.0568 0.1214 0.5212 0.2136 0.1955
1494806400.0000 122550.0000 -1.2437 -2.4503 0.0131 2.8216 26.9110 0.6351 0.6271 0.2399 0.3552 0.1423 0.1472 0.7510 0.2575 0.2360
1494806400.0000 122850.0000 -1.0114 -2.4097 -0.0290 2.6993 22.7694 0.4443 0.4260 0.1675 0.0074 0.0445 0.0802 0.5189 0.2250 0.2061
1494806400.0000 123150.0000 -0.8543 -1.9201 0.0951 2.1979 23.9863 0.5281 0.5628 0.1740 0.1526 0.1007 0.1413 0.6324 0.3087 0.2869
1494806400.0000 123450.0000 -1.5900 -1.8094 -0.0824 2.5190 41.3071 1.0096 0.3705 0.1814 0.2557 0.2098 0.1138 0.7807 0.2993 0.2816
1494806400.0000 123750.0000 -1.5572 -2.1692 -0.0489 2.7611 35.6725 0.8736 0.4635 0.2169 0.2728 0.1939 0.1351 0.7770 0.2695 0.2500
1494806400.0000 124050.0000 -1.8056 -2.5012 -0.1002 3.1342 35.8250 0.2512 0.5407 0.1568 0.0506 0.0870 0.0351 0.4743 0.1822 0.1665
1494806400.0000 124350.0000 -1.6600 -2.0616 -0.0249 2.7585 38.8411 0.3613 1.3337 0.1958 0.2230 0.1019 0.0946 0.9454 0.2999 0.2840
1494806400.0000 124650.0000 -1.3976 -2.4788 -0.0351 2.9108 29.4160 0.4392 0.5390 0.1919 0.1419 0.0892 0.1208 0.5851 0.2195 0.2007
1494806400.0000 124950.0000 -2.1131 -2.3796 -0.0086 3.3072 41.6054 0.9261 1.1015 0.2687 0.1730 0.2569 0.0353 1.1481 0.2749 0.2583
1494806400.0000 125250.0000 -1.8414 -2.7606 -0.1041 3.4306 33.7033 0.8108 0.7489 0.2414 0.0584 0.1379 0.0719 0.9006 0.2334 0.2173
1494806400.0000 125550.0000 -2.0507 -1.9772 -0.0046 3.0288 46.0463 1.0664 0.9011 0.2926 -0.0732 0.2575 0.0492 1.1300 0.3047 0.2843
1494806400.0000 125850.0000 -2.6299 -2.3943 -0.1565 3.6342 47.6842 1.0580 0.4340 0.2460 0.2013 0.2352 0.0449 0.8690 0.2138 0.1983
1494806400.0000 126150.0000 -2.1942 -1.9285 -0.1828 2.9785 48.6879 0.4314 0.3208 0.1624 0.0508 0.0914 0.0198 0.4573 0.1887 0.1714
1494806400.0000 126450.0000 -2.0240 -1.2974 -0.0950 2.4850 57.3407 0.6890 0.3852 0.2243 0.1091 0.1019 0.0286 0.6492 0.2734 0.2489
1494806400.0000 126750.0000 -1.7994 -1.6413 -0.1196 2.5146 47.6310 0.4195 0.5071 0.1596 0.0429 0.0854 0.0092 0.5431 0.2468 0.2282
1494806400.0000 127050.0000 -1.9581 -2.4372 -0.1754 3.2269 38.7785 1.2564 0.5476 0.2135 0.3483 0.2089 0.0370 1.0087 0.2619 0.2480
1494806400.0000 127350.0000 -2.0725 -1.5463 -0.1054 2.7884 53.2727 1.5033 0.6417 0.2941 -0.2046 0.3347 0.0027 1.2195 0.3484 0.3270
1494806400.0000 127650.0000 -1.5934 -1.0292 -0.1549 2.0449 57.1415 1.0021 0.5936 0.2259 0.1053 0.1387 -0.0580 0.9108 0.4094 0.3845
1494806400.0000 127950.0000 -2.4489 -0.1356 -0.2811 2.6549 86.8313 0.7865 0.9761 0.4565 -0.0029 0.2442 -0.0421 1.1096 0.3484 0.3125
1494806400.0000 128250.0000 -1.8198 0.2010 -0.1230 1.9968 96.3016 0.6069 0.5777 0.3544 0.1033 0.2307 0.0539 0.7695 0.3903 0.3432
1494806400.0000 128550.0000 -1.2319 -0.9366 -0.0378 1.7349 52.7525 0.7559 0.6172 0.2594 0.2172 0.2282 0.0033 0.8163 0.4766 0.4372
1494806400.0000 128850.0000 -1.5043 -0.7048 -0.0714 1.8046 64.8957 0.5326 0.3739 0.2673 -0.0498 0.2083 -0.0059 0.5869 0.3762 0.3309
1494806400.0000 129150.0000 -1.3548 -0.5146 -0.0069 1.6776 69.2002 0.5564 0.5435 0.2288 -0.2036 0.1168 -0.0711 0.6643 0.4592 0.4178
1494806400.0000 129450.0000 -1.5518 0.1696 -0.1391 1.8419 96.2373 0.7190 0.9585 0.2896 -0.0075 0.2008 -0.0087 0.9836 0.5167 0.4790
1494806400.0000 129750.0000 -1.4156 -0.1538 -0.0918 1.6485 83.7975 0.6465 0.6173 0.3891 -0.1090 0.1970 -0.0918 0.8265 0.5202 0.4558
1494806400.0000 130050.0000 -1.6493 -0.4498 -0.0882 1.8820 74.7444 0.7111 0.6093 0.3015 0.0355 0.2160 -0.0666 0.8110 0.4295 0.3881
1494806400.0000 130350.0000 -1.2413 -1.0643 -0.0932 1.7337 49.3895 0.3975 0.2776 0.1230 0.0513 0.0620 0.0414 0.3990 0.3149 0.2901
1494806400.0000 130650.0000 -0.5605 -0.9500 0.0643 1.2155 30.5390 0.4118 0.3658 0.1261 0.1449 0.0613 0.0261 0.4519 0.4967 0.4616
1494806400.0000 130950.0000 -0.9196 -1.3277 -0.1042 1.6835 34.7063 0.3404 0.2152 0.1177 0.0842 0.0584 0.0165 0.3367 0.2927 0.2665
1494806400.0000 131250.0000 -1.6425 -1.0940 -0.2048 2.0598 56.3343 0.5067 0.3077 0.1578 0.0402 0.1121 -0.0202 0.4861 0.2869 0.2640
1494806400.0000 131550.0000 -1.3106 -0.9354 -0.1048 1.8031 54.4843 0.6446 0.7661 0.3099 0.1137 0.2067 -0.0866 0.8603 0.4693 0.4259
1494806400.0000 131850.0000 -1.8217 -0.2456 -0.2143 1.9967 82.3218 0.5678 0.5043 0.2328 -0.1131 0.1699 -0.0423 0.6525 0.3564 0.3252
1494806400.0000 132150.0000 -0.8599 -0.8749 -0.1631 1.4660 44.5030 0.4182 0.4598 0.1974 -0.1840 0.1022 -0.0286 0.5377 0.4838 0.4410
1494806400.0000 132450.0000 -0.2333 -1.2531 0.0187 1.4489 10.5455 0.2184 0.6746 0.1029 -0.2057 0.0493 0.0015 0.4980 0.4520 0.4281
1494806400.0000 132750.0000 -1.2164 -0.2325 0.0381 1.6034 79.1813 0.8779 0.8824 0.2811 0.4184 0.2912 0.1741 1.0207 0.6658 0.6185
1494806400.0000 133050.0000 -0.6369 0.1508 -0.1127 0.8770 103.3225 0.3384 0.1874 0.1954 0.0447 0.0712 -0.0442 0.3606 0.7382 0.6396
1494806400.0000 133350.0000 -0.4769 -0.4508 0.0543 0.8723 46.6104 0.3063 0.1848 0.1024 -0.1247 0.0238 -0.0177 0.2967 0.6755 0.6165
1494806400.0000 133650.0000 -0.6638 0.2819 -0.0550 0.9988 113.0123 0.4668 0.3606 0.1710 0.0527 0.0459 -0.0261 0.4992 0.7976 0.7282
1494806400.0000 133950.0000 -1.1452 -1.3690 -0.0551 1.8781 39.9132 0.6997 0.2955 0.1388 0.2386 0.1654 0.0911 0.5670 0.3443 0.3227
1494806400.0000 134250.0000 -0.2083 -1.5216 0.0491 1.6860 7.7961 0.4218 0.3842 0.1925 -0.1417 -0.0050 0.1427 0.4993 0.3755 0.3375
1494806400.0000 134550.0000 -0.6567 -1.4268 -0.1045 1.6952 24.7158 0.4328 0.3723 0.1676 0.0621 0.0437 0.1003 0.4863 0.3617 0.3298
1494806400.0000 134850.0000 -1.3581 -1.0455 -0.1334 1.8416 52.4098 0.5308 0.2936 0.1962 -0.0045 0.1247 -0.0128 0.5103 0.3393 0.3059
1494806400.0000 135150.0000 -1.2270 -0.8340 -0.2121 1.5699 55.7935 0.3063 0.2311 0.2205 0.0092 0.0842 0.0176 0.3790 0.3354 0.2853
1494806400.0000 135450.0000 -0.9327 -0.1313 -0.0750 1.2383 81.9894 0.4401 0.5889 0.1761 0.2236 0.1361 0.0390 0.6025 0.6708 0.6218
1494806400.0000 135750.0000 0.0958 -0.7657 -0.0879 1.2563 352.8672 0.7453 0.6298 0.4150 0.2799 -0.0603 0.0601 0.8951 0.9946 0.8773
1494806400.0000 136050.0000 -1.0752 -0.3074 -0.1165 1.2470 74.0453 0.2824 0.2857 0.2469 0.0337 0.0684 0.0251 0.4075 0.4636 0.3891
1494806400.0000 136350.0000 -0.0993 -0.7304 -0.0424 0.9041 7.7388 0.1858 0.2169 0.1850 -0.0827 0.0291 -0.0406 0.2939 0.5995 0.4971
1494806400.0000 136650.0000 0.3818 -0.5293 0.1290 0.8145 324.1979 0.1603 0.2820 0.1475 0.0015 -0.0336 0.0444 0.2950 0.6665 0.5884
1494806400.0000 136950.0000 -0.3974 -0.9673 -0.1788 1.4132 22.3370 0.7865 0.3507 0.1787 -0.2453 -0.0103 0.0630 0.6580 0.6243 0.5888
1494806400.0000 137250.0000 -0.6823 0.1372 -0.0646 1.0265 101.3719 0.4410 0.4742 0.1498 0.1119 0.0766 0.0216 0.5325 0.8524 0.7936
1494806400.0000 137550.0000 -0.9982 -1.0016 0.0305 1.6114 44.9044 0.5391 0.7644 0.1886 0.1862 0.1257 0.0936 0.7461 0.4986 0.4661
1494806400.0000 137850.0000 -1.2409 -1.0611 -0.0245 1.7703 49.4645 0.2096 0.5930 0.1493 -0.0057 0.0533 0.0798 0.4760 0.3450 0.3168
1494806400.0000 138150.0000 -1.1573 -0.6072 0.0097 1.4101 62.3162 0.4593 0.2989 0.1728 0.1158 0.1282 0.0574 0.4655 0.4263 0.3847
1494806400.0000 138450.0000 -1.5480 -1.2571 -0.1765 2.0704 50.9196 0.2352 0.3205 0.1448 0.0045 0.0590 0.0285 0.3502 0.2414 0.2158
1494806400.0000 138750.0000 -0.8764 -1.4662 -0.0367 1.8185 30.8685 0.4267 0.3056 0.1639 0.0340 0.0679 0.0389 0.4481 0.3199 0.2892
1494806400.0000 139050.0000 -0.4843 -0.5886 -0.1422 1.1230 39.4461 0.5468 0.2669 0.1152 -0.1878 -0.0082 0.0218 0.4644 0.7176 0.6832
1494806400.0000 139350.0000 -1.2887 -0.4656 -0.1050 1.8386 70.1335 0.4336 1.5205 0.2704 0.0580 0.0924 0.2357 1.1122 0.6266 0.5890
1494806400.0000 139650.0000 -0.6111 -0.0750 -0.1151 1.1860 83.0019 0.6139 0.6950 0.1889 -0.4415 0.0658 0.0156 0.7489 1.1282 1.0729
1494806400.0000 139950.0000 -1.0610 -0.1906 -0.0192 1.2135 79.8141 0.2308 0.2806 0.1306 0.0624 0.0917 0.0363 0.3210 0.4291 0.3830
1494806400.0000 140250.0000 -1.4499 -0.1317 -0.1259 1.6037 84.8099 0.1589 0.4611 0.1295 -0.0192 0.0483 -0.0090 0.3748 0.3421 0.3123
1494806400.0000 140550.0000 -0.8742 -0.2273 -0.0317 1.0143 75.4262 0.1691 0.1996 0.0747 0.0567 0.0477 0.0152 0.2217 0.4254 0.3882
1494806400.0000 140850.0000 -1.1899 0.5817 -0.0416 1.3996 116.0515 0.2877 0.1879 0.1657 -0.0687 0.1250 -0.0488 0.3207 0.3489 0.3006
1494806400.0000 141150.0000 -1.1149 0.1328 -0.0507 1.2655 96.7949 0.1473 0.3568 0.1114 -0.0350 0.0468 -0.0180 0.3078 0.4030 0.3651
1494806400.0000 141450.0000 -1.0370 -0.7636 -0.0997 1.3699 53.6335 0.1462 0.2084 0.0840 -0.0262 0.0376 -0.0030 0.2193 0.2960 0.2669
1494806400.0000 141750.0000 -1.0839 -0.5567 -0.0651 1.2757 62.8172 0.2069 0.1420 0.0806 0.0331 0.0682 -0.0053 0.2147 0.3101 0.2799
1494806400.0000 142050.0000 -0.7222 -0.2093 -0.0451 0.8231 73.8342 0.0934 0.1142 0.1340 0.0043 0.0239 0.0124 0.1708 0.4479 0.3498
1494806400.0000 142350.0000 -0.1924 -0.5008 -0.0511 0.7109 21.0196 0.1784 0.1222 0.0760 -0.1084 0.0275 -0.0176 0.1883 0.6574 0.5900
1494806400.0000 142650.0000 -0.0622 -1.0670 0.1299 1.1716 3.3360 0.2096 0.3134 0.1076 -0.0174 0.0093 0.0803 0.3153 0.4258 0.3906
1494806400.0000 142950.0000 -0.7815 -1.6526 0.0014 1.9000 25.3090 0.3382 0.4928 0.1181 0.1568 0.0476 0.0465 0.4745 0.3077 0.2879
1494806400.0000 143250.0000 -0.3590 -1.5392 0.1038 1.6548 13.1303 0.2501 0.3524 0.1349 0.0541 0.0476 0.1014 0.3687 0.3130 0.2835
1494806400.0000 143550.0000 -0.4051 0.0834 -0.2209 0.7843 101.6296 0.1839 0.4007 0.2126 0.1557 0.0711 0.0797 0.3986 1.0993 1.0672
1494806400.0000 143850.0000 -0.2122 -0.8946 0.0962 1.0979 13.3474 0.3685 0.3426 0.1280 0.0898 0.0559 0.0911 0.4195 0.5721 0.5295
1494806400.0000 144150.0000 -0.1397 -0.5167 0.1663 0.7566 15.1311 0.2141 0.3149 0.1247 0.0712 0.0184 0.0610 0.3269 0.8329 0.7846
1494806400.0000 144450.0000 -0.3317 -1.1911 0.1546 1.3395 15.5592 0.3009 0.4018 0.1423 0.1251 0.0231 0.0761 0.4225 0.4259 0.3914
1494806400.0000 144750.0000 0.2402 -1.4212 0.0615 1.5241 350.4055 0.2081 0.3834 0.1286 0.0074 -0.0145 0.0367 0.3601 0.3396 0.3081
1494806400.0000 145050.0000 0.0532 -1.5578 0.0644 1.6357 358.0434 0.2240 0.4660 0.1381 -0.0844 0.0019 0.0910 0.4141 0.3368 0.3077
1494806400.0000 145350.0000 0.0322 -1.1605 0.1381 1.2129 358.4125 0.1242 0.2766 0.1199 -0.0426 0.0062 0.0801 0.2603 0.3563 0.3148
1494806400.0000 145650.0000 -0.0555 -1.5580 -0.0088 1.5982 2.0385 0.1228 0.2775 0.1022 -0.0146 0.0056 0.0607 0.2512 0.2625 0.2343
1494806400.0000 145950.0000 0.8702 -0.4727 -0.2266 1.1998 298.5082 0.2612 0.4095 0.1913 -0.0609 -0.0513 -0.0578 0.4310 0.5277 0.4775
1494806400.0000 146250.0000 0.5084 -0.4943 -0.0120 0.9212 314.1948 0.1634 0.3198 0.1371 0.0331 -0.0303 0.0004 0.3102 0.6412 0.5660
1494806400.0000 146550.0000 0.1966 -1.3724 -0.0804 1.4332 351.8480 0.1364 0.1633 0.0754 -0.0907 -0.0135 0.0118 0.1875 0.2546 0.2280
1494806400.0000 146850.0000 -0.2437 -0.7723 -0.0249 0.8525 17.5139 0.0781 0.1025 0.0357 0.0402 0.0180 0.0173 0.1081 0.3314 0.3029
1494806400.0000 147150.0000 -0.0432 -0.8844 -0.0545 0.9233 2.7973 0.0595 0.1049 0.0378 -0.0216 -0.0017 0.0260 0.1011 0.2927 0.2644
1494806400.0000 147450.0000 -0.0622 -0.5884 0.0161 0.6325 6.0324 0.0490 0.0623 0.0402 0.0047 -0.0010 0.0196 0.0757 0.3796 0.3254
1494806400.0000 147750.0000 -0.0715 -0.8925 0.0435 0.9661 4.5815 0.1234 0.1076 0.0623 -0.0102 -0.0054 0.0190 0.1466 0.3488 0.3099
1494806400.0000 148050.0000 -0.2964 -1.0310 0.0065 1.1225 16.0405 0.1382 0.1712 0.0763 0.0699 0.0175 0.0170 0.1928 0.3342 0.2994
1494806400.0000 148350.0000 -0.2739 -0.7075 -0.1176 0.7882 21.1651 0.0505 0.1361 0.0629 0.0496 0.0253 0.0617 0.1247 0.3756 0.3287
1494806400.0000 148650.0000 -0.4868 -0.8700 -0.0078 1.0674 29.2294 0.1425 0.2391 0.0542 -0.0002 0.0095 0.0072 0.2179 0.3823 0.3577
1494806400.0000 148950.0000 0.5467 -1.5146 -0.0007 1.6724 340.1526 0.2067 0.2383 0.0856 -0.0281 -0.0500 0.0332 0.2653 0.2612 0.2392
1494806400.0000 149250.0000 0.5716 -1.2113 0.0185 1.3827 334.7384 0.1300 0.1295 0.0548 -0.0175 -0.0167 0.0057 0.1572 0.2417 0.2196
1494806400.0000 149550.0000 0.4030 -1.1717 -0.0149 1.2759 341.0195 0.0908 0.1238 0.0449 -0.0128 -0.0177 0.0072 0.1297 0.2373 0.2158
1494806400.0000 149850.0000 0.3274 -1.0346 0.0151 1.1213 342.4389 0.0651 0.1069 0.0362 0.0006 -0.0120 0.0154 0.1041 0.2427 0.2206
1494806400.0000 150150.0000 0.3791 -1.0961 0.0305 1.2009 340.9230 0.1032 0.1491 0.0471 -0.0260 -0.0185 0.0078 0.1497 0.2723 0.2501
1494806400.0000 150450.0000 0.3663 -0.8746 0.0488 0.9987 337.2775 0.1093 0.1890 0.0484 -0.0525 -0.0223 0.0148 0.1734 0.3581 0.3326
1494806400.0000 150750.0000 0.1340 -1.0410 0.1161 1.0868 352.6657 0.0748 0.1703 0.0423 0.0098 0.0008 0.0207 0.1437 0.2931 0.2724
1494806400.0000 151050.0000 0.2707 -0.9132 0.0813 0.9875 343.4901 0.0768 0.0971 0.0426 -0.0145 -0.0052 0.0096 0.1083 0.2810 0.2528
