1494720000.0000 150.0000 -0.3960 0.0711 -0.0294 0.4304 100.1751 0.0685 0.0235 0.0069 0.0055 0.0041 0.0029 0.0494 0.4499 0.4352
1494720000.0000 450.0000 -0.6685 -0.1858 -0.1551 0.7121 74.4710 0.0184 0.0300 0.0078 0.0075 0.0038 0.0024 0.0281 0.1926 0.1832
1494720000.0000 750.0000 -0.6971 -0.0588 -0.1547 0.7191 85.1768 0.0200 0.0275 0.0077 0.0018 0.0025 -0.0033 0.0276 0.1894 0.1799
1494720000.0000 1050.0000 -0.3995 -0.0000 0.0134 0.4319 89.9973 0.0403 0.0214 0.0093 -0.0029 0.0030 -0.0051 0.0355 0.3849 0.3591
1494720000.0000 1350.0000 -0.3498 -0.0466 0.0159 0.4017 82.4161 0.0122 0.0346 0.0160 0.0024 0.0056 -0.0041 0.0314 0.4097 0.3539
1494720000.0000 1650.0000 -0.3905 0.1828 0.0412 0.5336 115.0863 0.0251 0.1245 0.0178 -0.0099 0.0057 0.0214 0.0837 0.5455 0.5180
1494720000.0000 1950.0000 -0.7036 -0.1481 -0.1809 0.7609 78.1158 0.0332 0.0604 0.0191 0.0026 0.0111 0.0212 0.0564 0.2614 0.2456
1494720000.0000 2250.0000 -0.3866 0.1359 0.0095 0.4381 109.3618 0.0169 0.0266 0.0107 -0.0028 0.0067 0.0004 0.0271 0.3279 0.2938
1494720000.0000 2550.0000 -1.1270 0.4703 -0.0653 1.2301 112.6518 0.0523 0.0349 0.0098 -0.0235 -0.0019 -0.0006 0.0485 0.1471 0.1396
1494720000.0000 2850.0000 -1.0868 0.2307 -0.0809 1.1403 101.9823 0.0290 0.0652 0.0226 -0.0000 0.0050 0.0064 0.0584 0.1771 0.1594
1494720000.0000 3150.0000 -1.1415 0.3637 -0.0344 1.2225 107.6721 0.0696 0.0574 0.0220 -0.0013 0.0093 0.0029 0.0745 0.1860 0.1717
1494720000.0000 3450.0000 -0.9579 0.2463 -0.1094 1.0082 104.4178 0.0457 0.0354 0.0198 0.0034 0.0068 -0.0023 0.0504 0.1843 0.1662
1494720000.0000 3750.0000 -1.0547 0.1401 -0.0901 1.0906 97.5675 0.0414 0.0546 0.0168 0.0066 0.0055 0.0057 0.0564 0.1816 0.1681
1494720000.0000 4050.0000 -1.3140 0.4009 -0.0692 1.3903 106.9654 0.0377 0.0454 0.0179 0.0027 0.0035 0.0034 0.0505 0.1333 0.1211
1494720000.0000 4350.0000 -1.1602 0.4076 -0.0327 1.2624 109.3578 0.0351 0.0819 0.0219 0.0066 0.0077 0.0237 0.0694 0.1749 0.1606
1494720000.0000 4650.0000 -1.2449 0.4949 -0.0055 1.3613 111.6802 0.0511 0.0604 0.0231 -0.0059 0.0095 -0.0017 0.0673 0.1581 0.1439
1494720000.0000 4950.0000 -1.1645 0.3435 -0.1094 1.2367 106.4335 0.0658 0.0587 0.0246 -0.0088 0.0016 -0.0045 0.0745 0.1828 0.1677
1494720000.0000 5250.0000 -1.0705 0.3255 -0.0551 1.1555 106.9121 0.0964 0.0678 0.0304 0.0103 0.0190 0.0009 0.0973 0.2274 0.2091
1494720000.0000 5550.0000 -0.5857 0.2430 0.0797 0.6740 112.5367 0.0991 0.0733 0.0198 -0.0480 0.0079 -0.0104 0.0961 0.3961 0.3781
1494720000.0000 5850.0000 -0.8467 0.1566 -0.1161 0.9060 100.4817 0.1233 0.0615 0.0382 0.0206 0.0163 -0.0116 0.1115 0.3138 0.2882
1494720000.0000 6150.0000 -0.7672 0.3701 0.0544 0.8741 115.7536 0.0618 0.0450 0.0346 -0.0128 0.0223 -0.0029 0.0706 0.2543 0.2214
1494720000.0000 6450.0000 -0.7160 0.4591 0.0440 0.8999 122.6710 0.0532 0.0737 0.0305 0.0128 0.0144 0.0176 0.0787 0.2690 0.2419
1494720000.0000 6750.0000 -0.4424 0.2816 0.0403 0.6031 122.4804 0.0239 0.0982 0.0302 0.0001 0.0043 0.0258 0.0762 0.4285 0.3848
1494720000.0000 7050.0000 -0.5893 0.1769 -0.0460 0.6653 106.7083 0.0426 0.0679 0.0215 -0.0058 -0.0040 0.0043 0.0661 0.3401 0.3121
1494720000.0000 7350.0000 -0.2391 0.1177 0.0149 0.3920 116.2040 0.1249 0.0472 0.0181 -0.0060 0.0012 -0.0036 0.0951 0.9435 0.8990
1494720000.0000 7650.0000 -0.4083 0.1844 -0.0535 0.5355 114.3107 0.0679 0.0923 0.0283 -0.0128 0.0044 0.0265 0.0943 0.5556 0.5158
1494720000.0000 7950.0000 -0.5893 0.1172 -0.0530 0.6623 101.2436 0.0371 0.0787 0.0351 -0.0049 0.0006 0.0192 0.0754 0.3718 0.3269
1494720000.0000 8250.0000 -1.0964 0.1058 -0.1037 1.1646 95.5105 0.1534 0.1509 0.0395 -0.0720 -0.0148 0.0206 0.1719 0.3060 0.2891
1494720000.0000 8550.0000 -1.0830 0.4900 -0.0180 1.2138 114.3445 0.0494 0.0632 0.0209 -0.0005 -0.0026 0.0013 0.0668 0.1775 0.1630
1494720000.0000 8850.0000 -0.8205 0.3492 0.0672 0.9266 113.0553 0.2514 0.0650 0.0304 -0.0546 -0.0384 0.0178 0.1734 0.3802 0.3642
1494720000.0000 9150.0000 -0.3907 0.2175 0.0197 0.5851 119.0996 0.1246 0.0826 0.0349 0.0604 0.0374 0.0179 0.1211 0.6347 0.5878
1494720000.0000 9450.0000 -0.0676 0.2488 0.0015 0.4878 164.8082 0.1185 0.1441 0.0376 0.0398 0.0170 0.0484 0.1501 1.2268 1.1475
1494720000.0000 9750.0000 -0.7303 0.3047 -0.0175 0.8124 112.6486 0.0618 0.0411 0.0124 -0.0142 0.0008 0.0033 0.0577 0.2477 0.2341
1494720000.0000 10050.0000 -0.5564 0.1327 -0.0729 0.6012 103.4172 0.0353 0.0325 0.0123 -0.0061 0.0032 0.0025 0.0400 0.2833 0.2627
1494720000.0000 10350.0000 -0.5893 -0.1164 -0.1414 0.6949 78.8307 0.0756 0.0934 0.0298 -0.0181 0.0018 0.0148 0.0994 0.4171 0.3951
1494720000.0000 10650.0000 -0.7492 0.5731 0.2851 1.0624 127.4140 0.1849 0.2098 0.0522 0.0115 -0.0215 -0.0366 0.2234 0.3917 0.3846
1494720000.0000 10950.0000 -0.2343 0.0987 -0.1162 0.5259 112.8385 0.0694 0.1838 0.0506 -0.0278 -0.0047 0.0677 0.1519 1.1383 1.1425
1494720000.0000 11250.0000 -0.2414 0.2518 -0.0042 0.3773 136.2115 0.0325 0.0213 0.0089 -0.0064 -0.0062 0.0005 0.0313 0.4140 0.3836
1494720000.0000 11550.0000 -0.5374 0.3771 0.0479 0.6680 125.0578 0.0311 0.0191 0.0125 -0.0091 0.0015 -0.0048 0.0314 0.2197 0.1970
1494720000.0000 11850.0000 -0.9403 0.5226 0.0389 1.1255 119.0615 0.1901 0.1459 0.0462 -0.0446 -0.0329 0.0376 0.1911 0.3316 0.3111
1494720000.0000 12150.0000 -0.9531 0.7317 0.1119 1.2295 127.5121 0.0704 0.0882 0.0702 -0.0110 -0.0072 -0.0126 0.1144 0.2288 0.1914
1494720000.0000 12450.0000 -1.2555 0.7260 0.1234 1.4710 120.0411 0.1099 0.0904 0.0459 -0.0454 -0.0163 -0.0048 0.1231 0.1968 0.1782
1494720000.0000 12750.0000 -0.6681 0.7377 0.1716 1.0548 137.8358 0.1756 0.1103 0.0387 -0.0547 0.0093 -0.0166 0.1623 0.3257 0.3102
1494720000.0000 13050.0000 -0.6013 0.5520 -0.0157 0.9003 132.5509 0.2739 0.1584 0.1112 -0.1199 0.0828 -0.0357 0.2718 0.5214 0.4650
1494720000.0000 13350.0000 -0.4984 0.2081 -0.0255 0.5781 112.6622 0.0421 0.0563 0.0387 -0.0116 -0.0056 0.0065 0.0685 0.3953 0.3352
1494720000.0000 13650.0000 -0.4346 0.3475 -0.0061 0.5789 128.6480 0.0422 0.0672 0.0076 -0.0370 0.0019 -0.0011 0.0585 0.3550 0.3432
1494720000.0000 13950.0000 -0.4289 0.3592 0.0546 0.5887 129.9486 0.0275 0.0254 0.0143 0.0038 -0.0003 0.0007 0.0336 0.2663 0.2374
1494720000.0000 14250.0000 -0.8522 0.4751 -0.0251 0.9972 119.1378 0.0559 0.0609 0.0279 -0.0239 0.0029 0.0108 0.0723 0.2250 0.2022
1494720000.0000 14550.0000 -0.9471 0.6191 0.0347 1.1479 123.1733 0.0549 0.0677 0.0288 -0.0314 -0.0116 0.0126 0.0757 0.1985 0.1787
1494720000.0000 14850.0000 -0.4643 0.3980 0.0652 0.6213 130.6047 0.0201 0.0128 0.0099 -0.0041 -0.0025 0.0022 0.0214 0.1941 0.1712
1494720000.0000 15150.0000 -0.5444 0.2652 0.0719 0.6281 115.9701 0.0457 0.0355 0.0210 -0.0146 0.0080 -0.0003 0.0511 0.3027 0.2717
1494720000.0000 15450.0000 -0.7325 0.4996 0.0131 0.9020 124.2983 0.0219 0.0313 0.0253 -0.0019 0.0025 0.0019 0.0392 0.1824 0.1502
1494720000.0000 15750.0000 -0.6573 0.3027 -0.0323 0.7488 114.7308 0.0560 0.0491 0.0174 -0.0253 -0.0126 0.0076 0.0613 0.2790 0.2587
1494720000.0000 16050.0000 -0.4673 0.4504 0.0676 0.7459 133.9473 0.1150 0.1031 0.0400 -0.0543 -0.0252 0.0097 0.1290 0.4494 0.4154
1494720000.0000 16350.0000 -0.0428 -0.2932 -0.0162 0.4247 8.2974 0.0791 0.0509 0.0280 -0.0014 0.0150 0.0060 0.0790 0.7735 0.7027
1494720000.0000 16650.0000 -0.4286 0.3370 0.1017 0.6717 128.1794 0.1007 0.1771 0.0785 -0.0351 0.0040 -0.0362 0.1782 0.6214 0.5582
1494720000.0000 16950.0000 -0.7736 0.5497 0.1686 0.9863 125.3966 0.0794 0.0922 0.0254 -0.0196 0.0161 0.0047 0.0985 0.2659 0.2520
1494720000.0000 17250.0000 -0.9175 0.3900 0.0824 1.0228 113.0313 0.0889 0.0825 0.0288 -0.0525 0.0107 -0.0090 0.1001 0.2582 0.2397
1494720000.0000 17550.0000 -0.8348 0.4593 0.0767 0.9938 118.8212 0.2896 0.0570 0.0585 -0.0698 0.0623 -0.0235 0.2026 0.3845 0.3568
1494720000.0000 17850.0000 -0.7556 0.6445 0.1371 1.0513 130.4627 0.2547 0.1008 0.0260 -0.0917 0.0144 -0.0003 0.1908 0.3557 0.3466
1494720000.0000 18150.0000 -0.7183 0.3607 0.0108 0.8768 116.6622 0.2209 0.0611 0.0270 0.0159 0.0290 0.0006 0.1545 0.3993 0.3815
1494720000.0000 18450.0000 -1.1419 0.5023 0.0356 1.2850 113.7436 0.0549 0.1119 0.0355 -0.0133 0.0144 0.0140 0.1012 0.2081 0.1890
1494720000.0000 18750.0000 -0.6786 0.7403 0.2090 1.0502 137.4920 0.1067 0.0835 0.0559 0.0093 0.0482 -0.0069 0.1230 0.2792 0.2507
1494720000.0000 19050.0000 -0.9401 0.8800 0.1541 1.3089 133.1085 0.0844 0.0722 0.0308 -0.0279 -0.0032 0.0041 0.0937 0.1927 0.1774
1494720000.0000 19350.0000 -0.7886 0.9556 0.2362 1.2637 140.4688 0.0591 0.1093 0.0356 -0.0209 0.0049 0.0030 0.1020 0.2067 0.1912
1494720000.0000 19650.0000 -0.7784 0.7010 0.1683 1.0731 132.0062 0.1006 0.1005 0.0357 -0.0428 -0.0110 0.0079 0.1184 0.2648 0.2471
1494720000.0000 19950.0000 -0.8273 0.9158 0.2436 1.2654 137.9058 0.1074 0.1029 0.0561 -0.0327 -0.0072 0.0268 0.1332 0.2369 0.2145
1494720000.0000 20250.0000 -0.8563 0.3863 0.1351 0.9830 114.2831 0.1195 0.0778 0.0671 -0.0067 0.0403 0.0269 0.1322 0.3128 0.2730
1494720000.0000 20550.0000 -0.8755 0.0572 -0.0405 0.9363 93.7360 0.0424 0.1088 0.0220 0.0075 0.0177 -0.0011 0.0866 0.2735 0.2559
1494720000.0000 20850.0000 -0.7572 0.5348 0.0660 0.9453 125.2308 0.1034 0.0219 0.0256 -0.0168 0.0307 -0.0021 0.0755 0.2413 0.2205
1494720000.0000 21150.0000 -1.1029 0.2544 -0.1006 1.1577 102.9872 0.0704 0.0546 0.0473 -0.0010 0.0193 0.0034 0.0862 0.2109 0.1804
1494720000.0000 21450.0000 -1.3104 0.4331 -0.1391 1.4207 108.2891 0.2101 0.1561 0.0252 -0.0702 -0.0062 0.0055 0.1957 0.2604 0.2531
1494720000.0000 21750.0000 -1.3846 0.8363 0.0633 1.6508 121.1310 0.1544 0.1617 0.0540 -0.0663 0.0099 0.0254 0.1851 0.2170 0.2007
1494720000.0000 22050.0000 -1.4226 0.6911 -0.0326 1.6119 115.9112 0.1441 0.1173 0.0680 -0.0420 0.0394 0.0068 0.1647 0.2095 0.1866
1494720000.0000 22350.0000 -1.1865 0.8083 0.1423 1.4725 124.2655 0.1138 0.1370 0.0462 -0.0282 0.0249 0.0155 0.1485 0.2181 0.2014
1494720000.0000 22650.0000 -1.3082 0.7319 0.0108 1.5476 119.2268 0.1450 0.1240 0.0869 0.0243 0.0668 0.0058 0.1780 0.2298 0.1997
1494720000.0000 22950.0000 -0.6832 0.9257 0.2399 1.1697 143.5708 0.0523 0.0669 0.0460 -0.0170 0.0166 0.0062 0.0826 0.1997 0.1733
1494720000.0000 23250.0000 -1.2573 0.5864 0.1009 1.4454 115.0031 0.3122 0.1643 0.0714 -0.0742 0.0640 -0.0146 0.2739 0.3072 0.2872
1494720000.0000 23550.0000 -0.8405 0.6913 0.1363 1.1310 129.4358 0.1615 0.1066 0.0456 -0.0313 0.0269 -0.0117 0.1568 0.2948 0.2747
1494720000.0000 23850.0000 -0.7042 0.8706 0.2171 1.1540 141.0323 0.0719 0.0828 0.0501 -0.0002 0.0292 0.0238 0.1024 0.2291 0.2028
1494720000.0000 24150.0000 -0.5708 1.0043 0.2243 1.1895 150.3902 0.0817 0.1089 0.0746 -0.0209 0.0244 -0.0026 0.1326 0.2527 0.2182
1494720000.0000 24450.0000 -0.2775 0.9914 0.3024 1.0622 164.3610 0.0594 0.1010 0.0564 0.0054 0.0148 0.0075 0.1084 0.2505 0.2246
1494720000.0000 24750.0000 -0.6541 0.8285 0.1458 1.1041 141.7099 0.0507 0.1795 0.0818 -0.0013 0.0228 0.0501 0.1560 0.3026 0.2624
1494720000.0000 25050.0000 -1.4075 0.7967 0.0452 1.6383 119.5118 0.0813 0.0971 0.0482 -0.0283 0.0077 0.0070 0.1133 0.1699 0.1508
1494720000.0000 25350.0000 -1.4611 1.2740 0.3565 1.9817 131.0864 0.1774 0.2614 0.1440 -0.0617 0.0516 0.0622 0.2914 0.2236 0.1973
1494720000.0000 25650.0000 -1.0427 1.2371 0.2892 1.6328 139.8719 0.0631 0.0796 0.0675 -0.0242 0.0000 0.0215 0.1051 0.1610 0.1348
1494720000.0000 25950.0000 -1.1841 0.8953 0.2035 1.5392 127.0913 0.1364 0.1983 0.1039 -0.0195 0.0515 -0.0146 0.2193 0.2552 0.2250
1494720000.0000 26250.0000 -1.2443 1.2288 0.3436 1.7827 134.6400 0.2023 0.1679 0.0812 -0.0749 0.0319 0.0013 0.2257 0.2177 0.2009
1494720000.0000 26550.0000 -0.8865 1.0157 0.2844 1.3783 138.8855 0.0636 0.0879 0.0726 0.0068 0.0167 0.0104 0.1120 0.1983 0.1667
1494720000.0000 26850.0000 -0.8443 0.8912 0.2415 1.2660 136.5497 0.1820 0.0964 0.0920 -0.0575 0.0286 -0.0110 0.1853 0.2809 0.2482
1494720000.0000 27150.0000 -1.1461 0.7170 0.1314 1.3871 122.0313 0.1229 0.0941 0.0683 -0.0071 0.0543 0.0174 0.1427 0.2271 0.1990
1494720000.0000 27450.0000 -1.5267 0.6623 -0.0371 1.7023 113.4516 0.1327 0.1213 0.0775 0.0068 0.0524 0.0164 0.1657 0.1997 0.1748
1494720000.0000 27750.0000 -1.4204 0.4654 -0.0189 1.5328 108.1403 0.1398 0.1313 0.0739 -0.0281 0.0278 -0.0164 0.1725 0.2268 0.2011
1494720000.0000 28050.0000 -1.6076 0.4348 -0.1065 1.7028 105.1353 0.1547 0.1210 0.0819 0.0088 0.0523 0.0248 0.1788 0.2069 0.1820
1494720000.0000 28350.0000 -1.3233 0.3487 -0.0105 1.4455 104.7628 0.2170 0.1854 0.0928 0.0060 0.0812 0.0446 0.2476 0.2969 0.2676
1494720000.0000 28650.0000 -1.7828 -0.6931 -0.5014 1.9746 68.7561 0.3551 0.1733 0.1300 -0.0334 0.0872 0.0344 0.3292 0.2369 0.2194
1494720000.0000 28950.0000 -1.8492 -0.3582 -0.4257 1.9248 79.0378 0.2765 0.1384 0.0932 -0.0338 0.0499 0.0119 0.2540 0.2131 0.1974
1494720000.0000 29250.0000 -1.7650 -0.7787 -0.5269 1.9969 66.1924 0.2545 0.2441 0.1301 -0.0008 0.0782 0.0747 0.3143 0.2289 0.2113
1494720000.0000 29550.0000 -1.5756 -1.1748 -0.5592 2.0675 53.2926 0.2525 0.4681 0.1622 0.0055 0.0749 0.1274 0.4414 0.2655 0.2494
1494720000.0000 29850.0000 -1.8992 -0.3537 -0.4848 1.9734 79.4496 0.2964 0.1331 0.0940 -0.0319 0.0872 -0.0109 0.2617 0.2097 0.1959
1494720000.0000 30150.0000 -1.6651 -0.1884 -0.4205 1.7724 83.5442 0.3404 0.2696 0.1120 -0.0143 0.0858 0.0670 0.3610 0.2840 0.2691
1494720000.0000 30450.0000 -1.6205 -0.0279 -0.2463 1.7326 89.0132 0.2189 0.3860 0.1710 0.0332 0.0887 0.0632 0.3880 0.3102 0.2771
1494720000.0000 30750.0000 -1.2126 -0.0808 -0.1693 1.3972 86.1892 0.2536 0.4110 0.1531 -0.0946 0.0802 0.0721 0.4088 0.4255 0.3873
1494720000.0000 31050.0000 -1.6047 1.0999 0.2640 2.0019 124.4266 0.2173 0.3258 0.1190 -0.1101 0.0546 0.0162 0.3311 0.2393 0.2187
1494720000.0000 31350.0000 -1.5787 1.2285 0.2332 2.0262 127.8889 0.1813 0.1314 0.1493 -0.0497 0.0636 0.0110 0.2310 0.1948 0.1614
1494720000.0000 31650.0000 -1.4467 1.3709 0.4193 2.0331 133.4587 0.2043 0.1592 0.1230 -0.0168 0.0617 0.0407 0.2432 0.1977 0.1746
1494720000.0000 31950.0000 -0.7092 0.7228 0.1530 1.0477 135.5446 0.1126 0.0662 0.1075 -0.0215 0.0445 0.0155 0.1431 0.3016 0.2411
1494720000.0000 32250.0000 -0.1939 0.5900 0.2588 0.7085 161.8032 0.1475 0.1921 0.0633 -0.0982 0.0082 -0.0009 0.2015 0.5448 0.5418
1494720000.0000 32550.0000 -0.0269 0.4205 0.0312 0.6729 176.3371 0.1910 0.1726 0.1574 -0.0012 0.0235 0.0124 0.2605 0.9864 0.8262
1494720000.0000 32850.0000 0.3739 0.1902 0.2076 0.5936 243.0379 0.1989 0.0718 0.0835 0.0554 -0.0135 -0.0021 0.1771 0.7341 0.7160
1494720000.0000 33150.0000 1.1603 -0.3837 0.0448 1.3120 288.2982 0.1335 0.2512 0.0985 -0.0354 -0.0307 0.0916 0.2416 0.3282 0.2930
1494720000.0000 33450.0000 1.1256 -0.7328 -0.1612 1.3967 303.0664 0.1047 0.1842 0.1089 -0.0294 -0.0230 0.0854 0.1989 0.2692 0.2311
1494720000.0000 33750.0000 1.0671 -0.9820 -0.2292 1.5056 312.6237 0.1399 0.1931 0.0918 -0.0079 -0.0023 0.0755 0.2124 0.2563 0.2297
1494720000.0000 34050.0000 0.4939 -0.8956 -0.2506 1.0697 331.1259 0.1053 0.1316 0.1177 -0.0174 -0.0140 0.0729 0.1773 0.3265 0.2748
1494720000.0000 34350.0000 1.0473 -0.3030 -0.0406 1.1830 286.1367 0.3977 0.1252 0.1052 -0.0496 -0.0287 0.0341 0.3141 0.4194 0.3829
1494720000.0000 34650.0000 -0.1662 0.2506 -0.0474 0.4260 146.4568 0.0905 0.0526 0.0811 0.0217 0.0405 0.0052 0.1121 0.8980 0.7263
1494720000.0000 34950.0000 -0.7737 0.2743 -0.0414 0.9260 109.5232 0.3438 0.1119 0.1209 -0.0522 -0.0352 0.0226 0.2883 0.5334 0.4748
1494720000.0000 35250.0000 -0.8523 0.0541 -0.1423 0.9172 93.6346 0.1543 0.0999 0.0933 -0.0195 0.0632 -0.0078 0.1737 0.3931 0.3409
1494720000.0000 35550.0000 -0.5468 0.3410 0.0810 0.7853 121.9450 0.1889 0.0824 0.1844 0.0591 0.1201 0.0711 0.2278 0.6001 0.4667
1494720000.0000 35850.0000 -0.6032 0.5981 -0.0298 0.9259 134.7565 0.1320 0.2018 0.1133 -0.0297 0.0575 -0.0109 0.2235 0.4542 0.3927
1494720000.0000 36150.0000 -0.7096 0.5951 0.0154 1.0510 129.9831 0.2562 0.1840 0.1459 -0.0312 0.0617 -0.0070 0.2930 0.4772 0.4136
1494720000.0000 36450.0000 -1.3359 1.4315 0.3712 2.0072 136.9782 0.4029 0.2738 0.2049 -0.1563 0.0742 0.0040 0.4408 0.2720 0.2426
1494720000.0000 36750.0000 -2.0330 0.8865 0.0283 2.3144 113.5600 0.2572 0.4404 0.1955 0.0315 0.0526 -0.0048 0.4465 0.2460 0.2174
1494720000.0000 37050.0000 -1.9530 0.9485 -0.0026 2.2870 115.9032 0.6932 0.2702 0.2084 0.1421 0.1532 0.0704 0.5859 0.2879 0.2610
1494720000.0000 37350.0000 -1.3233 0.5169 -0.1554 1.5344 111.3364 0.5326 0.3466 0.1945 -0.1992 0.1044 0.0245 0.5368 0.4186 0.3811
1494720000.0000 37650.0000 0.4806 0.6712 0.1416 1.1047 215.5996 0.3629 0.3782 0.2239 -0.0971 0.0334 0.0484 0.4825 0.6771 0.6021
1494720000.0000 37950.0000 1.1813 -0.3602 -0.0105 1.2937 286.9563 0.1423 0.1222 0.1278 0.0104 -0.0048 0.0184 0.1962 0.2928 0.2404
1494720000.0000 38250.0000 1.3141 -0.5380 -0.0497 1.4833 292.2650 0.2155 0.1625 0.1240 0.0037 -0.0125 0.0761 0.2510 0.2879 0.2500
1494720000.0000 38550.0000 2.0416 0.3309 0.2940 2.1073 260.7934 0.1926 0.1452 0.0736 -0.0336 -0.0152 -0.0226 0.2057 0.1773 0.1622
1494720000.0000 38850.0000 0.5172 0.1326 0.0715 0.7957 255.6242 0.3477 0.3146 0.0762 0.2546 0.0418 0.0464 0.3693 0.9211 0.8800
1494720000.0000 39150.0000 -0.4102 -0.4195 -0.1978 0.8270 44.3566 0.3656 0.1086 0.1188 -0.0869 0.0379 0.0236 0.2965 0.7180 0.6776
1494720000.0000 39450.0000 -0.7059 0.8014 0.1515 1.2807 138.6268 0.2352 0.6716 0.2502 -0.0646 0.0031 0.2274 0.5785 0.5757 0.5148
1494720000.0000 39750.0000 -0.3456 1.1011 0.3452 1.3212 162.5732 0.3656 0.6527 0.3235 -0.1797 0.0034 0.2796 0.6709 0.5552 0.5049
1494720000.0000 40050.0000 -0.5704 -0.7676 -0.3312 1.5869 36.6161 1.0632 0.8590 0.3855 -0.2709 0.0505 0.4119 1.1538 0.8666 0.8370
1494720000.0000 40350.0000 -0.6790 1.0006 0.3093 1.9035 145.8376 1.7080 1.5002 0.2174 -1.2074 -0.1016 0.3019 1.7128 0.8561 0.8552
1494720000.0000 40650.0000 -1.2759 0.9252 0.2841 1.7916 125.9466 0.1846 0.9995 0.2611 -0.1382 0.0147 0.2847 0.7226 0.4334 0.3986
1494720000.0000 40950.0000 -2.0638 1.2627 0.2789 2.5158 121.4586 0.5325 0.4695 0.2519 -0.1070 0.1402 0.0691 0.6270 0.2655 0.2389
1494720000.0000 41250.0000 0.1106 0.6585 0.2806 0.9012 189.5323 0.3154 0.2695 0.1492 -0.1488 0.0126 0.0517 0.3670 0.6830 0.6613
1494720000.0000 41550.0000 0.3450 0.4793 0.2215 0.7566 215.7474 0.2139 0.1299 0.0984 -0.0687 -0.0062 0.0115 0.2211 0.6086 0.5731
1494720000.0000 41850.0000 0.6738 0.3462 0.1562 0.9177 242.8085 0.2956 0.2487 0.1833 0.1244 0.0854 0.0536 0.3638 0.6367 0.5623
1494720000.0000 42150.0000 -0.4592 0.6412 0.1985 1.3017 144.3926 1.2809 0.7619 0.2441 -0.6960 -0.1210 0.2164 1.1434 1.0735 1.0463
1494720000.0000 42450.0000 -1.2363 -0.6033 -0.3799 1.5802 63.9885 0.3591 0.5183 0.2264 -0.1178 0.0216 0.1175 0.5519 0.4250 0.3931
1494720000.0000 42750.0000 -1.2448 -0.1257 -0.1333 1.4923 84.2346 0.4693 0.5765 0.2226 -0.1532 0.0329 0.1272 0.6342 0.5168 0.4719
1494720000.0000 43050.0000 -0.2140 -0.5764 -0.3276 0.9258 20.3712 0.2613 0.4184 0.1220 -0.0018 0.0064 0.1232 0.4009 0.7420 0.7741
1494720000.0000 43350.0000 0.2241 -0.5065 -0.3620 0.6758 336.1338 0.0764 0.1802 0.0430 0.0127 -0.0226 -0.0010 0.1498 0.4776 0.5280
1494720000.0000 43650.0000 0.8098 -0.7916 -0.3431 1.1714 314.3472 0.1445 0.0762 0.0575 -0.0148 0.0074 -0.0043 0.1391 0.2574 0.2395
1494720000.0000 43950.0000 0.2206 0.0674 -0.1070 0.5251 253.0011 0.1971 0.1285 0.1268 -0.0222 0.0168 0.0200 0.2262 1.5268 1.4279
1494720000.0000 44250.0000 -1.0686 1.5071 0.5701 2.0354 144.6624 0.9906 0.9169 0.4189 -0.3990 0.0610 0.3401 1.1632 0.4555 0.4316
1494720000.0000 44550.0000 -0.6217 0.5325 0.2071 1.0188 130.5792 0.4226 0.2603 0.2091 -0.0369 0.1206 0.0979 0.4460 0.6458 0.5829
1494720000.0000 44850.0000 -1.0842 1.1025 0.2005 1.6458 135.4807 0.5471 0.6065 0.2122 -0.3369 -0.0916 0.1614 0.6829 0.4327 0.4010
1494720000.0000 45150.0000 -0.9525 -0.5317 -0.3653 1.3865 60.8299 0.5081 0.6853 0.1989 0.2587 0.1905 0.2236 0.6961 0.5922 0.5782
1494720000.0000 45450.0000 0.4665 0.0648 -0.0400 1.0342 262.0971 0.5735 0.5628 0.3967 0.3767 0.3300 0.3727 0.7665 1.5124 1.3068
1494720000.0000 45750.0000 -0.4888 2.1710 0.8110 2.4474 167.3118 1.1114 1.1495 0.3163 -0.2578 0.0605 0.1530 1.2886 0.3913 0.3901
1494720000.0000 46050.0000 -0.0218 1.8488 0.5614 2.2369 179.3255 1.7052 0.3155 0.2287 -0.0946 0.1389 0.0280 1.1247 0.4481 0.4439
1494720000.0000 46350.0000 -1.4146 1.2827 0.3556 1.9504 132.2021 0.4256 0.3923 0.1561 -0.2668 -0.0370 0.0638 0.4870 0.2933 0.2734
1494720000.0000 46650.0000 -0.9394 1.1546 0.4868 1.5659 140.8691 0.3671 0.5053 0.2155 -0.1787 -0.0034 0.0963 0.5439 0.3845 0.3623
1494720000.0000 46950.0000 -0.6888 1.9216 0.5244 2.1720 160.2797 0.4965 0.6183 0.1777 -0.0063 0.0110 0.1393 0.6462 0.3114 0.2986
1494720000.0000 47250.0000 -0.9954 1.7929 0.6006 2.1341 150.9610 0.3019 0.4849 0.1920 -0.0068 0.0421 0.1047 0.4894 0.2673 0.2497
1494720000.0000 47550.0000 -0.7271 1.4408 0.4185 1.8076 153.2220 0.4556 0.6710 0.2147 0.0800 0.1476 0.1430 0.6706 0.4011 0.3797
1494720000.0000 47850.0000 -0.4771 -0.1561 -0.0127 0.9655 71.8795 0.4814 0.4075 0.1973 -0.1661 0.1215 0.0177 0.5431 1.1982 1.0843
1494720000.0000 48150.0000 0.8192 -0.0911 0.2735 1.0532 276.3487 0.3025 0.4264 0.1984 0.0494 0.0423 0.1291 0.4637 0.6402 0.5980
1494720000.0000 48450.0000 0.2754 1.3316 0.4189 1.4584 191.6860 0.3036 0.1730 0.1808 0.0432 -0.0315 0.0343 0.3287 0.3290 0.2931
1494720000.0000 48750.0000 0.7832 1.7726 0.7052 2.3375 203.8381 1.3111 0.9667 0.4764 -0.5528 -0.2832 0.2900 1.3771 0.4646 0.4496
1494720000.0000 49050.0000 0.7330 1.0827 0.3869 1.5598 214.0989 0.6022 0.5709 0.2868 -0.2812 -0.1504 0.1322 0.7300 0.5116 0.4783
1494720000.0000 49350.0000 1.3784 0.6075 0.5005 1.7106 246.2155 0.9502 0.3732 0.2267 -0.1516 -0.0834 0.0685 0.7750 0.4528 0.4409
1494720000.0000 49650.0000 -0.5203 0.8727 0.1831 1.6548 149.1969 1.4314 0.9034 0.2920 -0.2795 0.1580 0.2238 1.3134 0.9064 0.8683
1494720000.0000 49950.0000 -0.7143 1.4367 0.3121 1.7776 153.5656 0.6875 0.3492 0.3698 -0.0823 0.1284 0.1866 0.7033 0.4189 0.3664
1494720000.0000 50250.0000 -1.2549 1.5199 0.4564 2.0427 140.4548 0.5854 0.4594 0.1607 -0.3046 -0.0250 0.0220 0.6027 0.3133 0.2994
1494720000.0000 50550.0000 -0.6959 0.9193 0.1216 1.2683 142.8733 0.3089 0.2671 0.1974 -0.0581 -0.0649 0.0340 0.3867 0.4380 0.3801
1494720000.0000 50850.0000 -1.3427 1.5337 0.3637 2.1013 138.7985 0.1718 0.3467 0.1466 0.0139 0.0060 0.0224 0.3326 0.2274 0.2040
1494720000.0000 51150.0000 -0.1589 0.4963 0.1989 1.0782 162.2504 0.8760 0.4100 0.0825 -0.4973 -0.0528 0.0275 0.6843 1.2108 1.2563
1494720000.0000 51450.0000 -0.7993 1.0131 0.4060 1.4853 141.7289 0.5020 0.4028 0.2323 0.0417 0.1616 0.1566 0.5685 0.4551 0.4256
1494720000.0000 51750.0000 -0.7984 1.3527 0.3646 1.7273 149.4507 0.4853 0.3640 0.1381 0.0208 0.0463 0.0015 0.4937 0.3558 0.3387
1494720000.0000 52050.0000 -1.8558 0.9776 0.1079 2.1333 117.7796 0.2029 0.2248 0.1609 -0.1011 0.0402 0.0350 0.2943 0.2109 0.1800
1494720000.0000 52350.0000 -1.3666 0.7629 0.0753 1.6355 119.1726 0.2027 0.2946 0.1696 -0.0962 0.0305 0.0213 0.3335 0.3009 0.2601
1494720000.0000 52650.0000 -1.5607 1.2233 0.2191 2.1434 128.0907 0.7473 0.9526 0.1738 -0.5659 -0.0979 0.2054 0.9368 0.3961 0.3796
1494720000.0000 52950.0000 -1.6250 1.6502 0.4521 2.3582 135.4407 0.5892 0.2901 0.0855 -0.2345 -0.0034 0.0289 0.4824 0.2403 0.2338
1494720000.0000 53250.0000 -1.4524 1.3226 0.3968 2.0274 132.3219 0.6613 0.3838 0.1168 -0.2719 0.0402 0.0014 0.5809 0.3105 0.3005
1494720000.0000 53550.0000 -1.1674 0.6652 0.1133 1.4257 119.6749 0.4823 0.3414 0.0846 -0.3013 0.0408 0.0171 0.4541 0.4081 0.3900
1494720000.0000 53850.0000 -1.9976 2.2247 0.5703 3.2633 138.0780 1.3065 1.2856 0.5675 0.1462 0.3172 0.4592 1.5798 0.3372 0.3109
1494720000.0000 54150.0000 -0.2134 1.4893 0.6324 1.7111 171.8452 0.8070 0.6025 0.2205 0.0385 0.1685 0.1413 0.8149 0.4516 0.4556
1494720000.0000 54450.0000 -0.8616 1.1225 0.3188 1.4910 142.4931 0.2800 0.2432 0.1618 -0.0483 0.0343 -0.0091 0.3425 0.3294 0.2951
1494720000.0000 54750.0000 -0.5008 1.4878 0.3897 1.8867 161.3960 0.9682 0.5983 0.2140 -0.5620 -0.1335 0.1311 0.8902 0.4763 0.4603
1494720000.0000 55050.0000 1.2006 -0.1494 0.0298 1.4773 277.0916 0.5010 0.5961 0.1752 -0.0618 -0.0052 0.1059 0.6362 0.5381 0.4998
1494720000.0000 55350.0000 -0.3378 -0.1505 -0.1822 1.0473 65.9804 0.3992 0.6940 0.1300 -0.0344 0.0126 0.0823 0.6116 1.5491 1.6325
1494720000.0000 55650.0000 0.7762 -0.0739 0.0198 1.1522 275.4357 0.9263 0.3391 0.1832 0.1301 0.1150 0.1347 0.7243 0.8909 0.8329
1494720000.0000 55950.0000 0.1860 1.1828 0.5846 1.3804 188.9353 0.5504 0.1544 0.0835 -0.0931 -0.0314 0.0215 0.3941 0.3847 0.4048
1494720000.0000 56250.0000 0.4511 0.4099 0.3463 0.8584 227.7369 0.1767 0.3469 0.2183 -0.0140 0.0089 0.1315 0.3709 0.7093 0.6853
1494720000.0000 56550.0000 0.9554 -0.2788 0.0841 1.1464 286.2700 0.6361 0.3119 0.1515 -0.1212 -0.0981 0.1405 0.5497 0.6061 0.5648
1494720000.0000 56850.0000 2.6812 -1.4435 -0.3561 3.1510 298.2972 1.1743 0.6726 0.2732 -0.1670 -0.0895 0.1620 1.0601 0.2742 0.2577
1494720000.0000 57150.0000 0.9182 -0.5937 -0.0290 1.3087 302.8852 0.5030 0.4951 0.1649 -0.0150 0.0159 0.2027 0.5815 0.5693 0.5275
1494720000.0000 57450.0000 1.4430 -0.5774 -0.1233 1.6881 291.8091 0.7717 0.4381 0.1460 -0.0640 0.0259 0.1218 0.6778 0.4312 0.4086
1494720000.0000 57750.0000 1.4119 -0.3605 -0.0292 1.5687 284.3249 1.0422 0.2527 0.1589 -0.0087 0.0751 0.0507 0.7269 0.4776 0.4509
1494720000.0000 58050.0000 1.9776 -0.5139 -0.0367 2.1562 284.5669 0.3427 0.4470 0.2212 0.0583 -0.0021 0.2079 0.5055 0.2841 0.2511
1494720000.0000 58350.0000 1.3979 -0.4681 -0.1009 1.6736 288.5151 0.2646 0.6370 0.1647 -0.0149 -0.0018 0.2277 0.5332 0.4035 0.3719
1494720000.0000 58650.0000 2.3006 -0.5762 -0.0490 2.5759 284.0616 0.9452 0.6885 0.2546 0.3975 0.1221 0.2046 0.9441 0.3344 0.3111
1494720000.0000 58950.0000 1.3596 0.3069 0.2942 1.5172 257.2790 0.4527 0.4122 0.2661 0.1308 0.0907 0.1384 0.5655 0.4310 0.3852
1494720000.0000 59250.0000 1.7290 0.7906 0.6370 2.0432 245.4279 0.5681 0.6228 0.2151 0.2135 0.0442 0.1248 0.7030 0.3414 0.3314
1494720000.0000 59550.0000 1.6995 -0.0424 0.1892 1.7677 271.4276 0.5336 0.2289 0.1668 -0.0154 -0.0345 0.0677 0.4647 0.3254 0.2965
1494720000.0000 59850.0000 2.0209 0.0460 0.3439 2.2348 268.6957 0.5706 0.8489 0.3526 -0.1703 -0.1243 0.4045 0.8860 0.3748 0.3403
1494720000.0000 60150.0000 1.9078 -0.5265 0.0295 2.0837 285.4284 0.4749 0.3229 0.1952 0.0910 0.0296 0.1175 0.4965 0.2907 0.2606
1494720000.0000 60450.0000 2.2776 -0.3876 -0.0118 2.3937 279.6579 0.6871 0.3477 0.1928 0.0981 -0.0020 0.0917 0.6138 0.2769 0.2542
1494720000.0000 60750.0000 1.8676 -0.2718 0.0350 2.0431 278.2810 0.7019 0.5619 0.1933 -0.2759 -0.0819 0.1586 0.7286 0.3692 0.3439
1494720000.0000 61050.0000 1.5545 0.1868 0.4011 1.6291 263.1488 0.3278 0.1823 0.0932 0.1050 0.0037 0.0350 0.3017 0.2775 0.2634
1494720000.0000 61350.0000 1.1357 -0.1675 0.1013 1.2113 278.3910 0.3750 0.1423 0.0752 -0.0775 -0.0640 0.0333 0.2962 0.3856 0.3617
1494720000.0000 61650.0000 1.7158 -0.6939 -0.1162 1.8965 292.0182 0.2516 0.1747 0.1098 -0.0312 -0.0468 0.0542 0.2680 0.2279 0.2037
1494720000.0000 61950.0000 1.9300 -0.5782 -0.2094 2.1165 286.6778 0.3871 0.3590 0.1615 0.1023 0.0406 0.1144 0.4538 0.2716 0.2475
1494720000.0000 62250.0000 1.8078 -1.0834 -0.2892 2.2818 300.9337 0.8316 0.7539 0.2096 -0.2624 -0.0245 0.0966 0.8976 0.3636 0.3449
1494720000.0000 62550.0000 2.3743 -1.0708 -0.2140 2.6977 294.2756 1.1852 0.4739 0.2330 -0.2234 -0.0424 0.1267 0.9461 0.3039 0.2855
1494720000.0000 62850.0000 0.7949 -0.3930 0.0133 1.0554 296.3050 0.3128 0.3364 0.1631 -0.0975 -0.0133 0.1299 0.4061 0.5868 0.5246
1494720000.0000 63150.0000 0.4342 -0.0931 0.1546 0.8368 282.0981 0.3015 0.4545 0.1368 -0.0276 -0.0129 0.1182 0.4464 1.1603 1.1305
1494720000.0000 63450.0000 0.3446 0.3546 0.1387 1.3600 224.1774 1.2149 0.7721 0.2393 -0.6817 -0.2301 0.1053 1.1132 1.6775 1.6459
1494720000.0000 63750.0000 0.1620 0.5536 0.1248 1.0352 196.3108 0.7424 0.1967 0.1516 -0.0700 -0.1299 0.0027 0.5454 1.0218 0.9700
1494720000.0000 64050.0000 -0.4028 0.3138 0.1902 1.0296 127.9184 0.7978 0.3379 0.2033 -0.1974 -0.0058 0.0056 0.6695 1.2260 1.2050
1494720000.0000 64350.0000 1.2324 0.4667 0.3369 1.3534 249.2579 0.2408 0.0818 0.0957 0.0323 -0.0037 0.0111 0.2091 0.2745 0.2488
1494720000.0000 64650.0000 -0.0231 1.0142 0.2941 1.2997 178.6933 0.6242 0.2557 0.2204 -0.1804 -0.2186 0.1330 0.5502 0.5734 0.5339
1494720000.0000 64950.0000 0.2682 0.3452 -0.0001 0.7279 217.8399 0.2799 0.1667 0.0999 -0.1302 -0.0993 0.0556 0.2733 0.9764 0.8826
1494720000.0000 65250.0000 0.0300 0.7619 0.3372 1.0111 182.2555 0.4283 0.3542 0.1017 -0.1794 -0.0982 0.1206 0.4421 0.6512 0.6698
1494720000.0000 65550.0000 1.4777 0.1367 0.2243 1.5463 264.7141 0.2487 0.1634 0.0678 -0.1137 -0.0355 0.0493 0.2400 0.2665 0.2497
1494720000.0000 65850.0000 1.3700 -0.8249 -0.2288 1.6262 301.0532 0.1706 0.1192 0.0408 -0.0488 -0.0129 0.0092 0.1653 0.2055 0.1944
1494720000.0000 66150.0000 1.7689 -0.9656 -0.1714 2.0942 298.6302 0.3616 0.2822 0.1497 0.0078 -0.0155 0.0707 0.3967 0.2543 0.2299
1494720000.0000 66450.0000 1.8063 -0.2972 -0.0112 1.8830 279.3433 0.4669 0.1629 0.1273 -0.0223 -0.0013 0.0634 0.3785 0.2744 0.2503
1494720000.0000 66750.0000 1.5380 -0.7680 -0.1825 1.7777 296.5369 0.3746 0.1262 0.0561 0.0228 0.0187 0.0096 0.2785 0.2492 0.2377
1494720000.0000 67050.0000 0.8776 -0.2946 0.0105 0.9734 288.5563 0.1401 0.0908 0.0590 -0.0212 -0.0376 0.0208 0.1449 0.3357 0.2997
1494720000.0000 67350.0000 1.7974 -0.3322 0.0232 1.9269 280.4709 0.1521 0.3742 0.1278 -0.0112 -0.0129 0.1380 0.3270 0.2554 0.2291
1494720000.0000 67650.0000 2.0434 -0.3606 0.1140 2.1115 280.0068 0.6202 0.1390 0.0959 -0.0488 -0.0484 0.0344 0.4276 0.2569 0.2424
1494720000.0000 67950.0000 1.6067 -0.4414 0.0631 1.7090 285.3609 0.2417 0.1366 0.0726 -0.0050 -0.0306 0.0422 0.2255 0.2325 0.2131
1494720000.0000 68250.0000 1.4831 -0.2459 0.0292 1.5220 279.4135 0.0893 0.0623 0.0180 -0.0215 -0.0052 0.0027 0.0848 0.1581 0.1495
1494720000.0000 68550.0000 1.5533 -0.4266 -0.0014 1.6309 285.3576 0.0903 0.0553 0.0295 0.0136 -0.0071 0.0114 0.0876 0.1500 0.1368
1494720000.0000 68850.0000 1.4529 -0.5442 -0.0645 1.5731 290.5335 0.0974 0.0468 0.0184 0.0266 0.0037 0.0090 0.0813 0.1499 0.1413
1494720000.0000 69150.0000 0.8199 -0.4656 -0.0934 0.9788 299.5942 0.0596 0.0445 0.0116 0.0273 0.0003 0.0029 0.0579 0.2073 0.1976
1494720000.0000 69450.0000 0.4421 -0.3970 0.0216 0.6199 311.9189 0.0672 0.0410 0.0161 -0.0188 -0.0104 0.0124 0.0622 0.3424 0.3196
1494720000.0000 69750.0000 0.4520 -0.2532 0.0395 0.5573 299.2522 0.0155 0.0513 0.0056 -0.0026 -0.0012 0.0038 0.0362 0.2989 0.2880
1494720000.0000 70050.0000 0.1421 -0.2773 -0.0388 0.3223 332.8629 0.0062 0.0195 0.0029 -0.0045 -0.0016 0.0024 0.0143 0.3105 0.2968
1494720000.0000 70350.0000 0.3292 -0.3781 -0.0527 0.5514 318.9505 0.0374 0.0660 0.0230 -0.0008 0.0027 0.0321 0.0632 0.4071 0.3703
1494720000.0000 70650.0000 -0.0629 -0.1658 -0.0288 0.2575 20.7763 0.0354 0.0325 0.0139 0.0177 0.0150 0.0099 0.0409 0.9193 0.8484
1494720000.0000 70950.0000 -0.4294 0.2365 0.0533 0.5634 118.8443 0.0907 0.0890 0.0165 -0.0703 0.0155 -0.0181 0.0981 0.5187 0.4994
1494720000.0000 71250.0000 -0.3446 0.1611 0.0166 0.4869 115.0545 0.0317 0.0732 0.0133 0.0202 0.0125 0.0147 0.0591 0.5212 0.4916
1494720000.0000 71550.0000 -0.4734 0.0053 -0.0704 0.5649 90.6466 0.0138 0.0920 0.0121 -0.0081 -0.0005 0.0239 0.0590 0.4142 0.3967
1494720000.0000 71850.0000 -0.0772 -0.1804 -0.0401 0.2590 23.1689 0.0337 0.0101 0.0051 0.0108 0.0080 0.0031 0.0244 0.6370 0.6156
1494720000.0000 72150.0000 0.1664 -0.3730 0.0033 0.4565 335.9582 0.0333 0.0280 0.0155 0.0115 -0.0116 0.0013 0.0384 0.3917 0.3499
1494720000.0000 72450.0000 -0.2345 -0.1501 0.0259 0.3518 57.3666 0.0712 0.0396 0.0097 0.0297 0.0033 -0.0000 0.0603 0.7170 0.6903
1494720000.0000 72750.0000 -0.0874 0.1039 -0.0169 0.2315 139.9397 0.0295 0.0133 0.0093 0.0011 0.0081 -0.0022 0.0260 0.9633 0.8798
1494720000.0000 73050.0000 -0.0132 -0.0617 0.0007 0.1105 12.0914 0.0071 0.0095 0.0010 0.0046 -0.0005 -0.0004 0.0088 1.2152 1.1798
1494720000.0000 73350.0000 -0.2686 -0.1265 -0.0210 0.3276 64.7767 0.0147 0.0186 0.0074 -0.0021 0.0007 0.0021 0.0204 0.3916 0.3550
1494720000.0000 73650.0000 -0.1816 -0.2315 0.0655 0.3734 38.1168 0.0239 0.0654 0.0134 0.0171 -0.0031 -0.0047 0.0514 0.6138 0.5864
1494720000.0000 73950.0000 -0.5163 0.3183 -0.0053 0.6180 121.6524 0.0322 0.0138 0.0123 -0.0069 -0.0042 0.0035 0.0292 0.2299 0.2042
1494720000.0000 74250.0000 -0.5702 0.3403 0.0207 0.6720 120.8252 0.0421 0.0188 0.0090 -0.0157 0.0028 -0.0003 0.0349 0.2298 0.2146
1494720000.0000 74550.0000 -0.6202 0.2873 -0.0567 0.7103 114.8581 0.0314 0.0429 0.0156 -0.0130 0.0077 -0.0048 0.0449 0.2524 0.2301
1494720000.0000 74850.0000 -0.7325 0.0839 -0.1212 0.7582 96.5350 0.0309 0.0311 0.0115 0.0002 0.0060 0.0024 0.0367 0.2095 0.1950
1494720000.0000 75150.0000 -0.5484 0.0972 -0.0979 0.5731 100.0488 0.0220 0.0179 0.0095 0.0027 0.0061 0.0025 0.0247 0.2268 0.2069
1494720000.0000 75450.0000 -0.4839 0.0149 -0.0764 0.5190 91.7625 0.0167 0.0390 0.0084 0.0029 0.0050 0.0011 0.0321 0.2982 0.2814
1494720000.0000 75750.0000 -0.3522 0.0023 -0.0241 0.4176 90.3757 0.0665 0.0390 0.0195 0.0019 0.0090 0.0011 0.0625 0.5782 0.5324
1494720000.0000 76050.0000 -0.4800 0.0389 -0.0605 0.5208 94.6391 0.0229 0.0407 0.0163 -0.0051 0.0026 -0.0099 0.0399 0.3362 0.3024
1494720000.0000 76350.0000 -0.2945 0.0891 0.0149 0.3291 106.8252 0.0236 0.0121 0.0133 -0.0019 0.0064 -0.0009 0.0245 0.4151 0.3547
1494720000.0000 76650.0000 -0.1486 0.1224 0.0054 0.2676 129.4699 0.0345 0.0265 0.0136 -0.0020 0.0075 -0.0024 0.0373 0.8188 0.7406
1494720000.0000 76950.0000 -0.1248 -0.0741 -0.0017 0.2363 59.2994 0.0401 0.0158 0.0113 0.0032 -0.0018 0.0004 0.0336 1.0307 0.9402
1494720000.0000 77250.0000 -0.4832 -0.4063 -0.0036 0.6605 49.9355 0.1712 0.1115 0.0430 0.1076 0.0487 0.0421 0.1629 0.5219 0.4862
1494720000.0000 77550.0000 -0.6044 0.0220 0.0653 0.7589 92.0886 0.0296 0.2188 0.0292 -0.0189 0.0000 0.0086 0.1388 0.5001 0.4758
1494720000.0000 77850.0000 -0.4916 -0.2842 0.0668 0.7296 59.9684 0.0524 0.2153 0.0286 -0.0475 -0.0072 0.0307 0.1482 0.5497 0.5261
1494720000.0000 78150.0000 -0.8118 0.6900 0.0327 1.0804 130.3657 0.0565 0.0343 0.0387 -0.0117 -0.0042 -0.0010 0.0647 0.1949 0.1633
1494720000.0000 78450.0000 -0.5708 0.2813 0.0668 0.6715 116.2366 0.0411 0.0597 0.0331 -0.0110 0.0053 -0.0011 0.0669 0.3301 0.2880
1494720000.0000 78750.0000 -0.3675 0.2011 -0.0373 0.4527 118.6963 0.0180 0.0233 0.0117 0.0081 0.0005 -0.0022 0.0265 0.3160 0.2801
1494720000.0000 79050.0000 0.0316 0.0711 -0.0028 0.1263 203.9289 0.0062 0.0104 0.0046 -0.0049 -0.0013 0.0022 0.0106 1.0777 0.9536
1494720000.0000 79350.0000 0.0498 -0.0270 0.0124 0.1104 298.4878 0.0032 0.0110 0.0022 -0.0001 -0.0009 0.0014 0.0082 1.2717 1.2125
1494720000.0000 79650.0000 -0.0009 0.0828 0.0140 0.1477 179.3917 0.0076 0.0160 0.0024 -0.0028 -0.0006 0.0000 0.0130 1.1083 1.0712
1494720000.0000 79950.0000 -0.1364 0.0005 -0.0001 0.1641 90.2222 0.0069 0.0079 0.0040 -0.0015 -0.0022 0.0002 0.0094 0.5789 0.5140
1494720000.0000 80250.0000 -0.1245 0.1287 0.0013 0.1947 135.9489 0.0036 0.0065 0.0025 0.0002 -0.0009 -0.0006 0.0063 0.3611 0.3234
1494720000.0000 80550.0000 -0.2268 0.0061 -0.0463 0.2456 91.5451 0.0061 0.0081 0.0016 0.0009 -0.0000 0.0012 0.0079 0.3135 0.3035
1494720000.0000 80850.0000 -0.4194 0.1946 0.0494 0.4817 114.8932 0.0134 0.0249 0.0105 -0.0077 0.0003 0.0016 0.0244 0.2741 0.2441
1494720000.0000 81150.0000 -0.5828 0.3947 0.0641 0.7147 124.1095 0.0157 0.0164 0.0134 -0.0010 -0.0024 0.0063 0.0227 0.1742 0.1470
1494720000.0000 81450.0000 -0.6089 0.4273 0.0645 0.7582 125.0606 0.0099 0.0214 0.0081 0.0039 -0.0007 -0.0012 0.0197 0.1535 0.1372
1494720000.0000 81750.0000 -0.8392 0.3698 -0.0561 0.9415 113.7817 0.0197 0.0439 0.0147 0.0113 0.0036 0.0108 0.0391 0.1758 0.1587
1494720000.0000 82050.0000 -0.6057 0.1030 -0.1338 0.6470 99.6494 0.0238 0.0454 0.0077 -0.0094 -0.0001 0.0053 0.0385 0.2548 0.2473
1494720000.0000 82350.0000 -0.5713 0.1584 -0.0787 0.6157 105.4916 0.0173 0.0236 0.0097 0.0086 0.0055 0.0069 0.0252 0.2169 0.1967
1494720000.0000 82650.0000 -0.7039 0.0574 -0.0088 0.7350 94.6609 0.0514 0.0397 0.0189 0.0000 0.0146 -0.0033 0.0550 0.2711 0.2468
1494720000.0000 82950.0000 -0.3305 0.1851 0.0127 0.4007 119.2481 0.0162 0.0192 0.0070 -0.0018 0.0041 0.0011 0.0212 0.3138 0.2870
1494720000.0000 83250.0000 -0.3369 0.1229 -0.0588 0.3876 110.0408 0.0141 0.0329 0.0061 -0.0112 0.0014 -0.0021 0.0265 0.3658 0.3489
1494720000.0000 83550.0000 -0.7341 0.4157 0.0479 0.8614 119.5203 0.0361 0.0401 0.0213 -0.0101 0.0044 0.0039 0.0487 0.2133 0.1889
1494720000.0000 83850.0000 -0.7411 0.2141 -0.0608 0.7895 106.1149 0.0262 0.0320 0.0173 -0.0085 0.0084 -0.0005 0.0378 0.2051 0.1806
1494720000.0000 84150.0000 -0.6958 0.3457 0.0602 0.7897 116.4182 0.0181 0.0151 0.0241 0.0063 0.0069 0.0081 0.0287 0.1775 0.1355
1494720000.0000 84450.0000 -0.4069 -0.0460 0.0631 0.4858 83.5467 0.0931 0.0365 0.0094 -0.0338 0.0041 -0.0019 0.0695 0.5196 0.5076
1494720000.0000 84750.0000 -0.0689 0.0887 0.0433 0.2089 142.1315 0.0186 0.0203 0.0124 0.0090 -0.0041 -0.0079 0.0256 1.0857 1.0130
1494720000.0000 85050.0000 -0.1355 0.2404 0.0234 0.3004 150.5873 0.0098 0.0194 0.0129 -0.0010 -0.0066 0.0017 0.0211 0.4279 0.3575
1494720000.0000 85350.0000 -0.1019 0.1662 0.0099 0.2413 148.4719 0.0198 0.0166 0.0048 -0.0061 -0.0026 -0.0015 0.0206 0.6003 0.5651
1494720000.0000 85650.0000 -0.2196 0.1295 0.0248 0.2867 120.5208 0.0255 0.0187 0.0070 -0.0077 0.0054 0.0004 0.0257 0.5105 0.4764
1494720000.0000 85950.0000 -0.5056 0.3234 0.0341 0.6092 122.6076 0.0167 0.0172 0.0086 -0.0081 0.0015 0.0024 0.0213 0.1980 0.1772
1494720000.0000 86250.0000 -0.5413 0.4707 0.0310 0.7231 131.0133 0.0149 0.0160 0.0108 -0.0062 0.0051 -0.0031 0.0208 0.1641 0.1413
1494806400.0000 86550.0000 -0.8653 0.2837 -0.0226 0.9463 108.1552 0.0508 0.0640 0.0315 0.0106 0.0151 -0.0004 0.0731 0.2424 0.2149
1494806400.0000 86850.0000 -0.7755 0.5490 0.0819 0.9924 125.2974 0.0149 0.1013 0.0202 -0.0024 0.0007 0.0288 0.0682 0.2236 0.2072
1494806400.0000 87150.0000 -0.4449 0.2333 0.0792 0.5474 117.6730 0.0256 0.0478 0.0124 0.0069 0.0027 0.0020 0.0429 0.3325 0.3113
1494806400.0000 87450.0000 -0.3881 0.3227 0.0478 0.5224 129.7458 0.0213 0.0380 0.0123 -0.0151 0.0033 0.0030 0.0358 0.3047 0.2784
1494806400.0000 87750.0000 -0.3178 0.1772 0.0647 0.3878 119.1415 0.0205 0.0210 0.0114 -0.0027 0.0043 0.0042 0.0265 0.3594 0.3233
1494806400.0000 88050.0000 -0.4814 0.0961 0.0276 0.5117 101.2934 0.0234 0.0187 0.0136 0.0019 0.0094 0.0029 0.0278 0.2770 0.2412
1494806400.0000 88350.0000 -0.3599 0.3356 -0.0089 0.5153 133.0033 0.0630 0.0461 0.0100 -0.0400 0.0100 -0.0027 0.0595 0.4048 0.3875
1494806400.0000 88650.0000 -0.4233 0.3729 -0.0172 0.5761 131.3782 0.0426 0.0148 0.0080 -0.0149 0.0109 -0.0046 0.0327 0.2616 0.2452
1494806400.0000 88950.0000 -0.4071 0.4664 0.0605 0.6312 138.8789 0.0360 0.0318 0.0108 -0.0195 -0.0024 0.0049 0.0393 0.2601 0.2428
1494806400.0000 89250.0000 -0.5057 0.3890 -0.0027 0.6456 127.5689 0.0189 0.0160 0.0133 -0.0073 0.0015 -0.0012 0.0241 0.1986 0.1690
1494806400.0000 89550.0000 -0.6607 0.3309 0.0579 0.7480 116.5996 0.0118 0.0182 0.0091 -0.0079 -0.0007 0.0018 0.0196 0.1541 0.1354
1494806400.0000 89850.0000 -0.6071 0.3491 0.0017 0.7058 119.8984 0.0067 0.0081 0.0072 -0.0000 0.0031 0.0026 0.0110 0.1222 0.1004
1494806400.0000 90150.0000 -0.4972 0.2829 -0.0236 0.5794 119.6412 0.0185 0.0088 0.0054 -0.0039 0.0040 -0.0005 0.0164 0.1825 0.1669
1494806400.0000 90450.0000 -0.2894 0.2695 0.0321 0.4113 132.9612 0.0083 0.0174 0.0043 -0.0018 0.0005 0.0001 0.0150 0.2521 0.2343
1494806400.0000 90750.0000 -0.5620 0.0784 -0.0322 0.5804 97.9410 0.0116 0.0151 0.0078 0.0001 0.0009 0.0016 0.0173 0.1888 0.1664
1494806400.0000 91050.0000 -0.4430 0.3241 0.0213 0.5589 126.1902 0.0152 0.0180 0.0060 -0.0060 -0.0001 0.0004 0.0196 0.2083 0.1919
1494806400.0000 91350.0000 -0.4840 0.1791 -0.0241 0.5304 110.3050 0.0075 0.0168 0.0095 -0.0028 0.0006 0.0065 0.0169 0.2055 0.1743
1494806400.0000 91650.0000 -0.3537 0.1891 0.0360 0.4214 118.1317 0.0180 0.0138 0.0057 0.0025 0.0015 0.0023 0.0187 0.2775 0.2566
1494806400.0000 91950.0000 -0.4190 0.1071 0.0215 0.4540 104.3363 0.0282 0.0207 0.0103 -0.0068 0.0082 -0.0012 0.0296 0.3245 0.2954
1494806400.0000 92250.0000 -0.4906 0.0268 0.0765 0.5341 93.1280 0.0311 0.0376 0.0214 -0.0030 0.0030 -0.0064 0.0451 0.3485 0.3080
1494806400.0000 92550.0000 -0.7576 0.4127 0.1002 0.8967 118.5765 0.0956 0.0289 0.0208 0.0249 0.0116 0.0057 0.0726 0.2534 0.2361
1494806400.0000 92850.0000 -1.0099 0.7364 -0.0169 1.2575 126.0997 0.0215 0.0384 0.0186 -0.0157 -0.0029 0.0131 0.0392 0.1294 0.1130
1494806400.0000 93150.0000 -1.1442 0.8892 0.1066 1.4591 127.8521 0.0349 0.0447 0.0421 -0.0132 0.0009 0.0102 0.0608 0.1386 0.1124
1494806400.0000 93450.0000 -1.3908 0.7682 0.0731 1.6110 118.9120 0.0432 0.0864 0.0582 -0.0076 -0.0009 0.0379 0.0939 0.1573 0.1308
1494806400.0000 93750.0000 -1.0439 0.3570 -0.0515 1.1471 108.8789 0.0556 0.1034 0.0491 0.0006 0.0072 0.0398 0.1040 0.2384 0.2086
1494806400.0000 94050.0000 -1.1002 0.3710 -0.0187 1.2235 108.6338 0.0867 0.1477 0.0728 -0.0023 0.0128 0.0502 0.1536 0.2756 0.2408
1494806400.0000 94350.0000 -0.8717 -0.1398 -0.0518 1.0112 80.8865 0.2048 0.2222 0.0894 0.0042 0.0295 0.0572 0.2582 0.4691 0.4273
1494806400.0000 94650.0000 -0.9140 -0.1606 -0.0313 1.0554 80.0317 0.1672 0.2247 0.0914 -0.0446 0.0201 0.0546 0.2416 0.4322 0.3895
1494806400.0000 94950.0000 -0.8894 -0.3130 -0.0774 1.0255 70.6110 0.1789 0.1532 0.0923 0.0176 0.0264 0.0488 0.2122 0.3976 0.3529
1494806400.0000 95250.0000 -0.8861 0.2304 0.0483 0.9840 104.5730 0.0856 0.1360 0.0688 -0.0201 0.0029 0.0435 0.1452 0.3393 0.2968
1494806400.0000 95550.0000 -0.9083 0.5855 0.0748 1.1101 122.8047 0.0610 0.0517 0.0447 0.0105 0.0136 0.0117 0.0787 0.2115 0.1794
1494806400.0000 95850.0000 -0.6885 0.7476 0.1242 1.0442 137.3557 0.0595 0.0361 0.0621 0.0124 0.0145 0.0120 0.0789 0.2239 0.1756
1494806400.0000 96150.0000 -1.0360 0.4889 -0.0321 1.1618 115.2632 0.0440 0.0260 0.0148 0.0087 0.0021 0.0052 0.0425 0.1468 0.1334
1494806400.0000 96450.0000 -1.0400 0.1364 -0.1426 1.0823 97.4734 0.0447 0.0706 0.0397 0.0041 0.0119 0.0253 0.0775 0.2148 0.1870
1494806400.0000 96750.0000 -0.9271 0.5483 0.0289 1.0926 120.6022 0.0413 0.0289 0.0250 0.0024 0.0044 0.0103 0.0477 0.1654 0.1421
1494806400.0000 97050.0000 -0.9857 0.5725 -0.0109 1.1552 120.1486 0.0219 0.0314 0.0147 0.0077 0.0047 0.0100 0.0340 0.1321 0.1169
1494806400.0000 97350.0000 -0.9804 0.2314 -0.1145 1.0243 103.2800 0.0122 0.0373 0.0091 -0.0051 0.0009 0.0040 0.0293 0.1379 0.1275
1494806400.0000 97650.0000 -1.1274 -0.0623 -0.2127 1.1446 86.8385 0.0673 0.0347 0.0146 0.0028 0.0140 0.0044 0.0583 0.1716 0.1633
1494806400.0000 97950.0000 -1.0905 -0.2540 -0.1763 1.1347 76.8887 0.0613 0.0318 0.0166 -0.0020 0.0113 0.0047 0.0549 0.1688 0.1574
1494806400.0000 98250.0000 -0.9264 -0.0618 -0.1004 0.9706 86.1839 0.0668 0.0796 0.0398 0.0089 0.0160 0.0274 0.0931 0.2668 0.2379
1494806400.0000 98550.0000 -0.8835 0.3713 0.0447 0.9936 112.7943 0.0255 0.0793 0.0212 0.0003 0.0004 0.0251 0.0630 0.2136 0.1950
1494806400.0000 98850.0000 -0.8722 0.0380 -0.1197 0.9860 92.4968 0.0702 0.2190 0.0380 -0.0248 0.0040 0.0424 0.1636 0.3748 0.3557
1494806400.0000 99150.0000 -0.7631 -0.6301 -0.2146 1.0422 50.4563 0.0995 0.1205 0.0681 0.0130 0.0237 0.0430 0.1440 0.3060 0.2736
1494806400.0000 99450.0000 -0.5156 -0.5399 -0.1495 0.8032 43.6810 0.1357 0.1552 0.0594 0.0663 0.0447 0.0608 0.1751 0.4488 0.4171
1494806400.0000 99750.0000 -0.3718 0.2760 0.0940 0.4985 126.5940 0.0166 0.0589 0.0253 -0.0058 -0.0007 0.0178 0.0504 0.3881 0.3428
1494806400.0000 100050.0000 0.0565 -0.9077 -0.2367 0.9683 356.4409 0.0860 0.1747 0.0662 -0.0158 -0.0077 0.0604 0.1634 0.3512 0.3241
1494806400.0000 100350.0000 -0.2058 -0.9689 -0.3240 1.0758 11.9927 0.1921 0.1548 0.0520 -0.0082 0.0142 0.0342 0.1995 0.3499 0.3433
1494806400.0000 100650.0000 -0.7376 -1.1370 -0.3451 1.4194 32.9701 0.1892 0.1668 0.0975 0.0170 0.0207 0.0529 0.2267 0.2780 0.2542
1494806400.0000 100950.0000 -0.5586 -0.8046 -0.2588 1.0441 34.7704 0.1535 0.1201 0.0524 0.0243 0.0213 0.0326 0.1630 0.3254 0.3083
1494806400.0000 101250.0000 0.1261 -0.7474 -0.1750 0.8124 350.4259 0.0906 0.1107 0.0492 -0.0437 -0.0054 0.0375 0.1253 0.3715 0.3418
1494806400.0000 101550.0000 -0.4234 -0.4336 -0.1792 0.7363 44.3145 0.1985 0.0999 0.0520 -0.0165 -0.0013 0.0220 0.1752 0.5407 0.5204
1494806400.0000 101850.0000 -0.6195 -0.4583 -0.2155 0.8582 53.5077 0.1445 0.1443 0.0488 0.0148 0.0221 0.0485 0.1688 0.4192 0.4026
1494806400.0000 102150.0000 -0.6096 -0.4947 -0.2391 0.8718 50.9443 0.1759 0.1799 0.0791 0.0540 0.0465 0.0667 0.2174 0.4639 0.4386
1494806400.0000 102450.0000 -0.8202 -0.3501 -0.1787 0.9460 66.8855 0.1041 0.0937 0.0579 -0.0050 0.0182 0.0362 0.1279 0.3210 0.2880
1494806400.0000 102750.0000 -0.8800 -0.2263 -0.2040 0.9662 75.5776 0.0917 0.1251 0.0456 0.0248 0.0243 0.0386 0.1312 0.3176 0.2959
1494806400.0000 103050.0000 -1.0695 0.1110 -0.1335 1.1035 95.9246 0.0584 0.0631 0.0201 -0.0177 0.0095 0.0089 0.0708 0.2005 0.1871
1494806400.0000 103350.0000 -1.2407 0.1350 -0.1264 1.2860 96.2110 0.0570 0.1028 0.0286 -0.0178 -0.0030 0.0077 0.0942 0.1998 0.1850
1494806400.0000 103650.0000 -0.8425 0.1283 -0.0505 0.8911 98.6578 0.0463 0.0610 0.0303 0.0047 0.0092 0.0203 0.0688 0.2509 0.2220
1494806400.0000 103950.0000 -0.9567 0.2852 -0.0246 1.0210 106.5983 0.0464 0.0557 0.0258 -0.0109 -0.0013 0.0189 0.0639 0.2068 0.1848
1494806400.0000 104250.0000 -0.9456 0.1501 -0.0655 1.0222 99.0174 0.0615 0.1303 0.0587 0.0178 0.0169 0.0430 0.1253 0.3011 0.2641
1494806400.0000 104550.0000 -0.8955 -0.0769 -0.1588 0.9437 85.0896 0.0720 0.0878 0.0375 0.0003 0.0165 0.0260 0.0987 0.2810 0.2568
1494806400.0000 104850.0000 -1.3021 0.1957 -0.0705 1.3303 98.5491 0.0430 0.0374 0.0336 -0.0124 -0.0037 0.0064 0.0570 0.1478 0.1243
1494806400.0000 105150.0000 -1.3708 -0.0131 -0.2644 1.3915 89.4536 0.0321 0.0571 0.0311 0.0050 0.0077 0.0211 0.0601 0.1434 0.1257
1494806400.0000 105450.0000 -0.9145 -0.3059 -0.2037 1.0184 71.5082 0.0930 0.0871 0.0421 -0.0360 0.0145 0.0058 0.1111 0.2761 0.2541
1494806400.0000 105750.0000 -0.5854 -0.8463 -0.3973 1.1468 34.6738 0.1912 0.2215 0.1003 -0.0461 -0.0122 0.0636 0.2565 0.3749 0.3604
1494806400.0000 106050.0000 -0.0857 -0.4909 -0.0654 0.6704 9.9059 0.1883 0.1703 0.0968 -0.0197 0.0084 0.0555 0.2277 0.7752 0.6938
1494806400.0000 106350.0000 -0.1835 -0.4911 -0.2431 0.7204 20.4844 0.2738 0.1602 0.1440 0.0001 0.0351 0.0730 0.2890 0.7596 0.7255
1494806400.0000 106650.0000 -0.9332 0.2117 0.0694 1.0496 102.7804 0.0916 0.1790 0.0888 0.0106 0.0329 0.0518 0.1797 0.3608 0.3138
1494806400.0000 106950.0000 -0.8877 0.2761 0.0042 0.9633 107.2804 0.1230 0.0610 0.0474 -0.0107 0.0134 0.0149 0.1157 0.2987 0.2664
1494806400.0000 107250.0000 -1.2380 0.4166 0.0545 1.3705 108.5978 0.1819 0.1803 0.1081 -0.0091 0.0503 0.0666 0.2352 0.3029 0.2660
1494806400.0000 107550.0000 -0.8645 0.2691 0.0775 0.9799 107.2880 0.1833 0.1258 0.1066 -0.0048 0.0387 0.0568 0.2079 0.4097 0.3545
1494806400.0000 107850.0000 -1.3980 0.1241 -0.1406 1.4401 95.0735 0.2201 0.1123 0.0834 0.0158 0.0561 0.0368 0.2079 0.2640 0.2372
1494806400.0000 108150.0000 -1.3645 -0.0306 -0.1965 1.4465 88.7151 0.3651 0.1803 0.1365 0.0538 0.1261 0.0681 0.3410 0.3458 0.3124
1494806400.0000 108450.0000 -1.6970 -0.2463 -0.2653 1.7735 81.7414 0.2137 0.2150 0.1290 0.0470 0.0759 0.0858 0.2788 0.2485 0.2204
1494806400.0000 108750.0000 -1.7411 -0.0638 -0.2305 1.8238 87.9022 0.2950 0.2585 0.1188 -0.0196 0.0698 0.0573 0.3361 0.2694 0.2465
1494806400.0000 109050.0000 -2.1551 -0.7092 -0.4565 2.3187 71.7851 0.3679 0.2318 0.1629 0.0358 0.1119 0.0577 0.3813 0.2179 0.1971
1494806400.0000 109350.0000 -1.5799 -1.0499 -0.4466 2.0096 56.3932 0.4672 0.4040 0.2017 -0.0090 0.0780 0.1256 0.5365 0.3069 0.2841
1494806400.0000 109650.0000 -1.6894 -1.3633 -0.6494 2.2651 51.0975 0.4714 0.3901 0.2522 0.0056 0.1345 0.1252 0.5568 0.2689 0.2468
1494806400.0000 109950.0000 -1.5486 -1.3034 -0.5439 2.1373 49.9133 0.4771 0.4818 0.2651 0.0391 0.1515 0.1840 0.6120 0.3048 0.2793
1494806400.0000 110250.0000 -1.5095 -1.3615 -0.5989 2.1122 47.9510 0.4549 0.3542 0.2974 0.0628 0.1613 0.1565 0.5533 0.2866 0.2555
1494806400.0000 110550.0000 -1.2365 -1.0397 -0.5101 1.7164 49.9405 0.4755 0.3675 0.2235 0.0779 0.1224 0.1430 0.5333 0.3519 0.3281
1494806400.0000 110850.0000 -1.2909 -1.3647 -0.5337 1.9893 43.4074 0.3158 0.5991 0.2073 0.0315 0.0872 0.2188 0.5611 0.3132 0.2940
1494806400.0000 111150.0000 -0.7353 -0.8758 -0.2855 1.3292 40.0166 0.4088 0.3458 0.2016 -0.0699 0.0686 0.1103 0.4781 0.4790 0.4385
1494806400.0000 111450.0000 -1.5504 -0.5900 -0.3289 1.8460 69.1660 0.3609 0.8287 0.2979 0.0844 0.1373 0.3187 0.7437 0.4164 0.3796
1494806400.0000 111750.0000 -1.5716 -0.2307 -0.2103 1.7820 81.6491 0.4542 0.7139 0.4172 0.1763 0.1854 0.3011 0.7927 0.4537 0.3928
1494806400.0000 112050.0000 -1.6337 -0.2361 -0.2630 1.7346 81.7762 0.2292 0.2981 0.1824 0.0679 0.0843 0.0847 0.3548 0.2910 0.2540
1494806400.0000 112350.0000 -1.6043 -0.4110 -0.3104 1.8474 75.6295 0.5290 0.7501 0.3834 0.1996 0.2214 0.3177 0.8312 0.4418 0.3943
1494806400.0000 112650.0000 -1.5698 -0.5369 -0.4490 1.7801 71.1201 0.5259 0.4271 0.2694 0.0519 0.1523 0.1165 0.6112 0.3714 0.3397
1494806400.0000 112950.0000 -2.0464 -0.5592 -0.3623 2.2630 74.7175 0.5826 0.6566 0.3354 0.0858 0.2004 0.2222 0.7873 0.3366 0.3030
1494806400.0000 113250.0000 -2.2168 -0.8872 -0.6703 2.4843 68.1875 0.7097 0.5216 0.3511 0.2059 0.3011 0.1980 0.7912 0.2928 0.2683
1494806400.0000 113550.0000 -2.0082 -0.4727 -0.3678 2.2453 76.7557 0.6265 0.7478 0.4087 0.0114 0.1865 0.3047 0.8915 0.3679 0.3281
1494806400.0000 113850.0000 -1.6596 -0.2767 -0.2257 1.8762 80.5342 0.5489 0.6842 0.4308 0.0297 0.1874 0.2892 0.8319 0.4387 0.3810
1494806400.0000 114150.0000 -1.7374 -0.5974 -0.3274 1.9545 71.0250 0.4428 0.4198 0.2718 0.0546 0.1814 0.1271 0.5672 0.3295 0.2919
1494806400.0000 114450.0000 -2.0165 -0.7169 -0.4882 2.2531 70.4299 0.6099 0.4792 0.3341 0.0958 0.2146 0.1853 0.7116 0.3138 0.2815
1494806400.0000 114750.0000 -1.5216 -0.5950 -0.4043 1.8216 68.6421 0.6047 0.6034 0.2733 0.0014 0.1350 0.1334 0.7407 0.4175 0.3884
1494806400.0000 115050.0000 -1.0954 -0.3597 -0.1551 1.2849 71.8218 0.3319 0.3208 0.1989 0.0270 0.0869 0.1370 0.4258 0.4580 0.4046
1494806400.0000 115350.0000 -0.2439 -0.1570 0.1111 0.5734 57.2339 0.1479 0.1892 0.1162 -0.1046 -0.0612 0.0810 0.2267 1.2517 1.1559
1494806400.0000 115650.0000 -1.4424 -0.2084 -0.1602 1.5608 81.7781 0.4973 0.2964 0.2277 0.1111 0.1695 0.1315 0.5107 0.3980 0.3529
1494806400.0000 115950.0000 -2.3091 -0.0205 -0.2104 2.4400 89.4911 0.6169 0.5592 0.3146 -0.1169 0.0879 0.1342 0.7453 0.3040 0.2711
1494806400.0000 116250.0000 -1.9269 -0.1097 -0.2469 2.0805 86.7408 0.8015 0.4850 0.2987 -0.1133 0.2051 0.1172 0.7926 0.3736 0.3393
1494806400.0000 116550.0000 -0.6539 0.7522 0.2492 1.2155 139.0007 0.2924 0.5259 0.3294 0.1252 0.0973 0.2263 0.5739 0.6021 0.5240
1494806400.0000 116850.0000 -1.7693 -0.4240 -0.4848 2.1234 76.5234 0.9365 1.2028 0.4431 0.5146 0.3555 0.4335 1.2912 0.4928 0.4641
1494806400.0000 117150.0000 -1.8036 -0.6022 -0.4205 2.1377 71.5367 0.5917 0.9251 0.4406 0.0303 0.2260 0.1359 0.9787 0.4148 0.3739
1494806400.0000 117450.0000 -1.9322 -0.5216 -0.3500 2.1479 74.8939 0.6279 0.5497 0.4860 0.0640 0.2356 0.2081 0.8318 0.3665 0.3131
1494806400.0000 117750.0000 -1.3804 -0.6363 -0.2621 1.7103 65.2517 0.7708 0.5483 0.3533 0.1168 0.2150 0.1858 0.8362 0.4840 0.4362
1494806400.0000 118050.0000 -1.4025 -0.3350 -0.3729 1.7071 76.5678 0.5462 0.6682 0.2765 -0.1764 0.0886 0.1444 0.7454 0.4733 0.4412
1494806400.0000 118350.0000 -1.6871 -0.3934 -0.3350 1.9946 76.8738 0.7203 0.8158 0.4731 -0.1006 0.1388 0.3299 1.0046 0.4638 0.4131
1494806400.0000 118650.0000 -1.5263 -0.5994 -0.4332 2.0655 68.5591 1.1236 1.3036 0.5353 0.5780 0.4452 0.5452 1.4813 0.5859 0.5485
1494806400.0000 118950.0000 -1.5656 0.2662 -0.1153 1.8080 99.6514 0.6870 0.8121 0.3828 0.0071 0.1951 0.1481 0.9410 0.4974 0.4451
1494806400.0000 119250.0000 -1.3567 -0.1164 -0.2170 1.7164 85.0945 0.6417 1.0568 0.5610 0.2000 0.2262 0.3548 1.1298 0.6294 0.5526
1494806400.0000 119550.0000 -1.6677 -0.4509 -0.3915 2.0952 74.8707 0.9685 1.2021 0.6751 0.4056 0.4465 0.5808 1.4228 0.5498 0.4924
1494806400.0000 119850.0000 -1.1556 -0.1286 -0.2247 1.5532 83.6511 0.9092 0.9832 0.4096 0.1493 0.2324 0.3595 1.1510 0.7397 0.6831
1494806400.0000 120150.0000 -1.4307 -0.6961 -0.4708 2.0024 64.0530 1.2212 1.3831 0.5318 0.2763 0.3534 0.4197 1.5681 0.6162 0.5856
1494806400.0000 120450.0000 -1.6487 -0.9503 -0.6478 2.2383 60.0416 0.7705 1.4394 0.4944 0.3289 0.2516 0.4303 1.3521 0.4723 0.4510
1494806400.0000 120750.0000 -1.2210 -0.6087 -0.5059 1.6476 63.5021 0.8747 0.5850 0.3696 -0.1054 0.1999 0.1278 0.9146 0.5366 0.5113
1494806400.0000 121050.0000 -1.0508 -0.3808 -0.2484 1.3888 70.0801 0.6308 0.4944 0.3517 -0.0983 -0.0011 0.1725 0.7385 0.6128 0.5480
1494806400.0000 121350.0000 -0.2393 0.3719 0.3128 1.0494 147.2448 0.3684 0.7983 0.2503 -0.0338 0.0754 0.2425 0.7085 1.2687 1.4101
1494806400.0000 121650.0000 -0.6249 -0.8267 -0.4231 1.6530 37.0858 1.5095 1.4133 0.5879 -0.0466 0.1683 0.6094 1.7554 0.9664 0.9524
1494806400.0000 121950.0000 -0.7089 -0.4512 -0.1658 1.3306 57.5255 0.6924 0.7189 0.3538 -0.1273 0.1000 0.2837 0.8825 0.8955 0.8162
1494806400.0000 122250.0000 -0.5265 0.1230 0.0557 0.9439 103.1492 0.4257 0.4964 0.4238 0.0922 0.1634 0.2894 0.6729 1.2324 1.0255
1494806400.0000 122550.0000 -0.2890 -0.0970 -0.0067 0.8447 71.4474 0.4871 0.3768 0.1881 0.0307 0.0267 -0.0167 0.5260 1.9422 1.7605
1494806400.0000 122850.0000 0.0105 -0.1569 0.0209 1.0696 356.1832 0.7613 0.7505 0.3245 0.3811 0.1134 0.1877 0.9182 4.9336 4.5158
1494806400.0000 123150.0000 -0.4742 1.3650 0.5696 1.8002 160.8409 0.8910 0.5433 0.2183 0.0521 0.1059 0.0527 0.8263 0.4779 0.4785
1494806400.0000 123450.0000 -0.7686 -0.3545 -0.2240 1.4232 65.2385 0.8254 1.1530 0.5134 0.1554 0.2744 0.4548 1.2459 1.0409 0.9594
1494806400.0000 123750.0000 -1.1017 0.3740 -0.0295 1.9340 108.7500 2.1808 1.0298 0.7484 0.9686 0.9715 0.4327 1.9795 0.9871 0.8892
1494806400.0000 124050.0000 -1.0964 0.0268 -0.1867 1.5818 91.3983 1.4923 0.4927 0.4325 0.2558 0.4299 0.2428 1.2087 0.8069 0.7417
1494806400.0000 124350.0000 -0.5964 0.0510 -0.0341 1.1104 94.8832 0.5592 0.6709 0.4153 -0.0520 0.0729 0.2046 0.8227 1.2353 1.0698
1494806400.0000 124650.0000 -1.4229 0.6757 -0.0302 1.8919 115.4027 1.0658 0.5516 0.4744 0.2010 0.1398 0.1020 1.0459 0.5300 0.4661
1494806400.0000 124950.0000 0.1155 1.2139 0.5624 1.3341 185.4370 0.2757 0.2207 0.1351 -0.0266 0.0300 0.0144 0.3158 0.3417 0.3336
1494806400.0000 125250.0000 -1.0297 0.9378 0.2996 1.7811 132.3257 1.3880 0.9873 0.4356 -0.1097 0.2761 0.2093 1.4054 0.6795 0.6389
1494806400.0000 125550.0000 -0.6647 0.3334 -0.0468 1.3365 116.6384 0.9064 0.7949 0.3485 0.1239 0.2327 0.2885 1.0249 1.1094 1.0127
1494806400.0000 125850.0000 -0.7045 -0.2277 -0.0963 1.3630 72.0870 0.5619 1.3420 0.4273 0.0016 0.0642 0.5061 1.1656 1.1807 1.0760
1494806400.0000 126150.0000 -0.1568 0.8536 0.3751 1.7075 169.5908 1.1536 1.8946 0.5213 -0.7372 -0.2281 0.7163 1.7848 1.1537 1.1615
1494806400.0000 126450.0000 -1.2162 1.7141 0.5782 2.2269 144.6427 0.3722 0.8504 0.3491 -0.0393 0.1493 0.2362 0.7858 0.3321 0.3037
1494806400.0000 126750.0000 0.2420 2.4814 1.0715 2.7295 185.5708 1.2370 0.7597 0.3451 -0.1179 0.1464 -0.0060 1.1709 0.3256 0.3272
1494806400.0000 127050.0000 0.0555 2.6782 0.8697 2.7631 181.1876 0.3829 0.8340 0.3112 -0.1992 -0.0178 0.1349 0.7640 0.2534 0.2378
1494806400.0000 127350.0000 -0.3536 2.0896 0.7806 2.2456 170.3955 0.6365 0.5792 0.3035 -0.3280 -0.1326 0.1876 0.7596 0.3151 0.3004
1494806400.0000 127650.0000 -0.8360 2.1156 0.7710 2.4743 158.4368 1.3045 0.8086 0.3891 -0.3829 -0.0380 0.2109 1.2511 0.3802 0.3689
1494806400.0000 127950.0000 -1.2506 2.7238 0.7986 3.1281 155.3390 0.7058 0.6272 0.4256 0.1592 0.0919 0.2310 0.8793 0.2468 0.2224
1494806400.0000 128250.0000 -0.0996 1.5199 0.4524 1.6592 176.2514 0.4051 0.6883 0.3667 -0.1390 0.0511 0.0653 0.7300 0.4391 0.3964
1494806400.0000 128550.0000 -1.0025 2.9106 1.0492 3.2934 160.9954 1.6930 0.9884 0.3745 -0.5643 0.0717 0.0506 1.5280 0.3103 0.3071
1494806400.0000 128850.0000 -1.9323 2.8547 0.8259 3.6319 145.9056 1.2478 1.2908 0.9212 0.0062 0.2596 0.5164 1.7299 0.3030 0.2669
1494806400.0000 129150.0000 0.2190 1.2785 0.5778 1.6521 189.7199 1.0067 0.4843 0.1883 -0.2116 0.0692 -0.0292 0.8396 0.5269 0.5435
1494806400.0000 129450.0000 -0.6608 1.9932 0.7474 2.3333 161.6573 1.2470 0.9701 0.2355 -0.4538 -0.0129 0.1145 1.2263 0.4057 0.4094
1494806400.0000 129750.0000 -1.3912 2.3108 0.5831 2.8686 148.9498 0.8566 0.9491 0.4725 0.0319 0.2031 0.3857 1.1391 0.3158 0.2876
1494806400.0000 130050.0000 -0.6721 1.6387 0.7164 1.8470 157.7012 0.3183 0.5293 0.2380 -0.1129 0.0193 0.1147 0.5428 0.3149 0.3001
1494806400.0000 130350.0000 -1.0021 1.6428 0.5468 2.1019 148.6159 0.9172 0.4253 0.2148 -0.0707 0.1276 0.0698 0.7786 0.3601 0.3476
1494806400.0000 130650.0000 -2.1693 1.6325 0.3324 2.8103 126.9641 0.3506 0.5700 0.2432 0.0094 0.0709 0.2040 0.5819 0.2277 0.2040
1494806400.0000 130950.0000 -0.8946 0.8575 0.0465 1.3633 133.7849 0.3943 0.3139 0.2171 0.0525 0.1047 0.0987 0.4626 0.4478 0.3921
1494806400.0000 131250.0000 -0.9052 1.9660 0.5547 2.2527 155.2772 0.4993 0.5503 0.2463 -0.1553 -0.0518 0.1284 0.6479 0.2942 0.2733
1494806400.0000 131550.0000 0.8571 0.7639 0.2911 1.2459 228.2899 0.1856 0.1633 0.1415 -0.0449 -0.0309 0.0454 0.2452 0.3413 0.2970
1494806400.0000 131850.0000 -0.2045 1.1755 0.4513 1.5156 170.1314 0.7916 0.3064 0.2661 0.1287 0.0704 0.0819 0.6821 0.5286 0.5070
1494806400.0000 132150.0000 -0.4451 0.7063 0.3211 1.0248 147.7836 0.3714 0.2889 0.1735 -0.0139 0.1054 0.0404 0.4169 0.5894 0.5620
1494806400.0000 132450.0000 -1.2039 0.4263 -0.0278 1.4104 109.4977 0.5668 0.2813 0.3202 0.1619 0.1866 0.1693 0.5841 0.4885 0.4163
1494806400.0000 132750.0000 -1.2433 1.6132 0.6134 2.1490 142.3770 0.1923 0.9593 0.2187 -0.1409 0.0029 0.2546 0.6852 0.3177 0.3042
1494806400.0000 133050.0000 0.7104 0.9038 0.4395 1.2581 218.1699 0.3219 0.1283 0.1179 0.0587 0.0527 -0.0108 0.2841 0.3536 0.3370
1494806400.0000 133350.0000 0.9943 0.3275 0.2288 1.1031 251.7693 0.1674 0.0875 0.1341 -0.0132 -0.0161 -0.0056 0.1945 0.3361 0.2785
1494806400.0000 133650.0000 0.0779 0.8045 0.4007 1.2475 185.5340 0.7572 0.2760 0.2148 -0.1810 0.1262 0.0346 0.6240 0.7149 0.7260
1494806400.0000 133950.0000 0.2236 0.7520 0.2259 1.1087 196.5630 0.6123 0.2073 0.2649 -0.0068 0.2498 0.0423 0.5422 0.7364 0.6662
1494806400.0000 134250.0000 -0.1512 1.2370 0.6169 1.5919 173.0300 0.9564 0.5328 0.1442 -0.4568 0.0344 0.0290 0.8167 0.5306 0.5653
1494806400.0000 134550.0000 -1.6453 1.5004 0.3784 2.4076 132.3618 0.6769 0.9168 0.4422 -0.0069 0.1302 0.2360 1.0179 0.3647 0.3273
1494806400.0000 134850.0000 -0.6334 0.1815 -0.0696 1.2205 105.9884 0.9340 0.5021 0.2917 -0.4120 0.2712 -0.1183 0.8639 1.1455 1.0501
1494806400.0000 135150.0000 -0.5449 -0.6225 -0.3922 1.1220 41.1965 0.3068 0.5109 0.1601 0.0771 0.0036 0.0505 0.4889 0.6236 0.6311
1494806400.0000 135450.0000 0.6531 -0.8168 -0.2284 1.2417 321.3534 0.3011 0.3773 0.1771 0.0971 -0.0354 0.0356 0.4278 0.4989 0.4547
1494806400.0000 135750.0000 -0.7319 -0.1576 -0.2710 1.2459 77.8484 0.9046 0.4938 0.1923 -0.2506 0.0046 -0.0119 0.7953 0.9146 0.9120
1494806400.0000 136050.0000 -0.3124 0.3040 0.3168 1.8177 134.2174 2.3680 1.4151 0.6523 0.9346 0.8196 0.6993 2.2177 2.2562 2.5759
1494806400.0000 136350.0000 -0.9846 1.1767 0.4311 1.8663 140.0802 1.1193 0.4061 0.3116 0.1751 0.2204 0.1165 0.9185 0.4910 0.4647
1494806400.0000 136650.0000 -0.0829 0.8793 0.2103 1.5095 174.6115 1.1370 0.7518 0.5580 0.4356 0.2490 0.3075 1.2234 0.9947 0.8984
1494806400.0000 136950.0000 0.2606 1.2597 0.6445 1.4332 191.6875 0.3824 0.5761 0.2005 0.0330 0.0663 0.1490 0.5795 0.4320 0.4394
1494806400.0000 137250.0000 1.6474 0.9163 0.4902 2.0171 240.9174 0.2795 0.3923 0.2584 -0.1536 -0.0867 0.0741 0.4651 0.2859 0.2510
1494806400.0000 137550.0000 1.7234 0.8940 0.5369 2.0247 242.5839 0.2912 0.3215 0.2379 0.0087 -0.0258 0.0431 0.4253 0.2643 0.2328
1494806400.0000 137850.0000 1.0682 -0.0971 0.1192 1.1650 275.1920 0.4331 0.1411 0.1728 -0.0481 0.0077 0.0568 0.3735 0.4624 0.4079
1494806400.0000 138150.0000 1.2084 0.1173 0.3099 1.2820 264.4567 0.3427 0.1353 0.1695 0.0082 -0.0235 0.0342 0.3237 0.3708 0.3288
1494806400.0000 138450.0000 0.6854 0.2199 0.1903 1.0140 252.2155 0.4484 0.2951 0.0960 -0.1637 -0.0293 0.0248 0.4198 0.7105 0.6916
1494806400.0000 138750.0000 -0.1176 -0.1255 -0.1910 0.6192 43.1402 0.1911 0.2967 0.2477 0.0301 0.0636 0.1635 0.3678 1.9265 2.3448
1494806400.0000 139050.0000 -0.8850 -0.1758 -0.0501 1.1421 78.7632 0.3042 0.4501 0.1999 0.0572 0.0826 0.1884 0.4771 0.6240 0.5557
1494806400.0000 139350.0000 -1.4077 0.9356 0.1806 1.8633 123.6111 0.1911 0.6174 0.2402 0.1102 0.1069 0.2249 0.5243 0.3478 0.3071
1494806400.0000 139650.0000 -0.7390 1.1749 0.5349 1.4802 147.8299 0.3564 0.1885 0.1098 -0.0119 0.0323 0.0077 0.3273 0.3140 0.3071
1494806400.0000 139950.0000 -0.0822 0.9599 0.5825 1.0853 175.1049 0.2169 0.1134 0.0389 -0.1000 -0.0118 0.0048 0.1846 0.3116 0.3444
1494806400.0000 140250.0000 0.2364 0.6621 0.3828 0.8194 199.6483 0.1467 0.0850 0.0544 -0.0443 0.0418 -0.0171 0.1431 0.3858 0.3953
1494806400.0000 140550.0000 0.7922 0.3053 0.3466 0.8804 248.9276 0.0907 0.0659 0.0710 0.0188 0.0023 -0.0315 0.1138 0.3004 0.2691
1494806400.0000 140850.0000 -0.6198 0.7405 0.2730 1.1087 140.0714 0.3206 0.1390 0.1309 0.0430 0.0832 0.0593 0.2952 0.4421 0.4053
1494806400.0000 141150.0000 -0.6152 0.4962 -0.0360 0.9652 128.8887 0.2611 0.2145 0.1586 0.0536 0.0118 0.1058 0.3171 0.5811 0.5038
1494806400.0000 141450.0000 -0.6576 0.7869 0.3328 1.0873 140.1137 0.2047 0.1043 0.1677 -0.0382 0.0329 0.0015 0.2383 0.3697 0.3129
1494806400.0000 141750.0000 -0.9232 -0.8797 -0.3924 1.6417 46.3817 1.1049 0.5171 0.3722 0.0376 0.2533 0.2538 0.9971 0.6111 0.5766
1494806400.0000 142050.0000 -0.8167 -0.1823 -0.1698 1.1773 77.4198 0.4788 0.5974 0.2571 -0.0131 0.0959 0.2382 0.6667 0.7808 0.7158
1494806400.0000 142350.0000 -0.6731 0.1728 -0.0791 0.9775 104.3962 0.3750 0.3239 0.1644 -0.1727 0.0730 0.0561 0.4317 0.7671 0.6946
1494806400.0000 142650.0000 -0.1358 0.7578 0.2124 1.1484 169.8414 0.4799 0.5854 0.3952 0.2979 0.3073 0.3447 0.7303 0.8737 0.7740
1494806400.0000 142950.0000 0.7401 0.9272 0.3310 1.3061 218.5991 0.1953 0.2283 0.2353 -0.0860 -0.0722 0.0829 0.3295 0.3805 0.3167
1494806400.0000 143250.0000 1.2428 0.5827 0.2936 1.4273 244.8793 0.1836 0.1258 0.1679 -0.0302 -0.0225 0.0056 0.2387 0.2842 0.2340
1494806400.0000 143550.0000 1.2723 0.6855 0.5682 1.6131 241.6856 0.6483 0.2555 0.1820 -0.1429 -0.0719 0.0409 0.5429 0.3874 0.3798
1494806400.0000 143850.0000 1.9934 0.3764 0.3992 2.0980 259.3082 0.4697 0.2461 0.1899 -0.0862 -0.0543 0.0525 0.4528 0.2658 0.2408
1494806400.0000 144150.0000 2.0512 -0.0450 0.1796 2.0981 271.2581 0.3928 0.1609 0.1633 -0.0433 -0.0326 0.0316 0.3585 0.2374 0.2094
1494806400.0000 144450.0000 1.9422 0.4580 0.2901 2.0347 256.7302 0.3240 0.1561 0.1941 0.0233 -0.0076 0.0105 0.3371 0.2351 0.2005
1494806400.0000 144750.0000 0.8499 -0.0317 0.2019 1.0339 272.1386 0.4619 0.2344 0.1232 0.0547 -0.0329 0.0515 0.4097 0.5979 0.5665
1494806400.0000 145050.0000 -0.1275 -0.6378 -0.3755 1.1171 11.3061 0.4126 0.6066 0.2286 0.2159 0.1826 0.2305 0.6239 0.8587 0.8961
1494806400.0000 145350.0000 0.0249 0.0368 0.1307 0.7970 214.0472 0.4203 0.3651 0.1839 0.1279 0.1357 0.1290 0.4847 4.1179 11.5186
1494806400.0000 145650.0000 -0.0239 -0.6483 -0.3078 0.7674 2.1069 0.1407 0.1871 0.0572 0.0786 0.0143 0.0226 0.1925 0.4989 0.5095
1494806400.0000 145950.0000 -0.6436 0.0313 -0.0422 0.8885 92.7827 0.5713 0.1603 0.1629 0.1897 0.1359 0.0615 0.4472 0.8456 0.7664
1494806400.0000 146250.0000 1.0548 0.1373 0.1983 1.2255 262.5840 0.3856 0.3082 0.1658 -0.1836 -0.1161 0.1019 0.4298 0.4947 0.4521
1494806400.0000 146550.0000 1.6464 -0.2275 -0.0060 1.7772 277.8660 0.3580 0.3463 0.1105 -0.0356 0.0027 0.0492 0.4074 0.3135 0.2915
1494806400.0000 146850.0000 1.7222 -0.1524 0.0789 1.7520 275.0554 0.1566 0.0874 0.1002 -0.0442 -0.0555 0.0441 0.1721 0.1957 0.1650
1494806400.0000 147150.0000 1.2033 0.4636 0.3948 1.3183 248.9307 0.1338 0.0643 0.0728 0.0018 -0.0013 -0.0001 0.1354 0.2228 0.1993
1494806400.0000 147450.0000 0.9884 0.2086 0.2226 1.0471 258.0822 0.1525 0.0591 0.0776 -0.0111 -0.0235 0.0016 0.1446 0.3002 0.2629
1494806400.0000 147750.0000 1.1144 0.3416 0.1650 1.2548 252.9581 0.1260 0.2348 0.1148 0.0228 0.0037 0.0287 0.2378 0.3382 0.2975
1494806400.0000 148050.0000 1.8840 0.2850 0.4184 2.0210 261.3983 0.6133 0.4126 0.2182 -0.0076 -0.0254 0.1680 0.6220 0.3301 0.3069
1494806400.0000 148350.0000 1.5625 -0.8752 -0.2022 2.0811 299.2528 1.2283 0.8053 0.2516 0.0646 0.0355 0.2913 1.1426 0.4843 0.4597
1494806400.0000 148650.0000 1.2057 -0.6907 -0.1804 1.5533 299.8073 0.6329 0.3080 0.2186 0.0037 0.0704 0.1397 0.5797 0.4437 0.4030
1494806400.0000 148950.0000 -0.0778 -0.4432 -0.2063 0.8291 9.9552 0.2878 0.3988 0.1575 -0.0574 0.0280 0.1301 0.4220 1.0716 1.0632
1494806400.0000 149250.0000 0.5080 -0.1332 -0.0160 0.6685 284.6972 0.1493 0.1093 0.0667 0.0694 0.0184 0.0333 0.1626 0.6267 0.5590
1494806400.0000 149550.0000 0.1709 -0.1728 -0.0244 0.7897 315.3102 0.3359 0.4217 0.1851 0.0422 0.0735 0.2083 0.4714 2.2953 2.0680
1494806400.0000 149850.0000 0.8836 -0.0509 0.1511 0.9483 273.2944 0.1818 0.0850 0.1016 0.0286 -0.0136 0.0390 0.1842 0.3903 0.3369
1494806400.0000 150150.0000 0.6086 -0.8004 -0.1097 1.1587 322.7521 0.4303 0.2382 0.1460 -0.0766 -0.0418 0.0996 0.4072 0.5151 0.4695
1494806400.0000 150450.0000 0.6792 -0.5776 -0.1487 1.0031 310.3816 0.2696 0.2232 0.0733 -0.1204 -0.0518 0.0741 0.2831 0.4806 0.4546
1494806400.0000 150750.0000 0.6369 -0.9493 -0.1486 1.2216 326.1431 0.1942 0.2539 0.1027 0.0007 -0.0376 0.1019 0.2754 0.3717 0.3381
1494806400.0000 151050.0000 0.4572 -0.4428 -0.0874 0.7447 314.0787 0.1060 0.1827 0.0765 -0.0129 -0.0105 0.0694 0.1825 0.5430 0.4873
