1494720000.0000 150.0000 -0.3965 -0.2445 -0.0852 0.5014 58.3376 0.0369 0.0393 0.0096 0.0136 0.0040 -0.0029 0.0429 0.3571 0.3422
1494720000.0000 450.0000 -0.5383 -0.3057 -0.1425 0.6297 60.4042 0.0094 0.0158 0.0055 0.0014 0.0004 0.0004 0.0153 0.1590 0.1479
1494720000.0000 750.0000 -0.3324 -0.2693 -0.1108 0.4556 50.9855 0.0151 0.0210 0.0038 -0.0077 -0.0004 -0.0000 0.0200 0.2613 0.2567
1494720000.0000 1050.0000 0.0422 0.0554 -0.0229 0.2616 217.2611 0.0239 0.0633 0.0189 0.0206 0.0059 -0.0104 0.0531 2.5654 2.4486
1494720000.0000 1350.0000 0.0251 0.3876 0.0118 0.4091 183.7012 0.0151 0.0177 0.0137 -0.0020 -0.0012 0.0044 0.0233 0.3206 0.2694
1494720000.0000 1650.0000 -0.0188 -0.1258 0.0412 0.3020 8.4814 0.0455 0.0525 0.0140 -0.0167 0.0023 0.0070 0.0560 1.4455 1.4214
1494720000.0000 1950.0000 0.1247 0.0262 -0.0836 0.2658 258.1382 0.0672 0.0328 0.0334 -0.0002 -0.0019 -0.0014 0.0667 1.3837 1.4330
1494720000.0000 2250.0000 -0.1590 0.5124 0.0928 0.6567 162.7571 0.1657 0.0996 0.0156 -0.0899 -0.0098 0.0003 0.1404 0.5620 0.5543
1494720000.0000 2550.0000 -0.7087 0.8667 0.0715 1.1325 140.7263 0.0275 0.0275 0.0159 0.0012 0.0001 -0.0032 0.0355 0.1371 0.1210
1494720000.0000 2850.0000 -0.6091 1.0141 0.1276 1.2142 149.0091 0.0517 0.1144 0.0330 0.0082 0.0081 -0.0105 0.0996 0.2165 0.1989
1494720000.0000 3150.0000 -0.4821 0.9103 0.1427 1.0712 152.0929 0.0608 0.0933 0.0332 0.0121 0.0110 -0.0193 0.0936 0.2403 0.2200
1494720000.0000 3450.0000 -0.4375 0.8516 0.0922 0.9893 152.8073 0.0627 0.0553 0.0184 -0.0004 -0.0045 -0.0108 0.0682 0.2217 0.2072
1494720000.0000 3750.0000 -0.4333 0.5654 0.1076 0.7616 142.5369 0.0698 0.0834 0.0144 -0.0139 0.0054 -0.0030 0.0839 0.3282 0.3173
1494720000.0000 4050.0000 -0.6209 0.5828 0.0754 0.8881 133.1896 0.0549 0.0646 0.0184 -0.0045 0.0054 -0.0035 0.0690 0.2508 0.2344
1494720000.0000 4350.0000 -0.5265 0.9075 0.1336 1.0948 149.8793 0.0575 0.1374 0.0239 0.0170 0.0090 0.0143 0.1094 0.2554 0.2430
1494720000.0000 4650.0000 -0.5176 0.9902 0.0984 1.1460 152.4027 0.0530 0.1580 0.0229 -0.0145 0.0066 -0.0144 0.1169 0.2489 0.2373
1494720000.0000 4950.0000 -0.1434 1.1581 0.2390 1.2201 172.9403 0.1154 0.1974 0.0403 0.0349 0.0257 0.0023 0.1766 0.2880 0.2767
1494720000.0000 5250.0000 -0.0172 1.4916 0.2803 1.5175 179.3377 0.0764 0.1610 0.0527 0.0326 -0.0011 -0.0037 0.1450 0.2048 0.1886
1494720000.0000 5550.0000 -0.0320 1.2707 0.3158 1.3125 178.5582 0.0903 0.1992 0.0486 0.0427 0.0120 -0.0102 0.1690 0.2563 0.2444
1494720000.0000 5850.0000 -0.0789 1.3261 0.1884 1.3662 176.5930 0.1004 0.1458 0.0681 -0.0299 -0.0032 -0.0308 0.1571 0.2412 0.2157
1494720000.0000 6150.0000 0.1020 1.4007 0.2679 1.4341 184.1639 0.0756 0.1124 0.0323 0.0057 -0.0020 -0.0030 0.1101 0.1895 0.1782
1494720000.0000 6450.0000 -0.0479 1.3562 0.2751 1.3956 177.9786 0.0965 0.1476 0.0535 0.0284 0.0064 -0.0208 0.1488 0.2275 0.2102
1494720000.0000 6750.0000 -0.0069 1.4332 0.2828 1.4612 179.7231 0.0847 0.0790 0.0209 0.0258 -0.0018 -0.0011 0.0923 0.1698 0.1629
1494720000.0000 7050.0000 0.0635 1.2099 0.3116 1.2779 183.0064 0.1415 0.2264 0.0542 0.0269 0.0277 -0.0205 0.2111 0.2999 0.2891
1494720000.0000 7350.0000 0.5915 1.1024 0.3914 1.3365 208.2157 0.2264 0.0831 0.0316 -0.0212 0.0308 -0.0136 0.1705 0.2572 0.2567
1494720000.0000 7650.0000 0.2144 0.8438 0.2413 0.9019 194.2549 0.0511 0.0577 0.0220 -0.0028 0.0055 -0.0026 0.0654 0.2311 0.2187
1494720000.0000 7950.0000 0.0775 1.1043 0.2420 1.1421 184.0160 0.0807 0.0705 0.0433 0.0029 0.0071 -0.0022 0.0972 0.2247 0.2028
1494720000.0000 8250.0000 0.0487 0.7051 0.1809 0.7488 183.9509 0.0531 0.1032 0.0283 0.0061 0.0059 0.0036 0.0923 0.3400 0.3229
1494720000.0000 8550.0000 -0.5539 1.3158 0.2142 1.5035 157.1719 0.2332 0.1400 0.0678 -0.0118 0.0094 -0.0109 0.2205 0.2656 0.2471
1494720000.0000 8850.0000 -0.2698 1.1581 0.1879 1.3087 166.8858 0.1934 0.3673 0.0912 0.1322 0.0079 -0.0100 0.3259 0.3872 0.3636
1494720000.0000 9150.0000 0.1046 1.2989 0.2545 1.3247 184.6026 0.0537 0.1066 0.0365 -0.0073 0.0046 -0.0137 0.0984 0.1929 0.1774
1494720000.0000 9450.0000 0.1923 0.8354 0.2793 0.9249 192.9656 0.1141 0.0745 0.0289 -0.0032 -0.0083 -0.0136 0.1088 0.2987 0.2925
1494720000.0000 9750.0000 0.2680 0.9260 0.1774 0.9973 196.1425 0.0680 0.0885 0.0314 -0.0038 0.0053 -0.0175 0.0939 0.2553 0.2369
1494720000.0000 10050.0000 0.2589 0.8263 0.1786 0.9287 197.3973 0.1003 0.0595 0.0472 -0.0098 0.0003 0.0084 0.1035 0.2972 0.2666
1494720000.0000 10350.0000 0.1510 0.7013 0.1355 0.7817 192.1471 0.0635 0.2460 0.0384 0.0325 -0.0096 0.0235 0.1740 0.4665 0.4477
1494720000.0000 10650.0000 0.1709 1.0836 0.1940 1.3210 188.9615 0.4468 0.8778 0.0791 -0.0949 0.0206 0.0908 0.7019 0.6140 0.6057
1494720000.0000 10950.0000 0.5386 0.7888 0.2381 1.0921 214.3260 0.1448 0.2213 0.0344 -0.0968 -0.0129 0.0188 0.2003 0.3712 0.3658
1494720000.0000 11250.0000 0.5694 0.6943 0.2862 0.9289 219.3537 0.0494 0.0353 0.0297 -0.0145 0.0118 -0.0077 0.0571 0.2071 0.1870
1494720000.0000 11550.0000 -0.1376 1.2055 0.2555 1.2884 173.4890 0.2141 0.2537 0.0861 -0.0240 -0.0287 0.0115 0.2770 0.3465 0.3255
1494720000.0000 11850.0000 -0.3146 1.2792 0.1741 1.3600 166.1815 0.1109 0.0619 0.0428 0.0072 -0.0011 -0.0132 0.1078 0.2018 0.1822
1494720000.0000 12150.0000 -0.0814 1.2201 0.2407 1.2709 176.1838 0.1198 0.2735 0.0313 -0.0529 0.0047 -0.0099 0.2123 0.3019 0.2961
1494720000.0000 12450.0000 -0.4670 1.3608 0.2690 1.4966 161.0599 0.2369 0.3206 0.0621 -0.2015 0.0255 -0.0356 0.3098 0.3105 0.2996
1494720000.0000 12750.0000 -0.2662 1.3957 0.2776 1.5451 169.2011 0.3805 0.2023 0.0573 -0.0786 0.0570 -0.0347 0.3200 0.3190 0.3102
1494720000.0000 13050.0000 -0.1046 0.7673 0.2511 0.8909 172.2342 0.1801 0.2041 0.0336 -0.0862 0.0089 -0.0023 0.2089 0.4584 0.4621
1494720000.0000 13350.0000 -0.3437 0.9161 0.1398 1.0373 159.4321 0.1462 0.0955 0.0377 -0.0527 0.0162 -0.0220 0.1397 0.3088 0.2901
1494720000.0000 13650.0000 0.1263 0.8098 0.1987 0.9046 188.8653 0.1265 0.0796 0.0237 -0.0436 0.0077 -0.0157 0.1149 0.3282 0.3198
1494720000.0000 13950.0000 0.3128 1.0544 0.2593 1.1268 196.5231 0.0513 0.0884 0.0208 -0.0108 0.0052 -0.0081 0.0802 0.2046 0.1961
1494720000.0000 14250.0000 -0.4753 1.2583 0.1823 1.3618 159.3085 0.0494 0.0667 0.0261 -0.0128 0.0067 -0.0046 0.0711 0.1604 0.1462
1494720000.0000 14550.0000 -0.3915 1.2597 0.2285 1.3498 162.7343 0.0674 0.1075 0.0307 0.0099 0.0012 -0.0001 0.1028 0.1955 0.1830
1494720000.0000 14850.0000 0.2867 0.8197 0.2134 0.9100 199.2784 0.0541 0.1104 0.0262 -0.0284 -0.0036 -0.0009 0.0954 0.2820 0.2697
1494720000.0000 15150.0000 -0.1441 1.1644 0.2088 1.1916 172.9467 0.0445 0.0582 0.0234 -0.0031 0.0054 -0.0123 0.0630 0.1720 0.1577
1494720000.0000 15450.0000 -0.0786 0.9465 0.1926 0.9865 175.2540 0.0803 0.1013 0.0224 -0.0486 0.0076 -0.0043 0.1020 0.2691 0.2590
1494720000.0000 15750.0000 0.1872 0.9076 0.2118 0.9603 191.6576 0.0653 0.0521 0.0185 0.0088 0.0050 0.0003 0.0680 0.2239 0.2135
1494720000.0000 16050.0000 0.5026 1.2889 0.3984 1.4328 201.3036 0.0935 0.2033 0.0545 -0.0046 -0.0091 0.0095 0.1757 0.2377 0.2274
1494720000.0000 16350.0000 0.8146 0.7933 0.3985 1.1947 225.7583 0.1035 0.1620 0.0500 -0.0092 -0.0136 0.0256 0.1577 0.2691 0.2616
1494720000.0000 16650.0000 0.1490 0.8448 0.1716 0.9362 190.0005 0.1652 0.1580 0.0623 0.0751 0.0132 -0.0062 0.1927 0.4097 0.3826
1494720000.0000 16950.0000 -0.1793 1.2112 0.1698 1.2600 171.5789 0.0947 0.1577 0.0487 -0.0478 -0.0041 0.0081 0.1506 0.2563 0.2369
1494720000.0000 17250.0000 -0.4569 0.9624 0.1205 1.1063 154.6038 0.1254 0.0765 0.0363 -0.0255 -0.0157 -0.0022 0.1191 0.2628 0.2435
1494720000.0000 17550.0000 -0.0203 0.8183 0.1617 0.8661 178.5785 0.0803 0.0455 0.0337 -0.0270 0.0004 -0.0050 0.0797 0.2763 0.2501
1494720000.0000 17850.0000 -0.3979 0.9503 0.1088 1.0767 157.2783 0.1354 0.0961 0.0516 -0.0450 0.0004 -0.0231 0.1416 0.2966 0.2697
1494720000.0000 18150.0000 -0.4424 0.6497 0.0466 0.8204 145.7457 0.0482 0.0698 0.0208 -0.0079 0.0070 -0.0045 0.0694 0.2732 0.2523
1494720000.0000 18450.0000 -0.5557 0.9470 0.1114 1.1406 149.5940 0.0913 0.1038 0.0395 0.0051 0.0340 0.0010 0.1173 0.2534 0.2323
1494720000.0000 18750.0000 -0.4952 1.0197 0.1065 1.1739 154.0984 0.0959 0.0980 0.0317 -0.0174 0.0205 -0.0176 0.1128 0.2408 0.2243
1494720000.0000 19050.0000 -0.0121 1.1789 0.2500 1.2085 179.4128 0.0748 0.1241 0.0475 -0.0137 0.0199 -0.0302 0.1232 0.2378 0.2184
1494720000.0000 19350.0000 -0.0326 1.3566 0.3459 1.3894 178.6238 0.0872 0.1356 0.0280 -0.0299 0.0039 -0.0188 0.1254 0.2065 0.2008
1494720000.0000 19650.0000 -0.3227 1.3090 0.2360 1.3786 166.1529 0.1193 0.1650 0.0327 -0.0791 0.0125 -0.0248 0.1585 0.2375 0.2283
1494720000.0000 19950.0000 -0.7931 1.4008 0.1135 1.7218 150.4846 0.3428 0.1760 0.0494 0.0488 0.0580 0.0047 0.2841 0.2697 0.2583
1494720000.0000 20250.0000 -0.8978 0.7943 0.0252 1.2328 131.4998 0.0643 0.1594 0.0351 -0.0317 0.0053 -0.0067 0.1294 0.2449 0.2278
1494720000.0000 20550.0000 -0.6957 0.6329 -0.0026 0.9531 132.2936 0.0297 0.0440 0.0188 -0.0153 -0.0005 -0.0076 0.0462 0.1867 0.1667
1494720000.0000 20850.0000 -0.7971 0.8237 0.0815 1.1834 135.9369 0.1296 0.0719 0.0485 -0.0320 0.0396 -0.0199 0.1250 0.2512 0.2261
1494720000.0000 21150.0000 -0.5467 0.6070 0.0616 0.8605 137.9916 0.0699 0.0480 0.0346 0.0094 0.0123 -0.0100 0.0762 0.2752 0.2427
1494720000.0000 21450.0000 -0.3838 1.1156 0.1296 1.1988 161.0137 0.0652 0.1493 0.0414 -0.0345 0.0015 -0.0053 0.1280 0.2461 0.2266
1494720000.0000 21750.0000 -0.3926 1.1504 0.1056 1.2735 161.1579 0.1479 0.0791 0.0452 -0.0166 0.0025 -0.0087 0.1361 0.2469 0.2263
1494720000.0000 22050.0000 -0.8300 1.0366 0.0571 1.3638 141.3182 0.1370 0.0828 0.0520 -0.0228 0.0243 -0.0066 0.1359 0.2265 0.2039
1494720000.0000 22350.0000 -0.9820 0.8122 0.1014 1.3342 129.5930 0.0840 0.1788 0.0894 -0.0033 0.0110 -0.0087 0.1761 0.2680 0.2322
1494720000.0000 22650.0000 -1.0272 0.1548 -0.0671 1.1214 98.5717 0.1201 0.1691 0.0714 0.0437 0.0366 0.0268 0.1803 0.3331 0.2989
1494720000.0000 22950.0000 -0.6539 0.7921 0.0769 1.0985 140.4589 0.1385 0.1189 0.0604 0.0241 0.0282 -0.0139 0.1588 0.3159 0.2851
1494720000.0000 23250.0000 -0.3766 1.5146 0.2784 1.6138 166.0353 0.1932 0.1615 0.0608 -0.0385 -0.0005 -0.0103 0.2078 0.2348 0.2203
1494720000.0000 23550.0000 -0.5996 1.1967 0.1589 1.3832 153.3887 0.1428 0.1313 0.0590 -0.0413 0.0415 -0.0304 0.1666 0.2472 0.2258
1494720000.0000 23850.0000 0.0156 0.9420 0.2933 1.0379 180.9512 0.1977 0.1511 0.0689 0.0123 0.0616 0.0161 0.2088 0.3781 0.3619
1494720000.0000 24150.0000 -0.2639 1.5067 0.2917 1.5875 170.0639 0.1783 0.1646 0.0822 -0.0415 0.0383 -0.0377 0.2125 0.2417 0.2210
1494720000.0000 24450.0000 0.1610 1.2760 0.2924 1.3467 187.1915 0.1545 0.0538 0.0594 -0.0248 0.0372 -0.0102 0.1339 0.2265 0.2049
1494720000.0000 24750.0000 -0.4274 0.8564 0.2145 1.0189 153.4759 0.1422 0.1274 0.0640 -0.0235 0.0507 -0.0312 0.1668 0.3400 0.3132
1494720000.0000 25050.0000 -0.9908 0.8666 0.0850 1.3856 131.1725 0.1418 0.1623 0.0739 0.0283 0.0179 -0.0100 0.1890 0.2691 0.2419
1494720000.0000 25350.0000 -1.0118 1.1128 0.1072 1.5561 137.7242 0.1186 0.1590 0.0746 0.0134 0.0299 -0.0027 0.1761 0.2272 0.2022
1494720000.0000 25650.0000 -0.2430 1.5087 0.2367 1.6035 170.8486 0.2184 0.2306 0.0959 -0.0106 0.0376 -0.0004 0.2725 0.2756 0.2532
1494720000.0000 25950.0000 -0.4261 1.3865 0.3048 1.5127 162.9165 0.1986 0.1985 0.0737 -0.0588 0.0457 -0.0231 0.2354 0.2673 0.2508
1494720000.0000 26250.0000 -0.6268 1.8492 0.1749 1.9762 161.2743 0.1113 0.1498 0.0776 -0.0432 0.0336 -0.0283 0.1693 0.1714 0.1511
1494720000.0000 26550.0000 -0.3701 1.3645 0.1749 1.4622 164.8245 0.1247 0.2287 0.0738 -0.0015 0.0476 -0.0075 0.2136 0.2649 0.2428
1494720000.0000 26850.0000 -0.7384 1.2600 0.1032 1.5157 149.6296 0.1484 0.1444 0.0769 0.0125 0.0185 -0.0163 0.1848 0.2398 0.2139
1494720000.0000 27150.0000 -0.8920 0.7972 0.0429 1.2772 131.7876 0.2688 0.1207 0.0804 -0.0271 0.0798 -0.0242 0.2349 0.3306 0.3012
1494720000.0000 27450.0000 -0.6700 0.7689 0.0098 1.0664 138.9316 0.0778 0.0995 0.0692 0.0039 0.0258 -0.0244 0.1232 0.2810 0.2383
1494720000.0000 27750.0000 -0.7478 1.0600 0.1000 1.3317 144.7990 0.1275 0.0791 0.0520 -0.0155 0.0251 -0.0136 0.1293 0.2256 0.2023
1494720000.0000 28050.0000 -1.2557 0.2915 -0.1465 1.4847 103.0704 0.0515 0.5614 0.0580 0.0272 0.0118 0.0722 0.3355 0.3645 0.3506
1494720000.0000 28350.0000 -1.2837 -0.5978 -0.2921 1.4947 65.0288 0.1991 0.2587 0.1250 0.0949 0.0576 0.0518 0.2914 0.3048 0.2759
1494720000.0000 28650.0000 -1.4403 -0.6574 -0.3858 1.6342 65.4663 0.1197 0.1486 0.1113 -0.0298 0.0227 0.0217 0.1898 0.2183 0.1889
1494720000.0000 28950.0000 -1.0875 -0.6195 -0.4310 1.3296 60.3295 0.2117 0.2354 0.1074 0.0226 0.0297 0.0374 0.2773 0.3248 0.3085
1494720000.0000 29250.0000 -1.3545 -0.8149 -0.4661 1.6280 58.9669 0.1214 0.1653 0.1186 -0.0054 0.0018 0.0405 0.2027 0.2230 0.1956
1494720000.0000 29550.0000 -1.1198 -1.1457 -0.4049 1.7360 44.3451 0.1852 0.4955 0.1593 0.0057 0.0613 0.1369 0.4200 0.3202 0.2973
1494720000.0000 29850.0000 -1.1294 -0.3122 -0.2310 1.2662 74.5483 0.0839 0.2457 0.1366 0.0110 0.0221 0.0544 0.2331 0.3301 0.2829
1494720000.0000 30150.0000 -1.4244 -0.2871 -0.4148 1.5819 78.6024 0.1513 0.3832 0.1335 -0.0929 0.0203 0.0315 0.3340 0.3123 0.2905
1494720000.0000 30450.0000 -1.1771 0.2875 0.0039 1.3685 103.7266 0.2359 0.3347 0.1461 0.1099 0.0790 0.0521 0.3584 0.4034 0.3599
1494720000.0000 30750.0000 -0.9426 0.0468 -0.2460 1.1962 92.8411 0.1109 0.5561 0.1001 0.0185 0.0107 0.0919 0.3835 0.5185 0.4996
1494720000.0000 31050.0000 -0.7801 1.6027 0.2444 1.8646 154.0465 0.1846 0.5233 0.1157 0.0333 0.0829 0.0145 0.4118 0.2912 0.2725
1494720000.0000 31350.0000 -0.9126 1.3353 0.2978 1.6870 145.6502 0.3086 0.3240 0.1172 -0.1256 0.0945 -0.0701 0.3749 0.3040 0.2839
1494720000.0000 31650.0000 -0.7957 1.5311 0.2124 1.9276 152.5391 0.5499 0.4015 0.1646 0.3074 0.1379 0.0453 0.5580 0.3508 0.3263
1494720000.0000 31950.0000 -0.1183 1.4309 0.3265 1.4978 175.2730 0.1788 0.2810 0.1340 -0.0327 0.0423 -0.0710 0.2969 0.3022 0.2727
1494720000.0000 32250.0000 -0.0219 0.7670 0.1063 0.9343 178.3620 0.1593 0.4079 0.1705 -0.0289 0.0444 0.0184 0.3688 0.6401 0.5667
1494720000.0000 32550.0000 -0.0595 0.5978 0.2792 0.7115 174.3138 0.0935 0.2634 0.0705 0.0175 0.0076 -0.0419 0.2137 0.5697 0.5741
1494720000.0000 32850.0000 -0.4273 0.2969 0.1014 1.0188 124.7899 0.6199 0.2556 0.1726 0.2514 0.1620 0.0935 0.5241 1.1151 1.0383
1494720000.0000 33150.0000 -0.4782 -0.3492 -0.0336 0.6992 53.8607 0.2171 0.1057 0.1397 0.0591 0.0795 0.0515 0.2312 0.6620 0.5539
1494720000.0000 33450.0000 0.6068 -0.3556 -0.0174 0.8925 300.3737 0.3348 0.1279 0.0902 -0.0089 -0.0081 0.0561 0.2764 0.6102 0.5584
1494720000.0000 33750.0000 0.8981 -0.4626 -0.0303 1.1398 297.2540 0.1526 0.3457 0.1411 -0.0594 -0.0558 0.1256 0.3197 0.4568 0.4034
1494720000.0000 34050.0000 0.9144 0.0134 0.1603 0.9991 269.1575 0.2134 0.1514 0.0979 0.0374 -0.0771 0.0323 0.2313 0.4230 0.3813
1494720000.0000 34350.0000 0.5098 -0.1981 0.0550 0.6462 291.2379 0.1461 0.1006 0.0801 0.0574 -0.0019 0.0050 0.1634 0.6004 0.5242
1494720000.0000 34650.0000 0.4936 0.8216 0.2433 1.2976 210.9995 0.6769 0.1828 0.1559 -0.1334 0.1230 0.0143 0.5078 0.5884 0.5585
1494720000.0000 34950.0000 0.0420 0.4308 0.1973 0.5630 185.5722 0.0633 0.2671 0.1018 0.0035 0.0205 -0.0348 0.2161 0.7979 0.7666
1494720000.0000 35250.0000 0.3953 0.5324 0.0918 0.7636 216.5986 0.1104 0.1315 0.0818 -0.0247 0.0231 0.0166 0.1619 0.4908 0.4283
1494720000.0000 35550.0000 -0.3355 0.0667 -0.0700 0.5967 101.2457 0.2791 0.0961 0.1593 0.0472 0.0829 0.0416 0.2672 1.2088 1.0338
1494720000.0000 35850.0000 -0.6989 0.3496 -0.0004 0.8597 116.5718 0.0989 0.1658 0.1361 -0.0173 0.0015 0.0166 0.2004 0.4678 0.3802
1494720000.0000 36150.0000 -0.7035 0.4092 0.0085 0.9885 120.1829 0.2483 0.3891 0.1888 -0.0217 0.0593 0.0395 0.4131 0.6448 0.5664
1494720000.0000 36450.0000 -0.8303 0.5285 -0.0284 1.1814 122.4751 0.1807 0.5430 0.2565 -0.0673 -0.0165 0.1119 0.4901 0.5805 0.4990
1494720000.0000 36750.0000 -1.1696 1.6251 0.1899 2.0875 144.2569 0.3556 0.4796 0.2568 -0.0815 0.1320 -0.0494 0.5460 0.3000 0.2635
1494720000.0000 37050.0000 -0.8996 1.2994 0.1434 1.7006 145.3039 0.4878 0.3598 0.3128 -0.0952 0.0516 0.0339 0.5802 0.3919 0.3363
1494720000.0000 37350.0000 -0.3944 1.1330 0.0172 1.4774 160.8085 0.2410 0.8435 0.3192 0.2210 -0.0146 0.0270 0.7018 0.5701 0.5011
1494720000.0000 37650.0000 0.5752 -0.1701 -0.0340 1.0414 286.4749 0.2390 0.5946 0.1431 0.1913 0.1059 0.1418 0.4884 0.9498 0.8788
1494720000.0000 37950.0000 1.3804 0.6694 0.4124 1.6529 244.1284 0.2703 0.4219 0.1845 0.0187 0.0132 0.1035 0.4383 0.3403 0.3131
1494720000.0000 38250.0000 1.8181 0.5592 0.2590 1.9841 252.9031 0.2508 0.3484 0.1845 0.0689 -0.0243 0.1271 0.3919 0.2663 0.2350
1494720000.0000 38550.0000 1.4017 0.4169 0.1891 1.6286 253.4352 0.1750 0.6049 0.1369 0.1048 -0.0065 0.1874 0.4584 0.3749 0.3486
1494720000.0000 38850.0000 0.7871 0.6888 0.1047 1.1434 228.8105 0.3755 0.1974 0.1112 0.1825 0.1004 0.0949 0.3420 0.4543 0.4178
1494720000.0000 39150.0000 -0.5518 0.2146 0.0829 0.6339 111.2571 0.0555 0.0449 0.1211 0.0080 0.0108 -0.0194 0.1107 0.4545 0.3089
1494720000.0000 39450.0000 -0.3716 0.4060 0.1126 0.7729 137.5378 0.2384 0.2521 0.2596 -0.0606 0.0119 0.1196 0.3750 0.8901 0.7346
1494720000.0000 39750.0000 0.7110 0.8451 0.3316 1.3861 220.0731 0.2885 0.7456 0.1619 -0.0844 -0.0187 0.1281 0.5980 0.5476 0.5316
1494720000.0000 40050.0000 -0.6728 -0.7752 -0.3801 1.3812 40.9519 0.9182 0.5757 0.2708 0.1378 0.1476 0.0849 0.8823 0.7007 0.6875
1494720000.0000 40350.0000 -0.7569 2.1769 0.5373 2.9271 160.8273 1.3122 2.8889 0.5210 0.7050 0.3027 0.3798 2.3610 0.5301 0.5134
1494720000.0000 40650.0000 -0.0283 2.0442 0.3710 2.1385 179.2055 0.3201 0.4877 0.2688 -0.1358 0.0227 0.0520 0.5383 0.2883 0.2538
1494720000.0000 40950.0000 -0.8669 2.1808 0.3214 2.5596 158.3214 1.0287 0.3964 0.1917 0.0233 0.2017 0.0007 0.8084 0.3099 0.2937
1494720000.0000 41250.0000 0.7738 1.0263 0.3350 1.3455 217.0154 0.2273 0.1742 0.1778 0.0712 0.0917 0.0304 0.2896 0.3308 0.2846
1494720000.0000 41550.0000 0.8765 1.0717 0.4932 1.5597 219.2795 0.5149 0.2756 0.1299 -0.0894 -0.0264 0.0059 0.4602 0.3769 0.3708
1494720000.0000 41850.0000 -0.7072 0.6973 0.1523 1.2696 134.5961 0.2580 0.9489 0.1702 -0.0577 0.0251 0.0210 0.6885 0.6743 0.6386
1494720000.0000 42150.0000 -0.1460 1.5148 0.3558 1.9555 174.4965 0.5895 2.1892 0.2223 0.5383 0.2315 0.4044 1.5005 0.6400 0.6324
1494720000.0000 42450.0000 -0.9508 0.0512 -0.2577 1.8798 93.0807 0.5189 2.6465 0.2731 0.6359 0.0966 0.3921 1.7192 1.0853 1.0788
1494720000.0000 42750.0000 -0.1347 0.8593 -0.0302 1.2506 171.0904 0.5202 0.6891 0.2466 0.0748 0.0062 -0.0356 0.7279 0.8004 0.7299
1494720000.0000 43050.0000 0.3353 0.1675 -0.0669 0.7900 243.4494 0.2240 0.5241 0.1545 0.0222 -0.0067 0.0704 0.4513 1.4406 1.3323
1494720000.0000 43350.0000 0.5305 0.8681 0.2235 1.1998 211.4291 0.3293 0.1943 0.1207 -0.1550 0.0277 -0.0228 0.3221 0.4449 0.4107
1494720000.0000 43650.0000 0.6248 0.4115 0.3430 1.0634 236.6276 0.5378 0.3103 0.1138 -0.1522 -0.1079 0.0262 0.4810 0.6880 0.7107
1494720000.0000 43950.0000 0.3192 1.2275 0.2367 1.6283 194.5778 0.9286 0.3734 0.2149 -0.0800 0.1275 0.0211 0.7584 0.5511 0.5194
1494720000.0000 44250.0000 -0.9283 1.7395 0.3792 2.1171 151.9120 0.5075 0.7189 0.2644 -0.0751 0.0453 0.0071 0.7454 0.3511 0.3243
1494720000.0000 44550.0000 -0.2606 0.8464 0.2107 1.1062 162.8882 0.4187 0.5050 0.1501 -0.2527 0.0296 -0.0618 0.5369 0.6572 0.6266
1494720000.0000 44850.0000 -0.2208 2.0904 0.3285 2.2150 173.9703 0.3300 1.3412 0.1878 -0.3356 0.0062 0.1933 0.9295 0.3700 0.3551
1494720000.0000 45150.0000 0.4597 0.4811 -0.0287 0.8409 223.6934 0.2075 0.2527 0.2545 0.0847 0.0316 0.0692 0.3573 0.7328 0.5886
1494720000.0000 45450.0000 -0.2571 0.4683 -0.0332 1.3923 151.2284 1.2766 0.7142 0.3010 0.2384 0.1709 0.1487 1.1459 1.6329 1.5249
1494720000.0000 45750.0000 0.6601 3.1092 0.7936 3.3083 191.9863 0.5828 1.2119 0.2391 -0.3715 0.0743 0.0376 1.0169 0.2513 0.2433
1494720000.0000 46050.0000 1.7473 2.2374 0.7057 3.0448 217.9873 1.1092 0.7165 0.1599 -0.1994 0.1035 0.0030 0.9928 0.2781 0.2748
1494720000.0000 46350.0000 -0.0096 2.1279 0.4713 2.2652 179.7411 0.5273 0.5602 0.1780 -0.0409 0.0791 -0.0528 0.6327 0.2980 0.2829
1494720000.0000 46650.0000 -0.4349 1.8445 0.3690 2.0828 166.7324 0.8543 0.8388 0.2298 -0.4643 0.1034 -0.1035 0.9614 0.4147 0.3964
1494720000.0000 46950.0000 0.1766 1.9980 0.4855 2.1461 185.0517 0.6305 0.8243 0.1672 0.2595 0.1283 0.0684 0.8110 0.3563 0.3472
1494720000.0000 47250.0000 0.0731 2.1007 0.4807 2.1867 181.9930 0.3820 0.4284 0.2357 0.0637 0.0634 0.0063 0.5231 0.2739 0.2473
1494720000.0000 47550.0000 0.2571 2.2129 0.4884 2.3177 186.6269 0.4078 0.4647 0.1639 0.1109 0.1650 0.0307 0.5182 0.2577 0.2421
1494720000.0000 47850.0000 0.5736 1.0688 0.1813 1.3361 208.2238 0.1874 0.3290 0.1851 -0.0626 0.0023 -0.0372 0.3507 0.3943 0.3420
1494720000.0000 48150.0000 0.4455 -0.1503 -0.0324 0.8828 288.6474 0.2500 0.5215 0.3768 0.1300 0.0534 0.2344 0.5741 1.3126 1.0785
1494720000.0000 48450.0000 1.3102 1.1266 0.5169 1.9220 229.3094 0.3840 0.6974 0.2707 -0.0259 -0.0266 0.1211 0.6760 0.3722 0.3474
1494720000.0000 48750.0000 1.8822 1.9631 0.6203 2.8031 223.7948 0.4271 0.4460 0.1915 -0.0205 0.0263 0.0347 0.5323 0.2136 0.1984
1494720000.0000 49050.0000 1.5161 1.7491 0.6246 2.5231 220.9193 0.8257 0.6626 0.2089 -0.2399 -0.1144 0.1352 0.8486 0.3137 0.3043
1494720000.0000 49350.0000 0.4801 1.5143 0.3896 2.0170 197.5900 1.4245 0.5926 0.2893 -0.2677 0.1257 0.0492 1.1532 0.5360 0.5162
1494720000.0000 49650.0000 0.1591 1.9556 0.3868 2.3042 184.6502 1.0284 1.3852 0.2234 -0.6965 0.0287 0.2040 1.3185 0.4688 0.4572
1494720000.0000 49950.0000 0.1170 2.0810 0.4285 2.3677 183.2190 0.8879 1.6763 0.1945 -0.8775 -0.0323 0.0787 1.3793 0.4507 0.4436
1494720000.0000 50250.0000 0.2978 2.1256 0.4608 2.2296 187.9759 0.3032 0.6773 0.1381 -0.1368 0.0042 0.0196 0.5593 0.2782 0.2664
1494720000.0000 50550.0000 0.2132 1.4180 0.3846 1.5264 188.5497 0.2511 0.3887 0.1351 -0.0660 -0.0061 -0.0006 0.3874 0.3423 0.3220
1494720000.0000 50850.0000 0.1051 2.2664 0.5376 2.4213 182.6562 0.7626 0.4905 0.1639 0.0881 0.1921 0.0386 0.7085 0.2947 0.2849
1494720000.0000 51150.0000 0.0413 1.2233 0.2366 1.3620 181.9359 0.3199 0.3513 0.1373 -0.0491 0.0269 0.0120 0.4043 0.4164 0.3864
1494720000.0000 51450.0000 -0.5565 1.9033 0.4533 2.0669 163.7025 0.2963 0.7728 0.1571 -0.1828 0.0913 -0.1424 0.6131 0.3143 0.3010
1494720000.0000 51750.0000 -0.0423 1.8346 0.4020 2.1116 178.6800 1.1913 0.3894 0.1786 -0.0126 0.1595 -0.0016 0.8797 0.4076 0.3955
1494720000.0000 52050.0000 -1.3307 1.3627 0.2069 1.9926 135.6789 0.2325 0.4733 0.1786 -0.0325 0.0887 -0.0126 0.4422 0.2834 0.2547
1494720000.0000 52350.0000 -0.4292 0.9368 0.2627 1.2389 155.3849 0.4016 0.3679 0.1034 0.1935 0.0802 0.0346 0.4364 0.5072 0.4915
1494720000.0000 52650.0000 -0.5697 2.0948 0.3653 2.2693 164.7850 0.4049 0.6252 0.1575 -0.1728 0.0417 -0.0343 0.5937 0.2858 0.2699
1494720000.0000 52950.0000 -0.7441 2.5912 0.3089 2.7220 163.9772 0.1609 0.2529 0.1018 -0.0655 0.0326 -0.0193 0.2578 0.1528 0.1378
1494720000.0000 53250.0000 -0.1319 2.0096 0.4405 2.0940 176.2438 0.3670 0.2925 0.1057 -0.0872 0.0021 0.0010 0.3826 0.2450 0.2328
1494720000.0000 53550.0000 0.0205 1.2622 0.3166 1.3559 180.9308 0.2616 0.2303 0.0942 -0.0862 0.0512 -0.0166 0.2930 0.3396 0.3207
1494720000.0000 53850.0000 -0.8506 2.5306 0.5139 2.7339 161.4220 0.4044 1.2380 0.1623 -0.3010 0.0360 -0.0332 0.9023 0.2853 0.2771
1494720000.0000 54150.0000 0.1366 2.5645 0.5532 2.6428 183.0483 0.3954 0.5650 0.1573 -0.0474 0.1159 -0.0488 0.5589 0.2324 0.2203
1494720000.0000 54450.0000 0.0509 1.6628 0.3962 1.7355 181.7531 0.2307 0.1746 0.1157 -0.0433 0.0345 -0.0233 0.2605 0.2437 0.2209
1494720000.0000 54750.0000 0.4483 2.4242 0.5291 2.5652 190.4780 0.4226 0.4244 0.2256 -0.1537 0.0590 -0.0624 0.5363 0.2371 0.2155
1494720000.0000 55050.0000 2.1478 1.0532 0.3873 2.4759 243.8792 0.4857 0.3398 0.1673 -0.0633 -0.0005 0.0600 0.4964 0.2374 0.2193
1494720000.0000 55350.0000 1.0462 0.9191 0.2486 1.5707 228.6993 0.6734 0.6630 0.3972 0.2806 0.0327 0.2189 0.8668 0.5374 0.4793
1494720000.0000 55650.0000 1.1100 -0.1647 0.1777 1.4122 278.4423 0.3635 0.8709 0.2931 0.0104 0.0109 0.2287 0.7637 0.6281 0.5716
1494720000.0000 55950.0000 1.3536 1.3036 0.5723 1.9436 226.0785 0.2369 0.2422 0.1355 0.0034 0.0246 0.0266 0.3073 0.2304 0.2127
1494720000.0000 56250.0000 0.8557 1.3799 0.3622 1.7280 211.8038 0.3069 0.2358 0.1364 -0.0582 -0.0736 -0.0053 0.3396 0.2860 0.2620
1494720000.0000 56550.0000 1.2417 0.7532 0.4124 1.6205 238.7604 0.5509 0.3852 0.2252 0.0261 -0.0650 0.0765 0.5807 0.4121 0.3846
1494720000.0000 56850.0000 1.8207 -0.5107 0.0628 2.0379 285.6683 0.7244 0.6661 0.2694 0.0111 -0.1347 0.1053 0.8300 0.3932 0.3600
1494720000.0000 57150.0000 1.8605 0.0342 0.0763 1.9712 268.9480 0.3615 0.4090 0.2475 0.0879 -0.1342 0.0568 0.5090 0.3128 0.2723
1494720000.0000 57450.0000 1.3188 0.2000 0.1852 1.5429 261.3752 0.5892 0.5325 0.1206 0.3382 0.0638 0.1017 0.6212 0.4778 0.4584
1494720000.0000 57750.0000 1.3309 0.2721 0.2895 1.5754 258.4451 0.5994 0.5384 0.2243 -0.0398 -0.1145 0.1473 0.6810 0.4851 0.4533
1494720000.0000 58050.0000 1.6185 0.1231 0.1518 1.7064 265.6488 0.2857 0.2778 0.1589 0.0516 -0.0380 0.0895 0.3612 0.3010 0.2670
1494720000.0000 58350.0000 0.9220 -0.0002 0.1262 1.1532 270.0139 0.3703 0.4577 0.1563 -0.0118 -0.0537 0.1155 0.4921 0.6155 0.5698
1494720000.0000 58650.0000 1.5658 -0.1173 0.1607 1.7494 274.2827 0.7243 0.5449 0.2455 0.2172 -0.0933 0.0968 0.7574 0.4502 0.4142
1494720000.0000 58950.0000 1.2594 0.8986 0.4225 1.7010 234.4924 0.2886 0.4797 0.2199 -0.0732 0.0091 0.1668 0.4941 0.3579 0.3271
1494720000.0000 59250.0000 1.4025 -0.1099 0.2113 1.5519 274.4789 0.4353 0.4118 0.2685 0.0279 -0.1511 0.1143 0.5578 0.4287 0.3777
1494720000.0000 59550.0000 1.0200 -0.2171 0.2008 1.2536 282.0166 0.4577 0.4567 0.1781 0.0158 -0.0878 0.0632 0.5463 0.5683 0.5294
1494720000.0000 59850.0000 1.6352 0.4585 0.4097 1.9214 254.3367 0.8019 0.7086 0.3570 0.2742 0.0043 0.2594 0.9337 0.4516 0.4178
1494720000.0000 60150.0000 2.1982 0.4900 0.1762 2.3305 257.4326 0.7815 0.4108 0.2163 0.3015 0.0548 0.1517 0.7043 0.3033 0.2799
1494720000.0000 60450.0000 2.0653 0.5042 0.2416 2.2406 256.2807 0.6468 0.5422 0.3113 0.1099 0.0140 0.2178 0.7502 0.3305 0.2961
1494720000.0000 60750.0000 1.6151 0.4768 0.2615 1.8019 253.5510 0.5974 0.4080 0.1873 0.1211 -0.0747 0.0943 0.5964 0.3700 0.3438
1494720000.0000 61050.0000 1.8531 1.1982 0.4018 2.2695 237.1143 0.5569 0.2096 0.1552 0.0825 -0.0801 0.0515 0.4609 0.2471 0.2291
1494720000.0000 61350.0000 1.3361 0.3522 0.3045 1.4576 255.2318 0.2366 0.2193 0.1364 0.0512 -0.0282 0.0858 0.2962 0.3141 0.2821
1494720000.0000 61650.0000 1.6730 0.4296 0.1895 1.7778 255.5985 0.2884 0.1683 0.1286 0.0404 -0.0336 0.0690 0.2927 0.2542 0.2259
1494720000.0000 61950.0000 1.8914 0.6690 0.2686 2.0725 250.5220 0.9128 0.2358 0.1916 0.1500 -0.0323 0.0884 0.6701 0.3302 0.3084
1494720000.0000 62250.0000 1.7028 0.1941 0.1354 1.9601 263.4971 0.8139 0.8403 0.2181 -0.1622 -0.0597 0.1698 0.9362 0.4595 0.4333
1494720000.0000 62550.0000 1.7714 -0.5103 0.0228 1.9939 286.0715 0.5665 0.5628 0.2117 0.0203 -0.1026 0.0259 0.6705 0.3626 0.3328
1494720000.0000 62850.0000 1.0797 -0.2355 0.0985 1.2607 282.3029 0.3247 0.3530 0.2036 -0.0259 -0.0424 0.1206 0.4407 0.4885 0.4301
1494720000.0000 63150.0000 0.9374 -0.2825 0.1930 1.2977 286.7706 0.6012 0.7727 0.2786 -0.2323 -0.0853 0.1733 0.8263 0.7438 0.6913
1494720000.0000 63450.0000 0.8831 1.4467 0.4618 1.8640 211.4017 0.5527 0.4156 0.2264 -0.0970 -0.0738 0.0802 0.5974 0.3592 0.3352
1494720000.0000 63750.0000 0.4730 1.2658 0.3936 1.4960 200.4895 0.2454 0.7037 0.1736 0.0924 0.0228 0.1267 0.5613 0.4347 0.4163
1494720000.0000 64050.0000 0.9263 1.4073 0.4546 1.7373 213.3535 0.2353 0.2847 0.1617 0.0737 0.0860 0.0212 0.3408 0.2732 0.2471
1494720000.0000 64350.0000 0.9458 1.4520 0.5539 1.8262 213.0802 0.3390 0.3266 0.1972 0.0235 0.0221 0.0007 0.4314 0.2948 0.2718
1494720000.0000 64650.0000 0.8864 2.0470 0.5934 2.3756 203.4129 0.7287 0.2107 0.1393 -0.0546 0.1233 -0.0131 0.5393 0.2598 0.2508
1494720000.0000 64950.0000 1.3197 1.2805 0.3798 1.9205 225.8636 0.4070 0.1707 0.1055 0.0159 0.0884 -0.0110 0.3416 0.2541 0.2386
1494720000.0000 65250.0000 0.3647 1.1358 0.1599 1.3253 197.8002 0.2802 0.1997 0.0709 -0.0829 0.0332 -0.0356 0.2754 0.3560 0.3352
1494720000.0000 65550.0000 1.3777 0.9109 0.3348 1.7225 236.5275 0.2182 0.1629 0.0711 -0.0352 -0.0336 0.0288 0.2261 0.2304 0.2158
1494720000.0000 65850.0000 1.4362 0.4831 0.1301 1.6299 251.4104 0.2370 0.3859 0.1467 0.1113 0.0065 0.0863 0.3848 0.3330 0.3007
1494720000.0000 66150.0000 1.5160 -0.6959 -0.1077 1.7711 294.6550 0.5437 0.5276 0.1709 -0.2224 -0.1013 0.1198 0.6211 0.3850 0.3582
1494720000.0000 66450.0000 1.7697 0.4361 0.2549 1.8716 256.1568 0.6621 0.2075 0.1567 0.2035 0.0216 0.0715 0.5131 0.3178 0.2954
1494720000.0000 66750.0000 1.3358 0.3159 0.1283 1.4592 256.6925 0.2741 0.2531 0.0853 0.0821 -0.0056 0.0565 0.3062 0.3277 0.3054
1494720000.0000 67050.0000 1.3037 0.2111 0.1538 1.3929 260.8017 0.1551 0.1902 0.0721 0.0431 -0.0205 0.0586 0.2087 0.2805 0.2569
1494720000.0000 67350.0000 1.4610 0.2534 0.1137 1.5538 260.1614 0.3497 0.2148 0.1401 0.0794 -0.0497 0.0482 0.3523 0.3259 0.2925
1494720000.0000 67650.0000 1.7175 0.6657 0.2705 1.8975 248.8149 0.3723 0.1717 0.1227 0.0208 -0.0802 0.0418 0.3334 0.2532 0.2312
1494720000.0000 67950.0000 1.1797 0.1851 0.1372 1.2589 261.0826 0.2098 0.1528 0.1028 0.0277 -0.0529 0.0295 0.2327 0.3277 0.2912
1494720000.0000 68250.0000 0.9247 0.2410 0.1262 0.9959 255.3905 0.1191 0.0781 0.0492 0.0222 -0.0192 0.0097 0.1232 0.2973 0.2683
1494720000.0000 68550.0000 0.9442 -0.0100 0.0415 1.0110 270.6072 0.2367 0.1230 0.0690 0.0893 -0.0048 0.0139 0.2143 0.3999 0.3667
1494720000.0000 68850.0000 0.8581 -0.1078 -0.0105 0.9277 277.1620 0.1092 0.0977 0.0435 0.0434 -0.0129 0.0011 0.1252 0.3340 0.3036
1494720000.0000 69150.0000 0.3313 -0.3446 -0.0571 0.5718 316.1266 0.0850 0.0496 0.0293 0.0289 -0.0059 -0.0010 0.0819 0.4854 0.4431
1494720000.0000 69450.0000 0.4749 -0.5078 -0.0573 0.7500 316.9166 0.0738 0.0587 0.0289 0.0103 -0.0121 -0.0048 0.0807 0.3325 0.3023
1494720000.0000 69750.0000 0.6214 -0.6656 -0.1165 0.9473 316.9643 0.0855 0.0458 0.0243 -0.0045 -0.0047 -0.0001 0.0778 0.2481 0.2298
1494720000.0000 70050.0000 0.4593 -0.4814 -0.0470 0.7072 316.3460 0.0562 0.0445 0.0111 0.0019 -0.0045 0.0023 0.0559 0.2894 0.2754
1494720000.0000 70350.0000 0.5836 -0.7517 -0.1235 1.0047 322.1761 0.1150 0.0552 0.0282 0.0081 -0.0026 0.0023 0.0992 0.2680 0.2503
1494720000.0000 70650.0000 0.2957 -1.0843 -0.2380 1.1788 344.7479 0.1389 0.0442 0.0344 -0.0051 -0.0070 0.0015 0.1088 0.2344 0.2198
1494720000.0000 70950.0000 0.2417 -0.7499 -0.1349 0.8230 342.1396 0.0589 0.0419 0.0199 -0.0005 -0.0112 0.0008 0.0604 0.2510 0.2327
1494720000.0000 71250.0000 0.2255 -0.5025 -0.0808 0.6097 335.8344 0.0362 0.0642 0.0127 0.0170 0.0032 -0.0005 0.0565 0.3488 0.3321
1494720000.0000 71550.0000 0.1851 -0.1277 -0.0047 0.2544 304.6113 0.0094 0.0146 0.0055 0.0009 0.0009 0.0014 0.0147 0.4408 0.3973
1494720000.0000 71850.0000 0.1641 -0.6164 -0.1004 0.6877 345.0952 0.1069 0.0754 0.0140 -0.0462 -0.0184 0.0101 0.0982 0.3962 0.3865
1494720000.0000 72150.0000 0.4378 -0.9935 -0.1985 1.1368 336.2172 0.1188 0.0663 0.0289 0.0014 -0.0183 0.0036 0.1070 0.2419 0.2288
1494720000.0000 72450.0000 0.3900 -0.7313 -0.1148 0.8590 331.9271 0.0440 0.0378 0.0177 0.0072 -0.0077 -0.0033 0.0497 0.2176 0.1992
1494720000.0000 72750.0000 0.4129 -0.5261 -0.0492 0.6923 321.8775 0.0308 0.0343 0.0079 -0.0008 -0.0022 -0.0003 0.0365 0.2325 0.2201
1494720000.0000 73050.0000 0.1435 -0.1725 -0.0115 0.2854 320.2449 0.0186 0.0319 0.0048 -0.0005 -0.0010 0.0010 0.0276 0.6040 0.5779
1494720000.0000 73350.0000 -0.1518 -0.5239 -0.1085 0.5741 16.1597 0.0275 0.0724 0.0063 -0.0047 -0.0002 0.0001 0.0531 0.3382 0.3344
1494720000.0000 73650.0000 0.4525 -0.7984 -0.1127 0.9477 330.4557 0.0552 0.0713 0.0196 -0.0070 -0.0077 0.0019 0.0730 0.2387 0.2237
1494720000.0000 73950.0000 0.3640 -0.6841 -0.0813 0.8060 331.9843 0.0687 0.0487 0.0243 -0.0130 -0.0076 0.0050 0.0709 0.2790 0.2554
1494720000.0000 74250.0000 0.2034 -0.1783 -0.0244 0.3023 311.2312 0.0115 0.0239 0.0052 -0.0005 -0.0010 0.0009 0.0203 0.4284 0.4014
1494720000.0000 74550.0000 0.0042 -0.0646 -0.0014 0.1355 356.2542 0.0141 0.0062 0.0046 -0.0007 0.0011 -0.0007 0.0124 1.4058 1.2688
1494720000.0000 74850.0000 -0.0303 -0.0822 -0.0103 0.1904 20.2601 0.0117 0.0309 0.0058 0.0045 0.0024 0.0057 0.0241 1.4377 1.3583
1494720000.0000 75150.0000 0.0446 -0.2710 -0.0386 0.2937 350.6500 0.0116 0.0147 0.0028 0.0033 0.0023 0.0003 0.0146 0.3554 0.3411
1494720000.0000 75450.0000 -0.1623 -0.5115 -0.1076 0.5413 17.5988 0.0056 0.0061 0.0018 0.0011 0.0004 -0.0003 0.0068 0.1227 0.1163
1494720000.0000 75750.0000 -0.0954 -0.5391 -0.0875 0.5781 10.0369 0.0315 0.0159 0.0026 -0.0131 0.0003 -0.0011 0.0250 0.2328 0.2296
1494720000.0000 76050.0000 0.2344 -0.5150 -0.0487 0.5890 335.5287 0.0199 0.0236 0.0053 0.0084 0.0005 -0.0016 0.0244 0.2245 0.2128
1494720000.0000 76350.0000 0.0646 -0.5543 -0.0601 0.5856 353.3539 0.0248 0.0244 0.0050 0.0089 0.0028 -0.0001 0.0271 0.2395 0.2294
1494720000.0000 76650.0000 -0.2166 -0.3471 -0.0860 0.4204 31.9693 0.0084 0.0066 0.0021 -0.0017 0.0005 -0.0004 0.0085 0.1801 0.1726
1494720000.0000 76950.0000 -0.5655 -0.6482 -0.1866 0.8686 41.1004 0.0485 0.1230 0.0139 0.0684 0.0179 0.0291 0.0927 0.2824 0.2779
1494720000.0000 77250.0000 -0.8030 -1.1143 -0.3554 1.3774 35.7764 0.0234 0.0345 0.0137 0.0178 0.0080 0.0125 0.0358 0.1089 0.1012
1494720000.0000 77550.0000 -0.7678 -1.3404 -0.3756 1.5514 29.8047 0.0156 0.0250 0.0096 -0.0028 0.0008 0.0057 0.0251 0.0813 0.0753
1494720000.0000 77850.0000 -0.7838 -1.4193 -0.4016 1.6310 28.9112 0.0248 0.0250 0.0089 -0.0086 -0.0018 0.0029 0.0293 0.0837 0.0794
1494720000.0000 78150.0000 -0.7019 -1.1356 -0.3216 1.3435 31.7178 0.0311 0.0244 0.0145 0.0084 0.0046 0.0003 0.0350 0.1112 0.1018
1494720000.0000 78450.0000 0.1507 -0.7582 -0.0940 0.9241 348.7603 0.2313 0.1075 0.0170 0.1130 0.0381 0.0200 0.1779 0.4423 0.4347
1494720000.0000 78750.0000 0.6233 -0.6553 -0.0743 0.9179 316.4366 0.0242 0.0213 0.0087 0.0006 -0.0019 -0.0041 0.0271 0.1480 0.1361
1494720000.0000 79050.0000 0.3925 -0.6354 -0.0781 0.7612 328.2950 0.0160 0.0142 0.0056 0.0067 -0.0024 -0.0017 0.0179 0.1453 0.1343
1494720000.0000 79350.0000 0.2619 -0.4354 -0.0220 0.5321 328.9736 0.0283 0.0117 0.0034 -0.0008 -0.0004 0.0004 0.0217 0.2366 0.2273
1494720000.0000 79650.0000 0.1725 -0.3658 -0.0063 0.4360 334.7527 0.0238 0.0140 0.0044 0.0071 0.0024 0.0010 0.0211 0.2934 0.2776
1494720000.0000 79950.0000 0.1457 -0.1475 0.0453 0.2770 315.3471 0.0335 0.0185 0.0100 0.0009 0.0039 -0.0025 0.0310 0.6777 0.6351
1494720000.0000 80250.0000 0.3042 -0.3299 0.0229 0.4774 317.3156 0.0504 0.0113 0.0059 -0.0056 0.0090 -0.0020 0.0338 0.3341 0.3196
1494720000.0000 80550.0000 0.5644 -0.6267 -0.0189 0.8490 317.9958 0.0165 0.0234 0.0040 -0.0114 -0.0036 0.0043 0.0220 0.1434 0.1367
1494720000.0000 80850.0000 0.2422 -0.5099 -0.0172 0.5933 334.5918 0.0499 0.0163 0.0043 -0.0158 0.0041 -0.0016 0.0353 0.2715 0.2632
1494720000.0000 81150.0000 -0.2437 -0.1810 -0.0714 0.3274 53.4021 0.0111 0.0132 0.0031 -0.0021 0.0004 -0.0017 0.0137 0.3062 0.2963
1494720000.0000 81450.0000 -0.5363 -0.4316 -0.1516 0.7001 51.1724 0.0116 0.0365 0.0051 0.0154 0.0042 0.0082 0.0266 0.1891 0.1841
1494720000.0000 81750.0000 -0.4368 -0.5558 -0.0861 0.7501 38.1644 0.0593 0.0147 0.0072 -0.0148 0.0143 -0.0042 0.0406 0.2311 0.2222
1494720000.0000 82050.0000 -0.0745 -0.6135 -0.0741 0.6568 6.9256 0.0433 0.0450 0.0228 -0.0058 0.0047 0.0054 0.0555 0.3091 0.2776
1494720000.0000 82350.0000 -0.8622 -0.9302 -0.2510 1.2941 42.8275 0.1092 0.0201 0.0129 0.0254 0.0206 0.0047 0.0711 0.1684 0.1637
1494720000.0000 82650.0000 -1.0932 -0.9342 -0.3612 1.4519 49.4834 0.0246 0.0228 0.0063 -0.0162 -0.0001 0.0024 0.0268 0.0902 0.0874
1494720000.0000 82950.0000 -0.8530 -1.2260 -0.3506 1.4988 34.8292 0.0131 0.0247 0.0109 0.0011 0.0038 0.0082 0.0243 0.0830 0.0751
1494720000.0000 83250.0000 -0.7349 -0.8604 -0.2415 1.1395 40.5038 0.0515 0.0234 0.0132 0.0229 0.0129 0.0088 0.0440 0.1481 0.1396
1494720000.0000 83550.0000 -1.2147 -1.4311 -0.4536 1.8816 40.3249 0.0398 0.0486 0.0181 0.0270 0.0116 0.0158 0.0533 0.0976 0.0915
1494720000.0000 83850.0000 -1.0224 -1.4496 -0.4125 1.7787 35.1934 0.0110 0.0442 0.0080 0.0057 0.0033 0.0068 0.0316 0.0797 0.0765
1494720000.0000 84150.0000 -0.8508 -1.4285 -0.3700 1.6651 30.7783 0.0160 0.0139 0.0093 0.0089 0.0069 0.0070 0.0197 0.0672 0.0601
1494720000.0000 84450.0000 -0.5213 -0.9465 -0.1227 1.0843 28.8442 0.0152 0.0317 0.0047 0.0128 0.0021 0.0040 0.0258 0.1206 0.1157
1494720000.0000 84750.0000 -0.6090 -1.2400 -0.2468 1.3918 26.1586 0.0560 0.0477 0.0128 0.0353 0.0116 0.0135 0.0583 0.1405 0.1346
1494720000.0000 85050.0000 -1.0069 -1.6072 -0.3773 1.8995 32.0668 0.0183 0.0247 0.0111 0.0102 0.0049 0.0075 0.0270 0.0694 0.0631
1494720000.0000 85350.0000 -0.2172 -1.1540 -0.1711 1.2795 10.6588 0.2862 0.1568 0.0354 0.1938 0.0645 0.0518 0.2392 0.3365 0.3272
1494720000.0000 85650.0000 0.2022 -0.3218 -0.0265 0.4278 327.8591 0.0404 0.0417 0.0081 -0.0058 0.0002 -0.0030 0.0451 0.4550 0.4352
1494720000.0000 85950.0000 -0.1641 -0.5991 -0.0660 0.7007 15.3189 0.1531 0.1085 0.0151 0.0864 0.0273 0.0126 0.1383 0.4862 0.4754
1494720000.0000 86250.0000 -0.9631 -1.2347 -0.3747 1.5697 37.9550 0.0293 0.0393 0.0121 0.0213 0.0086 0.0092 0.0404 0.1019 0.0966
1494806400.0000 86550.0000 -1.1013 -1.9388 -0.5402 2.2357 29.5975 0.0260 0.0303 0.0207 0.0016 0.0044 0.0104 0.0385 0.0698 0.0614
1494806400.0000 86850.0000 -0.7160 -1.7439 -0.4051 1.8967 22.3202 0.0547 0.0206 0.0198 0.0080 0.0078 0.0069 0.0476 0.0923 0.0841
1494806400.0000 87150.0000 -0.0921 -0.8621 -0.0803 0.9206 6.0991 0.0810 0.2362 0.0189 0.1185 0.0255 0.0359 0.1681 0.3845 0.3751
1494806400.0000 87450.0000 0.1881 -0.4039 -0.0153 0.4996 335.0260 0.0509 0.0279 0.0094 0.0081 0.0102 0.0004 0.0441 0.3847 0.3638
1494806400.0000 87750.0000 -0.0331 -0.3426 -0.0132 0.3908 5.5148 0.0340 0.0155 0.0082 0.0049 0.0083 0.0005 0.0289 0.4030 0.3736
1494806400.0000 88050.0000 -0.4199 -1.1215 -0.2445 1.2200 20.5258 0.1159 0.1690 0.0382 0.1175 0.0443 0.0574 0.1615 0.2685 0.2573
1494806400.0000 88350.0000 -0.7332 -1.5858 -0.4157 1.7541 24.8153 0.0264 0.0289 0.0251 0.0035 0.0044 0.0126 0.0402 0.0912 0.0777
1494806400.0000 88650.0000 -0.6117 -1.4720 -0.2323 1.5998 22.5643 0.0243 0.0218 0.0147 0.0078 0.0005 0.0048 0.0305 0.0884 0.0778
1494806400.0000 88950.0000 -0.5908 -1.5489 -0.2909 1.6691 20.8795 0.0404 0.0455 0.0305 0.0049 -0.0063 0.0105 0.0582 0.1171 0.1021
1494806400.0000 89250.0000 -0.0351 -1.1554 -0.1111 1.2300 1.7411 0.1517 0.1153 0.0269 0.1091 0.0322 0.0271 0.1469 0.2695 0.2581
1494806400.0000 89550.0000 0.3160 -0.4163 -0.0461 0.5553 322.7971 0.0379 0.0287 0.0067 0.0021 0.0014 -0.0000 0.0366 0.2977 0.2849
1494806400.0000 89850.0000 0.1927 -0.4405 -0.0617 0.5430 336.3758 0.0704 0.0331 0.0077 -0.0029 0.0006 0.0066 0.0556 0.3972 0.3864
1494806400.0000 90150.0000 0.1937 -0.3705 -0.0544 0.4496 332.4028 0.0278 0.0212 0.0072 0.0052 0.0018 -0.0001 0.0281 0.3246 0.3056
1494806400.0000 90450.0000 0.1328 -0.1585 -0.0167 0.2430 320.0324 0.0143 0.0136 0.0140 0.0008 -0.0001 -0.0013 0.0210 0.5703 0.4668
1494806400.0000 90750.0000 -0.3048 -0.7437 -0.1387 0.8673 22.2845 0.0562 0.3093 0.0175 0.0759 0.0054 0.0308 0.1915 0.4381 0.4343
1494806400.0000 91050.0000 -0.0773 -1.1483 -0.1289 1.2054 3.8534 0.1248 0.0947 0.0233 0.0762 0.0258 0.0210 0.1214 0.2457 0.2350
1494806400.0000 91350.0000 0.5071 -0.4790 -0.0440 0.7133 313.3645 0.0103 0.0283 0.0058 0.0043 0.0020 0.0055 0.0222 0.1742 0.1627
1494806400.0000 91650.0000 0.5044 -0.4391 -0.0316 0.6747 311.0389 0.0055 0.0082 0.0013 0.0008 0.0001 0.0008 0.0075 0.1054 0.1009
1494806400.0000 91950.0000 0.2478 -0.2794 -0.0436 0.3919 318.4273 0.0266 0.0084 0.0038 -0.0044 0.0062 -0.0016 0.0194 0.3024 0.2892
1494806400.0000 92250.0000 -0.3080 -0.7196 -0.1816 0.8222 23.1742 0.2472 0.4133 0.0416 0.3029 0.0875 0.1123 0.3510 0.6021 0.5995
1494806400.0000 92550.0000 -1.1217 -2.1288 -0.6035 2.4146 27.7848 0.0487 0.0279 0.0261 0.0064 0.0088 0.0101 0.0514 0.0746 0.0664
1494806400.0000 92850.0000 -1.4286 -1.9801 -0.6074 2.4507 35.8100 0.0481 0.0470 0.0329 0.0044 0.0160 0.0167 0.0640 0.0821 0.0729
1494806400.0000 93150.0000 -1.5792 -1.9730 -0.6444 2.5325 38.6736 0.0410 0.0268 0.0243 0.0084 0.0085 0.0096 0.0460 0.0672 0.0595
1494806400.0000 93450.0000 -1.4155 -1.8489 -0.5900 2.3346 37.4366 0.0287 0.0323 0.0273 0.0015 0.0089 0.0110 0.0441 0.0714 0.0612
1494806400.0000 93750.0000 -1.6214 -1.9606 -0.6512 2.5511 39.5900 0.0578 0.0376 0.0410 0.0151 0.0198 0.0166 0.0682 0.0812 0.0701
1494806400.0000 94050.0000 -1.9484 -2.0923 -0.7616 2.8685 42.9596 0.0551 0.0488 0.0475 -0.0009 0.0139 0.0171 0.0757 0.0759 0.0651
1494806400.0000 94350.0000 -2.0009 -2.0458 -0.7296 2.8704 44.3648 0.0612 0.0397 0.0437 0.0007 0.0203 0.0103 0.0723 0.0743 0.0641
1494806400.0000 94650.0000 -2.1466 -2.0382 -0.7957 2.9699 46.4838 0.0717 0.0568 0.0523 0.0071 0.0204 0.0141 0.0904 0.0801 0.0699
1494806400.0000 94950.0000 -2.0560 -2.0447 -0.7944 2.9115 45.1568 0.0917 0.0497 0.0668 0.0037 0.0341 0.0147 0.1041 0.0876 0.0749
1494806400.0000 95250.0000 -1.8285 -1.8837 -0.6901 2.6362 44.1485 0.0751 0.0631 0.0663 0.0121 0.0361 0.0200 0.1023 0.0962 0.0818
1494806400.0000 95550.0000 -1.6108 -1.5343 -0.5641 2.2389 46.3929 0.0696 0.0636 0.0546 0.0031 0.0227 0.0158 0.0939 0.1090 0.0947
1494806400.0000 95850.0000 -1.5245 -1.8705 -0.6623 2.4240 39.1798 0.0500 0.0562 0.0417 0.0005 0.0196 0.0149 0.0739 0.0887 0.0780
1494806400.0000 96150.0000 -1.3435 -1.4386 -0.4705 1.9817 43.0419 0.0455 0.0682 0.0422 0.0045 0.0142 0.0189 0.0780 0.1127 0.0989
1494806400.0000 96450.0000 -1.4990 -1.7984 -0.6204 2.3554 39.8122 0.0738 0.0834 0.0534 0.0119 0.0287 0.0216 0.1053 0.1094 0.0978
1494806400.0000 96750.0000 -1.5109 -1.8937 -0.6801 2.4313 38.5850 0.0528 0.0476 0.0522 0.0090 0.0128 0.0193 0.0763 0.0896 0.0755
1494806400.0000 97050.0000 -1.2799 -1.4011 -0.4884 1.9149 42.4115 0.0565 0.1147 0.0449 0.0201 0.0200 0.0330 0.1081 0.1370 0.1259
1494806400.0000 97350.0000 -1.0864 -0.6137 -0.2834 1.2633 60.5386 0.0368 0.0421 0.0269 0.0027 0.0086 0.0065 0.0529 0.1468 0.1300
1494806400.0000 97650.0000 -1.1513 -1.1606 -0.4121 1.6477 44.7699 0.0472 0.0749 0.0352 0.0188 0.0161 0.0202 0.0786 0.1358 0.1234
1494806400.0000 97950.0000 -1.1753 -1.2201 -0.4294 1.7208 43.9302 0.0748 0.0990 0.0587 -0.0077 0.0181 0.0209 0.1162 0.1593 0.1420
1494806400.0000 98250.0000 -1.0435 -1.4841 -0.5303 1.8386 35.1122 0.1169 0.0856 0.0582 0.0175 0.0251 0.0230 0.1303 0.1559 0.1432
1494806400.0000 98550.0000 -0.6624 -1.5805 -0.4877 1.7463 22.7392 0.1307 0.0750 0.0905 0.0129 0.0316 0.0321 0.1481 0.1764 0.1528
1494806400.0000 98850.0000 -0.6583 -1.4174 -0.3673 1.6139 24.9128 0.1536 0.1912 0.1167 -0.0041 0.0310 0.0574 0.2307 0.2443 0.2169
1494806400.0000 99150.0000 -0.7087 -1.5663 -0.4482 1.7666 24.3444 0.1772 0.1657 0.1495 0.0166 0.0426 0.0525 0.2462 0.2280 0.1967
1494806400.0000 99450.0000 -0.6261 -1.6145 -0.3739 1.7801 21.1949 0.1716 0.2303 0.1246 0.0065 0.0334 0.0771 0.2633 0.2365 0.2114
1494806400.0000 99750.0000 -0.5329 -1.5618 -0.4500 1.6987 18.8405 0.1493 0.1692 0.1256 -0.0069 0.0119 0.0391 0.2221 0.2250 0.1975
1494806400.0000 100050.0000 -0.6517 -1.6605 -0.4844 1.8189 21.4288 0.1511 0.1338 0.0862 0.0306 0.0480 0.0387 0.1855 0.1903 0.1728
1494806400.0000 100350.0000 -0.9728 -1.7049 -0.5577 1.9994 29.7084 0.1831 0.1429 0.1081 0.0323 0.0459 0.0457 0.2171 0.1864 0.1679
1494806400.0000 100650.0000 -1.0164 -1.8018 -0.5797 2.1065 29.4266 0.1599 0.1828 0.1776 0.0115 0.0625 0.0756 0.2602 0.1939 0.1634
1494806400.0000 100950.0000 -0.8855 -1.7580 -0.5532 2.0207 26.7335 0.2249 0.1687 0.2080 0.0134 0.0719 0.0450 0.3008 0.2190 0.1840
1494806400.0000 101250.0000 -0.5992 -1.5276 -0.4353 1.6904 21.4176 0.1488 0.1884 0.1540 -0.0136 0.0301 0.0593 0.2456 0.2383 0.2043
1494806400.0000 101550.0000 -0.3849 -1.2044 -0.4004 1.3272 17.7240 0.1687 0.1335 0.1352 -0.0015 0.0399 0.0131 0.2187 0.2879 0.2510
1494806400.0000 101850.0000 -0.3470 -0.9461 -0.2329 1.1024 20.1387 0.2318 0.1550 0.1159 0.0194 0.0567 0.0317 0.2513 0.3957 0.3563
1494806400.0000 102150.0000 -0.4821 -1.0010 -0.2550 1.1865 25.7144 0.1758 0.1850 0.1453 0.0028 0.0232 0.0602 0.2531 0.3603 0.3122
1494806400.0000 102450.0000 -0.8377 -1.2492 -0.4436 1.5885 33.8461 0.2662 0.2400 0.2706 0.0424 0.0582 0.1151 0.3883 0.3245 0.2731
1494806400.0000 102750.0000 -0.6524 -0.9260 -0.3021 1.2103 35.1692 0.1509 0.2150 0.1370 0.0061 0.0269 0.0789 0.2514 0.3492 0.3083
1494806400.0000 103050.0000 -0.4689 -0.4177 -0.0504 0.7092 48.3070 0.0885 0.1450 0.0769 0.0167 0.0108 0.0347 0.1551 0.5105 0.4442
1494806400.0000 103350.0000 -0.7267 -0.6934 -0.3220 1.1119 46.3424 0.2023 0.1795 0.1158 -0.0152 0.0136 0.0394 0.2488 0.3861 0.3552
1494806400.0000 103650.0000 -0.5233 -0.6553 -0.2109 0.9005 38.6094 0.0949 0.1383 0.0987 0.0102 0.0320 0.0352 0.1660 0.3847 0.3325
1494806400.0000 103950.0000 -0.4159 -0.2765 -0.1034 0.6300 56.3790 0.1594 0.1045 0.1030 0.0243 0.0390 0.0534 0.1835 0.6857 0.5938
1494806400.0000 104250.0000 -0.6628 -0.5383 -0.2229 0.9349 50.9208 0.1155 0.1499 0.1244 -0.0046 0.0466 0.0443 0.1949 0.4085 0.3483
1494806400.0000 104550.0000 -0.3799 -0.5919 -0.1811 0.7779 32.6951 0.1444 0.0887 0.0749 0.0119 0.0337 0.0173 0.1540 0.4412 0.3963
1494806400.0000 104850.0000 -0.3816 -0.4589 -0.1144 0.6924 39.7443 0.0785 0.1647 0.1066 -0.0146 0.0137 0.0441 0.1749 0.5619 0.4770
1494806400.0000 105150.0000 -0.5171 -0.6740 -0.1862 0.8971 37.4946 0.0705 0.1125 0.0797 0.0056 0.0177 0.0410 0.1313 0.3402 0.2907
1494806400.0000 105450.0000 -0.5971 -0.7638 -0.2538 1.0409 38.0170 0.1446 0.1703 0.1491 0.0192 0.0455 0.0587 0.2320 0.3924 0.3342
1494806400.0000 105750.0000 -0.5591 -1.1177 -0.3257 1.3786 26.5760 0.3339 0.2451 0.2291 -0.0182 0.0505 0.0624 0.4040 0.4019 0.3515
1494806400.0000 106050.0000 -0.2682 -0.8478 -0.2228 1.0507 17.5529 0.3267 0.2711 0.2604 0.0693 0.0637 0.0954 0.4291 0.5835 0.5020
1494806400.0000 106350.0000 -0.2753 -0.3573 -0.3693 0.7363 37.6125 0.2370 0.2551 0.1713 0.0400 0.0124 0.0634 0.3317 0.8067 0.8979
1494806400.0000 106650.0000 -0.4270 -0.2630 -0.1238 0.6732 58.3653 0.0877 0.2411 0.1171 0.0042 0.0120 0.0885 0.2230 0.7464 0.6603
1494806400.0000 106950.0000 -0.7582 0.1713 -0.0373 0.8329 102.7320 0.1008 0.0857 0.0572 -0.0037 -0.0019 0.0419 0.1219 0.3662 0.3208
1494806400.0000 107250.0000 -1.0931 0.0269 -0.0825 1.1727 91.4078 0.1544 0.1737 0.1069 -0.0105 -0.0011 0.0545 0.2175 0.3473 0.3025
1494806400.0000 107550.0000 -1.1237 -0.3026 -0.3018 1.2834 74.9262 0.2888 0.2577 0.2149 -0.0160 0.0580 0.1101 0.3807 0.4190 0.3667
1494806400.0000 107850.0000 -1.1541 -0.4455 -0.3021 1.3732 68.8948 0.2280 0.3803 0.2192 0.0457 0.0385 0.1217 0.4138 0.4124 0.3640
1494806400.0000 108150.0000 -1.1335 -0.5881 -0.3582 1.3775 62.5801 0.2010 0.2838 0.2537 0.0224 0.0496 0.1100 0.3693 0.3741 0.3148
1494806400.0000 108450.0000 -1.1728 -0.4455 -0.3195 1.3575 69.1984 0.1751 0.2515 0.1843 -0.0275 0.0220 0.0825 0.3054 0.3485 0.3006
1494806400.0000 108750.0000 -1.3791 -0.4179 -0.3543 1.5444 73.1402 0.3133 0.3492 0.2173 0.0975 0.0600 0.1074 0.4399 0.3649 0.3261
1494806400.0000 109050.0000 -1.7879 -0.9848 -0.5884 2.1033 61.1535 0.3168 0.3383 0.3007 0.1095 0.1510 0.1736 0.4779 0.2657 0.2289
1494806400.0000 109350.0000 -1.2728 -1.1257 -0.5552 1.7995 48.5098 0.3969 0.2972 0.3623 0.0342 0.1334 0.0990 0.5282 0.3320 0.2831
1494806400.0000 109650.0000 -1.0162 -0.9186 -0.3552 1.4788 47.8879 0.2699 0.3844 0.3114 0.0357 0.0737 0.1098 0.4828 0.4009 0.3409
1494806400.0000 109950.0000 -0.9108 -1.2720 -0.4837 1.6849 35.6035 0.3399 0.4560 0.3500 0.0186 0.0753 0.1481 0.5730 0.3774 0.3292
1494806400.0000 110250.0000 -0.9095 -1.4276 -0.5705 1.8212 32.5003 0.3774 0.3840 0.2993 -0.0449 0.0223 0.0632 0.5303 0.3329 0.2976
1494806400.0000 110550.0000 -0.8146 -1.1544 -0.4992 1.5389 35.2079 0.4369 0.4136 0.3760 0.0759 0.1408 0.1285 0.6133 0.4267 0.3769
1494806400.0000 110850.0000 -1.0338 -1.4938 -0.4917 1.9411 34.6863 0.4701 0.6565 0.3407 0.0407 0.0852 0.2517 0.7336 0.3716 0.3373
1494806400.0000 111150.0000 -0.8606 -1.3475 -0.4882 1.7945 32.5645 0.6990 0.5111 0.3596 0.0264 0.2686 0.1652 0.7848 0.4327 0.3972
1494806400.0000 111450.0000 -1.0310 -0.9962 -0.3502 1.5988 45.9829 0.4349 0.6280 0.3298 0.1686 0.1825 0.2224 0.6963 0.4617 0.4152
1494806400.0000 111750.0000 -1.1006 -0.4788 -0.2327 1.4123 66.4885 0.6042 0.4232 0.3382 -0.0456 0.1183 0.1525 0.6828 0.5519 0.4876
1494806400.0000 112050.0000 -1.0524 -1.0625 -0.3233 1.6922 44.7279 0.5441 0.6480 0.3943 0.1293 0.2111 0.2378 0.7932 0.4753 0.4215
1494806400.0000 112350.0000 -1.1849 -1.0425 -0.6534 1.7167 48.6594 0.6338 0.3812 0.4953 0.0497 0.1552 0.1638 0.7551 0.4154 0.3685
1494806400.0000 112650.0000 -1.4161 -0.8332 -0.5928 1.8043 59.5299 0.5147 0.5082 0.6636 -0.0137 0.1899 0.2052 0.8433 0.4293 0.3554
1494806400.0000 112950.0000 -1.3715 -0.8171 -0.4704 1.7884 59.2124 0.7478 0.7955 0.7134 0.1825 0.2998 0.4052 1.1283 0.5211 0.4493
1494806400.0000 113250.0000 -1.6128 -1.3601 -0.6602 2.2454 49.8585 0.7130 0.7740 0.4262 0.2598 0.2339 0.1852 0.9566 0.3613 0.3337
1494806400.0000 113550.0000 -1.8786 -1.0752 -0.6242 2.3155 60.2153 0.5507 0.6499 0.5431 -0.0813 0.1682 0.1033 0.8719 0.3384 0.2923
1494806400.0000 113850.0000 -1.4554 -0.7817 -0.3397 1.7885 61.7598 0.4658 0.5307 0.5035 0.0712 0.1492 0.2434 0.7500 0.4193 0.3489
1494806400.0000 114150.0000 -1.3447 -0.5727 -0.2849 1.6221 66.9336 0.7199 0.3464 0.4326 -0.0851 0.1815 0.0487 0.7495 0.4747 0.4079
1494806400.0000 114450.0000 -1.3139 -0.8348 -0.3405 1.7243 57.5690 0.4755 0.6181 0.5499 0.0702 0.1858 0.2087 0.8218 0.4645 0.3879
1494806400.0000 114750.0000 -1.2210 -1.0314 -0.5010 1.8030 49.8118 0.6059 0.6064 0.4245 -0.0701 0.1740 0.1789 0.8184 0.4410 0.3977
1494806400.0000 115050.0000 -0.2219 -1.4965 -0.3843 1.7198 8.4355 0.6915 0.2743 0.2633 0.1163 0.1912 0.1121 0.6145 0.4101 0.3750
1494806400.0000 115350.0000 -0.1684 -0.5394 -0.0523 0.9072 17.3424 0.2963 0.3889 0.2159 -0.0991 0.0268 0.0631 0.4506 0.9658 0.8457
1494806400.0000 115650.0000 -1.2622 -0.0941 -0.2931 1.4131 85.7370 0.5368 0.3461 0.3445 0.1348 0.0971 0.1824 0.6137 0.4923 0.4286
1494806400.0000 115950.0000 -1.6919 -0.1291 -0.2160 1.9063 85.6373 0.3716 0.8041 0.4093 0.0566 0.0624 0.3029 0.7925 0.4249 0.3689
1494806400.0000 116250.0000 -1.7821 -0.4206 -0.4695 1.9909 76.7193 1.1198 0.4923 0.4549 0.0527 0.2762 0.1717 1.0335 0.4391 0.4003
1494806400.0000 116550.0000 -1.3621 0.5425 -0.2503 1.7353 111.7182 0.6523 0.6727 0.4406 0.2437 0.1782 0.1753 0.8828 0.5158 0.4533
1494806400.0000 116850.0000 -2.1782 -0.2824 -0.4186 2.3329 82.6136 0.6125 0.6057 0.4691 0.0700 0.1713 0.2465 0.8437 0.3354 0.2901
1494806400.0000 117150.0000 -1.4891 -0.3875 -0.4968 1.8046 75.4153 0.7004 0.8158 0.4849 0.1218 0.1322 0.1445 1.0005 0.5051 0.4620
1494806400.0000 117450.0000 -1.4643 -0.6263 -0.4314 1.8482 66.8432 0.5730 0.8866 0.6161 -0.0196 0.1262 0.1622 1.0378 0.5041 0.4380
1494806400.0000 117750.0000 -1.1087 -0.6341 -0.2552 1.4957 60.2336 0.7129 0.5684 0.6172 0.1662 0.2057 0.2547 0.9493 0.6108 0.5117
1494806400.0000 118050.0000 -1.1124 -0.4809 -0.1453 1.5123 66.6213 0.6053 0.9451 0.6397 0.0061 0.2228 0.3762 1.0950 0.7000 0.5932
1494806400.0000 118350.0000 -1.4012 -0.4374 -0.3184 1.8795 72.6633 1.3027 1.1638 0.7518 0.1677 0.4029 0.2874 1.6091 0.6896 0.6177
1494806400.0000 118650.0000 -2.1719 -0.4969 -0.5522 2.4124 77.1126 0.6593 0.8613 0.7091 0.0367 0.1478 0.2891 1.1148 0.3756 0.3195
1494806400.0000 118950.0000 -1.9060 -0.2752 -0.3912 2.1647 81.7841 1.2457 0.9215 0.8660 0.2955 0.4416 0.4031 1.5166 0.5117 0.4414
1494806400.0000 119250.0000 -1.4170 -0.5919 -0.4628 1.7415 67.3299 0.7784 0.6441 0.4717 0.1707 0.1119 0.1557 0.9471 0.4954 0.4484
1494806400.0000 119550.0000 -1.4125 -0.2669 -0.2231 1.7596 79.3018 0.8267 0.8683 0.6342 0.1486 0.2656 0.3266 1.1646 0.6057 0.5229
1494806400.0000 119850.0000 -1.4548 -0.7292 -0.4614 1.8721 63.3773 0.9186 0.7830 0.8706 0.1410 0.3269 0.3122 1.2861 0.5474 0.4628
1494806400.0000 120150.0000 -1.5648 -0.3259 -0.4341 2.0199 78.2360 1.3086 1.3145 0.8847 0.1795 0.4776 0.2260 1.7539 0.6529 0.5850
1494806400.0000 120450.0000 -1.1659 -1.0642 -0.4612 1.8956 47.6102 0.9771 0.7585 0.6179 -0.2115 0.2412 0.0365 1.1767 0.5386 0.4818
1494806400.0000 120750.0000 -1.0662 -0.2874 -0.2665 1.4343 74.9137 1.1672 0.4414 0.3403 -0.1564 0.2147 0.0606 0.9745 0.7095 0.6631
1494806400.0000 121050.0000 -0.0880 -0.5040 -0.1891 1.1222 9.9083 0.5300 0.9165 0.4225 0.1285 0.1163 0.1352 0.9345 1.4470 1.3572
1494806400.0000 121350.0000 -0.0460 0.2467 0.1496 1.0306 169.4467 0.8025 0.4866 0.2639 0.0362 0.1400 0.0772 0.7765 2.4625 2.6123
1494806400.0000 121650.0000 -1.1376 -0.2347 -0.3392 1.6460 78.3408 0.7728 1.4142 0.8180 0.2946 0.2929 0.5388 1.5025 0.8271 0.7350
1494806400.0000 121950.0000 -0.7750 -0.3670 -0.3313 1.1321 64.6636 0.4264 0.4854 0.3293 0.0861 0.1066 0.1677 0.6206 0.6997 0.6429
1494806400.0000 122250.0000 -1.0478 -0.9569 -0.4366 1.7504 47.5939 1.0119 0.8072 0.4755 0.1226 0.2264 0.2765 1.1474 0.5891 0.5488
1494806400.0000 122550.0000 -0.8911 0.3975 -0.1224 1.5509 114.0401 0.9321 1.0476 0.5272 0.3289 0.3415 0.3662 1.2535 0.9296 0.8326
1494806400.0000 122850.0000 -0.2459 -0.0141 0.0601 1.0391 86.7158 0.4705 1.0099 0.5249 0.3071 0.2167 0.2602 1.0027 3.2246 2.8519
1494806400.0000 123150.0000 0.6308 0.9931 0.5117 1.7096 212.4247 1.0445 0.8784 0.3141 0.5217 0.1278 0.2690 1.1185 0.6731 0.6805
1494806400.0000 123450.0000 -1.4515 -0.0884 -0.4561 1.8048 86.5132 0.7645 1.1921 0.5770 0.3227 0.2190 0.3896 1.2668 0.6030 0.5553
1494806400.0000 123750.0000 -1.6984 0.4900 -0.2821 1.9419 106.0945 0.6872 0.6463 0.3150 -0.0016 0.0415 0.1635 0.8242 0.4141 0.3772
1494806400.0000 124050.0000 -0.6274 -0.2005 -0.1713 1.3503 72.2760 1.4156 0.7997 0.5017 0.1106 0.2350 0.0506 1.3585 1.3982 1.3046
1494806400.0000 124350.0000 -0.9888 -0.5945 -0.2720 1.6007 58.9832 0.6221 1.3817 0.5010 0.1170 0.0365 0.3598 1.2524 0.7709 0.7084
1494806400.0000 124650.0000 -0.6835 0.1191 -0.0175 1.4379 99.8804 1.1835 1.3445 0.5422 -0.5162 -0.0529 0.2834 1.5351 1.4576 1.3231
1494806400.0000 124950.0000 0.2693 1.3733 0.4395 1.9117 191.0938 1.4861 0.9490 0.2930 0.2395 0.1426 0.1258 1.3641 0.6501 0.6438
1494806400.0000 125250.0000 0.5152 0.8618 0.3482 1.5435 210.8713 1.0533 1.0419 0.5066 0.7798 0.4803 0.4909 1.3009 0.8763 0.8323
1494806400.0000 125550.0000 -0.7188 0.4303 0.0035 1.1365 120.9059 0.7045 0.3600 0.3179 -0.1714 0.0678 0.0337 0.6912 0.8103 0.7110
1494806400.0000 125850.0000 -1.0557 -0.1062 -0.3601 1.5339 84.2543 1.0019 0.9115 0.4896 0.1481 0.3589 0.1903 1.2015 0.7988 0.7527
1494806400.0000 126150.0000 -0.7717 0.0614 -0.2038 1.3590 94.5520 0.7799 1.2284 0.4819 -0.0026 0.0400 0.3256 1.2451 1.1381 1.0569
1494806400.0000 126450.0000 0.5451 1.8451 0.6071 2.1441 196.4578 0.6121 1.0663 0.3521 -0.1393 0.1000 0.1465 1.0153 0.4078 0.3888
1494806400.0000 126750.0000 -0.1341 1.1165 0.5819 1.4203 173.1522 0.4118 0.7338 0.3147 0.0624 0.1264 -0.0176 0.7301 0.5510 0.5495
1494806400.0000 127050.0000 -0.0643 1.9447 0.5461 2.0515 178.1070 0.4305 0.4939 0.4037 0.1327 0.1323 0.0994 0.6641 0.3292 0.2853
1494806400.0000 127350.0000 -0.4782 0.0185 0.0351 1.5235 92.2157 0.8912 1.8061 0.6448 0.5177 0.3877 0.2412 1.6710 2.1995 1.9813
1494806400.0000 127650.0000 0.3934 1.8835 0.6886 2.1022 191.7979 0.6320 0.7268 0.2796 -0.1274 0.0552 0.1036 0.8192 0.3616 0.3498
1494806400.0000 127950.0000 -0.1470 2.7879 0.6667 2.9856 176.9820 1.0264 1.7836 0.4094 -0.2164 0.2526 0.1857 1.6097 0.3609 0.3467
1494806400.0000 128250.0000 -0.5467 0.8256 0.3356 1.5222 146.4892 0.5740 1.1424 0.4029 0.2158 0.2446 0.1905 1.0596 0.8039 0.7639
1494806400.0000 128550.0000 0.2910 0.1170 0.0892 1.0808 248.0938 0.7238 0.7294 0.2564 0.0940 0.0937 0.0333 0.8548 2.3153 2.2193
1494806400.0000 128850.0000 -0.3813 1.1796 0.2883 1.5907 162.0892 0.6295 1.0299 0.4067 0.1275 0.1871 -0.0435 1.0331 0.6520 0.5999
1494806400.0000 129150.0000 -0.6587 0.7818 0.0254 1.9856 139.8842 1.4457 1.9937 0.3780 1.0305 0.4724 0.4484 1.9087 1.1031 1.0473
1494806400.0000 129450.0000 -0.4336 1.9422 0.3627 2.3033 167.4159 1.5805 1.8802 0.3990 -0.8688 0.2066 -0.0007 1.9298 0.5608 0.5397
1494806400.0000 129750.0000 -0.2107 1.8411 0.4702 2.1345 173.4727 1.1031 0.7021 0.3133 0.1549 0.2447 0.0833 1.0593 0.4395 0.4186
1494806400.0000 130050.0000 -1.1084 1.9941 0.3624 2.6859 150.9338 0.9503 2.1600 0.4005 -0.0312 0.1758 0.1597 1.7554 0.4683 0.4463
1494806400.0000 130350.0000 -1.1151 1.5476 0.3578 2.2104 144.2270 1.0840 1.3736 0.2838 0.1726 0.1185 0.2322 1.3707 0.4925 0.4745
1494806400.0000 130650.0000 -0.7741 1.8466 0.4236 2.1112 157.2566 0.4007 0.8650 0.2271 -0.1328 0.0966 -0.0586 0.7464 0.3447 0.3244
1494806400.0000 130950.0000 -0.9382 0.1110 -0.0291 1.6373 96.7463 0.7376 1.2889 0.3188 0.3358 0.1825 0.3139 1.1727 0.9355 0.8700
1494806400.0000 131250.0000 0.2377 1.5410 0.5546 1.7010 188.7698 0.3394 0.7092 0.2199 0.1162 0.0708 0.0535 0.6343 0.3929 0.3792
1494806400.0000 131550.0000 0.9107 0.5202 0.4613 1.2224 240.2657 0.2731 0.3993 0.1346 0.0152 0.0009 0.0980 0.4035 0.4527 0.4514
1494806400.0000 131850.0000 0.5173 0.5945 0.2809 1.0777 221.0290 0.4432 0.4739 0.1703 0.2673 0.0463 0.0506 0.5438 0.7197 0.7016
1494806400.0000 132150.0000 -0.4902 -0.2222 -0.1084 1.0090 65.6120 0.3570 0.7920 0.1838 -0.2958 0.0233 0.0340 0.6664 1.2140 1.1498
1494806400.0000 132450.0000 -1.1014 0.1839 -0.2293 1.4071 99.4814 0.3905 0.8842 0.2259 -0.0422 0.0696 0.1520 0.7503 0.6204 0.5838
1494806400.0000 132750.0000 -0.1804 1.7329 0.4203 1.9012 174.0565 0.4978 0.6230 0.1821 -0.0188 0.1135 0.0805 0.6514 0.3677 0.3508
1494806400.0000 133050.0000 0.8517 1.0921 0.5242 1.4463 217.9485 0.1882 0.1977 0.1466 0.0488 -0.0289 -0.0020 0.2662 0.2845 0.2590
1494806400.0000 133350.0000 0.2353 1.4241 0.2588 1.6029 189.3832 0.5102 0.1520 0.2304 0.0507 0.1475 -0.0122 0.4463 0.3720 0.3255
1494806400.0000 133650.0000 -0.3180 1.4327 0.3423 1.5706 167.4836 0.2784 0.5647 0.1652 -0.1044 0.0812 0.0188 0.5041 0.3847 0.3612
1494806400.0000 133950.0000 -0.4314 0.7394 0.1682 1.3098 149.7401 0.6952 0.9778 0.1335 -0.5815 0.0629 0.0169 0.9033 0.8895 0.8724
1494806400.0000 134250.0000 0.0677 -0.2958 0.2288 0.8033 347.1020 0.4039 0.4979 0.3928 0.0757 0.2112 0.0848 0.6473 1.7285 1.8068
1494806400.0000 134550.0000 -0.5525 1.8127 0.4277 2.3559 163.0475 1.5610 0.9311 0.3557 0.3756 0.2773 0.2067 1.4239 0.5015 0.4810
1494806400.0000 134850.0000 -0.4864 1.3052 0.3279 1.7130 159.5617 0.4749 1.3513 0.3660 0.2223 0.1286 0.3313 1.0961 0.5974 0.5602
1494806400.0000 135150.0000 -0.1789 -0.6805 -0.3477 0.9233 14.7272 0.2671 0.3847 0.2499 0.0133 0.0551 0.0276 0.4509 0.6986 0.6625
1494806400.0000 135450.0000 0.6640 0.1620 -0.0942 0.8510 256.2903 0.2661 0.1724 0.1657 -0.0357 0.0057 0.0302 0.3021 0.6505 0.5594
1494806400.0000 135750.0000 -0.1133 1.1495 0.3487 1.4435 174.3718 0.5622 0.9132 0.2263 -0.2744 0.0685 -0.0196 0.8509 0.6242 0.6071
1494806400.0000 136050.0000 -1.7479 1.2820 -0.2406 2.2450 126.2591 0.4467 0.4035 0.2698 -0.1064 -0.0016 0.0371 0.5600 0.2802 0.2456
1494806400.0000 136350.0000 -0.7164 0.8807 0.2995 1.3572 140.8743 0.4931 0.9132 0.2582 -0.2469 0.1361 0.0846 0.8322 0.6344 0.6030
1494806400.0000 136650.0000 -0.4068 1.3196 0.4235 1.8247 162.8674 1.0143 0.6382 0.2712 0.5493 0.2907 0.1435 0.9619 0.5544 0.5375
1494806400.0000 136950.0000 -0.1589 1.7221 0.5768 1.9079 174.7276 0.5729 0.3294 0.2502 0.0595 0.0936 -0.0701 0.5762 0.3400 0.3171
1494806400.0000 137250.0000 -0.0184 1.5893 0.3536 1.7419 179.3368 0.4083 0.4941 0.3598 0.1469 0.1738 0.1180 0.6311 0.3984 0.3451
1494806400.0000 137550.0000 0.7943 1.2128 0.2832 1.6013 213.2219 0.3352 0.3634 0.3360 -0.0559 0.0128 0.0711 0.5173 0.3976 0.3329
1494806400.0000 137850.0000 0.0649 -0.8434 -0.3137 1.0661 355.5996 0.3427 0.4752 0.2594 -0.0309 0.0450 0.0449 0.5387 0.6643 0.6173
1494806400.0000 138150.0000 -0.0464 -0.6478 -0.1978 0.8958 4.1007 0.2553 0.4229 0.3325 0.0222 0.0366 0.0636 0.5054 0.8549 0.7321
1494806400.0000 138450.0000 -0.0375 -0.7545 -0.0899 0.9632 2.8435 0.2415 0.3815 0.3430 0.0150 0.0471 0.1136 0.4830 0.7459 0.6033
1494806400.0000 138750.0000 -0.0283 0.1957 0.0948 0.8906 171.7698 0.5548 0.5095 0.2333 0.3215 0.1668 0.2210 0.6488 2.9988 3.0119
1494806400.0000 139050.0000 -1.0957 -1.1894 -0.5422 1.7048 42.6522 0.2516 0.4635 0.1801 0.1676 0.0267 0.1133 0.4476 0.3202 0.3019
1494806400.0000 139350.0000 -0.2843 -0.7821 -0.2603 0.9755 19.9736 0.2205 0.1825 0.1511 -0.0944 0.0216 0.0306 0.2771 0.4929 0.4404
1494806400.0000 139650.0000 0.3747 -0.2017 -0.0907 0.6168 298.2941 0.2017 0.1019 0.1917 0.0152 0.0989 0.0577 0.2476 0.9337 0.7474
1494806400.0000 139950.0000 0.6170 0.8736 0.3936 1.1034 215.2320 0.1003 0.1181 0.0719 0.0438 0.0136 0.0058 0.1452 0.2730 0.2523
1494806400.0000 140250.0000 0.7173 1.1126 0.3510 1.3495 212.8097 0.0648 0.0701 0.0627 -0.0046 0.0131 -0.0011 0.0988 0.1874 0.1602
1494806400.0000 140550.0000 0.0427 0.7415 0.2080 0.8245 183.2964 0.1384 0.1447 0.0645 0.0549 0.0141 -0.0094 0.1738 0.4413 0.4136
1494806400.0000 140850.0000 -0.6588 -0.0998 -0.0886 0.7561 81.3836 0.1865 0.0970 0.1737 -0.0020 0.0521 0.0138 0.2286 0.5807 0.4613
1494806400.0000 141150.0000 -0.1076 0.4329 0.0142 0.8025 166.0455 0.4319 0.2343 0.1593 0.0260 0.0686 0.0639 0.4128 1.1754 1.0565
1494806400.0000 141450.0000 0.0370 0.4322 0.1287 0.8953 184.8881 0.3458 0.4673 0.2222 -0.1441 0.0251 0.1514 0.5177 1.2983 1.2002
1494806400.0000 141750.0000 -1.0630 -0.6125 -0.1795 1.5330 60.0495 0.7928 0.3481 0.2306 -0.1154 0.2062 0.0318 0.6857 0.5453 0.5027
1494806400.0000 142050.0000 -0.7299 -0.0614 -0.2071 0.8902 85.1922 0.3352 0.1912 0.1580 0.0256 0.0450 0.0685 0.3422 0.6275 0.5719
1494806400.0000 142350.0000 -0.2324 0.2386 0.2666 0.6783 135.7505 0.2776 0.2265 0.2376 -0.1029 0.0318 0.0228 0.3709 1.1654 1.2307
1494806400.0000 142650.0000 0.4399 -0.1032 0.2781 0.8383 283.1978 0.2729 0.4332 0.2173 -0.1332 -0.0110 0.0981 0.4617 1.0456 1.0736
1494806400.0000 142950.0000 -0.3336 0.2811 0.2863 0.6956 130.1206 0.2783 0.1470 0.2168 0.0419 0.0262 0.0572 0.3211 0.8866 0.8630
1494806400.0000 143250.0000 1.6887 0.5545 0.3930 1.9687 251.8219 0.7043 0.7544 0.3393 0.0726 -0.0703 0.0969 0.8990 0.4253 0.3923
1494806400.0000 143550.0000 -0.0784 0.2981 0.0242 1.0912 165.2664 1.0847 0.4203 0.5993 0.4271 0.2657 0.1620 1.0521 2.7086 2.2977
1494806400.0000 143850.0000 1.1570 0.7700 0.3716 1.4890 236.3559 0.4579 0.3404 0.2060 0.1432 -0.0455 0.0665 0.5021 0.4022 0.3712
1494806400.0000 144150.0000 1.1327 0.5256 0.3920 1.3415 245.1084 0.3310 0.2834 0.1267 0.1468 -0.0298 0.0635 0.3705 0.3797 0.3624
1494806400.0000 144450.0000 0.6224 0.0449 0.2557 0.8418 265.8728 0.2870 0.2955 0.0991 0.1193 -0.0184 0.0312 0.3408 0.7068 0.7061
1494806400.0000 144750.0000 0.2030 -0.3363 -0.0754 1.1236 328.8776 0.5506 1.0204 0.3779 0.4885 0.1887 0.3791 0.9745 2.0152 1.8424
1494806400.0000 145050.0000 -0.3342 -0.6634 -0.4112 0.9126 26.7365 0.2727 0.2887 0.1575 0.1114 0.0611 0.0865 0.3594 0.5766 0.5824
1494806400.0000 145350.0000 -0.4596 -0.5540 -0.3871 1.0584 39.6803 0.4904 0.4668 0.2585 0.3313 0.2269 0.2594 0.6078 0.7789 0.7847
1494806400.0000 145650.0000 -0.4097 -0.3886 -0.4246 0.9219 46.5135 0.4647 0.2911 0.2552 -0.0412 -0.1059 0.1643 0.5054 0.8216 0.8888
1494806400.0000 145950.0000 0.2690 0.5210 0.0426 0.7206 207.3064 0.1427 0.1471 0.1672 -0.0206 0.0345 -0.0273 0.2285 0.6639 0.5300
1494806400.0000 146250.0000 0.1605 -0.8820 -0.2301 1.0760 349.6848 0.2021 0.4572 0.1786 0.0454 0.0099 0.0603 0.4190 0.5710 0.5229
1494806400.0000 146550.0000 0.0059 -0.5538 -0.2451 0.8312 359.3913 0.3693 0.1186 0.1238 0.0443 -0.0259 0.0198 0.3059 0.7456 0.7281
1494806400.0000 146850.0000 0.7805 -0.0125 0.2460 0.8737 270.9200 0.1590 0.1572 0.1229 0.0083 0.0072 0.0488 0.2195 0.4674 0.4159
1494806400.0000 147150.0000 0.4855 0.3880 0.1452 0.6724 231.3739 0.1394 0.0781 0.0562 0.0540 0.0108 0.0133 0.1368 0.4732 0.4332
1494806400.0000 147450.0000 -0.2239 -0.2972 -0.0967 0.7354 36.9865 0.1422 0.3970 0.2166 -0.1148 -0.0093 0.1374 0.3779 1.3054 1.1392
1494806400.0000 147750.0000 0.3814 0.3821 0.1760 1.0736 224.9440 0.7823 0.2501 0.1669 -0.1596 -0.0591 0.1057 0.5997 1.1135 1.0866
1494806400.0000 148050.0000 0.5074 0.4679 0.1274 0.9145 227.3232 0.1463 0.4407 0.1376 -0.0264 -0.0070 0.1228 0.3623 0.7003 0.6409
1494806400.0000 148350.0000 0.0888 -0.2482 0.1375 1.0034 340.3182 0.6741 0.6852 0.3542 0.3537 0.2785 0.2951 0.8567 2.5419 2.5536
1494806400.0000 148650.0000 -0.3478 -1.0728 -0.2985 1.2701 17.9604 0.3283 0.2200 0.2055 0.0165 0.0756 0.0471 0.3769 0.4297 0.3791
1494806400.0000 148950.0000 -0.0427 -1.1274 -0.3699 1.1903 2.1685 0.1443 0.1816 0.1563 0.0107 0.0028 0.0581 0.2411 0.3377 0.2922
1494806400.0000 149250.0000 -0.3509 -0.7478 0.0810 1.2205 25.1360 0.7613 0.5507 0.3287 0.1605 0.1460 0.0754 0.8203 0.8910 0.8006
1494806400.0000 149550.0000 0.2306 -0.7214 -0.0825 0.9791 342.2709 0.2003 0.6341 0.1492 -0.0745 -0.0660 0.1148 0.4918 0.7516 0.6964
1494806400.0000 149850.0000 -0.2875 -1.6124 -0.5438 1.7047 10.1117 0.2185 0.1319 0.1053 0.0159 -0.0143 0.0080 0.2278 0.2258 0.2087
1494806400.0000 150150.0000 -0.0771 -1.2020 -0.2854 1.2978 3.6705 0.2230 0.1628 0.1127 0.0092 0.0344 0.0747 0.2492 0.3293 0.2977
1494806400.0000 150450.0000 0.0854 -1.2991 -0.3825 1.3517 356.2376 0.1297 0.1085 0.0685 0.0012 0.0144 0.0151 0.1533 0.2356 0.2164
1494806400.0000 150750.0000 0.1210 -1.5335 -0.3849 1.5997 355.4877 0.1865 0.0790 0.0894 0.0261 0.0278 0.0254 0.1775 0.2169 0.1934
1494806400.0000 151050.0000 0.6455 -1.1531 -0.2552 1.4175 330.7594 0.2017 0.1883 0.1102 0.0824 0.0427 0.0633 0.2501 0.3034 0.2728
