1494720000.0000 150.0000 1.4716 1.6574 0.1356 2.2257 221.6014 0.0483 0.0206 0.0073 -0.0049 0.0003 -0.0012 0.0381 0.0718 0.0684
1494720000.0000 450.0000 1.5857 1.4930 0.1482 2.2115 226.7253 0.2349 0.0217 0.0171 -0.0217 0.0269 -0.0034 0.1369 0.1384 0.1343
1494720000.0000 750.0000 1.5164 1.6217 0.1689 2.2338 223.0777 0.0559 0.0383 0.0172 -0.0135 -0.0067 -0.0010 0.0557 0.0865 0.0798
1494720000.0000 1050.0000 1.5080 1.9485 0.1888 2.4697 217.7377 0.0193 0.0271 0.0090 -0.0064 -0.0017 -0.0013 0.0277 0.0550 0.0505
1494720000.0000 1350.0000 1.6147 1.7805 0.2234 2.4130 222.2032 0.0301 0.0532 0.0131 -0.0052 0.0009 0.0081 0.0482 0.0743 0.0693
1494720000.0000 1650.0000 1.3556 1.7112 0.2414 2.1873 218.3858 0.0945 0.0954 0.0125 0.0792 -0.0026 -0.0008 0.1012 0.1183 0.1153
1494720000.0000 1950.0000 1.2473 1.8546 0.2474 2.2420 213.9232 0.0664 0.1077 0.0168 0.0541 0.0044 0.0021 0.0955 0.1122 0.1078
1494720000.0000 2250.0000 0.9600 1.9545 0.1944 2.2048 206.1589 0.1356 0.0369 0.0165 -0.0042 0.0129 -0.0065 0.0945 0.1148 0.1101
1494720000.0000 2550.0000 0.3234 2.3013 0.0130 2.3290 188.0006 0.0236 0.0864 0.0149 0.0020 -0.0005 -0.0162 0.0624 0.0878 0.0824
1494720000.0000 2850.0000 0.5627 2.9252 0.0018 2.9816 190.8879 0.0153 0.0289 0.0137 -0.0019 -0.0009 -0.0044 0.0289 0.0466 0.0407
1494720000.0000 3150.0000 0.5812 3.2100 0.0461 3.2682 190.2625 0.0375 0.0423 0.0216 -0.0017 0.0040 -0.0128 0.0507 0.0563 0.0500
1494720000.0000 3450.0000 0.7159 3.0894 0.0763 3.1759 193.0468 0.0314 0.0386 0.0217 0.0044 0.0007 -0.0094 0.0458 0.0551 0.0482
1494720000.0000 3750.0000 0.7705 3.0294 0.1113 3.1315 194.2693 0.0423 0.0790 0.0185 0.0211 0.0042 -0.0032 0.0699 0.0690 0.0643
1494720000.0000 4050.0000 0.4984 3.0177 0.0734 3.0650 189.3778 0.0348 0.0604 0.0278 -0.0064 0.0024 -0.0188 0.0615 0.0662 0.0582
1494720000.0000 4350.0000 0.4363 3.3419 0.0493 3.3824 187.4376 0.0732 0.1133 0.0487 -0.0056 0.0135 -0.0313 0.1176 0.0831 0.0740
1494720000.0000 4650.0000 0.1842 3.1026 0.0311 3.1297 183.3972 0.1223 0.2602 0.0888 -0.0075 0.0155 -0.0650 0.2356 0.1275 0.1149
1494720000.0000 4950.0000 0.5589 3.2502 0.0556 3.3143 189.7569 0.1006 0.1129 0.0542 -0.0158 0.0041 -0.0358 0.1339 0.0906 0.0809
1494720000.0000 5250.0000 0.4972 2.8091 0.1159 2.8737 190.0373 0.1145 0.1707 0.0628 0.0041 0.0106 -0.0474 0.1740 0.1193 0.1081
1494720000.0000 5550.0000 0.6321 2.7031 0.1243 2.7883 193.1614 0.0656 0.0718 0.0297 -0.0025 -0.0016 -0.0149 0.0835 0.0849 0.0771
1494720000.0000 5850.0000 0.8658 2.6021 0.1342 2.7520 198.4040 0.0540 0.0797 0.0219 0.0077 -0.0003 -0.0073 0.0778 0.0829 0.0770
1494720000.0000 6150.0000 0.6780 3.0508 0.1656 3.1409 192.5292 0.0886 0.1064 0.0374 -0.0149 0.0031 -0.0263 0.1162 0.0889 0.0816
1494720000.0000 6450.0000 1.1210 2.8040 0.2766 3.0402 201.7906 0.1231 0.1252 0.0493 0.0030 0.0120 -0.0227 0.1488 0.1039 0.0953
1494720000.0000 6750.0000 1.0865 2.5517 0.2513 2.8047 203.0642 0.1241 0.2881 0.0564 -0.0089 0.0095 -0.0221 0.2343 0.1419 0.1337
1494720000.0000 7050.0000 1.2321 2.4929 0.3084 2.8128 206.3001 0.2443 0.4347 0.1002 0.1620 0.0242 -0.0297 0.3896 0.1822 0.1711
1494720000.0000 7350.0000 1.3085 2.4446 0.2729 2.8433 208.1589 0.2577 0.4515 0.0770 -0.0790 -0.0103 -0.0575 0.3931 0.1837 0.1754
1494720000.0000 7650.0000 0.9859 2.7961 0.2368 2.9927 199.4218 0.2186 0.2969 0.0728 0.1031 0.0021 -0.0252 0.2941 0.1489 0.1398
1494720000.0000 7950.0000 0.7765 2.8358 0.1936 2.9679 195.3139 0.1675 0.1218 0.0533 0.0114 0.0158 -0.0257 0.1713 0.1147 0.1056
1494720000.0000 8250.0000 0.7548 2.8160 0.1410 2.9299 195.0039 0.0914 0.1731 0.0352 0.0310 -0.0012 -0.0058 0.1499 0.1083 0.1019
1494720000.0000 8550.0000 1.0084 2.8167 0.2211 3.0094 199.6989 0.1055 0.1875 0.0394 0.0149 0.0028 -0.0179 0.1662 0.1110 0.1045
1494720000.0000 8850.0000 0.9634 2.7801 0.2069 2.9660 199.1130 0.1511 0.2138 0.0486 0.0394 0.0246 -0.0140 0.2067 0.1259 0.1185
1494720000.0000 9150.0000 0.5034 2.9207 0.1102 2.9851 189.7785 0.1203 0.1759 0.0512 -0.0011 0.0054 -0.0407 0.1737 0.1147 0.1060
1494720000.0000 9450.0000 1.1937 3.0815 0.3055 3.3224 201.1756 0.1246 0.1422 0.0565 0.0210 0.0133 -0.0250 0.1617 0.0989 0.0903
1494720000.0000 9750.0000 0.9711 2.9686 0.2341 3.1538 198.1144 0.2064 0.2224 0.0755 0.0423 0.0168 -0.0494 0.2521 0.1309 0.1210
1494720000.0000 10050.0000 1.4069 2.7676 0.3929 3.1232 206.9464 0.1170 0.1293 0.0492 0.0067 0.0114 -0.0184 0.1478 0.1003 0.0923
1494720000.0000 10350.0000 1.3475 2.2911 0.3931 2.6716 210.4617 0.0716 0.1221 0.0414 0.0180 -0.0067 -0.0245 0.1175 0.1042 0.0956
1494720000.0000 10650.0000 1.1898 2.6292 0.3196 2.9101 204.3492 0.1485 0.0834 0.0412 0.0011 0.0207 -0.0210 0.1366 0.1039 0.0963
1494720000.0000 10950.0000 1.0906 2.3254 0.2639 2.5950 205.1251 0.1128 0.0886 0.0274 -0.0352 0.0041 -0.0175 0.1144 0.1069 0.1009
1494720000.0000 11250.0000 1.2441 2.6983 0.2612 2.9844 204.7527 0.0633 0.0868 0.0340 -0.0136 0.0017 -0.0157 0.0921 0.0831 0.0753
1494720000.0000 11550.0000 0.7940 2.2248 0.2105 2.3860 199.6418 0.1138 0.2530 0.0560 0.0343 -0.0053 -0.0420 0.2114 0.1583 0.1480
1494720000.0000 11850.0000 0.5920 2.2786 0.1794 2.3751 194.5628 0.1073 0.1029 0.0367 0.0258 0.0108 -0.0206 0.1234 0.1215 0.1124
1494720000.0000 12150.0000 0.3209 2.4212 0.1516 2.4693 187.5506 0.1250 0.1715 0.0475 0.0094 0.0055 -0.0373 0.1720 0.1384 0.1287
1494720000.0000 12450.0000 0.1447 2.3303 0.0995 2.3686 183.5537 0.1448 0.2538 0.0660 0.0138 0.0177 -0.0468 0.2323 0.1684 0.1561
1494720000.0000 12750.0000 0.4641 2.1254 0.1500 2.2182 192.3168 0.1677 0.1622 0.0488 -0.0067 0.0085 -0.0351 0.1894 0.1629 0.1524
1494720000.0000 13050.0000 0.4449 2.0531 0.1326 2.1119 192.2269 0.0428 0.0711 0.0272 -0.0017 -0.0013 -0.0164 0.0706 0.1030 0.0928
1494720000.0000 13350.0000 0.2494 2.1343 0.1039 2.1714 186.6650 0.0911 0.1417 0.0388 0.0099 -0.0004 -0.0329 0.1358 0.1399 0.1296
1494720000.0000 13650.0000 0.7587 2.2574 0.1860 2.4145 198.5774 0.1239 0.1893 0.0475 -0.0332 0.0115 -0.0491 0.1804 0.1452 0.1357
1494720000.0000 13950.0000 0.7272 1.6945 0.2362 1.8664 203.2269 0.0869 0.1515 0.0408 0.0271 -0.0099 -0.0432 0.1396 0.1641 0.1529
1494720000.0000 14250.0000 0.9030 1.6873 0.2378 1.9425 208.1534 0.1199 0.2152 0.0422 0.0567 -0.0001 -0.0124 0.1886 0.1839 0.1746
1494720000.0000 14550.0000 0.4215 1.9138 0.1491 1.9827 192.4197 0.0963 0.1519 0.0382 0.0287 0.0049 -0.0260 0.1432 0.1572 0.1468
1494720000.0000 14850.0000 0.6560 2.4558 0.1443 2.5521 194.9559 0.0497 0.1021 0.0277 0.0068 0.0068 -0.0169 0.0898 0.0961 0.0885
1494720000.0000 15150.0000 0.5566 2.5646 0.1991 2.6460 192.2442 0.1090 0.1563 0.0457 0.0149 0.0027 -0.0247 0.1555 0.1223 0.1133
1494720000.0000 15450.0000 1.0855 2.5590 0.3018 2.8119 202.9872 0.1672 0.2196 0.0530 -0.0125 0.0111 -0.0356 0.2199 0.1369 0.1292
1494720000.0000 15750.0000 1.0208 2.7453 0.2952 2.9525 200.3966 0.1378 0.1483 0.0553 0.0073 0.0212 -0.0310 0.1707 0.1146 0.1054
1494720000.0000 16050.0000 1.1638 2.4670 0.3207 2.7770 205.2560 0.2807 0.2526 0.0751 0.0204 0.0250 -0.0373 0.3042 0.1640 0.1546
1494720000.0000 16350.0000 1.1678 1.4578 0.3367 1.9114 218.6966 0.1917 0.2515 0.0565 0.0525 -0.0010 -0.0382 0.2499 0.2151 0.2058
1494720000.0000 16650.0000 0.9141 1.4852 0.3294 1.7926 211.6110 0.1688 0.2466 0.0457 0.0161 0.0063 -0.0195 0.2305 0.2209 0.2134
1494720000.0000 16950.0000 0.2882 1.4442 0.1608 1.5544 191.2844 0.2165 0.2208 0.0707 -0.0369 0.0071 -0.0518 0.2540 0.2778 0.2593
1494720000.0000 17250.0000 0.3598 1.1936 0.1782 1.3338 196.7737 0.2193 0.2034 0.0942 0.0583 0.0195 -0.0558 0.2585 0.3296 0.3011
1494720000.0000 17550.0000 -0.1717 1.5116 -0.0288 1.5963 173.5206 0.1840 0.2361 0.0536 0.0904 0.0126 -0.0335 0.2369 0.2612 0.2460
1494720000.0000 17850.0000 -0.6985 1.2875 -0.0789 1.5411 151.5190 0.1860 0.2153 0.0711 0.0174 0.0034 -0.0364 0.2362 0.2705 0.2497
1494720000.0000 18150.0000 -0.3721 1.4924 -0.0306 1.6009 165.9999 0.1741 0.1846 0.0545 0.0104 0.0200 -0.0435 0.2066 0.2413 0.2248
1494720000.0000 18450.0000 0.0500 1.6446 0.0902 1.6935 181.7430 0.1456 0.3864 0.0684 0.0092 0.0186 -0.0700 0.3002 0.2715 0.2560
1494720000.0000 18750.0000 0.1826 1.9757 0.1064 2.0284 185.2810 0.1495 0.3925 0.0795 0.0070 0.0230 -0.0751 0.3107 0.2291 0.2142
1494720000.0000 19050.0000 0.2526 1.7446 0.1189 1.7988 188.2370 0.0862 0.3445 0.0498 -0.0302 0.0054 -0.0460 0.2402 0.2265 0.2149
1494720000.0000 19350.0000 0.0584 1.7471 0.1154 1.7927 181.9129 0.1481 0.2756 0.0783 0.0253 0.0104 -0.0695 0.2510 0.2335 0.2150
1494720000.0000 19650.0000 0.5523 1.5182 0.1865 1.6663 199.9896 0.1413 0.3126 0.0700 -0.0014 0.0308 -0.0496 0.2619 0.2570 0.2408
1494720000.0000 19950.0000 0.4931 1.5202 0.1558 1.6334 197.9715 0.1233 0.1514 0.0557 0.0338 0.0113 -0.0245 0.1651 0.2066 0.1893
1494720000.0000 20250.0000 0.7268 0.5156 0.1897 0.9179 234.6484 0.0671 0.0677 0.0302 0.0141 -0.0023 -0.0138 0.0825 0.2575 0.2379
1494720000.0000 20550.0000 -0.0615 0.9858 0.0542 1.0831 176.4323 0.1737 0.2204 0.0658 -0.0554 0.0302 -0.0725 0.2299 0.3958 0.3669
1494720000.0000 20850.0000 0.0836 0.9191 0.1651 0.9812 185.1978 0.1029 0.1272 0.0361 0.0553 0.0077 -0.0099 0.1331 0.3177 0.3001
1494720000.0000 21150.0000 -0.2867 0.7556 0.0742 0.9160 159.2242 0.1039 0.2764 0.0572 0.0804 0.0071 -0.0670 0.2188 0.4706 0.4406
1494720000.0000 21450.0000 -0.3760 0.2065 0.1989 0.4894 118.7754 0.0604 0.0436 0.0306 -0.0166 0.0206 -0.0196 0.0673 0.4481 0.4342
1494720000.0000 21750.0000 -0.2104 0.7899 0.0131 0.8984 165.0862 0.0941 0.2013 0.0551 0.0088 0.0301 -0.0532 0.1753 0.4182 0.3839
1494720000.0000 22050.0000 -0.4261 0.5479 0.1793 0.8357 142.1292 0.1703 0.2038 0.0757 0.0305 0.0310 -0.0582 0.2249 0.5401 0.5087
1494720000.0000 22350.0000 -0.5423 1.1327 0.0172 1.3458 154.4154 0.3197 0.2064 0.1172 -0.1133 0.0837 -0.0711 0.3216 0.3687 0.3335
1494720000.0000 22650.0000 -0.4433 1.5170 -0.0745 1.6218 163.7099 0.1385 0.1948 0.0703 -0.0315 0.0419 -0.0335 0.2018 0.2318 0.2109
1494720000.0000 22950.0000 -0.1410 1.7611 0.0366 1.8864 175.4226 0.3429 0.4496 0.0848 0.1955 0.0523 -0.0059 0.4386 0.3060 0.2909
1494720000.0000 23250.0000 -0.1011 0.8233 0.0798 0.9188 173.0020 0.1264 0.3990 0.0799 0.0025 -0.0041 -0.0436 0.3027 0.5390 0.5045
1494720000.0000 23550.0000 0.2836 1.6513 0.1767 1.7413 189.7459 0.1980 0.4989 0.0844 0.1329 0.0096 -0.0731 0.3907 0.3029 0.2877
1494720000.0000 23850.0000 0.5499 1.5308 0.0738 1.6762 199.7576 0.1344 0.4229 0.0532 0.0649 0.0255 -0.0337 0.3052 0.2770 0.2650
1494720000.0000 24150.0000 0.2012 1.7522 0.1304 1.8445 186.5517 0.3114 0.6011 0.0947 0.1631 0.0242 -0.0867 0.5036 0.3276 0.3127
1494720000.0000 24450.0000 0.1714 1.6266 0.0635 1.6840 186.0153 0.1551 0.1795 0.0933 0.0113 0.0497 -0.0370 0.2139 0.2307 0.2042
1494720000.0000 24750.0000 -0.2207 1.7239 -0.0214 1.8183 172.7051 0.2669 0.3068 0.1339 -0.0559 0.0749 -0.0960 0.3538 0.2794 0.2516
1494720000.0000 25050.0000 -0.5977 1.7261 -0.1295 1.8686 160.9002 0.1455 0.2158 0.1010 0.0005 0.0477 -0.0589 0.2311 0.2144 0.1900
1494720000.0000 25350.0000 -0.4619 1.1689 0.0621 1.3259 158.4390 0.1691 0.3462 0.0984 -0.0419 0.0432 -0.1055 0.3068 0.3594 0.3297
1494720000.0000 25650.0000 -0.0211 1.2521 0.0192 1.3453 179.0336 0.2598 0.2226 0.1180 -0.1022 0.1009 -0.0794 0.3002 0.3572 0.3202
1494720000.0000 25950.0000 0.8511 1.7361 0.1979 1.9685 206.1151 0.1183 0.2446 0.0663 0.0262 0.0098 -0.0374 0.2146 0.1946 0.1799
1494720000.0000 26250.0000 0.4457 1.5342 0.1167 1.6599 196.2001 0.1726 0.2315 0.0819 -0.0070 0.0508 -0.0457 0.2430 0.2512 0.2297
1494720000.0000 26550.0000 -0.3045 1.5844 0.0155 1.6814 169.1223 0.2056 0.5406 0.1150 -0.1073 0.0680 -0.1352 0.4306 0.3321 0.3091
1494720000.0000 26850.0000 -0.4810 1.5351 -0.0240 1.6884 162.6037 0.2429 0.2869 0.0985 0.0081 0.0445 -0.0513 0.3142 0.2845 0.2613
1494720000.0000 27150.0000 -0.3555 1.4219 0.0364 1.5806 165.9612 0.2692 0.5468 0.1202 -0.0300 0.0297 -0.1287 0.4681 0.3810 0.3558
1494720000.0000 27450.0000 -0.4401 1.2994 0.0426 1.4617 161.2904 0.2912 0.1839 0.1320 -0.0848 0.0850 -0.0561 0.3036 0.3278 0.2901
1494720000.0000 27750.0000 -0.5450 0.6468 0.1743 1.0013 139.8834 0.2313 0.3554 0.1250 -0.0482 0.0243 -0.1243 0.3558 0.5640 0.5228
1494720000.0000 28050.0000 -1.1833 0.4363 0.2234 1.3364 110.2402 0.3178 0.1693 0.0669 -0.0181 0.0026 -0.0543 0.2770 0.3355 0.3195
1494720000.0000 28350.0000 -1.4811 0.2579 0.1642 1.5517 99.8771 0.1993 0.1614 0.0822 -0.0767 -0.0055 -0.0023 0.2214 0.2541 0.2306
1494720000.0000 28650.0000 -0.1526 0.4441 0.1924 0.7187 161.0313 0.2494 0.2493 0.0834 -0.0170 0.0432 -0.0620 0.2911 0.8680 0.8683
1494720000.0000 28950.0000 0.0658 0.4812 0.1984 0.6908 187.7851 0.2538 0.1092 0.0841 0.0415 0.0388 -0.0171 0.2235 0.7358 0.7161
1494720000.0000 29250.0000 -0.0151 0.8439 0.1704 0.9779 178.9725 0.2217 0.1378 0.0720 0.0635 0.0220 -0.0321 0.2158 0.4405 0.4102
1494720000.0000 29550.0000 -0.1596 0.2435 0.3401 0.4694 146.7582 0.1022 0.1091 0.0847 -0.0029 0.0500 -0.0278 0.1480 0.7016 0.9113
1494720000.0000 29850.0000 0.2715 1.1542 0.1976 1.2743 193.2350 0.1760 0.2889 0.0588 0.0023 0.0139 -0.0332 0.2619 0.3476 0.3320
1494720000.0000 30150.0000 -0.0887 1.2690 0.1289 1.3544 176.0006 0.2028 0.3062 0.0738 -0.0501 0.0308 -0.0755 0.2914 0.3447 0.3238
1494720000.0000 30450.0000 0.1435 1.0958 0.3320 1.1849 187.4581 0.1760 0.2972 0.0780 0.0350 0.0313 -0.0550 0.2756 0.3715 0.3594
1494720000.0000 30750.0000 -0.0055 1.4961 0.2131 1.5955 179.7888 0.2738 0.3349 0.1605 0.0076 0.0622 -0.1227 0.3846 0.3351 0.3011
1494720000.0000 31050.0000 -0.7004 0.8513 0.1752 1.2409 140.5560 0.2213 0.5374 0.1543 -0.0407 0.0183 -0.1481 0.4565 0.4942 0.4562
1494720000.0000 31350.0000 -0.3362 0.3836 0.3632 0.8105 138.7687 0.3829 0.2357 0.1454 0.0067 0.0534 -0.0663 0.3820 0.8059 0.8902
1494720000.0000 31650.0000 0.8326 0.6408 0.4246 1.2627 232.4144 0.3283 0.5761 0.1047 0.1638 -0.0376 -0.0832 0.5045 0.5118 0.5226
1494720000.0000 31950.0000 1.1829 1.2010 0.3375 1.7440 224.5629 0.2496 0.3134 0.0998 0.0955 -0.0267 -0.0596 0.3314 0.2734 0.2570
1494720000.0000 32250.0000 0.4488 1.2618 0.1315 1.4232 199.5802 0.2157 0.1820 0.0966 -0.0562 0.0580 -0.0537 0.2471 0.3016 0.2719
1494720000.0000 32550.0000 0.3059 0.6709 0.0574 0.9957 204.5076 0.3023 0.5834 0.1890 0.2985 0.0719 0.0343 0.5374 0.8093 0.7369
1494720000.0000 32850.0000 1.1134 1.1401 0.2137 1.6748 224.3227 0.2885 0.1641 0.0621 -0.0343 -0.0078 -0.0361 0.2573 0.2576 0.2437
1494720000.0000 33150.0000 1.1191 1.8334 0.2313 2.2457 211.4010 0.3209 0.3195 0.1029 -0.1097 0.0740 -0.0870 0.3716 0.2304 0.2151
1494720000.0000 33450.0000 1.3845 1.7042 0.2301 2.2461 219.0904 0.2229 0.1343 0.0999 -0.0292 0.0281 -0.0238 0.2286 0.1768 0.1572
1494720000.0000 33750.0000 1.1562 0.7077 -0.0413 1.4275 238.5316 0.3136 0.1920 0.1113 0.0630 0.1163 0.0208 0.3085 0.3344 0.3028
1494720000.0000 34050.0000 1.0557 0.7825 0.3685 1.3680 233.4545 0.1799 0.1945 0.1500 0.0485 -0.0248 -0.0520 0.2622 0.3064 0.2689
1494720000.0000 34350.0000 0.3122 0.5162 0.1885 0.7913 211.1689 0.1996 0.2156 0.0671 -0.0307 -0.0146 -0.0310 0.2411 0.6344 0.6166
1494720000.0000 34650.0000 0.2285 0.4566 0.1520 0.6058 206.5881 0.0909 0.1108 0.1018 0.0085 0.0133 -0.0158 0.1518 0.5971 0.5079
1494720000.0000 34950.0000 -0.1244 0.4592 0.2497 0.5711 164.8457 0.0699 0.1515 0.1306 -0.0326 0.0324 -0.0960 0.1760 0.6375 0.5709
1494720000.0000 35250.0000 -0.5515 0.3924 0.0571 0.8300 125.4329 0.1839 0.2605 0.2178 -0.0218 -0.0299 -0.0036 0.3311 0.6916 0.5686
1494720000.0000 35550.0000 0.0936 1.2956 0.1262 1.4484 184.1328 0.3958 0.2395 0.1200 0.0241 0.0834 -0.0568 0.3776 0.3844 0.3543
1494720000.0000 35850.0000 0.2863 1.2525 0.1778 1.3803 192.8735 0.2123 0.4179 0.1526 -0.0313 0.0597 -0.1194 0.3914 0.3938 0.3567
1494720000.0000 36150.0000 0.2414 0.5990 0.1761 0.8361 201.9496 0.1788 0.3513 0.1374 -0.0526 0.0166 -0.0959 0.3337 0.7047 0.6509
1494720000.0000 36450.0000 0.5544 0.3671 0.3410 0.8945 236.4926 0.3966 0.4047 0.1010 0.2072 0.0357 -0.0245 0.4511 0.7339 0.7772
1494720000.0000 36750.0000 0.2239 0.9834 0.0986 1.2625 192.8287 0.6110 0.3141 0.1894 0.2698 0.1168 0.0074 0.5572 0.6015 0.5506
1494720000.0000 37050.0000 -0.2894 0.1374 0.1681 0.5952 115.3944 0.1886 0.2287 0.1950 0.0304 0.0854 -0.0155 0.3062 1.2490 1.1643
1494720000.0000 37350.0000 1.0354 0.7708 0.2005 1.3971 233.3361 0.1956 0.3654 0.1258 0.1271 0.0377 0.0180 0.3434 0.3663 0.3350
1494720000.0000 37650.0000 0.2218 0.5275 0.0088 0.7464 202.8085 0.2677 0.2202 0.1418 0.1229 -0.0588 -0.0256 0.3149 0.8006 0.7048
1494720000.0000 37950.0000 -0.1895 1.4253 0.0718 1.4933 172.4265 0.1656 0.1702 0.0895 -0.0292 0.0088 -0.0464 0.2126 0.2615 0.2327
1494720000.0000 38250.0000 -0.0543 1.2449 -0.1280 1.2742 177.5029 0.0674 0.1414 0.0551 -0.0186 0.0341 -0.0126 0.1319 0.2368 0.2117
1494720000.0000 38550.0000 0.0431 0.4095 0.3842 0.5957 186.0059 0.1367 0.2256 0.0634 0.0974 -0.0212 -0.0608 0.2128 0.6688 0.8439
1494720000.0000 38850.0000 -1.2140 0.1938 0.4634 1.3659 99.0718 0.6426 0.1996 0.1367 0.0711 -0.0731 -0.0605 0.4894 0.4348 0.4310
1494720000.0000 39150.0000 -2.7248 0.3919 0.3431 2.8062 98.1854 0.3198 0.2883 0.1641 -0.0224 0.0179 -0.0644 0.3861 0.1829 0.1636
1494720000.0000 39450.0000 -1.7307 0.1924 0.7032 1.8254 96.3439 0.8156 0.2575 0.1745 -0.0824 0.1236 -0.0278 0.6238 0.3434 0.3435
1494720000.0000 39750.0000 -1.0034 0.2523 0.5566 1.2937 104.1137 0.5849 0.4758 0.1654 0.0442 0.1291 -0.0833 0.6131 0.5442 0.5747
1494720000.0000 40050.0000 -1.6037 0.7299 0.2049 2.0037 114.4733 1.3981 0.6078 0.2103 0.0592 -0.0289 -0.1324 1.1081 0.4845 0.4641
1494720000.0000 40350.0000 -0.1802 0.7082 0.3335 1.4240 165.7259 0.6196 1.9983 0.2712 -0.0188 0.0606 -0.0486 1.4445 1.2217 1.2783
1494720000.0000 40650.0000 -0.3524 0.2450 0.4802 0.7892 124.8130 0.3148 0.3448 0.1323 -0.0385 0.0499 -0.1318 0.3960 0.7978 1.0925
1494720000.0000 40950.0000 -0.1928 0.2889 0.5343 0.6282 146.2753 0.2648 0.2001 0.0930 0.0618 0.0525 -0.0041 0.2789 0.6767 1.1335
1494720000.0000 41250.0000 -0.5038 -0.0013 0.5766 0.7010 89.8474 0.2860 0.1378 0.0878 0.0738 0.0102 -0.0374 0.2558 0.5393 0.7459
1494720000.0000 41550.0000 0.4150 0.4153 0.4268 0.9002 224.9850 0.4120 0.3171 0.0795 0.1856 0.0280 -0.0158 0.4043 0.7153 0.8397
1494720000.0000 41850.0000 -0.2995 0.4499 0.3033 1.1646 146.3476 0.7626 0.8300 0.1597 0.4998 0.0044 -0.0666 0.8761 1.2331 1.3481
1494720000.0000 42150.0000 0.5860 1.2205 0.4355 1.6923 205.6466 0.4978 1.6157 0.1964 0.4686 -0.0339 -0.1645 1.1549 0.6170 0.6200
1494720000.0000 42450.0000 0.6234 0.9369 0.3743 1.4478 213.6388 0.5802 0.7737 0.2719 0.2715 0.0232 -0.0349 0.8129 0.6207 0.5970
1494720000.0000 42750.0000 0.1396 1.0051 0.3448 1.6143 187.9060 0.9049 1.3160 0.1712 0.7543 -0.0200 -0.1860 1.1960 0.8332 0.8479
1494720000.0000 43050.0000 0.3955 1.6530 0.4280 1.9245 193.4573 0.8293 0.6665 0.2444 0.0665 0.1461 -0.1904 0.8701 0.4345 0.4154
1494720000.0000 43350.0000 -0.1461 1.9662 0.0350 2.0267 175.7492 0.2259 0.3271 0.1487 -0.0299 0.0380 -0.1228 0.3509 0.2453 0.2178
1494720000.0000 43650.0000 -0.0239 1.3502 0.1069 1.5776 178.9865 0.5231 0.5848 0.2861 0.3158 -0.0691 -0.2397 0.6970 0.5032 0.4500
1494720000.0000 43950.0000 -1.4807 0.8796 0.1452 1.8751 120.7116 0.4628 0.5467 0.3563 0.0082 0.0597 -0.2590 0.6829 0.3904 0.3368
1494720000.0000 44250.0000 -0.0215 2.0772 0.0543 2.2841 179.4068 0.7497 1.5783 0.3679 -0.1894 0.2054 -0.0962 1.3479 0.4562 0.4241
1494720000.0000 44550.0000 0.1763 2.1279 0.2139 2.3081 184.7374 0.6300 1.0140 0.2525 -0.0223 0.0872 -0.2057 0.9483 0.3705 0.3467
1494720000.0000 44850.0000 0.3160 1.8905 0.1573 2.0623 189.4889 0.5415 0.5746 0.1700 -0.0834 0.0682 -0.1157 0.6430 0.3404 0.3182
1494720000.0000 45150.0000 -0.2132 1.2418 0.1040 1.6106 170.2583 0.9588 0.9020 0.2560 0.0335 -0.1531 -0.1726 1.0584 0.6644 0.6251
1494720000.0000 45450.0000 0.2654 2.3468 0.0683 2.6295 186.4516 1.2594 0.8729 0.1998 -0.0577 0.1286 -0.2146 1.1661 0.3732 0.3570
1494720000.0000 45750.0000 1.3552 1.0828 0.3530 1.8184 231.3772 0.2582 0.4857 0.1479 0.1522 -0.0140 -0.0720 0.4459 0.3080 0.2870
1494720000.0000 46050.0000 1.5097 1.3684 0.5281 2.1895 227.8094 0.3843 1.1933 0.1323 0.2058 -0.0368 -0.0328 0.8550 0.3587 0.3559
1494720000.0000 46350.0000 1.3539 2.0607 0.3183 2.5144 213.3045 0.2175 0.6350 0.1741 0.1337 0.0270 -0.0021 0.5133 0.2353 0.2162
1494720000.0000 46650.0000 0.9524 0.8642 0.4335 1.4110 227.7785 0.4042 0.2706 0.1428 0.0623 0.0372 -0.0630 0.4088 0.3847 0.3688
1494720000.0000 46950.0000 1.6913 1.1031 0.3906 2.0966 236.8863 0.3026 0.3208 0.1805 0.0218 0.0298 -0.0452 0.4019 0.2517 0.2257
1494720000.0000 47250.0000 0.9999 1.6304 0.1537 2.0956 211.5193 0.5434 0.6074 0.3297 -0.2242 0.1367 -0.2660 0.7403 0.3661 0.3238
1494720000.0000 47550.0000 1.0786 0.9504 0.2616 1.6813 228.6168 0.8125 0.4161 0.2848 -0.0979 -0.1305 -0.0134 0.7567 0.4861 0.4451
1494720000.0000 47850.0000 -0.6109 0.8580 0.3785 1.4538 144.5485 1.0527 0.5048 0.3032 0.1599 -0.0592 -0.1393 0.9304 0.7037 0.6841
1494720000.0000 48150.0000 0.1521 1.9361 0.4654 2.2638 184.4934 0.7894 1.8888 0.4290 -0.0580 0.1449 -0.5471 1.5536 0.5096 0.4865
1494720000.0000 48450.0000 0.0225 2.2819 -0.0981 2.3769 180.5653 0.4215 1.0878 0.2165 -0.0963 0.0806 -0.0628 0.8629 0.3321 0.3108
1494720000.0000 48750.0000 0.2835 1.9207 0.2871 2.2194 188.3961 0.8488 1.3860 0.2641 -0.0149 0.0766 -0.2531 1.2495 0.4650 0.4446
1494720000.0000 49050.0000 0.7202 2.4592 0.2039 2.6922 196.3239 0.5854 0.7976 0.3092 -0.0390 0.1063 -0.1688 0.8461 0.2922 0.2650
1494720000.0000 49350.0000 1.8339 3.2399 0.1371 3.7713 209.5118 0.3846 0.6918 0.2309 0.1313 0.0966 0.0123 0.6536 0.1772 0.1609
1494720000.0000 49650.0000 1.5503 1.8988 0.0371 2.5259 219.2316 0.3837 0.8464 0.2095 0.2749 0.0862 -0.0064 0.7197 0.2826 0.2612
1494720000.0000 49950.0000 1.8043 1.4204 0.6353 2.4110 231.7905 0.7553 0.7163 0.1888 0.2708 -0.0369 -0.0953 0.8302 0.3122 0.3050
1494720000.0000 50250.0000 1.9911 1.1889 0.4805 2.4007 239.1580 0.4659 0.4229 0.1493 0.1040 -0.0314 -0.0471 0.5191 0.2484 0.2347
1494720000.0000 50550.0000 1.8560 1.2805 0.5114 2.4587 235.3977 0.8707 0.8574 0.2279 -0.0644 0.0595 -0.0904 0.9780 0.3492 0.3366
1494720000.0000 50850.0000 0.9170 0.6108 0.4077 1.4848 236.3308 0.6457 0.7917 0.2057 -0.2953 0.0354 -0.1874 0.8215 0.6299 0.6282
1494720000.0000 51150.0000 1.2580 0.6035 0.4746 1.5583 244.3694 0.3592 0.4241 0.1354 -0.0065 0.0060 -0.0485 0.4594 0.3755 0.3662
1494720000.0000 51450.0000 1.5532 0.5996 0.5581 1.7969 248.8915 0.4639 0.4513 0.1781 0.0465 -0.0650 0.0055 0.5466 0.3438 0.3317
1494720000.0000 51750.0000 1.3036 0.7014 0.4024 1.6182 241.7171 0.3828 0.4500 0.1683 0.0531 -0.0619 -0.0123 0.5006 0.3766 0.3559
1494720000.0000 52050.0000 0.5541 0.6968 0.1015 1.1703 218.4921 0.4604 0.7071 0.3283 0.2983 0.2367 0.1571 0.7479 0.7880 0.7007
1494720000.0000 52350.0000 0.3376 2.0317 0.2400 2.1905 189.4345 0.4819 0.9289 0.2373 0.0594 0.0715 -0.1601 0.8241 0.3575 0.3330
1494720000.0000 52650.0000 0.3875 2.0056 0.2440 2.2226 190.9363 0.7552 0.7011 0.2903 -0.0519 0.1151 -0.2218 0.8733 0.3709 0.3411
1494720000.0000 52950.0000 0.1016 2.2072 0.1804 2.3164 182.6362 0.4390 0.5995 0.2526 0.1134 0.0325 -0.1696 0.6455 0.2959 0.2663
1494720000.0000 53250.0000 0.0129 2.1774 -0.0046 2.3552 180.3406 0.7604 0.4965 0.1975 -0.2037 0.1401 -0.1077 0.7272 0.3198 0.2973
1494720000.0000 53550.0000 0.3209 1.8680 0.2229 2.0208 189.7487 0.3209 2.0439 0.2136 0.0772 0.0091 -0.2274 1.2892 0.4858 0.4684
1494720000.0000 53850.0000 0.4020 1.9764 0.1989 2.0820 191.4984 0.2272 0.2935 0.1197 -0.0270 0.0395 -0.0905 0.3202 0.2280 0.2066
1494720000.0000 54150.0000 0.6999 1.7590 0.3449 2.0440 201.6975 0.7097 0.5306 0.1388 0.2864 0.0885 -0.0705 0.6896 0.3523 0.3396
1494720000.0000 54450.0000 1.1985 2.1225 0.5087 2.5458 209.4529 0.6500 0.8064 0.2046 0.2306 0.0222 -0.1586 0.8305 0.2988 0.2859
1494720000.0000 54750.0000 2.0928 2.3026 0.6084 3.1759 222.2680 0.6595 0.4141 0.1366 0.1745 0.0057 -0.0580 0.6051 0.2003 0.1923
1494720000.0000 55050.0000 1.9839 2.6772 0.5259 3.3891 216.5400 0.3189 0.5603 0.1217 0.0300 -0.0349 -0.0817 0.5005 0.1712 0.1625
1494720000.0000 55350.0000 1.5702 2.7255 0.4445 3.2001 209.9476 0.2757 0.4787 0.1110 0.0083 -0.0229 -0.1031 0.4327 0.1691 0.1594
1494720000.0000 55650.0000 2.2731 1.8763 0.5326 3.0212 230.4622 0.4248 0.5734 0.1338 0.1090 -0.0022 -0.0369 0.5660 0.2051 0.1957
1494720000.0000 55950.0000 1.9007 1.1472 0.6120 2.3196 238.8858 0.5340 0.5458 0.1942 0.1375 -0.0444 -0.0288 0.6370 0.2830 0.2702
1494720000.0000 56250.0000 2.3291 0.9622 0.6204 2.5961 247.5526 0.5530 0.4355 0.1674 0.0774 0.0071 0.0146 0.5779 0.2392 0.2278
1494720000.0000 56550.0000 3.3603 2.3829 0.7932 4.1541 234.6588 0.3729 0.3883 0.1437 0.1317 -0.0546 -0.0395 0.4524 0.1309 0.1223
1494720000.0000 56850.0000 2.7415 1.7215 0.4837 3.2804 237.8733 0.4268 0.6298 0.1241 0.3201 0.0487 0.0601 0.5904 0.1917 0.1833
1494720000.0000 57150.0000 2.2608 1.4301 0.4752 2.7731 237.6846 0.4134 0.7965 0.1881 0.1403 -0.0294 0.0933 0.6990 0.2512 0.2374
1494720000.0000 57450.0000 2.8214 1.7178 0.6419 3.3568 238.6650 0.5705 0.5788 0.1847 0.2735 -0.0088 0.0248 0.6670 0.1982 0.1874
1494720000.0000 57750.0000 2.3866 1.2937 0.5268 2.8005 241.5389 0.6084 0.4101 0.1655 -0.0178 -0.0630 -0.0293 0.5920 0.2272 0.2146
1494720000.0000 58050.0000 2.7540 0.9330 0.6576 3.0122 251.2855 0.7779 0.6286 0.2464 0.0828 -0.0464 0.0326 0.8264 0.2490 0.2355
1494720000.0000 58350.0000 3.4960 1.5546 0.6068 3.8931 246.0270 0.4929 0.5897 0.2657 0.0428 -0.0752 0.0046 0.6742 0.1731 0.1570
1494720000.0000 58650.0000 2.8380 1.4638 0.5292 3.4491 242.7151 0.6819 1.6254 0.2730 -0.3290 -0.0648 -0.0654 1.2902 0.2865 0.2746
1494720000.0000 58950.0000 3.5474 0.4635 0.5380 3.6539 262.5560 0.8065 0.5047 0.2054 -0.0200 -0.0437 0.0362 0.7583 0.1965 0.1848
1494720000.0000 59250.0000 3.3695 0.3785 0.4309 3.4678 263.5916 0.7108 0.4687 0.2334 -0.0570 -0.0863 0.0765 0.7065 0.2008 0.1849
1494720000.0000 59550.0000 2.6083 1.3870 0.4818 3.1509 241.9986 0.7109 1.2407 0.2268 0.1186 0.0443 0.0025 1.0892 0.2847 0.2730
1494720000.0000 59850.0000 2.4425 1.1172 0.4840 2.8701 245.4208 1.3058 0.6315 0.2035 -0.2610 -0.0667 -0.0270 1.0704 0.3095 0.2992
1494720000.0000 60150.0000 2.6800 0.4948 0.4997 2.8753 259.5403 0.8456 0.7886 0.2193 0.3774 -0.0646 0.0036 0.9268 0.2837 0.2708
1494720000.0000 60450.0000 3.5738 2.2563 0.5642 4.3201 237.7338 0.6947 1.0470 0.2183 0.1344 0.0390 0.0809 0.9800 0.1896 0.1803
1494720000.0000 60750.0000 3.0865 0.9164 0.4085 3.3102 253.4642 0.5111 0.6321 0.2004 0.1072 -0.0625 0.0331 0.6718 0.2062 0.1917
1494720000.0000 61050.0000 2.5040 0.9176 0.4321 2.7273 249.8734 0.2586 0.3083 0.1350 -0.0390 -0.0255 0.0083 0.3510 0.1791 0.1630
1494720000.0000 61350.0000 2.4864 1.1087 0.6137 2.8072 245.9682 0.4208 0.6100 0.1301 0.1451 -0.0197 0.0130 0.5805 0.2229 0.2153
1494720000.0000 61650.0000 2.8485 1.9543 0.6277 3.5139 235.5463 0.4648 0.5760 0.1573 0.1770 -0.0282 0.0163 0.5990 0.1800 0.1705
1494720000.0000 61950.0000 2.4630 2.1520 0.7802 3.3628 228.8547 0.8714 0.7284 0.2024 0.2503 -0.0868 -0.1202 0.9011 0.2305 0.2233
1494720000.0000 62250.0000 2.8914 1.7463 0.6195 3.4536 238.8689 0.4323 0.6872 0.2186 0.1336 -0.0148 0.0215 0.6690 0.1945 0.1808
1494720000.0000 62550.0000 2.4363 1.4958 0.6748 2.9859 238.4523 0.5574 0.8164 0.2068 0.0483 -0.0571 -0.0607 0.7903 0.2471 0.2367
1494720000.0000 62850.0000 2.0396 3.3092 0.6305 3.9648 211.6464 0.7158 0.9467 0.2314 0.2108 -0.0237 -0.1898 0.9469 0.2018 0.1915
1494720000.0000 63150.0000 2.2170 2.3128 0.6894 3.3200 223.7880 0.9319 0.5498 0.2224 0.0591 -0.0608 -0.1294 0.8521 0.2300 0.2194
1494720000.0000 63450.0000 2.0065 2.1977 0.3994 3.0419 222.3959 0.3807 0.3456 0.1377 -0.0137 0.0170 0.0043 0.4320 0.1787 0.1653
1494720000.0000 63750.0000 1.2602 1.5587 0.4565 2.1002 218.9568 0.3942 0.3692 0.1028 -0.0039 -0.0151 -0.0552 0.4331 0.2614 0.2517
1494720000.0000 64050.0000 1.7597 1.4160 0.4149 2.3116 231.1781 0.2289 0.2565 0.1310 0.0211 0.0233 -0.0077 0.3082 0.1974 0.1781
1494720000.0000 64350.0000 2.0591 1.3248 0.7038 2.5204 237.2439 0.3202 0.4995 0.1523 0.1275 -0.0608 -0.0615 0.4860 0.2234 0.2135
1494720000.0000 64650.0000 1.6415 1.0204 0.5906 2.1253 238.1327 0.5789 0.8302 0.1798 -0.0111 -0.0553 -0.0252 0.7945 0.3601 0.3546
1494720000.0000 64950.0000 2.4719 1.5730 0.5504 2.9804 237.5300 0.3572 0.4167 0.1212 0.1560 -0.0581 -0.0363 0.4475 0.1832 0.1734
1494720000.0000 65250.0000 1.7839 1.5257 0.5514 2.3859 229.4604 0.2898 0.2783 0.0998 0.1244 -0.0170 -0.0376 0.3339 0.1957 0.1854
1494720000.0000 65550.0000 2.0555 1.6356 0.5576 2.6621 231.4900 0.2851 0.2168 0.0996 0.0700 -0.0045 -0.0331 0.3007 0.1667 0.1557
1494720000.0000 65850.0000 2.1417 1.6338 0.5674 2.7190 232.6626 0.2710 0.1855 0.0735 0.0917 -0.0055 -0.0279 0.2650 0.1527 0.1448
1494720000.0000 66150.0000 2.2977 1.7805 0.5795 2.9304 232.2278 0.2141 0.1601 0.0637 0.0509 -0.0010 -0.0208 0.2190 0.1289 0.1215
1494720000.0000 66450.0000 2.0281 1.1556 0.4958 2.3893 240.3252 0.2594 0.3845 0.1244 0.1116 -0.0441 -0.0143 0.3841 0.2121 0.1985
1494720000.0000 66750.0000 2.3598 1.2979 0.5161 2.7273 241.1885 0.1783 0.2494 0.1085 0.0599 -0.0195 -0.0081 0.2681 0.1542 0.1402
1494720000.0000 67050.0000 2.5645 1.3801 0.5505 2.9422 241.7127 0.2106 0.2886 0.1272 0.1259 -0.0084 0.0118 0.3132 0.1542 0.1401
1494720000.0000 67350.0000 2.5796 1.3747 0.6081 2.9659 241.9455 0.2524 0.3235 0.1150 0.0781 -0.0164 0.0140 0.3454 0.1607 0.1499
1494720000.0000 67650.0000 2.6412 0.7890 0.5095 2.7992 253.3672 0.4443 0.2308 0.0978 -0.0045 0.0040 0.0212 0.3865 0.1811 0.1721
1494720000.0000 67950.0000 2.5766 0.6529 0.3348 2.6859 255.7798 0.4844 0.1062 0.0860 -0.0324 0.0316 -0.0101 0.3383 0.1773 0.1669
1494720000.0000 68250.0000 2.8592 0.5618 0.4697 2.9310 258.8836 0.2094 0.0860 0.0670 -0.0001 -0.0032 0.0041 0.1812 0.1178 0.1077
1494720000.0000 68550.0000 2.6527 0.8093 0.3859 2.8120 253.0338 0.4434 0.1524 0.0904 -0.0701 0.0297 -0.0157 0.3431 0.1708 0.1607
1494720000.0000 68850.0000 1.7719 0.9121 0.4031 2.0125 242.7613 0.1632 0.1552 0.0509 0.1035 0.0088 0.0227 0.1847 0.1726 0.1635
1494720000.0000 69150.0000 1.2398 0.5040 0.2477 1.3582 247.8783 0.0757 0.0604 0.0405 0.0097 -0.0084 0.0003 0.0883 0.1783 0.1591
1494720000.0000 69450.0000 1.7037 0.5149 0.2515 1.7989 253.1845 0.1864 0.0547 0.0546 -0.0019 -0.0080 -0.0064 0.1478 0.1746 0.1593
1494720000.0000 69750.0000 2.6290 0.4897 0.3789 2.6845 259.4486 0.1530 0.0443 0.0328 -0.0036 0.0043 -0.0042 0.1150 0.1025 0.0959
1494720000.0000 70050.0000 2.6088 -0.0741 0.2834 2.6619 271.6274 0.2269 0.2695 0.0730 0.0512 -0.0352 0.0313 0.2847 0.1659 0.1559
1494720000.0000 70350.0000 2.3928 -0.8745 0.1651 2.5879 290.0762 0.3698 0.2649 0.1170 -0.1076 -0.0751 0.0720 0.3758 0.1961 0.1805
1494720000.0000 70650.0000 2.8220 -0.7436 0.2343 2.9599 284.7610 0.4151 0.2263 0.1728 0.0085 -0.0536 0.0621 0.4070 0.1779 0.1584
1494720000.0000 70950.0000 3.1717 -0.6568 0.2670 3.2769 281.6999 0.3981 0.2229 0.1740 0.0119 -0.0347 0.0562 0.3975 0.1584 0.1405
1494720000.0000 71250.0000 3.5000 -0.6239 0.2918 3.5938 280.1068 0.4224 0.2505 0.1800 -0.0028 -0.0703 0.0549 0.4265 0.1495 0.1332
1494720000.0000 71550.0000 3.0049 -0.7229 0.2689 3.1411 283.5273 0.4965 0.2756 0.1667 0.0434 -0.0596 0.0583 0.4694 0.1803 0.1641
1494720000.0000 71850.0000 2.5396 -1.1233 0.2318 2.8306 293.8601 0.3481 0.3603 0.1544 -0.0780 -0.0721 0.0759 0.4314 0.1925 0.1750
1494720000.0000 72150.0000 2.3299 -1.1949 0.2330 2.6643 297.1519 0.3872 0.3552 0.1354 -0.1674 -0.0887 0.0642 0.4389 0.2058 0.1900
1494720000.0000 72450.0000 1.9998 -1.0944 0.2164 2.3239 298.6907 0.2347 0.3098 0.0941 -0.1196 -0.0602 0.0426 0.3193 0.2015 0.1869
1494720000.0000 72750.0000 2.2154 -1.2586 0.2090 2.5879 299.6010 0.2529 0.3377 0.1000 -0.1475 -0.0482 0.0500 0.3453 0.1877 0.1741
1494720000.0000 73050.0000 1.8195 -1.3494 0.2423 2.3183 306.5622 0.2643 0.2738 0.0771 -0.0583 -0.0430 0.0318 0.3076 0.1988 0.1870
1494720000.0000 73350.0000 1.6786 -1.5572 0.2683 2.3273 312.8512 0.4328 0.1853 0.0839 -0.1463 -0.0436 0.0309 0.3510 0.2098 0.1982
1494720000.0000 73650.0000 1.9240 -1.7373 0.1933 2.6216 312.0800 0.2590 0.2247 0.0859 -0.1077 -0.0480 0.0577 0.2848 0.1676 0.1549
1494720000.0000 73950.0000 1.4738 -1.4982 0.1315 2.1626 315.4703 0.5103 0.2033 0.0883 -0.1243 -0.0429 0.0234 0.4009 0.2455 0.2321
1494720000.0000 74250.0000 2.2070 -1.7105 0.1538 2.8155 307.7769 0.2734 0.1368 0.0558 -0.0681 -0.0226 0.0146 0.2330 0.1409 0.1324
1494720000.0000 74550.0000 2.6109 -1.9274 0.1901 3.2519 306.4349 0.0619 0.0527 0.0201 -0.0156 -0.0083 0.0076 0.0674 0.0652 0.0602
1494720000.0000 74850.0000 2.1077 -1.7754 0.1050 2.7594 310.1098 0.0335 0.0263 0.0115 -0.0097 0.0013 0.0024 0.0356 0.0559 0.0512
1494720000.0000 75150.0000 1.9436 -1.9219 0.1186 2.7405 314.6794 0.0611 0.0218 0.0136 -0.0037 -0.0079 0.0072 0.0483 0.0656 0.0608
1494720000.0000 75450.0000 1.8967 -1.7900 0.0911 2.6193 313.3433 0.0336 0.0395 0.0088 0.0217 0.0007 0.0064 0.0409 0.0633 0.0598
1494720000.0000 75750.0000 2.0054 -1.0291 0.1102 2.2814 297.1640 0.1749 0.1844 0.0622 -0.0832 -0.0432 0.0237 0.2108 0.1661 0.1535
1494720000.0000 76050.0000 2.1540 -1.2625 0.0987 2.5122 300.3741 0.1540 0.1323 0.0483 -0.0813 -0.0453 0.0225 0.1672 0.1336 0.1237
1494720000.0000 76350.0000 1.9072 -0.8302 0.0690 2.1101 293.5234 0.1394 0.1402 0.0689 -0.0242 -0.0470 0.0224 0.1743 0.1638 0.1468
1494720000.0000 76650.0000 1.9234 -1.3938 0.1165 2.3958 305.9299 0.0846 0.1210 0.0267 -0.0225 -0.0162 0.0071 0.1162 0.1170 0.1102
1494720000.0000 76950.0000 1.5621 -1.7693 0.1318 2.3704 318.5588 0.0776 0.0368 0.0206 -0.0146 -0.0141 0.0082 0.0675 0.0897 0.0827
1494720000.0000 77250.0000 1.5194 -1.6673 0.1285 2.2651 317.6568 0.0387 0.0533 0.0220 -0.0047 -0.0101 0.0109 0.0570 0.0863 0.0776
1494720000.0000 77550.0000 1.3686 -1.3088 0.1091 1.8965 313.7196 0.0188 0.0166 0.0050 -0.0068 -0.0009 -0.0008 0.0202 0.0612 0.0574
1494720000.0000 77850.0000 1.0085 -1.2873 0.1058 1.6420 321.9242 0.0391 0.0094 0.0062 -0.0067 -0.0013 0.0016 0.0274 0.0825 0.0778
1494720000.0000 78150.0000 0.5341 -1.3418 0.0986 1.4637 338.2953 0.0623 0.0166 0.0122 0.0000 -0.0039 -0.0003 0.0455 0.1203 0.1122
1494720000.0000 78450.0000 1.1587 -1.2380 0.1128 1.7065 316.8963 0.0419 0.0286 0.0077 -0.0026 -0.0005 0.0053 0.0391 0.0950 0.0904
1494720000.0000 78750.0000 1.3075 -0.6854 0.0879 1.4923 297.6629 0.1071 0.0712 0.0263 -0.0413 -0.0220 0.0087 0.1023 0.1766 0.1652
1494720000.0000 79050.0000 1.4876 -0.6161 0.0481 1.6366 292.4987 0.0820 0.0939 0.0270 -0.0116 -0.0231 0.0138 0.1015 0.1615 0.1504
1494720000.0000 79350.0000 1.4267 0.0177 0.0108 1.4288 269.2876 0.0129 0.0058 0.0033 0.0005 0.0012 0.0007 0.0110 0.0600 0.0553
1494720000.0000 79650.0000 1.3175 -0.1434 -0.0107 1.3266 276.2099 0.0023 0.0037 0.0014 -0.0005 -0.0003 -0.0002 0.0037 0.0375 0.0337
1494720000.0000 79950.0000 1.3831 -0.0909 0.0110 1.3882 273.7613 0.0090 0.0064 0.0017 -0.0016 0.0016 -0.0003 0.0086 0.0546 0.0518
1494720000.0000 80250.0000 1.4362 -0.3351 0.0546 1.4853 283.1345 0.0254 0.0285 0.0088 0.0039 -0.0041 0.0028 0.0314 0.0980 0.0909
1494720000.0000 80550.0000 1.2583 -0.4455 0.0492 1.3477 289.4978 0.0464 0.0319 0.0158 -0.0006 -0.0100 0.0075 0.0471 0.1326 0.1211
1494720000.0000 80850.0000 0.9275 -0.7536 0.0776 1.2092 309.0942 0.0272 0.0242 0.0053 0.0075 -0.0033 0.0016 0.0283 0.1148 0.1095
1494720000.0000 81150.0000 0.2610 -0.9516 0.0636 1.0015 344.6601 0.0281 0.0083 0.0018 0.0046 0.0017 0.0009 0.0191 0.1141 0.1117
1494720000.0000 81450.0000 0.4935 -0.4303 0.0561 0.7297 311.0822 0.0647 0.0577 0.0054 0.0487 -0.0004 0.0030 0.0639 0.3141 0.3085
1494720000.0000 81750.0000 0.4870 -0.3553 0.0560 0.6172 306.1122 0.0170 0.0141 0.0051 0.0031 -0.0017 0.0020 0.0181 0.1813 0.1688
1494720000.0000 82050.0000 0.5302 -0.3869 0.0544 0.6680 306.1218 0.0140 0.0160 0.0028 -0.0001 -0.0006 0.0001 0.0164 0.1587 0.1523
1494720000.0000 82350.0000 0.2721 -0.6257 0.0688 0.7172 336.4981 0.0495 0.0098 0.0049 0.0087 -0.0027 -0.0016 0.0321 0.2133 0.2060
1494720000.0000 82650.0000 -0.1309 -0.7847 0.0408 0.7994 9.4670 0.0058 0.0154 0.0025 0.0009 -0.0011 -0.0022 0.0119 0.1116 0.1057
1494720000.0000 82950.0000 -0.1646 -0.8913 0.0576 0.9091 10.4629 0.0038 0.0047 0.0009 -0.0028 0.0004 -0.0005 0.0047 0.0616 0.0588
1494720000.0000 83250.0000 -0.1472 -0.6553 0.0433 0.6752 12.6582 0.0051 0.0095 0.0018 0.0004 -0.0002 0.0012 0.0082 0.1099 0.1039
1494720000.0000 83550.0000 -0.3041 -0.3371 0.0446 0.4823 42.0537 0.0276 0.0057 0.0009 -0.0093 0.0003 -0.0004 0.0171 0.2339 0.2321
1494720000.0000 83850.0000 -0.5344 -0.3020 -0.0014 0.6192 60.5265 0.0048 0.0048 0.0021 -0.0020 -0.0006 0.0005 0.0058 0.1017 0.0922
1494720000.0000 84150.0000 -0.2256 -0.2796 -0.0175 0.3759 38.9001 0.0173 0.0056 0.0026 0.0026 -0.0002 -0.0002 0.0128 0.2565 0.2435
1494720000.0000 84450.0000 0.4869 -0.1968 0.0349 0.5420 292.0038 0.0485 0.0116 0.0048 -0.0033 0.0002 -0.0012 0.0325 0.2796 0.2696
1494720000.0000 84750.0000 0.6999 -0.2909 0.0437 0.7875 292.5712 0.0381 0.0219 0.0039 0.0230 -0.0013 0.0006 0.0319 0.1922 0.1866
1494720000.0000 85050.0000 0.2068 -0.6475 0.0977 0.7099 342.2898 0.0351 0.0405 0.0123 0.0099 -0.0024 0.0118 0.0440 0.2493 0.2336
1494720000.0000 85350.0000 0.2662 -0.7947 0.0113 0.8877 341.4825 0.0834 0.0280 0.0211 0.0183 -0.0157 0.0049 0.0662 0.2507 0.2299
1494720000.0000 85650.0000 0.5793 -0.8169 0.0439 1.0414 324.6566 0.1316 0.0581 0.0175 -0.0244 -0.0116 0.0134 0.1036 0.2621 0.2511
1494720000.0000 85950.0000 0.6167 -0.8222 0.0707 1.0482 323.1249 0.0487 0.0182 0.0074 0.0029 -0.0021 0.0003 0.0371 0.1528 0.1453
1494720000.0000 86250.0000 -0.3127 -0.5723 0.0389 0.6767 28.6518 0.0261 0.0119 0.0052 -0.0119 -0.0025 0.0012 0.0216 0.1835 0.1724
1494806400.0000 86550.0000 -0.2542 -0.5923 0.0393 0.6753 23.2281 0.0459 0.0193 0.0101 0.0049 -0.0039 0.0004 0.0377 0.2453 0.2287
1494806400.0000 86850.0000 -0.5122 -0.5234 0.0687 0.7639 44.3829 0.0525 0.0080 0.0034 -0.0103 -0.0065 0.0005 0.0320 0.1985 0.1939
1494806400.0000 87150.0000 -0.3562 -0.4384 0.0203 0.6032 39.0947 0.0559 0.0053 0.0023 -0.0097 -0.0042 0.0002 0.0318 0.2575 0.2529
1494806400.0000 87450.0000 0.2542 -0.8846 -0.0295 0.9419 343.9671 0.0492 0.0254 0.0091 -0.0124 -0.0071 0.0011 0.0418 0.1813 0.1713
1494806400.0000 87750.0000 0.7117 -1.0303 0.1006 1.2811 325.3658 0.0882 0.0431 0.0167 0.0040 -0.0070 0.0098 0.0740 0.1768 0.1671
1494806400.0000 88050.0000 0.2203 -1.0539 0.0235 1.0963 348.1935 0.0393 0.0235 0.0114 0.0058 0.0028 0.0067 0.0371 0.1460 0.1344
1494806400.0000 88350.0000 0.0523 -0.9399 0.0421 0.9473 356.8127 0.0112 0.0082 0.0027 -0.0000 -0.0021 -0.0000 0.0110 0.0911 0.0855
1494806400.0000 88650.0000 0.3045 -0.9831 0.0622 1.0654 342.7916 0.0999 0.0186 0.0126 -0.0118 0.0073 -0.0012 0.0655 0.2027 0.1931
1494806400.0000 88950.0000 -0.0699 -0.9332 0.0387 0.9604 4.2855 0.0447 0.0163 0.0048 -0.0143 0.0034 -0.0025 0.0329 0.1581 0.1523
1494806400.0000 89250.0000 -0.3957 -0.7780 -0.0170 0.8915 26.9565 0.0293 0.0083 0.0022 -0.0105 -0.0029 -0.0001 0.0200 0.1321 0.1284
1494806400.0000 89550.0000 0.1190 -1.2650 0.0491 1.3012 354.6263 0.0876 0.0286 0.0125 -0.0136 0.0097 0.0018 0.0643 0.1629 0.1549
1494806400.0000 89850.0000 0.2928 -1.3604 0.0910 1.4061 347.8545 0.0341 0.0487 0.0170 0.0131 -0.0106 -0.0070 0.0499 0.1307 0.1193
1494806400.0000 90150.0000 0.0956 -1.4382 0.0959 1.4457 356.1977 0.0113 0.0308 0.0062 0.0064 -0.0036 -0.0007 0.0242 0.0879 0.0822
1494806400.0000 90450.0000 -0.1451 -1.4540 0.0749 1.4780 5.6972 0.0487 0.0167 0.0049 0.0034 0.0009 -0.0034 0.0352 0.1046 0.1010
1494806400.0000 90750.0000 -0.6783 -1.2639 -0.0131 1.4378 28.2223 0.0105 0.0060 0.0020 -0.0004 0.0001 0.0001 0.0092 0.0547 0.0517
1494806400.0000 91050.0000 -0.8923 -1.2199 0.0199 1.5194 36.1862 0.0136 0.0208 0.0053 -0.0082 -0.0004 0.0035 0.0199 0.0761 0.0708
1494806400.0000 91350.0000 -0.6844 -1.0596 0.0034 1.2682 32.8573 0.0178 0.0057 0.0043 -0.0029 0.0039 -0.0015 0.0139 0.0764 0.0702
1494806400.0000 91650.0000 -0.4561 -1.1199 -0.0030 1.2150 22.1589 0.0154 0.0064 0.0045 0.0015 0.0003 -0.0008 0.0131 0.0774 0.0704
1494806400.0000 91950.0000 -0.5205 -1.2209 0.0451 1.3290 23.0874 0.0055 0.0032 0.0014 0.0004 0.0003 -0.0002 0.0050 0.0436 0.0405
1494806400.0000 92250.0000 -0.9314 -1.0795 0.0142 1.4362 40.7864 0.0267 0.0078 0.0011 -0.0117 0.0019 -0.0008 0.0178 0.0764 0.0753
1494806400.0000 92550.0000 -1.3177 -1.0204 0.0159 1.6711 52.2451 0.0136 0.0136 0.0029 -0.0011 -0.0006 0.0010 0.0150 0.0601 0.0571
1494806400.0000 92850.0000 -1.5317 -0.7866 0.0168 1.7406 62.8172 0.0093 0.0640 0.0048 -0.0145 0.0019 -0.0049 0.0390 0.0936 0.0907
1494806400.0000 93150.0000 -1.9802 -0.4103 -0.0497 2.0286 78.2939 0.0486 0.0261 0.0050 0.0006 -0.0020 0.0030 0.0399 0.0806 0.0781
1494806400.0000 93450.0000 -2.8341 -0.5583 -0.0022 2.8959 78.8566 0.0180 0.0465 0.0084 0.0084 -0.0005 0.0035 0.0365 0.0540 0.0508
1494806400.0000 93750.0000 -2.7234 -0.8601 -0.0189 2.8649 72.4734 0.0281 0.0592 0.0209 0.0101 -0.0032 -0.0019 0.0541 0.0665 0.0597
1494806400.0000 94050.0000 -2.5583 -0.7166 -0.0508 2.6857 74.3513 0.0738 0.1598 0.0382 -0.0053 -0.0036 0.0244 0.1359 0.1133 0.1050
1494806400.0000 94350.0000 -3.3771 -0.7674 -0.0161 3.5028 77.1985 0.1912 0.3194 0.0737 0.0765 -0.0294 0.0165 0.2921 0.1274 0.1191
1494806400.0000 94650.0000 -3.1866 -0.2427 -0.1016 3.2464 85.6437 0.1686 0.3437 0.0828 0.0393 -0.0342 0.0380 0.2976 0.1393 0.1293
1494806400.0000 94950.0000 -3.1632 -0.6524 -0.0973 3.2587 78.3466 0.0827 0.2086 0.0843 0.0265 0.0067 -0.0139 0.1878 0.1095 0.0965
1494806400.0000 95250.0000 -3.0411 -0.5939 -0.0006 3.1201 78.9507 0.2073 0.1392 0.0588 0.0133 -0.0127 0.0254 0.2026 0.1186 0.1097
1494806400.0000 95550.0000 -3.4045 -0.4660 0.0414 3.4632 82.2055 0.1450 0.2000 0.0471 0.0422 -0.0141 -0.0006 0.1961 0.1052 0.0987
1494806400.0000 95850.0000 -3.2748 -0.5422 0.0253 3.3390 80.5986 0.0856 0.1158 0.0376 -0.0443 -0.0005 0.0061 0.1195 0.0850 0.0781
1494806400.0000 96150.0000 -2.7978 -0.9603 -0.0214 2.9676 71.0565 0.0419 0.0596 0.0216 0.0020 0.0004 0.0062 0.0615 0.0685 0.0622
1494806400.0000 96450.0000 -2.8090 -0.9558 0.0224 2.9814 71.2076 0.0455 0.0735 0.0210 -0.0236 -0.0046 0.0117 0.0700 0.0728 0.0671
1494806400.0000 96750.0000 -2.7730 -0.9568 -0.0264 2.9614 70.9631 0.0377 0.1595 0.0257 -0.0319 0.0019 0.0120 0.1114 0.0929 0.0874
1494806400.0000 97050.0000 -3.2085 -1.2096 0.0216 3.4519 69.3443 0.1107 0.1416 0.0319 -0.0293 -0.0077 0.0177 0.1421 0.0898 0.0846
1494806400.0000 97350.0000 -3.1751 -1.4739 0.1337 3.5301 65.0982 0.0756 0.2152 0.0304 -0.0307 0.0002 -0.0195 0.1606 0.0934 0.0889
1494806400.0000 97650.0000 -3.2604 -1.7628 0.2590 3.7276 61.6019 0.1333 0.2205 0.0333 0.0466 -0.0133 -0.0151 0.1935 0.0967 0.0927
1494806400.0000 97950.0000 -3.5572 -2.0434 0.2843 4.1478 60.1249 0.0849 0.4161 0.0570 -0.0490 -0.0023 -0.0277 0.2790 0.1049 0.0996
1494806400.0000 98250.0000 -3.3635 -2.2120 0.2250 4.0669 56.6689 0.1920 0.2732 0.0823 -0.0872 -0.0195 0.0545 0.2737 0.1060 0.0978
1494806400.0000 98550.0000 -3.3050 -2.8989 0.3510 4.4316 48.7447 0.1245 0.4534 0.1142 0.0121 -0.0120 -0.0597 0.3461 0.1089 0.0998
1494806400.0000 98850.0000 -3.6691 -2.8239 0.6124 4.6858 52.4158 0.2981 0.6052 0.1215 -0.0132 -0.0290 -0.0365 0.5124 0.1251 0.1185
1494806400.0000 99150.0000 -4.3321 -2.6217 0.6289 5.0921 58.8191 0.2085 0.2585 0.0726 -0.0457 0.0259 -0.0059 0.2698 0.0831 0.0779
1494806400.0000 99450.0000 -4.3946 -2.4124 0.1585 5.0390 61.2352 0.2917 0.1813 0.1535 -0.0585 0.0515 -0.0167 0.3133 0.0911 0.0792
1494806400.0000 99750.0000 -4.0920 -2.7983 0.4033 4.9905 55.6338 0.3631 0.1505 0.1490 -0.1093 0.0987 -0.0254 0.3313 0.0945 0.0835
1494806400.0000 100050.0000 -3.7116 -2.7612 0.4640 4.6673 53.3529 0.4346 0.1919 0.1331 -0.0914 0.0638 0.0146 0.3798 0.1082 0.0988
1494806400.0000 100350.0000 -4.4038 -2.2890 0.4598 4.9867 62.5351 0.1822 0.1938 0.0689 -0.0399 0.0098 -0.0131 0.2225 0.0773 0.0713
1494806400.0000 100650.0000 -4.9222 -2.2836 0.3720 5.4479 65.1118 0.1362 0.2102 0.1072 -0.0514 0.0265 0.0284 0.2268 0.0715 0.0626
1494806400.0000 100950.0000 -4.7748 -2.4287 0.4535 5.3766 63.0393 0.1632 0.1973 0.0751 -0.0206 0.0049 0.0121 0.2178 0.0709 0.0647
1494806400.0000 101250.0000 -5.0620 -2.7164 0.4983 5.7613 61.7802 0.1749 0.1852 0.0774 -0.0056 0.0032 0.0118 0.2188 0.0662 0.0603
1494806400.0000 101550.0000 -4.9865 -3.2505 0.5395 6.0127 56.9008 0.3289 0.5903 0.1807 -0.2209 0.0326 0.1021 0.5499 0.1013 0.0930
1494806400.0000 101850.0000 -5.4968 -3.6276 0.6741 6.6151 56.5769 0.3395 0.2895 0.1423 -0.0713 0.0469 -0.0130 0.3856 0.0766 0.0695
1494806400.0000 102150.0000 -5.3352 -3.5223 0.6978 6.4263 56.5674 0.2632 0.4485 0.1415 -0.0300 0.0190 0.0204 0.4266 0.0829 0.0762
1494806400.0000 102450.0000 -5.1647 -3.3811 0.4643 6.1954 56.7887 0.1863 0.2964 0.1681 -0.0094 0.0632 -0.0016 0.3254 0.0752 0.0650
1494806400.0000 102750.0000 -5.4856 -2.9982 0.4370 6.2720 61.3406 0.1760 0.2734 0.0939 0.0008 -0.0131 -0.0018 0.2717 0.0679 0.0619
1494806400.0000 103050.0000 -5.4364 -2.9058 0.3476 6.1731 61.8752 0.0948 0.0842 0.0459 -0.0251 0.0204 -0.0037 0.1125 0.0444 0.0396
1494806400.0000 103350.0000 -4.9547 -2.8286 0.2192 5.7139 60.2785 0.0777 0.0802 0.0803 -0.0215 0.0303 0.0215 0.1191 0.0494 0.0402
1494806400.0000 103650.0000 -4.7194 -2.8343 0.2616 5.5121 59.0125 0.0640 0.0635 0.0244 -0.0153 0.0095 0.0042 0.0759 0.0408 0.0374
1494806400.0000 103950.0000 -4.6884 -2.9566 0.2807 5.5903 57.7636 0.2175 0.3952 0.0759 -0.1885 0.0229 0.0368 0.3443 0.0863 0.0815
1494806400.0000 104250.0000 -4.4752 -3.6228 0.4992 5.7743 51.0088 0.1582 0.1534 0.0923 -0.0336 0.0394 -0.0089 0.2019 0.0635 0.0560
1494806400.0000 104550.0000 -4.5450 -3.6381 0.5015 5.8459 51.3241 0.2273 0.2179 0.1207 -0.0570 0.0233 0.0306 0.2829 0.0743 0.0662
1494806400.0000 104850.0000 -4.6395 -3.3132 0.5327 5.7185 54.4688 0.1599 0.2749 0.0909 0.0402 0.0133 0.0137 0.2628 0.0731 0.0668
1494806400.0000 105150.0000 -4.8340 -3.1412 0.4725 5.7851 56.9834 0.0984 0.2191 0.0756 -0.0534 0.0245 -0.0268 0.1966 0.0626 0.0564
1494806400.0000 105450.0000 -5.0260 -3.3823 0.4091 6.0793 56.0605 0.1391 0.3002 0.0611 -0.0058 -0.0071 0.0171 0.2502 0.0673 0.0632
1494806400.0000 105750.0000 -4.9087 -3.2675 0.4732 5.9141 56.3503 0.1160 0.1622 0.0710 -0.0617 0.0048 0.0106 0.1746 0.0577 0.0516
1494806400.0000 106050.0000 -4.8784 -3.7785 0.4210 6.1950 52.2408 0.2241 0.2642 0.1217 -0.0587 0.0520 -0.0205 0.3050 0.0729 0.0654
1494806400.0000 106350.0000 -5.6717 -3.5722 0.4522 6.7386 57.7959 0.3608 0.3720 0.1500 -0.1081 0.0623 -0.0225 0.4414 0.0807 0.0737
1494806400.0000 106650.0000 -5.6069 -3.2679 0.4349 6.5195 59.7644 0.1807 0.3228 0.1379 -0.1186 0.0292 0.0289 0.3207 0.0711 0.0631
1494806400.0000 106950.0000 -5.4665 -2.8579 0.2566 6.1837 62.3994 0.0872 0.1694 0.0605 -0.0432 0.0218 0.0118 0.1585 0.0527 0.0474
1494806400.0000 107250.0000 -5.6488 -2.9101 0.2802 6.3672 62.7432 0.1153 0.2091 0.0736 0.0285 -0.0069 0.0078 0.1990 0.0573 0.0518
1494806400.0000 107550.0000 -5.5662 -2.7572 0.2410 6.2235 63.6486 0.0936 0.1216 0.0415 -0.0370 0.0049 0.0156 0.1283 0.0470 0.0431
1494806400.0000 107850.0000 -5.5549 -2.9297 0.2698 6.3030 62.1922 0.1331 0.2710 0.0945 -0.0541 0.0007 0.0687 0.2493 0.0649 0.0584
1494806400.0000 108150.0000 -5.7835 -2.9952 0.2850 6.5293 62.6210 0.1989 0.1857 0.1251 -0.0261 0.0505 0.0432 0.2549 0.0632 0.0550
1494806400.0000 108450.0000 -6.5845 -2.7604 0.2223 7.1606 67.2553 0.2326 0.3226 0.1480 0.0182 0.0162 0.0439 0.3517 0.0678 0.0603
1494806400.0000 108750.0000 -6.9937 -2.4022 0.4424 7.4129 71.0434 0.1276 0.2640 0.1432 -0.0284 0.0206 0.0010 0.2674 0.0570 0.0489
1494806400.0000 109050.0000 -6.7753 -1.6985 -0.0285 7.0271 75.9269 0.3766 0.6338 0.3170 0.0735 -0.0219 0.0578 0.6637 0.0952 0.0831
1494806400.0000 109350.0000 -6.3184 -2.1796 0.1994 6.7101 70.9676 0.2501 0.3544 0.1935 -0.0051 0.0365 0.0771 0.3990 0.0771 0.0672
1494806400.0000 109650.0000 -6.3356 -2.1092 0.1303 6.7007 71.5863 0.2822 0.3275 0.2253 0.0173 -0.0329 -0.0056 0.4175 0.0790 0.0675
1494806400.0000 109950.0000 -5.5584 -1.6968 -0.1298 5.8354 73.0245 0.1769 0.3156 0.1368 0.0624 -0.0049 0.0837 0.3147 0.0788 0.0697
1494806400.0000 110250.0000 -5.8154 -2.0851 0.0710 6.2243 70.2751 0.3512 0.6110 0.2870 0.0601 0.0503 0.1217 0.6246 0.1044 0.0917
1494806400.0000 110550.0000 -5.5131 -2.0944 0.0638 5.9095 69.1985 0.1542 0.1629 0.0839 0.0366 0.0159 0.0327 0.2005 0.0620 0.0551
1494806400.0000 110850.0000 -5.1873 -1.5983 -0.0639 5.4463 72.8747 0.1423 0.2008 0.0924 0.0016 0.0253 0.0289 0.2177 0.0702 0.0623
1494806400.0000 111150.0000 -5.5537 -1.9411 0.1172 5.8965 70.7345 0.1011 0.1630 0.0676 -0.0013 -0.0055 0.0070 0.1659 0.0565 0.0504
1494806400.0000 111450.0000 -5.5964 -1.8225 0.1483 5.9255 71.9622 0.2960 0.4209 0.2130 -0.0736 0.0385 0.1032 0.4649 0.0946 0.0831
1494806400.0000 111750.0000 -5.0570 -1.2571 -0.0160 5.2479 76.0405 0.3022 0.3285 0.2253 -0.0973 0.0472 0.0890 0.4280 0.1025 0.0880
1494806400.0000 112050.0000 -5.2449 -1.4969 -0.1195 5.5063 74.0708 0.3662 0.5395 0.2109 -0.0610 -0.0035 -0.0782 0.5583 0.1118 0.1007
1494806400.0000 112350.0000 -4.6023 -1.5832 0.1468 4.9217 71.0164 0.4982 0.4482 0.3404 -0.1341 0.1517 -0.0015 0.6434 0.1345 0.1154
1494806400.0000 112650.0000 -4.6299 -1.3913 0.3198 4.8884 73.2743 0.4733 0.5036 0.1521 0.0101 0.0596 0.0011 0.5645 0.1266 0.1180
1494806400.0000 112950.0000 -5.0890 -1.1932 0.3744 5.2403 76.8046 0.1172 0.1374 0.0631 -0.0090 0.0165 0.0304 0.1588 0.0621 0.0557
1494806400.0000 113250.0000 -5.1942 -1.2077 0.1921 5.3585 76.9102 0.2330 0.2508 0.1543 -0.0575 0.0202 -0.0192 0.3190 0.0864 0.0753
1494806400.0000 113550.0000 -5.1830 -1.4247 0.1445 5.3972 74.6301 0.1559 0.2324 0.1023 -0.0207 0.0272 0.0041 0.2453 0.0752 0.0669
1494806400.0000 113850.0000 -4.7990 -1.4084 0.3743 5.0429 73.6441 0.3350 0.3757 0.1584 -0.0757 0.0671 0.0068 0.4345 0.1073 0.0973
1494806400.0000 114150.0000 -4.3763 -0.9604 0.3114 4.5265 77.6225 0.2532 0.4179 0.1505 -0.0099 0.0143 0.0152 0.4108 0.1165 0.1056
1494806400.0000 114450.0000 -4.4161 -0.8736 0.2188 4.5696 78.8104 0.2493 0.6013 0.1497 -0.0507 0.0042 0.1765 0.5001 0.1281 0.1183
1494806400.0000 114750.0000 -4.0006 -0.8778 0.2020 4.1448 77.6249 0.2179 0.3758 0.1253 -0.0783 0.0094 0.0612 0.3595 0.1194 0.1086
1494806400.0000 115050.0000 -4.0648 -2.4647 0.3850 4.9030 58.7698 0.4388 1.4401 0.2305 -0.3956 0.0734 -0.0734 1.0547 0.1758 0.1665
1494806400.0000 115350.0000 -4.1187 -2.8175 0.5790 5.1059 55.6252 0.6129 0.9779 0.2073 -0.3763 -0.0187 0.0939 0.8991 0.1541 0.1459
1494806400.0000 115650.0000 -4.7319 -3.0340 0.7610 5.8733 57.3333 1.0921 2.5982 0.3904 -0.7599 0.1745 -0.0597 2.0403 0.2056 0.1973
1494806400.0000 115950.0000 -4.0232 -2.7367 0.7763 4.9474 55.7750 0.7124 0.9429 0.2110 0.0752 0.0746 0.0163 0.9332 0.1601 0.1527
1494806400.0000 116250.0000 -5.0923 -1.9326 0.7195 5.4990 69.2174 0.3925 0.5025 0.1533 -0.1373 -0.0084 0.0030 0.5241 0.1076 0.1003
1494806400.0000 116550.0000 -4.8138 -2.3445 0.9207 5.4615 64.0316 0.7325 0.9102 0.1609 -0.4137 0.0170 -0.0382 0.9018 0.1427 0.1382
1494806400.0000 116850.0000 -5.3483 -1.9457 0.7622 5.7389 70.0089 0.3922 0.5583 0.2261 -0.0119 0.0553 0.0153 0.5883 0.1091 0.0989
1494806400.0000 117150.0000 -5.2200 -2.0074 0.7207 5.6248 68.9651 0.2796 0.4185 0.1471 0.0693 -0.0162 -0.0282 0.4226 0.0941 0.0863
1494806400.0000 117450.0000 -4.9609 -1.9333 0.6529 5.3629 68.7086 0.2891 0.3760 0.1416 -0.0616 0.0260 0.0167 0.4033 0.0967 0.0884
1494806400.0000 117750.0000 -4.2778 -1.7636 0.4966 4.6526 67.5957 0.2436 0.2011 0.1313 -0.0462 -0.0190 0.0263 0.2880 0.0942 0.0832
1494806400.0000 118050.0000 -4.4415 -2.0783 0.3450 4.9399 64.9234 0.4827 0.2418 0.1253 -0.0867 -0.0166 -0.0028 0.4249 0.1083 0.1002
1494806400.0000 118350.0000 -5.4041 -2.0114 0.3610 5.7918 69.5849 0.4245 0.2276 0.1458 -0.0598 -0.0302 -0.0007 0.3989 0.0893 0.0809
1494806400.0000 118650.0000 -5.3204 -2.3652 0.6372 5.8594 66.0325 0.3364 0.3282 0.1538 -0.1366 0.0346 0.0211 0.4092 0.0892 0.0808
1494806400.0000 118950.0000 -5.4928 -2.2130 0.5889 5.9609 68.0561 0.3361 0.4132 0.2006 -0.0912 0.0446 0.0262 0.4750 0.0946 0.0844
1494806400.0000 119250.0000 -5.4070 -2.1590 0.6700 5.8647 68.2329 0.4852 0.4432 0.2000 -0.0729 0.0488 0.0298 0.5642 0.1046 0.0955
1494806400.0000 119550.0000 -5.2196 -1.6480 0.8786 5.5172 72.4771 0.4169 0.4305 0.1523 -0.0592 0.0639 0.0145 0.4999 0.1041 0.0971
1494806400.0000 119850.0000 -5.3133 -1.8242 0.7222 5.6661 71.0510 0.4686 0.4684 0.1962 -0.1220 0.0525 -0.0721 0.5666 0.1085 0.0995
1494806400.0000 120150.0000 -5.2440 -2.2651 0.7409 5.7633 66.6386 0.4005 0.5755 0.1904 -0.0351 0.0171 -0.0689 0.5832 0.1083 0.0999
1494806400.0000 120450.0000 -4.8308 -2.6402 0.5030 5.5415 61.3418 0.5595 0.3842 0.2267 0.0386 -0.0427 -0.0958 0.5852 0.1130 0.1019
1494806400.0000 120750.0000 -4.3490 -2.2182 0.4498 4.9846 62.9768 0.7780 0.6752 0.1794 -0.3535 0.0268 0.0437 0.8163 0.1505 0.1426
1494806400.0000 121050.0000 -4.3805 -2.6460 0.5542 5.1596 58.8669 0.3803 0.5229 0.2386 0.0448 0.0548 -0.0392 0.5709 0.1199 0.1072
1494806400.0000 121350.0000 -5.2211 -2.7270 0.4255 5.9408 62.4220 0.4848 0.4740 0.2836 -0.1354 0.0341 -0.0056 0.6212 0.1090 0.0960
1494806400.0000 121650.0000 -5.7565 -2.6779 0.4352 6.3839 65.0529 0.6298 0.4141 0.2002 0.0311 -0.1044 0.0011 0.6221 0.1012 0.0929
1494806400.0000 121950.0000 -4.6275 -2.8823 0.6635 5.5254 58.0827 0.6793 0.4993 0.2891 -0.2807 0.0187 -0.0424 0.7338 0.1274 0.1150
1494806400.0000 122250.0000 -4.5488 -2.7228 0.7692 5.3630 59.0964 0.3343 0.7049 0.2182 -0.0347 -0.0127 -0.1026 0.6287 0.1209 0.1110
1494806400.0000 122550.0000 -5.2607 -1.4717 0.4310 5.5192 74.3714 0.6143 0.5683 0.2864 -0.0036 -0.0867 -0.0260 0.7345 0.1277 0.1149
1494806400.0000 122850.0000 -3.8811 -3.0917 0.8041 5.0478 51.4586 0.5620 0.7071 0.1872 -0.2216 0.0705 -0.1131 0.7281 0.1386 0.1311
1494806400.0000 123150.0000 -3.9263 -3.2980 0.8006 5.1947 49.9706 0.8056 0.4162 0.2509 -0.0824 -0.1049 0.0069 0.7363 0.1350 0.1245
1494806400.0000 123450.0000 -3.6868 -3.0402 0.6961 4.8119 50.4903 0.4424 0.2715 0.2108 0.0213 -0.0152 -0.0651 0.4624 0.1150 0.1021
1494806400.0000 123750.0000 -2.9434 -3.0963 0.8083 4.3722 43.5492 0.8585 0.5443 0.2572 -0.1332 -0.0233 0.0489 0.8300 0.1711 0.1601
1494806400.0000 124050.0000 -3.4282 -1.5265 0.6471 3.8210 65.9973 0.5571 0.4338 0.2410 -0.0362 0.0383 0.0336 0.6159 0.1683 0.1531
1494806400.0000 124350.0000 -4.0249 -1.7273 0.8684 4.4668 66.7731 0.7250 0.7829 0.2263 0.0287 -0.0264 -0.0324 0.8671 0.1703 0.1619
1494806400.0000 124650.0000 -4.1190 -1.3341 0.7464 4.5128 72.0538 1.4417 1.3923 0.3859 -0.1996 -0.0455 -0.3211 1.6099 0.2358 0.2245
1494806400.0000 124950.0000 -3.0676 -1.0102 0.6891 3.3402 71.7724 0.6934 0.7100 0.2637 0.0225 0.0711 -0.0334 0.8335 0.2257 0.2118
1494806400.0000 125250.0000 -3.4767 -0.8250 0.6232 3.6523 76.6504 0.4379 0.4678 0.1924 -0.2078 0.0767 0.0006 0.5490 0.1668 0.1538
1494806400.0000 125550.0000 -2.7170 -1.6653 0.7098 3.3795 58.4951 1.1386 1.5454 0.2523 0.3724 0.0511 -0.2212 1.4682 0.3030 0.2968
1494806400.0000 125850.0000 -3.4679 -1.2620 0.6668 3.8697 70.0033 1.8102 0.7988 0.2700 -0.5549 0.1003 -0.1676 1.4395 0.2612 0.2527
1494806400.0000 126150.0000 -2.6481 -1.3350 0.8095 3.0553 63.2468 0.7058 0.4784 0.2171 -0.0054 0.0543 -0.0422 0.7007 0.2223 0.2119
1494806400.0000 126450.0000 -3.9121 -0.3655 0.8468 4.0111 84.6627 1.2362 0.4989 0.1948 -0.1805 0.0900 -0.0201 0.9649 0.1995 0.1936
1494806400.0000 126750.0000 -3.4313 -0.4955 0.7101 3.5911 81.7825 0.8475 0.6963 0.2129 -0.1751 0.0351 -0.0474 0.8783 0.2162 0.2069
1494806400.0000 127050.0000 -3.7803 -0.2501 0.6124 3.8623 86.2150 1.0390 0.5146 0.2391 -0.0129 0.0425 -0.0637 0.8963 0.2014 0.1899
1494806400.0000 127350.0000 -3.0282 -0.9384 0.7258 3.3365 72.7821 1.3847 0.8765 0.1951 0.1290 -0.0016 -0.0627 1.2281 0.2782 0.2738
1494806400.0000 127650.0000 -2.8591 -1.6508 0.6890 3.5503 59.9980 1.2599 0.9073 0.1919 -0.7614 -0.0030 0.0606 1.1795 0.2629 0.2574
1494806400.0000 127950.0000 -3.4925 -0.5099 0.4510 3.5993 81.6934 1.2031 0.4292 0.2679 -0.0378 -0.1131 -0.0283 0.9501 0.2237 0.2090
1494806400.0000 128250.0000 -4.2086 0.2368 0.3441 4.2599 93.2203 0.6030 0.3374 0.2999 0.1356 -0.1035 -0.0791 0.6201 0.1520 0.1328
1494806400.0000 128550.0000 -2.3437 -1.7966 0.7920 3.2040 52.5274 0.7250 1.4168 0.2047 -0.2316 0.0570 -0.1235 1.1732 0.2893 0.2861
1494806400.0000 128850.0000 -3.9360 0.6525 0.4210 4.0818 99.4130 0.6707 0.7720 0.2963 -0.0903 0.0213 -0.2002 0.8695 0.1898 0.1738
1494806400.0000 129150.0000 -3.9336 0.4636 0.5259 4.0893 96.7214 0.6520 1.0007 0.3714 0.1619 -0.0235 -0.3656 1.0120 0.2056 0.1874
1494806400.0000 129450.0000 -2.6687 -1.2486 0.6176 3.0639 64.9267 0.7545 0.4932 0.2329 -0.2265 -0.0108 0.0161 0.7403 0.2334 0.2189
1494806400.0000 129750.0000 -1.2768 -1.5724 0.5479 2.1066 39.0767 0.4801 0.3817 0.4179 0.1342 -0.0371 0.0496 0.6399 0.3113 0.2646
1494806400.0000 130050.0000 -2.5746 0.0692 0.4348 2.8788 91.5391 1.2166 1.4028 0.2916 -0.8321 0.2141 -0.3068 1.4555 0.3771 0.3628
1494806400.0000 130350.0000 -3.1189 0.4313 0.3834 3.2060 97.8739 0.5109 0.3612 0.1600 -0.1025 0.0637 -0.0781 0.5160 0.1849 0.1712
1494806400.0000 130650.0000 -2.6852 -0.7296 0.7231 2.8827 74.7994 0.5982 0.5797 0.1403 0.1635 0.0487 -0.0835 0.6592 0.2306 0.2252
1494806400.0000 130950.0000 -2.6846 -0.5921 0.5305 2.8330 77.5616 1.0116 0.4753 0.2111 0.2776 -0.0608 -0.1130 0.8490 0.2687 0.2561
1494806400.0000 131250.0000 -2.2612 -0.6732 0.4405 2.4572 73.4214 0.5315 0.3143 0.1312 -0.2143 0.0173 0.0427 0.4885 0.2378 0.2251
1494806400.0000 131550.0000 -2.6826 -0.8893 0.5767 2.9222 71.6584 0.4247 0.5082 0.2178 -0.1012 0.0392 -0.1458 0.5754 0.2147 0.1973
1494806400.0000 131850.0000 -2.2269 -0.8884 0.4547 2.4491 68.2504 0.5289 0.1671 0.1229 -0.0062 0.1252 0.0450 0.4095 0.2141 0.2009
1494806400.0000 132150.0000 -1.2449 -0.1915 0.1995 1.4487 81.2564 0.3652 0.5282 0.2580 0.0222 0.0350 -0.0660 0.5757 0.4858 0.4332
1494806400.0000 132450.0000 -2.1267 0.1144 0.4064 2.2427 93.0795 1.1168 0.3739 0.1613 0.1216 -0.0818 -0.0250 0.8260 0.3422 0.3310
1494806400.0000 132750.0000 -1.0673 0.5588 0.0514 1.2946 117.6346 0.2283 0.1348 0.1912 0.0584 -0.0524 -0.0726 0.2771 0.3565 0.2888
1494806400.0000 133050.0000 -2.1204 -0.5676 0.5291 2.3869 75.0145 0.7956 0.8016 0.1187 0.0891 -0.0649 -0.0654 0.8579 0.3349 0.3324
1494806400.0000 133350.0000 -2.2062 -0.9085 0.5150 2.4333 67.6174 0.2650 0.1824 0.1785 -0.0219 0.0576 -0.0357 0.3130 0.1871 0.1619
1494806400.0000 133650.0000 -1.5591 -1.0532 0.2581 2.0270 55.9602 0.5450 0.6754 0.2417 0.4180 -0.0460 -0.1370 0.7310 0.3676 0.3390
1494806400.0000 133950.0000 -0.9437 -0.9941 -0.0660 1.4418 43.5099 0.4164 0.2341 0.0953 0.1911 0.0144 -0.0481 0.3729 0.3633 0.3397
1494806400.0000 134250.0000 -0.4325 -0.7346 0.2130 0.9748 30.4884 0.2525 0.3502 0.3234 0.1800 0.0352 0.0716 0.4630 0.6323 0.5258
1494806400.0000 134550.0000 -1.3990 -1.2370 0.4654 2.0029 48.5159 0.9876 0.3320 0.2911 -0.0276 -0.1114 -0.0725 0.8053 0.3807 0.3551
1494806400.0000 134850.0000 -2.8626 -0.5162 0.3109 2.9553 79.7785 0.5930 0.2132 0.2366 -0.0532 -0.0581 0.0552 0.5214 0.2015 0.1782
1494806400.0000 135150.0000 -2.3586 -1.0549 0.6149 2.7619 65.9033 0.9119 0.8450 0.2553 -0.1490 0.0056 -0.0875 1.0061 0.3084 0.2962
1494806400.0000 135450.0000 -1.7672 -0.9900 0.1263 2.1209 60.7423 0.3084 0.3167 0.4634 -0.1033 0.0777 -0.0298 0.5442 0.2968 0.2254
1494806400.0000 135750.0000 -1.5927 -1.2433 0.3654 2.1150 52.0248 0.5399 0.6169 0.2193 0.2449 0.0019 -0.1191 0.6881 0.3299 0.3073
1494806400.0000 136050.0000 -1.0521 -1.6240 0.4533 2.0868 32.9362 0.4048 0.5241 0.3257 -0.1918 0.1730 -0.1946 0.6273 0.3254 0.2876
1494806400.0000 136350.0000 -1.1511 -0.9261 0.1980 1.7180 51.1819 1.0835 0.8903 0.5881 0.0575 -0.0282 -0.2689 1.2809 0.6200 0.5490
1494806400.0000 136650.0000 -3.0690 -1.0328 0.4560 3.3422 71.4012 0.6721 0.4988 0.2302 -0.1906 0.0709 -0.0197 0.7005 0.2090 0.1929
1494806400.0000 136950.0000 -2.5567 -0.2922 0.2197 2.7642 83.4810 0.8152 1.0450 0.2431 0.0891 -0.0515 -0.1284 1.0516 0.3242 0.3060
1494806400.0000 137250.0000 -2.8373 -1.6812 0.6067 3.4184 59.3518 0.3404 0.8680 0.1774 -0.0175 0.0450 -0.1024 0.6929 0.2027 0.1924
1494806400.0000 137550.0000 -2.6069 -1.8205 0.5451 3.2581 55.0710 0.4984 0.4136 0.1364 -0.1151 -0.0101 -0.0015 0.5242 0.1832 0.1734
1494806400.0000 137850.0000 -1.7567 -0.4930 0.3970 2.0412 74.3235 0.4017 0.8676 0.0933 0.2054 0.0083 -0.0600 0.6813 0.3609 0.3565
1494806400.0000 138150.0000 -0.6724 -1.0696 0.3375 1.3208 32.1537 0.1287 0.2648 0.1262 0.0300 0.0003 -0.0195 0.2598 0.3183 0.2867
1494806400.0000 138450.0000 -1.8228 0.0329 0.1877 2.0361 91.0345 0.5010 0.7961 0.2142 -0.1066 -0.0070 -0.2027 0.7556 0.3873 0.3607
1494806400.0000 138750.0000 -1.6297 0.4136 0.2363 1.9670 104.2389 0.4949 1.0631 0.2768 0.1784 0.0326 -0.2041 0.9174 0.4606 0.4286
1494806400.0000 139050.0000 -2.2150 0.7217 -0.1027 2.4181 108.0471 1.0042 0.3682 0.1370 -0.2413 -0.1393 0.0743 0.7547 0.3042 0.2903
1494806400.0000 139350.0000 -1.9280 -0.3367 0.2539 2.0594 80.0934 1.2060 0.3127 0.1841 0.0331 -0.2363 -0.0332 0.8515 0.3818 0.3636
1494806400.0000 139650.0000 -3.2722 0.6206 0.2778 3.3712 100.7383 0.7763 0.2420 0.1312 -0.0148 -0.0170 -0.0300 0.5748 0.1852 0.1749
1494806400.0000 139950.0000 -1.9039 -0.0746 0.0550 1.9726 87.7565 0.5337 0.2296 0.1046 -0.1862 -0.0881 0.0283 0.4340 0.2822 0.2647
1494806400.0000 140250.0000 -1.4128 0.0857 0.0756 1.4583 93.4726 0.1128 0.1275 0.0739 -0.0320 0.0366 -0.0258 0.1571 0.2283 0.2000
1494806400.0000 140550.0000 -1.0995 -0.7337 0.1758 1.4955 56.2864 0.4023 0.2993 0.1046 -0.2477 0.0172 -0.0451 0.4031 0.3888 0.3659
1494806400.0000 140850.0000 -1.4599 -0.5274 0.2457 1.5840 70.1385 0.1234 0.0754 0.0638 -0.0222 0.0052 -0.0045 0.1313 0.1883 0.1658
1494806400.0000 141150.0000 -1.5996 -0.9745 0.4114 1.9306 58.6491 0.1531 0.1865 0.0934 -0.0318 0.0272 0.0484 0.2165 0.1981 0.1796
1494806400.0000 141450.0000 -1.4851 -1.6087 0.4730 2.2324 42.7118 0.1823 0.1994 0.1398 0.0017 0.0591 0.0279 0.2607 0.1861 0.1629
1494806400.0000 141750.0000 -1.4136 -0.9287 0.3682 1.7562 56.6969 0.1517 0.1824 0.0935 -0.0515 0.0179 0.0087 0.2138 0.2181 0.1973
1494806400.0000 142050.0000 -0.7098 -0.9136 0.5376 1.3714 37.8449 0.3244 0.4648 0.0783 -0.2047 0.0142 -0.0044 0.4337 0.4215 0.4433
1494806400.0000 142350.0000 -1.7524 0.1971 0.5347 1.8718 96.4171 0.2790 0.3888 0.0770 -0.0075 0.0487 -0.0325 0.3725 0.2704 0.2676
1494806400.0000 142650.0000 -1.2027 -0.9645 0.2455 1.6367 51.2737 0.3697 0.3310 0.2979 0.0035 -0.0264 -0.1506 0.4993 0.3696 0.3135
1494806400.0000 142950.0000 -1.6625 -1.5373 0.4792 2.3530 47.2411 0.3031 0.8049 0.1903 0.2231 -0.0352 -0.1058 0.6491 0.2842 0.2684
1494806400.0000 143250.0000 -0.9579 0.3319 -0.1924 1.1390 109.1092 0.3576 0.2244 0.1158 0.0335 -0.1263 -0.0126 0.3489 0.4674 0.4345
1494806400.0000 143550.0000 -0.8485 -0.8502 -0.2389 1.4434 44.9436 1.0108 0.1815 0.1657 0.0829 -0.0448 -0.0557 0.6790 0.5494 0.5248
1494806400.0000 143850.0000 -1.0253 -1.2565 0.2315 1.7897 39.2132 0.5089 0.6288 0.2589 0.1110 0.0818 0.1973 0.6983 0.4165 0.3797
1494806400.0000 144150.0000 -0.4936 -1.5464 0.1294 1.6988 17.7043 0.1637 0.4064 0.1699 -0.0727 -0.0425 -0.0439 0.3700 0.3050 0.2686
1494806400.0000 144450.0000 -0.3246 -1.4681 -0.0451 1.7408 12.4697 0.6365 0.7439 0.2474 0.4067 -0.0774 0.0568 0.8138 0.4897 0.4512
1494806400.0000 144750.0000 -0.6645 -0.0309 0.4088 1.0006 87.3388 0.5717 0.2586 0.1069 -0.0194 0.0074 -0.0008 0.4686 0.7158 0.7908
1494806400.0000 145050.0000 -0.8359 0.5314 -0.0026 1.0766 122.4454 0.3726 0.0750 0.0688 -0.0656 -0.0344 0.0108 0.2582 0.4189 0.3900
1494806400.0000 145350.0000 -2.1388 0.0607 0.4219 2.2171 91.6267 1.0659 0.2797 0.1435 0.1469 -0.1493 -0.0475 0.7446 0.3230 0.3130
1494806400.0000 145650.0000 -3.0490 -0.3122 0.5947 3.1038 84.1534 0.3956 0.2371 0.1026 0.0173 0.0160 -0.0402 0.3677 0.1586 0.1498
1494806400.0000 145950.0000 -2.7810 -1.7143 0.5497 3.2969 58.3493 0.1530 0.2303 0.0515 0.0200 0.0096 0.0195 0.2174 0.1149 0.1094
1494806400.0000 146250.0000 -1.1815 -2.2564 0.3513 2.5802 27.6366 0.2535 0.1979 0.1289 0.0914 -0.0016 -0.0479 0.2902 0.1711 0.1523
1494806400.0000 146550.0000 -1.2365 -1.7087 0.3168 2.1667 35.8899 0.2653 0.0753 0.1130 -0.0471 -0.0197 -0.0170 0.2268 0.1823 0.1598
1494806400.0000 146850.0000 -0.4220 -1.8521 0.2478 1.9487 12.8339 0.1425 0.1334 0.0616 -0.0905 0.0205 -0.0177 0.1687 0.1751 0.1596
1494806400.0000 147150.0000 0.0522 -0.6204 -0.0330 0.7843 355.1859 0.1966 0.4052 0.0676 -0.2342 -0.0101 -0.0143 0.3347 0.7577 0.7194
1494806400.0000 147450.0000 -0.7652 -0.2606 0.0366 0.9532 71.1922 0.3500 0.0956 0.0300 -0.1071 -0.0041 -0.0139 0.2378 0.4921 0.4768
1494806400.0000 147750.0000 -1.0329 0.3994 -0.2542 1.1305 111.1414 0.1051 0.0580 0.0340 -0.0318 -0.0184 0.0246 0.0986 0.2256 0.2106
1494806400.0000 148050.0000 -0.5586 -0.0708 -0.0152 0.8036 82.7763 0.1117 0.3140 0.1277 -0.0306 0.0212 -0.0064 0.2767 0.7626 0.6691
1494806400.0000 148350.0000 -0.2967 -0.8095 0.1786 0.9149 20.1260 0.0857 0.0641 0.0746 -0.0136 0.0048 -0.0129 0.1122 0.3106 0.2591
1494806400.0000 148650.0000 -0.2313 -0.8082 0.0128 0.8861 15.9721 0.0987 0.1241 0.0790 0.0331 -0.0323 -0.0343 0.1509 0.3772 0.3241
1494806400.0000 148950.0000 -0.2215 -1.7864 0.2469 1.8826 7.0667 0.3108 0.1768 0.0992 -0.0261 -0.0741 -0.0025 0.2934 0.2434 0.2240
1494806400.0000 149250.0000 -0.6875 -1.6101 0.3985 1.7700 23.1226 0.0674 0.0961 0.0730 0.0079 0.0249 0.0062 0.1183 0.1564 0.1334
1494806400.0000 149550.0000 0.1742 -1.4566 0.4519 1.6252 353.1818 0.4454 0.5578 0.1296 -0.0044 -0.0810 0.0439 0.5664 0.4003 0.3942
1494806400.0000 149850.0000 -0.5165 -2.1071 0.3036 2.2044 13.7731 0.1301 0.3583 0.0775 -0.0107 -0.0211 0.0187 0.2830 0.1983 0.1860
1494806400.0000 150150.0000 -0.2641 -1.7471 0.2384 1.7885 8.5966 0.0934 0.1696 0.0389 0.0519 -0.0169 -0.0207 0.1510 0.1779 0.1676
1494806400.0000 150450.0000 -0.3708 -2.2794 0.3083 2.3619 9.2399 0.2518 0.0886 0.0403 -0.0041 -0.0602 0.0064 0.1904 0.1529 0.1459
1494806400.0000 150750.0000 -0.5907 -1.9750 0.2701 2.0749 16.6505 0.0634 0.0776 0.0461 0.0238 -0.0213 -0.0044 0.0936 0.1201 0.1052
1494806400.0000 151050.0000 -0.6938 -2.2268 0.3697 2.3576 17.3060 0.1032 0.1385 0.0375 -0.0114 -0.0024 -0.0119 0.1396 0.1292 0.1217
