1494720000.0000 150.0000 -0.2032 0.2183 -0.0658 0.3439 137.0409 0.0186 0.0213 0.0127 0.0079 0.0029 -0.0033 0.0263 0.4332 0.3864
1494720000.0000 450.0000 -0.1181 0.1226 0.0248 0.2724 136.0723 0.0230 0.0490 0.0159 0.0043 0.0067 -0.0101 0.0440 0.9955 0.9104
1494720000.0000 750.0000 -0.0808 0.3788 -0.0409 0.4633 167.9533 0.0638 0.0330 0.0139 -0.0013 0.0160 -0.0070 0.0553 0.4931 0.4637
1494720000.0000 1050.0000 -0.0167 0.5157 -0.1628 0.5907 178.1413 0.0879 0.0203 0.0108 0.0106 0.0101 -0.0050 0.0595 0.3680 0.3680
1494720000.0000 1350.0000 0.5837 0.6628 -0.1829 0.9056 221.3683 0.0258 0.0437 0.0112 -0.0035 -0.0020 -0.0103 0.0403 0.1818 0.1724
1494720000.0000 1650.0000 0.4467 0.6645 -0.1436 0.8272 213.9113 0.0758 0.0583 0.0239 0.0293 -0.0250 -0.0204 0.0790 0.2821 0.2640
1494720000.0000 1950.0000 0.2327 0.2660 0.0033 0.3914 221.1730 0.0285 0.0344 0.0168 0.0043 -0.0053 -0.0107 0.0399 0.4612 0.4097
1494720000.0000 2250.0000 0.1802 0.6868 -0.1171 0.7307 194.6989 0.0321 0.0794 0.0370 0.0100 -0.0131 -0.0264 0.0743 0.3092 0.2715
1494720000.0000 2550.0000 0.0765 1.1540 -0.1862 1.1732 183.7948 0.0379 0.0402 0.0371 -0.0090 0.0039 -0.0186 0.0576 0.1673 0.1395
1494720000.0000 2850.0000 0.1164 1.3369 -0.3139 1.3613 184.9773 0.0526 0.0727 0.0288 0.0034 0.0055 -0.0223 0.0771 0.1645 0.1523
1494720000.0000 3150.0000 0.1113 1.6787 -0.4481 1.6967 183.7948 0.0470 0.0454 0.0224 0.0026 0.0067 -0.0176 0.0574 0.1124 0.1043
1494720000.0000 3450.0000 0.3058 1.4953 -0.3685 1.5528 191.5593 0.0793 0.0614 0.0299 0.0047 -0.0071 -0.0196 0.0853 0.1519 0.1419
1494720000.0000 3750.0000 0.1531 1.5161 -0.3423 1.5384 185.7651 0.0446 0.0689 0.0254 -0.0041 0.0060 -0.0171 0.0694 0.1378 0.1276
1494720000.0000 4050.0000 -0.1009 1.3318 -0.3231 1.3550 175.6675 0.0535 0.0574 0.0262 -0.0057 0.0063 -0.0210 0.0686 0.1556 0.1440
1494720000.0000 4350.0000 0.0989 1.1408 -0.2871 1.1730 184.9534 0.0653 0.0747 0.0326 0.0031 0.0065 -0.0258 0.0863 0.2032 0.1887
1494720000.0000 4650.0000 -0.0146 0.8808 -0.2133 0.9272 179.0484 0.0848 0.1144 0.0387 0.0246 0.0062 -0.0377 0.1190 0.3107 0.2925
1494720000.0000 4950.0000 0.0203 0.6798 -0.1607 0.7128 181.7066 0.0437 0.0513 0.0272 -0.0031 0.0054 -0.0180 0.0611 0.2887 0.2615
1494720000.0000 5250.0000 -0.1656 0.6132 -0.0980 0.6946 164.8868 0.0720 0.0760 0.0324 0.0170 0.0028 -0.0199 0.0902 0.3815 0.3496
1494720000.0000 5550.0000 -0.1635 0.3969 -0.0066 0.4786 157.6155 0.0465 0.0577 0.0253 -0.0049 0.0093 -0.0105 0.0647 0.4839 0.4342
1494720000.0000 5850.0000 -0.3213 0.0659 0.0581 0.4027 101.5845 0.1416 0.0569 0.0134 -0.0520 -0.0196 -0.0013 0.1060 0.7980 0.7843
1494720000.0000 6150.0000 -0.6060 0.2535 0.0481 0.7114 112.7053 0.1902 0.0328 0.0266 0.0190 -0.0415 -0.0075 0.1248 0.4380 0.4151
1494720000.0000 6450.0000 -0.5546 0.3455 0.0491 0.6894 121.9248 0.0864 0.0248 0.0171 0.0008 -0.0157 -0.0047 0.0641 0.3155 0.2946
1494720000.0000 6750.0000 -0.3084 0.1836 0.0257 0.5555 120.7698 0.1291 0.1316 0.0224 -0.0132 -0.0242 -0.0240 0.1415 0.8534 0.8211
1494720000.0000 7050.0000 -0.3543 -0.0610 0.0587 0.4986 80.2316 0.0728 0.0918 0.0355 -0.0238 0.0172 -0.0280 0.1001 0.7091 0.6516
1494720000.0000 7350.0000 -0.3412 0.2079 -0.0271 0.5886 121.3553 0.1686 0.0989 0.0153 0.1009 -0.0300 -0.0286 0.1414 0.7668 0.7475
1494720000.0000 7650.0000 -0.9143 0.2195 0.0501 0.9842 103.5007 0.0923 0.0570 0.0420 0.0203 -0.0090 -0.0337 0.0957 0.2682 0.2373
1494720000.0000 7950.0000 -0.9234 0.2679 0.0757 0.9781 106.1813 0.0619 0.0324 0.0233 -0.0053 -0.0126 -0.0084 0.0588 0.2053 0.1844
1494720000.0000 8250.0000 -0.5249 0.4906 -0.0889 0.8018 133.0679 0.1333 0.0491 0.0359 0.0236 0.0038 -0.0223 0.1091 0.3725 0.3431
1494720000.0000 8550.0000 -0.3848 0.1846 -0.0380 0.5325 115.6251 0.0926 0.0888 0.0178 -0.0288 0.0167 -0.0106 0.0996 0.6014 0.5762
1494720000.0000 8850.0000 -0.3507 0.4046 -0.0515 0.6203 139.0830 0.0432 0.1094 0.0102 0.0006 -0.0024 -0.0131 0.0814 0.4331 0.4212
1494720000.0000 9150.0000 -0.4106 0.4631 -0.0259 0.6995 138.4398 0.0945 0.0385 0.0234 0.0376 -0.0292 -0.0175 0.0782 0.3686 0.3402
1494720000.0000 9450.0000 -0.3368 0.3206 -0.0598 0.5663 133.5909 0.0404 0.0871 0.0173 0.0265 -0.0052 -0.0198 0.0724 0.4686 0.4433
1494720000.0000 9750.0000 -0.5358 -0.0511 0.0982 0.6542 84.5547 0.0590 0.1213 0.0403 -0.0411 -0.0189 -0.0344 0.1103 0.4957 0.4555
1494720000.0000 10050.0000 -0.8442 0.2621 0.0835 0.9236 107.2490 0.0989 0.0606 0.0347 0.0059 -0.0138 -0.0241 0.0971 0.2865 0.2608
1494720000.0000 10350.0000 -0.6763 0.6057 -0.1426 0.9324 131.8513 0.0399 0.0439 0.0158 0.0026 0.0051 -0.0103 0.0498 0.1983 0.1841
1494720000.0000 10650.0000 -0.1432 0.6476 -0.1390 0.7595 167.5344 0.1151 0.0746 0.0162 0.0453 -0.0101 -0.0138 0.1029 0.3866 0.3791
1494720000.0000 10950.0000 -0.4338 0.4123 -0.0421 0.6444 133.5432 0.0828 0.0593 0.0141 -0.0103 0.0062 -0.0117 0.0781 0.3803 0.3637
1494720000.0000 11250.0000 -0.2875 0.5361 -0.0994 0.6398 151.7931 0.0264 0.0364 0.0123 0.0087 -0.0012 -0.0113 0.0375 0.2567 0.2378
1494720000.0000 11550.0000 -0.6321 0.3274 -0.0029 0.7443 117.3804 0.0487 0.0227 0.0147 0.0178 -0.0096 -0.0035 0.0431 0.2381 0.2168
1494720000.0000 11850.0000 -0.6112 0.3365 -0.0059 0.7324 118.8328 0.0557 0.0381 0.0120 0.0082 0.0077 -0.0064 0.0529 0.2692 0.2535
1494720000.0000 12150.0000 -0.4620 0.3434 -0.1230 0.6392 126.6219 0.0558 0.0500 0.0242 0.0246 0.0103 -0.0030 0.0650 0.3536 0.3262
1494720000.0000 12450.0000 -0.5047 0.4734 -0.1104 0.7559 133.1618 0.0567 0.0798 0.0405 0.0273 -0.0069 -0.0267 0.0885 0.3466 0.3083
1494720000.0000 12750.0000 -0.8897 0.2252 0.0601 0.9552 104.2063 0.1558 0.0543 0.0319 -0.0171 -0.0101 -0.0118 0.1210 0.3088 0.2883
1494720000.0000 13050.0000 -0.1547 0.1608 -0.0075 0.2831 136.0965 0.0132 0.0393 0.0086 0.0044 0.0033 -0.0063 0.0306 0.6394 0.5931
1494720000.0000 13350.0000 -0.3395 0.1437 -0.0382 0.4122 112.9399 0.0487 0.0251 0.0201 0.0072 -0.0077 -0.0095 0.0469 0.4772 0.4253
1494720000.0000 13650.0000 -0.0680 0.0633 -0.0067 0.1218 132.9475 0.0102 0.0063 0.0071 -0.0016 0.0021 -0.0037 0.0118 0.9530 0.7987
1494720000.0000 13950.0000 -0.3207 0.0444 0.0280 0.3379 97.8863 0.0174 0.0092 0.0029 0.0010 -0.0024 -0.0021 0.0148 0.3053 0.2907
1494720000.0000 14250.0000 -0.4658 0.1756 -0.0056 0.5048 110.6526 0.0191 0.0093 0.0038 -0.0064 0.0039 -0.0013 0.0161 0.2082 0.1957
1494720000.0000 14550.0000 -0.4136 0.4025 -0.0835 0.6593 134.2245 0.1034 0.0515 0.0280 0.0071 0.0035 -0.0138 0.0914 0.4234 0.3937
1494720000.0000 14850.0000 -0.1025 0.3854 -0.0464 0.4156 165.1087 0.0100 0.0368 0.0060 0.0022 -0.0006 -0.0084 0.0264 0.3302 0.3130
1494720000.0000 15150.0000 -0.3976 0.6869 -0.1469 0.8204 149.9355 0.0511 0.0316 0.0183 -0.0060 0.0064 -0.0134 0.0505 0.2273 0.2092
1494720000.0000 15450.0000 -0.7287 0.3458 0.0453 0.8316 115.3872 0.0912 0.0471 0.0388 -0.0192 0.0131 -0.0270 0.0885 0.3007 0.2662
1494720000.0000 15750.0000 -0.2142 0.0973 0.0408 0.2961 114.4368 0.0225 0.0260 0.0162 0.0066 -0.0071 -0.0118 0.0324 0.6155 0.5409
1494720000.0000 16050.0000 -0.5246 0.2925 0.0041 0.6735 119.1409 0.0465 0.0786 0.0374 0.0312 -0.0197 -0.0303 0.0813 0.3875 0.3400
1494720000.0000 16350.0000 -0.6434 -0.1811 0.2914 0.7570 74.2768 0.1782 0.0838 0.0418 0.0624 -0.0383 -0.0192 0.1519 0.4365 0.4421
1494720000.0000 16650.0000 -0.7612 0.1484 0.0319 0.8189 101.0322 0.1454 0.0468 0.0108 0.0040 -0.0119 -0.0094 0.1015 0.3351 0.3263
1494720000.0000 16950.0000 -0.9105 0.3640 -0.0302 1.0146 111.7892 0.1222 0.0459 0.0281 0.0019 -0.0173 -0.0134 0.0981 0.2606 0.2414
1494720000.0000 17250.0000 -0.7484 0.3918 -0.0323 0.8666 117.6324 0.1162 0.0442 0.0199 -0.0247 0.0034 -0.0150 0.0901 0.2900 0.2737
1494720000.0000 17550.0000 -0.8468 0.4443 -0.0036 0.9945 117.6858 0.1467 0.0669 0.0515 -0.0244 0.0358 -0.0099 0.1326 0.3109 0.2791
1494720000.0000 17850.0000 -0.8475 0.3631 -0.0360 0.9723 113.1916 0.1100 0.0711 0.0330 0.0029 0.0231 -0.0177 0.1070 0.2895 0.2665
1494720000.0000 18150.0000 -0.4411 0.3333 -0.0548 0.6234 127.0782 0.0696 0.0805 0.0454 0.0047 0.0189 -0.0295 0.0978 0.4596 0.4047
1494720000.0000 18450.0000 -0.6147 0.3424 -0.1308 0.7784 119.1151 0.1147 0.1094 0.0612 -0.0037 0.0252 -0.0216 0.1427 0.4309 0.3885
1494720000.0000 18750.0000 -0.4070 0.4289 -0.0285 0.6691 136.5027 0.1320 0.0637 0.0451 -0.0006 0.0022 -0.0116 0.1204 0.4786 0.4320
1494720000.0000 19050.0000 -0.0302 0.3825 -0.0647 0.4740 175.4878 0.0540 0.0882 0.0700 0.0049 -0.0252 -0.0502 0.1061 0.6835 0.5673
1494720000.0000 19350.0000 -0.2912 0.1960 0.0738 0.5195 123.9519 0.0742 0.1087 0.0604 0.0512 -0.0263 -0.0585 0.1217 0.7940 0.7036
1494720000.0000 19650.0000 0.1115 0.4393 -0.0364 0.5032 194.2386 0.0447 0.0369 0.0166 0.0111 -0.0006 -0.0103 0.0491 0.3980 0.3639
1494720000.0000 19950.0000 -0.2376 -0.0379 0.0754 0.2752 80.9378 0.0234 0.0147 0.0068 0.0061 -0.0005 -0.0023 0.0225 0.4854 0.4687
1494720000.0000 20250.0000 -0.4030 -0.0392 -0.0579 0.4339 84.4460 0.0154 0.0239 0.0166 0.0017 0.0021 -0.0081 0.0279 0.3337 0.2828
1494720000.0000 20550.0000 -0.3122 -0.0274 0.0015 0.3711 84.9833 0.0413 0.0326 0.0176 -0.0098 0.0032 -0.0103 0.0458 0.5574 0.5010
1494720000.0000 20850.0000 -1.1084 0.2453 0.0115 1.1557 102.4804 0.0709 0.0518 0.0296 -0.0204 0.0186 -0.0201 0.0762 0.1985 0.1782
1494720000.0000 21150.0000 -0.7617 -0.0176 0.0595 0.7912 88.6793 0.0885 0.0421 0.0376 0.0016 0.0174 -0.0147 0.0841 0.3099 0.2739
1494720000.0000 21450.0000 -0.9593 0.2021 0.0641 1.0082 101.8967 0.2555 0.0371 0.0281 -0.0245 0.0455 -0.0131 0.1603 0.3328 0.3186
1494720000.0000 21750.0000 -1.0629 0.1656 0.1164 1.1116 98.8555 0.2212 0.0669 0.0611 -0.0354 0.0601 -0.0184 0.1746 0.3153 0.2881
1494720000.0000 22050.0000 -1.2120 0.2181 0.0802 1.2705 100.2012 0.1231 0.0895 0.0640 0.0025 0.0236 -0.0375 0.1383 0.2460 0.2162
1494720000.0000 22350.0000 -0.9588 0.3437 -0.0255 1.0645 109.7197 0.1580 0.0736 0.0726 0.0016 0.0048 -0.0331 0.1521 0.3126 0.2728
1494720000.0000 22650.0000 -0.6333 0.3594 0.0242 0.7968 119.5748 0.1110 0.1107 0.0885 -0.0131 0.0190 -0.0495 0.1551 0.4413 0.3733
1494720000.0000 22950.0000 -0.4692 0.4009 -0.0344 0.7498 130.5125 0.1827 0.1365 0.1085 0.0052 0.0477 -0.0424 0.2138 0.6109 0.5286
1494720000.0000 23250.0000 -0.3001 0.3955 0.0579 0.6495 142.8055 0.1444 0.1677 0.0874 0.0366 -0.0251 -0.0673 0.1997 0.7301 0.6496
1494720000.0000 23550.0000 -0.7124 0.5441 -0.0675 1.0649 127.3691 0.2391 0.2101 0.0894 0.0803 0.0051 -0.0736 0.2693 0.4713 0.4316
1494720000.0000 23850.0000 -0.7448 0.4081 0.0192 0.9239 118.7204 0.1657 0.1676 0.1325 -0.0631 0.0647 -0.0902 0.2329 0.4639 0.3925
1494720000.0000 24150.0000 -0.9278 0.4173 0.0572 1.1202 114.2176 0.2371 0.1902 0.1086 0.0166 0.0143 -0.0679 0.2679 0.4148 0.3710
1494720000.0000 24450.0000 -0.8787 0.3138 0.0417 0.9933 109.6532 0.1153 0.1113 0.1264 0.0040 0.0403 -0.0427 0.1765 0.3672 0.2945
1494720000.0000 24750.0000 -0.9990 0.4530 -0.0268 1.1499 114.3906 0.1693 0.1556 0.1260 -0.0508 0.0524 -0.0685 0.2255 0.3533 0.3000
1494720000.0000 25050.0000 -1.0232 0.3362 0.0048 1.1516 108.1896 0.2680 0.1402 0.0730 -0.0120 0.0137 -0.0546 0.2406 0.3718 0.3425
1494720000.0000 25350.0000 -2.0678 0.2875 0.0232 2.1304 97.9153 0.1904 0.1746 0.1067 -0.0453 0.0471 -0.0604 0.2358 0.1899 0.1671
1494720000.0000 25650.0000 -1.4262 0.1879 0.1371 1.5191 97.5060 0.2243 0.2244 0.1160 0.0148 0.0149 -0.0842 0.2823 0.3002 0.2689
1494720000.0000 25950.0000 -1.4196 0.1019 0.0833 1.4898 94.1074 0.2646 0.1773 0.0998 0.0154 0.0517 -0.0504 0.2709 0.2981 0.2697
1494720000.0000 26250.0000 -0.7296 0.6624 -0.0310 1.0931 132.2377 0.1966 0.1920 0.1435 0.0317 0.0229 -0.0771 0.2660 0.4272 0.3652
1494720000.0000 26550.0000 -0.9422 0.3597 -0.0067 1.1225 110.8924 0.1302 0.2538 0.1366 0.0095 -0.0089 -0.0807 0.2603 0.4130 0.3547
1494720000.0000 26850.0000 -1.1008 0.0979 0.0499 1.1730 95.0821 0.1526 0.1571 0.1186 -0.0387 0.0410 -0.0712 0.2142 0.3416 0.2908
1494720000.0000 27150.0000 -1.0830 0.0978 0.1988 1.1605 95.1617 0.2143 0.1588 0.1031 -0.0071 0.0625 -0.0627 0.2381 0.3604 0.3243
1494720000.0000 27450.0000 -1.1076 -0.1085 0.1556 1.1602 84.4058 0.1345 0.1050 0.0758 -0.0390 0.0470 -0.0452 0.1577 0.2885 0.2539
1494720000.0000 27750.0000 -1.1041 -0.1702 0.1636 1.1759 81.2384 0.1296 0.1213 0.0576 -0.0315 0.0183 -0.0285 0.1542 0.2840 0.2588
1494720000.0000 28050.0000 -1.5863 -0.1525 0.1544 1.6247 84.5090 0.1760 0.0922 0.0846 -0.0216 0.0486 -0.0390 0.1764 0.2142 0.1876
1494720000.0000 28350.0000 -1.4466 0.0193 0.0481 1.4977 90.7638 0.2051 0.1435 0.0980 -0.0576 0.0476 -0.0199 0.2233 0.2665 0.2356
1494720000.0000 28650.0000 -1.7378 -0.2205 0.1704 1.8164 82.7686 0.2877 0.2336 0.1355 -0.0041 0.0258 -0.0702 0.3284 0.2659 0.2380
1494720000.0000 28950.0000 -1.6165 -0.5451 0.2442 1.7664 71.3644 0.1553 0.2187 0.0941 0.0177 0.0248 -0.0477 0.2340 0.2292 0.2070
1494720000.0000 29250.0000 -1.4074 -0.5904 0.2932 1.5662 67.2439 0.2513 0.1493 0.0899 0.0862 -0.0041 -0.0309 0.2453 0.2602 0.2394
1494720000.0000 29550.0000 -1.6402 -0.8224 0.3196 1.8716 63.3715 0.1983 0.0955 0.0886 -0.0267 0.0426 -0.0080 0.1912 0.1917 0.1706
1494720000.0000 29850.0000 -1.3503 -0.3353 0.1656 1.4550 76.0529 0.2411 0.1333 0.0995 -0.0497 0.0408 -0.0347 0.2370 0.2837 0.2539
1494720000.0000 30150.0000 -0.9165 -0.5424 0.3216 1.1761 59.3821 0.1240 0.2670 0.0723 -0.0267 0.0320 -0.0408 0.2317 0.3533 0.3390
1494720000.0000 30450.0000 -1.3800 -0.3653 0.1849 1.4683 75.1740 0.1803 0.1035 0.1295 -0.0220 0.0488 -0.0251 0.2067 0.2579 0.2155
1494720000.0000 30750.0000 -1.4329 0.1513 0.0688 1.5554 96.0289 0.2729 0.3532 0.1395 -0.0163 0.0188 -0.0787 0.3828 0.3502 0.3171
1494720000.0000 31050.0000 -2.1192 0.2423 0.0946 2.1767 96.5222 0.2820 0.1952 0.1671 -0.0491 0.0498 -0.0786 0.3222 0.2171 0.1870
1494720000.0000 31350.0000 -1.6856 0.5500 0.0054 1.9677 108.0728 0.3405 0.7100 0.3056 0.0773 -0.0445 -0.3413 0.6780 0.3792 0.3337
1494720000.0000 31650.0000 -1.4945 0.2061 0.0633 1.6597 97.8529 0.4566 0.4389 0.1527 0.0628 0.0544 -0.1315 0.5241 0.3915 0.3622
1494720000.0000 31950.0000 -0.8258 -0.0161 0.1797 1.1472 88.8830 0.2897 0.4723 0.1094 0.2582 -0.0330 -0.1049 0.4357 0.6376 0.6102
1494720000.0000 32250.0000 -0.7577 -0.5573 0.1538 0.9809 53.6661 0.0902 0.0508 0.0706 -0.0131 -0.0024 0.0034 0.1058 0.2786 0.2305
1494720000.0000 32550.0000 -0.8128 -0.5935 0.1494 1.0657 53.8634 0.2783 0.0564 0.0628 0.0187 -0.0552 -0.0070 0.1987 0.3578 0.3319
1494720000.0000 32850.0000 -0.1046 -0.5478 0.2443 0.6118 10.8145 0.0721 0.1801 0.0411 0.0535 -0.0151 -0.0200 0.1466 0.5135 0.5199
1494720000.0000 33150.0000 0.5193 -0.8443 0.0331 1.0639 328.4087 0.1528 0.2694 0.0941 -0.0570 -0.0560 0.0609 0.2581 0.4183 0.3785
1494720000.0000 33450.0000 0.3915 -0.8361 0.1209 1.0370 334.9092 0.2279 0.1763 0.1052 -0.0111 -0.0793 -0.0036 0.2547 0.4425 0.3976
1494720000.0000 33750.0000 0.2052 -1.2216 0.1802 1.3216 350.4660 0.2058 0.2192 0.0760 -0.0435 -0.0436 0.0276 0.2505 0.3265 0.3039
1494720000.0000 34050.0000 0.0427 -1.3192 0.2776 1.3764 358.1462 0.1300 0.3756 0.0750 -0.0093 -0.0332 0.0309 0.2903 0.3262 0.3111
1494720000.0000 34350.0000 -0.0837 -1.1580 0.2870 1.2320 4.1327 0.1507 0.1891 0.0837 -0.0262 -0.0402 0.0283 0.2117 0.3141 0.2899
1494720000.0000 34650.0000 -1.2383 -0.8482 0.2865 1.5660 55.5924 0.2016 0.1732 0.1032 -0.0150 -0.0132 -0.0316 0.2390 0.2612 0.2355
1494720000.0000 34950.0000 -1.1607 -0.7794 0.4497 1.4572 56.1196 0.3227 0.1306 0.1285 0.0443 -0.0442 -0.0500 0.2909 0.2999 0.2781
1494720000.0000 35250.0000 -1.4280 -0.5231 0.3112 1.5710 69.8826 0.2003 0.1125 0.1055 -0.0313 0.0354 -0.0449 0.2091 0.2405 0.2123
1494720000.0000 35550.0000 -1.4210 -0.9237 0.4246 1.7177 56.9763 0.1029 0.0627 0.0757 -0.0002 -0.0003 -0.0150 0.1207 0.1624 0.1387
1494720000.0000 35850.0000 -1.1061 -0.8246 0.2108 1.4446 53.2933 0.0636 0.2704 0.1313 -0.0027 0.0201 -0.0683 0.2326 0.2822 0.2419
1494720000.0000 36150.0000 -1.5373 -0.3606 0.1614 1.7150 76.8002 0.3495 0.3632 0.1651 -0.0588 0.0066 -0.0494 0.4389 0.3408 0.3087
1494720000.0000 36450.0000 -1.7979 0.2857 0.0183 1.9099 99.0306 0.2166 0.3310 0.2047 0.0075 0.0165 -0.1117 0.3762 0.2751 0.2347
1494720000.0000 36750.0000 -2.1895 -0.3839 0.3732 2.3008 80.0561 0.4499 0.3339 0.3179 0.0610 0.0343 -0.1438 0.5509 0.2689 0.2299
1494720000.0000 37050.0000 -2.6293 -0.9441 0.3646 2.8266 70.2478 0.2657 0.1623 0.2192 -0.0135 0.0503 -0.0532 0.3236 0.1649 0.1352
1494720000.0000 37350.0000 -2.0482 -0.9649 0.4888 2.4635 64.7756 0.6270 0.5973 0.2598 -0.2881 0.1172 -0.1237 0.7421 0.3037 0.2822
1494720000.0000 37650.0000 -1.0601 -1.1829 0.4896 1.7445 41.8661 0.4004 0.4851 0.1552 -0.0867 -0.0217 -0.0139 0.5203 0.3544 0.3420
1494720000.0000 37950.0000 0.1869 -1.4011 0.2071 1.6305 352.4029 0.5600 0.3997 0.1495 -0.2163 -0.0813 0.0542 0.5546 0.4256 0.4002
1494720000.0000 38250.0000 0.7819 -0.5088 -0.1391 1.2011 303.0540 0.1870 0.6978 0.1526 0.0083 -0.0766 -0.1103 0.5188 0.6235 0.5822
1494720000.0000 38550.0000 0.5599 0.1877 -0.0694 0.7028 251.4650 0.1967 0.1106 0.1100 0.0200 -0.0683 -0.0256 0.2086 0.6272 0.5420
1494720000.0000 38850.0000 -0.4474 0.1536 0.1521 0.6154 108.9526 0.1273 0.1203 0.1059 0.0498 -0.0035 -0.0331 0.1767 0.6908 0.6073
1494720000.0000 39150.0000 -1.5032 0.0351 0.1595 1.5622 91.3392 0.4757 0.1304 0.1378 -0.0120 0.0764 -0.0134 0.3720 0.3293 0.2989
1494720000.0000 39450.0000 -1.5550 -0.5044 0.2838 1.7103 72.0282 0.2937 0.2872 0.2269 0.0573 0.0124 -0.0516 0.4039 0.3127 0.2692
1494720000.0000 39750.0000 -0.8660 0.0712 0.1796 1.0917 94.6972 0.4836 0.3411 0.2321 -0.0572 0.0133 -0.0387 0.5284 0.6689 0.6034
1494720000.0000 40050.0000 -1.0983 -0.3850 0.1047 1.4100 70.6833 0.3757 0.5417 0.1926 -0.0725 -0.0296 -0.0530 0.5550 0.5206 0.4752
1494720000.0000 40350.0000 -1.4169 -0.0104 0.2346 1.6232 89.5814 0.6840 0.4339 0.2529 0.0235 0.0375 -0.0858 0.6854 0.4706 0.4308
1494720000.0000 40650.0000 -1.6788 0.1081 0.1844 1.8930 93.6856 1.3501 0.3184 0.2980 0.1278 -0.1036 -0.1510 0.9833 0.4784 0.4433
1494720000.0000 40950.0000 -1.8975 0.4655 0.0156 2.1226 103.7822 1.5381 0.4417 0.1996 0.0832 0.0127 -0.1211 1.0897 0.4362 0.4158
1494720000.0000 41250.0000 -0.9888 0.3988 -0.0341 1.1699 111.9679 0.7392 0.1748 0.1904 -0.2063 -0.0241 -0.0552 0.5522 0.5688 0.5177
1494720000.0000 41550.0000 0.0695 -0.4916 -0.1258 0.5533 351.9507 0.0429 0.1147 0.0651 0.0052 0.0092 -0.0059 0.1113 0.5320 0.4617
1494720000.0000 41850.0000 0.6733 -0.1482 -0.0700 0.7871 282.4168 0.3298 0.1390 0.0930 -0.1130 -0.0609 0.0150 0.2809 0.6245 0.5734
1494720000.0000 42150.0000 -0.0008 -0.7034 0.0583 1.1499 0.0672 0.7965 0.3739 0.3080 0.2022 -0.2344 -0.1831 0.7392 0.9945 0.8879
1494720000.0000 42450.0000 -1.1588 -0.7959 0.2644 1.4721 55.5165 0.2349 0.2218 0.1194 0.0507 -0.0181 -0.0148 0.2880 0.3063 0.2775
1494720000.0000 42750.0000 -0.4887 -0.9937 0.3513 1.2783 26.1888 0.3156 0.3130 0.1223 -0.1344 -0.0108 -0.0242 0.3754 0.4306 0.4133
1494720000.0000 43050.0000 -1.0353 -1.0546 0.4916 1.6022 44.4709 0.5940 0.1050 0.1668 0.0396 -0.1239 -0.0227 0.4329 0.3449 0.3266
1494720000.0000 43350.0000 0.0528 -1.5598 0.2163 1.6158 358.0605 0.1664 0.2929 0.1266 -0.0279 0.0067 0.0037 0.2929 0.2805 0.2507
1494720000.0000 43650.0000 -0.1013 -0.7929 0.1828 0.9467 7.2804 0.1846 0.3510 0.1389 0.0761 -0.0442 0.0050 0.3373 0.5783 0.5286
1494720000.0000 43950.0000 -0.0893 -0.2182 -0.1076 0.6958 22.2559 0.3042 0.3101 0.1316 0.2177 -0.1091 -0.0959 0.3729 1.9242 1.9196
1494720000.0000 44250.0000 -1.0911 -0.7744 0.3824 1.7441 54.6321 0.4563 1.2152 0.1802 -0.3517 0.0484 -0.0475 0.9259 0.5646 0.5579
1494720000.0000 44550.0000 -1.6425 0.3464 0.1016 1.8377 101.9090 0.4752 0.6379 0.3101 -0.0759 0.0169 -0.3155 0.7116 0.4096 0.3629
1494720000.0000 44850.0000 -1.5764 0.0330 0.2184 1.7098 91.1990 0.5314 0.4580 0.2028 -0.1403 0.0000 -0.0897 0.5961 0.3960 0.3642
1494720000.0000 45150.0000 -0.8214 -0.5886 0.3404 1.1683 54.3779 0.3146 0.2891 0.1508 -0.0274 -0.0158 -0.0175 0.3773 0.4703 0.4439
1494720000.0000 45450.0000 -0.8987 -0.2115 0.0809 1.3120 76.7572 0.9007 0.7942 0.3147 -0.2575 -0.0262 -0.2471 1.0048 0.8831 0.8141
1494720000.0000 45750.0000 -1.1674 0.0335 0.1791 1.4650 91.6432 0.5155 0.7322 0.4089 -0.1828 0.1503 -0.2512 0.8283 0.6289 0.5522
1494720000.0000 46050.0000 -0.4566 0.6335 -0.0915 0.9894 144.2157 0.3215 0.4813 0.1795 -0.0757 0.0838 -0.1588 0.4912 0.7279 0.6625
1494720000.0000 46350.0000 -1.4261 0.3719 0.0541 1.6079 104.6168 0.8751 0.3765 0.2067 -0.1241 0.0792 -0.1002 0.7291 0.4728 0.4383
1494720000.0000 46650.0000 -0.7123 -0.2450 0.0427 0.8852 71.0199 0.4002 0.1125 0.1204 -0.0006 -0.0192 -0.0240 0.3166 0.6089 0.5488
1494720000.0000 46950.0000 -1.2479 0.2652 0.1719 1.6600 101.9974 0.7612 0.8561 0.3779 0.0708 -0.1494 -0.3159 0.9976 0.6335 0.5755
1494720000.0000 47250.0000 -1.8073 0.9494 -0.1279 2.1617 117.7124 0.5721 0.4806 0.3094 -0.0684 -0.0040 -0.1892 0.6810 0.3294 0.2902
1494720000.0000 47550.0000 -1.1602 1.3316 -0.2970 1.8975 138.9331 0.3608 0.5276 0.3098 0.0279 0.0099 -0.2705 0.5991 0.3529 0.3081
1494720000.0000 47850.0000 -1.0898 0.4552 0.0714 1.4357 112.6699 0.5099 0.5261 0.2473 0.1897 -0.1112 -0.1772 0.6416 0.5528 0.4976
1494720000.0000 48150.0000 -0.8588 -1.1556 0.4093 1.7674 36.6169 0.2602 1.2491 0.2380 -0.0503 -0.0045 -0.1997 0.8737 0.5099 0.4927
1494720000.0000 48450.0000 -0.2477 0.2485 -0.0088 1.2219 135.0850 0.3883 1.5556 0.2630 0.3861 -0.1439 -0.3809 1.1034 2.4438 2.2943
1494720000.0000 48750.0000 0.7865 0.7593 -0.4453 1.3540 226.0090 0.3494 1.1358 0.2466 0.0061 -0.0607 -0.2862 0.8658 0.6436 0.6436
1494720000.0000 49050.0000 0.3185 -0.4165 0.0739 1.1279 322.5956 0.7930 0.5675 0.2908 0.4450 -0.3715 -0.2316 0.8257 1.4012 1.2844
1494720000.0000 49350.0000 0.6951 -0.8454 0.0384 1.3551 320.5698 0.4340 0.4430 0.2466 0.0647 -0.1211 -0.0903 0.5618 0.5588 0.4940
1494720000.0000 49650.0000 -2.3375 0.1590 0.3495 2.6176 93.8925 2.0098 0.5419 0.4794 0.0648 -0.1617 -0.2540 1.5155 0.4243 0.3936
1494720000.0000 49950.0000 -0.4076 0.5686 0.0681 1.0310 144.3680 0.4754 0.3650 0.1806 0.1422 -0.0418 -0.0396 0.5105 0.8300 0.7566
1494720000.0000 50250.0000 -1.0905 0.1399 0.1504 1.2917 97.3095 0.5727 0.2958 0.2019 0.0063 -0.0475 -0.0276 0.5352 0.5383 0.4894
1494720000.0000 50550.0000 -1.6239 0.0508 0.3688 1.7219 91.7930 0.6277 0.3043 0.2284 0.0665 0.0222 -0.0971 0.5802 0.3733 0.3431
1494720000.0000 50850.0000 -0.9355 0.4168 -0.0360 1.9303 114.0158 1.3435 1.9680 0.4204 0.3234 -0.4112 -0.4501 1.8659 1.0883 1.0258
1494720000.0000 51150.0000 -0.0938 0.5288 -0.1891 0.8157 169.9397 0.2319 0.3666 0.1543 0.0354 0.0298 -0.0512 0.3764 0.8797 0.8316
1494720000.0000 51450.0000 -0.4362 0.4846 0.0291 0.7799 138.0074 0.1924 0.1419 0.1170 0.0137 -0.0238 -0.0476 0.2257 0.5944 0.5120
1494720000.0000 51750.0000 -0.7824 0.7056 0.0795 1.3315 132.0459 0.3229 0.5745 0.2350 0.2629 -0.0682 -0.1884 0.5662 0.5814 0.5191
1494720000.0000 52050.0000 -1.5051 0.0450 0.2450 1.5786 91.7126 0.3759 0.2111 0.2050 0.0492 0.0281 -0.0573 0.3960 0.3368 0.2938
1494720000.0000 52350.0000 -1.6479 -0.3243 0.2628 1.7379 78.8676 0.5811 0.2385 0.1570 0.1410 -0.0498 -0.1014 0.4883 0.3356 0.3112
1494720000.0000 52650.0000 -0.9704 0.7450 -0.0643 1.5836 127.5163 0.7743 0.5942 0.2507 0.1057 -0.0428 -0.1873 0.8096 0.5997 0.5521
1494720000.0000 52950.0000 -1.2222 0.8864 -0.1150 1.7605 125.9504 1.0710 0.4536 0.2620 0.1067 -0.0564 -0.2137 0.8933 0.5097 0.4722
1494720000.0000 53250.0000 -1.2059 0.3766 0.0927 1.4720 107.3438 0.5356 0.4373 0.2108 0.1222 -0.0079 -0.1420 0.5918 0.4959 0.4508
1494720000.0000 53550.0000 -1.0323 -0.4734 0.2084 1.2505 65.3631 0.6161 0.1758 0.1108 -0.0642 0.0858 -0.0422 0.4513 0.4751 0.4524
1494720000.0000 53850.0000 0.4356 -0.3846 -0.1012 0.6867 311.4368 0.1724 0.1165 0.0349 -0.0754 -0.0257 0.0020 0.1619 0.5570 0.5340
1494720000.0000 54150.0000 -0.0874 0.3064 -0.0716 0.7338 164.0763 0.2921 0.2964 0.1809 0.0375 -0.0579 -0.1586 0.3847 1.5507 1.3900
1494720000.0000 54450.0000 -0.9962 -0.0933 0.1603 1.0939 84.6504 0.3510 0.1949 0.2238 0.0760 -0.0408 -0.0738 0.3848 0.4998 0.4263
1494720000.0000 54750.0000 -1.5423 -0.2181 0.3950 1.6141 81.9498 0.2097 0.1857 0.1570 0.0175 0.0023 -0.0162 0.2762 0.2670 0.2331
1494720000.0000 55050.0000 -1.9750 -1.2613 0.7954 2.4261 57.4360 0.3870 0.3295 0.1911 -0.0360 -0.0588 -0.0584 0.4538 0.2223 0.2085
1494720000.0000 55350.0000 -0.9879 -0.8031 0.4704 1.4216 50.8897 0.7187 0.2022 0.1787 0.0927 -0.0651 -0.0323 0.5498 0.4460 0.4352
1494720000.0000 55650.0000 -1.1621 -0.4717 0.3257 1.3331 67.9060 0.1364 0.2266 0.1240 0.0290 -0.0170 -0.0326 0.2435 0.3109 0.2774
1494720000.0000 55950.0000 -1.4150 -0.5731 0.2659 1.6502 67.9509 0.2942 0.3661 0.2148 0.0237 -0.0024 -0.0205 0.4376 0.3485 0.3073
1494720000.0000 56250.0000 -0.7986 -1.1839 0.4541 1.7440 34.0006 0.7028 0.6299 0.1440 -0.4136 -0.0264 0.0215 0.7383 0.4682 0.4667
1494720000.0000 56550.0000 0.4919 -1.7899 0.2199 1.9570 344.6345 0.4199 0.2714 0.2044 -0.1237 -0.1287 0.0531 0.4478 0.2923 0.2586
1494720000.0000 56850.0000 0.3906 -1.9596 0.2717 2.1140 348.7281 0.4558 1.1035 0.1378 -0.2355 -0.0148 -0.0222 0.8485 0.3730 0.3608
1494720000.0000 57150.0000 0.3320 -1.9902 0.3186 2.1097 350.5283 0.3243 0.6135 0.1174 -0.0207 -0.0876 0.0151 0.5276 0.2903 0.2771
1494720000.0000 57450.0000 0.2223 -1.4915 0.3079 1.5637 351.5224 0.1709 0.3402 0.0819 -0.0354 -0.0274 0.0479 0.2965 0.2889 0.2737
1494720000.0000 57750.0000 1.2237 -1.9137 -0.0184 2.3715 327.4038 0.5023 0.5449 0.2676 -0.1186 -0.1934 0.0206 0.6574 0.2914 0.2601
1494720000.0000 58050.0000 0.5980 -1.4937 0.1186 1.7202 338.1814 0.4476 0.5860 0.1557 -0.1990 -0.1153 0.0232 0.5947 0.3903 0.3648
1494720000.0000 58350.0000 0.7126 -1.8260 0.2098 2.2091 338.6831 0.9645 0.5986 0.2878 0.1294 -0.2629 -0.0319 0.9255 0.3984 0.3683
1494720000.0000 58650.0000 1.0274 -1.6941 0.0790 2.1235 328.7647 0.7823 0.5716 0.2578 -0.1110 -0.2929 0.0282 0.8058 0.3696 0.3391
1494720000.0000 58950.0000 1.0352 -1.4210 -0.0150 1.9703 323.9261 0.5681 0.6043 0.2754 0.1509 -0.2424 -0.0807 0.7239 0.3951 0.3556
1494720000.0000 59250.0000 0.9157 -1.2952 0.0514 1.8149 324.7416 0.5667 0.9598 0.3034 -0.0554 -0.1963 -0.0547 0.9150 0.4921 0.4497
1494720000.0000 59550.0000 0.9531 -0.5473 -0.0169 1.3653 299.8654 0.5081 0.6823 0.2301 0.1121 -0.0997 -0.0883 0.7102 0.6260 0.5732
1494720000.0000 59850.0000 1.3803 -0.6803 -0.2040 1.8482 296.2363 0.7523 1.1203 0.2948 0.0130 -0.2307 -0.2103 1.0837 0.5476 0.5134
1494720000.0000 60150.0000 0.8075 -0.2768 -0.0803 1.1128 288.9190 0.7530 0.3040 0.2268 0.1789 -0.3272 -0.0923 0.6419 0.7630 0.6954
1494720000.0000 60450.0000 0.9960 -1.5757 0.0914 2.1870 327.7046 1.2247 1.2385 0.3552 -0.0607 -0.3591 -0.2186 1.4092 0.5193 0.4861
1494720000.0000 60750.0000 0.7792 -0.3516 -0.0129 1.1468 294.2866 0.6139 0.4875 0.2573 0.1020 -0.1941 -0.0847 0.6794 0.7871 0.7088
1494720000.0000 61050.0000 0.8579 -0.1136 -0.2831 1.0305 277.5407 0.3292 0.2785 0.1260 -0.1056 -0.0938 -0.0213 0.3668 0.5431 0.5201
1494720000.0000 61350.0000 0.5585 -0.7814 -0.0417 1.1066 324.4442 0.3518 0.1452 0.1259 -0.0223 -0.1299 0.0132 0.3115 0.4740 0.4238
1494720000.0000 61650.0000 0.1811 -2.0252 0.3362 2.0882 354.8904 0.2368 0.4637 0.1029 -0.1150 -0.0358 0.0214 0.4017 0.2511 0.2377
1494720000.0000 61950.0000 -0.0941 -2.3067 0.4480 2.3996 2.3354 0.4083 0.3001 0.1582 -0.1166 -0.0586 -0.0066 0.4333 0.2285 0.2105
1494720000.0000 62250.0000 0.5731 -1.8430 0.2012 2.0530 342.7262 0.5846 0.9374 0.2246 -0.3276 -0.1146 -0.0618 0.8733 0.3932 0.3691
1494720000.0000 62550.0000 -0.5608 0.3495 -0.0216 1.3809 121.9337 1.0013 0.8675 0.1772 0.1962 -0.0255 -0.1044 1.0230 1.2490 1.1943
1494720000.0000 62850.0000 -1.2907 -0.8637 0.5769 1.6569 56.2108 0.3659 0.2594 0.1044 0.0589 -0.0481 0.0245 0.3649 0.2977 0.2940
1494720000.0000 63150.0000 -0.7766 0.0116 0.1218 0.9826 90.8555 0.4146 0.1919 0.0982 -0.1440 -0.0921 0.0473 0.3524 0.6165 0.5789
1494720000.0000 63450.0000 -1.2048 -0.3302 0.2956 1.3785 74.6721 0.2630 0.3094 0.1252 0.0383 -0.0010 0.0380 0.3488 0.3756 0.3497
1494720000.0000 63750.0000 -0.2813 -0.2486 0.1308 0.4954 48.5291 0.1163 0.0692 0.0271 -0.0105 0.0313 -0.0015 0.1063 0.6696 0.6623
1494720000.0000 64050.0000 -0.4015 -0.2614 0.1533 0.5381 56.9339 0.0719 0.0658 0.0200 0.0334 -0.0187 -0.0136 0.0789 0.4558 0.4471
1494720000.0000 64350.0000 -0.1063 0.4067 -0.2522 0.7009 165.3506 0.1834 0.2314 0.0547 0.0698 0.0157 -0.0077 0.2348 0.8069 0.8845
1494720000.0000 64650.0000 -0.2653 0.8613 -0.1305 1.0791 162.8832 0.3075 0.5747 0.2126 -0.0759 0.0377 -0.2481 0.5474 0.6634 0.6017
1494720000.0000 64950.0000 -0.6077 0.5949 0.0228 1.0688 134.3869 0.2323 0.3713 0.0964 0.1351 -0.0314 -0.0387 0.3500 0.5678 0.5275
1494720000.0000 65250.0000 1.7496 0.3960 -0.3988 2.1229 257.2456 0.4953 1.2806 0.1586 -0.2889 0.0211 -0.2055 0.9672 0.4370 0.4289
1494720000.0000 65550.0000 0.3857 -0.4064 0.0212 0.7833 316.4963 0.2187 0.3573 0.0631 0.0475 -0.0682 -0.0781 0.3195 0.8232 0.7820
1494720000.0000 65850.0000 0.1795 0.3221 -0.0302 0.7013 209.1399 0.1176 0.3402 0.0604 0.0756 -0.0525 -0.0806 0.2591 1.1234 1.0594
1494720000.0000 66150.0000 0.4322 -0.1913 -0.0322 0.9814 293.8757 0.3002 0.6345 0.1037 -0.1355 -0.0686 0.1002 0.5192 1.2419 1.1810
1494720000.0000 66450.0000 0.1509 -0.9011 0.1167 0.9981 350.4929 0.1457 0.1585 0.0734 0.0068 -0.0321 0.0054 0.1888 0.3852 0.3485
1494720000.0000 66750.0000 0.1967 -0.5796 0.0818 0.6911 341.2518 0.1178 0.1468 0.0422 -0.0655 -0.0227 0.0238 0.1533 0.5178 0.4852
1494720000.0000 67050.0000 0.5099 -0.6285 -0.0068 0.8561 320.9442 0.0647 0.1067 0.0369 0.0013 -0.0242 0.0069 0.1042 0.3256 0.2954
1494720000.0000 67350.0000 0.7843 -0.6389 -0.1453 1.1198 309.1660 0.1933 0.3052 0.0819 -0.0750 -0.0666 0.0295 0.2902 0.4304 0.4030
1494720000.0000 67650.0000 0.6101 -0.7006 0.0052 1.1484 318.9482 0.2518 0.4312 0.1282 -0.0155 -0.0650 -0.0142 0.4056 0.5597 0.5136
1494720000.0000 67950.0000 0.8373 -0.2108 -0.1233 1.0412 284.1321 0.1914 0.3209 0.0715 -0.1282 -0.0429 0.0115 0.2919 0.5058 0.4786
1494720000.0000 68250.0000 0.8383 -0.0351 -0.1454 0.8999 272.3980 0.0518 0.1086 0.0221 -0.0064 -0.0112 0.0004 0.0912 0.2896 0.2756
1494720000.0000 68550.0000 0.7029 -0.0373 -0.1586 0.8158 273.0355 0.0805 0.1675 0.0313 -0.0472 -0.0181 0.0085 0.1397 0.4229 0.4085
1494720000.0000 68850.0000 0.7950 -0.4095 -0.0333 1.0140 297.2513 0.2140 0.2048 0.0530 -0.0484 -0.0325 0.0378 0.2359 0.4431 0.4178
1494720000.0000 69150.0000 0.5551 -0.3021 -0.0952 0.6521 298.5562 0.0149 0.0361 0.0113 -0.0059 -0.0048 0.0019 0.0312 0.2256 0.2064
1494720000.0000 69450.0000 0.5753 -0.3211 -0.0521 0.7394 299.1661 0.0627 0.1279 0.0191 0.0452 -0.0169 -0.0248 0.1049 0.4000 0.3825
1494720000.0000 69750.0000 0.8821 0.1609 -0.1873 0.9446 259.6631 0.0221 0.0929 0.0116 0.0056 -0.0048 -0.0058 0.0633 0.2243 0.2184
1494720000.0000 70050.0000 0.1908 -0.2313 0.0128 0.4302 320.4824 0.0964 0.0448 0.0166 0.0311 -0.0279 -0.0119 0.0789 0.7642 0.7235
1494720000.0000 70350.0000 0.0851 -0.2932 -0.0061 0.3633 343.8186 0.0382 0.0104 0.0064 -0.0062 0.0001 -0.0025 0.0275 0.4435 0.4168
1494720000.0000 70650.0000 0.3751 -0.0382 -0.0356 0.4333 275.8124 0.0251 0.0505 0.0095 -0.0039 -0.0051 0.0010 0.0426 0.4447 0.4210
1494720000.0000 70950.0000 0.3094 -0.0542 -0.0236 0.3597 279.9318 0.0232 0.0324 0.0093 -0.0041 -0.0005 0.0012 0.0324 0.4669 0.4333
1494720000.0000 71250.0000 -0.0335 0.2162 -0.0283 0.3120 171.1924 0.0292 0.0393 0.0182 -0.0062 0.0054 -0.0149 0.0433 0.7702 0.6904
1494720000.0000 71550.0000 -0.0383 0.1106 -0.0251 0.1688 160.8837 0.0090 0.0169 0.0051 0.0013 0.0002 -0.0052 0.0155 0.8492 0.7933
1494720000.0000 71850.0000 -0.0345 -0.0528 0.0162 0.1330 33.2058 0.0082 0.0115 0.0061 -0.0015 0.0007 0.0015 0.0129 1.4235 1.2848
1494720000.0000 72150.0000 0.1236 -0.1177 -0.0046 0.2213 313.5974 0.0137 0.0169 0.0059 0.0022 -0.0041 -0.0038 0.0183 0.6466 0.5919
1494720000.0000 72450.0000 0.2078 0.0454 -0.0285 0.2879 257.6802 0.0433 0.0374 0.0084 -0.0016 0.0012 0.0078 0.0445 0.8029 0.7708
1494720000.0000 72750.0000 0.2724 -0.0547 -0.0235 0.3305 281.3516 0.0444 0.0268 0.0050 0.0035 -0.0038 -0.0005 0.0381 0.5717 0.5546
1494720000.0000 73050.0000 0.0916 -0.1334 0.0256 0.2518 325.5168 0.0110 0.0429 0.0082 -0.0034 -0.0000 -0.0040 0.0310 0.8778 0.8278
1494720000.0000 73350.0000 0.1626 -0.0271 0.0194 0.2525 279.4742 0.0340 0.0241 0.0078 0.0138 0.0002 0.0019 0.0330 0.8928 0.8441
1494720000.0000 73650.0000 0.3609 0.0824 -0.0329 0.3920 257.1437 0.0332 0.0236 0.0072 0.0119 -0.0008 -0.0014 0.0320 0.3928 0.3715
1494720000.0000 73950.0000 0.3378 0.0522 -0.0427 0.3814 261.2152 0.0280 0.0321 0.0079 0.0109 -0.0051 0.0001 0.0340 0.4372 0.4141
1494720000.0000 74250.0000 0.5375 0.0422 -0.0694 0.5720 265.5111 0.0447 0.0353 0.0059 0.0211 -0.0049 -0.0056 0.0430 0.3113 0.3029
1494720000.0000 74550.0000 0.4749 -0.0052 0.0686 0.5013 270.6306 0.0135 0.0267 0.0097 0.0062 -0.0004 0.0063 0.0250 0.2689 0.2438
1494720000.0000 74850.0000 0.2481 0.0154 -0.0191 0.2767 266.4538 0.0242 0.0156 0.0080 0.0110 -0.0022 -0.0007 0.0239 0.5067 0.4637
1494720000.0000 75150.0000 0.4344 -0.0287 0.0524 0.4546 273.7846 0.0264 0.0177 0.0088 0.0087 -0.0009 0.0005 0.0265 0.3031 0.2788
1494720000.0000 75450.0000 -0.0294 0.0615 0.0299 0.1857 154.4752 0.0238 0.0191 0.0213 -0.0097 0.0125 -0.0079 0.0321 1.9651 1.7538
1494720000.0000 75750.0000 -0.1829 0.3814 -0.0836 0.4421 154.3799 0.0171 0.0160 0.0112 -0.0005 0.0070 -0.0053 0.0222 0.2820 0.2483
1494720000.0000 76050.0000 -0.1921 0.3423 -0.0874 0.4227 150.6972 0.0213 0.0241 0.0064 0.0019 0.0040 -0.0040 0.0259 0.3270 0.3135
1494720000.0000 76350.0000 -0.1568 0.4694 -0.1071 0.5321 161.5313 0.0376 0.0201 0.0065 0.0035 0.0050 -0.0019 0.0321 0.2890 0.2802
1494720000.0000 76650.0000 -0.0922 0.4971 -0.0976 0.5455 169.4885 0.0328 0.0410 0.0079 0.0089 0.0053 -0.0034 0.0408 0.3204 0.3101
1494720000.0000 76950.0000 -0.1313 0.7765 -0.1500 0.8101 170.4032 0.0379 0.0364 0.0093 -0.0091 0.0083 -0.0043 0.0418 0.2082 0.1998
1494720000.0000 77250.0000 -0.0653 0.7217 -0.1677 0.7403 174.8307 0.0244 0.0218 0.0078 0.0015 0.0059 -0.0015 0.0270 0.1803 0.1712
1494720000.0000 77550.0000 -0.4335 0.7721 -0.1461 0.9225 150.6847 0.0640 0.0443 0.0157 0.0071 0.0078 0.0001 0.0620 0.2266 0.2146
1494720000.0000 77850.0000 -0.5532 0.6290 -0.1258 0.8722 138.6648 0.0531 0.0347 0.0162 0.0121 0.0030 -0.0037 0.0520 0.2198 0.2042
1494720000.0000 78150.0000 -0.3353 0.6474 -0.1581 0.7622 152.6184 0.0539 0.0429 0.0080 -0.0015 0.0069 -0.0009 0.0524 0.2505 0.2463
1494720000.0000 78450.0000 0.0547 0.3730 -0.0300 0.4399 188.3385 0.0246 0.0590 0.0200 0.0059 0.0055 -0.0206 0.0518 0.4916 0.4430
1494720000.0000 78750.0000 0.2557 -0.3082 0.0281 0.4156 320.3221 0.0071 0.0274 0.0054 -0.0046 0.0003 -0.0005 0.0200 0.2876 0.2680
1494720000.0000 79050.0000 0.1638 -0.1586 0.0852 0.2356 314.0754 0.0050 0.0047 0.0053 -0.0019 0.0013 -0.0004 0.0075 0.2903 0.2490
1494720000.0000 79350.0000 0.0674 -0.0916 0.0371 0.1559 323.6522 0.0158 0.0061 0.0070 -0.0040 0.0064 -0.0006 0.0145 0.8211 0.7520
1494720000.0000 79650.0000 0.0144 -0.0221 -0.0262 0.0888 326.9083 0.0067 0.0028 0.0028 0.0010 -0.0022 -0.0004 0.0061 1.7186 2.1273
1494720000.0000 79950.0000 -0.1050 -0.0617 -0.0147 0.1548 59.5512 0.0097 0.0109 0.0041 0.0051 0.0008 -0.0016 0.0123 0.7395 0.6810
1494720000.0000 80250.0000 -0.0879 -0.0387 -0.0077 0.1207 66.2243 0.0081 0.0028 0.0024 0.0004 -0.0025 -0.0004 0.0067 0.6921 0.6277
1494720000.0000 80550.0000 -0.1520 0.1261 0.0000 0.2408 129.6897 0.0096 0.0168 0.0083 0.0030 0.0006 -0.0058 0.0173 0.5439 0.4747
1494720000.0000 80850.0000 -0.0649 0.2564 -0.0679 0.2752 165.7985 0.0042 0.0161 0.0032 0.0013 -0.0001 -0.0009 0.0118 0.3243 0.3110
1494720000.0000 81150.0000 -0.0924 0.3868 -0.0742 0.4301 166.5627 0.0179 0.0474 0.0076 0.0088 0.0034 -0.0006 0.0364 0.3853 0.3708
1494720000.0000 81450.0000 -0.1154 0.3504 -0.0588 0.3862 161.7760 0.0120 0.0112 0.0042 0.0017 0.0016 0.0003 0.0137 0.2558 0.2384
1494720000.0000 81750.0000 -0.1190 0.3719 -0.0276 0.4271 162.2488 0.0201 0.0487 0.0263 0.0049 0.0072 0.0009 0.0476 0.4551 0.3881
1494720000.0000 82050.0000 0.1038 -0.0700 0.0497 0.3019 303.9865 0.0123 0.0857 0.0048 -0.0258 -0.0006 0.0072 0.0514 1.3741 1.4436
1494720000.0000 82350.0000 -0.2294 0.0575 -0.0785 0.4415 104.0700 0.0526 0.1005 0.0129 -0.0341 0.0141 -0.0276 0.0830 0.9440 0.9553
1494720000.0000 82650.0000 -0.0098 0.3235 -0.1084 0.3555 178.2566 0.0235 0.0299 0.0066 -0.0079 0.0070 -0.0043 0.0300 0.4145 0.4124
1494720000.0000 82950.0000 -0.0558 -0.1174 0.0263 0.1619 25.4172 0.0046 0.0140 0.0055 0.0033 -0.0021 -0.0006 0.0120 0.6747 0.6050
1494720000.0000 83250.0000 -0.0061 0.1788 -0.0064 0.2246 178.0601 0.0054 0.0452 0.0020 0.0074 -0.0000 0.0004 0.0263 0.7398 0.7262
1494720000.0000 83550.0000 -0.3164 0.3546 -0.0587 0.5091 138.2561 0.0263 0.0265 0.0121 0.0069 0.0077 -0.0012 0.0325 0.3072 0.2793
1494720000.0000 83850.0000 -0.0544 0.5920 -0.1191 0.6240 174.7476 0.0337 0.0217 0.0085 -0.0024 0.0094 -0.0012 0.0319 0.2407 0.2286
1494720000.0000 84150.0000 0.0045 0.0747 0.0689 0.3288 183.4821 0.0109 0.1119 0.0107 -0.0068 0.0050 -0.0168 0.0668 2.0736 2.7042
1494720000.0000 84450.0000 0.0298 -0.1128 0.0292 0.1364 345.1828 0.0048 0.0113 0.0051 -0.0002 0.0017 -0.0010 0.0106 0.6977 0.6270
1494720000.0000 84750.0000 0.0407 -0.0657 -0.0011 0.1806 328.2039 0.0256 0.0145 0.0031 -0.0156 0.0046 -0.0031 0.0216 1.5542 1.4972
1494720000.0000 85050.0000 -0.0340 0.3619 -0.1156 0.4278 174.6273 0.0451 0.0178 0.0088 -0.0150 0.0091 -0.0077 0.0359 0.4054 0.3984
1494720000.0000 85350.0000 0.2220 -0.2666 0.0753 0.4534 320.2067 0.0623 0.0404 0.0066 0.0335 -0.0017 -0.0012 0.0547 0.5378 0.5335
1494720000.0000 85650.0000 0.0044 0.0221 -0.0249 0.1906 191.2183 0.0063 0.0368 0.0024 -0.0009 0.0006 -0.0043 0.0227 3.6714 5.3240
1494720000.0000 85950.0000 -0.1826 0.4001 -0.0099 0.4791 155.4662 0.0221 0.0639 0.0089 -0.0002 0.0047 0.0059 0.0475 0.4043 0.3851
1494720000.0000 86250.0000 -0.0059 0.3732 -0.0966 0.4283 179.0953 0.0304 0.0537 0.0079 0.0208 0.0017 -0.0090 0.0460 0.4543 0.4486
1494806400.0000 86550.0000 -0.0614 0.3524 0.0546 0.3871 170.1138 0.0203 0.0401 0.0143 0.0006 0.0046 -0.0098 0.0373 0.4360 0.3966
1494806400.0000 86850.0000 0.0167 -0.0239 0.0482 0.1556 325.1110 0.0096 0.0186 0.0043 -0.0064 0.0025 0.0003 0.0162 1.8457 3.3195
1494806400.0000 87150.0000 0.0407 -0.1523 0.0325 0.1634 345.0388 0.0016 0.0051 0.0022 -0.0004 -0.0001 0.0000 0.0044 0.3381 0.2996
1494806400.0000 87450.0000 0.1029 -0.0711 0.0083 0.1363 304.6537 0.0051 0.0032 0.0025 -0.0020 -0.0010 -0.0008 0.0054 0.4787 0.4196
1494806400.0000 87750.0000 -0.0415 0.0726 -0.0136 0.1100 150.2514 0.0024 0.0078 0.0011 0.0016 0.0003 0.0004 0.0057 0.7256 0.6981
1494806400.0000 88050.0000 -0.0562 0.5153 -0.1204 0.5506 173.7721 0.0305 0.0226 0.0098 0.0110 0.0054 -0.0038 0.0314 0.2720 0.2566
1494806400.0000 88350.0000 0.0122 0.2606 -0.0650 0.3293 182.6743 0.0166 0.0517 0.0153 0.0121 -0.0024 -0.0220 0.0418 0.6210 0.5784
1494806400.0000 88650.0000 0.0725 -0.2029 0.0337 0.2396 340.3470 0.0092 0.0120 0.0052 0.0059 -0.0027 -0.0029 0.0132 0.4304 0.3902
1494806400.0000 88950.0000 0.0145 0.0672 -0.0208 0.1082 192.1458 0.0077 0.0086 0.0022 -0.0030 0.0023 -0.0008 0.0093 1.0952 1.0729
1494806400.0000 89250.0000 0.1250 -0.2472 0.0544 0.2874 333.1790 0.0076 0.0148 0.0040 -0.0057 -0.0000 -0.0018 0.0132 0.3326 0.3124
1494806400.0000 89550.0000 0.1309 -0.2758 0.0158 0.3163 334.6064 0.0050 0.0180 0.0016 -0.0035 0.0002 0.0013 0.0123 0.2964 0.2869
1494806400.0000 89850.0000 0.0980 0.2412 -0.0359 0.2795 202.1174 0.0081 0.0228 0.0027 0.0081 0.0018 -0.0001 0.0168 0.4022 0.3896
1494806400.0000 90150.0000 0.0356 0.0470 0.0588 0.1449 217.1218 0.0047 0.0203 0.0052 0.0027 0.0008 0.0028 0.0151 1.2053 1.5497
1494806400.0000 90450.0000 -0.0321 -0.0526 0.0126 0.1293 31.3559 0.0139 0.0048 0.0013 -0.0048 0.0014 -0.0011 0.0100 1.2994 1.2815
1494806400.0000 90750.0000 -0.1100 0.3751 -0.0737 0.4313 163.6609 0.0270 0.0386 0.0161 -0.0038 0.0075 -0.0041 0.0409 0.4151 0.3785
1494806400.0000 91050.0000 0.0163 0.2994 0.0156 0.3314 183.1197 0.0189 0.0163 0.0145 -0.0006 0.0100 -0.0038 0.0248 0.4287 0.3613
1494806400.0000 91350.0000 -0.1720 0.2740 -0.0225 0.3716 147.8709 0.0308 0.0251 0.0127 -0.0001 0.0059 -0.0029 0.0344 0.4667 0.4222
1494806400.0000 91650.0000 -0.2748 0.2346 -0.0544 0.3933 130.4841 0.0188 0.0295 0.0091 -0.0032 0.0034 -0.0070 0.0287 0.3788 0.3515
1494806400.0000 91950.0000 -0.2371 0.2056 -0.0573 0.3569 130.9300 0.0276 0.0269 0.0126 0.0036 0.0095 -0.0034 0.0336 0.4690 0.4296
1494806400.0000 92250.0000 -0.2172 0.6353 -0.0928 0.7121 161.1273 0.0787 0.0622 0.0095 -0.0416 0.0154 -0.0104 0.0752 0.3304 0.3229
1494806400.0000 92550.0000 -0.4042 1.1581 -0.2439 1.2395 160.7587 0.0251 0.0324 0.0107 0.0119 0.0031 -0.0069 0.0341 0.1205 0.1128
1494806400.0000 92850.0000 -0.4302 1.1689 -0.2093 1.2902 159.7932 0.0748 0.1181 0.0306 0.0338 0.0111 -0.0132 0.1117 0.2161 0.2036
1494806400.0000 93150.0000 -0.8112 1.0382 -0.0446 1.4358 141.9984 0.3571 0.1484 0.0724 0.0794 -0.0191 -0.0078 0.2889 0.3329 0.3115
1494806400.0000 93450.0000 -1.2584 0.2673 -0.0914 1.3935 101.9934 0.3761 0.1823 0.1325 0.0997 -0.0678 0.0365 0.3455 0.3721 0.3354
1494806400.0000 93750.0000 -0.5247 0.2799 -0.0975 0.7213 118.0810 0.2239 0.1115 0.0811 -0.0333 0.0406 -0.0102 0.2082 0.6183 0.5623
1494806400.0000 94050.0000 -0.7156 0.6700 -0.1782 1.0738 133.1170 0.1725 0.1870 0.1109 -0.0226 0.0321 -0.0327 0.2352 0.3975 0.3531
1494806400.0000 94350.0000 -0.6028 0.8021 -0.1448 1.0637 143.0719 0.1039 0.2262 0.0571 -0.0552 0.0302 -0.0226 0.1936 0.3544 0.3306
1494806400.0000 94650.0000 -0.4800 0.8147 -0.2291 1.0273 149.4958 0.1791 0.0580 0.0432 0.0111 0.0034 -0.0073 0.1402 0.3142 0.2973
1494806400.0000 94950.0000 -0.4483 0.3706 0.0477 0.6865 129.5828 0.0779 0.1230 0.0283 0.0409 -0.0039 -0.0123 0.1146 0.4737 0.4450
1494806400.0000 95250.0000 -1.2117 0.7966 -0.0456 1.5538 123.3215 0.3247 0.1860 0.0865 0.0717 -0.0078 -0.0251 0.2986 0.3076 0.2846
1494806400.0000 95550.0000 -0.6452 0.4642 -0.0301 0.8817 125.7338 0.1900 0.1016 0.0319 0.0035 0.0153 -0.0065 0.1618 0.4129 0.3923
1494806400.0000 95850.0000 -0.5808 0.8046 -0.1852 1.0862 144.1757 0.1703 0.1716 0.0443 -0.0509 0.0296 -0.0574 0.1931 0.3554 0.3402
1494806400.0000 96150.0000 -0.5480 0.5586 -0.0648 0.8309 135.5493 0.1256 0.0729 0.0216 -0.0141 0.0139 -0.0089 0.1101 0.3450 0.3287
1494806400.0000 96450.0000 -0.6213 0.6569 -0.1248 1.0059 136.5938 0.2161 0.2206 0.0418 -0.0644 0.0376 -0.0256 0.2393 0.4376 0.4220
1494806400.0000 96750.0000 -0.7141 1.0910 -0.1661 1.3401 146.7937 0.0910 0.0892 0.0254 0.0032 0.0025 -0.0197 0.1028 0.1992 0.1879
1494806400.0000 97050.0000 -0.2176 0.5980 -0.1323 0.6772 160.0062 0.0644 0.0878 0.0117 -0.0446 0.0034 -0.0032 0.0819 0.3596 0.3540
1494806400.0000 97350.0000 -0.1936 0.1774 -0.0860 0.3766 132.5105 0.0318 0.1011 0.0365 0.0084 0.0127 -0.0226 0.0848 0.8603 0.8017
1494806400.0000 97650.0000 -0.3933 0.5734 -0.1241 0.7364 145.5493 0.0674 0.0408 0.0195 0.0005 -0.0055 -0.0026 0.0638 0.2921 0.2732
1494806400.0000 97950.0000 -0.4632 0.9359 -0.2064 1.0791 153.6694 0.0517 0.0611 0.0195 0.0240 -0.0029 -0.0221 0.0661 0.1972 0.1857
1494806400.0000 98250.0000 -0.0760 1.1488 -0.2780 1.1693 176.2146 0.0396 0.0324 0.0076 -0.0136 0.0030 -0.0034 0.0398 0.1375 0.1346
1494806400.0000 98550.0000 0.0210 0.1821 -0.0502 0.3278 186.5665 0.0352 0.1396 0.0292 0.0400 -0.0105 -0.0391 0.1020 1.3725 1.3172
1494806400.0000 98850.0000 -0.1996 0.3991 -0.0146 0.5237 153.4267 0.0954 0.1441 0.0167 -0.0818 0.0152 -0.0337 0.1281 0.6546 0.6332
1494806400.0000 99150.0000 -1.0013 0.6535 -0.0487 1.2076 123.1305 0.0357 0.0328 0.0165 -0.0061 0.0063 -0.0097 0.0425 0.1407 0.1264
1494806400.0000 99450.0000 -0.4992 0.9170 -0.1578 1.0948 151.4366 0.0854 0.0801 0.0269 0.0230 -0.0055 -0.0185 0.0962 0.2398 0.2249
1494806400.0000 99750.0000 -0.6892 0.3973 -0.0278 0.8590 119.9602 0.0702 0.1301 0.0320 -0.0084 0.0067 0.0145 0.1161 0.3496 0.3248
1494806400.0000 100050.0000 -0.6909 0.5293 -0.0013 0.9265 127.4570 0.0608 0.1109 0.0348 0.0071 0.0139 -0.0238 0.1032 0.3014 0.2748
1494806400.0000 100350.0000 -0.7038 0.5838 -0.0611 0.9931 129.6760 0.1510 0.1117 0.0492 0.0156 0.0111 -0.0032 0.1559 0.3518 0.3236
1494806400.0000 100650.0000 -0.9483 0.9098 -0.1972 1.3890 133.8108 0.1773 0.1445 0.0554 0.0476 0.0035 -0.0059 0.1886 0.2668 0.2492
1494806400.0000 100950.0000 -0.6559 0.9942 -0.0382 1.3245 146.5880 0.2057 0.2022 0.1081 0.1356 -0.0733 -0.0867 0.2580 0.3480 0.3096
1494806400.0000 101250.0000 -0.4012 0.9522 -0.1565 1.0797 157.1513 0.0682 0.0773 0.0408 0.0156 0.0169 0.0139 0.0932 0.2385 0.2131
1494806400.0000 101550.0000 -0.7245 1.2551 -0.1952 1.4932 150.0037 0.1303 0.0752 0.0496 0.0178 0.0080 -0.0225 0.1275 0.1994 0.1806
1494806400.0000 101850.0000 -0.5007 1.1768 -0.2250 1.3697 156.9530 0.1309 0.5006 0.0901 -0.0431 0.0106 -0.0215 0.3608 0.3777 0.3588
1494806400.0000 102150.0000 -0.2291 1.6262 -0.2821 1.6806 171.9799 0.1153 0.0844 0.0299 0.0475 0.0037 -0.0086 0.1148 0.1660 0.1571
1494806400.0000 102450.0000 -0.3856 1.5556 -0.3092 1.6427 166.0769 0.1097 0.2662 0.0551 0.0001 0.0023 -0.0214 0.2155 0.2322 0.2209
1494806400.0000 102750.0000 -0.5038 1.1983 -0.3319 1.3333 157.1965 0.1174 0.2170 0.0678 -0.0747 0.0443 -0.0507 0.2011 0.2729 0.2568
1494806400.0000 103050.0000 0.0460 0.5754 -0.2978 0.6757 184.5754 0.0934 0.2309 0.0576 -0.0605 0.0338 -0.0659 0.1909 0.5493 0.5696
1494806400.0000 103350.0000 -0.0843 -0.0073 -0.0560 0.3320 85.0779 0.0271 0.1410 0.0355 0.0253 0.0093 -0.0073 0.1018 2.5677 2.7983
1494806400.0000 103650.0000 -0.3031 0.7267 -0.1479 0.8407 157.3561 0.0818 0.0394 0.0084 0.0107 -0.0117 -0.0089 0.0648 0.2594 0.2553
1494806400.0000 103950.0000 -0.0384 0.7018 -0.1303 0.8328 176.8670 0.1767 0.0655 0.0229 -0.0392 0.0405 -0.0044 0.1325 0.4158 0.4042
1494806400.0000 104250.0000 0.1008 0.4239 -0.0909 0.5038 193.3802 0.0494 0.0682 0.0257 -0.0162 0.0024 -0.0197 0.0716 0.4909 0.4542
1494806400.0000 104550.0000 -1.0384 0.3177 -0.0086 1.1746 107.0100 0.2048 0.1725 0.0765 0.0416 0.0009 -0.0280 0.2269 0.3582 0.3266
1494806400.0000 104850.0000 -1.5863 0.6102 0.0807 1.8126 111.0404 0.4530 0.1960 0.0915 0.1189 0.0014 0.0045 0.3702 0.2920 0.2737
1494806400.0000 105150.0000 -1.0939 0.3065 0.0223 1.3078 105.6517 0.5969 0.2583 0.1098 0.0959 0.0084 -0.0007 0.4825 0.4992 0.4700
1494806400.0000 105450.0000 -0.9470 0.2647 0.0703 1.1227 105.6150 0.3374 0.1920 0.0568 0.0810 -0.0238 -0.0218 0.2931 0.4484 0.4272
1494806400.0000 105750.0000 -0.7242 0.6650 -0.0793 1.0524 132.5618 0.1455 0.0866 0.0518 0.0239 0.0058 -0.0087 0.1420 0.3119 0.2829
1494806400.0000 106050.0000 -0.4785 1.1327 -0.2460 1.3514 157.1009 0.2366 0.1536 0.0506 0.0756 0.0445 0.0297 0.2204 0.3057 0.2933
1494806400.0000 106350.0000 -0.4935 1.2251 -0.2544 1.3782 158.0597 0.1254 0.1425 0.0333 0.0261 0.0120 -0.0085 0.1507 0.2356 0.2263
1494806400.0000 106650.0000 -0.9187 0.8631 -0.0508 1.4183 133.2142 0.2723 0.2885 0.1049 0.1407 -0.0135 -0.0703 0.3328 0.3734 0.3430
1494806400.0000 106950.0000 -0.8863 1.1257 -0.2364 1.5066 141.7849 0.1829 0.2299 0.0760 -0.0143 0.0278 -0.0384 0.2444 0.2780 0.2589
1494806400.0000 107250.0000 -0.1396 1.0432 -0.1675 1.1542 172.3770 0.2267 0.0848 0.0444 -0.0175 -0.0060 0.0089 0.1780 0.3232 0.3062
1494806400.0000 107550.0000 0.1170 0.9221 -0.2417 0.9539 187.2300 0.0507 0.0580 0.0203 0.0138 -0.0037 -0.0227 0.0645 0.2159 0.2048
1494806400.0000 107850.0000 -0.2144 1.2934 -0.2387 1.4197 170.5866 0.1859 0.2270 0.0739 0.1031 -0.0161 -0.0254 0.2434 0.3023 0.2830
1494806400.0000 108150.0000 -0.5012 0.5266 -0.0634 0.8998 136.4144 0.0638 0.3995 0.1007 0.0147 -0.0144 -0.1222 0.2820 0.5942 0.5406
1494806400.0000 108450.0000 -0.3518 0.8627 -0.1625 1.0016 157.8185 0.0940 0.0953 0.0245 0.0234 0.0239 0.0022 0.1069 0.2823 0.2696
1494806400.0000 108750.0000 -0.4658 0.8912 -0.1690 1.0942 152.4026 0.1575 0.1019 0.0353 0.0432 0.0070 -0.0140 0.1473 0.3073 0.2924
1494806400.0000 109050.0000 -0.5319 0.6909 -0.1449 0.9553 142.4089 0.1197 0.0977 0.0310 0.0327 -0.0024 -0.0148 0.1242 0.3256 0.3088
1494806400.0000 109350.0000 -0.4699 0.4502 -0.1612 0.8451 133.7688 0.2355 0.1843 0.0590 0.1095 0.0185 0.0170 0.2394 0.5959 0.5749
1494806400.0000 109650.0000 -0.9667 0.2476 0.1009 1.1794 104.3652 0.4946 0.3686 0.1183 0.0022 -0.0197 -0.0581 0.4907 0.5703 0.5375
1494806400.0000 109950.0000 -0.8462 0.5915 0.0725 1.2140 124.9536 0.3076 0.3312 0.1356 0.0877 0.0710 -0.0160 0.3872 0.4909 0.4469
1494806400.0000 110250.0000 -1.0446 0.6075 0.0245 1.3459 120.1834 0.3721 0.2263 0.1120 0.0778 0.0478 0.0488 0.3552 0.4026 0.3696
1494806400.0000 110550.0000 -1.6869 0.0621 0.2840 1.8028 92.1070 0.3435 0.4117 0.1872 0.0951 0.0916 -0.0437 0.4712 0.3274 0.2972
1494806400.0000 110850.0000 -0.9576 0.4951 0.0048 1.2700 117.3413 0.4724 0.2872 0.1000 0.0555 0.0034 -0.0093 0.4298 0.4965 0.4668
1494806400.0000 111150.0000 -0.7742 1.4573 -0.2802 1.7150 152.0213 0.1880 0.1940 0.1019 0.0370 0.0496 -0.0021 0.2420 0.2400 0.2163
1494806400.0000 111450.0000 -1.1755 0.3782 -0.0039 1.5021 107.8335 0.2688 0.7037 0.1179 0.2488 0.0146 -0.1006 0.5452 0.4882 0.4611
1494806400.0000 111750.0000 -1.5019 -0.1324 0.2029 1.5995 84.9608 0.2884 0.2458 0.1188 -0.0726 0.0709 -0.0231 0.3265 0.3067 0.2799
1494806400.0000 112050.0000 -1.2949 -0.1790 0.1709 1.4127 82.1305 0.4112 0.3133 0.1508 0.1284 -0.0159 -0.0596 0.4376 0.4097 0.3759
1494806400.0000 112350.0000 -1.5875 -0.9000 0.4530 1.8699 60.4497 0.1839 0.1789 0.1565 0.0480 0.0028 -0.0275 0.2596 0.2213 0.1905
1494806400.0000 112650.0000 -2.0094 -0.7849 0.3932 2.2540 68.6637 0.4850 0.3217 0.2084 -0.0531 -0.0459 0.0080 0.5076 0.2653 0.2404
1494806400.0000 112950.0000 -1.7423 -1.2843 0.5758 2.3009 53.6044 0.5707 0.5403 0.2682 -0.0027 0.0009 -0.0970 0.6897 0.3027 0.2812
1494806400.0000 113250.0000 -1.6645 -1.3511 0.5346 2.2893 50.9343 0.4231 0.4948 0.2297 -0.1776 0.0634 -0.1066 0.5738 0.2799 0.2580
1494806400.0000 113550.0000 -1.5841 -1.1564 0.6175 2.1153 53.8714 0.4210 0.5627 0.2876 -0.1690 0.0845 -0.0611 0.6357 0.3166 0.2920
1494806400.0000 113850.0000 -1.7868 -1.2705 0.4758 2.3037 54.5850 0.4929 0.3974 0.1719 -0.0971 0.0182 -0.0721 0.5311 0.2652 0.2485
1494806400.0000 114150.0000 -1.9513 -1.2600 0.4167 2.4304 57.1486 0.5262 0.3710 0.2253 -0.0870 -0.0088 0.0069 0.5613 0.2592 0.2354
1494806400.0000 114450.0000 -1.4831 -1.0192 0.4462 1.9354 55.5042 0.6144 0.3698 0.2000 -0.0502 0.0100 0.0228 0.5921 0.3389 0.3183
1494806400.0000 114750.0000 -1.2245 -0.9633 0.2699 1.6809 51.8077 0.4387 0.5486 0.1721 0.1145 -0.0213 -0.0291 0.5797 0.3932 0.3682
1494806400.0000 115050.0000 -1.9942 -0.2603 0.3425 2.1296 82.5634 0.4498 0.4249 0.2159 -0.0388 -0.0645 -0.0067 0.5452 0.2955 0.2685
1494806400.0000 115350.0000 -1.7140 -0.2918 0.1327 1.9372 80.3366 0.7621 0.6697 0.2875 -0.1784 -0.0066 0.0302 0.8596 0.4342 0.3973
1494806400.0000 115650.0000 -1.7109 0.0491 0.2852 1.7763 91.6424 0.3790 0.2215 0.1629 0.0063 0.0703 -0.0391 0.3817 0.2907 0.2614
1494806400.0000 115950.0000 -2.0115 -0.6471 0.3005 2.1746 72.1672 0.4029 0.2637 0.1953 0.0420 0.0142 0.0099 0.4309 0.2511 0.2231
1494806400.0000 116250.0000 -2.3037 -1.3363 0.6019 2.8156 59.8838 0.7609 0.6249 0.2706 -0.0817 0.0454 -0.0103 0.8282 0.2721 0.2552
1494806400.0000 116550.0000 -1.9845 -2.0169 0.6321 2.9752 44.5361 0.9083 0.9974 0.3537 0.1161 -0.0798 -0.1166 1.1297 0.2993 0.2817
1494806400.0000 116850.0000 -1.6278 -1.4086 0.5084 2.3012 49.1287 0.9241 0.5955 0.3370 0.1440 0.1261 0.0052 0.9283 0.3557 0.3306
1494806400.0000 117150.0000 -2.5741 -1.7929 0.7302 3.3083 55.1430 1.1954 1.0250 0.3792 0.0659 -0.0472 0.0898 1.2998 0.2890 0.2743
1494806400.0000 117450.0000 -3.1341 -1.8121 0.8204 3.6748 59.9649 0.4419 0.3979 0.2218 0.0133 0.0118 0.0201 0.5308 0.1603 0.1461
1494806400.0000 117750.0000 -3.0330 -1.7378 0.8357 3.5710 60.1894 0.8222 0.5050 0.2174 0.1166 -0.0661 -0.0097 0.7723 0.1996 0.1903
1494806400.0000 118050.0000 -2.2458 -1.2499 0.5846 2.7080 60.9018 0.4994 0.6746 0.3870 -0.1273 0.0384 0.0279 0.7805 0.2737 0.2434
1494806400.0000 118350.0000 -2.2012 -1.5801 0.6647 2.8593 54.3275 0.8673 1.3555 0.3458 0.3889 0.0025 0.0483 1.2843 0.3317 0.3177
1494806400.0000 118650.0000 -1.6165 -1.9271 0.6481 2.7714 39.9907 0.3277 1.9059 0.2913 -0.2021 0.0848 -0.2764 1.2624 0.3532 0.3430
1494806400.0000 118950.0000 -1.7750 -1.8566 0.4561 2.7162 43.7131 1.0607 1.3321 0.4174 0.3868 -0.1137 -0.1732 1.4051 0.3710 0.3477
1494806400.0000 119250.0000 -2.2792 -1.0860 0.5271 2.7192 64.5227 0.6649 1.0677 0.2326 0.1796 0.0173 -0.0682 0.9826 0.3138 0.3010
1494806400.0000 119550.0000 -2.5676 -2.1333 0.7343 3.5494 50.2773 0.8107 1.8569 0.3643 0.2644 -0.0584 -0.2405 1.5159 0.2941 0.2825
1494806400.0000 119850.0000 -2.1536 -0.8284 0.4126 2.5079 68.9605 1.1031 0.8530 0.3004 0.0280 0.0285 -0.1183 1.1282 0.3700 0.3500
1494806400.0000 120150.0000 -1.1417 -1.6596 0.4907 2.2813 34.5252 0.6109 1.3220 0.2762 -0.3011 0.0019 -0.1121 1.1046 0.4139 0.3985
1494806400.0000 120450.0000 -1.9264 -1.8293 0.4902 2.7480 46.4810 0.7681 0.4767 0.3229 0.1734 -0.0166 0.0031 0.7838 0.2676 0.2425
1494806400.0000 120750.0000 -2.2319 -1.0309 0.5316 2.5555 65.2078 1.3825 0.5326 0.2525 0.3244 -0.1262 -0.1003 1.0838 0.3379 0.3250
1494806400.0000 121050.0000 -1.2310 -1.0384 0.4189 1.8297 49.8530 1.1896 0.4090 0.3019 0.1147 -0.0860 -0.0407 0.9503 0.4783 0.4533
1494806400.0000 121350.0000 -1.0563 -0.6966 0.3870 1.5016 56.5975 0.8091 0.5030 0.2118 -0.0318 0.0689 -0.0447 0.7620 0.5387 0.5227
1494806400.0000 121650.0000 -1.0018 -1.9739 0.3630 2.4163 26.9075 0.9440 0.5239 0.2558 -0.1084 0.0355 0.0477 0.8618 0.3379 0.3160
1494806400.0000 121950.0000 -2.4202 -1.6094 0.5173 2.9843 56.3775 0.6016 0.3617 0.2660 0.0007 -0.0351 0.0232 0.6146 0.2168 0.1950
1494806400.0000 122250.0000 -1.7619 -1.4916 0.2775 2.4076 49.7493 0.5141 0.6265 0.3429 0.1502 0.0997 -0.0003 0.7418 0.3024 0.2671
1494806400.0000 122550.0000 -0.7661 -3.0418 0.6535 3.1872 14.1367 0.2765 0.4344 0.2121 -0.0250 -0.0654 -0.0165 0.4615 0.1731 0.1552
1494806400.0000 122850.0000 -0.8065 -1.0922 0.3336 1.7130 36.4427 0.6223 1.3137 0.4150 -0.3553 0.0484 -0.1531 1.1755 0.6332 0.5917
1494806400.0000 123150.0000 -0.5257 -2.4364 0.4273 2.6110 12.1761 0.7605 1.1926 0.3491 0.2125 -0.2603 -0.2414 1.1511 0.3464 0.3237
1494806400.0000 123450.0000 -0.2317 -2.2429 0.4033 2.3912 5.8992 0.7466 0.6908 0.2778 0.1976 -0.1795 -0.0877 0.8576 0.3301 0.3070
1494806400.0000 123750.0000 -1.0702 -1.5920 0.5766 2.3445 33.9095 1.2270 1.4241 0.2746 -0.5479 0.1213 -0.2785 1.4629 0.4930 0.4901
1494806400.0000 124050.0000 -1.6624 -1.5916 0.4805 2.5276 46.2478 0.4805 1.1969 0.3016 -0.1007 0.0410 -0.1059 0.9895 0.3455 0.3249
1494806400.0000 124350.0000 -0.7037 -1.2262 0.4038 2.0706 29.8489 2.4391 1.1435 0.3947 -0.5753 -0.1592 -0.0527 1.9887 0.7831 0.7730
1494806400.0000 124650.0000 -1.0579 -1.2246 0.3865 2.1880 40.8237 1.6467 1.3654 0.3045 -0.7904 -0.0601 -0.0347 1.6583 0.6320 0.6192
1494806400.0000 124950.0000 -1.0292 0.5966 -0.1840 1.6173 120.0997 0.6623 1.1314 0.1902 -0.5534 0.0292 -0.1081 0.9919 0.6756 0.6500
1494806400.0000 125250.0000 -1.5206 0.3850 -0.0358 2.0406 104.2088 0.7976 1.4537 0.2802 -0.6654 0.0444 0.0146 1.2657 0.5855 0.5523
1494806400.0000 125550.0000 -1.2938 -1.1869 0.2157 2.0403 47.4688 0.6130 0.9625 0.3783 -0.1567 -0.0578 -0.1043 0.9769 0.4562 0.4127
1494806400.0000 125850.0000 -0.6272 -1.6545 0.2880 2.0714 20.7600 1.2514 0.6696 0.2297 -0.2429 -0.0784 -0.0131 1.0753 0.4723 0.4523
1494806400.0000 126150.0000 -1.4505 0.1155 0.1491 1.9437 94.5546 0.9688 1.3656 0.4081 0.0507 0.0237 -0.4229 1.3712 0.6537 0.6062
1494806400.0000 126450.0000 -2.2721 0.1451 0.1906 2.4272 93.6549 1.3920 0.4532 0.2571 -0.3594 0.0923 -0.0952 1.0512 0.3664 0.3445
1494806400.0000 126750.0000 -2.0832 0.0195 0.0527 2.3512 90.5357 0.7236 0.9106 0.3372 -0.0479 0.0874 -0.1572 0.9857 0.3890 0.3543
1494806400.0000 127050.0000 -1.7379 0.1219 0.1004 1.9024 94.0128 1.3627 0.4233 0.2083 -0.4289 0.1036 0.0174 0.9971 0.4672 0.4429
1494806400.0000 127350.0000 -1.1974 -0.5716 0.2957 1.5945 64.4813 0.8838 0.5366 0.2012 -0.0276 0.0482 -0.0570 0.8108 0.5408 0.5186
1494806400.0000 127650.0000 -1.8863 0.4350 -0.0918 2.1427 102.9850 0.7306 0.9403 0.4180 -0.3002 0.0413 -0.3022 1.0444 0.4306 0.3855
1494806400.0000 127950.0000 -1.6885 0.8284 -0.0198 2.1683 116.1315 0.9847 0.7563 0.3478 0.2701 0.0593 -0.1669 1.0444 0.4436 0.4050
1494806400.0000 128250.0000 0.1986 -0.5823 -0.1615 1.4506 341.1636 0.4323 1.6978 0.2700 0.0892 -0.0189 -0.3345 1.2001 1.4062 1.3697
1494806400.0000 128550.0000 -1.3946 1.3460 -0.1114 2.3696 133.9836 0.5160 2.2331 0.6157 -0.2201 0.1530 -0.6622 1.6824 0.5455 0.4939
1494806400.0000 128850.0000 -1.9357 1.0823 -0.1178 2.4156 119.2104 1.1330 0.6233 0.3437 0.2752 -0.0814 -0.2336 1.0500 0.3767 0.3450
1494806400.0000 129150.0000 -1.2051 -0.6314 0.2153 1.6883 62.3498 1.7341 0.3338 0.1554 -0.1064 -0.0323 -0.0510 1.1116 0.6250 0.6102
1494806400.0000 129450.0000 -1.3852 -0.3089 0.2915 1.9413 77.4287 1.7004 0.8251 0.1999 -0.6323 0.0732 -0.1438 1.3627 0.6579 0.6465
1494806400.0000 129750.0000 -1.6088 -0.3089 0.2251 1.8840 79.1325 0.7636 0.7219 0.2425 0.3450 -0.0201 -0.1903 0.8640 0.4590 0.4295
1494806400.0000 130050.0000 -1.5964 1.0417 -0.1118 2.0460 123.1276 0.7672 0.6087 0.3000 -0.1564 0.0532 -0.1760 0.8380 0.3914 0.3553
1494806400.0000 130350.0000 -1.3102 0.6651 -0.1999 1.8154 116.9155 0.9689 0.9721 0.2685 0.2171 -0.0347 -0.2554 1.1048 0.5787 0.5474
1494806400.0000 130650.0000 -1.8292 -0.8818 0.4508 2.1498 64.2620 0.6471 0.4903 0.1337 0.0956 0.0012 -0.0855 0.6356 0.3129 0.3032
1494806400.0000 130950.0000 -1.2284 0.1399 0.0488 1.4019 96.4961 0.4258 0.4168 0.1934 -0.0816 0.0376 -0.1503 0.5180 0.4749 0.4287
1494806400.0000 131250.0000 -1.4832 -0.1241 0.1494 1.5716 85.2173 0.4934 0.2792 0.1673 0.0721 -0.0206 -0.1170 0.4699 0.3742 0.3410
1494806400.0000 131550.0000 -0.6057 0.8781 -0.2822 1.3470 145.4046 0.2662 0.7711 0.1556 0.3178 -0.0921 -0.2128 0.5965 0.5715 0.5512
1494806400.0000 131850.0000 0.3718 -0.1425 -0.1029 0.9570 290.9695 0.6503 0.2603 0.1721 -0.0818 -0.1192 0.0887 0.5414 1.4608 1.3837
1494806400.0000 132150.0000 -0.9101 -0.0459 0.1423 1.2297 87.1147 1.0098 0.3603 0.2360 -0.1380 -0.1259 -0.1079 0.8031 0.7933 0.7416
1494806400.0000 132450.0000 -1.4478 0.4432 -0.0279 1.6015 107.0218 0.7163 0.2807 0.1302 -0.1994 0.0841 -0.0689 0.5635 0.4047 0.3807
1494806400.0000 132750.0000 -1.7927 0.6455 -0.0900 2.0250 109.8013 0.6844 0.5109 0.2370 -0.1560 -0.0477 -0.1626 0.7161 0.3622 0.3313
1494806400.0000 133050.0000 -0.6184 -0.6904 0.2221 1.0387 41.8493 0.1760 0.2978 0.0799 0.0407 -0.0122 -0.0592 0.2768 0.4507 0.4287
1494806400.0000 133350.0000 -0.0045 -0.2245 0.2495 0.6449 1.1517 0.2288 0.3052 0.1611 0.0731 -0.0729 -0.1370 0.3475 1.4339 1.8790
1494806400.0000 133650.0000 -0.3791 -0.1992 0.2209 0.7026 62.2789 0.2022 0.2948 0.0668 0.1861 -0.0343 -0.0280 0.2819 0.8997 0.9504
1494806400.0000 133950.0000 -0.7842 -0.7756 0.2400 1.2019 45.3161 0.3821 0.1313 0.0821 0.0642 -0.0267 0.0019 0.2978 0.3947 0.3750
1494806400.0000 134250.0000 -0.2438 -0.2112 0.0531 1.0935 49.0969 1.3945 0.1749 0.1190 -0.1629 0.0532 -0.0162 0.8442 2.2951 2.2425
1494806400.0000 134550.0000 -1.3190 0.0341 0.0951 1.6170 91.4815 0.7998 0.6317 0.3928 0.1077 -0.0895 -0.2935 0.9121 0.5895 0.5235
1494806400.0000 134850.0000 -0.9017 -0.1131 0.0266 1.0003 82.8508 0.2797 0.1359 0.1923 0.0263 -0.0750 -0.0384 0.3040 0.4951 0.4096
1494806400.0000 135150.0000 0.2573 -0.8816 0.0268 1.3722 343.7328 0.6800 0.6984 0.3214 0.3518 -0.2903 -0.2998 0.8499 0.8193 0.7381
1494806400.0000 135450.0000 -0.0914 -1.1102 0.3967 1.2947 4.7039 0.4718 0.2349 0.1979 0.0290 -0.1646 0.0484 0.4523 0.4644 0.4357
1494806400.0000 135750.0000 0.4902 -1.1326 0.2353 1.3445 336.5981 0.2371 0.3583 0.1539 -0.0196 -0.0699 -0.0677 0.3747 0.3978 0.3610
1494806400.0000 136050.0000 -0.9121 -0.5898 0.3122 1.7203 57.1128 1.2087 1.0852 0.3182 -0.8780 0.0316 -0.0968 1.3060 0.8256 0.8050
1494806400.0000 136350.0000 -1.3047 0.1651 0.1183 1.5608 97.2121 0.5864 0.6221 0.2463 -0.1307 0.1143 0.0035 0.7274 0.5274 0.4826
1494806400.0000 136650.0000 -1.7259 0.9130 -0.1522 2.2148 117.8780 0.9518 0.9231 0.2224 -0.1647 -0.0152 -0.2167 1.0487 0.4269 0.4049
1494806400.0000 136950.0000 0.3363 0.0756 -0.3638 0.9395 257.3216 0.2168 0.7015 0.1964 -0.0373 0.0249 -0.1043 0.5574 1.2164 1.6052
1494806400.0000 137250.0000 -0.2293 0.4877 -0.1310 0.8833 154.8181 0.4750 0.1882 0.1685 -0.0846 -0.1012 0.0167 0.4159 0.9494 0.8724
1494806400.0000 137550.0000 0.0568 -0.1523 0.0911 0.4561 339.5390 0.1207 0.1437 0.1184 -0.0154 -0.0196 -0.0247 0.1914 1.9164 1.8258
1494806400.0000 137850.0000 0.7312 -0.3957 -0.2825 0.9649 298.4179 0.3757 0.1871 0.1119 -0.0630 -0.0339 0.0168 0.3374 0.5401 0.5210
1494806400.0000 138150.0000 0.5361 -0.8627 0.0210 1.1126 328.1428 0.1994 0.3042 0.1355 -0.0755 -0.0733 0.0611 0.3195 0.4543 0.4034
1494806400.0000 138450.0000 -0.2328 -0.0823 -0.0107 1.2073 70.5305 0.5781 1.4693 0.2171 -0.5276 0.1369 -0.2875 1.1322 3.5156 3.3460
1494806400.0000 138750.0000 -0.5940 0.8064 0.0733 1.2359 143.6247 0.3374 0.5895 0.2424 -0.0094 0.0688 -0.2544 0.5846 0.6216 0.5550
1494806400.0000 139050.0000 -0.5385 0.8041 -0.0332 1.0828 146.1919 0.2125 0.2213 0.1315 0.0491 0.0169 -0.0665 0.2827 0.4483 0.3929
1494806400.0000 139350.0000 -1.2468 0.5039 0.0825 1.5143 112.0076 0.2998 0.4848 0.2635 0.0481 0.0255 -0.1896 0.5241 0.4387 0.3803
1494806400.0000 139650.0000 -0.9682 0.6415 -0.0042 1.3178 123.5265 0.3989 0.1954 0.1661 0.1129 0.0302 -0.0711 0.3802 0.4335 0.3832
1494806400.0000 139950.0000 -0.4747 0.7326 -0.2486 1.0143 147.0590 0.0781 0.3083 0.0678 0.0180 0.0072 0.0028 0.2271 0.4287 0.4111
1494806400.0000 140250.0000 0.0940 -0.6640 0.0386 0.7241 351.9457 0.0836 0.0840 0.0654 -0.0276 -0.0123 0.0125 0.1165 0.4149 0.3524
1494806400.0000 140550.0000 -0.2260 -0.1432 -0.0595 0.5134 57.6361 0.1203 0.1463 0.0515 -0.0747 0.0132 -0.0028 0.1590 1.1878 1.1141
1494806400.0000 140850.0000 -0.3786 -0.7760 0.1782 0.9671 26.0088 0.1294 0.1945 0.1189 0.0046 -0.0493 -0.0050 0.2214 0.4358 0.3806
1494806400.0000 141150.0000 -0.3967 -0.0774 0.1942 1.0122 78.9614 0.5450 0.5662 0.1282 -0.2678 -0.0300 -0.0579 0.6197 1.4335 1.5059
1494806400.0000 141450.0000 -0.6591 0.7491 -0.2001 1.1057 138.6579 0.1587 0.4601 0.0824 -0.1937 0.0387 -0.0973 0.3506 0.4751 0.4552
1494806400.0000 141750.0000 -0.8978 -0.4541 0.2042 1.1334 63.1685 0.1489 0.4117 0.1729 0.0810 -0.0548 -0.1451 0.3668 0.4816 0.4297
1494806400.0000 142050.0000 -0.7456 -1.0929 0.3172 1.3829 34.3014 0.2698 0.2928 0.1171 0.1293 -0.0581 -0.0476 0.3398 0.3499 0.3273
1494806400.0000 142350.0000 -0.6940 -1.5197 0.2460 1.7421 24.5456 0.2852 0.3231 0.1582 0.0401 -0.0668 0.0344 0.3833 0.2993 0.2695
1494806400.0000 142650.0000 -0.3731 -0.5013 0.1261 0.7796 36.6644 0.1306 0.2840 0.1371 0.0237 0.0330 -0.0704 0.2758 0.6727 0.5949
1494806400.0000 142950.0000 0.1712 -0.1072 -0.1602 0.4356 302.0450 0.0890 0.1101 0.0394 -0.0172 0.0180 0.0154 0.1193 1.0938 1.2754
1494806400.0000 143250.0000 -0.3543 0.2932 -0.0621 0.8403 129.6065 0.3824 0.2197 0.1461 -0.0357 -0.0961 -0.0153 0.3741 1.0762 0.9742
1494806400.0000 143550.0000 -0.2453 -0.4306 0.1199 0.9481 29.6653 0.3738 0.4486 0.1859 -0.1105 -0.0321 -0.0403 0.5042 1.1370 1.0565
1494806400.0000 143850.0000 0.9298 -0.1581 -0.0528 1.1789 279.6485 0.3328 0.4941 0.2009 -0.0029 -0.1466 -0.0386 0.5139 0.6197 0.5567
1494806400.0000 144150.0000 0.4819 -1.1573 0.1373 1.3877 337.3920 0.4365 0.5344 0.1174 -0.1111 -0.1201 -0.0294 0.5442 0.4776 0.4538
1494806400.0000 144450.0000 0.3874 -1.2612 0.1123 1.3972 342.9245 0.2109 0.2845 0.1199 -0.1078 0.0179 -0.0050 0.3076 0.3420 0.3080
1494806400.0000 144750.0000 -0.7669 0.4695 0.0846 1.1385 121.4779 0.4124 0.4892 0.2452 0.0859 0.0021 -0.1756 0.5734 0.6845 0.6096
1494806400.0000 145050.0000 -1.3017 -1.7108 0.4398 2.1923 37.2680 0.3367 0.3301 0.1854 0.1773 -0.0578 -0.0526 0.4260 0.2429 0.2193
1494806400.0000 145350.0000 -0.4396 -1.3663 0.1724 1.5032 17.8339 0.3277 0.2093 0.0992 0.1986 -0.0668 -0.0424 0.3181 0.3186 0.2948
1494806400.0000 145650.0000 0.3158 -0.7435 -0.0213 0.9493 336.9846 0.1878 0.1448 0.0899 0.0731 0.0212 0.0021 0.2113 0.4644 0.4122
1494806400.0000 145950.0000 0.1933 -0.9066 -0.0611 1.0307 347.9665 0.3293 0.3574 0.0941 -0.2088 0.0005 0.0083 0.3904 0.5492 0.5162
1494806400.0000 146250.0000 1.0454 -0.1620 -0.2796 1.1128 278.8084 0.1398 0.0741 0.0377 0.0340 -0.0349 -0.0062 0.1258 0.2647 0.2524
1494806400.0000 146550.0000 0.4817 -0.6308 0.0099 0.9462 322.6335 0.1406 0.5922 0.0574 -0.1094 0.0008 -0.0537 0.3951 0.6466 0.6227
1494806400.0000 146850.0000 0.3353 -1.1734 0.1413 1.2706 344.0547 0.1924 0.1998 0.0558 -0.1147 0.0239 0.0049 0.2240 0.3145 0.2963
1494806400.0000 147150.0000 0.3976 0.0792 -0.1120 0.6727 258.7373 0.1275 0.3637 0.0311 0.0833 -0.0219 -0.0389 0.2612 0.9922 0.9982
1494806400.0000 147450.0000 0.3981 -0.1075 -0.0343 0.5454 285.1171 0.0484 0.1177 0.0430 -0.0070 -0.0017 -0.0209 0.1045 0.6380 0.5706
1494806400.0000 147750.0000 0.2440 -0.0035 0.0337 0.3329 270.8259 0.0560 0.0409 0.0395 0.0054 -0.0290 -0.0007 0.0681 0.8652 0.7362
1494806400.0000 148050.0000 0.4779 -0.9846 0.1329 1.2165 334.1085 0.3031 0.5290 0.0969 -0.1627 -0.0658 0.0284 0.4645 0.5047 0.4812
1494806400.0000 148350.0000 0.7876 -1.3241 0.0769 1.5880 329.2551 0.0996 0.3160 0.0954 -0.0142 -0.0382 -0.0191 0.2555 0.2676 0.2416
1494806400.0000 148650.0000 0.4665 -0.5393 -0.1750 0.8500 319.1397 0.1671 0.1761 0.0355 -0.0065 -0.0127 0.0227 0.1893 0.4839 0.4743
1494806400.0000 148950.0000 -0.2508 -0.4026 0.2172 0.5812 31.9269 0.1339 0.1479 0.0378 0.0590 -0.0294 -0.0292 0.1598 0.6258 0.6463
1494806400.0000 149250.0000 0.2735 -1.0314 0.1707 1.1502 345.1478 0.1665 0.2204 0.0648 -0.0161 -0.0474 -0.0016 0.2259 0.3591 0.3366
1494806400.0000 149550.0000 0.6279 -1.4449 0.0372 1.6490 336.5113 0.2144 0.5143 0.0870 -0.0756 -0.0176 -0.0156 0.4078 0.3309 0.3128
1494806400.0000 149850.0000 0.4195 -0.9429 0.0648 1.1026 336.0154 0.1757 0.2545 0.0557 -0.0812 -0.0298 -0.0090 0.2429 0.3892 0.3669
1494806400.0000 150150.0000 0.3212 -0.7691 0.1114 0.8901 337.3348 0.0967 0.1853 0.0521 0.0097 -0.0350 -0.0123 0.1671 0.3969 0.3679
1494806400.0000 150450.0000 -0.0663 -1.5608 0.3389 1.6558 2.4336 0.2859 0.2239 0.0587 0.0090 -0.0648 0.0229 0.2843 0.2723 0.2639
1494806400.0000 150750.0000 0.0345 -1.0274 0.1614 1.0961 358.0746 0.1393 0.1608 0.0849 0.0079 -0.0123 0.0207 0.1926 0.3443 0.3077
1494806400.0000 151050.0000 -0.3178 -0.9044 0.2863 1.0097 19.3618 0.1399 0.1390 0.0634 0.0693 -0.0369 -0.0304 0.1712 0.3377 0.3181
