1494720000.0000 150.0000 1.4918 1.1716 0.2812 1.9051 231.8546 0.0319 0.0278 0.0169 -0.0005 -0.0057 0.0025 0.0383 0.0833 0.0743
1494720000.0000 450.0000 1.2199 1.2042 0.3061 1.7281 225.3711 0.0756 0.0468 0.0221 0.0145 0.0024 -0.0029 0.0722 0.1260 0.1178
1494720000.0000 750.0000 1.2470 1.2457 0.2999 1.7702 225.0304 0.0560 0.0371 0.0189 0.0208 0.0043 -0.0069 0.0560 0.1080 0.0999
1494720000.0000 1050.0000 1.5561 1.5185 0.3678 2.1812 225.7013 0.0420 0.0336 0.0197 0.0091 0.0029 -0.0077 0.0476 0.0808 0.0730
1494720000.0000 1350.0000 1.6858 1.4808 0.4017 2.2510 228.7044 0.0673 0.0403 0.0244 0.0216 0.0031 -0.0030 0.0660 0.0920 0.0844
1494720000.0000 1650.0000 1.6560 1.4297 0.4069 2.2044 229.1943 0.1149 0.1074 0.0476 0.0433 0.0050 -0.0027 0.1350 0.1348 0.1244
1494720000.0000 1950.0000 1.1852 1.4300 0.3306 1.8952 219.6524 0.2015 0.1336 0.0519 0.0351 0.0237 -0.0057 0.1935 0.1904 0.1799
1494720000.0000 2250.0000 1.2750 1.9209 0.3836 2.3362 213.5744 0.1431 0.1893 0.0751 0.0209 -0.0001 -0.0195 0.2038 0.1577 0.1444
1494720000.0000 2550.0000 1.0089 2.0314 0.3955 2.2979 206.4102 0.1361 0.1943 0.0631 0.0296 0.0091 -0.0235 0.1968 0.1573 0.1463
1494720000.0000 2850.0000 0.3855 2.0089 0.3844 2.0940 190.8637 0.1930 0.1945 0.0707 0.0032 0.0182 -0.0329 0.2291 0.1878 0.1757
1494720000.0000 3150.0000 0.4310 2.3029 0.4023 2.3923 190.6011 0.2495 0.3598 0.0905 0.0943 0.0038 -0.0229 0.3499 0.2032 0.1924
1494720000.0000 3450.0000 0.7159 2.3927 0.3944 2.5510 196.6579 0.1934 0.4434 0.0991 -0.0142 0.0232 -0.0236 0.3679 0.1959 0.1845
1494720000.0000 3750.0000 0.4294 2.3099 0.3993 2.3940 190.5315 0.2308 0.3867 0.0965 0.0895 0.0212 0.0370 0.3570 0.2047 0.1931
1494720000.0000 4050.0000 0.3542 1.6816 0.3881 1.8505 191.8926 0.3106 0.5990 0.1006 -0.2442 -0.0346 0.0090 0.5051 0.3294 0.3204
1494720000.0000 4350.0000 0.2293 2.1032 0.3779 2.2014 186.2214 0.3363 0.3065 0.1497 -0.0578 0.0041 -0.0655 0.3963 0.2392 0.2188
1494720000.0000 4650.0000 0.5039 2.3464 0.4813 2.4491 192.1205 0.2348 0.3088 0.1252 0.0192 0.0313 -0.0478 0.3344 0.1929 0.1774
1494720000.0000 4950.0000 0.6102 2.4907 0.3535 2.6158 193.7657 0.2874 0.3143 0.0964 0.0913 0.0200 -0.0330 0.3490 0.1864 0.1746
1494720000.0000 5250.0000 0.9335 2.3245 0.4359 2.5305 201.8807 0.1213 0.1318 0.0533 -0.0006 0.0099 -0.0220 0.1532 0.1257 0.1159
1494720000.0000 5550.0000 0.7051 2.4918 0.4570 2.6237 195.7998 0.1713 0.2486 0.0902 0.0254 0.0059 -0.0123 0.2550 0.1568 0.1445
1494720000.0000 5850.0000 0.7577 2.2718 0.4303 2.4179 198.4441 0.0939 0.2202 0.0560 0.0025 0.0086 -0.0077 0.1851 0.1444 0.1351
1494720000.0000 6150.0000 0.6778 2.3335 0.4039 2.4642 196.1966 0.1550 0.1473 0.0715 -0.0036 0.0303 -0.0318 0.1869 0.1433 0.1306
1494720000.0000 6450.0000 0.6867 2.1174 0.3895 2.2648 197.9682 0.1484 0.3187 0.0731 0.0022 0.0095 -0.0240 0.2701 0.1878 0.1773
1494720000.0000 6750.0000 0.6909 2.2890 0.4004 2.4183 196.7953 0.1385 0.1386 0.0603 0.0241 0.0202 -0.0110 0.1687 0.1383 0.1271
1494720000.0000 7050.0000 0.7328 1.7731 0.3651 1.9619 202.4540 0.1798 0.1682 0.0656 0.0260 0.0121 -0.0241 0.2068 0.1901 0.1775
1494720000.0000 7350.0000 1.2272 2.0772 0.4534 2.4322 210.5733 0.0928 0.2321 0.0604 0.0460 -0.0003 -0.0178 0.1927 0.1460 0.1364
1494720000.0000 7650.0000 1.7267 2.3541 0.5951 2.9609 216.2587 0.2029 0.4152 0.1142 0.0293 -0.0175 -0.0096 0.3661 0.1658 0.1555
1494720000.0000 7950.0000 1.6671 2.3479 0.6241 2.9298 215.3764 0.2936 0.3843 0.1400 0.0383 0.0018 -0.0331 0.4089 0.1772 0.1651
1494720000.0000 8250.0000 1.5016 2.4869 0.5752 2.9451 211.1229 0.2490 0.3605 0.1119 0.0574 -0.0130 -0.0307 0.3607 0.1656 0.1552
1494720000.0000 8550.0000 1.2201 1.7504 0.4193 2.1957 214.8786 0.2829 0.3408 0.0940 0.0520 -0.0066 -0.0616 0.3588 0.2249 0.2137
1494720000.0000 8850.0000 1.1492 1.7975 0.4346 2.1871 212.5909 0.2502 0.3346 0.1051 0.0596 0.0010 -0.0631 0.3449 0.2203 0.2070
1494720000.0000 9150.0000 1.2356 1.9328 0.4364 2.3344 212.5906 0.1643 0.2602 0.0965 0.0097 0.0038 -0.0350 0.2605 0.1785 0.1640
1494720000.0000 9450.0000 1.4689 2.1751 0.5861 2.6774 214.0333 0.3545 0.4160 0.1117 0.1015 0.0222 -0.0083 0.4412 0.2017 0.1931
1494720000.0000 9750.0000 1.7544 2.3388 0.6907 2.9767 216.8751 0.3577 0.4091 0.1418 0.0774 -0.0119 -0.0397 0.4543 0.1832 0.1729
1494720000.0000 10050.0000 1.8291 2.0484 0.5138 2.8294 221.7638 0.3211 0.8738 0.1852 0.1318 -0.0304 0.0751 0.6901 0.2428 0.2298
1494720000.0000 10350.0000 1.5059 1.9673 0.4800 2.5189 217.4343 0.2157 0.2913 0.0907 0.0434 -0.0017 -0.0092 0.2988 0.1769 0.1659
1494720000.0000 10650.0000 1.5035 1.7526 0.5002 2.3586 220.6261 0.2260 0.2764 0.0743 0.0061 -0.0184 -0.0025 0.2884 0.1856 0.1772
1494720000.0000 10950.0000 1.2622 1.6518 0.4164 2.1039 217.3847 0.1128 0.1520 0.0510 0.0273 -0.0043 -0.0173 0.1579 0.1530 0.1429
1494720000.0000 11250.0000 1.2622 1.5864 0.4353 2.0510 218.5081 0.1558 0.1807 0.0545 0.0717 -0.0084 -0.0210 0.1955 0.1741 0.1652
1494720000.0000 11550.0000 1.2002 1.7267 0.4437 2.1345 214.8032 0.1370 0.1586 0.0709 0.0122 -0.0187 -0.0106 0.1833 0.1626 0.1493
1494720000.0000 11850.0000 0.8939 1.7144 0.4152 1.9657 207.5382 0.1034 0.1785 0.0548 0.0025 -0.0066 -0.0212 0.1684 0.1694 0.1586
1494720000.0000 12150.0000 0.6511 1.7302 0.3643 1.8805 200.6234 0.1032 0.1599 0.0531 -0.0050 0.0053 -0.0077 0.1581 0.1723 0.1602
1494720000.0000 12450.0000 0.8554 1.6335 0.4018 1.8840 207.6402 0.1325 0.2010 0.0607 0.0069 -0.0077 -0.0373 0.1971 0.1921 0.1808
1494720000.0000 12750.0000 0.7957 1.9426 0.3870 2.1235 202.2747 0.0874 0.1685 0.0467 0.0040 0.0029 -0.0117 0.1513 0.1488 0.1391
1494720000.0000 13050.0000 0.7447 1.6956 0.3562 1.8881 203.7105 0.1485 0.1681 0.0449 0.0498 -0.0017 -0.0097 0.1807 0.1841 0.1754
1494720000.0000 13350.0000 0.8064 1.5622 0.3613 1.7813 207.3029 0.0796 0.1339 0.0317 0.0156 0.0010 0.0002 0.1226 0.1593 0.1518
1494720000.0000 13650.0000 0.6664 1.7159 0.3459 1.8652 201.2248 0.0787 0.1376 0.0505 0.0009 0.0006 -0.0109 0.1334 0.1592 0.1459
1494720000.0000 13950.0000 0.9377 1.6598 0.3934 1.9273 209.4631 0.0877 0.1631 0.0442 0.0381 -0.0046 -0.0189 0.1475 0.1611 0.1517
1494720000.0000 14250.0000 0.7280 1.6741 0.3310 1.8664 203.5039 0.1331 0.1554 0.0512 -0.0025 -0.0002 -0.0087 0.1698 0.1814 0.1699
1494720000.0000 14550.0000 0.4602 1.6142 0.3155 1.7188 195.9112 0.1138 0.1876 0.0552 -0.0150 0.0036 -0.0109 0.1783 0.2019 0.1888
1494720000.0000 14850.0000 0.6434 1.8205 0.3710 1.9637 199.4633 0.1109 0.1495 0.0499 -0.0054 0.0080 -0.0220 0.1551 0.1636 0.1526
1494720000.0000 15150.0000 0.7477 2.0155 0.4115 2.2138 200.3526 0.2211 0.3945 0.0891 -0.0007 0.0130 -0.0269 0.3523 0.2214 0.2107
1494720000.0000 15450.0000 1.2368 2.1551 0.4880 2.5284 209.8518 0.2264 0.2835 0.1023 0.0307 -0.0221 -0.0381 0.3061 0.1784 0.1659
1494720000.0000 15750.0000 1.8443 2.0369 0.5588 2.7883 222.1591 0.3387 0.4090 0.1095 0.1555 -0.0173 -0.0423 0.4286 0.1906 0.1817
1494720000.0000 16050.0000 1.7094 2.2637 0.5568 2.8795 217.0578 0.2482 0.4763 0.1253 0.0937 -0.0056 -0.0179 0.4249 0.1841 0.1732
1494720000.0000 16350.0000 1.5812 1.6437 0.4721 2.3519 223.8895 0.4563 0.3435 0.0910 0.0556 0.0032 -0.0186 0.4454 0.2340 0.2264
1494720000.0000 16650.0000 1.3051 1.8829 0.4232 2.3492 214.7277 0.2938 0.2859 0.0977 0.0298 -0.0173 -0.0434 0.3387 0.2040 0.1919
1494720000.0000 16950.0000 1.1303 1.2203 0.3861 1.6951 222.8084 0.3298 0.3514 0.0712 0.2390 0.0234 0.0034 0.3762 0.2933 0.2865
1494720000.0000 17250.0000 0.2376 1.2765 0.2177 1.3550 190.5450 0.1453 0.1872 0.0568 0.0138 -0.0027 -0.0392 0.1947 0.2736 0.2564
1494720000.0000 17550.0000 -0.0584 1.0232 0.1324 1.0935 176.7337 0.1360 0.0813 0.0267 -0.0418 0.0146 -0.0136 0.1220 0.2760 0.2626
1494720000.0000 17850.0000 -0.4134 0.8140 0.1413 0.9462 153.0727 0.0725 0.2049 0.0275 -0.0515 0.0077 -0.0005 0.1525 0.3451 0.3331
1494720000.0000 18150.0000 -0.4398 1.1247 0.1891 1.2472 158.6425 0.0927 0.1976 0.0391 -0.0070 0.0014 -0.0152 0.1647 0.2711 0.2576
1494720000.0000 18450.0000 -0.3473 1.3831 0.1616 1.4638 165.9047 0.1131 0.0937 0.0620 -0.0155 0.0115 -0.0223 0.1344 0.2086 0.1841
1494720000.0000 18750.0000 0.0602 1.6452 0.2285 1.6957 182.0945 0.1583 0.1658 0.0519 -0.0109 -0.0237 -0.0225 0.1880 0.2130 0.1996
1494720000.0000 19050.0000 0.4611 1.3334 0.2131 1.4339 199.0744 0.0545 0.0673 0.0301 -0.0090 -0.0037 -0.0072 0.0760 0.1577 0.1429
1494720000.0000 19350.0000 0.2937 1.0376 0.1729 1.0998 195.8058 0.0434 0.1682 0.0256 0.0150 0.0027 -0.0063 0.1186 0.2574 0.2463
1494720000.0000 19650.0000 -0.1765 0.8580 0.0965 0.9070 168.3758 0.0553 0.1290 0.0257 0.0001 0.0029 -0.0073 0.1050 0.3002 0.2829
1494720000.0000 19950.0000 0.0062 1.4725 0.2914 1.5499 180.2430 0.2453 0.1519 0.0625 -0.0290 0.0018 -0.0222 0.2299 0.2608 0.2471
1494720000.0000 20250.0000 -0.1937 0.7719 0.1248 0.8217 165.9101 0.0397 0.0864 0.0210 0.0051 0.0022 -0.0009 0.0736 0.2749 0.2576
1494720000.0000 20550.0000 -0.4850 1.0439 0.1678 1.1813 155.0810 0.0756 0.1983 0.0418 -0.0435 0.0091 -0.0046 0.1578 0.2789 0.2625
1494720000.0000 20850.0000 -0.3448 1.0868 0.1634 1.1859 162.3979 0.1095 0.1026 0.0458 0.0098 0.0042 -0.0012 0.1289 0.2546 0.2332
1494720000.0000 21150.0000 -0.3079 1.4890 0.1813 1.5939 168.3166 0.2404 0.1637 0.0870 -0.0278 -0.0329 -0.0207 0.2456 0.2642 0.2414
1494720000.0000 21450.0000 0.1204 1.6348 0.2544 1.7002 184.2113 0.1825 0.2318 0.0560 0.0226 0.0128 -0.0121 0.2351 0.2387 0.2267
1494720000.0000 21750.0000 -0.3978 0.7470 0.1561 0.9284 151.9613 0.1368 0.1807 0.0522 -0.0230 0.0050 -0.0059 0.1849 0.4079 0.3844
1494720000.0000 22050.0000 -0.7768 0.9547 0.0830 1.2733 140.8649 0.0960 0.1305 0.0378 -0.0138 0.0179 -0.0084 0.1322 0.2406 0.2233
1494720000.0000 22350.0000 -0.3869 0.4238 0.0877 0.6184 137.6044 0.0382 0.1570 0.0250 -0.0450 0.0018 0.0077 0.1101 0.4667 0.4444
1494720000.0000 22650.0000 -0.9521 1.2895 0.1471 1.6573 143.5584 0.1557 0.2695 0.0572 -0.0237 0.0243 -0.0116 0.2412 0.2491 0.2349
1494720000.0000 22950.0000 -0.2507 1.5884 0.1951 1.6924 171.0299 0.2693 0.2878 0.0622 -0.0017 -0.0041 -0.0358 0.3096 0.2805 0.2680
1494720000.0000 23250.0000 -0.0443 1.1132 0.2288 1.1905 177.7215 0.1569 0.3070 0.0676 0.0814 0.0034 -0.0672 0.2658 0.3701 0.3530
1494720000.0000 23550.0000 -0.1200 1.2877 0.1996 1.3451 174.6766 0.1225 0.1568 0.0694 -0.0229 0.0031 -0.0189 0.1743 0.2605 0.2359
1494720000.0000 23850.0000 -0.1745 1.7703 0.2166 1.8339 174.3689 0.1731 0.2334 0.0795 0.0126 -0.0006 -0.0288 0.2430 0.2246 0.2069
1494720000.0000 24150.0000 0.1012 1.4631 0.3015 1.5305 183.9585 0.1950 0.2025 0.0651 0.0143 0.0195 0.0080 0.2313 0.2623 0.2482
1494720000.0000 24450.0000 -0.2464 1.2731 0.1691 1.3879 169.0466 0.2297 0.3148 0.0717 -0.0664 0.0266 -0.0245 0.3081 0.3466 0.3285
1494720000.0000 24750.0000 -0.6141 1.3544 0.2339 1.5558 155.6103 0.2256 0.2119 0.0756 -0.0450 0.0157 -0.0443 0.2565 0.2747 0.2568
1494720000.0000 25050.0000 -1.0781 1.3901 0.1777 1.8099 142.2029 0.2153 0.3003 0.0672 -0.0957 0.0441 -0.0282 0.2914 0.2493 0.2357
1494720000.0000 25350.0000 -0.6315 0.5094 0.1265 0.9127 128.8939 0.1930 0.1902 0.0775 -0.0192 0.0566 0.0290 0.2303 0.4772 0.4405
1494720000.0000 25650.0000 -0.4074 -0.1355 0.1205 0.5271 71.5972 0.0932 0.0929 0.0534 -0.0082 0.0356 -0.0011 0.1197 0.6336 0.5802
1494720000.0000 25950.0000 -0.2470 0.7371 0.2126 0.9866 161.4744 0.2152 0.6801 0.0822 -0.0875 0.0539 0.0637 0.4887 0.7082 0.7027
1494720000.0000 26250.0000 -0.0866 1.8419 0.1820 1.9387 177.3072 0.3297 0.3445 0.1040 0.0840 0.0048 -0.0251 0.3891 0.2749 0.2571
1494720000.0000 26550.0000 -0.9498 1.9255 0.2299 2.1855 153.7450 0.1991 0.2000 0.0825 -0.0495 0.0284 -0.0270 0.2408 0.1856 0.1699
1494720000.0000 26850.0000 -0.6558 1.6013 0.2458 1.7998 157.7268 0.1867 0.2537 0.1106 0.0126 0.0097 -0.0494 0.2755 0.2452 0.2214
1494720000.0000 27150.0000 -0.4920 1.8035 0.1999 1.9823 164.7410 0.4363 0.2771 0.1659 -0.0440 -0.0224 -0.0998 0.4397 0.2880 0.2609
1494720000.0000 27450.0000 -0.8231 1.2904 0.1860 1.6001 147.4680 0.2353 0.1764 0.0706 -0.0334 0.0507 -0.0234 0.2412 0.2601 0.2420
1494720000.0000 27750.0000 -0.6866 1.0698 0.1383 1.3164 147.3058 0.1254 0.1578 0.0637 -0.0466 0.0026 -0.0225 0.1734 0.2659 0.2417
1494720000.0000 28050.0000 -0.4817 -0.2252 0.0199 0.5836 64.9417 0.0832 0.0728 0.0386 0.0230 0.0358 0.0221 0.0973 0.4787 0.4289
1494720000.0000 28350.0000 -0.7693 -0.5627 -0.0635 0.9715 53.8165 0.0636 0.0516 0.0242 0.0245 0.0021 0.0130 0.0697 0.2256 0.2056
1494720000.0000 28650.0000 -1.3083 -0.5439 0.0449 1.4473 67.4276 0.1369 0.1127 0.0523 0.0378 0.0361 0.0012 0.1509 0.2238 0.2036
1494720000.0000 28950.0000 -1.1712 -0.4492 -0.1036 1.3536 69.0184 0.1314 0.2943 0.0600 0.0803 0.0450 0.0570 0.2429 0.3197 0.3003
1494720000.0000 29250.0000 -1.2601 -0.7657 -0.0941 1.5131 58.7155 0.1270 0.1785 0.0663 0.0707 0.0123 -0.0102 0.1859 0.2382 0.2164
1494720000.0000 29550.0000 -0.6302 -0.5722 -0.0103 0.9112 47.7647 0.1060 0.1229 0.0650 0.0207 0.0216 0.0241 0.1470 0.3677 0.3245
1494720000.0000 29850.0000 -0.4960 -0.5641 -0.0686 0.7958 41.3235 0.0686 0.0996 0.0491 0.0138 0.0264 0.0227 0.1087 0.3569 0.3153
1494720000.0000 30150.0000 -0.4293 0.2337 0.2036 0.6589 118.5647 0.1035 0.2351 0.0804 0.0085 0.0232 0.0208 0.2095 0.7057 0.6872
1494720000.0000 30450.0000 -0.5158 0.2347 -0.0409 0.7213 114.4622 0.1819 0.1383 0.0466 0.0391 0.0081 0.0206 0.1834 0.6154 0.5765
1494720000.0000 30750.0000 -0.4067 0.4542 0.2428 0.7590 138.1552 0.1891 0.2385 0.0812 -0.0602 0.0259 0.0037 0.2545 0.6276 0.6193
1494720000.0000 31050.0000 -0.4735 0.9442 0.1895 1.1259 153.3689 0.1546 0.2804 0.1032 -0.0465 0.0243 -0.0180 0.2691 0.3947 0.3605
1494720000.0000 31350.0000 -0.8300 1.4719 0.1735 1.7291 150.5823 0.2082 0.2005 0.0910 -0.0855 -0.0017 -0.0199 0.2499 0.2403 0.2184
1494720000.0000 31650.0000 -1.1578 1.4868 0.2044 1.9660 142.0924 0.3738 0.7840 0.0927 -0.3302 0.0428 -0.0471 0.6253 0.3406 0.3297
1494720000.0000 31950.0000 -1.0250 0.8495 0.1733 1.4061 129.6525 0.2632 0.4693 0.1234 -0.1770 0.0860 -0.0531 0.4279 0.3978 0.3712
1494720000.0000 32250.0000 -1.1831 0.5903 0.0268 1.4980 116.5182 0.2253 0.5389 0.1196 -0.0272 0.0566 -0.0087 0.4419 0.4104 0.3817
1494720000.0000 32550.0000 -1.1620 -0.5551 0.0514 1.3703 64.4658 0.2197 0.2209 0.0837 0.0212 0.0549 0.0317 0.2621 0.3243 0.2976
1494720000.0000 32850.0000 -0.7657 -0.4983 -0.0764 1.0047 56.9435 0.1385 0.2003 0.0716 0.0036 0.0572 0.0184 0.2052 0.4035 0.3679
1494720000.0000 33150.0000 -0.3758 -0.0918 0.0628 0.5637 76.2802 0.1001 0.1627 0.0766 0.0058 0.0148 -0.0000 0.1697 0.8583 0.7651
1494720000.0000 33450.0000 -0.1114 0.7005 0.1856 1.1017 170.9642 0.4578 0.5856 0.1175 0.3764 0.1218 0.1031 0.5805 0.8485 0.8314
1494720000.0000 33750.0000 -0.6304 0.7987 0.1336 1.1732 141.7164 0.3151 0.5776 0.1099 0.0320 0.0220 0.0645 0.5013 0.5633 0.5361
1494720000.0000 34050.0000 0.5528 0.2710 0.2166 0.6921 243.8881 0.2670 0.0730 0.0750 0.0520 -0.0031 0.0036 0.2075 0.5700 0.5469
1494720000.0000 34350.0000 0.6539 0.0681 0.2332 0.7159 264.0576 0.2034 0.0781 0.0521 0.0242 -0.0168 -0.0088 0.1668 0.4780 0.4659
1494720000.0000 34650.0000 0.9717 0.2953 0.1609 1.1144 253.0935 0.1450 0.1913 0.0668 -0.0287 -0.0188 -0.0045 0.2015 0.3565 0.3296
1494720000.0000 34950.0000 0.5318 -0.0958 0.1888 0.6284 280.2106 0.1909 0.0928 0.0439 -0.0530 -0.0228 0.0116 0.1638 0.5773 0.5691
1494720000.0000 35250.0000 0.5626 0.3065 0.2097 0.7219 241.4230 0.1585 0.0874 0.0511 0.0118 -0.0111 0.0111 0.1485 0.4667 0.4469
1494720000.0000 35550.0000 -0.7729 -0.0773 -0.0081 0.9766 84.2883 0.0816 0.3351 0.0928 0.0594 0.0188 0.0837 0.2548 0.5306 0.4799
1494720000.0000 35850.0000 -0.3269 0.5227 0.3197 0.7543 147.9789 0.1489 0.1931 0.0733 0.0010 0.0150 -0.0107 0.2076 0.5358 0.5477
1494720000.0000 36150.0000 -0.0311 0.7741 0.1585 0.9288 177.7029 0.2317 0.3021 0.0976 0.1379 0.0146 0.0254 0.3157 0.5801 0.5445
1494720000.0000 36450.0000 -0.5748 0.5926 0.1163 0.9094 135.8716 0.1626 0.1250 0.0861 0.0090 0.0329 0.0210 0.1868 0.4233 0.3750
1494720000.0000 36750.0000 -0.7778 1.1909 0.1488 1.4702 146.8506 0.1409 0.2679 0.1030 -0.0614 -0.0073 0.0066 0.2559 0.2888 0.2595
1494720000.0000 37050.0000 -1.5848 -0.5781 0.0387 1.7476 69.9600 0.3686 0.2754 0.1153 0.1203 0.0934 0.0166 0.3797 0.2981 0.2747
1494720000.0000 37350.0000 -1.1830 -0.7432 0.1000 1.5020 57.8618 0.4209 0.2859 0.1525 0.0915 0.0846 0.0536 0.4297 0.3821 0.3475
1494720000.0000 37650.0000 -1.0314 -0.7925 0.0488 1.3980 52.4634 0.5552 0.3939 0.1454 0.2448 0.0886 0.0755 0.5472 0.4640 0.4324
1494720000.0000 37950.0000 -1.6017 -0.8520 -0.0256 1.8795 61.9885 0.2748 0.2143 0.1076 0.0025 0.0581 0.0352 0.2983 0.2458 0.2225
1494720000.0000 38250.0000 -1.0254 -0.1702 -0.0040 1.0772 80.5772 0.6011 0.1152 0.0742 0.1355 0.0839 0.0189 0.3953 0.4938 0.4701
1494720000.0000 38550.0000 -0.5260 0.1515 0.1309 0.8557 106.0668 0.1931 0.4456 0.0943 0.1620 0.0663 0.1043 0.3665 0.8783 0.8430
1494720000.0000 38850.0000 -0.1752 1.6582 0.2292 1.7234 173.9698 0.1818 0.4074 0.0857 -0.0962 0.0217 -0.0406 0.3374 0.2818 0.2658
1494720000.0000 39150.0000 0.0028 0.4935 0.2058 0.7984 180.3256 0.5318 0.1791 0.0549 -0.2015 0.0396 -0.0142 0.3829 0.9448 0.9863
1494720000.0000 39450.0000 -1.0267 0.2132 0.1368 1.2901 101.7340 0.3951 0.6171 0.1132 0.2105 0.0278 -0.0752 0.5627 0.5792 0.5540
1494720000.0000 39750.0000 -1.8399 -0.5411 0.1701 2.0314 73.6131 0.6908 0.4560 0.1757 0.1468 0.1568 0.0360 0.6613 0.3449 0.3224
1494720000.0000 40050.0000 -0.7277 0.4639 0.1509 1.1354 122.5151 0.4401 0.6737 0.1798 0.0780 0.0230 -0.1110 0.6468 0.7496 0.7061
1494720000.0000 40350.0000 -0.4135 0.7654 0.3909 1.0561 151.6196 0.3465 0.6475 0.1184 -0.2066 0.0685 -0.0575 0.5562 0.6385 0.6617
1494720000.0000 40650.0000 -0.7639 0.6611 0.2389 1.2358 130.8707 0.5685 0.2548 0.1378 0.0429 0.0648 -0.0090 0.4806 0.5452 0.5186
1494720000.0000 40950.0000 -0.9621 1.1470 0.0960 1.7413 140.0109 0.8793 0.7449 0.2416 -0.1781 0.0183 0.0928 0.9329 0.5257 0.4915
1494720000.0000 41250.0000 -0.5016 -0.0991 0.1584 0.7668 78.8271 0.2685 0.2613 0.0848 0.0663 0.0694 0.0517 0.3073 0.8456 0.8219
1494720000.0000 41550.0000 -0.3853 0.5910 0.1313 1.1505 146.9002 0.6503 0.5761 0.1928 -0.2286 -0.0641 0.1007 0.7096 0.9585 0.9063
1494720000.0000 41850.0000 -0.6292 1.2701 0.2669 1.6090 153.6449 0.4805 0.5474 0.2263 0.0356 0.0316 0.0566 0.6271 0.4483 0.4130
1494720000.0000 42150.0000 -0.5863 1.0540 0.1540 1.2689 150.9141 0.1645 0.1640 0.1419 -0.0375 -0.0179 -0.0036 0.2352 0.3257 0.2744
1494720000.0000 42450.0000 -0.8064 1.0956 0.1889 1.4857 143.6438 0.5939 0.4128 0.1309 -0.3040 -0.0238 0.0212 0.5688 0.4484 0.4258
1494720000.0000 42750.0000 -0.9960 0.3514 0.2503 1.2530 109.4308 0.4131 0.4590 0.2183 -0.1159 0.1453 -0.0398 0.5452 0.5554 0.5105
1494720000.0000 43050.0000 -1.7182 -0.1357 0.1120 1.8666 85.4857 0.7352 0.5024 0.1899 0.0873 0.1384 0.0328 0.7137 0.3994 0.3726
1494720000.0000 43350.0000 -1.1870 -0.0022 0.1158 1.2739 89.8916 0.9913 0.1552 0.0992 -0.0535 0.1003 0.0091 0.6228 0.5403 0.5208
1494720000.0000 43650.0000 -0.7818 1.0266 0.1622 1.4867 142.7102 0.5930 0.5132 0.1655 -0.2270 0.0809 -0.0088 0.6359 0.5006 0.4706
1494720000.0000 43950.0000 -0.1060 0.7876 0.1729 0.9580 172.3366 0.2608 0.3586 0.1725 -0.0013 0.0478 0.0060 0.3960 0.6318 0.5718
1494720000.0000 44250.0000 -0.1168 1.0179 0.2581 1.2425 173.4560 0.4162 0.6600 0.1784 0.1671 0.0540 0.1232 0.6273 0.6121 0.5846
1494720000.0000 44550.0000 0.9072 1.2860 0.3707 1.7820 215.2006 0.6687 0.5942 0.1793 -0.1248 0.0171 0.1085 0.7211 0.4288 0.4123
1494720000.0000 44850.0000 1.7802 1.2920 0.0907 2.2757 234.0300 0.3877 0.3805 0.2836 0.0802 0.0966 0.0077 0.5259 0.2690 0.2301
1494720000.0000 45150.0000 0.9105 1.9335 0.4482 2.3455 205.2165 0.6832 0.8188 0.2060 -0.1170 -0.0302 -0.0147 0.8540 0.3455 0.3311
1494720000.0000 45450.0000 -0.2449 2.5683 0.3925 2.8928 174.5535 1.6846 0.5059 0.2295 0.1957 -0.0681 -0.0334 1.2100 0.3442 0.3312
1494720000.0000 45750.0000 0.2816 1.5864 0.1436 1.8179 190.0665 0.7482 0.3016 0.1424 -0.0190 0.0592 -0.0313 0.5961 0.3897 0.3672
1494720000.0000 46050.0000 -0.4023 1.5300 0.2792 1.9635 165.2688 1.2452 1.0506 0.2873 0.5907 0.2453 0.1337 1.2916 0.5776 0.5530
1494720000.0000 46350.0000 1.4111 2.8338 0.5419 3.2388 206.4717 0.3778 0.5734 0.2583 -0.0251 0.0342 -0.0408 0.6048 0.1977 0.1779
1494720000.0000 46650.0000 0.4029 2.7842 0.4449 2.9113 188.2333 0.4948 0.5812 0.2036 -0.1576 -0.0049 -0.0340 0.6398 0.2293 0.2129
1494720000.0000 46950.0000 0.5792 2.8333 0.4075 2.9846 191.5535 0.4769 0.5383 0.2096 -0.0887 -0.0241 -0.0379 0.6124 0.2188 0.2012
1494720000.0000 47250.0000 1.1922 2.1294 0.1709 2.5062 209.2429 0.3091 0.2575 0.2070 -0.0218 -0.0466 0.0123 0.3868 0.2076 0.1781
1494720000.0000 47550.0000 0.8983 2.3822 0.2791 2.6126 200.6607 0.2685 0.7532 0.1237 -0.0010 0.0225 -0.0509 0.5727 0.2412 0.2292
1494720000.0000 47850.0000 0.5374 2.2190 0.3813 2.3611 193.6148 0.3670 0.4730 0.1169 0.0699 0.0020 -0.0430 0.4784 0.2440 0.2317
1494720000.0000 48150.0000 -0.0357 2.7155 0.2171 2.8163 179.2462 0.6091 1.0254 0.2760 0.1562 0.0566 0.0896 0.9552 0.2929 0.2718
1494720000.0000 48450.0000 0.6510 2.1587 0.3999 2.4031 196.7811 0.6118 0.6401 0.2411 0.1168 -0.0504 -0.0296 0.7465 0.3081 0.2865
1494720000.0000 48750.0000 -0.1121 2.3470 0.3259 2.6045 177.2661 1.1181 0.9587 0.3450 0.3118 0.2786 -0.0107 1.2109 0.3788 0.3541
1494720000.0000 49050.0000 0.4956 1.9209 0.2384 2.1210 194.4661 0.4605 0.9627 0.1252 -0.1095 0.0358 0.0446 0.7742 0.3596 0.3472
1494720000.0000 49350.0000 -0.3130 1.3704 0.3785 1.7303 167.1346 1.0677 0.6131 0.2072 -0.1472 0.1330 -0.0624 0.9440 0.5450 0.5325
1494720000.0000 49650.0000 -0.1739 1.5994 0.2183 2.1820 173.7950 1.8857 0.8947 0.2292 0.2606 0.2660 0.0812 1.5048 0.6169 0.5984
1494720000.0000 49950.0000 1.4229 2.7419 0.5168 3.1848 207.4267 0.4111 0.6237 0.2297 -0.0816 0.0212 -0.0592 0.6323 0.2073 0.1901
1494720000.0000 50250.0000 -0.1400 2.2563 0.4324 2.3917 176.4483 0.6002 0.6864 0.2175 -0.0531 0.0136 -0.1175 0.7521 0.3076 0.2897
1494720000.0000 50550.0000 0.9259 2.3287 0.4726 2.6552 201.6836 0.8287 0.4227 0.1616 -0.0159 0.0668 -0.0571 0.7065 0.2691 0.2577
1494720000.0000 50850.0000 1.2358 2.4511 0.4270 2.8646 206.7555 0.5815 0.4790 0.1557 -0.1387 0.0124 -0.0824 0.6081 0.2292 0.2166
1494720000.0000 51150.0000 0.9675 1.2250 0.3239 1.8130 218.3014 0.7375 0.4689 0.1424 -0.1619 0.0070 -0.0160 0.6744 0.4206 0.4062
1494720000.0000 51450.0000 0.1912 1.4677 0.2661 1.5540 187.4222 0.2055 0.6534 0.1071 0.0760 0.0256 -0.0027 0.4830 0.3773 0.3615
1494720000.0000 51750.0000 0.4253 0.9306 0.1404 1.0885 204.5592 0.1008 0.2693 0.1152 -0.0301 0.0150 0.0414 0.2427 0.3894 0.3433
1494720000.0000 52050.0000 1.2288 1.5751 0.3497 2.0823 217.9590 0.3562 0.6120 0.1390 0.1163 0.0455 0.0487 0.5536 0.2995 0.2844
1494720000.0000 52350.0000 0.3345 2.1892 0.2599 2.3016 188.6876 0.4068 0.3797 0.0837 0.0111 0.0341 0.0062 0.4351 0.2415 0.2312
1494720000.0000 52650.0000 1.1439 2.4149 0.4854 2.7223 205.3466 0.2595 0.5438 0.1241 0.0886 0.0063 -0.0740 0.4637 0.2047 0.1937
1494720000.0000 52950.0000 0.8972 1.8929 0.3116 2.1413 205.3596 0.1635 0.2155 0.0770 -0.0186 0.0171 -0.0287 0.2280 0.1841 0.1697
1494720000.0000 53250.0000 0.6663 1.6599 0.3445 1.9047 201.8707 0.3781 0.3634 0.1221 -0.0678 0.0020 -0.0376 0.4318 0.2946 0.2780
1494720000.0000 53550.0000 0.4193 1.2389 0.3182 1.6067 198.6967 0.8656 0.5378 0.3059 0.1222 0.1892 -0.0271 0.8546 0.5608 0.5229
1494720000.0000 53850.0000 2.0234 0.8131 0.3185 2.2419 248.1065 0.6633 0.3400 0.1509 0.2242 -0.0347 0.0077 0.5771 0.2814 0.2652
1494720000.0000 54150.0000 2.1205 0.6492 0.4276 2.2999 252.9774 0.7907 0.3713 0.1835 0.1401 -0.0693 0.0278 0.6728 0.2965 0.2806
1494720000.0000 54450.0000 0.8223 1.8333 0.4354 2.1863 204.1588 0.4838 1.1195 0.1455 -0.0954 0.0010 -0.0083 0.8744 0.3714 0.3638
1494720000.0000 54750.0000 1.6364 0.7467 0.1595 1.9655 245.4714 0.7248 0.6843 0.1588 -0.0016 0.0665 0.0017 0.7840 0.4003 0.3810
1494720000.0000 55050.0000 2.0241 1.0198 0.4975 2.3175 243.2605 0.5772 0.3293 0.1378 0.2109 -0.0293 0.0026 0.5222 0.2543 0.2425
1494720000.0000 55350.0000 1.9580 0.8182 0.4361 2.1798 247.3199 0.6098 0.3113 0.1332 0.1483 -0.0296 0.0436 0.5272 0.2736 0.2611
1494720000.0000 55650.0000 1.9981 0.9494 0.4241 2.2643 244.5863 0.7426 0.3467 0.1020 0.2613 0.0019 0.0222 0.5956 0.2797 0.2724
1494720000.0000 55950.0000 2.9853 1.8568 0.5237 3.5498 238.1195 0.6613 0.3317 0.1530 0.2093 0.0252 0.0034 0.5730 0.1739 0.1636
1494720000.0000 56250.0000 1.7939 1.1422 0.3658 2.2226 237.5136 0.4062 0.4663 0.2477 0.0450 -0.0864 0.0462 0.5601 0.2832 0.2536
1494720000.0000 56550.0000 2.4124 1.2077 0.4902 2.8088 243.4066 0.5573 0.7983 0.1732 0.1818 -0.0657 0.0858 0.7644 0.2603 0.2492
1494720000.0000 56850.0000 1.6416 0.6376 0.3816 2.0318 248.7742 0.7724 1.0498 0.1734 -0.2017 -0.1025 0.1044 0.9978 0.4526 0.4426
1494720000.0000 57150.0000 1.4452 0.6162 0.3131 1.6285 246.9070 0.6771 0.1670 0.1345 0.1257 -0.0642 0.0085 0.4893 0.3565 0.3376
1494720000.0000 57450.0000 2.4116 0.4875 0.4273 2.5716 258.5713 1.1889 0.6298 0.2302 0.3692 -0.0656 0.0896 1.0245 0.3309 0.3165
1494720000.0000 57750.0000 2.6056 1.5090 0.4784 3.1033 239.9241 1.2066 0.3588 0.1638 0.1592 0.0194 0.0206 0.8646 0.2490 0.2399
1494720000.0000 58050.0000 1.9775 1.1981 0.5031 2.3557 238.7905 0.5058 0.2696 0.1120 0.1612 0.0068 0.0213 0.4437 0.2298 0.2199
1494720000.0000 58350.0000 0.4399 0.6809 0.2063 0.9840 212.8660 0.3959 0.1706 0.0596 0.0138 -0.0467 -0.0092 0.3130 0.5462 0.5361
1494720000.0000 58650.0000 1.6252 0.5995 0.2437 1.8062 249.7531 0.5055 0.1744 0.1204 -0.0718 -0.0345 0.0313 0.4002 0.2953 0.2748
1494720000.0000 58950.0000 2.1987 0.8986 0.2097 2.4329 247.7710 0.5714 0.2961 0.1314 0.1592 -0.0175 0.0164 0.4995 0.2420 0.2264
1494720000.0000 59250.0000 1.9933 0.2877 0.2968 2.1476 261.7874 0.9965 0.5106 0.2153 -0.0593 0.0033 0.0113 0.8612 0.3722 0.3519
1494720000.0000 59550.0000 1.3564 -0.0661 0.2165 1.5638 272.7916 0.5602 0.5339 0.2033 0.2518 0.0270 0.1648 0.6487 0.4782 0.4447
1494720000.0000 59850.0000 2.0529 -0.2451 0.1790 2.1907 276.8075 0.5915 0.4914 0.2104 0.0359 -0.0995 0.1350 0.6466 0.3164 0.2906
1494720000.0000 60150.0000 2.4244 0.4069 0.3922 2.5712 260.4731 0.9180 0.5164 0.1975 -0.0902 -0.1568 0.0968 0.8159 0.2963 0.2813
1494720000.0000 60450.0000 2.0028 1.1826 0.4528 2.3927 239.4386 0.5592 0.3013 0.1803 0.0898 -0.1082 -0.0525 0.5204 0.2486 0.2303
1494720000.0000 60750.0000 2.0754 0.5283 0.2233 2.3358 255.7200 0.7038 0.8401 0.1935 0.1308 -0.0313 0.0994 0.8687 0.3534 0.3350
1494720000.0000 61050.0000 2.0011 0.7060 0.3670 2.2229 250.5668 0.6166 0.4311 0.0982 -0.0025 -0.0555 0.0185 0.5729 0.2870 0.2785
1494720000.0000 61350.0000 1.2502 0.9042 0.4383 1.6407 234.1240 0.5113 0.4127 0.1227 0.2381 -0.0188 -0.0019 0.5234 0.3683 0.3597
1494720000.0000 61650.0000 1.5139 0.6525 0.4613 1.7525 246.6822 0.5302 0.3454 0.1359 0.0809 -0.1031 0.0275 0.5058 0.3392 0.3277
1494720000.0000 61950.0000 1.4627 -0.0230 0.2200 1.6301 270.9007 0.4764 0.4792 0.1675 0.0645 -0.0678 -0.0041 0.5616 0.4136 0.3858
1494720000.0000 62250.0000 1.7215 1.0188 0.1281 2.1808 239.3816 0.4170 0.7518 0.2424 -0.1391 0.0198 -0.0740 0.7057 0.3422 0.3120
1494720000.0000 62550.0000 2.6188 1.0459 0.4469 2.9757 248.2285 0.6356 1.0346 0.1980 0.1653 -0.0695 0.1287 0.9341 0.2764 0.2646
1494720000.0000 62850.0000 1.8178 0.5197 0.3203 2.0513 254.0447 0.9498 0.9225 0.1433 0.5688 -0.0191 0.0803 1.0078 0.4274 0.4178
1494720000.0000 63150.0000 1.3575 0.5643 0.3581 1.7632 247.4293 0.9878 0.7994 0.1796 -0.0848 -0.1121 0.0503 0.9834 0.5351 0.5250
1494720000.0000 63450.0000 1.7623 0.8186 0.4470 2.2130 245.0843 0.9393 0.8416 0.1764 -0.4729 -0.1655 0.0793 0.9787 0.4051 0.3965
1494720000.0000 63750.0000 1.1023 1.5585 0.4920 2.0195 215.2717 0.3538 0.3706 0.1385 -0.0984 -0.0305 -0.0109 0.4315 0.2721 0.2574
1494720000.0000 64050.0000 0.8880 1.4260 0.4978 1.8080 211.9102 0.6536 0.4471 0.0848 0.2784 -0.0325 -0.0274 0.5928 0.3588 0.3606
1494720000.0000 64350.0000 1.6701 1.6575 0.4300 2.4130 225.2168 0.3666 0.3493 0.1176 0.0666 -0.0388 -0.0004 0.4167 0.2204 0.2076
1494720000.0000 64650.0000 1.2534 1.3613 0.5853 1.9617 222.6376 0.3285 0.4963 0.1514 -0.0174 -0.0674 0.0512 0.4881 0.2939 0.2834
1494720000.0000 64950.0000 2.3298 0.9787 0.4232 2.5925 247.2138 0.5317 0.3260 0.1344 0.0338 -0.0355 -0.0177 0.4960 0.2244 0.2116
1494720000.0000 65250.0000 1.3349 1.8141 0.5115 2.3823 216.3484 0.5804 0.4221 0.1297 -0.1347 -0.0049 -0.0789 0.5661 0.2660 0.2567
1494720000.0000 65550.0000 2.4340 1.3068 0.4755 2.8272 241.7677 0.4767 0.3336 0.1151 0.0307 -0.0263 -0.0063 0.4627 0.1981 0.1881
1494720000.0000 65850.0000 2.0394 0.9371 0.3722 2.2831 245.3222 0.3061 0.2344 0.0965 0.1103 -0.0353 -0.0008 0.3185 0.2026 0.1891
1494720000.0000 66150.0000 1.9467 1.1082 0.3794 2.2657 240.3486 0.1308 0.1789 0.0600 0.0594 -0.0117 -0.0077 0.1848 0.1545 0.1434
1494720000.0000 66450.0000 1.4346 0.4261 0.3635 1.5470 253.4566 0.3518 0.1778 0.0635 0.0890 -0.0276 0.0197 0.2966 0.2887 0.2808
1494720000.0000 66750.0000 1.5490 0.6073 0.3746 1.7110 248.5932 0.2316 0.1603 0.0947 0.0394 -0.0366 0.0224 0.2434 0.2362 0.2173
1494720000.0000 67050.0000 2.0529 0.9935 0.2678 2.3198 244.1747 0.1274 0.1679 0.0619 -0.0161 -0.0040 0.0061 0.1786 0.1503 0.1376
1494720000.0000 67350.0000 1.5689 0.6832 0.3247 1.7904 246.4687 0.3067 0.3908 0.0792 0.1095 -0.0102 0.0773 0.3883 0.2921 0.2818
1494720000.0000 67650.0000 2.0404 0.8628 0.3813 2.2634 247.0791 0.2461 0.2305 0.0841 0.0214 -0.0175 0.0455 0.2804 0.1923 0.1799
1494720000.0000 67950.0000 1.9593 1.1509 0.3076 2.2976 239.5703 0.1708 0.0940 0.0570 0.0091 0.0007 -0.0060 0.1609 0.1428 0.1308
1494720000.0000 68250.0000 1.5910 0.5046 0.2257 1.7360 252.4044 0.3784 0.1790 0.0553 -0.0029 -0.0622 0.0092 0.3063 0.2683 0.2582
1494720000.0000 68550.0000 1.7103 0.0213 0.2201 1.7579 269.2867 0.4420 0.1451 0.0681 -0.0244 -0.0348 0.0226 0.3276 0.2710 0.2586
1494720000.0000 68850.0000 1.1907 0.0848 0.1671 1.2248 265.9243 0.2054 0.0753 0.0364 0.0032 -0.0233 0.0121 0.1585 0.2697 0.2562
1494720000.0000 69150.0000 0.3676 -0.5121 -0.0568 0.7192 324.3303 0.1314 0.0706 0.0379 -0.0005 -0.0110 0.0237 0.1199 0.4468 0.4117
1494720000.0000 69450.0000 0.3788 -0.5830 -0.1218 0.7473 326.9865 0.0912 0.0518 0.0154 -0.0232 -0.0117 0.0096 0.0792 0.3256 0.3140
1494720000.0000 69750.0000 0.9064 -0.5489 -0.0312 1.1153 301.1973 0.1036 0.0853 0.0298 0.0433 0.0006 0.0204 0.1094 0.2547 0.2368
1494720000.0000 70050.0000 1.1992 -0.1739 0.0750 1.2562 278.2505 0.1227 0.0932 0.0333 0.0315 -0.0131 0.0080 0.1246 0.2374 0.2214
1494720000.0000 70350.0000 0.9865 -0.3862 0.0520 1.0873 291.3824 0.1222 0.0516 0.0336 -0.0076 -0.0241 0.0065 0.1037 0.2479 0.2272
1494720000.0000 70650.0000 0.9869 -0.3312 0.0253 1.0941 288.5540 0.1822 0.0832 0.0440 0.0143 -0.0284 0.0072 0.1547 0.3084 0.2858
1494720000.0000 70950.0000 1.2907 -0.4170 0.0154 1.3911 287.9071 0.1615 0.0668 0.0380 0.0139 -0.0096 0.0084 0.1331 0.2196 0.2034
1494720000.0000 71250.0000 1.8826 -0.1824 0.1075 1.9218 275.5342 0.2199 0.1172 0.0478 -0.0517 -0.0366 0.0129 0.1925 0.1891 0.1772
1494720000.0000 71550.0000 1.7624 -0.1136 0.0593 1.7955 273.6876 0.2010 0.1150 0.0392 -0.0564 -0.0215 0.0086 0.1776 0.1947 0.1838
1494720000.0000 71850.0000 1.7362 -0.5298 -0.0188 1.8353 286.9698 0.1149 0.0796 0.0414 -0.0272 -0.0113 0.0214 0.1180 0.1545 0.1403
1494720000.0000 72150.0000 1.6775 -0.4453 0.0168 1.7561 284.8676 0.1208 0.0672 0.0405 -0.0062 -0.0140 0.0134 0.1142 0.1590 0.1442
1494720000.0000 72450.0000 1.6612 -0.1958 0.0708 1.6955 276.7220 0.0988 0.0772 0.0259 -0.0147 -0.0160 0.0127 0.1009 0.1549 0.1448
1494720000.0000 72750.0000 1.5907 0.1920 0.1021 1.6254 263.1172 0.0947 0.0728 0.0250 0.0040 -0.0135 0.0127 0.0962 0.1578 0.1475
1494720000.0000 73050.0000 1.7329 0.4720 0.1874 1.8175 254.7652 0.1436 0.0911 0.0382 0.0434 -0.0166 0.0240 0.1365 0.1670 0.1557
1494720000.0000 73350.0000 1.0688 0.0093 0.0447 1.1064 269.5014 0.0778 0.0843 0.0269 -0.0069 -0.0092 0.0023 0.0945 0.2346 0.2175
1494720000.0000 73650.0000 1.6411 -0.6833 -0.0354 1.8070 292.6042 0.1687 0.1045 0.0641 -0.0265 -0.0265 0.0263 0.1687 0.1886 0.1698
1494720000.0000 73950.0000 2.0543 -0.3355 0.0403 2.1061 279.2757 0.1086 0.1004 0.0390 -0.0103 -0.0112 0.0178 0.1241 0.1381 0.1268
1494720000.0000 74250.0000 1.4666 0.1309 0.0765 1.5023 264.8984 0.1041 0.0783 0.0184 -0.0533 -0.0135 0.0116 0.1004 0.1755 0.1675
1494720000.0000 74550.0000 1.4666 0.2786 0.0357 1.5148 259.2423 0.0742 0.0557 0.0214 -0.0335 -0.0123 0.0090 0.0756 0.1504 0.1394
1494720000.0000 74850.0000 1.2126 0.3837 0.1002 1.2945 252.4427 0.0797 0.0484 0.0174 -0.0085 -0.0117 0.0047 0.0727 0.1726 0.1625
1494720000.0000 75150.0000 1.3490 0.1953 0.0540 1.3768 261.7620 0.0506 0.0365 0.0167 0.0003 -0.0050 0.0060 0.0519 0.1363 0.1250
1494720000.0000 75450.0000 1.3076 0.1344 0.0242 1.3245 264.1332 0.0307 0.0259 0.0115 -0.0016 0.0019 0.0045 0.0341 0.1146 0.1045
1494720000.0000 75750.0000 0.7006 0.2113 0.0515 0.7546 253.2129 0.0707 0.0369 0.0189 0.0140 -0.0032 0.0089 0.0633 0.2800 0.2588
1494720000.0000 76050.0000 0.4331 -0.7710 -0.0932 0.9803 330.6760 0.1015 0.1234 0.0137 0.0888 0.0192 0.0234 0.1193 0.3172 0.3096
1494720000.0000 76350.0000 0.3817 -0.7552 -0.1362 0.8793 333.1898 0.0435 0.0356 0.0097 0.0201 0.0006 0.0072 0.0444 0.2007 0.1919
1494720000.0000 76650.0000 0.5168 -0.5031 -0.0566 0.7430 314.2300 0.0330 0.0172 0.0076 0.0078 0.0000 0.0041 0.0289 0.1919 0.1794
1494720000.0000 76950.0000 0.2100 -0.7088 -0.1186 0.7486 343.4971 0.0106 0.0324 0.0051 0.0028 0.0004 0.0050 0.0240 0.1691 0.1619
1494720000.0000 77250.0000 -0.0386 -1.3178 -0.2040 1.3302 1.6757 0.0306 0.0198 0.0091 0.0039 -0.0011 0.0050 0.0297 0.1055 0.0983
1494720000.0000 77550.0000 -0.1013 -1.3135 -0.2005 1.3194 4.4116 0.0054 0.0102 0.0042 0.0007 -0.0002 0.0010 0.0099 0.0609 0.0547
1494720000.0000 77850.0000 -0.0963 -1.1925 -0.1938 1.2002 4.6186 0.0087 0.0137 0.0047 -0.0008 -0.0002 0.0005 0.0136 0.0786 0.0723
1494720000.0000 78150.0000 -0.1565 -1.0511 -0.1619 1.0747 8.4699 0.0218 0.0574 0.0105 -0.0075 -0.0006 0.0048 0.0449 0.1609 0.1529
1494720000.0000 78450.0000 0.4019 -0.6499 -0.0816 0.8844 328.2690 0.2173 0.0304 0.0122 0.0272 0.0190 0.0066 0.1300 0.3831 0.3761
1494720000.0000 78750.0000 0.9071 -0.1901 -0.0074 0.9344 281.8375 0.0090 0.0168 0.0030 -0.0055 0.0002 -0.0013 0.0144 0.1057 0.1000
1494720000.0000 79050.0000 0.7132 -0.2192 -0.0315 0.7581 287.0849 0.0041 0.0191 0.0011 0.0014 -0.0004 0.0014 0.0121 0.1205 0.1178
1494720000.0000 79350.0000 0.5008 -0.7198 -0.1084 0.9271 325.1717 0.0680 0.0315 0.0037 0.0298 0.0094 0.0063 0.0516 0.2100 0.2077
1494720000.0000 79650.0000 -0.1174 -1.0137 -0.2052 1.0261 6.6043 0.0114 0.0102 0.0050 -0.0014 -0.0004 -0.0030 0.0133 0.0904 0.0831
1494720000.0000 79950.0000 0.3910 -0.8146 -0.1205 0.9625 334.3585 0.1125 0.0265 0.0118 0.0090 0.0139 0.0055 0.0754 0.2460 0.2382
1494720000.0000 80250.0000 0.6686 -0.4941 -0.0594 0.8360 306.4657 0.0072 0.0099 0.0055 -0.0016 -0.0019 0.0017 0.0113 0.1043 0.0909
1494720000.0000 80550.0000 0.8189 -0.3492 -0.0176 0.8930 293.0922 0.0094 0.0041 0.0025 0.0000 0.0015 0.0005 0.0080 0.0821 0.0754
1494720000.0000 80850.0000 0.5023 -0.4691 -0.0780 0.7343 313.0403 0.0815 0.0092 0.0038 0.0184 0.0077 0.0032 0.0473 0.2566 0.2530
1494720000.0000 81150.0000 -0.2851 -0.7469 -0.1706 0.8086 20.8924 0.0178 0.0043 0.0026 0.0032 0.0009 0.0004 0.0123 0.1108 0.1073
1494720000.0000 81450.0000 -0.2811 -0.5661 -0.1840 0.6383 26.4053 0.0055 0.0060 0.0019 -0.0033 -0.0010 0.0009 0.0067 0.1017 0.0980
1494720000.0000 81750.0000 -0.4379 -0.5960 -0.1737 0.7438 36.3103 0.0100 0.0093 0.0024 0.0040 -0.0005 0.0015 0.0108 0.1117 0.1082
1494720000.0000 82050.0000 -0.2698 -0.9040 -0.2244 0.9564 16.6207 0.0202 0.0081 0.0012 -0.0094 0.0009 -0.0009 0.0148 0.1023 0.1029
1494720000.0000 82350.0000 -0.2345 -0.7746 -0.1764 0.8177 16.8437 0.0114 0.0076 0.0017 -0.0048 -0.0020 0.0013 0.0104 0.1004 0.0984
1494720000.0000 82650.0000 -0.3935 -0.8154 -0.2085 0.9126 25.7616 0.0069 0.0115 0.0009 -0.0072 -0.0002 0.0001 0.0097 0.0864 0.0865
1494720000.0000 82950.0000 -0.5155 -1.2378 -0.2106 1.3445 22.6108 0.0145 0.0100 0.0011 0.0051 0.0006 0.0007 0.0128 0.0680 0.0674
1494720000.0000 83250.0000 -0.7709 -1.2094 -0.2228 1.4367 32.5148 0.0078 0.0070 0.0025 0.0004 0.0009 0.0012 0.0086 0.0523 0.0489
1494720000.0000 83550.0000 -0.5689 -0.9989 -0.2353 1.1520 29.6655 0.0037 0.0079 0.0008 -0.0011 -0.0005 0.0001 0.0062 0.0549 0.0541
1494720000.0000 83850.0000 -0.4711 -0.8782 -0.2104 0.9983 28.2131 0.0036 0.0019 0.0005 -0.0003 0.0001 -0.0002 0.0030 0.0438 0.0429
1494720000.0000 84150.0000 -0.4738 -1.0700 -0.2229 1.1718 23.8810 0.0039 0.0101 0.0007 0.0020 0.0003 -0.0004 0.0074 0.0589 0.0585
1494720000.0000 84450.0000 -0.6050 -1.1592 -0.2124 1.3118 27.5600 0.0087 0.0253 0.0047 0.0008 0.0015 0.0011 0.0193 0.0857 0.0814
1494720000.0000 84750.0000 -0.4268 -1.4361 -0.2298 1.5018 16.5502 0.0099 0.0074 0.0034 -0.0020 0.0008 0.0002 0.0103 0.0547 0.0506
1494720000.0000 85050.0000 -0.3183 -1.2396 -0.1854 1.2814 14.4029 0.0051 0.0093 0.0016 0.0024 0.0007 0.0012 0.0080 0.0563 0.0540
1494720000.0000 85350.0000 -0.2274 -1.2258 -0.1882 1.2480 10.5085 0.0031 0.0033 0.0021 -0.0008 -0.0008 0.0005 0.0043 0.0423 0.0370
1494720000.0000 85650.0000 -0.1363 -1.1935 -0.1927 1.2024 6.5167 0.0024 0.0045 0.0022 -0.0010 0.0001 0.0010 0.0045 0.0452 0.0399
1494720000.0000 85950.0000 -0.0034 -1.1866 -0.1788 1.1894 0.1643 0.0066 0.0029 0.0011 -0.0010 -0.0004 0.0002 0.0053 0.0493 0.0473
1494720000.0000 86250.0000 -0.3325 -1.3023 -0.2056 1.3465 14.3216 0.0100 0.0069 0.0010 0.0065 0.0010 0.0005 0.0090 0.0570 0.0560
1494806400.0000 86550.0000 -0.4939 -1.6056 -0.1950 1.6827 17.0982 0.0101 0.0159 0.0067 0.0018 0.0027 0.0011 0.0164 0.0618 0.0555
1494806400.0000 86850.0000 -0.3085 -1.3695 -0.1513 1.4065 12.6940 0.0109 0.0301 0.0051 0.0106 0.0022 0.0034 0.0230 0.0878 0.0833
1494806400.0000 87150.0000 -0.0556 -1.2675 -0.1956 1.2699 2.5119 0.0028 0.0093 0.0012 -0.0006 0.0002 0.0013 0.0067 0.0520 0.0501
1494806400.0000 87450.0000 0.0346 -1.4669 -0.2090 1.4696 358.6490 0.0066 0.0049 0.0021 -0.0013 -0.0007 0.0003 0.0068 0.0456 0.0423
1494806400.0000 87750.0000 -0.0836 -1.4997 -0.2062 1.5039 3.1917 0.0057 0.0066 0.0036 0.0007 -0.0003 0.0015 0.0079 0.0480 0.0425
1494806400.0000 88050.0000 -0.2148 -1.6371 -0.1955 1.6542 7.4760 0.0101 0.0127 0.0095 0.0008 -0.0013 0.0042 0.0162 0.0625 0.0528
1494806400.0000 88350.0000 -0.6022 -1.3508 -0.2015 1.4981 24.0253 0.0334 0.0377 0.0047 -0.0280 0.0030 0.0004 0.0379 0.1065 0.1041
1494806400.0000 88650.0000 -0.4193 -1.6722 -0.2158 1.7279 14.0764 0.0126 0.0073 0.0041 -0.0023 0.0030 0.0003 0.0120 0.0514 0.0472
1494806400.0000 88950.0000 -0.1294 -1.5822 -0.2311 1.5921 4.6753 0.0150 0.0058 0.0038 0.0002 -0.0018 0.0008 0.0123 0.0564 0.0525
1494806400.0000 89250.0000 -0.0639 -1.7569 -0.2482 1.7604 2.0839 0.0084 0.0067 0.0032 0.0016 -0.0007 0.0013 0.0092 0.0441 0.0404
1494806400.0000 89550.0000 0.2554 -1.9448 -0.2903 1.9665 352.5197 0.0178 0.0233 0.0224 0.0042 -0.0030 0.0034 0.0317 0.0734 0.0596
1494806400.0000 89850.0000 0.3752 -1.3697 -0.2519 1.4226 344.6797 0.0083 0.0217 0.0132 -0.0041 -0.0011 0.0001 0.0216 0.0833 0.0704
1494806400.0000 90150.0000 0.2481 -1.6295 -0.2647 1.6512 351.3445 0.0076 0.0227 0.0122 0.0038 -0.0017 0.0014 0.0213 0.0714 0.0610
1494806400.0000 90450.0000 0.1241 -1.7956 -0.2769 1.8028 356.0468 0.0108 0.0124 0.0189 -0.0031 -0.0023 0.0042 0.0211 0.0651 0.0489
1494806400.0000 90750.0000 0.1669 -1.6894 -0.2610 1.6995 354.3589 0.0069 0.0078 0.0086 -0.0034 -0.0009 0.0009 0.0117 0.0513 0.0412
1494806400.0000 91050.0000 0.1374 -1.6439 -0.2468 1.6507 355.2222 0.0034 0.0042 0.0031 -0.0012 -0.0003 0.0000 0.0054 0.0359 0.0306
1494806400.0000 91350.0000 0.1946 -1.6799 -0.2407 1.6938 353.3932 0.0093 0.0105 0.0134 -0.0024 -0.0021 0.0015 0.0166 0.0616 0.0481
1494806400.0000 91650.0000 0.1446 -1.6871 -0.2231 1.6971 355.1023 0.0124 0.0110 0.0158 -0.0002 -0.0029 0.0020 0.0196 0.0669 0.0521
1494806400.0000 91950.0000 -0.3291 -1.5985 -0.1798 1.6438 11.6325 0.0381 0.0217 0.0148 0.0021 -0.0006 0.0039 0.0373 0.0961 0.0866
1494806400.0000 92250.0000 -0.5690 -1.6568 -0.2158 1.7583 18.9541 0.0213 0.0218 0.0133 -0.0022 0.0049 0.0036 0.0282 0.0777 0.0684
1494806400.0000 92550.0000 -0.7007 -1.4031 -0.2190 1.5752 26.5353 0.0183 0.0103 0.0047 -0.0062 0.0004 0.0015 0.0167 0.0665 0.0623
1494806400.0000 92850.0000 -1.0794 -1.2822 -0.2399 1.6788 40.0900 0.0105 0.0035 0.0018 -0.0014 -0.0002 0.0005 0.0079 0.0429 0.0409
1494806400.0000 93150.0000 -1.0806 -1.3158 -0.2046 1.7108 39.3943 0.0332 0.0252 0.0105 0.0026 0.0067 0.0071 0.0345 0.0884 0.0820
1494806400.0000 93450.0000 -1.3172 -1.3411 -0.1907 1.8886 44.4850 0.0439 0.0275 0.0174 0.0039 0.0010 0.0091 0.0445 0.0911 0.0821
1494806400.0000 93750.0000 -1.6665 -1.3793 -0.0742 2.1691 50.3879 0.0414 0.0172 0.0171 0.0030 -0.0091 0.0044 0.0378 0.0734 0.0646
1494806400.0000 94050.0000 -1.7603 -1.3327 -0.1289 2.2095 52.8696 0.0111 0.0065 0.0081 0.0011 -0.0035 -0.0011 0.0128 0.0418 0.0346
1494806400.0000 94350.0000 -1.6943 -1.3482 -0.1650 2.1670 51.4896 0.0090 0.0042 0.0017 -0.0016 -0.0001 0.0003 0.0074 0.0324 0.0307
1494806400.0000 94650.0000 -1.8573 -1.3740 -0.1451 2.3119 53.5073 0.0090 0.0059 0.0017 -0.0004 -0.0004 -0.0004 0.0083 0.0321 0.0305
1494806400.0000 94950.0000 -2.0689 -1.7479 -0.1348 2.7134 49.8072 0.0286 0.0293 0.0156 0.0025 0.0023 0.0057 0.0368 0.0577 0.0513
1494806400.0000 95250.0000 -1.6229 -1.7609 -0.2043 2.4131 42.6640 0.1482 0.0748 0.0549 0.0280 0.0196 0.0203 0.1390 0.1266 0.1138
1494806400.0000 95550.0000 -1.1767 -1.6322 -0.1900 2.0298 35.7892 0.1072 0.1078 0.0500 0.0397 0.0261 0.0319 0.1325 0.1471 0.1330
1494806400.0000 95850.0000 -1.0301 -1.6443 -0.2321 1.9539 32.0647 0.0640 0.0815 0.0360 0.0195 0.0178 0.0302 0.0907 0.1258 0.1135
1494806400.0000 96150.0000 -1.0062 -1.5333 -0.1711 1.8513 33.2734 0.0831 0.0812 0.0442 0.0197 0.0199 0.0297 0.1043 0.1432 0.1276
1494806400.0000 96450.0000 -1.2776 -1.6391 -0.2190 2.0902 37.9353 0.0750 0.0758 0.0382 0.0265 0.0270 0.0232 0.0945 0.1201 0.1079
1494806400.0000 96750.0000 -1.7082 -1.7158 -0.1870 2.4285 44.8727 0.0604 0.0308 0.0231 0.0121 0.0028 0.0096 0.0572 0.0804 0.0720
1494806400.0000 97050.0000 -1.7290 -1.4988 -0.0118 2.2960 49.0780 0.0588 0.0287 0.0326 0.0079 0.0034 0.0123 0.0601 0.0875 0.0747
1494806400.0000 97350.0000 -1.8649 -1.4898 0.0967 2.3982 51.3810 0.0972 0.0438 0.0349 0.0163 0.0024 0.0046 0.0879 0.1013 0.0908
1494806400.0000 97650.0000 -1.8763 -1.5937 0.0109 2.4729 49.6561 0.1013 0.0458 0.0419 0.0186 0.0015 0.0091 0.0945 0.1020 0.0900
1494806400.0000 97950.0000 -2.0158 -1.8315 0.0167 2.7463 47.7424 0.2281 0.1060 0.0864 0.0478 0.0334 0.0338 0.2102 0.1375 0.1225
1494806400.0000 98250.0000 -1.5586 -1.6115 0.0220 2.2731 44.0444 0.3229 0.1413 0.0997 0.0911 0.0083 0.0294 0.2819 0.1934 0.1755
1494806400.0000 98550.0000 -0.7463 -1.3409 0.0141 1.5682 29.0990 0.1227 0.1447 0.0746 0.0263 0.0158 0.0429 0.1710 0.2200 0.1946
1494806400.0000 98850.0000 -0.8332 -1.3650 -0.0160 1.6308 31.4010 0.1262 0.1685 0.0754 0.0328 0.0212 0.0451 0.1850 0.2196 0.1960
1494806400.0000 99150.0000 -1.2516 -1.4859 -0.0788 1.9636 40.1095 0.1597 0.1468 0.0596 0.0714 0.0353 0.0407 0.1831 0.1797 0.1645
1494806400.0000 99450.0000 -1.3618 -1.6166 -0.1287 2.1379 40.1120 0.1668 0.1243 0.0640 0.0438 0.0214 0.0387 0.1775 0.1624 0.1474
1494806400.0000 99750.0000 -1.2370 -1.4845 -0.0891 1.9595 39.8030 0.1867 0.0895 0.0641 0.0409 0.0204 0.0257 0.1701 0.1741 0.1570
1494806400.0000 100050.0000 -0.9677 -1.4212 -0.0267 1.7472 34.2509 0.1085 0.1171 0.0651 0.0119 0.0241 0.0333 0.1453 0.1810 0.1595
1494806400.0000 100350.0000 -1.2444 -1.5207 -0.0398 1.9883 39.2947 0.1394 0.0895 0.0625 0.0215 0.0201 0.0214 0.1457 0.1586 0.1406
1494806400.0000 100650.0000 -1.3639 -1.5873 -0.0568 2.1152 40.6709 0.1654 0.0879 0.0609 0.0322 0.0297 0.0140 0.1571 0.1546 0.1388
1494806400.0000 100950.0000 -1.1020 -1.5494 0.0004 1.9124 35.4210 0.0502 0.0505 0.0445 0.0088 0.0119 0.0135 0.0726 0.1157 0.0964
1494806400.0000 101250.0000 -0.9216 -1.5426 0.0049 1.8274 30.8554 0.1450 0.1114 0.0803 0.0218 0.0215 0.0378 0.1683 0.1864 0.1627
1494806400.0000 101550.0000 -0.6671 -1.3068 0.0473 1.4983 27.0422 0.0942 0.1366 0.0770 0.0057 0.0070 0.0403 0.1539 0.2182 0.1890
1494806400.0000 101850.0000 -0.5798 -1.2890 0.0688 1.4521 24.2194 0.1128 0.1780 0.0800 0.0146 0.0208 0.0507 0.1854 0.2484 0.2203
1494806400.0000 102150.0000 -0.6747 -1.3646 0.0527 1.5582 26.3098 0.1132 0.1623 0.0860 0.0130 0.0181 0.0498 0.1807 0.2279 0.1991
1494806400.0000 102450.0000 -0.6860 -1.3081 0.0667 1.5110 27.6745 0.1099 0.1439 0.0818 0.0151 0.0182 0.0462 0.1678 0.2262 0.1969
1494806400.0000 102750.0000 -0.5766 -1.2030 0.0517 1.3658 25.6080 0.0889 0.1513 0.0772 0.0112 0.0158 0.0391 0.1587 0.2437 0.2121
1494806400.0000 103050.0000 -0.4307 -0.9207 0.1075 1.0438 25.0697 0.0598 0.0790 0.0509 0.0060 0.0097 0.0248 0.0948 0.2460 0.2115
1494806400.0000 103350.0000 -0.4724 -0.8885 0.1222 1.0244 27.9977 0.0409 0.0463 0.0288 0.0040 0.0024 0.0102 0.0580 0.1940 0.1694
1494806400.0000 103650.0000 -0.5283 -0.7874 0.1339 0.9654 33.8618 0.0392 0.0355 0.0236 0.0051 0.0068 0.0075 0.0492 0.1891 0.1665
1494806400.0000 103950.0000 -0.6188 -0.7889 0.1377 1.0219 38.1086 0.0504 0.0501 0.0297 0.0114 0.0100 0.0109 0.0651 0.2058 0.1825
1494806400.0000 104250.0000 -0.7180 -0.9708 0.1161 1.2308 36.4858 0.0747 0.0708 0.0451 0.0171 0.0110 0.0179 0.0953 0.2078 0.1824
1494806400.0000 104550.0000 -0.7561 -0.9949 0.1157 1.2686 37.2330 0.0654 0.0703 0.0350 0.0188 0.0126 0.0142 0.0854 0.1901 0.1702
1494806400.0000 104850.0000 -0.5134 -0.7722 0.1118 0.9512 33.6145 0.0825 0.0829 0.0334 0.0405 0.0052 0.0123 0.0994 0.2756 0.2532
1494806400.0000 105150.0000 -0.4273 -0.9298 0.0941 1.0682 24.6844 0.1009 0.1311 0.0676 0.0091 0.0135 0.0361 0.1498 0.3075 0.2717
1494806400.0000 105450.0000 -0.8634 -1.1523 0.0691 1.4649 36.8421 0.1446 0.0948 0.0521 0.0470 0.0172 0.0170 0.1457 0.2162 0.1962
1494806400.0000 105750.0000 -0.8070 -1.3583 0.0817 1.6085 30.7162 0.1222 0.0966 0.0660 0.0228 0.0132 0.0283 0.1424 0.1948 0.1710
1494806400.0000 106050.0000 -0.6157 -1.2792 0.0941 1.4585 25.7013 0.1257 0.1494 0.0786 0.0188 0.0183 0.0393 0.1769 0.2414 0.2133
1494806400.0000 106350.0000 -0.5704 -1.0406 0.1309 1.2167 28.7288 0.0876 0.1042 0.0511 0.0181 0.0063 0.0233 0.1215 0.2384 0.2131
1494806400.0000 106650.0000 -0.4677 -0.7941 0.1423 0.9484 30.4956 0.0722 0.0656 0.0427 0.0216 0.0033 0.0123 0.0902 0.2630 0.2325
1494806400.0000 106950.0000 -0.6048 -0.9310 0.1322 1.1278 33.0077 0.0651 0.0615 0.0323 0.0268 0.0054 0.0117 0.0795 0.2059 0.1851
1494806400.0000 107250.0000 -0.9877 -1.3343 0.0916 1.6832 36.5125 0.1359 0.1009 0.0684 0.0424 0.0234 0.0222 0.1526 0.1918 0.1693
1494806400.0000 107550.0000 -1.3132 -1.5768 0.0622 2.0854 39.7890 0.2091 0.1474 0.0986 0.0370 0.0419 0.0428 0.2276 0.1897 0.1680
1494806400.0000 107850.0000 -1.4246 -1.6477 0.0648 2.2142 40.8477 0.2812 0.2229 0.1325 0.0928 0.0485 0.0684 0.3183 0.2114 0.1882
1494806400.0000 108150.0000 -1.7904 -1.9226 -0.0512 2.6600 42.9616 0.3270 0.1768 0.1260 0.0848 0.0564 0.0553 0.3149 0.1744 0.1560
1494806400.0000 108450.0000 -2.1299 -1.9350 0.0369 2.9137 47.7448 0.4468 0.1872 0.1285 0.1103 0.0619 0.0548 0.3812 0.1752 0.1597
1494806400.0000 108750.0000 -2.5605 -2.1216 0.0825 3.3467 50.3559 0.2843 0.1202 0.0975 0.0600 0.0060 0.0274 0.2511 0.1230 0.1104
1494806400.0000 109050.0000 -2.9205 -2.3267 0.1384 3.7585 51.4565 0.3429 0.1497 0.1047 0.0658 0.0389 0.0293 0.2986 0.1194 0.1085
1494806400.0000 109350.0000 -2.2583 -2.1961 0.0138 3.1803 45.7996 0.3842 0.1818 0.1469 0.0968 0.0627 0.0598 0.3565 0.1548 0.1379
1494806400.0000 109650.0000 -2.0062 -2.0747 -0.0474 2.9169 44.0377 0.3095 0.1879 0.1375 0.0752 0.0495 0.0683 0.3175 0.1594 0.1411
1494806400.0000 109950.0000 -1.9145 -1.9323 0.0017 2.7500 44.7347 0.2923 0.1859 0.1309 0.0781 0.0479 0.0652 0.3045 0.1656 0.1468
1494806400.0000 110250.0000 -1.6610 -1.8530 -0.0111 2.5163 41.8734 0.2438 0.1264 0.1050 0.0502 0.0408 0.0455 0.2376 0.1599 0.1412
1494806400.0000 110550.0000 -1.6793 -1.6729 0.1134 2.4111 45.1099 0.3502 0.2096 0.1477 0.0857 0.0507 0.0658 0.3538 0.2047 0.1822
1494806400.0000 110850.0000 -1.5251 -1.6311 0.0243 2.2697 43.0769 0.2686 0.1609 0.1102 0.0482 0.0175 0.0478 0.2699 0.1899 0.1695
1494806400.0000 111150.0000 -1.4562 -1.7411 -0.0210 2.3056 39.9079 0.4057 0.2490 0.1157 0.1701 0.0528 0.0595 0.3852 0.2232 0.2058
1494806400.0000 111450.0000 -1.7730 -1.7361 0.1384 2.5312 45.6022 0.5142 0.2885 0.1727 0.1615 0.0624 0.0875 0.4877 0.2294 0.2085
1494806400.0000 111750.0000 -1.4292 -1.4856 0.0909 2.1190 43.8904 0.4201 0.2652 0.1560 0.0926 0.0225 0.0781 0.4207 0.2566 0.2318
1494806400.0000 112050.0000 -1.6630 -1.6076 0.1486 2.3725 45.9717 0.6396 0.3495 0.1668 0.2250 0.0287 0.0934 0.5779 0.2678 0.2482
1494806400.0000 112350.0000 -1.4503 -1.4433 0.1549 2.0984 45.1382 0.5862 0.3767 0.1632 0.2608 0.0399 0.0803 0.5630 0.2986 0.2769
1494806400.0000 112650.0000 -1.5363 -1.3329 0.2371 2.0914 49.0548 0.4638 0.2278 0.1431 0.1048 0.0148 0.0484 0.4173 0.2576 0.2361
1494806400.0000 112950.0000 -1.2395 -1.3455 0.1616 1.8817 42.6526 0.3566 0.2133 0.1384 0.0850 0.0169 0.0417 0.3542 0.2646 0.2382
1494806400.0000 113250.0000 -1.4418 -1.4076 0.2025 2.0848 45.6875 0.6830 0.2911 0.1662 0.1933 0.0118 0.0538 0.5702 0.3044 0.2828
1494806400.0000 113550.0000 -1.6250 -1.5995 0.2177 2.3462 45.4537 0.6883 0.4249 0.2219 0.2423 0.0703 0.1150 0.6676 0.2912 0.2672
1494806400.0000 113850.0000 -1.3843 -1.6576 0.0749 2.2122 39.8653 0.3483 0.3813 0.1685 0.1253 0.0733 0.0967 0.4490 0.2532 0.2283
1494806400.0000 114150.0000 -1.6202 -1.7561 0.1070 2.4377 42.6952 0.4064 0.2803 0.1672 0.1043 0.0640 0.0768 0.4270 0.2231 0.2002
1494806400.0000 114450.0000 -1.4263 -1.6927 0.1109 2.2706 40.1179 0.4601 0.2688 0.1644 0.1129 0.0367 0.0738 0.4466 0.2462 0.2227
1494806400.0000 114750.0000 -1.3136 -1.4985 0.0992 2.0362 41.2395 0.3514 0.2602 0.1280 0.1306 0.0555 0.0689 0.3698 0.2489 0.2266
1494806400.0000 115050.0000 -0.9277 -1.1938 0.0969 1.5576 37.8507 0.2202 0.1875 0.0976 0.0621 0.0153 0.0523 0.2526 0.2709 0.2438
1494806400.0000 115350.0000 -1.2323 -1.2618 0.1458 1.8147 44.3222 0.4051 0.2670 0.1166 0.1512 0.0185 0.0386 0.3943 0.2897 0.2684
1494806400.0000 115650.0000 -0.9908 -1.0403 0.1442 1.4872 43.6050 0.3075 0.2986 0.1171 0.1521 0.0387 0.0653 0.3616 0.3401 0.3129
1494806400.0000 115950.0000 -1.1137 -1.2108 0.1486 1.6986 42.6074 0.3023 0.2130 0.1324 0.0714 0.0090 0.0498 0.3238 0.2813 0.2519
1494806400.0000 116250.0000 -1.2088 -1.2715 0.2155 1.8144 43.5510 0.4735 0.3143 0.1599 0.1635 0.0198 0.0693 0.4739 0.3180 0.2921
1494806400.0000 116550.0000 -1.3301 -1.6304 0.1307 2.1667 39.2067 0.4551 0.3659 0.1879 0.1516 0.0462 0.0955 0.5045 0.2751 0.2486
1494806400.0000 116850.0000 -1.5577 -1.5249 0.2152 2.2553 45.6096 0.7358 0.3444 0.1888 0.2056 0.0209 0.0536 0.6345 0.2969 0.2753
1494806400.0000 117150.0000 -1.6928 -1.6924 0.1561 2.4536 45.0067 0.5776 0.3156 0.1927 0.1448 0.0545 0.0785 0.5429 0.2508 0.2280
1494806400.0000 117450.0000 -1.8559 -1.6608 0.2582 2.5643 48.1755 0.8024 0.3945 0.2228 0.2056 0.0628 0.0908 0.7098 0.2747 0.2536
1494806400.0000 117750.0000 -1.4939 -1.6803 0.1314 2.3137 41.6401 0.4760 0.3415 0.2143 0.1159 0.0599 0.1075 0.5159 0.2604 0.2322
1494806400.0000 118050.0000 -1.3938 -1.2807 0.2533 1.9581 47.4224 0.5533 0.3688 0.1967 0.2091 0.0735 0.0946 0.5594 0.3198 0.2929
1494806400.0000 118350.0000 -1.7658 -1.6105 0.2405 2.4585 47.6350 0.7457 0.4405 0.2326 0.2608 0.0502 0.0806 0.7094 0.2863 0.2631
1494806400.0000 118650.0000 -1.5772 -1.6314 0.1871 2.3410 44.0329 0.6176 0.3855 0.2093 0.1588 0.0583 0.1048 0.6062 0.2792 0.2548
1494806400.0000 118950.0000 -1.2870 -1.8158 0.0867 2.2998 35.3265 0.5800 0.5329 0.2141 0.2123 0.0786 0.1434 0.6635 0.2986 0.2737
1494806400.0000 119250.0000 -1.6745 -1.6712 0.1567 2.4277 45.0578 0.6960 0.5131 0.2404 0.3071 0.0960 0.1543 0.7248 0.2932 0.2683
1494806400.0000 119550.0000 -2.2231 -1.9803 0.1993 3.0419 48.3056 0.8881 0.4168 0.2259 0.2652 0.0553 0.0881 0.7654 0.2394 0.2215
1494806400.0000 119850.0000 -1.9055 -1.5611 0.1783 2.5609 50.6733 0.9477 0.3541 0.1883 0.1052 0.0584 0.0886 0.7450 0.2853 0.2674
1494806400.0000 120150.0000 -1.4311 -1.6851 0.0971 2.2953 40.3393 0.7520 0.4240 0.2055 0.2448 0.0573 0.0966 0.6908 0.3067 0.2832
1494806400.0000 120450.0000 -1.1936 -1.5030 0.0917 2.0016 38.4530 0.6219 0.4284 0.2226 0.2090 0.1009 0.1445 0.6365 0.3390 0.3083
1494806400.0000 120750.0000 -0.8839 -1.1551 0.1530 1.5831 37.4243 0.6122 0.4641 0.1953 0.1386 0.0545 0.1141 0.6358 0.4452 0.4118
1494806400.0000 121050.0000 -0.8111 -0.9105 0.2392 1.3327 41.6961 0.5610 0.3388 0.1382 0.1585 -0.0114 0.0342 0.5190 0.4734 0.4491
1494806400.0000 121350.0000 -0.4156 -0.6854 0.1086 0.9357 31.2284 0.3143 0.2456 0.0981 0.0724 0.0083 0.0274 0.3290 0.5790 0.5389
1494806400.0000 121650.0000 -0.5007 -0.8560 0.1220 1.0925 30.3280 0.2465 0.2098 0.0993 0.0269 0.0249 0.0360 0.2777 0.4307 0.3932
1494806400.0000 121950.0000 -0.5591 -0.8799 0.1409 1.2082 32.4342 0.4040 0.3098 0.1204 0.0101 0.0206 0.0728 0.4171 0.5013 0.4679
1494806400.0000 122250.0000 -0.6895 -0.8938 0.1183 1.2310 37.6466 0.2989 0.3669 0.1284 0.1191 0.0517 0.0888 0.3971 0.4533 0.4174
1494806400.0000 122550.0000 -0.4901 -1.0328 0.1118 1.2674 25.3843 0.3087 0.4502 0.1339 0.0190 0.0328 0.0712 0.4464 0.4749 0.4399
1494806400.0000 122850.0000 -0.6105 -0.8466 0.0660 1.1547 35.7981 0.3300 0.3287 0.1231 0.0980 0.0399 0.0913 0.3909 0.4881 0.4489
1494806400.0000 123150.0000 -0.3528 -0.5529 0.1498 0.8056 32.5370 0.2546 0.2589 0.1083 0.0585 0.0227 0.0642 0.3109 0.6767 0.6308
1494806400.0000 123450.0000 -0.7006 -1.0516 0.1307 1.3724 33.6725 0.4357 0.4046 0.1425 0.1415 0.0475 0.0973 0.4914 0.4505 0.4188
1494806400.0000 123750.0000 -0.3581 -0.7858 0.1264 1.0073 24.4978 0.2281 0.5193 0.1300 0.0291 0.0371 0.0972 0.4387 0.6197 0.5780
1494806400.0000 124050.0000 -1.4957 -0.7814 0.1487 1.8230 62.4160 1.2882 0.3891 0.1508 0.2700 0.1781 0.0954 0.9140 0.4608 0.4431
1494806400.0000 124350.0000 -0.4519 -0.7036 0.1384 1.0367 32.7092 0.3954 0.7115 0.1211 0.1943 0.0610 0.1011 0.6140 0.7548 0.7264
1494806400.0000 124650.0000 -1.1620 -1.3827 0.0809 1.9195 40.0435 0.8393 0.6781 0.1526 0.3997 0.0543 0.0972 0.8350 0.4127 0.3938
1494806400.0000 124950.0000 -1.3992 -0.9176 0.2552 1.8152 56.7436 1.0717 0.4863 0.1952 0.2478 0.0564 0.0636 0.8766 0.4516 0.4307
1494806400.0000 125250.0000 -2.1402 -1.6476 0.2123 2.8137 52.4100 0.9514 0.5421 0.2617 0.1227 0.0830 0.0543 0.8776 0.2823 0.2612
1494806400.0000 125550.0000 -1.5429 -1.2255 0.1569 2.0943 51.5417 1.1717 0.6048 0.1847 0.4135 0.0767 0.0862 0.9806 0.4091 0.3906
1494806400.0000 125850.0000 -1.4997 -0.8745 0.3013 1.8633 59.7528 0.8468 0.4708 0.2090 0.1465 0.0931 0.0699 0.7633 0.4049 0.3818
1494806400.0000 126150.0000 -1.5494 -1.2455 0.1232 2.0836 51.2047 0.7149 0.4334 0.1748 0.2064 0.1088 0.0685 0.6616 0.3334 0.3112
1494806400.0000 126450.0000 -1.1594 -0.7771 0.1989 1.5576 56.1674 1.0163 0.4056 0.1578 0.2778 -0.0098 0.0019 0.7898 0.5147 0.4932
1494806400.0000 126750.0000 -1.6273 -1.1139 0.1459 2.1087 55.6092 0.9568 0.5084 0.1902 0.1234 0.1157 0.1285 0.8277 0.3757 0.3544
1494806400.0000 127050.0000 -1.3398 -0.8868 0.0755 1.8505 56.4990 1.2695 0.6086 0.1721 -0.0190 0.0304 0.1182 1.0251 0.5139 0.4924
1494806400.0000 127350.0000 -2.5883 -1.2890 0.0640 2.9995 63.5262 1.0782 0.5026 0.2814 0.0171 0.2376 0.0769 0.9311 0.2724 0.2510
1494806400.0000 127650.0000 -1.7339 -0.3971 0.0266 1.9125 77.1005 0.6926 0.4926 0.1547 -0.1802 0.0527 -0.0112 0.6699 0.3756 0.3533
1494806400.0000 127950.0000 -2.0611 -0.1790 0.2007 2.2586 85.0371 1.0551 0.8223 0.2420 0.0983 0.2032 0.1133 1.0597 0.4044 0.3824
1494806400.0000 128250.0000 -3.1174 -0.0038 0.1073 3.1966 89.9301 1.0880 0.4836 0.2210 0.0021 0.1468 -0.0115 0.8963 0.2478 0.2322
1494806400.0000 128550.0000 -1.2418 -0.3979 0.0122 1.4326 72.2322 0.9436 0.1888 0.1520 -0.0535 0.1240 -0.0004 0.6422 0.5018 0.4712
1494806400.0000 128850.0000 -1.0929 -0.6376 0.1412 1.5112 59.7418 0.9692 0.4445 0.1813 0.0508 0.0502 0.0728 0.7975 0.5727 0.5425
1494806400.0000 129150.0000 -2.6626 -0.5383 0.0544 2.7891 78.5695 0.9415 0.3487 0.1984 -0.0571 0.1657 0.0133 0.7443 0.2593 0.2414
1494806400.0000 129450.0000 -1.8135 -0.1863 0.0877 1.9387 84.1337 1.0662 0.3984 0.1557 0.0834 0.1437 0.0030 0.8102 0.4027 0.3833
1494806400.0000 129750.0000 -1.9468 -0.4153 0.1836 2.1120 77.9592 1.0063 0.4813 0.2040 0.1851 0.2106 0.0287 0.8458 0.3756 0.3538
1494806400.0000 130050.0000 -1.9937 -0.5711 0.1149 2.1441 74.0142 0.5609 0.2622 0.1193 -0.0188 0.0846 0.0002 0.4713 0.2699 0.2526
1494806400.0000 130350.0000 -1.7582 -0.6433 0.1090 1.9263 69.9023 0.5214 0.2689 0.0815 0.2112 0.0542 0.0208 0.4359 0.2875 0.2742
1494806400.0000 130650.0000 -1.1193 -0.8729 -0.0277 1.5349 52.0516 0.5392 0.2832 0.1353 0.0777 0.0389 0.0494 0.4789 0.3980 0.3689
1494806400.0000 130950.0000 -1.2306 -0.8235 0.0691 1.6204 56.2100 0.4087 0.4553 0.1052 0.0972 0.0467 0.0426 0.4846 0.3834 0.3624
1494806400.0000 131250.0000 -1.1920 -0.4417 0.1182 1.3879 69.6666 0.5621 0.2857 0.1033 0.1075 0.0741 0.0094 0.4756 0.4410 0.4182
1494806400.0000 131550.0000 -1.5115 -0.7590 0.1171 1.7767 63.3354 0.5645 0.4701 0.1222 0.2807 0.0907 0.0545 0.5784 0.3663 0.3472
1494806400.0000 131850.0000 -1.7919 0.2224 0.1512 1.8804 97.0739 0.8949 0.2590 0.1516 -0.1345 0.1901 -0.0302 0.6527 0.3641 0.3435
1494806400.0000 132150.0000 -1.7749 -0.0976 0.1017 1.9417 86.8538 0.3923 0.6123 0.1653 -0.1444 0.0879 -0.0138 0.5849 0.3507 0.3255
1494806400.0000 132450.0000 -0.8666 -0.4475 -0.0710 1.0497 62.6891 0.4404 0.0811 0.0800 0.0727 0.0387 0.0181 0.3007 0.4579 0.4275
1494806400.0000 132750.0000 -0.9111 -0.1781 -0.0459 1.0272 78.9390 0.1225 0.1666 0.0659 -0.0350 0.0038 0.0424 0.1775 0.3701 0.3344
1494806400.0000 133050.0000 -0.8263 -0.0309 -0.1115 1.0216 87.8567 0.2689 0.3431 0.0996 -0.0212 0.0875 0.0465 0.3558 0.5837 0.5462
1494806400.0000 133350.0000 -0.8338 -0.1534 0.0740 1.1358 79.5735 0.3870 0.4432 0.1036 0.1645 0.0794 0.0110 0.4669 0.6556 0.6205
1494806400.0000 133650.0000 -1.0046 -0.5775 -0.1587 1.2242 60.1079 0.3708 0.1292 0.1325 0.0562 0.0880 0.0186 0.3163 0.3926 0.3523
1494806400.0000 133950.0000 -1.1684 -0.6270 0.1076 1.4085 61.7797 0.5850 0.2203 0.0914 0.1278 0.0566 0.0223 0.4484 0.4110 0.3907
1494806400.0000 134250.0000 -1.1163 -0.8923 0.0490 1.5970 51.3643 0.6776 0.4975 0.1686 0.0498 0.1035 0.1298 0.6719 0.4680 0.4379
1494806400.0000 134550.0000 -0.4062 -0.6591 0.1085 0.8855 31.6452 0.2155 0.2323 0.0964 0.0445 0.0173 0.0899 0.2721 0.5448 0.4991
1494806400.0000 134850.0000 -0.6007 -0.6908 -0.0168 1.0736 41.0075 0.1940 0.2947 0.1094 -0.0869 -0.0082 0.0602 0.2990 0.4876 0.4408
1494806400.0000 135150.0000 -1.6706 -0.3174 -0.0429 1.7610 79.2432 0.3623 0.1804 0.1119 -0.0107 0.0622 0.0258 0.3273 0.2746 0.2501
1494806400.0000 135450.0000 -1.1075 -0.5458 0.0447 1.3810 63.7660 0.8120 0.1923 0.1471 0.0938 0.1112 0.0232 0.5757 0.5014 0.4686
1494806400.0000 135750.0000 -1.4445 -0.1759 -0.1277 1.6108 83.0559 0.3217 0.4106 0.1713 -0.1317 0.0769 -0.0159 0.4518 0.3757 0.3395
1494806400.0000 136050.0000 -0.7509 -0.0556 -0.2572 0.9656 85.7635 0.5324 0.1936 0.1263 -0.1060 0.0118 0.0314 0.4262 0.6699 0.6533
1494806400.0000 136350.0000 -0.8431 -0.5576 -0.0697 1.1772 56.5200 0.3743 0.2740 0.0879 0.1030 -0.0018 0.0216 0.3681 0.4889 0.4599
1494806400.0000 136650.0000 0.1584 -0.7714 0.0808 0.8659 348.3941 0.0964 0.2926 0.1102 -0.0219 -0.0380 0.0715 0.2496 0.5152 0.4572
1494806400.0000 136950.0000 -0.0709 -0.4730 0.0351 0.6656 8.5277 0.1600 0.1945 0.1492 -0.0579 -0.0270 0.0905 0.2518 0.8543 0.7186
1494806400.0000 137250.0000 -0.9222 0.2778 0.0829 1.0442 106.7645 0.3085 0.2607 0.1255 -0.1099 0.0457 0.0147 0.3474 0.4978 0.4523
1494806400.0000 137550.0000 -0.8830 -0.4931 0.1118 1.1163 60.8168 0.3573 0.2026 0.1034 0.0433 0.0464 0.0266 0.3316 0.4621 0.4271
1494806400.0000 137850.0000 -0.6584 -0.6775 0.0396 1.1559 44.1789 0.6519 0.4083 0.1073 0.2186 0.0294 0.0921 0.5838 0.6598 0.6293
1494806400.0000 138150.0000 -1.0207 -0.2909 0.0134 1.1283 74.0907 0.2985 0.1516 0.0773 0.0461 0.0816 0.0137 0.2637 0.3950 0.3650
1494806400.0000 138450.0000 -1.5275 -0.4642 0.0508 1.7039 73.0970 0.6212 0.3614 0.1385 0.0120 0.1083 0.0492 0.5606 0.3827 0.3585
1494806400.0000 138750.0000 -1.0140 -1.3942 -0.0482 1.8967 36.0267 0.7237 0.5227 0.1756 0.0242 0.0161 0.1843 0.7110 0.3992 0.3739
1494806400.0000 139050.0000 -0.4350 -0.0813 -0.0362 0.8290 79.4140 0.4100 0.3057 0.0752 -0.0061 0.0456 0.0560 0.3954 1.1564 1.1038
1494806400.0000 139350.0000 -1.2040 -0.3340 0.0580 1.3570 74.4939 0.3898 0.1702 0.0809 -0.1048 0.0655 -0.0031 0.3205 0.3695 0.3458
1494806400.0000 139650.0000 -1.1146 0.2419 0.0218 1.2326 102.2434 0.3405 0.2359 0.1072 -0.1091 0.1158 0.0043 0.3418 0.4185 0.3843
1494806400.0000 139950.0000 -1.3094 -0.1344 0.0862 1.4291 84.1401 0.5950 0.2022 0.0930 0.0591 0.1306 0.0020 0.4451 0.4129 0.3916
1494806400.0000 140250.0000 -1.6363 -0.2947 0.0277 1.7080 79.7921 0.2202 0.1420 0.0739 -0.0244 0.0490 0.0072 0.2181 0.2293 0.2090
1494806400.0000 140550.0000 -0.8768 -0.2568 0.0466 0.9798 73.6758 0.1271 0.1112 0.0350 -0.0313 0.0260 0.0004 0.1367 0.3299 0.3085
1494806400.0000 140850.0000 -0.9903 -0.1388 0.0086 1.0955 82.0216 0.2021 0.2112 0.0833 0.0167 0.0516 -0.0239 0.2483 0.4068 0.3712
1494806400.0000 141150.0000 -0.7689 -0.7351 0.0268 1.1206 46.2879 0.2268 0.1777 0.0755 0.0932 0.0359 0.0518 0.2400 0.3759 0.3452
1494806400.0000 141450.0000 -0.3648 -0.6345 0.0361 0.8972 29.8979 0.1867 0.3612 0.0894 -0.0421 0.0103 0.0986 0.3186 0.6290 0.5839
1494806400.0000 141750.0000 -0.3335 -0.4835 0.0798 0.6842 34.6007 0.0865 0.2001 0.0577 0.0301 0.0017 0.0550 0.1721 0.5715 0.5262
1494806400.0000 142050.0000 -0.2436 -0.2952 0.0338 0.4901 39.5298 0.0815 0.0841 0.0549 0.0125 0.0083 0.0303 0.1102 0.7055 0.6139
1494806400.0000 142350.0000 -0.2057 -0.5971 -0.0978 0.7104 19.0124 0.0736 0.1691 0.0514 -0.0018 -0.0011 0.0432 0.1470 0.4899 0.4503
1494806400.0000 142650.0000 -0.2814 -0.5056 0.0285 0.6923 29.1006 0.1470 0.1098 0.0577 0.0130 0.0154 0.0422 0.1572 0.5588 0.5056
1494806400.0000 142950.0000 -0.1529 -0.3886 0.0626 0.5897 21.4750 0.1206 0.3414 0.1382 0.0482 0.0240 0.1472 0.3001 1.0593 0.9398
1494806400.0000 143250.0000 -0.4130 -1.0038 -0.1054 1.1776 22.3646 0.2382 0.1362 0.1187 0.0163 0.0106 0.0404 0.2466 0.3718 0.3255
1494806400.0000 143550.0000 -0.9129 -0.1649 -0.0534 1.0590 79.7620 0.3492 0.1981 0.0847 -0.0979 0.0429 0.0222 0.3160 0.4940 0.4605
1494806400.0000 143850.0000 -0.1037 -0.3886 0.0328 0.7532 14.9461 0.3896 0.1524 0.1270 0.0728 0.0008 0.0369 0.3345 1.1703 1.0568
1494806400.0000 144150.0000 -0.0557 -0.1162 0.1862 0.5153 25.6053 0.1869 0.2346 0.1085 -0.0202 0.0148 0.0460 0.2650 1.8563 2.9101
1494806400.0000 144450.0000 -0.1830 -0.1537 0.1881 0.4691 49.9792 0.1459 0.1362 0.0969 -0.0157 0.0027 0.0418 0.1895 1.1685 1.2829
1494806400.0000 144750.0000 -0.0835 -0.7729 -0.0330 0.9594 6.1678 0.1974 0.5233 0.1477 0.0077 -0.0189 0.1129 0.4342 0.6915 0.6305
1494806400.0000 145050.0000 -0.4215 -1.0275 -0.0122 1.2073 22.3060 0.2714 0.2739 0.1295 0.0872 0.0381 0.1075 0.3374 0.4270 0.3839
1494806400.0000 145350.0000 -0.3407 -1.1308 -0.0520 1.2430 16.7696 0.1438 0.2503 0.1035 -0.0102 0.0159 0.0829 0.2488 0.3445 0.3069
1494806400.0000 145650.0000 -0.7096 -0.5420 -0.0161 1.1487 52.6270 0.3243 0.4092 0.0748 -0.1294 0.0396 0.0581 0.4042 0.5812 0.5537
1494806400.0000 145950.0000 -0.2468 -0.7326 -0.0683 0.9544 18.6209 0.2619 0.3118 0.0895 -0.0185 0.0336 0.0500 0.3316 0.6059 0.5657
1494806400.0000 146250.0000 -0.5323 -1.1057 -0.2989 1.3505 25.7055 0.2078 0.2578 0.0853 -0.1306 0.0242 0.0147 0.2755 0.3393 0.3210
1494806400.0000 146550.0000 0.0755 -1.0001 -0.0899 1.0740 355.6855 0.1702 0.2287 0.0456 -0.0548 -0.0293 0.0468 0.2222 0.3822 0.3636
1494806400.0000 146850.0000 -0.0150 -0.6681 -0.0149 0.7070 1.2881 0.0594 0.0878 0.0431 0.0118 0.0001 0.0283 0.0952 0.3769 0.3315
1494806400.0000 147150.0000 -0.2361 -0.5714 -0.0611 0.6398 22.4537 0.0380 0.0466 0.0180 0.0172 0.0099 0.0094 0.0513 0.2977 0.2716
1494806400.0000 147450.0000 -0.0274 -0.6697 -0.0388 0.7134 2.3443 0.0644 0.0598 0.0306 -0.0108 -0.0105 0.0140 0.0774 0.3384 0.3036
1494806400.0000 147750.0000 -0.2782 -0.4794 0.0096 0.6068 30.1245 0.0966 0.0889 0.0441 0.0319 0.0183 0.0295 0.1148 0.4991 0.4487
1494806400.0000 148050.0000 -0.0721 -0.5339 0.0043 0.6134 7.6916 0.0819 0.0854 0.0501 -0.0022 0.0116 0.0260 0.1086 0.4996 0.4383
1494806400.0000 148350.0000 -0.4457 -0.5871 -0.1258 0.7758 37.2054 0.0704 0.0546 0.0216 0.0069 0.0027 0.0138 0.0733 0.2957 0.2769
1494806400.0000 148650.0000 0.2836 -0.7375 -0.2225 0.8600 338.9644 0.1527 0.1059 0.0212 -0.0592 -0.0183 0.0151 0.1399 0.3720 0.3716
1494806400.0000 148950.0000 0.3627 -0.9048 -0.0538 1.0587 338.1544 0.1251 0.2528 0.0995 -0.0086 -0.0328 0.0973 0.2387 0.4086 0.3641
1494806400.0000 149250.0000 0.5619 -1.3197 -0.2294 1.4827 336.9381 0.1394 0.1529 0.0624 -0.0057 -0.0261 0.0256 0.1773 0.2367 0.2176
1494806400.0000 149550.0000 0.3178 -1.3266 -0.1370 1.4090 346.5284 0.1158 0.2303 0.0919 -0.0014 -0.0312 0.0706 0.2190 0.2787 0.2490
1494806400.0000 149850.0000 0.3964 -0.9456 -0.0935 1.0918 337.2574 0.1239 0.1694 0.0688 0.0043 -0.0268 0.0541 0.1811 0.3375 0.3050
1494806400.0000 150150.0000 0.4845 -1.0997 -0.1233 1.2538 336.2213 0.1711 0.1245 0.0709 -0.0581 -0.0396 0.0509 0.1832 0.2893 0.2612
1494806400.0000 150450.0000 0.4752 -1.4844 -0.1523 1.6116 342.2490 0.1662 0.2020 0.0937 -0.0067 -0.0320 0.0691 0.2310 0.2506 0.2248
1494806400.0000 150750.0000 0.1213 -1.1646 -0.0586 1.2377 354.0514 0.1572 0.2215 0.1026 -0.0126 -0.0194 0.0981 0.2406 0.3416 0.3034
1494806400.0000 151050.0000 0.0272 -1.0841 -0.0105 1.1435 358.5606 0.1252 0.2420 0.1089 0.0301 -0.0129 0.0825 0.2381 0.3673 0.3226
