1494720000.0000 150.0000 -0.2916 0.3077 0.0390 0.4340 136.5344 0.0111 0.0120 0.0056 -0.0026 0.0033 -0.0021 0.0143 0.2294 0.2067
1494720000.0000 450.0000 -0.3368 0.4663 0.0073 0.5867 144.1624 0.0180 0.0170 0.0061 -0.0050 0.0028 -0.0044 0.0205 0.2034 0.1878
1494720000.0000 750.0000 -0.2495 0.4073 0.0160 0.4877 148.5118 0.0136 0.0190 0.0041 -0.0065 0.0005 -0.0020 0.0184 0.2315 0.2184
1494720000.0000 1050.0000 -0.3726 0.4355 0.0304 0.5838 139.4506 0.0214 0.0304 0.0100 -0.0134 0.0079 -0.0083 0.0309 0.2500 0.2293
1494720000.0000 1350.0000 -0.3738 0.4549 0.0177 0.5991 140.5945 0.0148 0.0211 0.0069 -0.0053 0.0041 -0.0037 0.0214 0.2028 0.1858
1494720000.0000 1650.0000 -0.3533 0.3777 0.0012 0.5340 136.9109 0.0199 0.0210 0.0057 -0.0026 0.0046 -0.0018 0.0233 0.2409 0.2258
1494720000.0000 1950.0000 -0.3614 0.4628 0.0262 0.6135 142.0148 0.0427 0.0523 0.0157 -0.0183 0.0101 -0.0122 0.0554 0.3270 0.3032
1494720000.0000 2250.0000 -0.3040 0.3651 0.0067 0.4996 140.2192 0.0321 0.0375 0.0127 -0.0119 0.0058 -0.0118 0.0411 0.3484 0.3204
1494720000.0000 2550.0000 -0.4787 0.5383 -0.0247 0.7329 138.3521 0.0391 0.0296 0.0124 -0.0178 0.0115 -0.0105 0.0406 0.2282 0.2101
1494720000.0000 2850.0000 -0.1655 0.4207 -0.0114 0.4731 158.5277 0.0189 0.0339 0.0061 -0.0002 0.0024 -0.0073 0.0294 0.3097 0.2933
1494720000.0000 3150.0000 -0.2023 0.3060 0.0079 0.3905 146.5319 0.0099 0.0278 0.0054 0.0021 0.0017 -0.0063 0.0215 0.3264 0.3053
1494720000.0000 3450.0000 -0.1386 0.2457 0.0196 0.2936 150.5744 0.0067 0.0063 0.0030 -0.0008 0.0007 -0.0017 0.0080 0.2582 0.2336
1494720000.0000 3750.0000 -0.2126 0.3440 0.0197 0.4152 148.2903 0.0114 0.0142 0.0044 -0.0038 0.0005 -0.0017 0.0150 0.2471 0.2286
1494720000.0000 4050.0000 -0.3263 0.4214 0.0399 0.5458 142.2472 0.0266 0.0430 0.0082 -0.0194 0.0038 -0.0048 0.0389 0.3012 0.2857
1494720000.0000 4350.0000 -0.2817 0.3118 0.0169 0.4343 137.9032 0.0159 0.0242 0.0067 -0.0084 0.0045 -0.0056 0.0234 0.2970 0.2751
1494720000.0000 4650.0000 -0.2568 0.2054 0.0451 0.3466 128.6575 0.0342 0.0121 0.0047 -0.0102 0.0043 -0.0028 0.0255 0.3929 0.3779
1494720000.0000 4950.0000 -0.1118 0.1628 0.0732 0.2214 145.5264 0.0137 0.0048 0.0032 0.0005 0.0002 -0.0006 0.0109 0.4040 0.3977
1494720000.0000 5250.0000 -0.1592 0.2074 0.0284 0.2799 142.4959 0.0085 0.0127 0.0056 -0.0022 -0.0005 -0.0050 0.0134 0.3596 0.3215
1494720000.0000 5550.0000 -0.1132 0.1675 0.0468 0.2156 145.9485 0.0106 0.0108 0.0034 -0.0047 0.0000 -0.0011 0.0124 0.4373 0.4171
1494720000.0000 5850.0000 -0.1277 0.0591 0.0271 0.2057 114.8389 0.0299 0.0062 0.0036 0.0050 -0.0025 -0.0007 0.0199 0.8037 0.7806
1494720000.0000 6150.0000 -0.1020 0.2902 0.0173 0.3612 160.6371 0.0294 0.0253 0.0050 0.0054 -0.0019 -0.0069 0.0298 0.4577 0.4387
1494720000.0000 6450.0000 -0.1080 0.1345 0.0114 0.1877 141.2281 0.0052 0.0051 0.0020 -0.0002 0.0009 -0.0011 0.0061 0.3692 0.3384
1494720000.0000 6750.0000 -0.0900 0.0853 0.0082 0.1585 133.4586 0.0073 0.0089 0.0028 -0.0044 0.0003 -0.0012 0.0095 0.6409 0.5927
1494720000.0000 7050.0000 -0.1662 0.0864 0.0379 0.3353 117.4728 0.0656 0.0345 0.0114 0.0407 -0.0102 -0.0107 0.0558 1.0091 0.9753
1494720000.0000 7350.0000 -0.1147 0.1050 -0.0033 0.2404 132.4601 0.0267 0.0157 0.0051 0.0001 -0.0036 -0.0032 0.0237 0.8084 0.7638
1494720000.0000 7650.0000 -0.2007 0.2277 -0.0332 0.3166 138.6003 0.0076 0.0112 0.0026 -0.0002 0.0024 -0.0029 0.0107 0.2767 0.2609
1494720000.0000 7950.0000 -0.0452 0.2120 -0.0498 0.2413 167.9791 0.0076 0.0179 0.0049 0.0064 0.0003 -0.0012 0.0152 0.4519 0.4246
1494720000.0000 8250.0000 -0.1820 0.2870 -0.0087 0.3601 147.6166 0.0104 0.0278 0.0054 -0.0029 0.0023 -0.0041 0.0218 0.3544 0.3317
1494720000.0000 8550.0000 0.0021 0.3108 0.0292 0.3772 180.3805 0.0525 0.0156 0.0064 0.0081 -0.0008 -0.0037 0.0373 0.5049 0.4848
1494720000.0000 8850.0000 -0.0804 0.2604 0.0037 0.3988 162.8432 0.0606 0.0439 0.0107 0.0399 -0.0108 -0.0147 0.0576 0.7191 0.6848
1494720000.0000 9150.0000 -0.1704 0.2447 0.0374 0.3493 145.1458 0.0395 0.0180 0.0093 -0.0003 0.0027 -0.0091 0.0334 0.4967 0.4645
1494720000.0000 9450.0000 -0.1823 0.1836 -0.0089 0.3079 135.2083 0.0195 0.0130 0.0031 0.0101 -0.0019 -0.0033 0.0178 0.4206 0.4023
1494720000.0000 9750.0000 -0.1452 0.2753 -0.0042 0.3504 152.1851 0.0319 0.0122 0.0060 -0.0058 0.0048 -0.0060 0.0250 0.4152 0.3894
1494720000.0000 10050.0000 0.0823 0.2306 -0.0008 0.2911 199.6402 0.0215 0.0138 0.0041 -0.0118 0.0023 -0.0026 0.0197 0.4679 0.4430
1494720000.0000 10350.0000 -0.1506 0.3568 0.0305 0.4016 157.1222 0.0098 0.0106 0.0035 0.0023 -0.0004 -0.0025 0.0119 0.2297 0.2127
1494720000.0000 10650.0000 -0.2034 0.4559 -0.0265 0.5249 155.9633 0.0120 0.0633 0.0122 -0.0009 -0.0004 -0.0177 0.0437 0.3414 0.3172
1494720000.0000 10950.0000 -0.2388 0.1574 0.0363 0.3055 123.3897 0.0166 0.0131 0.0045 -0.0043 0.0002 -0.0020 0.0171 0.3703 0.3481
1494720000.0000 11250.0000 -0.1242 0.2253 0.0133 0.2696 151.1430 0.0061 0.0059 0.0021 0.0004 0.0001 -0.0015 0.0070 0.2658 0.2452
1494720000.0000 11550.0000 -0.2837 0.2021 0.0611 0.3727 125.4681 0.0214 0.0133 0.0068 0.0055 -0.0024 -0.0042 0.0207 0.3324 0.3085
1494720000.0000 11850.0000 -0.2804 0.5039 0.0250 0.5981 150.9056 0.0362 0.0543 0.0123 -0.0183 0.0048 -0.0109 0.0514 0.3208 0.3013
1494720000.0000 12150.0000 -0.2728 0.3899 0.0334 0.4915 145.0210 0.0316 0.0332 0.0104 -0.0196 0.0060 -0.0080 0.0376 0.3319 0.3088
1494720000.0000 12450.0000 -0.0750 0.3526 0.0656 0.3799 167.9866 0.0137 0.0396 0.0132 0.0010 0.0003 -0.0125 0.0332 0.4062 0.3696
1494720000.0000 12750.0000 -0.0846 0.1668 0.0512 0.2273 153.1062 0.0153 0.0237 0.0087 -0.0075 0.0062 -0.0033 0.0238 0.6500 0.6091
1494720000.0000 13050.0000 0.1553 -0.2473 0.0635 0.4506 327.8706 0.0915 0.0711 0.0188 -0.0407 -0.0184 0.0047 0.0908 0.8231 0.7974
1494720000.0000 13350.0000 0.4754 -0.5704 -0.0831 0.7615 320.1902 0.0331 0.0337 0.0200 -0.0079 -0.0136 0.0131 0.0434 0.2276 0.2009
1494720000.0000 13650.0000 0.2032 -0.2842 0.0330 0.3730 324.4337 0.0181 0.0229 0.0114 -0.0042 -0.0054 0.0016 0.0262 0.3769 0.3347
1494720000.0000 13950.0000 0.1821 -0.1577 0.0030 0.3037 310.8906 0.0403 0.0253 0.0075 -0.0155 -0.0027 -0.0002 0.0365 0.6478 0.6138
1494720000.0000 14250.0000 -0.1182 0.1405 -0.0181 0.2359 139.9427 0.0052 0.0362 0.0033 -0.0032 0.0005 -0.0065 0.0224 0.6622 0.6401
1494720000.0000 14550.0000 -0.0495 0.2077 0.0040 0.2386 166.6053 0.0120 0.0139 0.0030 -0.0079 0.0031 -0.0031 0.0144 0.4594 0.4347
1494720000.0000 14850.0000 0.0268 0.0808 0.0259 0.1302 198.3777 0.0087 0.0034 0.0023 0.0024 -0.0014 -0.0009 0.0073 0.7821 0.7488
1494720000.0000 15150.0000 -0.2471 0.1611 0.0294 0.3058 123.1086 0.0089 0.0055 0.0036 -0.0003 0.0025 -0.0018 0.0090 0.2613 0.2353
1494720000.0000 15450.0000 -0.1055 0.1489 0.0587 0.2648 144.6801 0.0344 0.0152 0.0041 0.0066 -0.0038 -0.0037 0.0269 0.6984 0.7048
1494720000.0000 15750.0000 -0.1864 0.2253 0.0296 0.3371 140.4051 0.0221 0.0282 0.0068 0.0041 0.0019 -0.0090 0.0286 0.4695 0.4428
1494720000.0000 16050.0000 -0.1501 0.1213 0.0446 0.2724 128.9393 0.0391 0.0184 0.0088 0.0044 -0.0040 -0.0037 0.0331 0.7503 0.7171
1494720000.0000 16350.0000 0.0641 0.2429 0.0548 0.3384 194.7915 0.0569 0.0090 0.0058 0.0121 -0.0016 -0.0031 0.0359 0.6015 0.5900
1494720000.0000 16650.0000 -0.1332 0.2848 -0.0001 0.3302 154.9257 0.0117 0.0140 0.0039 -0.0036 0.0025 -0.0037 0.0149 0.3165 0.2949
1494720000.0000 16950.0000 -0.0244 0.2477 -0.0292 0.2885 174.3703 0.0096 0.0253 0.0051 0.0051 -0.0010 -0.0068 0.0200 0.4610 0.4334
1494720000.0000 17250.0000 -0.0265 -0.1050 0.0635 0.1462 14.1436 0.0083 0.0105 0.0077 -0.0047 -0.0002 -0.0024 0.0133 0.7499 0.7326
1494720000.0000 17550.0000 -0.0532 0.1228 -0.0029 0.2177 156.5775 0.0106 0.0392 0.0053 -0.0086 0.0041 -0.0054 0.0276 1.0126 0.9626
1494720000.0000 17850.0000 -0.1115 0.2166 -0.0018 0.3230 152.7537 0.0473 0.0149 0.0070 0.0048 -0.0014 -0.0055 0.0346 0.6234 0.5911
1494720000.0000 18150.0000 -0.0789 0.2706 0.0341 0.2918 163.7404 0.0081 0.0095 0.0034 -0.0043 0.0013 -0.0029 0.0105 0.2947 0.2718
1494720000.0000 18450.0000 -0.1574 0.2629 0.0430 0.3233 149.0908 0.0091 0.0111 0.0036 0.0008 0.0008 -0.0028 0.0119 0.2879 0.2680
1494720000.0000 18750.0000 -0.0833 0.2177 0.0221 0.2416 159.0549 0.0063 0.0067 0.0022 -0.0029 0.0003 -0.0011 0.0076 0.3034 0.2821
1494720000.0000 19050.0000 -0.1439 0.3487 -0.0166 0.3985 157.5765 0.0152 0.0153 0.0050 0.0023 -0.0021 -0.0045 0.0178 0.2884 0.2675
1494720000.0000 19350.0000 -0.3262 0.4692 0.0151 0.5966 145.1944 0.0337 0.0764 0.0229 -0.0232 0.0053 -0.0183 0.0664 0.3682 0.3352
1494720000.0000 19650.0000 -0.2464 0.2728 0.0477 0.3887 137.9052 0.0418 0.0593 0.0150 -0.0330 0.0124 -0.0164 0.0581 0.5307 0.4994
1494720000.0000 19950.0000 -0.3355 0.0145 0.0323 0.4145 92.4815 0.1014 0.0421 0.0266 -0.0034 0.0000 0.0062 0.0851 0.7059 0.6513
1494720000.0000 20250.0000 -0.4463 0.2483 0.0641 0.5538 119.0875 0.0678 0.0342 0.0153 0.0099 0.0045 -0.0068 0.0586 0.3840 0.3609
1494720000.0000 20550.0000 -0.4163 0.2588 0.0424 0.5157 121.8633 0.0498 0.0176 0.0116 0.0005 0.0089 -0.0043 0.0395 0.3297 0.3056
1494720000.0000 20850.0000 -0.4182 0.3201 0.0246 0.5547 127.4347 0.0385 0.0412 0.0129 -0.0110 0.0117 -0.0107 0.0463 0.3332 0.3095
1494720000.0000 21150.0000 -0.4623 0.1116 0.0981 0.5299 103.5754 0.0795 0.0499 0.0279 -0.0020 0.0223 -0.0049 0.0787 0.4716 0.4367
1494720000.0000 21450.0000 -0.4306 0.2765 0.0595 0.5478 122.7012 0.0612 0.0511 0.0176 -0.0122 0.0154 -0.0094 0.0649 0.4037 0.3780
1494720000.0000 21750.0000 -0.7986 0.4095 -0.0140 0.9598 117.1482 0.1544 0.1067 0.0410 0.0066 0.0364 -0.0203 0.1511 0.3536 0.3287
1494720000.0000 22050.0000 -0.5967 0.4949 0.0102 0.8197 129.6704 0.1633 0.0984 0.0250 -0.0406 0.0373 -0.0212 0.1433 0.3987 0.3810
1494720000.0000 22350.0000 -0.3418 0.5525 0.0243 0.6769 148.2555 0.0700 0.0720 0.0296 -0.0417 0.0239 -0.0209 0.0858 0.3679 0.3349
1494720000.0000 22650.0000 -0.3778 0.3734 0.0337 0.5856 134.6679 0.1096 0.0566 0.0283 -0.0251 0.0211 -0.0159 0.0973 0.4784 0.4431
1494720000.0000 22950.0000 -0.3589 0.4388 0.0213 0.6297 140.7159 0.1074 0.0719 0.0354 -0.0101 0.0194 -0.0202 0.1074 0.4716 0.4313
1494720000.0000 23250.0000 -0.5489 0.6135 0.0060 0.8727 138.1803 0.1527 0.1411 0.0521 -0.0802 0.0488 -0.0450 0.1729 0.4125 0.3802
1494720000.0000 23550.0000 -0.5644 0.3088 0.0216 0.6760 118.6861 0.0796 0.0503 0.0234 -0.0189 0.0135 -0.0155 0.0766 0.3510 0.3233
1494720000.0000 23850.0000 -0.4426 0.4117 0.0436 0.6344 132.9295 0.0536 0.0682 0.0254 -0.0238 0.0160 -0.0199 0.0736 0.3654 0.3333
1494720000.0000 24150.0000 -0.4334 0.4305 0.0333 0.6644 134.8071 0.0809 0.0695 0.0396 -0.0122 0.0104 -0.0265 0.0950 0.4113 0.3665
1494720000.0000 24450.0000 -0.4335 0.4638 0.0199 0.6724 136.9323 0.0821 0.1065 0.0327 -0.0439 0.0264 -0.0300 0.1107 0.4277 0.3950
1494720000.0000 24750.0000 -0.4642 0.5402 0.0191 0.7726 139.3240 0.0902 0.1021 0.0395 -0.0140 0.0177 -0.0315 0.1159 0.3901 0.3554
1494720000.0000 25050.0000 -0.6320 0.7933 -0.0172 1.0661 141.4593 0.1604 0.1819 0.0534 -0.0669 0.0464 -0.0524 0.1979 0.3580 0.3331
1494720000.0000 25350.0000 -0.7845 0.7312 0.0431 1.1405 132.9862 0.2986 0.2272 0.0994 -0.1004 0.0860 -0.0784 0.3126 0.4253 0.3903
1494720000.0000 25650.0000 -0.5394 0.6492 0.0019 0.9001 140.2766 0.1579 0.1372 0.0499 -0.0598 0.0436 -0.0380 0.1725 0.4018 0.3716
1494720000.0000 25950.0000 -0.5760 0.6024 0.0012 0.8849 136.2829 0.1361 0.1582 0.0496 -0.0427 0.0365 -0.0519 0.1720 0.4063 0.3758
1494720000.0000 26250.0000 -0.6365 0.7697 -0.0071 1.0625 140.4127 0.2079 0.1794 0.0578 -0.0731 0.0408 -0.0512 0.2225 0.3856 0.3598
1494720000.0000 26550.0000 -0.3741 0.7381 0.0098 0.8727 153.1214 0.1019 0.1690 0.0616 -0.0517 0.0319 -0.0624 0.1663 0.4023 0.3631
1494720000.0000 26850.0000 -0.6302 0.6324 0.0141 0.9492 135.0982 0.1106 0.1763 0.0435 -0.0449 0.0363 -0.0408 0.1652 0.3716 0.3463
1494720000.0000 27150.0000 -0.5299 0.4647 0.0560 0.7629 131.2502 0.0920 0.1078 0.0472 -0.0216 0.0292 -0.0208 0.1235 0.4059 0.3662
1494720000.0000 27450.0000 -0.8398 0.5555 0.0107 1.0799 123.4810 0.2210 0.2087 0.0665 -0.0969 0.0662 -0.0564 0.2481 0.4039 0.3759
1494720000.0000 27750.0000 -0.4791 0.4543 0.0398 0.7066 133.4781 0.1276 0.0902 0.0311 -0.0473 0.0331 -0.0267 0.1245 0.4355 0.4081
1494720000.0000 28050.0000 -0.7314 0.4035 -0.0185 0.8842 118.8872 0.1988 0.0758 0.0432 -0.0251 0.0396 -0.0064 0.1589 0.3896 0.3622
1494720000.0000 28350.0000 -0.8246 0.4802 0.0245 1.0117 120.2163 0.3042 0.1193 0.0613 -0.0697 0.0581 -0.0436 0.2424 0.4212 0.3938
1494720000.0000 28650.0000 -0.7503 0.0522 0.0823 0.9269 93.9762 0.2608 0.3407 0.1113 0.0578 0.0951 0.0294 0.3565 0.6443 0.5954
1494720000.0000 28950.0000 -1.0934 -0.5521 -0.1393 1.3933 63.2076 0.4478 0.4202 0.1553 0.0356 0.1013 0.0273 0.5116 0.4738 0.4391
1494720000.0000 29250.0000 -0.6774 -0.9927 0.0181 1.3373 34.3069 0.3102 0.4695 0.1542 0.0445 0.0629 0.0757 0.4670 0.4642 0.4242
1494720000.0000 29550.0000 -0.9067 -0.4503 -0.0312 1.1691 63.5874 0.2450 0.3562 0.1471 0.1056 0.0877 0.0743 0.3742 0.4931 0.4422
1494720000.0000 29850.0000 -0.9601 -0.7874 -0.0125 1.3356 50.6460 0.3105 0.3362 0.1502 0.1027 0.0944 0.0828 0.3984 0.4150 0.3739
1494720000.0000 30150.0000 -0.7528 0.1778 0.0835 0.8998 103.2882 0.2200 0.2005 0.0822 0.0073 0.0574 0.0013 0.2514 0.5262 0.4841
1494720000.0000 30450.0000 -0.8801 0.5194 0.0131 1.0833 120.5460 0.1921 0.1688 0.0781 -0.0484 0.0570 -0.0486 0.2195 0.3743 0.3394
1494720000.0000 30750.0000 -0.8107 0.9620 -0.0087 1.3242 139.8785 0.2171 0.3404 0.0708 -0.1118 0.0611 -0.0790 0.3141 0.3638 0.3427
1494720000.0000 31050.0000 -0.9234 0.8187 -0.0248 1.2902 131.5606 0.2667 0.2098 0.0692 -0.0914 0.0751 -0.0583 0.2729 0.3455 0.3230
1494720000.0000 31350.0000 -1.1417 0.9206 -0.0472 1.5205 128.8797 0.3153 0.2295 0.0746 -0.1037 0.0820 -0.0530 0.3097 0.3096 0.2906
1494720000.0000 31650.0000 -0.9463 0.5583 0.0228 1.1674 120.5409 0.2324 0.1269 0.0738 -0.0018 0.0550 -0.0391 0.2166 0.3458 0.3150
1494720000.0000 31950.0000 -0.4506 0.5537 -0.0354 0.8582 140.8595 0.2848 0.1529 0.0561 -0.0724 0.0328 -0.0467 0.2469 0.5676 0.5350
1494720000.0000 32250.0000 -0.3840 -0.0498 0.1188 0.5079 82.6076 0.1638 0.0515 0.0303 0.0107 0.0179 0.0074 0.1228 0.7063 0.6918
1494720000.0000 32550.0000 0.0076 0.3007 0.1014 0.4402 181.4499 0.0706 0.1678 0.0554 0.0345 0.0039 -0.0488 0.1469 0.9858 0.9371
1494720000.0000 32850.0000 0.0464 0.6711 -0.0298 0.7438 183.9555 0.0851 0.1047 0.0425 -0.0178 0.0107 -0.0337 0.1161 0.4132 0.3739
1494720000.0000 33150.0000 -0.4211 0.5368 0.0386 0.7848 141.8861 0.2347 0.1413 0.0524 -0.0806 0.0592 -0.0409 0.2142 0.5530 0.5189
1494720000.0000 33450.0000 0.2751 -0.3121 0.1728 0.5567 318.6040 0.1096 0.1794 0.0541 -0.0160 -0.0346 0.0308 0.1716 0.7507 0.7460
1494720000.0000 33750.0000 0.3487 -0.5651 0.0565 0.7461 328.3231 0.1232 0.1682 0.1120 -0.0293 -0.0688 0.0621 0.2017 0.5503 0.4694
1494720000.0000 34050.0000 0.4140 -0.4897 0.0333 0.7653 319.7913 0.1932 0.1611 0.0953 0.0074 -0.0296 0.0263 0.2248 0.6029 0.5359
1494720000.0000 34350.0000 0.2684 -0.1568 0.0289 0.4610 300.2904 0.1060 0.0695 0.0849 -0.0279 -0.0573 0.0168 0.1302 0.9439 0.7783
1494720000.0000 34650.0000 -0.1785 -0.2727 -0.0525 0.5066 33.1964 0.1358 0.0765 0.0444 0.0392 -0.0134 -0.0070 0.1284 0.8861 0.8162
1494720000.0000 34950.0000 -0.1471 -0.3980 0.1049 0.5011 20.2898 0.0653 0.0611 0.0466 -0.0053 0.0007 0.0048 0.0865 0.5493 0.4837
1494720000.0000 35250.0000 -0.4054 -0.1797 0.1802 0.5810 66.1020 0.0690 0.1473 0.0469 0.0302 0.0113 -0.0073 0.1316 0.6188 0.6055
1494720000.0000 35550.0000 -0.2749 0.2087 0.1200 0.4387 127.2041 0.1325 0.0635 0.0414 -0.0163 0.0398 -0.0012 0.1187 0.7698 0.7405
1494720000.0000 35850.0000 -0.9973 0.0706 -0.0290 1.0691 94.0496 0.2447 0.1227 0.0539 0.0199 0.0481 0.0062 0.2106 0.3746 0.3500
1494720000.0000 36150.0000 -0.3846 0.3515 -0.0002 0.6415 132.4267 0.1135 0.2135 0.0619 -0.0447 0.0330 -0.0332 0.1944 0.6910 0.6337
1494720000.0000 36450.0000 -1.1966 0.7086 -0.0308 1.4952 120.6322 0.2903 0.2853 0.1364 0.0194 0.0598 -0.0782 0.3560 0.3502 0.3150
1494720000.0000 36750.0000 -1.6091 0.4301 -0.0064 1.7953 104.9650 0.6568 0.2823 0.1481 0.1247 0.1279 -0.0348 0.5436 0.3614 0.3359
1494720000.0000 37050.0000 -1.3437 0.0952 -0.0987 1.4842 94.0515 0.5699 0.2299 0.1063 -0.0685 0.0812 -0.0180 0.4531 0.4069 0.3833
1494720000.0000 37350.0000 -0.7926 0.2004 0.0800 1.3351 104.1863 0.5444 1.0130 0.1813 -0.3210 0.1464 -0.1487 0.8693 0.9267 0.8813
1494720000.0000 37650.0000 -0.5483 0.8489 -0.0667 1.0726 147.1431 0.1782 0.1972 0.0879 -0.0858 0.0638 -0.0612 0.2317 0.3880 0.3500
1494720000.0000 37950.0000 0.1001 0.3001 -0.0474 0.6435 198.4548 0.2940 0.1807 0.0893 -0.1112 0.0104 0.0066 0.2820 1.3555 1.2575
1494720000.0000 38250.0000 0.8127 0.0767 -0.0452 0.9843 264.6085 0.3193 0.2178 0.1056 0.0653 -0.0756 -0.0201 0.3213 0.5661 0.5183
1494720000.0000 38550.0000 0.2718 -0.3108 0.1223 0.5386 318.8264 0.0959 0.1154 0.0717 0.0061 -0.0379 0.0129 0.1415 0.7133 0.6427
1494720000.0000 38850.0000 -0.4073 0.5466 0.0453 0.7887 143.3098 0.1643 0.2309 0.0535 -0.1271 0.0479 -0.0579 0.2244 0.5661 0.5324
1494720000.0000 39150.0000 -0.4460 0.4775 -0.0095 0.7098 136.9535 0.1453 0.1168 0.0448 -0.0487 0.0421 -0.0363 0.1534 0.4894 0.4523
1494720000.0000 39450.0000 -0.9058 0.0231 -0.1714 1.0198 91.4590 0.1956 0.2393 0.1114 0.0286 0.0125 -0.0146 0.2731 0.4628 0.4202
1494720000.0000 39750.0000 -0.2145 0.9858 -0.1728 1.1004 167.7225 0.1668 0.4951 0.1318 -0.0453 0.0394 -0.1225 0.3969 0.5025 0.4656
1494720000.0000 40050.0000 -0.1065 0.6157 -0.1347 0.8771 170.1832 0.4275 0.3392 0.1646 -0.1920 0.0784 -0.1051 0.4657 0.8717 0.8091
1494720000.0000 40350.0000 -1.2899 0.9111 -0.1136 1.6738 125.2345 0.4600 0.4479 0.1377 -0.1328 0.1507 -0.1217 0.5228 0.3729 0.3483
1494720000.0000 40650.0000 -0.7104 0.5074 0.0102 0.9991 125.5379 0.6873 0.2231 0.1115 -0.1171 0.1617 -0.0826 0.5110 0.6685 0.6310
1494720000.0000 40950.0000 -0.5901 0.9972 -0.1332 1.4475 149.3827 0.8643 0.3082 0.1567 0.1220 0.0510 -0.0906 0.6646 0.5707 0.5395
1494720000.0000 41250.0000 -0.4340 0.1160 -0.0883 1.0255 104.9631 0.7848 0.2899 0.0507 0.0044 -0.0238 -0.0253 0.5627 1.3378 1.3324
1494720000.0000 41550.0000 0.6511 -0.2834 -0.0926 0.9752 293.5194 0.1558 0.4362 0.1094 0.0087 -0.0538 0.0332 0.3507 0.6752 0.6256
1494720000.0000 41850.0000 0.1540 0.7549 -0.0785 0.8973 191.5315 0.1422 0.3352 0.0938 -0.0541 0.0031 -0.0428 0.2856 0.5634 0.5177
1494720000.0000 42150.0000 -0.5806 0.7634 0.0047 1.1167 142.7438 0.4279 0.1851 0.0880 -0.0017 0.0560 -0.0696 0.3505 0.5040 0.4713
1494720000.0000 42450.0000 -0.9039 -0.0866 0.0275 1.0676 84.5259 0.5799 0.2937 0.1270 0.0148 0.1259 -0.0270 0.5003 0.6357 0.5943
1494720000.0000 42750.0000 -0.9977 -0.6014 -0.0058 1.3452 58.9188 0.2735 0.4826 0.1769 -0.0342 0.1084 0.0049 0.4665 0.4787 0.4310
1494720000.0000 43050.0000 -0.9298 -0.5841 -0.0620 1.2944 57.8617 0.3350 0.2732 0.0981 -0.1237 0.0422 0.0062 0.3532 0.4412 0.4101
1494720000.0000 43350.0000 0.2752 -0.1526 -0.1605 0.5878 298.9992 0.1303 0.1777 0.0379 0.0215 0.0171 -0.0250 0.1730 0.9613 1.0182
1494720000.0000 43650.0000 0.0924 -0.1015 -0.0578 0.3279 317.6685 0.0552 0.0718 0.0255 0.0044 -0.0029 -0.0002 0.0763 1.5140 1.4991
1494720000.0000 43950.0000 -0.4177 0.4419 -0.0185 0.7045 136.6105 0.1758 0.1228 0.0890 -0.0184 0.0229 -0.0292 0.1938 0.5908 0.5188
1494720000.0000 44250.0000 -0.7606 0.8334 -0.0565 1.2104 137.6134 0.3945 0.4445 0.1280 -0.2750 0.1160 -0.1003 0.4835 0.5026 0.4687
1494720000.0000 44550.0000 -0.2627 0.2595 0.1862 0.6330 134.6521 0.5259 0.1112 0.0948 -0.0943 0.0913 -0.0523 0.3659 1.1942 1.2479
1494720000.0000 44850.0000 -0.9676 0.1600 0.1439 1.1020 99.3917 0.3958 0.1984 0.1141 0.0571 0.0146 -0.0591 0.3541 0.4902 0.4538
1494720000.0000 45150.0000 0.2423 0.8293 -0.1308 0.9498 196.2846 0.1530 0.2507 0.1266 0.0243 -0.0097 -0.0650 0.2651 0.4811 0.4246
1494720000.0000 45450.0000 -0.2173 0.5844 -0.1362 0.8019 159.6023 0.2325 0.2639 0.1421 -0.0710 0.0464 -0.0642 0.3192 0.7228 0.6523
1494720000.0000 45750.0000 -0.1049 0.7284 0.0079 1.2569 171.8048 0.9599 0.6639 0.1876 -0.1567 0.0746 -0.1995 0.9057 1.0559 0.9998
1494720000.0000 46050.0000 -0.3701 0.8149 -0.0175 1.4808 155.5738 1.5902 0.5475 0.2256 -0.1064 -0.0915 -0.1867 1.1816 0.9915 0.9432
1494720000.0000 46350.0000 -0.6336 0.7096 -0.0682 1.1023 138.2380 0.4178 0.2803 0.0995 -0.0816 0.0426 -0.0749 0.3988 0.5406 0.5071
1494720000.0000 46650.0000 -0.9583 0.4682 0.0708 1.2241 116.0399 0.5416 0.2313 0.1051 0.0724 0.0821 -0.0474 0.4390 0.5061 0.4759
1494720000.0000 46950.0000 -0.7405 1.3017 -0.1078 1.5991 150.3665 0.3315 0.6445 0.2137 -0.1190 0.0517 -0.2202 0.5948 0.4194 0.3809
1494720000.0000 47250.0000 -0.6006 0.7592 -0.0404 1.0338 141.6513 0.1851 0.1881 0.0699 -0.0633 0.0485 -0.0585 0.2216 0.3967 0.3643
1494720000.0000 47550.0000 -0.6294 0.1839 -0.0072 0.9511 106.2906 0.2435 0.4723 0.1361 -0.0239 0.0510 -0.0814 0.4260 0.8126 0.7449
1494720000.0000 47850.0000 -0.4015 -0.2174 -0.0540 0.7426 61.5679 0.1057 0.4143 0.1474 0.0563 0.0246 0.0332 0.3337 1.0259 0.9118
1494720000.0000 48150.0000 0.1688 0.1872 0.0088 0.5871 222.0472 0.3033 0.1358 0.1560 0.0546 -0.0983 -0.0552 0.2975 1.7660 1.5179
1494720000.0000 48450.0000 0.1184 0.9452 -0.2067 1.1453 187.1403 0.3733 0.3749 0.2516 -0.1770 0.1026 -0.1709 0.4999 0.5922 0.5243
1494720000.0000 48750.0000 0.3320 0.1712 0.0477 0.6183 242.7178 0.2761 0.1393 0.1041 -0.0196 -0.0302 -0.0334 0.2597 1.1049 0.9960
1494720000.0000 49050.0000 0.8470 0.0899 -0.1415 1.0989 263.9447 0.5466 0.3909 0.2714 0.1135 -0.1383 -0.1145 0.6044 0.7352 0.6563
1494720000.0000 49350.0000 -0.1499 0.2584 -0.1808 0.4643 149.8703 0.0903 0.1492 0.2548 -0.0284 0.0388 0.0352 0.2471 1.1625 0.9458
1494720000.0000 49650.0000 -0.6783 0.4368 -0.0860 0.9553 122.7763 0.1774 0.6072 0.0851 -0.2369 0.0430 -0.0895 0.4348 0.6636 0.6338
1494720000.0000 49950.0000 -0.3995 0.8558 -0.0132 1.0534 154.9758 0.2687 0.3983 0.1324 -0.1033 0.0400 -0.1155 0.3997 0.5465 0.4992
1494720000.0000 50250.0000 -0.4647 0.4159 0.0807 0.7782 131.8325 0.1853 0.3734 0.1654 -0.0517 0.0552 -0.1354 0.3621 0.7813 0.6920
1494720000.0000 50550.0000 -1.1102 0.1336 -0.0867 1.2940 96.8620 0.5873 0.4139 0.1414 0.1307 -0.0731 -0.0558 0.5713 0.5502 0.5166
1494720000.0000 50850.0000 -0.7803 0.9466 -0.0576 1.3336 140.5021 0.3707 0.3377 0.1641 -0.0983 0.0845 -0.1280 0.4362 0.4391 0.3961
1494720000.0000 51150.0000 -0.9272 0.8608 0.0241 1.3768 132.8725 0.4868 0.4001 0.1631 -0.2079 0.1345 -0.1506 0.5250 0.4675 0.4298
1494720000.0000 51450.0000 -0.5824 0.4403 0.0240 0.8035 127.0930 0.1822 0.1147 0.0708 -0.0235 0.0317 -0.0371 0.1839 0.4793 0.4309
1494720000.0000 51750.0000 -0.8184 0.9747 -0.0493 1.3452 139.9815 0.3012 0.3340 0.0986 -0.1416 0.0877 -0.0783 0.3669 0.3883 0.3615
1494720000.0000 52050.0000 -1.2730 0.0415 -0.0493 1.4553 91.8683 0.3535 0.4493 0.0799 0.1006 0.0712 0.0026 0.4413 0.4256 0.4061
1494720000.0000 52350.0000 -0.4362 0.2715 0.1131 0.7935 121.8971 0.1607 0.5305 0.1078 -0.1091 0.0770 -0.1440 0.3995 0.9809 0.9342
1494720000.0000 52650.0000 -0.8261 0.9937 -0.0274 1.3647 140.2624 0.3585 0.2806 0.1010 -0.1549 0.0847 -0.0817 0.3701 0.3843 0.3572
1494720000.0000 52950.0000 -0.7007 1.0213 -0.0619 1.3208 145.5460 0.2983 0.2930 0.1114 -0.0939 0.0779 -0.1009 0.3514 0.3903 0.3585
1494720000.0000 53250.0000 -0.8310 0.4411 0.0577 1.0647 117.9572 0.2833 0.3128 0.1247 -0.0332 0.0960 -0.1028 0.3604 0.5201 0.4738
1494720000.0000 53550.0000 -0.7580 -0.0927 0.1397 0.8793 83.0290 0.3059 0.1968 0.1054 -0.0018 0.0940 -0.0134 0.3041 0.5800 0.5361
1494720000.0000 53850.0000 -1.0392 1.1152 0.0389 1.6661 137.0195 0.7924 1.0653 0.2598 -0.4955 0.2286 -0.2925 1.0587 0.5510 0.5162
1494720000.0000 54150.0000 -0.9066 0.8451 0.0423 1.3210 132.9880 0.3384 0.5018 0.1158 -0.2171 0.0896 -0.1076 0.4780 0.4552 0.4270
1494720000.0000 54450.0000 -0.7557 0.5381 -0.0046 0.9775 125.4520 0.1857 0.2584 0.0986 -0.1119 0.0671 -0.0660 0.2713 0.4585 0.4148
1494720000.0000 54750.0000 -0.5930 0.9648 -0.0309 1.2153 148.4258 0.2531 0.2837 0.1172 -0.0823 0.0484 -0.1078 0.3270 0.4121 0.3735
1494720000.0000 55050.0000 0.1189 0.0317 -0.1034 0.6034 255.0464 0.2543 0.2380 0.1323 -0.1559 -0.0080 -0.0063 0.3123 2.8389 3.2921
1494720000.0000 55350.0000 -0.0719 -0.6749 0.0803 0.7739 6.0781 0.0864 0.2223 0.0604 -0.0267 -0.0185 0.0325 0.1846 0.5133 0.4727
1494720000.0000 55650.0000 0.5115 0.3592 -0.0298 0.8390 234.9214 0.4121 0.1083 0.0879 0.0183 -0.0348 -0.0250 0.3041 0.7197 0.6664
1494720000.0000 55950.0000 0.0840 0.6932 -0.0998 0.8917 186.9062 0.1790 0.4270 0.1221 0.0382 -0.0159 -0.0740 0.3640 0.6984 0.6437
1494720000.0000 56250.0000 -0.8080 0.2335 -0.0620 1.0203 106.1200 0.2286 0.2811 0.0642 -0.0110 0.0353 -0.0144 0.2870 0.5186 0.4901
1494720000.0000 56550.0000 -0.3436 0.4040 0.0598 0.9578 139.6163 0.3480 0.5790 0.1206 -0.2157 0.0205 -0.0843 0.5238 1.1072 1.0481
1494720000.0000 56850.0000 0.4571 -0.7460 0.0736 1.0793 328.5014 0.4358 0.3135 0.1983 0.0461 -0.1309 0.0463 0.4738 0.6401 0.5712
1494720000.0000 57150.0000 0.1716 -1.2278 -0.0174 1.5064 352.0435 0.5843 0.6797 0.1777 0.2136 -0.0827 0.0348 0.7208 0.5591 0.5236
1494720000.0000 57450.0000 -0.3954 -0.7856 0.1006 0.9893 26.7160 0.2704 0.1883 0.0746 0.0906 0.0326 0.0622 0.2667 0.4763 0.4447
1494720000.0000 57750.0000 0.3293 -0.7561 0.0118 0.9500 336.4682 0.2351 0.2274 0.1262 -0.0490 -0.0517 0.0229 0.2943 0.5371 0.4761
1494720000.0000 58050.0000 0.4099 -0.8770 0.0526 1.0810 334.9513 0.2092 0.2513 0.1273 0.0214 -0.0525 0.0307 0.2939 0.4565 0.4047
1494720000.0000 58350.0000 0.1940 -0.9114 0.0410 1.0301 347.9851 0.2288 0.1688 0.1129 -0.0377 -0.0603 0.0276 0.2552 0.4422 0.3907
1494720000.0000 58650.0000 0.6823 -0.8468 0.0564 1.3069 321.1397 0.5248 0.5088 0.2412 0.0334 -0.1452 0.0550 0.6374 0.5987 0.5398
1494720000.0000 58950.0000 0.3497 -0.8761 0.1383 1.1009 338.2400 0.2808 0.2930 0.1419 0.0490 -0.0990 0.0188 0.3578 0.5123 0.4636
1494720000.0000 59250.0000 0.6298 -0.9892 -0.0012 1.3293 327.5178 0.3809 0.3941 0.2305 0.0068 -0.1204 0.0530 0.5028 0.4937 0.4334
1494720000.0000 59550.0000 0.7571 -0.8114 -0.0556 1.2164 316.9850 0.3091 0.2349 0.1945 -0.0015 -0.1203 0.0499 0.3692 0.4465 0.3837
1494720000.0000 59850.0000 1.2776 -0.1315 -0.1369 1.4573 275.8752 0.8365 0.4416 0.1664 -0.2111 -0.2131 0.0525 0.7223 0.5372 0.5082
1494720000.0000 60150.0000 0.4249 -0.8584 0.0047 1.0755 333.6674 0.2197 0.3694 0.1654 -0.0275 -0.0732 0.0262 0.3772 0.5236 0.4627
1494720000.0000 60450.0000 0.0917 -0.5864 0.0701 0.7313 351.1162 0.1579 0.3901 0.1360 0.0143 -0.0255 0.0121 0.3420 0.7989 0.7200
1494720000.0000 60750.0000 0.7566 -0.3205 0.0650 1.1730 292.9584 0.5418 0.6017 0.1263 0.2969 -0.1252 0.0089 0.6349 0.7893 0.7514
1494720000.0000 61050.0000 0.3022 -0.4209 0.1037 0.6805 324.3244 0.2221 0.1149 0.0765 -0.0125 -0.0486 -0.0030 0.2067 0.7026 0.6468
1494720000.0000 61350.0000 0.5972 -0.3036 -0.0962 0.8590 296.9465 0.3514 0.2154 0.1221 0.0086 -0.1032 0.0013 0.3444 0.7080 0.6488
1494720000.0000 61650.0000 0.1669 -1.0736 -0.0126 1.1647 351.1646 0.1610 0.2777 0.0890 -0.0213 -0.0201 0.0529 0.2638 0.3860 0.3519
1494720000.0000 61950.0000 0.2916 -1.2614 0.0463 1.3819 346.9834 0.2251 0.4209 0.1221 0.0002 -0.0160 0.0538 0.3841 0.3906 0.3584
1494720000.0000 62250.0000 0.0417 -0.2447 -0.0402 0.6182 350.3258 0.1929 0.2980 0.0897 -0.0038 -0.0378 0.0595 0.2903 1.7491 1.6293
1494720000.0000 62550.0000 0.3366 0.2477 -0.0432 0.6338 233.6595 0.1961 0.1855 0.0921 0.0333 -0.0252 -0.0340 0.2369 0.9458 0.8534
1494720000.0000 62850.0000 -0.3634 -0.3718 0.0327 0.7418 44.3426 0.3284 0.1026 0.0460 0.0770 -0.0470 -0.0049 0.2385 0.7655 0.7291
1494720000.0000 63150.0000 -0.1929 -0.6337 -0.0936 0.7231 16.9342 0.0983 0.0677 0.0678 0.0102 0.0146 -0.0046 0.1169 0.4173 0.3552
1494720000.0000 63450.0000 -0.0103 -0.4177 -0.1571 0.9314 1.4091 0.2604 0.7228 0.2308 -0.0989 0.0438 -0.1658 0.6070 1.4252 1.3702
1494720000.0000 63750.0000 -0.9354 0.5830 0.0369 1.3050 121.9344 0.2655 0.6109 0.1113 -0.0316 0.0579 -0.1565 0.4938 0.5203 0.4904
1494720000.0000 64050.0000 -0.1805 0.8598 -0.0460 0.9601 168.1433 0.1562 0.3773 0.0819 -0.0384 0.0142 -0.1138 0.3077 0.5148 0.4800
1494720000.0000 64350.0000 0.3328 0.3920 -0.1175 0.9630 220.3336 0.2834 0.5513 0.1312 -0.2486 -0.0491 -0.0663 0.4830 1.0758 1.0258
1494720000.0000 64650.0000 0.2102 0.0640 -0.0425 0.4605 253.0670 0.3029 0.0763 0.0797 0.0479 -0.0555 -0.0343 0.2295 1.7480 1.6184
1494720000.0000 64950.0000 0.2522 0.3015 -0.2100 0.5580 219.9174 0.1922 0.0484 0.0528 -0.0343 0.0157 0.0109 0.1467 0.7017 0.7205
1494720000.0000 65250.0000 0.2779 0.4743 -0.0186 0.7764 210.3732 0.3777 0.1060 0.0402 -0.0796 -0.0356 -0.0197 0.2619 0.7597 0.7304
1494720000.0000 65550.0000 0.7400 -0.2065 -0.0796 0.8828 285.5903 0.3003 0.1244 0.0595 0.0335 -0.0684 -0.0129 0.2421 0.5201 0.4897
1494720000.0000 65850.0000 0.5828 0.1666 -0.0463 0.6331 254.0459 0.0482 0.0327 0.0130 0.0085 -0.0079 0.0009 0.0469 0.2909 0.2708
1494720000.0000 66150.0000 0.0655 0.1604 0.0611 0.2262 202.2306 0.0244 0.0166 0.0288 -0.0001 -0.0084 -0.0021 0.0349 0.8299 0.6743
1494720000.0000 66450.0000 0.6660 0.2003 -0.1305 0.7404 253.2590 0.1518 0.0652 0.0489 0.0319 -0.0169 0.0139 0.1330 0.4207 0.3867
1494720000.0000 66750.0000 0.3351 0.1896 -0.0131 0.4300 240.5040 0.0420 0.0170 0.0248 -0.0060 0.0016 -0.0018 0.0419 0.4340 0.3642
1494720000.0000 67050.0000 0.3399 0.1852 -0.0536 0.4625 241.4164 0.0333 0.0641 0.0254 0.0136 -0.0054 -0.0113 0.0614 0.5178 0.4656
1494720000.0000 67350.0000 0.6594 0.3493 -0.0707 0.7973 242.0885 0.1273 0.0484 0.0308 -0.0089 -0.0208 -0.0039 0.1032 0.3500 0.3243
1494720000.0000 67650.0000 0.6396 0.0417 -0.0332 0.7185 266.2675 0.1682 0.1018 0.0430 0.0624 -0.0558 -0.0131 0.1565 0.5033 0.4681
1494720000.0000 67950.0000 0.3002 -0.1515 -0.0030 0.4342 296.7750 0.0829 0.0416 0.0204 0.0192 -0.0090 -0.0004 0.0725 0.6536 0.6058
1494720000.0000 68250.0000 0.3998 0.2371 0.0337 0.4895 239.3287 0.0568 0.0230 0.0119 0.0116 -0.0090 -0.0060 0.0459 0.3751 0.3508
1494720000.0000 68550.0000 0.1439 0.3551 -0.0132 0.4286 202.0546 0.0301 0.0482 0.0212 -0.0103 0.0002 -0.0083 0.0498 0.4751 0.4217
1494720000.0000 68850.0000 0.0652 0.2982 -0.0603 0.4398 192.3280 0.0463 0.1253 0.0331 -0.0174 -0.0050 -0.0249 0.1024 0.8398 0.7838
1494720000.0000 69150.0000 -0.0727 0.2928 0.0274 0.3191 166.0495 0.0138 0.0308 0.0080 -0.0085 0.0041 -0.0091 0.0263 0.4372 0.4042
1494720000.0000 69450.0000 0.1439 0.3191 -0.0326 0.3946 204.2635 0.0282 0.0360 0.0229 -0.0063 -0.0053 -0.0141 0.0436 0.4849 0.4180
1494720000.0000 69750.0000 0.0094 0.2718 -0.0504 0.3019 181.9779 0.0154 0.0173 0.0064 0.0038 -0.0012 -0.0023 0.0195 0.4126 0.3835
1494720000.0000 70050.0000 -0.0812 0.3441 -0.0304 0.3621 166.7213 0.0068 0.0269 0.0043 -0.0039 0.0015 -0.0038 0.0190 0.3174 0.3001
1494720000.0000 70350.0000 -0.0207 0.2562 0.0425 0.2705 175.3788 0.0075 0.0143 0.0059 -0.0011 0.0020 -0.0034 0.0138 0.3684 0.3312
1494720000.0000 70650.0000 -0.1286 0.2063 0.0214 0.2619 148.0718 0.0104 0.0119 0.0018 -0.0020 0.0009 -0.0015 0.0121 0.3679 0.3550
1494720000.0000 70950.0000 -0.1724 0.3035 0.0152 0.3690 150.3999 0.0192 0.0111 0.0049 -0.0044 0.0019 -0.0024 0.0176 0.3098 0.2877
1494720000.0000 71250.0000 -0.2618 0.4938 -0.0220 0.5760 152.0667 0.0282 0.0302 0.0116 -0.0102 0.0052 -0.0091 0.0350 0.2731 0.2496
1494720000.0000 71550.0000 -0.2086 0.3339 0.0052 0.4092 148.0058 0.0160 0.0244 0.0073 -0.0067 0.0023 -0.0080 0.0239 0.3202 0.2946
1494720000.0000 71850.0000 -0.1727 0.3876 0.0032 0.4392 155.9865 0.0210 0.0224 0.0067 -0.0107 0.0045 -0.0069 0.0250 0.3043 0.2834
1494720000.0000 72150.0000 -0.1598 0.4036 0.0076 0.4494 158.3949 0.0165 0.0209 0.0047 -0.0039 0.0015 -0.0051 0.0210 0.2727 0.2570
1494720000.0000 72450.0000 -0.2208 0.3298 0.0502 0.4280 146.2001 0.0311 0.0306 0.0129 -0.0073 0.0047 -0.0094 0.0373 0.3942 0.3613
1494720000.0000 72750.0000 -0.1451 0.3233 0.0293 0.3660 155.8310 0.0116 0.0111 0.0049 -0.0044 0.0016 -0.0022 0.0138 0.2701 0.2459
1494720000.0000 73050.0000 -0.2540 0.4092 0.0240 0.4899 148.1778 0.0142 0.0175 0.0068 -0.0083 0.0035 -0.0038 0.0193 0.2350 0.2136
1494720000.0000 73350.0000 -0.2584 0.4199 0.0143 0.5042 148.3863 0.0206 0.0171 0.0057 -0.0097 0.0040 -0.0033 0.0217 0.2439 0.2275
1494720000.0000 73650.0000 -0.2289 0.3853 0.0350 0.4600 149.2862 0.0116 0.0212 0.0070 -0.0037 0.0028 -0.0065 0.0199 0.2561 0.2332
1494720000.0000 73950.0000 -0.2116 0.4846 0.0044 0.5467 156.4131 0.0211 0.0222 0.0084 -0.0012 0.0030 -0.0068 0.0258 0.2482 0.2272
1494720000.0000 74250.0000 -0.1930 0.5237 0.0072 0.5829 159.7680 0.0384 0.0383 0.0089 -0.0134 0.0015 -0.0086 0.0428 0.3026 0.2864
1494720000.0000 74550.0000 -0.3217 0.4419 0.0257 0.5654 143.9446 0.0293 0.0390 0.0102 -0.0122 0.0077 -0.0069 0.0392 0.2955 0.2759
1494720000.0000 74850.0000 -0.1173 0.3891 -0.0009 0.4249 163.2171 0.0174 0.0185 0.0063 -0.0042 0.0021 -0.0049 0.0211 0.2917 0.2690
1494720000.0000 75150.0000 -0.2598 0.4224 0.0384 0.5098 148.4023 0.0235 0.0199 0.0066 -0.0105 0.0045 -0.0056 0.0250 0.2597 0.2428
1494720000.0000 75450.0000 -0.2456 0.4682 0.0352 0.5402 152.3163 0.0186 0.0204 0.0080 -0.0076 0.0023 -0.0055 0.0234 0.2360 0.2155
1494720000.0000 75750.0000 -0.1700 0.3678 0.0398 0.4212 155.1942 0.0200 0.0272 0.0109 -0.0112 0.0032 -0.0066 0.0291 0.3421 0.3098
1494720000.0000 76050.0000 -0.1900 0.4065 0.0012 0.4582 154.9464 0.0128 0.0162 0.0067 -0.0060 0.0021 -0.0055 0.0179 0.2433 0.2192
1494720000.0000 76350.0000 -0.2866 0.5127 0.0298 0.5964 150.7979 0.0179 0.0221 0.0069 -0.0095 0.0019 -0.0044 0.0234 0.2126 0.1967
1494720000.0000 76650.0000 -0.2314 0.5419 0.0303 0.6027 156.8810 0.0236 0.0365 0.0153 -0.0126 0.0052 -0.0100 0.0377 0.2686 0.2401
1494720000.0000 76950.0000 -0.2823 0.3448 0.0242 0.4607 140.6893 0.0338 0.0362 0.0082 -0.0221 0.0093 -0.0068 0.0391 0.3619 0.3429
1494720000.0000 77250.0000 -0.3597 0.5111 0.0409 0.6353 144.8637 0.0210 0.0253 0.0083 -0.0102 0.0064 -0.0065 0.0273 0.2155 0.1989
1494720000.0000 77550.0000 -0.3365 0.4387 0.0197 0.5622 142.5063 0.0204 0.0345 0.0083 -0.0162 0.0055 -0.0078 0.0316 0.2625 0.2447
1494720000.0000 77850.0000 -0.3182 0.5402 0.0266 0.6364 149.5007 0.0204 0.0242 0.0092 -0.0109 0.0036 -0.0067 0.0269 0.2133 0.1944
1494720000.0000 78150.0000 -0.3705 0.6009 0.0078 0.7194 148.3428 0.0315 0.0366 0.0127 -0.0169 0.0061 -0.0104 0.0404 0.2325 0.2134
1494720000.0000 78450.0000 -0.4290 0.5650 0.0225 0.7227 142.7879 0.0310 0.0350 0.0139 -0.0148 0.0099 -0.0103 0.0399 0.2299 0.2090
1494720000.0000 78750.0000 -0.2111 0.3911 0.0609 0.4609 151.6357 0.0224 0.0169 0.0073 -0.0064 0.0020 -0.0036 0.0233 0.2778 0.2575
1494720000.0000 79050.0000 -0.0979 0.3383 0.0362 0.3695 163.8658 0.0128 0.0184 0.0085 -0.0001 0.0020 -0.0046 0.0198 0.3247 0.2895
1494720000.0000 79350.0000 -0.2534 0.3312 0.0424 0.4286 142.5784 0.0177 0.0221 0.0061 -0.0099 0.0019 -0.0028 0.0229 0.2950 0.2762
1494720000.0000 79650.0000 -0.2724 0.4230 0.0240 0.5151 147.2221 0.0155 0.0289 0.0080 -0.0090 0.0025 -0.0058 0.0262 0.2623 0.2418
1494720000.0000 79950.0000 -0.1510 0.3016 0.0550 0.3497 153.4065 0.0091 0.0142 0.0045 -0.0004 0.0016 -0.0026 0.0139 0.2816 0.2614
1494720000.0000 80250.0000 -0.1802 0.3840 0.0202 0.4415 154.8586 0.0113 0.0362 0.0077 -0.0021 0.0021 -0.0079 0.0276 0.3194 0.2965
1494720000.0000 80550.0000 -0.2384 0.3298 0.0433 0.4198 144.1330 0.0118 0.0152 0.0037 -0.0025 0.0028 -0.0004 0.0153 0.2469 0.2330
1494720000.0000 80850.0000 -0.2143 0.4694 0.0507 0.5300 155.4643 0.0251 0.0262 0.0094 -0.0134 0.0028 -0.0036 0.0304 0.2745 0.2536
1494720000.0000 81150.0000 -0.2383 0.4013 0.0227 0.4892 149.2967 0.0275 0.0236 0.0100 -0.0057 0.0056 -0.0059 0.0306 0.3057 0.2798
1494720000.0000 81450.0000 -0.4106 0.3942 0.0186 0.5789 133.8306 0.0299 0.0259 0.0068 -0.0160 0.0069 -0.0065 0.0313 0.2537 0.2396
1494720000.0000 81750.0000 -0.2356 0.4319 0.0214 0.5032 151.3877 0.0201 0.0134 0.0054 -0.0075 0.0042 -0.0027 0.0195 0.2313 0.2149
1494720000.0000 82050.0000 -0.0826 0.2979 0.0038 0.3275 164.5084 0.0119 0.0159 0.0034 -0.0027 0.0006 -0.0014 0.0156 0.3298 0.3116
1494720000.0000 82350.0000 -0.2971 0.4185 0.0331 0.5236 144.6225 0.0140 0.0290 0.0071 -0.0078 0.0024 -0.0013 0.0251 0.2513 0.2334
1494720000.0000 82650.0000 -0.2333 0.4066 0.0324 0.4839 150.1557 0.0174 0.0189 0.0067 -0.0041 0.0029 -0.0040 0.0215 0.2547 0.2345
1494720000.0000 82950.0000 -0.3126 0.3630 0.0393 0.4907 139.2654 0.0194 0.0160 0.0059 -0.0063 0.0047 -0.0028 0.0207 0.2443 0.2269
1494720000.0000 83250.0000 -0.3207 0.4727 0.0482 0.5831 145.8466 0.0182 0.0173 0.0095 -0.0044 0.0052 -0.0043 0.0225 0.2136 0.1905
1494720000.0000 83550.0000 -0.2159 0.3872 0.0230 0.4549 150.8597 0.0169 0.0202 0.0062 -0.0086 0.0030 -0.0049 0.0217 0.2707 0.2510
1494720000.0000 83850.0000 -0.4056 0.5780 -0.0437 0.7201 144.9403 0.0397 0.0341 0.0072 -0.0218 0.0045 -0.0061 0.0405 0.2322 0.2221
1494720000.0000 84150.0000 -0.4293 0.5710 0.0301 0.7241 143.0645 0.0223 0.0329 0.0092 -0.0128 0.0069 -0.0080 0.0322 0.2048 0.1898
1494720000.0000 84450.0000 -0.4236 0.5806 0.0296 0.7310 143.8840 0.0330 0.0416 0.0099 -0.0196 0.0090 -0.0091 0.0423 0.2333 0.2194
1494720000.0000 84750.0000 -0.1823 0.4268 0.0214 0.4806 156.8781 0.0164 0.0252 0.0067 -0.0030 0.0006 -0.0051 0.0242 0.2732 0.2538
1494720000.0000 85050.0000 -0.2454 0.4364 0.0428 0.5234 150.6512 0.0346 0.0404 0.0121 -0.0191 0.0082 -0.0091 0.0436 0.3392 0.3159
1494720000.0000 85350.0000 -0.2402 0.2689 0.0529 0.3765 138.2275 0.0276 0.0289 0.0061 -0.0199 0.0073 -0.0060 0.0313 0.3963 0.3806
1494720000.0000 85650.0000 -0.1561 0.3749 0.0087 0.4186 157.3976 0.0139 0.0243 0.0057 -0.0084 0.0020 -0.0032 0.0220 0.2978 0.2778
1494720000.0000 85950.0000 -0.2131 0.3374 0.0362 0.4108 147.7254 0.0127 0.0108 0.0040 -0.0029 0.0014 -0.0023 0.0137 0.2389 0.2216
1494720000.0000 86250.0000 -0.2801 0.4467 0.0218 0.5393 147.9114 0.0186 0.0240 0.0074 -0.0081 0.0026 -0.0070 0.0250 0.2446 0.2260
1494806400.0000 86550.0000 -0.3252 0.4834 0.0499 0.5966 146.0708 0.0276 0.0224 0.0090 -0.0105 0.0040 -0.0046 0.0295 0.2397 0.2215
1494806400.0000 86850.0000 -0.3149 0.4496 0.0454 0.5623 144.9892 0.0235 0.0293 0.0080 -0.0112 0.0039 -0.0055 0.0304 0.2585 0.2418
1494806400.0000 87150.0000 -0.3450 0.4272 0.0440 0.5591 141.0807 0.0146 0.0194 0.0090 -0.0051 0.0043 -0.0048 0.0215 0.2172 0.1938
1494806400.0000 87450.0000 -0.2692 0.3502 0.0221 0.4509 142.4540 0.0155 0.0217 0.0062 -0.0107 0.0035 -0.0050 0.0217 0.2718 0.2521
1494806400.0000 87750.0000 -0.2537 0.4296 0.0072 0.5051 149.4377 0.0084 0.0113 0.0046 -0.0037 0.0006 -0.0025 0.0122 0.1804 0.1626
1494806400.0000 88050.0000 -0.3165 0.4824 0.0357 0.5864 146.7301 0.0180 0.0216 0.0063 -0.0089 0.0032 -0.0037 0.0229 0.2139 0.1991
1494806400.0000 88350.0000 -0.3212 0.3727 0.0471 0.5102 139.2410 0.0170 0.0199 0.0083 0.0003 0.0024 -0.0051 0.0226 0.2483 0.2255
1494806400.0000 88650.0000 -0.3298 0.4008 0.0483 0.5337 140.5500 0.0265 0.0264 0.0068 -0.0124 0.0034 -0.0035 0.0298 0.2703 0.2556
1494806400.0000 88950.0000 -0.2096 0.4073 -0.0171 0.4648 152.7737 0.0074 0.0121 0.0039 -0.0025 0.0013 -0.0026 0.0117 0.1928 0.1760
1494806400.0000 89250.0000 -0.3011 0.2798 0.0248 0.4187 132.9023 0.0099 0.0142 0.0033 -0.0057 0.0014 -0.0014 0.0137 0.2318 0.2178
1494806400.0000 89550.0000 -0.3085 0.4327 0.0107 0.5440 144.5128 0.0265 0.0244 0.0064 -0.0139 0.0060 -0.0051 0.0286 0.2600 0.2452
1494806400.0000 89850.0000 -0.2237 0.3709 0.0237 0.4421 148.9022 0.0100 0.0190 0.0047 -0.0046 0.0011 -0.0054 0.0169 0.2445 0.2271
1494806400.0000 90150.0000 -0.3094 0.3576 0.0392 0.4813 139.1355 0.0143 0.0195 0.0061 -0.0087 0.0044 -0.0040 0.0200 0.2431 0.2246
1494806400.0000 90450.0000 -0.2520 0.4096 0.0230 0.4883 148.4017 0.0130 0.0176 0.0039 -0.0071 0.0018 -0.0031 0.0172 0.2227 0.2101
1494806400.0000 90750.0000 -0.3125 0.4892 0.0378 0.5924 147.4282 0.0176 0.0232 0.0077 -0.0053 0.0025 -0.0043 0.0243 0.2186 0.2009
1494806400.0000 91050.0000 -0.3594 0.4209 0.0378 0.5675 139.5095 0.0213 0.0273 0.0087 -0.0076 0.0047 -0.0068 0.0286 0.2490 0.2300
1494806400.0000 91350.0000 -0.3677 0.4698 0.0322 0.6057 141.9465 0.0170 0.0258 0.0069 -0.0101 0.0054 -0.0053 0.0248 0.2154 0.2003
1494806400.0000 91650.0000 -0.2000 0.3690 0.0202 0.4264 151.5382 0.0073 0.0116 0.0034 -0.0029 0.0005 -0.0019 0.0112 0.2052 0.1890
1494806400.0000 91950.0000 -0.3457 0.4335 0.0223 0.5633 141.4338 0.0151 0.0226 0.0056 -0.0084 0.0037 -0.0038 0.0217 0.2166 0.2024
1494806400.0000 92250.0000 -0.2536 0.4618 0.0255 0.5346 151.2262 0.0157 0.0248 0.0041 -0.0111 0.0014 -0.0017 0.0223 0.2309 0.2204
1494806400.0000 92550.0000 -0.5090 0.6853 -0.0139 0.8641 143.3974 0.0550 0.0710 0.0137 -0.0463 0.0147 -0.0148 0.0698 0.2527 0.2400
1494806400.0000 92850.0000 -0.2143 0.5022 0.0373 0.5657 156.8942 0.0405 0.0659 0.0128 -0.0329 0.0071 -0.0131 0.0596 0.3643 0.3450
1494806400.0000 93150.0000 -0.3923 0.5351 0.0265 0.6793 143.7547 0.0475 0.0512 0.0124 -0.0318 0.0114 -0.0133 0.0556 0.2900 0.2735
1494806400.0000 93450.0000 -0.3379 0.5207 0.0115 0.6313 147.0189 0.0174 0.0203 0.0091 -0.0060 0.0047 -0.0059 0.0234 0.2013 0.1806
1494806400.0000 93750.0000 -0.2460 0.4256 0.0319 0.5046 149.9726 0.0183 0.0225 0.0082 -0.0075 0.0028 -0.0052 0.0245 0.2595 0.2374
1494806400.0000 94050.0000 -0.2991 0.5094 0.0285 0.6021 149.5768 0.0230 0.0236 0.0085 -0.0100 0.0037 -0.0055 0.0275 0.2291 0.2110
1494806400.0000 94350.0000 -0.3166 0.5875 0.0154 0.6807 151.6833 0.0331 0.0357 0.0102 -0.0177 0.0037 -0.0067 0.0395 0.2432 0.2269
1494806400.0000 94650.0000 -0.2713 0.5974 0.0273 0.6722 155.5742 0.0285 0.0372 0.0122 -0.0083 0.0015 -0.0070 0.0389 0.2453 0.2255
1494806400.0000 94950.0000 -0.3049 0.5279 0.0420 0.6304 149.9875 0.0645 0.0706 0.0144 -0.0509 0.0118 -0.0117 0.0748 0.3653 0.3481
1494806400.0000 95250.0000 -0.1923 0.4456 0.0226 0.5448 156.6637 0.0716 0.0670 0.0250 -0.0129 0.0151 -0.0184 0.0818 0.4806 0.4428
1494806400.0000 95550.0000 -0.4317 0.5100 0.0620 0.6868 139.7580 0.0367 0.0546 0.0137 -0.0191 0.0066 -0.0110 0.0525 0.2788 0.2611
1494806400.0000 95850.0000 -0.4292 0.4391 -0.0110 0.6370 135.6539 0.0696 0.0412 0.0126 -0.0306 0.0121 -0.0098 0.0617 0.3302 0.3130
1494806400.0000 96150.0000 -0.3402 0.6208 0.0139 0.7258 151.2781 0.0610 0.0908 0.0163 -0.0532 0.0087 -0.0152 0.0841 0.3343 0.3177
1494806400.0000 96450.0000 -0.1844 0.3967 0.0100 0.4516 155.0637 0.0144 0.0270 0.0085 -0.0032 0.0022 -0.0063 0.0249 0.2945 0.2684
1494806400.0000 96750.0000 -0.4965 0.6850 -0.0067 0.8609 144.0631 0.0411 0.0415 0.0135 -0.0175 0.0077 -0.0079 0.0480 0.2115 0.1961
1494806400.0000 97050.0000 -0.2999 0.5362 0.0273 0.6328 150.7783 0.0468 0.0470 0.0151 -0.0262 0.0074 -0.0116 0.0544 0.3096 0.2877
1494806400.0000 97350.0000 -0.2170 0.4573 0.0342 0.5307 154.6101 0.0336 0.0326 0.0160 -0.0090 0.0039 -0.0104 0.0411 0.3262 0.2935
1494806400.0000 97650.0000 -0.1987 0.4677 0.0220 0.5193 156.9849 0.0146 0.0250 0.0098 -0.0054 0.0024 -0.0051 0.0247 0.2523 0.2261
1494806400.0000 97950.0000 -0.2266 0.4075 0.0395 0.4867 150.9193 0.0357 0.0350 0.0149 -0.0180 0.0082 -0.0086 0.0428 0.3610 0.3293
1494806400.0000 98250.0000 -0.2959 0.4681 0.0122 0.5674 147.7068 0.0238 0.0400 0.0080 -0.0157 0.0047 -0.0085 0.0359 0.2793 0.2632
1494806400.0000 98550.0000 -0.3540 0.4531 0.0315 0.5884 141.9979 0.0230 0.0332 0.0080 -0.0118 0.0053 -0.0060 0.0321 0.2540 0.2381
1494806400.0000 98850.0000 -0.2739 0.4610 0.0299 0.5474 149.2796 0.0163 0.0167 0.0055 -0.0047 0.0026 -0.0030 0.0193 0.2109 0.1956
1494806400.0000 99150.0000 -0.2441 0.4990 0.0158 0.5788 153.9311 0.0336 0.0411 0.0151 -0.0119 0.0076 -0.0128 0.0449 0.3113 0.2840
1494806400.0000 99450.0000 -0.3345 0.4448 0.0422 0.5773 143.0608 0.0355 0.0459 0.0165 -0.0168 0.0103 -0.0139 0.0490 0.3237 0.2960
1494806400.0000 99750.0000 -0.4125 0.5639 0.0114 0.7141 143.8130 0.0423 0.0399 0.0099 -0.0207 0.0102 -0.0098 0.0460 0.2506 0.2368
1494806400.0000 100050.0000 -0.2104 0.4751 0.0136 0.5390 156.1165 0.0243 0.0470 0.0151 -0.0092 0.0057 -0.0139 0.0432 0.3264 0.2967
1494806400.0000 100350.0000 -0.3466 0.5123 0.0076 0.6398 145.9234 0.0446 0.0390 0.0173 -0.0201 0.0134 -0.0116 0.0505 0.2965 0.2699
1494806400.0000 100650.0000 -0.2546 0.5590 0.0337 0.6406 155.5123 0.0508 0.0486 0.0135 -0.0223 0.0028 -0.0080 0.0565 0.3154 0.2964
1494806400.0000 100950.0000 -0.3389 0.6608 0.0100 0.7632 152.8458 0.0563 0.0702 0.0181 -0.0330 0.0096 -0.0164 0.0723 0.2956 0.2765
1494806400.0000 101250.0000 -0.1986 0.5242 0.0376 0.5836 159.2541 0.0283 0.0476 0.0203 -0.0059 0.0056 -0.0133 0.0481 0.3187 0.2837
1494806400.0000 101550.0000 -0.4079 0.5566 0.0258 0.7084 143.7636 0.0553 0.0751 0.0199 -0.0393 0.0128 -0.0162 0.0751 0.3240 0.3020
1494806400.0000 101850.0000 -0.3096 0.6397 0.0350 0.7328 154.1735 0.0595 0.0833 0.0208 -0.0402 0.0126 -0.0181 0.0818 0.3282 0.3070
1494806400.0000 102150.0000 -0.3762 0.5534 0.0332 0.6894 145.7943 0.0427 0.0466 0.0117 -0.0164 0.0085 -0.0086 0.0505 0.2739 0.2578
1494806400.0000 102450.0000 -0.2878 0.5748 0.0176 0.6710 153.4060 0.0513 0.0579 0.0209 -0.0226 0.0093 -0.0182 0.0650 0.3237 0.2967
1494806400.0000 102750.0000 -0.2708 0.5169 0.0200 0.6091 152.3549 0.0392 0.0435 0.0164 -0.0108 0.0032 -0.0115 0.0496 0.3114 0.2846
1494806400.0000 103050.0000 -0.3448 0.5207 0.0200 0.6450 146.4899 0.0494 0.0511 0.0122 -0.0296 0.0099 -0.0105 0.0563 0.3101 0.2931
1494806400.0000 103350.0000 -0.2867 0.4268 0.0097 0.5363 146.1106 0.0275 0.0603 0.0117 -0.0198 0.0070 -0.0135 0.0497 0.3541 0.3327
1494806400.0000 103650.0000 -0.2734 0.3981 0.0257 0.5253 145.5226 0.0426 0.1015 0.0105 -0.0312 0.0067 -0.0116 0.0773 0.4695 0.4539
1494806400.0000 103950.0000 -0.3429 0.4115 0.0484 0.5525 140.2009 0.0379 0.0468 0.0119 -0.0225 0.0111 -0.0111 0.0483 0.3337 0.3137
1494806400.0000 104250.0000 -0.2155 0.5097 0.0018 0.5792 157.0824 0.0255 0.0560 0.0150 -0.0048 0.0069 -0.0172 0.0482 0.3241 0.2978
1494806400.0000 104550.0000 -0.3227 0.4068 0.0038 0.5370 141.5717 0.0239 0.0359 0.0092 -0.0090 0.0056 -0.0096 0.0345 0.2922 0.2721
1494806400.0000 104850.0000 -0.3470 0.5119 0.0279 0.6294 145.8638 0.0312 0.0341 0.0093 -0.0195 0.0079 -0.0072 0.0373 0.2547 0.2386
1494806400.0000 105150.0000 -0.2981 0.5349 -0.0168 0.6299 150.8653 0.0351 0.0500 0.0107 -0.0193 0.0091 -0.0135 0.0479 0.2917 0.2750
1494806400.0000 105450.0000 -0.1416 0.4619 0.0160 0.5091 162.9595 0.0193 0.0828 0.0124 -0.0046 0.0028 -0.0125 0.0573 0.4042 0.3819
1494806400.0000 105750.0000 -0.3864 0.3785 -0.0076 0.5938 134.4047 0.0641 0.0757 0.0149 -0.0008 0.0055 -0.0201 0.0774 0.4199 0.3991
1494806400.0000 106050.0000 -0.2825 0.4412 -0.0209 0.5636 147.3676 0.0544 0.0901 0.0195 -0.0282 0.0077 -0.0250 0.0820 0.4460 0.4189
1494806400.0000 106350.0000 -0.2695 0.7188 -0.0792 0.7913 159.4449 0.0274 0.1065 0.0204 -0.0109 0.0096 -0.0267 0.0771 0.2938 0.2752
1494806400.0000 106650.0000 -0.2194 0.5466 -0.0563 0.6373 158.1325 0.0787 0.2059 0.0351 -0.0638 0.0172 -0.0276 0.1599 0.5517 0.5229
1494806400.0000 106950.0000 -0.3260 0.6364 -0.0935 0.7402 152.8715 0.0403 0.1053 0.0137 -0.0279 0.0059 -0.0115 0.0796 0.3195 0.3081
1494806400.0000 107250.0000 -0.1915 0.3206 0.0428 0.4117 149.1467 0.0264 0.0461 0.0133 -0.0060 0.0079 -0.0053 0.0429 0.4498 0.4163
1494806400.0000 107550.0000 -0.1738 0.2806 -0.0107 0.4407 148.2224 0.0903 0.0855 0.0312 -0.0175 0.0331 -0.0202 0.1035 0.7953 0.7333
1494806400.0000 107850.0000 -0.1068 0.3835 0.0159 0.4434 164.4392 0.0370 0.0458 0.0181 -0.0176 0.0023 -0.0120 0.0505 0.4604 0.4174
1494806400.0000 108150.0000 -0.2396 0.5086 -0.0183 0.5960 154.7717 0.0266 0.0917 0.0167 -0.0079 0.0069 -0.0184 0.0675 0.3772 0.3532
1494806400.0000 108450.0000 -0.2327 0.4662 0.0592 0.5477 153.4705 0.0356 0.0610 0.0158 -0.0178 0.0080 -0.0100 0.0562 0.3691 0.3444
1494806400.0000 108750.0000 -0.2811 0.5101 0.0850 0.6365 151.1433 0.0694 0.1237 0.0416 -0.0273 0.0201 -0.0433 0.1173 0.4752 0.4356
1494806400.0000 109050.0000 -0.1631 0.4132 0.0045 0.5363 158.4647 0.0595 0.1983 0.0283 -0.0608 0.0140 -0.0380 0.1431 0.6953 0.6600
1494806400.0000 109350.0000 -0.1542 0.1419 0.0360 0.4861 132.6033 0.1560 0.1640 0.0928 -0.0106 0.0562 -0.0187 0.2064 1.7447 1.5586
1494806400.0000 109650.0000 -0.1267 -0.2437 0.0590 0.4737 27.4602 0.1339 0.2004 0.0385 0.0888 0.0050 0.0013 0.1864 1.2548 1.2152
1494806400.0000 109950.0000 -0.3039 0.0408 0.0192 0.8573 97.6513 0.4505 0.4474 0.1181 0.0878 0.0384 -0.0428 0.5080 1.8941 1.7841
1494806400.0000 110250.0000 -0.4289 -0.0708 -0.0866 0.6593 80.6275 0.1504 0.2040 0.1206 0.0402 0.0197 0.0217 0.2375 0.8978 0.7907
1494806400.0000 110550.0000 -0.6574 -0.4593 -0.0426 1.1419 55.0561 0.5560 0.5332 0.1420 0.1974 0.0832 0.0770 0.6156 0.7977 0.7514
1494806400.0000 110850.0000 -0.2638 0.0994 -0.0826 0.6550 110.6563 0.2298 0.2708 0.1572 0.0934 0.0325 0.0506 0.3289 1.5940 1.4491
1494806400.0000 111150.0000 0.0652 0.2775 0.0019 0.3489 193.2141 0.0484 0.0441 0.0181 0.0225 -0.0054 -0.0082 0.0553 0.6734 0.6158
1494806400.0000 111450.0000 -0.3744 0.1605 0.0543 0.4693 113.2084 0.0884 0.0667 0.0599 0.0123 0.0225 0.0004 0.1075 0.6513 0.5581
1494806400.0000 111750.0000 -0.3149 -0.1083 0.0894 0.5517 71.0156 0.1544 0.1539 0.0811 -0.0277 0.0367 -0.0249 0.1947 1.0450 0.9627
1494806400.0000 112050.0000 -0.3139 0.2129 0.1546 0.4317 124.1370 0.0755 0.0394 0.0302 -0.0133 0.0251 -0.0192 0.0726 0.5371 0.5161
1494806400.0000 112350.0000 -0.4595 -0.1556 0.1097 0.7293 71.2952 0.1335 0.2842 0.0714 0.0017 0.0186 -0.0097 0.2445 0.8117 0.7691
1494806400.0000 112650.0000 -0.3175 -0.5737 -0.1014 0.7399 28.9613 0.1280 0.2056 0.1063 0.0513 -0.0089 0.0207 0.2200 0.5771 0.5086
1494806400.0000 112950.0000 -0.4713 -0.4676 0.1289 0.9682 45.2310 0.4227 0.4231 0.1339 0.0890 0.1391 0.0216 0.4898 0.8450 0.7998
1494806400.0000 113250.0000 -0.4701 -0.1603 0.0715 0.6468 71.1752 0.1517 0.1186 0.0709 -0.0027 0.0293 0.0238 0.1705 0.6719 0.6043
1494806400.0000 113550.0000 -0.4610 -0.0354 0.0932 0.6685 85.6075 0.2378 0.3101 0.0933 0.0077 0.0605 0.0156 0.3206 0.9802 0.9243
1494806400.0000 113850.0000 -0.9839 0.2503 0.0240 1.1523 104.2715 0.4594 0.2658 0.1157 0.0599 0.1121 0.0230 0.4205 0.5214 0.4843
1494806400.0000 114150.0000 -1.0087 -0.2903 0.0299 1.2264 73.9427 0.6999 0.2803 0.1287 -0.0515 0.1307 -0.0000 0.5544 0.5789 0.5445
1494806400.0000 114450.0000 -0.9420 -0.0879 0.0294 1.1552 84.6702 0.5687 0.4053 0.1716 0.1495 0.0778 0.0160 0.5728 0.6529 0.6023
1494806400.0000 114750.0000 0.1624 0.0579 0.0798 0.6384 250.3756 0.4738 0.0853 0.0932 0.0297 -0.0085 0.0015 0.3262 2.4545 2.5043
1494806400.0000 115050.0000 0.2772 -0.2562 -0.1033 0.7984 312.7409 0.1720 0.5011 0.1707 0.0413 0.0308 -0.0283 0.4219 1.3553 1.2550
1494806400.0000 115350.0000 -0.1789 0.0531 -0.0356 0.6628 106.5367 0.2231 0.3680 0.0993 -0.2192 0.0730 -0.0639 0.3452 2.5244 2.3780
1494806400.0000 115650.0000 -0.2824 0.6250 -0.0363 0.8218 155.6843 0.2364 0.1402 0.0981 -0.0332 0.0272 -0.0319 0.2373 0.5792 0.5166
1494806400.0000 115950.0000 -0.2898 0.4961 -0.0264 0.6518 149.7094 0.0837 0.0805 0.0709 -0.0131 0.0308 -0.0342 0.1176 0.4868 0.4072
1494806400.0000 116250.0000 -0.1937 0.1676 0.0004 0.5207 130.8615 0.1418 0.1918 0.0839 -0.0868 0.0103 -0.0031 0.2087 1.4565 1.3020
1494806400.0000 116550.0000 -0.1849 0.3977 -0.0092 0.7348 155.0702 0.3765 0.1679 0.0935 -0.1242 0.0990 -0.0355 0.3189 1.0512 0.9713
1494806400.0000 116850.0000 -0.4364 0.3264 -0.0929 0.7767 126.7899 0.2496 0.2271 0.1597 0.0519 0.0656 0.0115 0.3182 0.8331 0.7315
1494806400.0000 117150.0000 -0.0287 -0.2886 -0.2439 0.8791 5.6831 0.6349 0.3383 0.1928 0.0234 0.0294 0.0207 0.5830 1.6452 1.9637
1494806400.0000 117450.0000 -0.5919 -0.2735 -0.0550 1.0788 65.2007 0.3800 0.8277 0.2089 -0.2029 0.0956 0.0405 0.7083 1.0501 0.9731
1494806400.0000 117750.0000 -0.5284 -0.3023 0.1668 0.8768 60.2264 0.4471 0.3871 0.2048 0.1490 0.1138 0.1095 0.5195 0.9324 0.8662
1494806400.0000 118050.0000 -0.5261 -0.7378 0.0003 1.3539 35.4918 0.4238 1.0061 0.2131 -0.1880 0.0582 0.0929 0.8215 0.8166 0.7618
1494806400.0000 118350.0000 -0.9174 0.0681 -0.0711 1.2598 94.2448 0.6910 0.7816 0.1872 0.3516 0.1099 0.0857 0.8299 0.8062 0.7616
1494806400.0000 118650.0000 -0.7882 0.4226 0.0034 1.1506 118.1953 0.6073 0.4022 0.2095 -0.0863 0.1658 -0.0406 0.6095 0.7127 0.6486
1494806400.0000 118950.0000 -0.6257 0.6015 -0.1579 1.0612 133.8748 0.4726 0.3558 0.4103 -0.2160 0.1082 0.0266 0.6193 0.7284 0.6055
1494806400.0000 119250.0000 -0.4170 0.1042 0.0737 0.7667 104.0283 0.4744 0.2361 0.2116 0.0060 0.1653 0.0145 0.4611 1.2714 1.1324
1494806400.0000 119550.0000 -0.4051 -0.0163 -0.1240 0.8456 87.7019 0.2857 0.5014 0.2187 -0.0856 0.0128 0.1170 0.5029 1.3657 1.2633
1494806400.0000 119850.0000 -0.7192 0.4933 0.0185 1.0838 124.4457 0.4047 0.4559 0.1296 -0.2027 0.1294 -0.0929 0.4951 0.6586 0.6141
1494806400.0000 120150.0000 -0.9747 0.1357 -0.0599 1.2942 97.9237 0.5650 0.6100 0.2064 0.1272 0.0427 -0.0107 0.6907 0.6883 0.6359
1494806400.0000 120450.0000 -0.4914 0.0314 0.0348 0.9284 93.6554 0.2561 0.6073 0.1838 -0.0966 0.0845 0.0195 0.5236 1.1969 1.0895
1494806400.0000 120750.0000 -0.6557 0.0220 -0.1449 0.9281 91.9240 0.7532 0.2044 0.1054 -0.1459 -0.0308 0.0406 0.5315 0.8860 0.8611
1494806400.0000 121050.0000 -0.1852 -0.0146 0.0104 0.7008 85.4956 0.3199 0.2958 0.1105 -0.0200 -0.0283 -0.0251 0.3631 2.6450 2.4392
1494806400.0000 121350.0000 0.0353 0.2276 0.1399 0.6628 188.8080 0.3073 0.2389 0.1085 -0.0627 0.0636 -0.0147 0.3273 1.7336 1.8527
1494806400.0000 121650.0000 0.9168 -0.5500 -0.1136 1.3034 300.9608 0.4614 0.3975 0.2015 0.0518 -0.0565 0.0510 0.5302 0.5530 0.5005
1494806400.0000 121950.0000 0.1169 -0.9793 -0.0680 1.3348 353.1936 0.5810 0.8896 0.2746 -0.0243 0.0444 0.2391 0.8726 0.7715 0.7099
1494806400.0000 122250.0000 -0.1126 -0.0944 -0.2991 0.7277 50.0285 0.3911 0.3247 0.1845 -0.0010 0.0843 0.0380 0.4502 1.6440 3.3240
1494806400.0000 122550.0000 0.1410 0.3036 0.0436 0.5642 204.9091 0.1691 0.1687 0.1331 -0.0052 -0.0358 -0.0680 0.2354 1.1735 1.0023
1494806400.0000 122850.0000 -0.2684 0.5020 0.0197 0.7342 151.8713 0.2185 0.2366 0.0992 -0.0111 -0.0079 -0.0464 0.2772 0.7547 0.6843
1494806400.0000 123150.0000 0.1327 0.1830 0.0705 0.5277 215.9429 0.1510 0.2020 0.0837 -0.0149 -0.0196 -0.0125 0.2184 1.6112 1.5176
1494806400.0000 123450.0000 -0.1782 0.0714 0.1225 0.8288 111.8199 0.5613 0.3467 0.0901 0.2459 0.0335 -0.0366 0.4990 2.5326 2.8657
1494806400.0000 123750.0000 -0.8697 0.2855 -0.1522 1.4271 108.1734 0.8113 0.9803 0.2598 0.2119 0.1936 -0.0013 1.0257 0.8912 0.8443
1494806400.0000 124050.0000 -1.1263 -0.3990 -0.3315 1.5484 70.4918 0.7442 0.6087 0.1753 -0.0258 0.0478 0.0923 0.7641 0.5756 0.5620
1494806400.0000 124350.0000 -0.4751 0.7783 0.0084 1.0208 148.5977 0.2898 0.4206 0.2011 -0.1260 0.0649 -0.1169 0.4557 0.6045 0.5337
1494806400.0000 124650.0000 0.0946 0.3532 -0.0648 0.7538 194.9860 0.3779 0.2209 0.1271 -0.1121 0.0205 -0.0173 0.3629 1.3246 1.2218
1494806400.0000 124950.0000 -0.3107 0.6167 0.0643 0.8437 153.2623 0.1510 0.4959 0.1386 -0.1000 0.0352 -0.1572 0.3928 0.7378 0.6725
1494806400.0000 125250.0000 -0.9199 0.6233 -0.0729 1.3259 124.1199 0.8064 0.2340 0.1715 0.0796 0.1683 -0.0072 0.6060 0.5708 0.5300
1494806400.0000 125550.0000 -0.7610 0.9146 -0.0849 1.3585 140.2382 0.6076 0.4443 0.1654 -0.0664 0.1053 -0.0945 0.6087 0.5340 0.4977
1494806400.0000 125850.0000 -0.8390 0.5397 -0.1186 1.2739 122.7526 0.7427 0.3831 0.2393 0.0985 0.1204 -0.0657 0.6825 0.6715 0.6141
1494806400.0000 126150.0000 -1.2795 -0.2858 -0.1554 1.6309 77.4078 0.8328 0.7511 0.3314 -0.1900 0.1965 0.0325 0.9577 0.6052 0.5542
1494806400.0000 126450.0000 -1.0306 -0.7651 0.0432 1.5234 53.4120 0.7978 0.5360 0.2840 0.2127 0.0944 -0.0167 0.8089 0.5718 0.5195
1494806400.0000 126750.0000 0.1912 -0.5241 -0.0004 0.8643 339.9626 0.3137 0.4280 0.1606 -0.2262 0.0070 0.0133 0.4511 0.9830 0.8912
1494806400.0000 127050.0000 -0.4440 0.4997 0.0185 0.8500 138.3802 0.3551 0.2013 0.1226 -0.0579 0.0574 -0.0729 0.3395 0.7114 0.6442
1494806400.0000 127350.0000 -0.7842 0.4427 -0.1416 1.1253 119.4478 0.3272 0.4605 0.1799 0.0067 0.0471 -0.0414 0.4838 0.6230 0.5690
1494806400.0000 127650.0000 -0.2580 1.2266 -0.1891 1.5948 168.1235 0.4020 1.9198 0.2203 -0.3878 0.0714 -0.3336 1.2711 0.7262 0.7018
1494806400.0000 127950.0000 0.1858 0.2174 0.1452 0.7114 220.5108 0.2435 0.6684 0.1451 0.0711 -0.0460 -0.1491 0.5285 1.8508 1.9281
1494806400.0000 128250.0000 0.1972 0.6571 -0.1209 1.1216 196.7043 0.5153 1.0751 0.2730 -0.3700 -0.0121 -0.1597 0.9317 1.1313 1.0613
1494806400.0000 128550.0000 -0.7684 1.5856 -0.1152 1.8732 154.1462 0.6235 0.8439 0.1812 -0.3124 0.1253 -0.2409 0.8243 0.4198 0.3969
1494806400.0000 128850.0000 -0.8890 0.7759 -0.1918 1.5942 131.1148 1.1111 0.8529 0.1313 -0.0399 0.0737 -0.0684 1.0476 0.6991 0.6857
1494806400.0000 129150.0000 0.0184 0.8973 -0.0938 1.1668 181.1719 0.5232 0.5441 0.1362 -0.1950 0.0364 -0.1016 0.6018 0.7019 0.6646
1494806400.0000 129450.0000 -1.3219 0.7435 -0.1592 1.7500 119.3537 0.9242 0.4686 0.1711 0.0831 0.1533 -0.0355 0.7820 0.4735 0.4493
1494806400.0000 129750.0000 -0.9369 0.4335 -0.1371 1.3097 114.8299 0.4077 0.6586 0.2188 -0.1315 0.0565 -0.0997 0.6425 0.6285 0.5775
1494806400.0000 130050.0000 -0.3320 1.1164 -0.1356 1.2918 163.4371 0.2803 0.3775 0.1951 0.0164 0.0375 -0.1590 0.4264 0.4547 0.4020
1494806400.0000 130350.0000 -0.5095 0.5332 -0.0386 1.0545 136.3017 0.5462 0.5919 0.1339 0.0279 0.0959 -0.1061 0.6360 0.8817 0.8352
1494806400.0000 130650.0000 -0.6956 0.6865 -0.2113 1.1532 134.6209 0.1744 0.5144 0.2013 -0.0534 0.0459 -0.1108 0.4450 0.5448 0.4903
1494806400.0000 130950.0000 -0.3549 0.5962 -0.0240 0.8078 149.2348 0.1727 0.2523 0.1086 -0.0209 0.0473 -0.0933 0.2668 0.6075 0.5424
1494806400.0000 131250.0000 -0.3530 0.3527 -0.0055 0.7989 134.9712 0.4869 0.1345 0.0859 0.1197 0.0491 0.0008 0.3536 0.9729 0.9120
1494806400.0000 131550.0000 0.4894 0.5712 -0.1066 0.8498 220.5909 0.0773 0.1919 0.0871 -0.0340 0.0030 -0.0789 0.1781 0.4536 0.3982
1494806400.0000 131850.0000 -0.2012 0.2905 -0.0298 0.6257 145.3004 0.4172 0.0933 0.0683 -0.0824 0.0457 -0.0243 0.2894 1.2386 1.1673
1494806400.0000 132150.0000 -0.2263 0.2762 -0.0329 0.6284 140.6730 0.1626 0.2854 0.1502 -0.0212 0.0028 -0.0922 0.2991 1.2453 1.0823
1494806400.0000 132450.0000 -0.8015 1.2414 -0.0842 1.5509 147.1515 0.3512 0.4114 0.1346 -0.2130 0.1047 -0.1397 0.4486 0.3695 0.3412
1494806400.0000 132750.0000 -0.2117 0.5483 -0.0132 0.7798 158.8839 0.3915 0.2584 0.0543 -0.2080 0.0453 -0.0522 0.3521 0.8241 0.7919
1494806400.0000 133050.0000 0.5181 -0.1240 -0.0153 0.6621 283.4579 0.2758 0.0835 0.0854 0.0266 -0.0750 -0.0272 0.2223 0.7224 0.6496
1494806400.0000 133350.0000 0.0486 -0.4582 0.0894 0.6318 353.9496 0.1683 0.1313 0.0998 -0.0317 -0.0490 0.0433 0.1997 0.7774 0.6859
1494806400.0000 133650.0000 0.2433 -0.6276 0.1066 0.7471 338.8114 0.0768 0.1334 0.0662 -0.0086 -0.0200 0.0306 0.1382 0.4454 0.3932
1494806400.0000 133950.0000 -0.3449 -0.5831 0.1256 0.9117 30.6021 0.3707 0.2347 0.1565 -0.0947 0.0148 0.0689 0.3810 0.7314 0.6631
1494806400.0000 134250.0000 -1.0510 0.4208 -0.1569 1.2766 111.8187 0.8823 0.1426 0.1543 0.0141 0.1240 -0.0384 0.5896 0.5486 0.5163
1494806400.0000 134550.0000 -0.8007 -0.9882 -0.0901 1.4521 39.0164 0.3448 0.4325 0.2013 0.0025 0.0060 -0.0287 0.4893 0.4479 0.4002
1494806400.0000 134850.0000 -0.5833 -0.1651 -0.0855 0.9075 74.1919 0.2513 0.4785 0.2070 -0.0076 0.0607 -0.0218 0.4684 0.9128 0.8136
1494806400.0000 135150.0000 0.3090 -0.7072 0.0506 1.0194 336.4005 0.2380 0.3608 0.0936 0.1280 -0.0474 0.0361 0.3462 0.6212 0.5789
1494806400.0000 135450.0000 0.5286 -0.6929 -0.0330 1.2052 322.6607 0.2773 0.7655 0.1227 0.1402 -0.0686 0.0058 0.5827 0.7147 0.6765
1494806400.0000 135750.0000 0.0528 0.2366 0.0548 0.4386 192.5710 0.0995 0.1398 0.0675 0.0005 0.0119 -0.0331 0.1534 1.2870 1.1652
1494806400.0000 136050.0000 -0.8650 1.0406 -0.1501 1.4930 140.2656 0.6393 0.4687 0.1435 -0.2870 0.0762 -0.0764 0.6258 0.4744 0.4491
1494806400.0000 136350.0000 -0.0046 0.5034 -0.0002 0.9043 179.4732 0.6246 0.1268 0.1821 -0.0148 -0.0721 -0.0392 0.4668 1.1082 0.9942
1494806400.0000 136650.0000 0.0815 0.7913 -0.1556 0.8808 185.8826 0.1476 0.2649 0.1020 0.0346 -0.0244 -0.1030 0.2572 0.5109 0.4661
1494806400.0000 136950.0000 0.0678 -0.3143 -0.2106 0.7885 347.8195 0.2767 0.3564 0.0938 -0.0777 -0.0209 0.0099 0.3635 1.2807 1.4288
1494806400.0000 137250.0000 0.1630 0.4484 -0.1809 0.6148 199.9743 0.0923 0.2955 0.1583 0.0230 -0.0214 -0.1165 0.2731 0.8363 0.7537
1494806400.0000 137550.0000 0.9266 0.2447 -0.1534 1.0568 255.2056 0.3798 0.1362 0.1074 0.0212 -0.0764 -0.0307 0.3117 0.4697 0.4328
1494806400.0000 137850.0000 -0.0886 0.8262 -0.0802 0.9301 173.8780 0.1654 0.3499 0.1321 -0.0419 0.0501 -0.1500 0.3237 0.5565 0.4988
1494806400.0000 138150.0000 0.0118 0.1973 0.1135 0.4440 183.4198 0.0647 0.1800 0.1293 0.0199 0.0022 -0.0790 0.1870 1.5491 1.4448
1494806400.0000 138450.0000 -0.5804 0.4306 -0.0623 1.2036 126.5679 0.8058 0.8496 0.2668 0.2939 0.1481 -0.1636 0.9611 1.1035 1.0279
1494806400.0000 138750.0000 0.4061 0.5003 -0.2317 0.9064 219.0617 0.3292 0.2652 0.1681 -0.0226 0.1036 -0.0355 0.3813 0.7363 0.6908
1494806400.0000 139050.0000 -0.0001 0.3975 -0.0219 0.4600 179.9910 0.0424 0.0937 0.0665 -0.0089 0.0051 -0.0520 0.1013 0.6528 0.5359
1494806400.0000 139350.0000 -0.2032 0.7937 -0.0397 1.0020 165.6439 0.3523 0.2628 0.1155 -0.0313 0.0565 -0.0758 0.3653 0.6016 0.5527
1494806400.0000 139650.0000 0.3488 0.3325 -0.2237 0.6135 226.3655 0.0879 0.1488 0.0719 0.0224 0.0247 0.0233 0.1543 0.6037 0.5830
1494806400.0000 139950.0000 0.6180 -0.1663 -0.0410 0.7243 285.0611 0.1626 0.0939 0.0552 0.0088 -0.0523 0.0034 0.1559 0.5026 0.4569
1494806400.0000 140250.0000 0.8721 -0.2498 -0.1004 0.9717 285.9850 0.2392 0.0787 0.0445 0.0485 -0.0438 -0.0010 0.1812 0.3809 0.3589
1494806400.0000 140550.0000 -0.0432 -0.0499 0.0569 0.2298 40.8659 0.0492 0.0199 0.0214 0.0051 -0.0110 -0.0037 0.0452 1.9919 2.2987
1494806400.0000 140850.0000 -0.3844 -0.3280 -0.0533 0.5897 49.5263 0.3145 0.0644 0.0328 0.0981 0.0456 0.0134 0.2059 0.7291 0.7033
1494806400.0000 141150.0000 -0.3088 -0.5512 -0.0361 0.7628 29.2600 0.2470 0.0445 0.0438 0.0182 0.0380 0.0090 0.1676 0.5283 0.4934
1494806400.0000 141450.0000 0.1291 -0.6678 -0.0726 0.7283 349.0563 0.0489 0.2089 0.0784 0.0168 0.0072 0.0046 0.1681 0.4893 0.4309
1494806400.0000 141750.0000 0.4633 0.0362 -0.2082 0.8004 265.5289 0.1817 0.3279 0.0933 -0.1481 0.0304 0.0051 0.3014 0.8803 0.8868
1494806400.0000 142050.0000 0.4797 -0.0245 -0.0312 1.0289 272.9255 0.9109 0.1789 0.0698 0.1474 -0.0279 -0.0141 0.5799 1.2918 1.2550
1494806400.0000 142350.0000 0.2578 -0.1645 -0.0168 0.6220 302.5352 0.0688 0.3917 0.0573 -0.0189 -0.0133 0.0251 0.2589 1.3565 1.2812
1494806400.0000 142650.0000 0.3587 -0.2285 0.0153 0.5363 302.4931 0.1357 0.0650 0.0664 -0.0025 -0.0337 0.0085 0.1336 0.7012 0.6082
1494806400.0000 142950.0000 0.4590 0.0990 0.1152 0.5214 257.8289 0.1160 0.0633 0.0633 0.0530 -0.0590 -0.0324 0.1213 0.5882 0.5207
1494806400.0000 143250.0000 0.2916 0.2216 -0.0888 0.6497 232.7693 0.1898 0.2221 0.1320 -0.0323 -0.0433 -0.0543 0.2720 1.1299 1.0118
1494806400.0000 143550.0000 0.0481 0.6533 -0.0315 0.8211 184.2124 0.2230 0.3238 0.0878 -0.1380 0.0110 -0.0860 0.3173 0.7013 0.6518
1494806400.0000 143850.0000 0.2888 0.4060 -0.0643 0.7714 215.4296 0.4067 0.2306 0.0993 -0.0699 -0.0304 -0.0430 0.3683 0.9864 0.9251
1494806400.0000 144150.0000 0.0666 -0.7435 -0.0450 0.8231 354.8798 0.0975 0.3511 0.1273 -0.0394 0.0103 0.0022 0.2880 0.5859 0.5180
1494806400.0000 144450.0000 0.6342 -0.7057 -0.0941 1.1247 318.0551 0.3354 0.2656 0.1205 0.1119 -0.0775 0.0023 0.3607 0.5143 0.4717
1494806400.0000 144750.0000 0.9432 0.0583 -0.1095 1.1372 266.4625 0.5937 0.2236 0.1236 -0.1472 -0.1250 0.0380 0.4704 0.5886 0.5523
1494806400.0000 145050.0000 0.6455 -0.0288 -0.0542 0.7882 272.5519 0.1922 0.1520 0.1068 0.0550 -0.0620 -0.0334 0.2255 0.5980 0.5242
1494806400.0000 145350.0000 -0.2412 -0.5812 -0.2018 0.9465 22.5365 0.3475 0.3311 0.1264 0.0031 0.0644 0.0204 0.4025 0.7839 0.7558
1494806400.0000 145650.0000 -0.0849 -0.5288 0.0220 0.7047 9.1156 0.1970 0.2689 0.1071 -0.0416 -0.0312 0.0436 0.2865 0.8153 0.7358
1494806400.0000 145950.0000 -0.0482 -0.3705 -0.0314 0.5781 7.4084 0.1176 0.1546 0.0561 0.0609 0.0046 0.0353 0.1641 0.8822 0.8061
1494806400.0000 146250.0000 0.3560 -0.0455 -0.0309 0.5811 277.2808 0.3230 0.0613 0.0716 -0.0703 -0.0647 0.0165 0.2279 1.0822 0.9974
1494806400.0000 146550.0000 0.1769 -0.3024 -0.0767 0.5624 329.6687 0.1421 0.1590 0.0622 0.0329 0.0189 0.0364 0.1816 0.9701 0.9041
1494806400.0000 146850.0000 0.0558 -0.2018 0.0696 0.3826 344.5387 0.0466 0.1561 0.0444 0.0017 -0.0097 0.0192 0.1236 1.3006 1.2412
1494806400.0000 147150.0000 0.8584 0.0105 -0.1781 0.8977 269.2975 0.2351 0.0478 0.0403 -0.0280 -0.0433 -0.0015 0.1616 0.3744 0.3577
1494806400.0000 147450.0000 0.5070 0.2157 -0.1171 0.5987 246.9495 0.1245 0.0341 0.0584 0.0140 -0.0533 -0.0125 0.1085 0.4774 0.4173
1494806400.0000 147750.0000 0.5761 0.3760 -0.1718 0.7404 236.8720 0.1177 0.0546 0.0582 0.0144 -0.0375 -0.0205 0.1152 0.3908 0.3483
1494806400.0000 148050.0000 0.6377 0.0002 -0.0826 0.6796 269.9843 0.0859 0.0500 0.0453 -0.0087 -0.0215 0.0067 0.0906 0.3822 0.3338
1494806400.0000 148350.0000 0.5417 -0.3064 -0.0243 0.7665 299.4926 0.1975 0.1909 0.1019 -0.0039 -0.0678 0.0431 0.2452 0.6491 0.5781
1494806400.0000 148650.0000 0.7474 -0.1987 -0.0565 0.8863 284.8866 0.2555 0.1396 0.0829 0.0279 -0.0623 0.0113 0.2390 0.5148 0.4693
1494806400.0000 148950.0000 0.4284 -0.2921 -0.0233 0.7146 304.2856 0.2381 0.1511 0.0537 0.0625 -0.0551 0.0196 0.2214 0.7402 0.6946
1494806400.0000 149250.0000 -0.5525 -0.9383 -0.0143 1.1496 30.4921 0.1992 0.1891 0.1444 0.0707 0.0231 0.0553 0.2663 0.3869 0.3304
1494806400.0000 149550.0000 0.0903 -0.0524 0.0086 0.5450 300.1316 0.2415 0.1374 0.0715 0.0369 -0.0045 0.0208 0.2252 3.6972 3.4026
1494806400.0000 149850.0000 0.2764 -0.2820 0.1002 0.6489 315.5842 0.3482 0.1339 0.0810 0.0743 -0.0616 0.0010 0.2816 1.0635 1.0152
1494806400.0000 150150.0000 0.3121 -0.2302 0.0012 0.5361 306.4121 0.1379 0.1144 0.0464 0.0040 -0.0305 0.0089 0.1493 0.8137 0.7478
1494806400.0000 150450.0000 0.0337 -0.6876 0.0082 0.7207 357.1952 0.0492 0.2087 0.0400 -0.0228 -0.0043 0.0451 0.1489 0.4576 0.4259
1494806400.0000 150750.0000 -0.0490 -0.2351 0.0021 0.3494 11.7823 0.0414 0.0567 0.0242 -0.0030 -0.0067 0.0069 0.0612 0.8408 0.7530
1494806400.0000 151050.0000 -0.0698 -0.1605 -0.0148 0.2148 23.5158 0.0088 0.0247 0.0063 -0.0006 -0.0004 0.0024 0.0199 0.6565 0.6045
