1497398400.0000 150.0000 -0.9440 0.2405 -0.1874 1.0472 104.2920 0.0616 0.1611 0.0345 -0.0117 0.0080 -0.0175 0.1286 0.2951 0.2797
1497398400.0000 450.0000 -0.8016 0.3408 -0.1617 0.9516 113.0366 0.1161 0.1295 0.0522 0.0252 0.0335 -0.0053 0.1489 0.3556 0.3285
1497398400.0000 750.0000 -0.6101 0.2168 -0.0982 0.7356 109.5610 0.0698 0.1413 0.0358 -0.0271 0.0120 -0.0158 0.1235 0.4381 0.4097
1497398400.0000 1050.0000 -0.5773 0.0785 -0.0983 0.6260 97.7405 0.0726 0.0462 0.0164 0.0153 0.0133 0.0017 0.0676 0.3594 0.3416
1497398400.0000 1350.0000 -0.6876 0.3448 -0.0873 0.8343 116.6290 0.0667 0.1436 0.0323 -0.0106 0.0169 -0.0323 0.1213 0.3674 0.3442
1497398400.0000 1650.0000 -0.5001 0.2791 -0.0965 0.6302 119.1647 0.0351 0.0605 0.0163 0.0168 0.0029 0.0011 0.0560 0.3326 0.3118
1497398400.0000 1950.0000 -0.6964 -0.2243 -0.2119 0.7635 72.1425 0.0510 0.0408 0.0142 -0.0032 0.0130 0.0044 0.0530 0.2468 0.2391
1497398400.0000 2250.0000 -0.3923 -0.0004 -0.0897 0.4752 89.9450 0.0404 0.0670 0.0127 -0.0046 0.0127 0.0005 0.0601 0.4973 0.4823
1497398400.0000 2550.0000 -0.6953 0.0752 -0.1377 0.7379 96.1728 0.0307 0.0534 0.0122 -0.0039 0.0073 -0.0040 0.0481 0.2513 0.2393
1497398400.0000 2850.0000 -0.4345 0.1174 -0.0729 0.4839 105.1204 0.0400 0.0321 0.0091 -0.0018 0.0062 -0.0008 0.0406 0.3609 0.3444
1497398400.0000 3150.0000 -0.1429 0.1760 -0.0010 0.2610 140.9273 0.0138 0.0167 0.0061 0.0004 0.0019 -0.0034 0.0183 0.4868 0.4443
1497398400.0000 3450.0000 -0.1841 0.1522 0.0102 0.2676 129.5820 0.0125 0.0168 0.0063 -0.0008 0.0002 -0.0024 0.0178 0.4556 0.4138
1497398400.0000 3750.0000 -0.3905 0.5685 -0.0423 0.7364 145.5205 0.0930 0.1016 0.0293 -0.0222 0.0173 -0.0307 0.1119 0.3953 0.3693
1497398400.0000 4050.0000 -0.6166 0.7381 -0.0685 1.0460 140.1259 0.1923 0.1726 0.0844 -0.0256 0.0546 -0.0336 0.2247 0.4014 0.3627
1497398400.0000 4350.0000 -0.7891 0.7761 -0.0769 1.1738 134.5215 0.2166 0.2516 0.0897 -0.0923 0.0515 -0.0603 0.2790 0.3887 0.3569
1497398400.0000 4650.0000 -0.8548 0.7990 -0.1384 1.2717 133.0674 0.3255 0.2965 0.1175 -0.0898 0.0879 -0.0517 0.3698 0.4214 0.3892
1497398400.0000 4950.0000 -0.5202 1.0322 -0.0043 1.3131 153.2511 0.4333 0.2425 0.1104 0.0336 0.1143 -0.0130 0.3931 0.4429 0.4106
1497398400.0000 5250.0000 -0.2505 0.4535 0.0327 0.6006 151.0889 0.1182 0.1207 0.0453 -0.0140 -0.0008 -0.0063 0.1421 0.5928 0.5446
1497398400.0000 5550.0000 -0.3643 0.3543 -0.0437 0.6246 134.2011 0.2037 0.0953 0.0505 -0.0165 0.0317 -0.0089 0.1748 0.6693 0.6213
1497398400.0000 5850.0000 -0.8226 0.5304 -0.1652 1.0367 122.8114 0.1730 0.1744 0.0428 -0.0738 0.0262 -0.0277 0.1951 0.3633 0.3477
1497398400.0000 6150.0000 -1.0952 0.3711 -0.2118 1.2175 108.7187 0.1132 0.1654 0.0683 -0.0365 0.0337 -0.0266 0.1734 0.2892 0.2635
1497398400.0000 6450.0000 -0.7845 0.1490 -0.1614 0.8596 100.7540 0.0718 0.1210 0.0406 -0.0212 0.0225 -0.0090 0.1167 0.3424 0.3175
1497398400.0000 6750.0000 -0.6679 0.4997 -0.1305 0.8689 126.8061 0.1015 0.0758 0.0321 -0.0304 0.0281 -0.0193 0.1047 0.3129 0.2914
1497398400.0000 7050.0000 -0.7643 0.3525 -0.0913 0.8971 114.7586 0.0995 0.0953 0.0426 0.0026 0.0218 -0.0161 0.1187 0.3322 0.3027
1497398400.0000 7350.0000 -0.8568 0.4839 -0.1493 1.0580 119.4564 0.1032 0.1932 0.0610 -0.0397 0.0361 -0.0565 0.1787 0.3468 0.3194
1497398400.0000 7650.0000 -0.7678 0.3335 -0.1258 0.8872 113.4791 0.0909 0.0880 0.0484 -0.0043 0.0119 -0.0078 0.1136 0.3251 0.2917
1497398400.0000 7950.0000 -0.8764 0.4691 -0.1927 1.0760 118.1594 0.1678 0.1649 0.0742 -0.0096 0.0568 -0.0315 0.2035 0.3637 0.3350
1497398400.0000 8250.0000 -0.9528 0.3598 -0.1887 1.0803 110.6891 0.0794 0.1186 0.0498 0.0116 0.0161 -0.0220 0.1239 0.2774 0.2522
1497398400.0000 8550.0000 -1.0632 -0.0248 -0.2964 1.1130 88.6631 0.1099 0.1015 0.0462 -0.0038 0.0354 -0.0051 0.1288 0.2654 0.2496
1497398400.0000 8850.0000 -1.0508 0.0227 -0.2403 1.0941 91.2357 0.0651 0.0924 0.0381 0.0251 0.0235 0.0076 0.0978 0.2369 0.2180
1497398400.0000 9150.0000 -0.9269 0.2041 -0.1934 1.0088 102.4179 0.0801 0.1144 0.0391 0.0146 0.0184 -0.0024 0.1168 0.2881 0.2683
1497398400.0000 9450.0000 -0.9358 -0.0171 -0.2531 1.0019 88.9526 0.1071 0.1302 0.0357 -0.0416 0.0272 -0.0125 0.1365 0.3111 0.3005
1497398400.0000 9750.0000 -0.8532 0.0543 -0.1376 0.8969 93.6395 0.1098 0.0690 0.0365 0.0100 0.0296 0.0039 0.1077 0.3094 0.2856
1497398400.0000 10050.0000 -0.6396 0.2091 -0.1190 0.7085 108.1047 0.0377 0.0513 0.0166 -0.0009 0.0055 -0.0002 0.0528 0.2745 0.2559
1497398400.0000 10350.0000 -0.4402 0.3467 -0.0368 0.6231 128.2236 0.0439 0.0657 0.0182 0.0097 0.0103 0.0024 0.0639 0.3676 0.3412
1497398400.0000 10650.0000 -0.7277 0.3873 -0.1592 0.8566 118.0256 0.0557 0.0509 0.0157 0.0019 0.0104 -0.0045 0.0611 0.2404 0.2286
1497398400.0000 10950.0000 -0.6682 0.3313 -0.1219 0.7704 116.3714 0.0222 0.0447 0.0119 -0.0042 0.0050 -0.0071 0.0394 0.2144 0.2002
1497398400.0000 11250.0000 -0.5531 0.2646 -0.0764 0.6363 115.5680 0.0231 0.0322 0.0097 -0.0041 0.0045 -0.0039 0.0325 0.2384 0.2215
1497398400.0000 11550.0000 -0.7934 0.3563 -0.1093 0.8892 114.1842 0.0356 0.0383 0.0129 -0.0075 0.0055 -0.0019 0.0434 0.1940 0.1804
1497398400.0000 11850.0000 -0.5249 0.3730 -0.0617 0.6665 125.3999 0.0179 0.0275 0.0105 0.0050 -0.0008 -0.0038 0.0280 0.2113 0.1912
1497398400.0000 12150.0000 -0.5258 0.4083 -0.0727 0.7048 127.8326 0.0268 0.0457 0.0100 0.0106 0.0033 0.0002 0.0413 0.2478 0.2336
1497398400.0000 12450.0000 -0.2656 0.6323 0.0099 0.7523 157.2163 0.0559 0.1154 0.0164 0.0227 0.0079 -0.0123 0.0938 0.3647 0.3484
1497398400.0000 12750.0000 -0.6436 0.6328 -0.0723 0.9431 134.5143 0.0768 0.0943 0.0306 -0.0201 0.0062 -0.0175 0.1009 0.2864 0.2646
1497398400.0000 13050.0000 -0.3511 0.5534 -0.0006 0.6916 147.6034 0.0367 0.0831 0.0215 -0.0092 0.0013 -0.0131 0.0707 0.3312 0.3049
1497398400.0000 13350.0000 -0.2629 0.1249 -0.0262 0.3288 115.4181 0.0197 0.0281 0.0112 -0.0049 0.0038 -0.0042 0.0295 0.4797 0.4335
1497398400.0000 13650.0000 -0.1310 0.2151 0.0305 0.3442 148.6602 0.0741 0.0332 0.0093 -0.0298 0.0050 -0.0044 0.0583 0.7772 0.7510
1497398400.0000 13950.0000 -0.1016 0.1841 -0.0048 0.2415 151.1034 0.0120 0.0169 0.0082 -0.0019 0.0022 -0.0048 0.0186 0.5289 0.4671
1497398400.0000 14250.0000 -0.2277 0.1323 -0.0115 0.3290 120.1708 0.0132 0.0478 0.0055 0.0016 0.0001 0.0012 0.0333 0.5650 0.5416
1497398400.0000 14550.0000 -0.2556 0.2564 -0.0072 0.4165 135.0882 0.0213 0.0619 0.0100 0.0060 0.0043 0.0087 0.0466 0.4869 0.4601
1497398400.0000 14850.0000 -0.5172 0.2851 -0.0610 0.6172 118.8630 0.0278 0.0375 0.0100 -0.0037 0.0039 0.0007 0.0377 0.2669 0.2499
1497398400.0000 15150.0000 -0.9756 0.5432 -0.1765 1.1722 119.1080 0.1212 0.1525 0.0502 -0.0261 0.0322 -0.0262 0.1619 0.2906 0.2705
1497398400.0000 15450.0000 -0.9583 0.6074 -0.1259 1.2027 122.3655 0.1326 0.1411 0.0515 0.0206 0.0176 -0.0076 0.1626 0.2884 0.2662
1497398400.0000 15750.0000 -0.8849 0.3742 -0.1343 1.0126 112.9224 0.0852 0.1016 0.0356 0.0018 0.0129 -0.0139 0.1112 0.2806 0.2597
1497398400.0000 16050.0000 -0.7892 0.3699 -0.1173 0.9267 115.1136 0.1099 0.1098 0.0370 -0.0227 0.0169 -0.0131 0.1283 0.3326 0.3105
1497398400.0000 16350.0000 -0.7543 0.5225 -0.1127 0.9754 124.7128 0.1626 0.1563 0.0537 -0.0547 0.0324 -0.0451 0.1862 0.3811 0.3553
1497398400.0000 16650.0000 -0.7666 0.3259 -0.1158 0.8695 113.0323 0.0754 0.0635 0.0246 -0.0075 0.0153 -0.0126 0.0817 0.2775 0.2583
1497398400.0000 16950.0000 -0.5843 0.3426 -0.0879 0.7448 120.3830 0.0547 0.0750 0.0207 0.0237 0.0031 -0.0083 0.0752 0.3278 0.3069
1497398400.0000 17250.0000 -0.7150 0.4345 -0.0984 0.8783 121.2863 0.0699 0.0702 0.0274 -0.0108 0.0146 -0.0068 0.0837 0.2804 0.2582
1497398400.0000 17550.0000 -0.7743 0.3328 -0.1215 0.8767 113.2582 0.0607 0.0558 0.0231 0.0010 0.0114 -0.0052 0.0698 0.2533 0.2338
1497398400.0000 17850.0000 -0.5623 0.1716 -0.0894 0.6211 106.9747 0.0236 0.0408 0.0090 -0.0030 0.0016 -0.0018 0.0367 0.2630 0.2492
1497398400.0000 18150.0000 -0.4665 0.0779 -0.0840 0.5043 99.4854 0.0224 0.0313 0.0083 -0.0039 0.0016 0.0007 0.0310 0.2993 0.2828
1497398400.0000 18450.0000 -0.5571 0.1934 -0.1269 0.6169 109.1413 0.0230 0.0300 0.0077 0.0027 0.0015 0.0002 0.0304 0.2358 0.2255
1497398400.0000 18750.0000 -0.7544 0.0513 -0.1622 0.7808 93.8876 0.0296 0.0351 0.0060 0.0130 0.0009 -0.0006 0.0353 0.1985 0.1942
1497398400.0000 19050.0000 -0.4978 -0.1845 -0.1635 0.5790 69.6627 0.0263 0.0534 0.0105 -0.0017 -0.0000 0.0039 0.0451 0.3120 0.3069
1497398400.0000 19350.0000 -0.7462 -0.1346 -0.1787 0.7926 79.7755 0.0233 0.0570 0.0131 0.0033 0.0009 0.0033 0.0466 0.2264 0.2157
1497398400.0000 19650.0000 -0.5598 0.0023 -0.1102 0.6144 90.2314 0.0503 0.0542 0.0109 -0.0050 0.0005 0.0079 0.0577 0.3438 0.3333
1497398400.0000 19950.0000 -0.3721 -0.0914 -0.0847 0.4262 76.2052 0.0102 0.0345 0.0045 -0.0059 0.0010 0.0050 0.0246 0.3260 0.3184
1497398400.0000 20250.0000 -0.2696 -0.3478 -0.1520 0.4612 37.7781 0.0200 0.0262 0.0180 0.0027 0.0000 -0.0085 0.0321 0.3144 0.2822
1497398400.0000 20550.0000 -0.6064 -0.4680 -0.2339 0.7894 52.3366 0.0331 0.0228 0.0065 -0.0098 0.0072 0.0019 0.0312 0.1800 0.1782
1497398400.0000 20850.0000 -0.5844 -0.2630 -0.1903 0.6505 65.7718 0.0168 0.0147 0.0074 0.0033 0.0037 0.0042 0.0195 0.1705 0.1601
1497398400.0000 21150.0000 -0.5115 -0.2085 -0.1731 0.5866 67.8219 0.0124 0.0375 0.0068 -0.0075 -0.0023 0.0059 0.0284 0.2376 0.2335
1497398400.0000 21450.0000 -0.4934 -0.5633 -0.2471 0.7652 41.2171 0.0372 0.0190 0.0096 0.0039 0.0093 0.0039 0.0329 0.1879 0.1828
1497398400.0000 21750.0000 -0.5009 -0.5610 -0.2547 0.7709 41.7617 0.0266 0.0271 0.0077 -0.0015 0.0075 0.0026 0.0307 0.1802 0.1779
1497398400.0000 22050.0000 -0.4890 -0.3554 -0.1627 0.6266 53.9908 0.0347 0.0379 0.0134 0.0068 0.0107 0.0129 0.0430 0.2705 0.2574
1497398400.0000 22350.0000 -0.1238 -0.2234 -0.0468 0.2762 29.0051 0.0171 0.0130 0.0109 0.0058 0.0013 -0.0011 0.0205 0.4502 0.3923
1497398400.0000 22650.0000 -0.3004 -0.2062 -0.1229 0.3843 55.5334 0.0343 0.0112 0.0064 0.0081 0.0100 0.0024 0.0259 0.3419 0.3378
1497398400.0000 22950.0000 -0.3785 -0.1809 -0.1009 0.4538 64.4610 0.0408 0.0356 0.0120 -0.0078 0.0039 0.0001 0.0442 0.3979 0.3804
1497398400.0000 23250.0000 -0.5811 0.2637 -0.0766 0.6625 114.4110 0.0321 0.0272 0.0059 0.0029 -0.0003 -0.0008 0.0326 0.2293 0.2204
1497398400.0000 23550.0000 -0.3930 0.0791 -0.0492 0.4438 101.3809 0.0218 0.0335 0.0076 0.0130 -0.0011 -0.0005 0.0315 0.3587 0.3388
1497398400.0000 23850.0000 -0.6386 -0.1583 -0.1691 0.6698 76.0792 0.0263 0.0191 0.0073 0.0077 0.0085 0.0028 0.0264 0.1951 0.1870
1497398400.0000 24150.0000 -0.5637 -0.0430 -0.1609 0.5977 85.6335 0.0842 0.0316 0.0171 0.0243 0.0164 0.0013 0.0664 0.3580 0.3475
1497398400.0000 24450.0000 -0.3950 -0.1182 -0.1232 0.5092 73.3407 0.0594 0.0785 0.0159 0.0308 0.0155 0.0017 0.0769 0.5261 0.5199
1497398400.0000 24750.0000 -0.6825 -0.1166 -0.2657 0.7353 80.3044 0.0388 0.0690 0.0356 0.0166 0.0109 0.0009 0.0717 0.2947 0.2738
1497398400.0000 25050.0000 -0.3403 -0.0364 -0.1129 0.5362 83.8971 0.1124 0.1354 0.0209 0.0049 -0.0014 -0.0163 0.1343 0.8304 0.8397
1497398400.0000 25350.0000 -0.5374 -0.2837 -0.2186 0.6467 62.1692 0.0462 0.0420 0.0187 -0.0006 0.0128 -0.0089 0.0534 0.2923 0.2822
1497398400.0000 25650.0000 -0.4896 -0.4804 -0.1599 0.7070 45.5423 0.0530 0.0358 0.0400 0.0142 0.0297 0.0199 0.0644 0.2942 0.2509
1497398400.0000 25950.0000 -0.6621 -0.1883 -0.2208 0.7816 74.1235 0.2041 0.0646 0.0228 -0.0272 0.0408 -0.0116 0.1458 0.4313 0.4348
1497398400.0000 26250.0000 -0.2222 -0.2983 -0.0853 0.3846 36.6870 0.0121 0.0179 0.0067 0.0064 0.0046 0.0048 0.0184 0.2898 0.2689
1497398400.0000 26550.0000 -0.4800 -0.4507 -0.2465 0.6858 46.8016 0.0424 0.0423 0.0176 0.0154 0.0064 0.0103 0.0511 0.2626 0.2552
1497398400.0000 26850.0000 -0.6189 -0.0973 -0.1991 0.7026 81.0627 0.0706 0.0827 0.0261 -0.0421 0.0126 -0.0050 0.0897 0.3721 0.3609
1497398400.0000 27150.0000 -0.4704 -0.0094 -0.1921 0.5405 88.8512 0.0618 0.0575 0.0161 -0.0182 0.0116 -0.0000 0.0677 0.4180 0.4238
1497398400.0000 27450.0000 -0.4591 0.1070 -0.0594 0.5403 103.1258 0.0626 0.0583 0.0438 0.0091 0.0263 0.0183 0.0824 0.4932 0.4259
1497398400.0000 27750.0000 -0.7423 0.2113 -0.1944 0.8164 105.8916 0.0521 0.0685 0.0200 -0.0013 -0.0046 -0.0022 0.0703 0.2720 0.2598
1497398400.0000 28050.0000 0.0558 -0.0172 -0.0714 0.3173 287.0774 0.1210 0.0297 0.0528 -0.0059 -0.0093 0.0010 0.1018 2.8248 3.8378
1497398400.0000 28350.0000 -0.2549 0.0725 -0.0718 0.3974 105.8758 0.0746 0.1014 0.0271 -0.0307 -0.0014 0.0171 0.1015 0.9475 0.9139
1497398400.0000 28650.0000 0.1781 0.3240 -0.0107 0.5513 208.7960 0.1535 0.1320 0.0422 0.0350 0.0091 -0.0166 0.1638 0.8936 0.8344
1497398400.0000 28950.0000 0.5013 0.5451 0.1635 0.7989 222.6038 0.0749 0.1422 0.0807 0.0168 -0.0111 -0.0526 0.1488 0.4154 0.3632
1497398400.0000 29250.0000 -0.4465 0.6209 0.0034 0.8178 144.2774 0.0885 0.0853 0.0592 -0.0174 0.0283 -0.0124 0.1165 0.3645 0.3148
1497398400.0000 29550.0000 0.3558 0.6107 0.1073 1.0015 210.2287 0.5367 0.2047 0.1238 -0.0173 0.0721 -0.0369 0.4326 0.7512 0.7034
1497398400.0000 29850.0000 0.2227 0.6483 0.0845 0.8499 198.9568 0.2226 0.2506 0.1043 0.0361 0.0115 0.0066 0.2888 0.6353 0.5794
1497398400.0000 30150.0000 0.5453 1.1005 0.1887 1.3427 206.3600 0.3083 0.4387 0.1250 0.1425 -0.0249 -0.1043 0.4360 0.4339 0.4063
1497398400.0000 30450.0000 0.6577 0.5965 0.1840 0.9817 227.7937 0.1962 0.1542 0.1285 0.0101 0.0126 -0.0164 0.2395 0.4406 0.3849
1497398400.0000 30750.0000 0.5735 0.7264 0.2064 1.0852 218.2882 0.0980 0.3866 0.0986 -0.0495 -0.0068 -0.0245 0.2916 0.4649 0.4342
1497398400.0000 31050.0000 -0.0224 0.3766 0.2343 0.6147 176.5929 0.1194 0.3629 0.0813 0.0382 0.0229 -0.0218 0.2818 0.9760 1.0629
1497398400.0000 31350.0000 0.1869 0.2826 0.0735 0.5613 213.4862 0.1494 0.2402 0.0863 0.0536 0.0384 0.0312 0.2379 1.1488 1.0636
1497398400.0000 31650.0000 1.3057 0.4196 0.2663 1.4903 252.1855 0.4683 0.3544 0.1116 0.1082 -0.0206 -0.0607 0.4671 0.3994 0.3818
1497398400.0000 31950.0000 0.5890 0.4677 0.1213 0.8775 231.5509 0.3149 0.1251 0.0989 0.0600 -0.0042 -0.0025 0.2694 0.5563 0.5092
1497398400.0000 32250.0000 0.1369 0.7447 0.1409 0.9524 190.4175 0.2920 0.4192 0.1452 0.0638 -0.0101 -0.1184 0.4282 0.6937 0.6430
1497398400.0000 32550.0000 -0.1969 1.1422 0.1142 1.2918 170.2197 0.3027 0.4135 0.1375 -0.0059 0.0541 -0.1089 0.4268 0.4580 0.4216
1497398400.0000 32850.0000 0.7741 1.0207 0.2639 1.4007 217.1759 0.3640 0.3013 0.1375 0.0164 -0.0282 -0.0546 0.4014 0.3955 0.3676
1497398400.0000 33150.0000 -0.0336 0.9036 0.0590 1.1534 177.8679 0.4871 0.2151 0.1502 0.0468 0.0131 -0.0532 0.4262 0.5883 0.5351
1497398400.0000 33450.0000 0.7481 0.8523 0.1707 1.3023 221.2741 0.3452 0.3094 0.1404 -0.0500 0.0391 -0.0484 0.3975 0.4489 0.4119
1497398400.0000 33750.0000 0.8311 0.8005 0.0747 1.2292 226.0753 0.3709 0.1967 0.1199 0.1481 -0.0271 -0.0340 0.3438 0.4140 0.3770
1497398400.0000 34050.0000 0.9194 0.9436 0.2146 1.5442 224.2566 0.8040 0.2635 0.1468 -0.0370 0.0429 -0.0462 0.6072 0.4766 0.4528
1497398400.0000 34350.0000 0.0604 1.1399 0.2074 1.3127 183.0335 0.4242 0.2874 0.1539 -0.0185 0.0670 -0.0832 0.4328 0.4630 0.4267
1497398400.0000 34650.0000 0.4833 0.7411 -0.0084 1.1250 213.1067 0.3463 0.2607 0.1935 -0.1064 0.0444 -0.0466 0.4003 0.5838 0.5084
1497398400.0000 34950.0000 0.1937 0.5646 0.0931 0.9864 198.9359 0.3211 0.4836 0.1152 0.0235 0.0062 -0.0049 0.4600 0.9166 0.8676
1497398400.0000 35250.0000 0.6021 1.2189 0.0220 1.7276 206.2862 1.0525 0.3602 0.1603 -0.2904 0.0947 -0.0615 0.7865 0.5326 0.5048
1497398400.0000 35550.0000 -0.9408 0.9934 -0.0684 1.4540 136.5580 0.2694 0.2881 0.1680 -0.0616 0.0498 -0.0482 0.3628 0.3590 0.3151
1497398400.0000 35850.0000 0.2490 1.3205 0.2572 1.5097 190.6770 0.4692 0.7066 0.2675 0.0525 0.0555 -0.0342 0.7216 0.5070 0.4659
1497398400.0000 36150.0000 0.6179 1.4586 0.2909 1.7902 202.9585 0.7625 0.5762 0.2287 0.1238 -0.0480 -0.1387 0.7837 0.4488 0.4217
1497398400.0000 36450.0000 0.0695 0.0638 -0.1119 0.6765 227.4254 0.3114 0.4588 0.0920 0.2916 0.0269 0.0217 0.4311 3.6622 5.3710
1497398400.0000 36750.0000 1.2743 1.0119 0.3805 1.7335 231.5471 0.4200 0.4710 0.2164 0.0882 -0.0320 -0.0796 0.5537 0.3636 0.3349
1497398400.0000 37050.0000 1.3958 1.4154 0.2268 2.0879 224.6007 0.3964 0.5673 0.1792 0.0578 0.0005 -0.0270 0.5714 0.3085 0.2851
1497398400.0000 37350.0000 0.7664 1.7516 0.2756 2.0765 203.6321 0.4350 1.0139 0.2966 -0.1460 0.0759 -0.1803 0.8728 0.3949 0.3635
1497398400.0000 37650.0000 1.0644 1.1927 0.3931 1.7819 221.7456 0.6762 0.6231 0.2418 0.1206 0.0343 -0.0837 0.7705 0.4354 0.4117
1497398400.0000 37950.0000 0.6447 1.3179 0.1898 1.6520 206.0678 0.5571 0.6481 0.2228 0.1397 0.0479 -0.0656 0.7140 0.4664 0.4320
1497398400.0000 38250.0000 0.5527 1.1988 0.2045 1.5115 204.7506 0.4243 0.6823 0.2691 0.1010 -0.0080 -0.0500 0.6879 0.5069 0.4601
1497398400.0000 38550.0000 0.5770 1.1254 0.3510 1.5440 207.1437 1.0276 0.5581 0.2001 0.2654 0.0067 -0.0443 0.8929 0.5878 0.5749
1497398400.0000 38850.0000 0.8785 1.7359 0.2402 2.1369 206.8433 0.8704 0.7170 0.2619 0.1210 -0.0565 -0.0832 0.9246 0.4005 0.3739
1497398400.0000 39150.0000 -0.2760 1.3152 0.1250 1.6169 168.1458 0.7662 0.9249 0.2691 -0.3842 0.2631 -0.2640 0.9801 0.5989 0.5587
1497398400.0000 39450.0000 0.3536 1.4631 0.3973 1.7508 193.5855 0.8330 0.8868 0.2580 0.2136 0.0069 -0.1980 0.9889 0.5216 0.5030
1497398400.0000 39750.0000 0.3858 1.2644 -0.0224 1.5295 196.9701 0.6085 0.5085 0.1903 0.1448 0.0952 -0.0291 0.6536 0.4993 0.4616
1497398400.0000 40050.0000 0.2687 1.4216 0.1760 1.7631 190.7045 0.8801 0.9147 0.2629 0.3254 0.0940 -0.0429 1.0288 0.5683 0.5346
1497398400.0000 40350.0000 1.2392 0.7202 0.3196 1.5760 239.8340 0.6793 0.3897 0.1694 0.1211 -0.0478 0.0274 0.6192 0.4375 0.4165
1497398400.0000 40650.0000 0.9381 1.1005 0.3611 1.6352 220.4443 0.6607 0.5387 0.2767 0.0275 0.0662 -0.1095 0.7381 0.4706 0.4372
1497398400.0000 40950.0000 1.0549 1.5058 0.3935 2.1719 215.0152 1.3860 1.2403 0.3358 0.0296 0.0501 -0.2230 1.4810 0.5285 0.5089
1497398400.0000 41250.0000 0.4565 1.3716 0.1617 2.0025 198.4075 2.0382 0.7341 0.3145 0.0836 0.2434 -0.1581 1.5434 0.6974 0.6650
1497398400.0000 41550.0000 0.4126 1.5012 0.2322 1.9818 195.3683 1.3816 1.0324 0.2881 0.4748 0.1010 -0.1106 1.3510 0.6029 0.5762
1497398400.0000 41850.0000 0.9778 0.8897 0.4341 1.5204 227.7018 0.4394 0.7654 0.2168 0.0985 -0.0135 -0.1001 0.7108 0.4947 0.4793
1497398400.0000 42150.0000 1.6211 1.2127 0.4482 2.2936 233.2003 1.2010 0.9705 0.3051 -0.0856 -0.0805 -0.1774 1.2383 0.4382 0.4202
1497398400.0000 42450.0000 1.0247 1.0480 0.2668 1.6358 224.3564 0.6580 0.8250 0.2533 0.2955 -0.0341 -0.0642 0.8682 0.5107 0.4797
1497398400.0000 42750.0000 1.0272 1.8216 0.3287 2.2722 209.4195 0.6074 0.9620 0.3624 -0.0179 -0.0137 -0.1492 0.9659 0.3791 0.3459
1497398400.0000 43050.0000 0.6994 0.5599 0.2767 1.1007 231.3199 0.4746 0.4864 0.1873 0.2043 0.0545 0.0816 0.5742 0.6598 0.6317
1497398400.0000 43350.0000 1.6586 1.1077 0.4067 2.1318 236.2626 0.9958 0.6546 0.3500 0.1332 0.0331 -0.0218 1.0002 0.4012 0.3719
1497398400.0000 43650.0000 1.9251 0.6478 0.2759 2.2474 251.4015 0.9089 0.8887 0.2904 -0.0169 0.0073 0.0835 1.0440 0.4070 0.3811
1497398400.0000 43950.0000 1.6544 0.7427 0.2822 2.0220 245.8228 1.0064 0.6667 0.2529 -0.0642 -0.1269 -0.0171 0.9630 0.4366 0.4118
1497398400.0000 44250.0000 2.1578 0.8645 0.3103 2.4805 248.1677 1.1491 0.7685 0.3598 0.1068 -0.0390 0.1193 1.1387 0.3715 0.3439
1497398400.0000 44550.0000 0.6487 1.3630 0.3103 1.7696 205.4497 0.8729 0.5828 0.2484 -0.0498 -0.0646 -0.0586 0.8521 0.4891 0.4615
1497398400.0000 44850.0000 0.9157 1.4602 0.3980 1.9969 212.0916 1.0132 1.0179 0.2960 -0.0710 -0.0132 -0.1836 1.1635 0.4979 0.4774
1497398400.0000 45150.0000 1.2216 1.1795 0.3276 2.0070 226.0054 1.2261 0.7908 0.2696 -0.1507 -0.0182 -0.1284 1.1432 0.5048 0.4829
1497398400.0000 45450.0000 2.0360 0.6215 0.2783 2.2754 253.0249 0.6988 0.5989 0.3846 -0.0910 -0.0840 0.0975 0.8411 0.3488 0.3090
1497398400.0000 45750.0000 0.6581 1.3770 0.3070 1.7102 205.5419 0.5729 0.7058 0.2719 0.1305 -0.0571 -0.2111 0.7752 0.4618 0.4278
1497398400.0000 46050.0000 1.0675 1.9573 0.3455 2.4554 208.6085 0.8267 1.1499 0.3706 -0.2520 0.0743 -0.1535 1.1736 0.3921 0.3641
1497398400.0000 46350.0000 0.9354 1.1621 0.2468 1.7399 218.8312 0.8747 0.5121 0.3791 0.1279 0.1324 -0.0679 0.8829 0.5074 0.4557
1497398400.0000 46650.0000 1.7274 1.0079 0.3459 2.2599 239.7374 1.3350 0.6656 0.2825 -0.0162 -0.0456 0.0006 1.1416 0.4298 0.4083
1497398400.0000 46950.0000 1.9904 0.4978 0.3077 2.3578 255.9579 1.0172 1.1968 0.3543 0.0514 -0.0151 0.2397 1.2842 0.4460 0.4187
1497398400.0000 47250.0000 1.5932 -0.2448 -0.0420 1.8645 278.7337 1.0350 0.5945 0.3253 -0.1576 -0.0598 0.1975 0.9774 0.5006 0.4572
1497398400.0000 47550.0000 1.2388 0.4589 0.1532 1.6998 249.6742 0.7668 0.8381 0.3139 -0.1229 -0.0070 0.2489 0.9594 0.6014 0.5537
1497398400.0000 47850.0000 -0.1646 2.0266 0.1369 2.1847 175.3553 0.6032 0.8730 0.3338 -0.2106 0.0497 -0.1201 0.9050 0.3812 0.3450
1497398400.0000 48150.0000 -0.7865 1.0954 0.0337 1.6038 144.3195 0.4989 0.6105 0.2835 0.3025 0.0569 -0.0699 0.6965 0.5051 0.4510
1497398400.0000 48450.0000 0.5867 1.2496 0.1828 1.5538 205.1488 0.5858 0.7637 0.2010 0.2962 0.0607 -0.0214 0.7753 0.5163 0.4858
1497398400.0000 48750.0000 1.9311 0.8526 0.4418 2.2900 246.1773 1.7369 0.6789 0.4347 0.0230 0.2045 -0.0041 1.4252 0.4520 0.4251
1497398400.0000 49050.0000 0.5252 1.4915 0.4344 2.0936 199.3981 1.8397 1.5891 0.4539 -0.3578 0.0377 -0.1785 1.9414 0.6938 0.6761
1497398400.0000 49350.0000 0.4733 1.4001 0.0538 1.9138 198.6785 1.0433 0.8686 0.3541 -0.4925 0.1634 -0.1638 1.1330 0.5876 0.5401
1497398400.0000 49650.0000 1.6562 1.0012 0.3652 2.1577 238.8463 1.1707 0.6283 0.2343 0.0051 -0.0794 -0.0322 1.0166 0.4180 0.4001
1497398400.0000 49950.0000 1.4806 1.3187 0.3624 2.2425 228.3090 0.9963 1.1905 0.3894 0.0200 -0.0503 -0.1425 1.2881 0.4598 0.4306
1497398400.0000 50250.0000 1.2919 0.3978 0.5092 1.5171 252.8840 0.8623 0.4062 0.2162 -0.0088 -0.1061 0.0454 0.7423 0.4870 0.4810
1497398400.0000 50550.0000 0.8193 1.5804 0.4066 2.0470 207.4026 0.9576 1.7215 0.4160 0.1160 -0.0901 -0.1074 1.5475 0.5563 0.5309
1497398400.0000 50850.0000 1.5373 1.1563 0.4141 2.2313 233.0511 1.4309 1.2863 0.2722 -0.0397 -0.0337 -0.1257 1.4947 0.5073 0.4947
1497398400.0000 51150.0000 1.3246 1.0730 0.4670 1.9594 230.9898 1.0175 0.5978 0.2281 -0.0486 -0.0500 -0.0336 0.9217 0.4435 0.4305
1497398400.0000 51450.0000 0.9956 1.1667 0.3127 1.6948 220.4761 0.6248 0.5762 0.2309 0.1258 -0.0847 -0.1038 0.7159 0.4414 0.4125
1497398400.0000 51750.0000 1.0152 1.9018 0.4084 2.4071 208.0944 1.2799 1.4596 0.3834 0.2841 -0.2036 -0.2682 1.5615 0.4650 0.4433
1497398400.0000 52050.0000 1.0663 1.4300 0.3953 1.9061 216.7104 0.6615 0.9657 0.2949 0.4002 -0.0364 -0.1465 0.9610 0.4381 0.4129
1497398400.0000 52350.0000 0.9858 0.7693 0.0762 1.4166 232.0325 0.5768 0.3707 0.2130 0.0327 0.0745 0.0540 0.5803 0.4965 0.4494
1497398400.0000 52650.0000 1.8206 0.2627 0.1456 2.1484 261.7885 0.9398 0.9563 0.3211 -0.4270 -0.1235 0.2178 1.1086 0.4659 0.4322
1497398400.0000 52950.0000 1.4218 1.2872 0.3933 2.0695 227.8443 0.9018 0.9343 0.2551 0.3168 -0.0676 -0.0862 1.0456 0.4264 0.4079
1497398400.0000 53250.0000 0.7299 1.7431 0.4000 2.2925 202.7216 1.6160 1.0689 0.3809 -0.2279 0.1113 -0.2690 1.5329 0.5234 0.5006
1497398400.0000 53550.0000 -0.3388 1.4359 0.1651 1.8617 166.7240 1.2623 0.8046 0.3700 -0.1120 0.0880 -0.1943 1.2185 0.6071 0.5626
1497398400.0000 53850.0000 -0.7832 1.9403 0.1209 2.2544 158.0183 0.6150 1.6129 0.3618 -0.2381 0.1208 -0.3368 1.2948 0.4433 0.4118
1497398400.0000 54150.0000 0.3183 1.2410 0.3280 1.4979 194.3860 0.5898 0.4058 0.2390 -0.0278 0.0676 -0.1282 0.6173 0.4851 0.4496
1497398400.0000 54450.0000 -0.0689 1.7634 0.0959 2.2074 177.7609 1.9263 1.4800 0.3101 -0.7898 0.1674 -0.2677 1.8582 0.6298 0.6038
1497398400.0000 54750.0000 2.1464 1.1244 0.3732 2.5254 242.3522 0.8590 0.5701 0.2645 0.2852 -0.0727 -0.0589 0.8468 0.3065 0.2849
1497398400.0000 55050.0000 1.3385 0.6013 0.3327 1.7567 245.8092 1.3294 0.5796 0.2516 -0.0038 -0.0344 0.0180 1.0803 0.5640 0.5436
1497398400.0000 55350.0000 0.8255 1.1515 0.3454 2.0591 215.6368 2.1218 1.7163 0.4476 -0.3315 0.3959 -0.2300 2.1429 0.8196 0.7983
1497398400.0000 55650.0000 0.7762 1.6582 0.3653 2.1373 205.0855 1.3348 0.8887 0.3116 0.2161 0.0370 -0.1263 1.2676 0.4924 0.4702
1497398400.0000 55950.0000 0.6171 1.0781 0.3670 1.6851 209.7867 1.4886 0.7007 0.3089 0.2210 0.1785 -0.0163 1.2491 0.7045 0.6877
1497398400.0000 56250.0000 0.8806 1.1859 0.3732 1.7918 216.5974 0.8813 1.0140 0.2412 -0.1897 -0.0553 -0.0292 1.0683 0.5539 0.5381
1497398400.0000 56550.0000 1.7894 0.9597 0.3323 2.3210 241.7940 1.0940 0.9380 0.2409 -0.2424 -0.1608 0.1159 1.1364 0.4230 0.4053
1497398400.0000 56850.0000 1.8328 0.7217 0.3318 2.1669 248.5079 1.6570 0.8447 0.2474 0.4702 0.0873 0.0681 1.3746 0.4792 0.4636
1497398400.0000 57150.0000 0.4850 1.7630 0.2096 2.2229 195.3817 1.3978 1.4222 0.3464 -0.3453 -0.0080 -0.2721 1.5832 0.5582 0.5302
1497398400.0000 57450.0000 -1.3515 1.8839 -0.0021 2.4853 144.3430 0.8853 1.1046 0.3772 -0.1071 0.1478 -0.2344 1.1835 0.3831 0.3513
1497398400.0000 57750.0000 1.1718 1.0928 0.3137 2.0745 226.9980 2.1894 0.7515 0.4907 0.2320 0.2682 -0.0651 1.7158 0.6550 0.6179
1497398400.0000 58050.0000 1.0744 0.7867 0.3729 1.5905 233.7876 0.8918 0.6161 0.1694 -0.1242 -0.0016 -0.0332 0.8387 0.5407 0.5324
1497398400.0000 58350.0000 1.0356 1.1871 0.1558 1.8697 221.0990 1.3924 1.0466 0.2111 0.2178 0.0172 -0.0312 1.3251 0.5937 0.5724
1497398400.0000 58650.0000 0.5157 1.3457 0.1070 1.6938 200.9670 0.6842 1.2183 0.3249 0.0069 0.0671 -0.1918 1.1137 0.5963 0.5526
1497398400.0000 58950.0000 0.5726 1.8435 0.1726 2.0493 197.2534 0.3554 0.9313 0.3020 0.0414 0.0413 -0.1243 0.7944 0.3755 0.3393
1497398400.0000 59250.0000 0.8993 1.4191 0.2946 1.9293 212.3621 0.8973 0.6748 0.3067 -0.0956 0.0963 -0.1787 0.9394 0.4640 0.4309
1497398400.0000 59550.0000 0.7224 1.1927 0.3735 1.7696 211.2051 1.1121 0.7775 0.3094 0.0910 0.0548 -0.1467 1.0995 0.5931 0.5692
1497398400.0000 59850.0000 -0.0936 1.3579 0.1366 1.7817 176.0555 1.3705 0.7541 0.2862 -0.2247 0.1884 -0.2121 1.2054 0.6553 0.6183
1497398400.0000 60150.0000 1.4734 0.6419 0.2451 1.7432 246.4601 0.7159 0.6053 0.1622 0.3622 -0.0252 -0.0114 0.7417 0.4325 0.4129
1497398400.0000 60450.0000 0.7378 1.4610 0.3483 1.8509 206.7926 0.7284 0.8057 0.2455 0.1817 -0.1033 -0.0550 0.8898 0.4603 0.4369
1497398400.0000 60750.0000 1.2488 0.6725 0.2559 1.6894 241.6975 1.0859 0.5846 0.2125 0.0692 -0.0276 0.0226 0.9415 0.5497 0.5261
1497398400.0000 61050.0000 2.0648 -0.5910 0.0702 2.2849 285.9736 0.7807 0.6764 0.4439 -0.1954 -0.2333 0.2808 0.9505 0.3704 0.3245
1497398400.0000 61350.0000 2.6694 0.6773 0.4097 3.0414 255.7636 1.5615 1.4237 0.5283 -0.3067 -0.3045 0.2479 1.7568 0.3887 0.3622
1497398400.0000 61650.0000 1.4818 0.9453 0.5016 1.9688 237.4642 1.1626 0.6623 0.2661 0.1166 -0.1055 -0.0806 1.0455 0.4567 0.4437
1497398400.0000 61950.0000 2.0013 0.8188 0.4502 2.4049 247.7491 1.4431 0.9145 0.3657 0.3215 -0.1561 -0.0106 1.3617 0.4314 0.4100
1497398400.0000 62250.0000 2.3561 0.3934 0.3134 2.6356 260.5199 1.2959 1.2627 0.4324 -0.1738 -0.2559 0.3033 1.4955 0.4144 0.3866
1497398400.0000 62550.0000 2.6192 0.2510 0.3810 2.9748 264.5252 1.7798 1.8452 0.6265 0.0481 -0.1738 0.4844 2.1258 0.4478 0.4178
1497398400.0000 62850.0000 2.3052 -0.4328 0.2188 2.5740 280.6343 1.4441 0.9502 0.5540 -0.0034 -0.2200 0.3238 1.4741 0.4208 0.3809
1497398400.0000 63150.0000 2.7398 0.6014 0.4033 3.0107 257.6201 1.3011 1.2005 0.4439 0.0443 -0.2042 0.1138 1.4727 0.3497 0.3255
1497398400.0000 63450.0000 2.4312 -0.0266 0.2324 2.6578 270.6257 1.4094 1.0903 0.4265 -0.3536 -0.2319 0.2634 1.4631 0.4044 0.3754
1497398400.0000 63750.0000 2.9248 -0.5040 0.0411 3.2661 279.7766 2.3066 1.6353 0.7071 0.3972 -0.1664 0.4617 2.3245 0.4194 0.3862
1497398400.0000 64050.0000 2.2231 -0.7827 0.0031 2.5480 289.3954 1.2333 0.9136 0.4122 -0.1717 -0.2740 0.3060 1.2796 0.3919 0.3589
1497398400.0000 64350.0000 3.0311 0.3347 0.3347 3.2722 263.6996 1.1781 1.3636 0.5210 -0.1781 -0.2708 0.3770 1.5314 0.3294 0.3018
1497398400.0000 64650.0000 2.3144 -0.8909 0.0008 2.7202 291.0530 1.1131 1.1884 0.7151 0.0441 -0.2444 0.5026 1.5083 0.4043 0.3532
1497398400.0000 64950.0000 1.9354 0.4644 0.3378 2.2357 256.5071 0.9904 0.9486 0.3080 0.1233 -0.0911 0.1318 1.1235 0.4287 0.4039
1497398400.0000 65250.0000 2.5778 0.2589 0.4228 2.7901 264.2649 1.2765 1.0845 0.4863 0.1220 -0.1352 0.2330 1.4237 0.3711 0.3424
1497398400.0000 65550.0000 2.4105 0.2493 0.4141 2.6269 264.0949 1.1529 0.9506 0.4713 -0.0783 -0.2241 0.2382 1.2874 0.3768 0.3455
1497398400.0000 65850.0000 1.9559 0.3115 0.3902 2.1618 260.9503 1.1055 0.6834 0.3243 0.1198 -0.1678 0.1426 1.0566 0.4158 0.3899
1497398400.0000 66150.0000 2.3439 0.2861 0.3594 2.5202 263.0417 0.6850 0.7663 0.3844 0.0778 -0.0938 0.1835 0.9178 0.3275 0.2946
1497398400.0000 66450.0000 2.0793 -0.1674 0.1073 2.2537 274.6020 1.0137 0.6997 0.3880 -0.2519 -0.2831 0.2593 1.0507 0.4007 0.3623
1497398400.0000 66750.0000 2.4747 -0.2795 0.0743 2.6682 276.4435 1.2466 0.8999 0.4593 0.0435 -0.1682 0.2436 1.3029 0.3741 0.3396
1497398400.0000 67050.0000 1.7653 0.5045 0.3383 1.9620 254.0515 0.7100 0.6052 0.2069 0.2189 -0.0285 0.0859 0.7611 0.3816 0.3606
1497398400.0000 67350.0000 1.7848 0.5130 0.2794 2.0110 253.9630 0.5627 0.5639 0.2086 -0.0418 -0.0868 0.0584 0.6676 0.3552 0.3300
1497398400.0000 67650.0000 1.9407 0.1226 0.2052 2.1426 266.3846 1.2410 0.7655 0.2618 -0.2689 -0.2165 0.1353 1.1342 0.4447 0.4206
1497398400.0000 67950.0000 2.3220 0.1714 0.1936 2.5151 265.7784 1.0265 0.7560 0.3180 -0.1592 -0.1739 0.1247 1.0502 0.3581 0.3311
1497398400.0000 68250.0000 2.1258 -0.3009 0.2517 2.3827 278.0568 1.0575 0.9609 0.4245 0.0069 -0.2049 0.2111 1.2214 0.4174 0.3820
1497398400.0000 68550.0000 1.8113 0.0271 0.2553 2.0340 269.1423 1.0917 0.7078 0.3580 0.2198 -0.0893 0.1755 1.0788 0.4635 0.4275
1497398400.0000 68850.0000 1.7688 -0.5361 0.0673 2.0090 286.8599 0.7164 0.6007 0.3610 -0.0673 -0.1671 0.2163 0.8391 0.4044 0.3585
1497398400.0000 69150.0000 1.4900 -0.1848 0.1361 1.7116 277.0686 0.5928 0.7078 0.2394 0.0191 -0.1240 0.2005 0.7700 0.4753 0.4386
1497398400.0000 69450.0000 1.0493 0.3411 0.2130 1.2697 251.9907 0.4787 0.3134 0.1196 0.0586 -0.0496 0.0047 0.4559 0.4906 0.4657
1497398400.0000 69750.0000 1.5575 -0.0646 0.1266 1.6808 272.3738 0.3709 0.4292 0.1934 -0.0468 -0.0686 0.0981 0.4967 0.3680 0.3313
1497398400.0000 70050.0000 0.7940 0.2269 0.1374 0.9828 254.0493 0.4734 0.2585 0.0865 0.1378 0.0095 0.0363 0.4092 0.6239 0.5982
1497398400.0000 70350.0000 0.7914 0.1809 0.1441 0.9164 257.1214 0.3868 0.1455 0.0465 0.1202 -0.0039 0.0100 0.2894 0.5327 0.5189
1497398400.0000 70650.0000 0.4612 0.3623 0.2079 0.8036 231.8442 0.2478 0.2640 0.0772 0.0393 -0.0435 0.0170 0.2945 0.7121 0.7043
1497398400.0000 70950.0000 0.8890 0.4187 0.3112 1.1879 244.7822 0.4160 0.3957 0.1466 0.1031 -0.0389 -0.0511 0.4792 0.5483 0.5293
1497398400.0000 71250.0000 0.7194 0.2212 0.1265 0.8693 252.9054 0.3171 0.1380 0.0628 0.0462 0.0131 0.0118 0.2590 0.5444 0.5175
1497398400.0000 71550.0000 0.3610 0.0069 0.0589 0.5377 268.9122 0.1372 0.1306 0.0351 -0.0413 0.0088 0.0227 0.1515 0.8688 0.8276
1497398400.0000 71850.0000 0.2805 -0.1734 0.0033 0.3994 301.7179 0.0473 0.0535 0.0191 -0.0102 -0.0045 0.0018 0.0600 0.6062 0.5559
1497398400.0000 72150.0000 0.5840 -0.2728 0.0104 0.7085 295.0428 0.1259 0.0900 0.0490 -0.0346 -0.0213 0.0235 0.1325 0.4610 0.4163
1497398400.0000 72450.0000 0.1677 -0.0961 -0.0119 0.4854 299.8193 0.1209 0.1483 0.0291 -0.0496 -0.0013 0.0049 0.1491 1.6280 1.5495
1497398400.0000 72750.0000 0.5963 -0.0831 0.0107 0.7654 277.9326 0.3807 0.1199 0.0628 -0.0036 -0.0032 0.0384 0.2817 0.7196 0.6785
1497398400.0000 73050.0000 0.7374 -0.3375 -0.0573 0.9076 294.5951 0.3065 0.0737 0.0565 0.0114 -0.0277 0.0150 0.2184 0.4693 0.4390
1497398400.0000 73350.0000 0.8692 0.1409 0.1145 1.0020 260.7937 0.4903 0.1316 0.0523 0.0161 -0.0129 0.0192 0.3371 0.5339 0.5171
1497398400.0000 73650.0000 0.5059 -0.0924 0.0387 0.6491 280.3522 0.1751 0.1310 0.0526 -0.0095 -0.0325 0.0444 0.1794 0.6706 0.6212
1497398400.0000 73950.0000 0.1974 -0.2565 -0.1209 0.4962 322.4202 0.1315 0.0741 0.0610 0.0366 -0.0358 -0.0095 0.1332 0.8627 0.8088
1497398400.0000 74250.0000 0.1173 -0.5268 -0.1019 0.6240 347.4448 0.0945 0.2135 0.0829 -0.0186 -0.0257 0.0753 0.1955 0.6572 0.5937
1497398400.0000 74550.0000 0.4073 -0.6487 -0.1849 0.8532 327.8723 0.1885 0.0572 0.0415 -0.0115 -0.0271 0.0167 0.1436 0.3927 0.3736
1497398400.0000 74850.0000 0.3919 -0.5569 -0.1194 0.8261 324.8626 0.3209 0.0588 0.0571 -0.0054 -0.0488 0.0174 0.2184 0.5519 0.5224
1497398400.0000 75150.0000 -0.3480 -0.6680 -0.1845 0.7706 27.5181 0.0390 0.0629 0.0341 0.0233 0.0133 0.0286 0.0680 0.2745 0.2446
1497398400.0000 75450.0000 -0.1600 -0.6035 -0.1605 0.6701 14.8522 0.0599 0.0841 0.0336 0.0035 0.0080 0.0308 0.0888 0.3773 0.3508
1497398400.0000 75750.0000 -0.0843 -0.0114 -0.0208 0.1555 82.3117 0.0156 0.0117 0.0127 0.0039 0.0032 -0.0050 0.0200 1.3182 1.1208
1497398400.0000 76050.0000 -0.4782 0.3480 -0.0464 0.6371 126.0498 0.0441 0.0706 0.0168 -0.0225 0.0061 -0.0028 0.0657 0.3529 0.3306
1497398400.0000 76350.0000 -0.8262 0.3311 -0.1301 0.9166 111.8426 0.0395 0.0449 0.0174 0.0024 0.0066 -0.0026 0.0509 0.2048 0.1884
1497398400.0000 76650.0000 -0.9801 0.2440 -0.1392 1.0414 103.9819 0.0428 0.0684 0.0386 -0.0068 0.0171 -0.0069 0.0749 0.2192 0.1907
1497398400.0000 76950.0000 -0.8309 0.3586 -0.1479 0.9379 113.3436 0.0952 0.0670 0.0283 -0.0134 0.0251 -0.0095 0.0952 0.2748 0.2569
1497398400.0000 77250.0000 -0.7267 0.3260 -0.1419 0.8332 114.1632 0.0401 0.0596 0.0192 -0.0011 0.0026 -0.0015 0.0594 0.2460 0.2288
1497398400.0000 77550.0000 -0.8039 0.1713 -0.1172 0.8807 102.0316 0.0558 0.0988 0.0343 0.0117 0.0136 0.0058 0.0945 0.3022 0.2762
1497398400.0000 77850.0000 -0.6076 0.0812 -0.1114 0.6485 97.6091 0.0230 0.0481 0.0143 -0.0068 0.0042 0.0011 0.0427 0.2709 0.2512
1497398400.0000 78150.0000 -0.7977 0.1599 -0.1129 0.8406 101.3328 0.0247 0.0460 0.0130 -0.0002 -0.0002 -0.0005 0.0418 0.2033 0.1887
1497398400.0000 78450.0000 -0.6865 0.3117 -0.1060 0.7925 114.4212 0.0599 0.0446 0.0173 0.0054 0.0155 0.0028 0.0609 0.2647 0.2476
1497398400.0000 78750.0000 -0.7627 0.3059 -0.1460 0.8496 111.8551 0.0252 0.0542 0.0109 -0.0049 0.0026 -0.0017 0.0451 0.2078 0.1979
1497398400.0000 79050.0000 -0.7993 0.0238 -0.1443 0.8245 91.7026 0.0329 0.0403 0.0176 -0.0011 0.0110 0.0053 0.0454 0.2141 0.1954
1497398400.0000 79350.0000 -0.6060 0.2938 -0.0961 0.7360 115.8650 0.0413 0.0949 0.0229 0.0083 0.0123 -0.0022 0.0796 0.3385 0.3163
1497398400.0000 79650.0000 -0.7070 0.4019 -0.1051 0.8541 119.6164 0.0539 0.0709 0.0318 0.0043 0.0117 -0.0165 0.0783 0.2787 0.2508
1497398400.0000 79950.0000 -0.8786 0.3097 -0.1457 0.9542 109.4176 0.0420 0.0476 0.0251 -0.0101 0.0112 -0.0103 0.0574 0.2074 0.1856
1497398400.0000 80250.0000 -0.8316 0.3869 -0.1329 0.9460 114.9488 0.0469 0.0520 0.0233 0.0012 0.0086 -0.0117 0.0611 0.2178 0.1980
1497398400.0000 80550.0000 -0.4095 0.2913 -0.0536 0.5506 125.4285 0.0578 0.0397 0.0232 0.0000 0.0117 -0.0053 0.0604 0.3970 0.3589
1497398400.0000 80850.0000 -0.7376 0.3489 -0.1020 0.8560 115.3134 0.0583 0.0511 0.0205 0.0179 0.0050 -0.0058 0.0650 0.2531 0.2340
1497398400.0000 81150.0000 -1.0116 0.5003 -0.1680 1.1572 116.3175 0.0524 0.0797 0.0268 -0.0096 0.0068 -0.0157 0.0795 0.2017 0.1859
1497398400.0000 81450.0000 -0.7280 0.4000 -0.1074 0.8584 118.7895 0.0307 0.0607 0.0191 -0.0049 0.0051 -0.0121 0.0553 0.2292 0.2102
1497398400.0000 81750.0000 -0.5337 0.3613 -0.0359 0.6792 124.0971 0.0302 0.0667 0.0136 -0.0137 0.0027 -0.0015 0.0552 0.2973 0.2788
1497398400.0000 82050.0000 -0.7771 0.2956 -0.1595 0.9106 110.8222 0.0255 0.1560 0.0177 0.0057 0.0044 -0.0016 0.0996 0.3043 0.2958
1497398400.0000 82350.0000 -0.8633 0.1584 -0.1656 0.9041 100.3976 0.0591 0.0391 0.0172 0.0111 0.0204 0.0058 0.0577 0.2195 0.2061
1497398400.0000 82650.0000 -0.5464 0.1520 -0.0749 0.5970 105.5450 0.0188 0.0365 0.0068 -0.0013 -0.0000 0.0010 0.0310 0.2515 0.2394
1497398400.0000 82950.0000 -0.2911 0.1725 -0.0350 0.3782 120.6508 0.0164 0.0249 0.0055 0.0049 -0.0022 -0.0026 0.0234 0.3670 0.3467
1497398400.0000 83250.0000 -0.5518 0.4964 -0.0625 0.7768 131.9726 0.0461 0.0629 0.0156 -0.0056 0.0075 -0.0070 0.0623 0.2736 0.2568
1497398400.0000 83550.0000 -0.8250 0.5681 -0.1337 1.0245 124.5487 0.0441 0.0721 0.0144 -0.0214 0.0014 -0.0047 0.0653 0.2065 0.1965
1497398400.0000 83850.0000 -0.8621 0.4509 -0.1422 1.0024 117.6133 0.1138 0.0707 0.0409 -0.0279 0.0319 -0.0119 0.1127 0.2788 0.2550
1497398400.0000 84150.0000 -0.6263 0.3014 -0.0890 0.7471 115.6998 0.0638 0.0600 0.0221 0.0036 0.0148 -0.0071 0.0729 0.3147 0.2923
1497398400.0000 84450.0000 -0.5477 0.2950 -0.0456 0.6507 118.3040 0.0726 0.0545 0.0140 -0.0293 0.0089 -0.0072 0.0705 0.3477 0.3308
1497398400.0000 84750.0000 -0.7381 0.2177 -0.1154 0.8032 106.4327 0.0488 0.0677 0.0324 -0.0185 0.0180 -0.0066 0.0744 0.2863 0.2561
1497398400.0000 85050.0000 -0.4698 0.2577 -0.0365 0.5957 118.7473 0.0438 0.0738 0.0198 0.0056 0.0070 -0.0067 0.0687 0.3985 0.3695
1497398400.0000 85350.0000 -0.3171 0.1283 -0.0184 0.4085 112.0313 0.0846 0.0314 0.0180 0.0130 0.0246 0.0022 0.0670 0.6171 0.5751
1497398400.0000 85650.0000 -0.5082 0.2240 -0.0563 0.5826 113.7892 0.0400 0.0376 0.0097 -0.0109 0.0041 -0.0064 0.0436 0.3055 0.2895
1497398400.0000 85950.0000 -0.6956 0.4358 -0.0804 0.8409 122.0693 0.0461 0.0426 0.0170 -0.0111 0.0087 0.0009 0.0528 0.2276 0.2095
1497398400.0000 86250.0000 -0.5261 0.4279 -0.0739 0.7328 129.1216 0.0777 0.0453 0.0187 0.0189 0.0212 0.0060 0.0708 0.3185 0.2985
1497484800.0000 86550.0000 -0.6186 0.3622 -0.0818 0.7476 120.3499 0.0603 0.0308 0.0129 0.0050 0.0125 -0.0035 0.0520 0.2581 0.2431
1497484800.0000 86850.0000 -0.5751 0.4077 -0.0542 0.7411 125.3371 0.0446 0.0647 0.0194 -0.0109 0.0074 -0.0113 0.0643 0.2929 0.2708
1497484800.0000 87150.0000 -0.6420 0.3191 -0.1079 0.7698 116.4249 0.0510 0.0729 0.0203 0.0034 0.0083 -0.0089 0.0721 0.3024 0.2834
1497484800.0000 87450.0000 -0.8126 0.2952 -0.1232 0.8957 109.9662 0.0649 0.0589 0.0184 -0.0061 0.0161 -0.0076 0.0711 0.2493 0.2349
1497484800.0000 87750.0000 -0.8990 0.3324 -0.1735 1.0050 110.2893 0.0936 0.0763 0.0242 0.0251 0.0174 -0.0008 0.0970 0.2611 0.2483
1497484800.0000 88050.0000 -0.6135 0.1623 -0.0748 0.6916 104.8228 0.0712 0.0707 0.0304 0.0250 0.0224 0.0070 0.0862 0.3751 0.3427
1497484800.0000 88350.0000 -0.6538 0.2167 -0.1035 0.7137 108.3413 0.0230 0.0326 0.0108 0.0069 0.0039 0.0020 0.0332 0.2137 0.1977
1497484800.0000 88650.0000 -0.5581 0.1355 -0.0670 0.6163 103.6464 0.0387 0.0399 0.0146 0.0172 0.0053 0.0069 0.0466 0.3047 0.2818
1497484800.0000 88950.0000 -0.1174 0.2987 0.0350 0.3588 158.5423 0.0206 0.0365 0.0076 0.0134 0.0006 0.0008 0.0324 0.4550 0.4300
1497484800.0000 89250.0000 -0.3112 0.1317 -0.0549 0.4336 112.9380 0.0587 0.0522 0.0084 0.0257 0.0068 0.0008 0.0596 0.5823 0.5688
1497484800.0000 89550.0000 -0.2144 0.2736 -0.0271 0.3852 141.9133 0.0214 0.0209 0.0078 0.0062 0.0016 -0.0011 0.0250 0.3704 0.3413
1497484800.0000 89850.0000 -0.5489 0.2649 -0.0658 0.6422 115.7654 0.0294 0.0433 0.0111 -0.0025 0.0043 -0.0064 0.0419 0.2726 0.2555
1497484800.0000 90150.0000 -0.6262 0.1105 -0.1061 0.6856 100.0094 0.0624 0.0450 0.0131 0.0218 0.0163 0.0120 0.0603 0.3109 0.2975
1497484800.0000 90450.0000 -0.6227 0.0875 -0.1429 0.6625 97.9946 0.0722 0.0397 0.0153 0.0080 0.0244 0.0052 0.0636 0.3194 0.3072
1497484800.0000 90750.0000 -0.1148 0.1008 -0.0190 0.3390 131.2898 0.0448 0.0705 0.0117 0.0343 0.0180 0.0170 0.0635 1.3364 1.2832
1497484800.0000 91050.0000 -0.3181 0.0662 -0.0659 0.3818 101.7585 0.0239 0.0429 0.0046 -0.0093 0.0005 0.0016 0.0357 0.4651 0.4590
1497484800.0000 91350.0000 -0.5570 0.3413 -0.0781 0.6930 121.5010 0.0708 0.0436 0.0163 0.0074 0.0186 -0.0011 0.0653 0.3171 0.2989
1497484800.0000 91650.0000 -0.3631 0.1465 -0.0395 0.5293 111.9701 0.1772 0.0366 0.0171 0.0522 0.0385 0.0092 0.1155 0.7050 0.6819
1497484800.0000 91950.0000 -0.3551 -0.0050 -0.0990 0.4288 89.1872 0.0323 0.0631 0.0131 0.0143 0.0096 0.0147 0.0542 0.5156 0.5020
1497484800.0000 92250.0000 -0.6155 0.3404 -0.0904 0.7295 118.9476 0.0228 0.0427 0.0077 -0.0001 0.0025 -0.0051 0.0366 0.2202 0.2100
1497484800.0000 92550.0000 -0.7112 0.5110 -0.1081 0.9004 125.6974 0.0277 0.0433 0.0119 0.0067 0.0053 -0.0038 0.0415 0.1884 0.1757
1497484800.0000 92850.0000 -0.6508 0.3750 -0.1437 0.7910 119.9522 0.0994 0.1138 0.0195 -0.0588 0.0268 -0.0243 0.1163 0.3642 0.3549
1497484800.0000 93150.0000 -0.2947 -0.1259 -0.0789 0.3442 66.8632 0.0178 0.0147 0.0052 0.0091 0.0051 0.0027 0.0188 0.3395 0.3248
1497484800.0000 93450.0000 0.1996 -0.1023 0.0378 0.3137 297.1428 0.0570 0.0223 0.0073 0.0072 0.0118 0.0024 0.0433 0.7471 0.7249
1497484800.0000 93750.0000 0.2444 -0.1464 -0.0479 0.3924 300.9149 0.0477 0.0518 0.0063 0.0248 0.0016 0.0031 0.0529 0.6500 0.6392
1497484800.0000 94050.0000 0.2615 -0.3341 -0.1025 0.4496 321.9521 0.0182 0.0209 0.0053 0.0031 -0.0028 0.0022 0.0222 0.2784 0.2688
1497484800.0000 94350.0000 0.2483 -0.2656 -0.0457 0.4137 316.9262 0.0271 0.0341 0.0098 0.0079 0.0039 0.0096 0.0354 0.4195 0.3926
1497484800.0000 94650.0000 0.0557 -0.0804 -0.0132 0.1666 325.3205 0.0094 0.0266 0.0063 -0.0021 -0.0008 0.0037 0.0212 1.2044 1.1207
1497484800.0000 94950.0000 -0.4831 0.3364 -0.0781 0.6383 124.8532 0.0533 0.1023 0.0140 -0.0353 0.0057 -0.0106 0.0848 0.4003 0.3868
1497484800.0000 95250.0000 -0.4248 0.2868 -0.0831 0.5535 124.0257 0.0645 0.0469 0.0139 -0.0169 0.0038 -0.0016 0.0627 0.3937 0.3761
1497484800.0000 95550.0000 -0.3488 0.2217 -0.0608 0.4419 122.4465 0.0124 0.0210 0.0071 0.0047 0.0010 0.0052 0.0202 0.2780 0.2553
1497484800.0000 95850.0000 -0.2990 0.1646 -0.0463 0.3812 118.8360 0.0262 0.0249 0.0058 0.0015 0.0021 0.0030 0.0284 0.3997 0.3823
1497484800.0000 96150.0000 -0.6828 0.1566 -0.0910 0.7455 102.9211 0.0311 0.0662 0.0200 0.0032 -0.0004 0.0070 0.0586 0.2798 0.2570
1497484800.0000 96450.0000 -0.9092 0.5019 -0.1890 1.0806 118.9006 0.0542 0.0888 0.0271 0.0033 0.0127 0.0034 0.0851 0.2256 0.2103
1497484800.0000 96750.0000 -0.7472 0.3787 -0.1437 0.8745 116.8763 0.0240 0.0724 0.0189 -0.0019 0.0037 -0.0040 0.0576 0.2306 0.2140
1497484800.0000 97050.0000 -0.5425 0.0860 -0.1094 0.5851 99.0079 0.0377 0.0415 0.0138 0.0056 0.0020 0.0029 0.0465 0.3144 0.2959
1497484800.0000 97350.0000 -0.3854 0.0929 -0.0771 0.4315 103.5468 0.0121 0.0336 0.0087 0.0037 -0.0032 0.0074 0.0272 0.3333 0.3113
1497484800.0000 97650.0000 -0.5706 0.2087 -0.0659 0.6486 110.0875 0.0227 0.0585 0.0156 0.0057 -0.0020 0.0108 0.0484 0.2939 0.2707
1497484800.0000 97950.0000 -0.6734 0.3494 -0.1030 0.7874 117.4252 0.0265 0.0412 0.0133 0.0049 -0.0040 0.0014 0.0405 0.2146 0.1981
1497484800.0000 98250.0000 -0.5632 0.3523 -0.0791 0.6908 122.0299 0.0176 0.0352 0.0093 0.0044 -0.0022 -0.0006 0.0311 0.2151 0.1997
1497484800.0000 98550.0000 -0.5535 0.4155 -0.0939 0.7160 126.8952 0.0215 0.0273 0.0091 0.0052 -0.0009 0.0031 0.0289 0.1989 0.1843
1497484800.0000 98850.0000 -0.7817 0.4481 -0.1109 0.9237 119.8233 0.0193 0.0484 0.0149 -0.0018 -0.0017 0.0001 0.0413 0.1829 0.1668
1497484800.0000 99150.0000 -0.4963 0.2252 -0.0351 0.5796 114.4073 0.0585 0.0368 0.0237 -0.0021 0.0107 -0.0007 0.0595 0.3647 0.3271
1497484800.0000 99450.0000 -0.1773 0.0758 -0.0371 0.2417 113.1658 0.0411 0.0287 0.0123 -0.0146 0.0089 -0.0025 0.0410 0.8421 0.7908
1497484800.0000 99750.0000 -0.1094 -0.0538 -0.0182 0.1582 63.8259 0.0070 0.0224 0.0072 -0.0013 -0.0019 0.0086 0.0183 0.8959 0.8117
1497484800.0000 100050.0000 -0.2833 0.0178 -0.0753 0.3485 93.6021 0.0243 0.0683 0.0157 -0.0054 -0.0024 0.0032 0.0541 0.6470 0.6191
1497484800.0000 100350.0000 -0.2983 0.2316 -0.0271 0.4034 127.8217 0.0099 0.0221 0.0068 0.0022 -0.0009 0.0047 0.0194 0.3004 0.2734
1497484800.0000 100650.0000 -0.3847 0.0586 -0.0620 0.4376 98.6584 0.0184 0.0426 0.0098 0.0060 0.0003 0.0095 0.0354 0.3900 0.3665
1497484800.0000 100950.0000 -0.2760 0.1067 -0.0430 0.4745 111.1323 0.0343 0.1588 0.0254 0.0246 -0.0019 0.0215 0.1092 0.9024 0.8573
1497484800.0000 101250.0000 -0.3205 0.3359 -0.0017 0.5204 136.3470 0.0333 0.0652 0.0234 -0.0008 0.0017 0.0065 0.0609 0.4340 0.3902
1497484800.0000 101550.0000 -0.6811 0.2653 -0.0975 0.7876 111.2799 0.0635 0.0775 0.0375 0.0021 0.0189 -0.0018 0.0892 0.3307 0.2965
1497484800.0000 101850.0000 -0.7941 0.2983 -0.1221 0.8996 110.5872 0.0509 0.0906 0.0264 0.0041 0.0042 -0.0024 0.0839 0.2760 0.2560
1497484800.0000 102150.0000 -0.6317 0.4709 -0.0784 0.8473 126.7010 0.0545 0.1151 0.0357 -0.0034 0.0053 -0.0015 0.1026 0.3304 0.3017
1497484800.0000 102450.0000 -0.6175 0.5189 -0.1003 0.8686 130.0411 0.0427 0.1472 0.0343 0.0033 0.0045 -0.0015 0.1121 0.3363 0.3120
1497484800.0000 102750.0000 -0.6737 0.2077 -0.0829 0.7407 107.1320 0.0552 0.0654 0.0226 -0.0186 0.0081 -0.0017 0.0716 0.3077 0.2843
1497484800.0000 103050.0000 -0.2445 0.2647 -0.0583 0.4046 137.2707 0.0233 0.0469 0.0185 -0.0050 0.0028 0.0031 0.0443 0.4710 0.4244
1497484800.0000 103350.0000 -0.7676 0.5346 -0.1372 0.9800 124.8541 0.0609 0.0998 0.0388 -0.0055 0.0055 -0.0047 0.0998 0.2728 0.2474
1497484800.0000 103650.0000 -0.5586 0.5150 -0.0610 0.8312 132.6787 0.0656 0.1059 0.0444 0.0118 -0.0048 0.0078 0.1079 0.3519 0.3147
1497484800.0000 103950.0000 -0.5570 0.3394 -0.0905 0.6968 121.3592 0.0413 0.0834 0.0272 -0.0156 -0.0035 0.0068 0.0759 0.3417 0.3126
1497484800.0000 104250.0000 -0.4567 0.5135 -0.0825 0.7333 138.3510 0.0249 0.0885 0.0227 -0.0025 -0.0055 0.0055 0.0680 0.3077 0.2829
1497484800.0000 104550.0000 -0.6280 0.3857 -0.1054 0.7702 121.5590 0.0207 0.0561 0.0150 -0.0004 -0.0043 0.0101 0.0459 0.2349 0.2171
1497484800.0000 104850.0000 -0.6134 0.5952 -0.0659 0.8931 134.1345 0.0244 0.0729 0.0192 0.0081 -0.0037 0.0130 0.0582 0.2298 0.2106
1497484800.0000 105150.0000 -0.6791 0.5694 -0.1220 0.9256 129.9801 0.0564 0.0893 0.0293 -0.0134 0.0101 -0.0006 0.0875 0.2700 0.2487
1497484800.0000 105450.0000 -0.6734 0.4524 -0.0790 0.8556 123.8958 0.0405 0.0870 0.0498 -0.0039 0.0063 -0.0161 0.0886 0.2982 0.2541
1497484800.0000 105750.0000 -0.9550 0.3445 -0.1103 1.0751 109.8383 0.1272 0.1507 0.0842 -0.0321 0.0370 -0.0201 0.1811 0.3402 0.2998
1497484800.0000 106050.0000 -0.6099 0.3290 -0.0881 0.7549 118.3466 0.1100 0.0754 0.0295 0.0116 0.0330 0.0036 0.1074 0.3831 0.3587
1497484800.0000 106350.0000 -0.8215 0.4123 -0.1389 0.9553 116.6536 0.0567 0.0814 0.0257 -0.0132 0.0145 -0.0076 0.0819 0.2513 0.2334
1497484800.0000 106650.0000 -0.8282 0.4861 -0.1111 1.0244 120.4131 0.0767 0.0969 0.0385 0.0378 0.0086 -0.0106 0.1060 0.2750 0.2505
1497484800.0000 106950.0000 -0.4753 0.4280 -0.0277 0.6673 131.9979 0.0779 0.0564 0.0268 -0.0297 0.0163 -0.0073 0.0806 0.3621 0.3309
1497484800.0000 107250.0000 -0.3443 0.4232 -0.0412 0.5964 140.8709 0.0421 0.0663 0.0209 -0.0047 0.0077 -0.0049 0.0646 0.3794 0.3484
1497484800.0000 107550.0000 -0.5479 0.3975 -0.0956 0.7185 125.9608 0.0618 0.0485 0.0205 0.0034 0.0074 0.0082 0.0654 0.3054 0.2832
1497484800.0000 107850.0000 -0.2591 0.4158 -0.0236 0.5157 148.0691 0.0133 0.0449 0.0075 -0.0013 -0.0010 0.0026 0.0328 0.3017 0.2842
1497484800.0000 108150.0000 -0.5732 0.4571 -0.0593 0.7622 128.5738 0.0295 0.0426 0.0131 0.0044 -0.0010 -0.0014 0.0426 0.2291 0.2115
1497484800.0000 108450.0000 -0.6236 0.4408 -0.1362 0.7969 125.2550 0.0286 0.0482 0.0154 0.0102 0.0050 0.0036 0.0461 0.2259 0.2095
1497484800.0000 108750.0000 -0.4467 0.3536 -0.0582 0.5939 128.3613 0.0206 0.0400 0.0129 -0.0079 0.0038 -0.0029 0.0367 0.2733 0.2495
1497484800.0000 109050.0000 -0.1799 0.4372 -0.0286 0.5016 157.6275 0.0283 0.0334 0.0067 -0.0097 0.0047 -0.0022 0.0342 0.3188 0.3034
1497484800.0000 109350.0000 0.0612 0.1712 0.0089 0.2710 199.6734 0.0352 0.0296 0.0090 -0.0090 -0.0010 0.0007 0.0369 0.8618 0.8083
1497484800.0000 109650.0000 0.1122 0.0879 0.0379 0.2252 231.9187 0.0207 0.0439 0.0101 0.0171 -0.0023 0.0047 0.0373 1.0694 1.0294
1497484800.0000 109950.0000 -0.0236 0.0458 0.0195 0.1520 152.7645 0.0077 0.0316 0.0052 0.0094 0.0007 0.0045 0.0223 2.2126 2.2218
1497484800.0000 110250.0000 -0.0949 0.2215 -0.0068 0.2681 156.8134 0.0074 0.0167 0.0065 0.0030 -0.0000 0.0048 0.0153 0.4190 0.3718
1497484800.0000 110550.0000 -0.1945 0.1783 -0.0200 0.2798 132.5100 0.0036 0.0133 0.0031 -0.0009 -0.0006 0.0008 0.0100 0.3081 0.2844
1497484800.0000 110850.0000 -0.0891 0.1269 -0.0435 0.1655 144.9317 0.0068 0.0099 0.0016 -0.0058 0.0000 0.0005 0.0091 0.4833 0.4799
1497484800.0000 111150.0000 -0.0724 -0.0181 -0.0309 0.0935 75.9660 0.0049 0.0041 0.0023 0.0005 0.0008 0.0012 0.0056 0.7596 0.7333
1497484800.0000 111450.0000 -0.1980 -0.2719 -0.1077 0.3458 36.0602 0.0106 0.0075 0.0026 0.0028 0.0020 0.0026 0.0104 0.2352 0.2311
1497484800.0000 111750.0000 -0.2203 -0.1186 -0.0273 0.2601 61.7021 0.0096 0.0063 0.0049 0.0026 0.0038 0.0018 0.0104 0.3302 0.2907
1497484800.0000 112050.0000 0.1300 0.1468 0.0470 0.2306 221.5139 0.0249 0.0095 0.0029 0.0098 0.0008 0.0008 0.0187 0.5538 0.5466
1497484800.0000 112350.0000 -0.1252 0.2113 -0.0303 0.2668 149.3474 0.0075 0.0092 0.0020 0.0048 -0.0008 -0.0011 0.0094 0.3192 0.3037
1497484800.0000 112650.0000 -0.1127 -0.0357 -0.0762 0.1976 72.4454 0.0129 0.0211 0.0025 0.0108 0.0030 0.0043 0.0182 0.7837 0.8999
1497484800.0000 112950.0000 -0.2622 0.0204 -0.0987 0.3000 94.4573 0.0137 0.0175 0.0108 0.0056 0.0067 0.0026 0.0210 0.4211 0.3876
1497484800.0000 113250.0000 -0.1223 0.1620 0.0107 0.2333 142.9463 0.0094 0.0148 0.0120 -0.0004 0.0011 -0.0001 0.0181 0.5408 0.4425
1497484800.0000 113550.0000 -0.0882 0.0876 -0.0573 0.1771 134.8205 0.0166 0.0124 0.0161 -0.0002 0.0029 0.0029 0.0225 0.8955 0.7900
1497484800.0000 113850.0000 -0.1217 0.3327 0.0689 0.3923 159.9050 0.0306 0.0325 0.0285 -0.0048 0.0079 -0.0032 0.0458 0.4843 0.4095
1497484800.0000 114150.0000 -0.2278 0.4919 0.0162 0.5787 155.1471 0.0418 0.0566 0.0358 -0.0006 0.0163 -0.0116 0.0671 0.3900 0.3341
1497484800.0000 114450.0000 0.2847 0.3242 0.1636 0.5228 221.2933 0.0836 0.0422 0.0567 -0.0102 -0.0111 -0.0031 0.0913 0.5346 0.4748
1497484800.0000 114750.0000 0.0454 0.2733 0.1721 0.3922 189.4322 0.0722 0.0632 0.0716 0.0146 0.0511 0.0036 0.1035 0.8054 0.7668
1497484800.0000 115050.0000 0.0252 0.5120 0.1817 0.5768 182.8227 0.0521 0.0933 0.0365 0.0171 -0.0088 -0.0084 0.0910 0.4528 0.4296
1497484800.0000 115350.0000 0.1105 0.3521 0.2010 0.4735 197.4297 0.0911 0.0680 0.0746 0.0170 0.0300 -0.0160 0.1169 0.6642 0.6241
1497484800.0000 115650.0000 -0.1054 0.7156 0.0747 0.8221 171.6179 0.1304 0.1696 0.0766 -0.0107 0.0418 -0.0396 0.1883 0.4872 0.4371
1497484800.0000 115950.0000 -0.1895 0.6787 -0.0165 0.7540 164.3973 0.0612 0.1367 0.0424 -0.0102 -0.0051 -0.0284 0.1201 0.4014 0.3644
1497484800.0000 116250.0000 0.2107 0.6903 0.1770 0.7851 196.9718 0.0904 0.1642 0.1129 0.0131 0.0398 -0.0052 0.1837 0.4710 0.4036
1497484800.0000 116550.0000 -0.0842 0.4656 0.1839 0.6408 169.7495 0.1664 0.0890 0.0751 0.0447 0.0481 0.0077 0.1653 0.6539 0.6168
1497484800.0000 116850.0000 -0.1923 0.6091 0.0783 0.8959 162.4752 0.3578 0.1416 0.1326 0.0351 0.1225 -0.0121 0.3160 0.7132 0.6388
1497484800.0000 117150.0000 -0.1550 0.4549 0.0967 0.8567 161.1781 0.4890 0.1895 0.1264 0.1870 0.0930 0.0087 0.4025 1.0567 0.9897
1497484800.0000 117450.0000 0.0502 0.8901 0.1003 0.9749 183.2250 0.1570 0.1483 0.1199 -0.0111 0.0400 -0.0532 0.2126 0.4196 0.3578
1497484800.0000 117750.0000 0.0403 0.5424 0.0428 0.7180 184.2543 0.1314 0.3534 0.0529 0.0862 -0.0032 -0.0291 0.2688 0.7760 0.7391
1497484800.0000 118050.0000 -0.0360 0.9995 0.1387 1.1280 177.9359 0.2777 0.2399 0.1123 0.0644 -0.0137 -0.0424 0.3149 0.4538 0.4153
1497484800.0000 118350.0000 0.0571 0.4616 0.1361 0.5881 187.0503 0.1356 0.1305 0.0818 0.0602 0.0139 0.0119 0.1740 0.7028 0.6404
1497484800.0000 118650.0000 0.1686 0.4351 0.2156 0.5737 201.1802 0.1159 0.1444 0.0909 0.0482 -0.0131 -0.0046 0.1756 0.6656 0.6312
1497484800.0000 118950.0000 -0.0843 0.9002 0.1152 0.9708 174.6499 0.1164 0.1466 0.1272 -0.0141 0.0414 -0.0476 0.1951 0.3957 0.3275
1497484800.0000 119250.0000 -0.1844 0.8946 -0.0739 0.9843 168.3552 0.1155 0.1352 0.0725 -0.0248 0.0098 -0.0073 0.1616 0.3582 0.3165
1497484800.0000 119550.0000 0.0124 0.7677 0.0191 0.9307 180.9254 0.2134 0.3141 0.0929 0.0318 0.0078 -0.0310 0.3102 0.5920 0.5461
1497484800.0000 119850.0000 -0.3927 0.7854 -0.1347 0.9610 153.4328 0.0595 0.2701 0.1137 0.0039 0.0124 0.0260 0.2216 0.4327 0.3775
1497484800.0000 120150.0000 0.1868 0.5956 0.0833 0.7932 197.4099 0.1164 0.4739 0.1418 0.0301 0.0403 0.1366 0.3661 0.7845 0.7107
1497484800.0000 120450.0000 -0.2178 0.5916 0.0155 0.7556 159.7861 0.1361 0.1453 0.1257 0.0269 0.0288 -0.0019 0.2036 0.5842 0.4859
1497484800.0000 120750.0000 -0.1289 0.8129 0.0287 1.1363 170.9907 0.5237 0.4792 0.1608 -0.2718 0.1386 -0.1782 0.5818 0.7562 0.7025
1497484800.0000 121050.0000 0.8172 0.9055 0.1661 1.3284 222.0638 0.2222 0.2462 0.1148 -0.0220 -0.0198 -0.0161 0.2916 0.3582 0.3240
1497484800.0000 121350.0000 0.5938 0.8951 0.1003 1.1945 213.5593 0.3304 0.2402 0.1583 0.0983 0.0355 0.0281 0.3644 0.4569 0.4060
1497484800.0000 121650.0000 0.5334 1.1051 0.1110 1.3412 205.7642 0.2588 0.5684 0.1078 0.1851 -0.0119 -0.0445 0.4675 0.4531 0.4279
1497484800.0000 121950.0000 0.7770 0.8622 0.4041 1.2817 222.0241 0.4113 0.2343 0.1450 -0.0188 -0.0406 -0.0231 0.3953 0.4177 0.3997
1497484800.0000 122250.0000 0.7697 0.7561 0.2186 1.3320 225.5124 0.6036 0.2577 0.1680 -0.0352 -0.0670 -0.0604 0.5147 0.5321 0.4966
1497484800.0000 122550.0000 0.1180 0.7168 0.0403 1.0184 189.3471 0.3057 0.5405 0.1771 0.1505 0.0449 -0.0709 0.5116 0.8027 0.7311
1497484800.0000 122850.0000 0.4613 0.9446 0.1930 1.1823 206.0272 0.2746 0.4400 0.1591 0.0384 0.0059 -0.0407 0.4369 0.5049 0.4643
1497484800.0000 123150.0000 0.1482 0.1747 -0.0194 0.5564 220.3162 0.1301 0.3474 0.1342 0.0867 0.0261 0.0577 0.3058 1.9640 1.7414
1497484800.0000 123450.0000 0.0986 1.0155 0.1404 1.2950 185.5440 0.5790 0.2779 0.1438 -0.0442 0.0068 -0.0715 0.5003 0.5608 0.5238
1497484800.0000 123750.0000 0.1677 0.2967 0.1536 0.9299 209.4822 0.6850 0.2363 0.1781 -0.1462 0.1633 -0.0787 0.5497 1.6195 1.6261
1497484800.0000 124050.0000 0.5892 0.8399 0.1715 1.1924 215.0514 0.2352 0.5780 0.2027 0.1541 0.0501 0.0717 0.5079 0.5594 0.5075
1497484800.0000 124350.0000 0.4798 0.8725 0.4232 1.1257 208.8077 0.3761 0.4649 0.1806 0.2013 -0.0268 -0.0501 0.5108 0.5394 0.5317
1497484800.0000 124650.0000 0.4937 0.6740 0.2632 0.9715 216.2241 0.2105 0.3104 0.1629 0.0035 -0.0311 -0.0520 0.3419 0.5451 0.4988
1497484800.0000 124950.0000 0.3647 -0.1615 0.0771 0.8401 293.8807 0.6770 0.3250 0.2157 0.3679 0.1288 0.1206 0.6089 1.5685 1.4491
1497484800.0000 125250.0000 1.4642 0.5290 0.2674 1.6753 250.1351 0.5259 0.3626 0.1649 0.1332 -0.0519 -0.0056 0.5267 0.3751 0.3496
1497484800.0000 125550.0000 0.2314 0.8958 0.2065 1.2375 194.4811 0.6516 0.4766 0.1527 -0.0330 -0.0102 -0.0685 0.6405 0.6893 0.6628
1497484800.0000 125850.0000 0.1233 0.8875 0.0110 1.1226 187.9122 0.2641 0.6188 0.1591 0.1126 0.0155 -0.0102 0.5210 0.6577 0.6055
1497484800.0000 126150.0000 -0.0103 0.6319 -0.0467 1.2203 179.0704 1.1185 0.2932 0.1955 -0.2138 0.2950 -0.0400 0.8036 1.1549 1.0854
1497484800.0000 126450.0000 0.5891 1.0250 0.1121 1.3360 209.8889 0.2933 0.4487 0.1821 -0.0513 -0.0528 0.0281 0.4621 0.4674 0.4207
1497484800.0000 126750.0000 0.7711 1.2802 0.2406 1.6334 211.0610 0.3329 0.5520 0.2882 0.0476 -0.0117 -0.0677 0.5865 0.4131 0.3634
1497484800.0000 127050.0000 0.7674 0.9853 0.2544 1.4181 217.9126 0.4229 0.5340 0.2253 0.0381 -0.0603 -0.1025 0.5911 0.4925 0.4522
1497484800.0000 127350.0000 0.8678 1.1706 0.2222 1.6581 216.5502 0.5362 0.9231 0.2778 0.0474 -0.0529 -0.0458 0.8685 0.5162 0.4786
1497484800.0000 127650.0000 0.3279 0.6402 0.3883 0.9532 207.1217 0.3404 0.3597 0.1373 0.0102 -0.0146 -0.0559 0.4187 0.6464 0.6716
1497484800.0000 127950.0000 -0.3106 1.6566 -0.0937 1.9290 169.3796 0.9566 0.6876 0.2775 -0.2758 0.1744 -0.1546 0.9608 0.4741 0.4392
1497484800.0000 128250.0000 -0.8394 1.1461 -0.2420 1.5724 143.7793 0.1868 0.8094 0.1740 -0.0464 0.0500 -0.0374 0.5851 0.4334 0.4056
1497484800.0000 128550.0000 1.0011 1.0821 0.2700 1.7819 222.7742 0.8709 0.8864 0.2416 -0.0317 -0.0507 -0.0698 0.9995 0.5447 0.5192
1497484800.0000 128850.0000 1.6730 1.1866 0.3391 2.2441 234.6532 0.5546 0.8522 0.2830 -0.1014 0.0282 -0.0774 0.8449 0.3610 0.3339
1497484800.0000 129150.0000 -0.0541 1.6281 -0.0257 1.7753 178.0956 0.5253 0.8000 0.2850 -0.0768 0.1187 0.0285 0.8052 0.4497 0.4080
1497484800.0000 129450.0000 0.0104 1.4433 0.1483 1.6591 180.4136 0.5452 0.9914 0.2653 -0.0942 0.0436 -0.0744 0.9010 0.5342 0.4959
1497484800.0000 129750.0000 0.1517 1.3054 0.2319 1.8169 186.6278 1.5619 0.5222 0.2708 0.2070 0.1517 -0.1038 1.1774 0.6639 0.6342
1497484800.0000 130050.0000 1.1547 0.9880 0.1838 1.6900 229.4479 0.7421 0.3444 0.2558 0.1157 -0.0323 -0.0420 0.6712 0.4370 0.3960
1497484800.0000 130350.0000 1.2163 0.9205 0.3580 1.7277 232.8801 0.9599 0.6466 0.2515 0.1407 -0.1263 -0.1191 0.9290 0.5023 0.4797
1497484800.0000 130650.0000 0.4229 1.0826 0.2941 1.4740 201.3398 0.6647 0.8751 0.2743 0.0141 0.0385 -0.1090 0.9071 0.6486 0.6164
1497484800.0000 130950.0000 1.1989 1.1750 0.4224 1.9025 225.5782 0.8073 0.6338 0.2867 -0.1372 -0.0785 -0.0233 0.8639 0.4384 0.4129
1497484800.0000 131250.0000 2.2238 1.2432 0.4215 2.6317 240.7926 0.7645 0.4505 0.2719 0.1486 -0.0433 -0.0358 0.7434 0.2726 0.2498
1497484800.0000 131550.0000 1.2618 1.2051 0.3185 1.9079 226.3178 0.7596 0.5556 0.2529 -0.0054 -0.0367 -0.0658 0.7841 0.4076 0.3795
1497484800.0000 131850.0000 0.9776 1.2834 0.1270 1.7849 217.2980 0.5304 0.6263 0.2078 -0.0408 -0.0666 -0.0695 0.6823 0.4167 0.3849
1497484800.0000 132150.0000 1.0837 1.4210 0.3809 1.9655 217.3303 0.6519 0.6192 0.2689 -0.0322 -0.0811 -0.1440 0.7700 0.3921 0.3642
1497484800.0000 132450.0000 0.6643 1.1987 0.3418 1.6427 208.9964 0.5578 0.9713 0.2874 -0.0985 0.0210 -0.0868 0.9083 0.5509 0.5209
1497484800.0000 132750.0000 1.6274 0.4046 0.3292 1.8481 256.0394 0.7137 0.5868 0.2551 0.0931 0.0052 0.1064 0.7778 0.4214 0.3926
1497484800.0000 133050.0000 1.6699 0.9712 0.3104 2.1563 239.8189 0.6134 1.0831 0.2966 -0.0090 -0.1254 -0.0068 0.9965 0.4166 0.3893
1497484800.0000 133350.0000 1.6192 0.9789 0.4137 2.1088 238.8445 1.1067 0.6736 0.2533 -0.0862 -0.1137 0.0677 1.0168 0.4251 0.4071
1497484800.0000 133650.0000 1.0750 0.5850 -0.0042 1.5450 241.4468 0.6400 0.5690 0.1754 -0.3123 -0.0464 0.0485 0.6922 0.5550 0.5187
1497484800.0000 133950.0000 0.7052 1.3121 0.3964 1.7748 208.2565 0.8948 1.2319 0.3044 0.3434 0.0203 -0.1382 1.2155 0.5840 0.5652
1497484800.0000 134250.0000 1.5509 0.2336 0.1907 1.8538 261.4333 1.9006 0.5490 0.2222 0.2746 0.1636 0.0648 1.3359 0.5973 0.5761
1497484800.0000 134550.0000 1.8236 1.1635 0.2678 2.3106 237.4620 1.2772 0.4004 0.2911 0.0826 -0.0152 -0.0711 0.9844 0.3717 0.3457
1497484800.0000 134850.0000 0.5419 1.3546 0.3501 1.6239 201.8044 0.5664 1.0156 0.2863 0.2700 -0.0107 -0.1230 0.9341 0.5260 0.4977
1497484800.0000 135150.0000 0.4543 1.0589 0.1265 1.2968 203.2213 0.3491 0.6222 0.1701 0.1755 0.0071 0.0028 0.5707 0.5321 0.4938
1497484800.0000 135450.0000 0.8582 0.9903 0.2759 1.6349 220.9105 0.8873 0.6914 0.2355 0.1280 -0.0130 -0.0929 0.9071 0.5807 0.5536
1497484800.0000 135750.0000 1.0204 1.1592 0.3002 1.7671 221.3573 0.5646 0.6155 0.2489 -0.0012 -0.1336 -0.0185 0.7145 0.4387 0.4061
1497484800.0000 136050.0000 1.4524 -0.0646 0.0849 1.6579 272.5467 0.6785 0.5408 0.2991 0.1143 -0.0228 0.1258 0.7592 0.4885 0.4385
1497484800.0000 136350.0000 1.1558 0.1881 0.0409 1.5211 260.7560 0.8280 0.9192 0.3018 0.0919 0.0147 0.1572 1.0245 0.7053 0.6517
1497484800.0000 136650.0000 1.7082 -0.1390 0.0135 1.9012 274.6513 0.8007 0.5542 0.2895 -0.0540 -0.0820 0.2035 0.8222 0.4320 0.3921
1497484800.0000 136950.0000 0.5314 0.8186 0.0802 1.3458 212.9905 0.6632 0.9180 0.2809 0.1186 0.1526 -0.0814 0.9311 0.8045 0.7439
1497484800.0000 137250.0000 2.2447 0.5118 0.2863 2.4278 257.1547 0.8086 0.6126 0.3178 0.2453 -0.0375 0.1067 0.8695 0.3282 0.2990
1497484800.0000 137550.0000 1.4750 0.7297 0.3118 1.8592 243.6767 0.5712 0.5483 0.2658 -0.2257 -0.0858 0.0712 0.6927 0.4057 0.3712
1497484800.0000 137850.0000 1.9675 0.8414 0.3387 2.3630 246.8462 0.9589 0.7739 0.3405 -0.0836 -0.1576 0.0535 1.0367 0.3837 0.3552
1497484800.0000 138150.0000 1.0694 0.7715 0.1963 1.8624 234.1925 0.9482 1.7782 0.2798 -0.5713 -0.0653 -0.0059 1.5031 0.7509 0.7230
1497484800.0000 138450.0000 0.6969 1.2417 0.4456 1.5922 209.3027 0.4679 0.6660 0.2568 0.0090 0.0460 -0.1678 0.6954 0.4563 0.4318
1497484800.0000 138750.0000 1.4453 1.2166 0.3386 2.0121 229.9097 0.8682 0.4254 0.2857 0.1454 -0.0548 -0.0356 0.7897 0.3780 0.3476
1497484800.0000 139050.0000 0.6745 0.8709 0.3276 1.7136 217.7604 1.4562 0.7153 0.2377 -0.3940 0.0448 -0.0601 1.2046 0.7798 0.7724
1497484800.0000 139350.0000 -0.2385 1.2949 0.0268 1.5590 169.5633 0.4923 1.1490 0.3047 -0.0103 0.0493 -0.0098 0.9730 0.6116 0.5618
1497484800.0000 139650.0000 -0.2446 -0.1145 -0.1912 0.9381 64.9093 0.6938 0.3462 0.1866 0.2468 0.0988 0.0914 0.6133 1.9325 2.1800
1497484800.0000 139950.0000 0.7485 0.9904 0.3169 1.4573 217.0811 0.7518 0.2630 0.2323 0.0286 -0.0338 -0.0602 0.6236 0.5032 0.4685
1497484800.0000 140250.0000 1.6113 1.4666 0.4284 2.3340 227.6906 0.6741 0.7510 0.2994 -0.0253 -0.0785 -0.1422 0.8623 0.3414 0.3163
1497484800.0000 140550.0000 1.4123 0.8337 0.2561 1.7535 239.4466 0.5409 0.4175 0.2229 0.0907 -0.0620 -0.0352 0.5907 0.3780 0.3446
1497484800.0000 140850.0000 0.8345 1.6005 0.2359 2.0772 207.5356 1.0992 1.1528 0.3281 0.3701 0.0860 -0.0780 1.2901 0.5095 0.4800
1497484800.0000 141150.0000 0.6843 1.0720 0.4071 1.5581 212.5510 0.7059 1.0778 0.2214 0.1425 0.0053 -0.1421 1.0025 0.6122 0.6063
1497484800.0000 141450.0000 -0.0016 0.8088 0.0690 1.1412 179.8842 0.5004 0.3548 0.2065 0.0331 -0.0068 0.0099 0.5309 0.7329 0.6601
1497484800.0000 141750.0000 0.4843 1.0229 0.0949 1.2473 205.3338 0.1979 0.3616 0.1851 0.0741 -0.0082 -0.0535 0.3723 0.4387 0.3816
1497484800.0000 142050.0000 -0.2085 1.7418 0.3158 2.0340 173.1730 0.9854 1.1102 0.4055 0.0305 0.2236 -0.2194 1.2506 0.5123 0.4764
1497484800.0000 142350.0000 -0.4758 1.6256 0.0198 1.8998 163.6872 0.5817 1.1697 0.2655 -0.1401 0.0536 -0.1612 1.0085 0.4841 0.4511
1497484800.0000 142650.0000 0.6674 1.4238 0.2315 1.8040 205.1138 0.9886 0.5228 0.2750 0.2734 0.0306 -0.0854 0.8931 0.4855 0.4514
1497484800.0000 142950.0000 0.4594 0.5078 -0.1211 1.0159 222.1330 0.2105 0.6493 0.2099 -0.0122 0.0075 0.1069 0.5348 0.8586 0.7818
1497484800.0000 143250.0000 1.1050 1.4251 0.3660 1.9621 217.7897 0.7430 0.9297 0.3175 0.2327 -0.1298 -0.1532 0.9951 0.4426 0.4141
1497484800.0000 143550.0000 0.4471 1.2708 0.3566 1.5354 199.3830 0.4732 0.6489 0.2235 -0.0719 0.0277 -0.1347 0.6728 0.4806 0.4540
1497484800.0000 143850.0000 0.3918 1.9882 0.2018 2.2186 191.1482 0.6828 0.9065 0.3041 0.0381 0.0791 -0.1703 0.9467 0.3901 0.3592
1497484800.0000 144150.0000 2.0569 0.1062 0.0935 2.3255 267.0454 0.6828 1.1171 0.3332 -0.0827 -0.1484 0.1431 1.0665 0.4090 0.3761
1497484800.0000 144450.0000 2.2062 0.5364 0.3432 2.4508 256.3350 1.1708 0.8040 0.3243 0.0557 -0.1637 0.0189 1.1496 0.3812 0.3573
1497484800.0000 144750.0000 2.3101 1.2239 0.3731 2.8066 242.0851 1.8896 0.9031 0.4071 0.4019 -0.0243 0.1069 1.5999 0.3911 0.3691
1497484800.0000 145050.0000 2.0692 1.1212 0.4588 2.4821 241.5491 1.4474 0.6586 0.3062 0.3656 -0.0821 0.0157 1.2061 0.3740 0.3560
1497484800.0000 145350.0000 2.0809 0.8418 0.4387 2.5693 247.9755 2.2908 1.2477 0.3581 0.2471 -0.0783 0.1534 1.9483 0.4983 0.4838
1497484800.0000 145650.0000 2.7196 -0.2682 0.0793 2.9072 275.6311 1.5021 0.9123 0.4616 -0.2432 -0.2283 0.1706 1.4380 0.3581 0.3283
1497484800.0000 145950.0000 2.2295 0.2829 0.3396 2.4852 262.7694 1.3647 1.0584 0.4391 -0.1748 -0.3106 0.1764 1.4311 0.4297 0.3999
1497484800.0000 146250.0000 2.5453 -0.4236 0.1358 2.7530 279.4486 1.3950 0.8877 0.4962 -0.0305 -0.1976 0.2348 1.3895 0.3725 0.3381
1497484800.0000 146550.0000 2.4352 0.8205 0.4378 2.7950 251.3805 1.8614 0.9534 0.3724 -0.1437 -0.2320 -0.0279 1.5936 0.3954 0.3770
1497484800.0000 146850.0000 2.4253 0.9394 0.3723 2.8742 248.8269 1.8673 1.5023 0.4146 0.1078 -0.1327 0.0861 1.8921 0.4275 0.4075
1497484800.0000 147150.0000 2.0039 0.6755 0.4116 2.2850 251.3718 1.0566 0.7591 0.3508 0.0958 -0.1939 0.0742 1.0833 0.3945 0.3679
1497484800.0000 147450.0000 2.2042 -0.2417 0.1289 2.3700 276.2568 1.1825 0.6672 0.3939 -0.0509 -0.1393 0.2049 1.1218 0.3893 0.3541
1497484800.0000 147750.0000 2.6592 -0.0265 0.2108 2.8166 270.5702 1.1976 0.8246 0.3653 0.0731 -0.2291 0.2053 1.1937 0.3344 0.3087
1497484800.0000 148050.0000 2.2920 0.3610 0.3258 2.4853 261.0496 1.0060 0.7494 0.3143 -0.0096 -0.0867 0.1201 1.0348 0.3545 0.3297
1497484800.0000 148350.0000 2.2055 0.8306 0.4475 2.5859 249.3640 1.5127 0.9392 0.3790 0.0727 -0.1432 0.1073 1.4155 0.4050 0.3836
1497484800.0000 148650.0000 2.7801 0.6775 0.3931 3.0185 256.3038 1.0533 0.8107 0.3723 -0.1365 -0.2416 0.1561 1.1181 0.2989 0.2755
1497484800.0000 148950.0000 2.1136 0.7606 0.4188 2.4783 250.2091 1.2949 1.1253 0.4537 0.2022 -0.2364 0.2127 1.4369 0.4283 0.3999
1497484800.0000 149250.0000 2.5569 1.1169 0.4024 2.9376 246.4025 0.7011 0.9029 0.3554 0.0855 -0.1294 0.0568 0.9797 0.2867 0.2621
1497484800.0000 149550.0000 2.2823 0.9467 0.3749 2.6871 247.4710 1.5095 1.0276 0.3362 0.0220 -0.2112 0.0350 1.4366 0.3916 0.3722
1497484800.0000 149850.0000 1.9769 0.8534 0.3890 2.4147 246.6509 1.3958 1.1480 0.4620 0.1340 -0.1275 0.1098 1.5029 0.4574 0.4276
1497484800.0000 150150.0000 1.9652 0.8182 0.5673 2.2987 247.3974 1.0526 0.8218 0.3614 0.1033 -0.1289 0.1137 1.1179 0.3919 0.3713
1497484800.0000 150450.0000 2.6381 0.8851 0.5390 3.0162 251.4523 1.2693 1.6436 0.4984 0.4218 -0.1362 0.1205 1.7056 0.3762 0.3541
1497484800.0000 150750.0000 2.1118 0.2885 0.3095 2.3608 262.2216 1.3717 1.0200 0.3472 0.0152 -0.2379 0.1230 1.3695 0.4436 0.4189
1497484800.0000 151050.0000 1.7455 1.0282 0.4461 2.1822 239.4981 0.7670 1.0354 0.2559 0.2960 -0.0242 0.0164 1.0292 0.3993 0.3826
1497484800.0000 151350.0000 2.2393 0.8434 0.5066 2.4909 249.3625 1.0285 0.5653 0.2509 0.2591 -0.0339 0.0773 0.9224 0.3206 0.3046
1497484800.0000 151650.0000 1.8412 -0.0210 0.2052 2.1038 270.6534 0.9481 1.1078 0.3731 -0.1983 -0.2839 0.2905 1.2145 0.4857 0.4496
1497484800.0000 151950.0000 2.4204 -1.0168 0.0152 2.8839 292.7870 2.2940 0.9221 0.6407 -0.1056 -0.2232 0.3890 1.9284 0.4319 0.3944
1497484800.0000 152250.0000 2.5526 -1.0727 -0.0780 2.9767 292.7949 1.8652 1.0912 0.6400 -0.2989 -0.3162 0.4591 1.7982 0.3953 0.3585
1497484800.0000 152550.0000 2.2115 -0.4652 0.0696 2.4760 281.8793 1.4715 1.0088 0.4582 -0.3860 -0.3171 0.3570 1.4693 0.4377 0.4024
1497484800.0000 152850.0000 1.9828 0.4675 0.3587 2.1831 256.7328 0.9246 0.6206 0.3415 0.1288 -0.0348 0.1293 0.9433 0.3834 0.3523
1497484800.0000 153150.0000 1.7270 0.3731 0.3054 1.9309 257.8089 0.7344 0.5652 0.2001 -0.0960 -0.1326 0.0453 0.7498 0.3943 0.3725
1497484800.0000 153450.0000 1.1179 0.7069 0.3673 1.4763 237.6915 0.5994 0.4266 0.1478 0.1225 -0.0151 -0.0373 0.5869 0.4557 0.4422
1497484800.0000 153750.0000 1.1182 0.7290 0.2895 1.4143 236.8985 0.5401 0.2009 0.1043 0.1742 -0.0517 -0.0070 0.4227 0.3886 0.3723
1497484800.0000 154050.0000 1.4431 0.3478 0.2561 1.6049 256.4496 0.4634 0.4449 0.1837 0.1316 -0.0539 0.0751 0.5460 0.4005 0.3707
1497484800.0000 154350.0000 1.9118 0.2020 0.2222 2.0816 263.9677 0.9316 0.6003 0.2659 0.0710 -0.1047 0.1505 0.8989 0.4000 0.3717
1497484800.0000 154650.0000 1.7537 0.1016 0.1924 2.0077 266.6833 0.6518 0.8439 0.3293 0.1579 -0.0987 0.2607 0.9125 0.4414 0.4019
1497484800.0000 154950.0000 1.7647 0.1707 0.2191 1.8985 264.4755 0.5172 0.4781 0.1437 0.0727 -0.0636 0.0603 0.5695 0.3449 0.3249
1497484800.0000 155250.0000 1.4726 0.3865 0.2414 1.6276 255.2930 0.2037 0.3266 0.1034 -0.0325 -0.0232 0.0530 0.3169 0.2982 0.2762
1497484800.0000 155550.0000 1.2457 0.0707 0.1952 1.3659 266.7497 0.2181 0.3373 0.1474 -0.0582 -0.0414 0.1238 0.3514 0.3833 0.3449
1497484800.0000 155850.0000 1.3269 0.3264 0.2315 1.4670 256.1789 0.5827 0.2958 0.1291 0.0223 -0.0192 -0.0031 0.5038 0.4182 0.3960
1497484800.0000 156150.0000 1.4415 0.1998 0.2246 1.5850 262.1076 0.4933 0.3416 0.1087 0.1450 -0.0288 0.0125 0.4718 0.3809 0.3625
1497484800.0000 156450.0000 1.1671 -0.2717 0.0051 1.2857 283.1031 0.3755 0.1749 0.1197 0.0030 -0.0387 0.0840 0.3350 0.3944 0.3574
1497484800.0000 156750.0000 1.0797 -0.2055 0.0722 1.1896 280.7766 0.5688 0.1224 0.0673 0.0018 0.0124 0.0268 0.3793 0.4565 0.4367
1497484800.0000 157050.0000 0.4770 0.1249 0.1260 0.5557 255.3232 0.1318 0.0578 0.0223 0.0325 0.0150 0.0004 0.1060 0.5222 0.5099
1497484800.0000 157350.0000 0.1144 0.2729 0.0474 0.3803 202.7468 0.0585 0.0714 0.0226 0.0264 -0.0069 -0.0072 0.0762 0.7522 0.7031
1497484800.0000 157650.0000 -0.1672 0.2689 -0.0432 0.4908 148.1308 0.1159 0.1000 0.0342 0.0083 -0.0078 -0.0184 0.1250 0.9036 0.8474
1497484800.0000 157950.0000 -0.4693 0.2410 -0.0884 0.7336 117.1802 0.1970 0.1343 0.0368 0.1079 0.0125 0.0083 0.1840 0.6548 0.6299
1497484800.0000 158250.0000 -0.3258 0.0173 -0.0125 0.4406 93.0451 0.0953 0.0398 0.0258 -0.0010 0.0114 0.0076 0.0804 0.7091 0.6503
1497484800.0000 158550.0000 -0.6542 0.1871 -0.1089 0.8815 105.9604 0.2085 0.2174 0.0385 0.1156 0.0317 0.0174 0.2322 0.5710 0.5538
1497484800.0000 158850.0000 -0.6693 0.0652 -0.1098 0.6995 95.5613 0.0368 0.0355 0.0103 0.0113 0.0035 0.0001 0.0413 0.2435 0.2308
1497484800.0000 159150.0000 -1.0455 0.2315 -0.1791 1.1146 102.4838 0.0609 0.1110 0.0274 -0.0163 0.0106 -0.0102 0.0996 0.2374 0.2235
1497484800.0000 159450.0000 -1.1342 0.4413 -0.1746 1.2548 111.2591 0.0625 0.1061 0.0339 -0.0135 0.0056 -0.0094 0.1012 0.2113 0.1948
1497484800.0000 159750.0000 -1.0218 0.3472 -0.1924 1.1635 108.7701 0.0928 0.1667 0.0299 0.0375 0.0126 -0.0050 0.1447 0.2833 0.2725
1497484800.0000 160050.0000 -0.9230 0.1138 -0.1995 0.9872 97.0316 0.0428 0.0975 0.0156 0.0228 0.0019 -0.0051 0.0779 0.2396 0.2325
1497484800.0000 160350.0000 -0.9370 -0.2362 -0.2442 0.9852 75.8539 0.0298 0.0343 0.0125 0.0024 0.0037 -0.0011 0.0383 0.1603 0.1513
1497484800.0000 160650.0000 -0.8360 -0.1821 -0.2147 0.8755 77.7115 0.0429 0.0364 0.0147 0.0096 0.0127 0.0033 0.0470 0.2006 0.1900
1497484800.0000 160950.0000 -0.9286 0.0354 -0.1620 0.9621 92.1839 0.0449 0.0639 0.0200 -0.0124 0.0080 -0.0058 0.0644 0.2196 0.2049
1497484800.0000 161250.0000 -0.8984 0.0177 -0.2013 0.9300 91.1285 0.0290 0.0538 0.0126 0.0019 0.0001 -0.0032 0.0477 0.1937 0.1849
1497484800.0000 161550.0000 -0.5145 -0.1082 -0.1027 0.5512 78.1195 0.0346 0.0267 0.0111 -0.0027 0.0056 0.0016 0.0362 0.2900 0.2717
1497484800.0000 161850.0000 -0.6546 -0.0689 -0.1283 0.6877 83.9884 0.0177 0.0379 0.0096 0.0004 0.0046 0.0011 0.0325 0.2197 0.2067
1497484800.0000 162150.0000 -0.6534 0.0906 -0.1222 0.7119 97.8984 0.0306 0.0687 0.0176 0.0079 0.0024 -0.0068 0.0585 0.2944 0.2759
1497484800.0000 162450.0000 -0.4580 -0.1966 -0.1454 0.5283 66.7723 0.0414 0.0261 0.0106 -0.0030 0.0107 -0.0032 0.0390 0.3108 0.3010
1497484800.0000 162750.0000 -0.4319 0.0422 -0.0679 0.4759 95.5748 0.0305 0.0410 0.0079 -0.0157 0.0039 -0.0030 0.0397 0.3703 0.3558
1497484800.0000 163050.0000 -0.4031 -0.0157 -0.0604 0.4453 87.7684 0.0425 0.0320 0.0097 -0.0099 0.0050 -0.0044 0.0421 0.4106 0.3906
1497484800.0000 163350.0000 -0.6096 0.0140 -0.0926 0.6398 91.3139 0.0384 0.0319 0.0113 0.0105 0.0066 0.0012 0.0408 0.2675 0.2511
1497484800.0000 163650.0000 -0.6845 0.1154 -0.1216 0.7253 99.5707 0.0281 0.0387 0.0116 0.0107 0.0018 0.0037 0.0392 0.2295 0.2151
1497484800.0000 163950.0000 -0.9818 0.4478 -0.1217 1.1076 114.5187 0.0483 0.0680 0.0208 -0.0013 0.0044 -0.0101 0.0685 0.1968 0.1824
1497484800.0000 164250.0000 -0.5394 0.1321 -0.0888 0.5861 103.7646 0.0392 0.0320 0.0109 0.0018 0.0037 0.0013 0.0411 0.2942 0.2775
1497484800.0000 164550.0000 -0.6836 0.1222 -0.1028 0.7199 100.1380 0.0264 0.0372 0.0120 -0.0002 0.0018 0.0004 0.0378 0.2261 0.2097
1497484800.0000 164850.0000 -0.7449 0.2819 -0.1334 0.8288 110.7260 0.0519 0.0452 0.0136 0.0086 0.0098 -0.0027 0.0553 0.2378 0.2258
1497484800.0000 165150.0000 -0.6405 0.0179 -0.1246 0.6793 91.5989 0.0523 0.0477 0.0134 0.0079 0.0132 0.0018 0.0567 0.2978 0.2849
1497484800.0000 165450.0000 -0.3513 -0.0876 -0.0995 0.4535 76.0013 0.0315 0.0695 0.0069 -0.0276 -0.0013 0.0069 0.0540 0.5051 0.5067
1497484800.0000 165750.0000 -0.0668 -0.1171 -0.0563 0.1703 29.6943 0.0132 0.0110 0.0040 0.0065 0.0021 0.0028 0.0141 0.6634 0.6665
1497484800.0000 166050.0000 -0.5329 0.1388 -0.0836 0.5888 104.6013 0.0267 0.0418 0.0085 -0.0080 0.0038 -0.0028 0.0385 0.2877 0.2745
1497484800.0000 166350.0000 -0.4584 0.1087 -0.0756 0.4997 103.3441 0.0136 0.0256 0.0058 0.0060 -0.0008 -0.0017 0.0225 0.2569 0.2428
1497484800.0000 166650.0000 -0.4971 0.1044 -0.0854 0.5365 101.8564 0.0144 0.0278 0.0065 0.0050 0.0016 -0.0001 0.0243 0.2473 0.2335
1497484800.0000 166950.0000 -0.5269 0.1148 -0.0792 0.5629 102.2915 0.0196 0.0261 0.0050 0.0032 0.0011 0.0002 0.0254 0.2386 0.2289
1497484800.0000 167250.0000 -0.4536 0.1139 -0.0772 0.4898 104.0994 0.0262 0.0183 0.0049 -0.0014 0.0001 -0.0010 0.0247 0.2708 0.2606
1497484800.0000 167550.0000 -0.6390 0.1286 -0.1192 0.6651 101.3781 0.0119 0.0156 0.0044 0.0051 0.0000 -0.0003 0.0159 0.1556 0.1470
1497484800.0000 167850.0000 -0.4543 -0.1176 -0.1158 0.4818 75.4850 0.0244 0.0100 0.0043 -0.0003 0.0041 -0.0006 0.0194 0.2351 0.2282
1497484800.0000 168150.0000 -0.0678 -0.0246 -0.0046 0.2153 70.0328 0.0473 0.0158 0.0068 -0.0018 0.0034 -0.0033 0.0349 2.1117 2.0104
1497484800.0000 168450.0000 -0.0135 0.0842 -0.0155 0.1321 170.9044 0.0049 0.0122 0.0056 0.0017 -0.0001 -0.0038 0.0113 1.0026 0.8851
1497484800.0000 168750.0000 -0.2162 -0.0517 -0.0398 0.2440 76.5505 0.0387 0.0083 0.0046 0.0015 0.0076 0.0014 0.0258 0.5808 0.5632
1497484800.0000 169050.0000 -0.3178 0.0742 -0.0223 0.3498 103.1480 0.0164 0.0148 0.0048 0.0005 0.0002 -0.0012 0.0180 0.3350 0.3124
1497484800.0000 169350.0000 -0.3867 0.2935 -0.0533 0.5055 127.1984 0.0154 0.0214 0.0040 -0.0016 0.0009 -0.0015 0.0204 0.2389 0.2282
1497484800.0000 169650.0000 -0.1551 0.0319 -0.0294 0.2290 101.6133 0.0307 0.0282 0.0043 -0.0127 0.0020 0.0008 0.0316 0.9015 0.8851
1497484800.0000 169950.0000 -0.1733 0.0658 -0.0413 0.2258 110.7888 0.0160 0.0120 0.0026 -0.0063 -0.0001 -0.0007 0.0153 0.5317 0.5206
1497484800.0000 170250.0000 -0.4165 0.0683 -0.0538 0.4353 99.3106 0.0081 0.0110 0.0030 0.0017 0.0006 0.0012 0.0110 0.2015 0.1889
1497484800.0000 170550.0000 -0.2344 0.1559 -0.0167 0.3076 123.6372 0.0145 0.0100 0.0036 0.0035 -0.0002 -0.0002 0.0141 0.3434 0.3212
1497484800.0000 170850.0000 -0.3389 0.0246 -0.0473 0.3677 94.1445 0.0116 0.0180 0.0051 0.0044 0.0008 0.0005 0.0174 0.3136 0.2923
1497484800.0000 171150.0000 -0.3291 0.1717 -0.0397 0.3979 117.5469 0.0122 0.0189 0.0041 0.0033 -0.0001 -0.0020 0.0176 0.2905 0.2746
1497484800.0000 171450.0000 -0.5947 0.2104 -0.0757 0.6567 109.4853 0.0296 0.0301 0.0121 0.0031 0.0016 -0.0027 0.0359 0.2434 0.2235
1497484800.0000 171750.0000 -0.7342 0.2906 -0.1152 0.8061 111.5919 0.0158 0.0291 0.0090 -0.0028 0.0010 -0.0052 0.0270 0.1680 0.1550
1497484800.0000 172050.0000 -0.6282 0.1749 -0.0974 0.6733 105.5569 0.0153 0.0244 0.0064 0.0075 0.0014 0.0007 0.0230 0.1879 0.1764
1497484800.0000 172350.0000 -0.8151 0.1883 -0.1452 0.8536 103.0101 0.0281 0.0307 0.0086 -0.0009 0.0037 -0.0016 0.0337 0.1765 0.1673
1497484800.0000 172650.0000 -0.5894 0.1586 -0.1058 0.6425 105.0560 0.0348 0.0479 0.0072 -0.0095 0.0017 -0.0032 0.0449 0.2793 0.2719
