1494720000.0000 150.0000 1.2938 1.0179 0.0891 1.6783 231.8056 0.1544 0.1068 0.0538 0.0210 -0.0048 -0.0277 0.1575 0.1966 0.1793
1494720000.0000 450.0000 1.4789 1.0869 0.1259 1.8639 233.6853 0.1672 0.1043 0.0522 0.0220 0.0010 -0.0267 0.1619 0.1786 0.1639
1494720000.0000 750.0000 1.4072 0.9645 0.1355 1.7376 235.5721 0.2221 0.1123 0.0621 0.0426 -0.0004 -0.0271 0.1982 0.2124 0.1957
1494720000.0000 1050.0000 1.1707 1.0754 0.0311 1.6323 227.4298 0.1346 0.1848 0.0798 0.0270 -0.0402 -0.0432 0.1995 0.2294 0.2052
1494720000.0000 1350.0000 1.2955 0.9722 0.1182 1.6659 233.1141 0.2035 0.1739 0.0783 0.0359 -0.0225 -0.0376 0.2278 0.2400 0.2190
1494720000.0000 1650.0000 1.0058 0.8968 0.1062 1.3893 228.2794 0.1578 0.1325 0.0660 0.0237 -0.0238 -0.0294 0.1781 0.2549 0.2308
1494720000.0000 1950.0000 1.0084 1.1450 0.1691 1.5671 221.3711 0.1180 0.2492 0.0881 0.0464 -0.0234 -0.0159 0.2277 0.2538 0.2293
1494720000.0000 2250.0000 0.9015 1.5742 0.2093 1.8440 209.7991 0.0661 0.3108 0.0567 0.0421 -0.0092 0.0053 0.2168 0.2082 0.1954
1494720000.0000 2550.0000 0.5548 2.3074 0.1252 2.3846 193.5207 0.0437 0.0880 0.0209 -0.0179 0.0056 -0.0089 0.0763 0.0949 0.0883
1494720000.0000 2850.0000 0.7497 2.8963 0.1730 2.9960 194.5128 0.0214 0.0595 0.0237 -0.0015 0.0042 -0.0061 0.0523 0.0623 0.0549
1494720000.0000 3150.0000 0.9816 3.0971 0.1826 3.2571 197.5852 0.0492 0.0452 0.0266 -0.0083 0.0055 -0.0073 0.0605 0.0617 0.0546
1494720000.0000 3450.0000 1.0077 3.0678 0.2117 3.2326 198.1833 0.0296 0.0577 0.0231 0.0155 0.0048 0.0029 0.0552 0.0593 0.0529
1494720000.0000 3750.0000 1.0589 2.7854 0.1993 2.9863 200.8142 0.0602 0.1119 0.0306 0.0434 0.0057 -0.0015 0.1014 0.0870 0.0804
1494720000.0000 4050.0000 0.7982 3.0405 0.1943 3.1514 194.7088 0.0373 0.1113 0.0346 -0.0138 0.0042 -0.0103 0.0916 0.0784 0.0708
1494720000.0000 4350.0000 0.8234 3.3731 0.1968 3.4845 193.7187 0.0655 0.1517 0.0635 -0.0240 0.0186 -0.0248 0.1404 0.0880 0.0775
1494720000.0000 4650.0000 0.5156 3.2497 0.1664 3.3145 189.0153 0.1548 0.1942 0.0830 0.0072 0.0204 -0.0437 0.2160 0.1152 0.1037
1494720000.0000 4950.0000 0.8803 3.2653 0.2316 3.3938 195.0872 0.0711 0.1225 0.0589 -0.0056 0.0134 -0.0250 0.1262 0.0856 0.0751
1494720000.0000 5250.0000 0.8259 2.9215 0.2664 3.0486 195.7859 0.0749 0.1710 0.0607 0.0228 -0.0016 -0.0354 0.1533 0.1049 0.0943
1494720000.0000 5550.0000 0.9504 2.5179 0.2855 2.7052 200.6789 0.0654 0.1600 0.0639 0.0062 0.0004 -0.0325 0.1447 0.1148 0.1019
1494720000.0000 5850.0000 1.0585 2.5162 0.2758 2.7392 202.8152 0.0567 0.0933 0.0350 0.0162 0.0013 -0.0090 0.0925 0.0905 0.0819
1494720000.0000 6150.0000 1.0352 2.9442 0.2897 3.1410 199.3719 0.1382 0.2315 0.0657 0.0419 0.0113 -0.0207 0.2177 0.1215 0.1125
1494720000.0000 6450.0000 1.1874 2.5527 0.3926 2.8372 204.9453 0.1416 0.3216 0.0803 0.0753 -0.0052 -0.0361 0.2718 0.1497 0.1396
1494720000.0000 6750.0000 1.2306 1.9736 0.3050 2.3622 211.9449 0.1193 0.4836 0.0795 0.0953 -0.0023 0.0176 0.3412 0.2033 0.1927
1494720000.0000 7050.0000 1.3920 2.0498 0.3047 2.5315 214.1797 0.2604 0.7655 0.1767 0.1918 0.0034 0.0450 0.6013 0.2536 0.2360
1494720000.0000 7350.0000 1.4155 2.1333 0.3382 2.6035 213.5653 0.1981 0.7322 0.1207 0.1960 -0.0216 0.0195 0.5255 0.2292 0.2175
1494720000.0000 7650.0000 1.2806 2.3725 0.4158 2.7442 208.3593 0.1996 0.6170 0.1019 0.0761 -0.0155 -0.0293 0.4593 0.2028 0.1935
1494720000.0000 7950.0000 1.1371 2.4671 0.2990 2.7436 204.7445 0.1067 0.2456 0.0686 0.0022 -0.0109 -0.0156 0.2104 0.1371 0.1261
1494720000.0000 8250.0000 1.0545 2.6383 0.3327 2.8601 201.7856 0.1358 0.1284 0.0597 0.0394 0.0133 -0.0117 0.1620 0.1149 0.1045
1494720000.0000 8550.0000 1.3177 2.5447 0.3569 2.8802 207.3768 0.0866 0.1778 0.0679 0.0325 0.0034 -0.0145 0.1662 0.1153 0.1036
1494720000.0000 8850.0000 1.2100 2.4918 0.2977 2.7990 205.9016 0.1573 0.3035 0.1191 0.0454 0.0195 0.0043 0.2899 0.1578 0.1415
1494720000.0000 9150.0000 0.9243 3.0036 0.2830 3.1582 197.1054 0.1022 0.1926 0.0629 0.0273 0.0140 -0.0157 0.1789 0.1094 0.0998
1494720000.0000 9450.0000 1.4621 2.9307 0.4439 3.3025 206.5145 0.1359 0.3889 0.1027 0.0294 -0.0076 -0.0245 0.3137 0.1384 0.1277
1494720000.0000 9750.0000 1.4315 2.7483 0.4229 3.1179 207.5140 0.1313 0.2197 0.0771 0.0493 -0.0042 -0.0349 0.2141 0.1208 0.1104
1494720000.0000 10050.0000 1.2669 1.8509 0.4763 2.2879 214.3905 0.2265 0.6301 0.1454 0.1903 -0.0197 -0.0170 0.5010 0.2521 0.2382
1494720000.0000 10350.0000 1.0912 1.6062 0.4096 1.9800 214.1909 0.1243 0.4135 0.1050 0.0901 -0.0199 -0.0176 0.3214 0.2332 0.2180
1494720000.0000 10650.0000 1.2696 1.9786 0.4248 2.3819 212.6874 0.1176 0.3581 0.0921 0.0709 -0.0203 -0.0248 0.2839 0.1821 0.1694
1494720000.0000 10950.0000 1.2421 2.1700 0.3432 2.5200 209.7860 0.0964 0.1862 0.0660 0.0358 -0.0107 -0.0309 0.1743 0.1351 0.1227
1494720000.0000 11250.0000 1.2434 1.7785 0.3220 2.2109 214.9578 0.1580 0.5950 0.0926 0.1674 -0.0167 0.0095 0.4228 0.2420 0.2309
1494720000.0000 11550.0000 0.9590 2.0602 0.3130 2.3042 204.9609 0.1226 0.2582 0.0736 0.0174 0.0020 -0.0307 0.2272 0.1697 0.1568
1494720000.0000 11850.0000 0.7540 2.0568 0.2833 2.2265 200.1318 0.1375 0.2808 0.0600 -0.0011 0.0029 -0.0342 0.2392 0.1808 0.1705
1494720000.0000 12150.0000 0.6795 2.2464 0.2929 2.3728 196.8306 0.1111 0.2231 0.0634 0.0278 0.0053 -0.0308 0.1988 0.1539 0.1422
1494720000.0000 12450.0000 0.4598 2.1880 0.2413 2.2657 191.8690 0.1240 0.3508 0.0802 0.0356 0.0224 -0.0407 0.2775 0.1913 0.1779
1494720000.0000 12750.0000 0.7497 2.3216 0.2368 2.4582 197.8971 0.0876 0.1969 0.0592 0.0314 0.0014 -0.0272 0.1719 0.1381 0.1262
1494720000.0000 13050.0000 0.6504 1.9943 0.2426 2.1189 198.0641 0.0941 0.1958 0.0618 0.0287 -0.0003 -0.0404 0.1759 0.1622 0.1482
1494720000.0000 13350.0000 0.6165 2.2315 0.2070 2.3277 195.4444 0.0594 0.0968 0.0409 0.0102 0.0049 -0.0240 0.0986 0.1103 0.0986
1494720000.0000 13650.0000 0.9990 2.0963 0.2534 2.3403 205.4803 0.0691 0.1922 0.0503 0.0178 0.0017 -0.0195 0.1558 0.1380 0.1271
1494720000.0000 13950.0000 1.0128 1.8646 0.2883 2.1478 208.5101 0.1065 0.1910 0.0691 0.0366 -0.0064 -0.0106 0.1833 0.1633 0.1484
1494720000.0000 14250.0000 0.9405 1.8377 0.2440 2.0907 207.1019 0.0951 0.1461 0.0650 0.0030 0.0001 -0.0303 0.1531 0.1537 0.1373
1494720000.0000 14550.0000 0.6470 2.1187 0.2270 2.2317 196.9807 0.0948 0.2417 0.0576 0.0738 0.0052 -0.0260 0.1971 0.1628 0.1512
1494720000.0000 14850.0000 0.8578 2.3068 0.2868 2.4785 200.3978 0.0812 0.1232 0.0455 0.0090 0.0025 -0.0149 0.1249 0.1165 0.1060
1494720000.0000 15150.0000 0.9287 2.5624 0.3513 2.7480 199.9227 0.1082 0.2235 0.0783 0.0075 -0.0058 -0.0538 0.2050 0.1345 0.1220
1494720000.0000 15450.0000 1.3397 2.5337 0.3128 2.8932 207.8683 0.1187 0.3773 0.0820 0.0468 -0.0067 -0.0327 0.2890 0.1522 0.1419
1494720000.0000 15750.0000 1.1994 2.5737 0.3819 2.8726 204.9866 0.1996 0.2917 0.0925 0.0582 0.0019 -0.0568 0.2919 0.1540 0.1425
1494720000.0000 16050.0000 1.1359 1.5411 0.3846 2.0025 216.3932 0.2039 0.6844 0.1411 0.0483 -0.0242 -0.0371 0.5148 0.3000 0.2842
1494720000.0000 16350.0000 1.0616 1.2774 0.3171 1.7511 219.7281 0.1527 0.7524 0.1127 0.0784 0.0109 0.0056 0.5089 0.3445 0.3307
1494720000.0000 16650.0000 0.6931 1.3870 0.2662 1.5861 206.5517 0.1291 0.4535 0.0585 0.1318 0.0049 0.0291 0.3205 0.2938 0.2842
1494720000.0000 16950.0000 0.5100 1.0444 0.2240 1.2634 206.0265 0.2779 0.3906 0.0621 0.1215 -0.0361 0.0003 0.3653 0.4169 0.4061
1494720000.0000 17250.0000 0.4214 1.4513 0.1509 1.5710 196.1904 0.1945 0.2521 0.0815 0.0979 -0.0212 -0.0299 0.2640 0.2762 0.2553
1494720000.0000 17550.0000 0.0438 1.3099 0.0164 1.3660 181.9165 0.1254 0.1641 0.0500 -0.0102 0.0320 -0.0145 0.1697 0.2567 0.2370
1494720000.0000 17850.0000 -0.2038 1.2641 0.0580 1.3348 170.8424 0.1108 0.2558 0.0755 0.0038 0.0085 -0.0460 0.2211 0.2995 0.2730
1494720000.0000 18150.0000 -0.0536 1.6322 0.0749 1.6880 178.1184 0.1733 0.3058 0.0609 -0.0067 0.0135 -0.0277 0.2701 0.2595 0.2447
1494720000.0000 18450.0000 0.3969 1.8532 0.1092 1.9465 192.0890 0.1727 0.4966 0.0962 0.0340 0.0450 -0.0342 0.3828 0.2661 0.2492
1494720000.0000 18750.0000 0.5075 2.1943 0.2092 2.2902 193.0218 0.1578 0.2973 0.0953 0.0497 0.0069 -0.0539 0.2752 0.1894 0.1729
1494720000.0000 19050.0000 0.6016 1.7364 0.2000 1.8703 199.1093 0.0942 0.2173 0.0671 -0.0076 0.0067 -0.0343 0.1893 0.1922 0.1753
1494720000.0000 19350.0000 0.2178 1.3225 0.1776 1.4315 189.3521 0.2437 0.4217 0.0826 0.1099 0.0285 -0.0389 0.3740 0.3693 0.3514
1494720000.0000 19650.0000 0.6468 1.6327 0.1379 1.7896 201.6116 0.1190 0.2684 0.0540 0.0419 0.0084 -0.0084 0.2207 0.2178 0.2046
1494720000.0000 19950.0000 0.4470 1.2348 0.1111 1.3690 199.8997 0.1082 0.3215 0.0709 0.0037 0.0031 -0.0271 0.2503 0.3100 0.2882
1494720000.0000 20250.0000 0.4211 0.6381 0.2023 0.8254 213.4180 0.0738 0.1430 0.0353 -0.0161 0.0100 -0.0032 0.1261 0.3666 0.3516
1494720000.0000 20550.0000 0.2517 1.3047 0.1307 1.3778 190.9191 0.0873 0.2561 0.0551 -0.0250 0.0141 -0.0253 0.1993 0.2730 0.2546
1494720000.0000 20850.0000 0.0092 1.1849 0.1194 1.2167 180.4432 0.0594 0.2658 0.0764 0.0209 0.0130 -0.0366 0.2008 0.3072 0.2778
1494720000.0000 21150.0000 -0.3071 0.8471 0.0912 0.9688 160.0718 0.1039 0.2196 0.0693 0.0035 0.0006 -0.0277 0.1964 0.3995 0.3644
1494720000.0000 21450.0000 -0.4141 0.9329 0.0644 1.0901 156.0643 0.1117 0.2840 0.0719 -0.0241 0.0015 -0.0569 0.2338 0.3860 0.3558
1494720000.0000 21750.0000 0.0090 1.0531 0.1128 1.1415 180.4905 0.1401 0.2780 0.0728 0.0729 0.0299 -0.0437 0.2454 0.3819 0.3544
1494720000.0000 22050.0000 -0.2902 0.5370 0.2582 0.7039 151.6150 0.1242 0.2038 0.0621 0.0272 0.0325 -0.0164 0.1951 0.5441 0.5417
1494720000.0000 22350.0000 -0.5019 1.1194 0.0284 1.3407 155.8517 0.3038 0.2297 0.1123 -0.0288 0.0865 -0.0624 0.3229 0.3781 0.3438
1494720000.0000 22650.0000 nan nan nan nan nan nan nan nan nan nan nan nan nan nan
1494720000.0000 22950.0000 nan nan nan nan nan nan nan nan nan nan nan nan nan nan
1494720000.0000 23250.0000 nan nan nan nan nan nan nan nan nan nan nan nan nan nan
1494720000.0000 23550.0000 nan nan nan nan nan nan nan nan nan nan nan nan nan nan
1494720000.0000 23850.0000 nan nan nan nan nan nan nan nan nan nan nan nan nan nan
1494720000.0000 24150.0000 nan nan nan nan nan nan nan nan nan nan nan nan nan nan
1494720000.0000 24450.0000 nan nan nan nan nan nan nan nan nan nan nan nan nan nan
1494720000.0000 24750.0000 nan nan nan nan nan nan nan nan nan nan nan nan nan nan
1494720000.0000 25050.0000 nan nan nan nan nan nan nan nan nan nan nan nan nan nan
1494720000.0000 25350.0000 nan nan nan nan nan nan nan nan nan nan nan nan nan nan
1494720000.0000 25650.0000 nan nan nan nan nan nan nan nan nan nan nan nan nan nan
1494720000.0000 25950.0000 nan nan nan nan nan nan nan nan nan nan nan nan nan nan
1494720000.0000 26250.0000 nan nan nan nan nan nan nan nan nan nan nan nan nan nan
1494720000.0000 26550.0000 nan nan nan nan nan nan nan nan nan nan nan nan nan nan
1494720000.0000 26850.0000 nan nan nan nan nan nan nan nan nan nan nan nan nan nan
1494720000.0000 27150.0000 nan nan nan nan nan nan nan nan nan nan nan nan nan nan
1494720000.0000 27450.0000 nan nan nan nan nan nan nan nan nan nan nan nan nan nan
1494720000.0000 27750.0000 nan nan nan nan nan nan nan nan nan nan nan nan nan nan
1494720000.0000 28050.0000 nan nan nan nan nan nan nan nan nan nan nan nan nan nan
1494720000.0000 28350.0000 nan nan nan nan nan nan nan nan nan nan nan nan nan nan
1494720000.0000 28650.0000 nan nan nan nan nan nan nan nan nan nan nan nan nan nan
1494720000.0000 28950.0000 nan nan nan nan nan nan nan nan nan nan nan nan nan nan
1494720000.0000 29250.0000 nan nan nan nan nan nan nan nan nan nan nan nan nan nan
1494720000.0000 29550.0000 nan nan nan nan nan nan nan nan nan nan nan nan nan nan
1494720000.0000 29850.0000 -0.2324 -10.8691 -2.8437 12.3462 1.2250 1.8331 146.4577 9.7135 16.3853 4.2197 37.7176 79.0022 0.6458 0.6467
1494720000.0000 30150.0000 -0.3420 2.0477 0.8989 2.0761 170.5177 0.0000 0.0000 0.0000 0.0000 0.0000 0.0000 0.0000 0.0000 0.0000
1494720000.0000 30450.0000 1.0585 1.4878 1.0416 1.8260 215.4309 0.0000 0.0000 0.0000 0.0000 0.0000 0.0000 0.0000 0.0000 0.0000
1494720000.0000 30750.0000 -0.8332 1.4000 -0.0091 1.6292 149.2393 0.0000 0.0000 0.0000 0.0000 0.0000 0.0000 0.0000 0.0000 0.0000
1494720000.0000 31050.0000 nan nan nan nan nan nan nan nan nan nan nan nan nan nan
1494720000.0000 31350.0000 0.5481 1.2113 0.3212 1.5112 204.3464 0.4210 1.1067 0.0922 0.3187 0.0321 0.1199 0.8100 0.5373 0.5368
1494720000.0000 31650.0000 0.8801 0.7463 0.4288 1.3583 229.7028 0.2955 0.7439 0.1609 0.0426 0.0095 0.0719 0.6001 0.5138 0.5101
1494720000.0000 31950.0000 1.0058 0.7813 0.2978 1.4306 232.1613 0.2480 0.5107 0.1335 -0.0241 0.0054 0.0244 0.4461 0.4170 0.3949
1494720000.0000 32250.0000 0.6132 0.3996 0.3623 0.8463 236.9098 0.1921 0.2375 0.0984 0.0280 -0.0015 0.0011 0.2640 0.5137 0.5170
1494720000.0000 32550.0000 0.4569 0.6690 0.1758 1.2029 214.3318 0.7010 0.4083 0.0947 0.3192 -0.0878 -0.0919 0.6020 0.7642 0.7506
1494720000.0000 32850.0000 1.2865 0.6142 0.2736 1.5003 244.4803 0.3037 0.2063 0.0982 0.0072 0.0170 0.0059 0.3041 0.3102 0.2892
1494720000.0000 33150.0000 1.0181 0.9735 0.3094 1.4969 226.2819 0.2647 0.2449 0.1434 -0.0242 0.0551 -0.0755 0.3265 0.3235 0.2926
1494720000.0000 33450.0000 0.9735 1.4132 0.1351 1.7496 214.5604 0.1093 0.2110 0.1276 0.0415 -0.0373 -0.0702 0.2239 0.2245 0.1904
1494720000.0000 33750.0000 1.1951 0.8727 0.3137 1.6922 233.8622 0.4204 0.4275 0.1111 -0.2973 0.1121 -0.1173 0.4796 0.3738 0.3593
1494720000.0000 34050.0000 1.4389 0.7231 0.2221 1.6911 243.3186 0.2033 0.2093 0.1248 -0.0623 0.0435 -0.0464 0.2687 0.2604 0.2303
1494720000.0000 34350.0000 0.4135 1.0205 0.1250 1.1720 202.0593 0.1216 0.3516 0.1697 0.0509 -0.0346 -0.1327 0.3215 0.4177 0.3607
1494720000.0000 34650.0000 0.5384 0.2009 0.0649 0.6718 249.5397 0.1334 0.0941 0.1694 -0.0001 0.0494 -0.0367 0.1985 0.6290 0.4792
1494720000.0000 34950.0000 0.1056 0.7884 0.0325 0.9321 187.6303 0.1697 0.2539 0.1421 0.0170 0.0170 0.0240 0.2828 0.5454 0.4724
1494720000.0000 35250.0000 -0.5928 0.7348 0.1915 1.1713 141.1078 0.5104 0.2000 0.1284 0.1233 0.0302 -0.0441 0.4194 0.5489 0.5154
1494720000.0000 35550.0000 0.1913 1.0300 0.2024 1.1581 190.5219 0.2160 0.2802 0.1507 -0.0280 0.0170 -0.0858 0.3234 0.4352 0.3882
1494720000.0000 35850.0000 0.4473 1.1727 0.1864 1.3196 200.8800 0.1261 0.3992 0.1134 0.0334 0.0118 -0.0654 0.3194 0.3637 0.3334
1494720000.0000 36150.0000 0.2584 0.8321 0.3146 1.0305 197.2518 0.2586 0.2276 0.1317 -0.0909 -0.0230 -0.0392 0.3090 0.4899 0.4620
1494720000.0000 36450.0000 0.5937 0.7889 0.4196 1.1634 216.9616 0.3649 0.2340 0.1997 -0.0744 -0.0052 -0.0529 0.3993 0.4809 0.4525
1494720000.0000 36750.0000 0.8465 0.3178 0.4994 1.0591 249.4237 0.4451 0.1765 0.2127 -0.0418 -0.0425 -0.0450 0.4171 0.5105 0.5034
1494720000.0000 37050.0000 0.3865 0.3438 0.0963 0.9538 228.3467 0.5178 0.3211 0.1859 -0.2367 0.1520 -0.0852 0.5125 1.1107 1.0222
1494720000.0000 37350.0000 1.5701 0.1537 0.2693 1.6411 264.4107 0.2714 0.1802 0.1446 0.0849 0.0292 -0.0328 0.2981 0.2786 0.2459
1494720000.0000 37650.0000 1.2859 0.6105 -0.0452 1.5021 244.6035 0.2230 0.1217 0.1048 -0.0896 0.0686 -0.0255 0.2248 0.2718 0.2381
1494720000.0000 37950.0000 0.9861 0.8463 -0.0078 1.4131 229.3637 0.3503 0.0869 0.1278 -0.0771 0.0213 -0.0097 0.2825 0.3340 0.2938
1494720000.0000 38250.0000 0.1877 0.9731 -0.0826 1.0196 190.9175 0.0603 0.0895 0.0596 0.0147 0.0145 0.0096 0.1047 0.2657 0.2255
1494720000.0000 38550.0000 0.1342 0.7237 0.1175 0.7933 190.5027 0.0794 0.0874 0.0789 0.0038 -0.0030 -0.0422 0.1228 0.3839 0.3203
1494720000.0000 38850.0000 -1.2530 0.3647 0.3634 1.4188 106.2269 0.5400 0.1811 0.0700 -0.0318 0.0350 -0.0210 0.3956 0.3791 0.3757
1494720000.0000 39150.0000 -2.1107 0.9365 0.0869 2.3838 113.9272 0.3707 0.3771 0.1944 -0.0526 0.0145 -0.1202 0.4711 0.2425 0.2162
1494720000.0000 39450.0000 -1.9858 0.7624 0.2414 2.2178 111.0036 0.6154 0.3657 0.2290 -0.0742 0.0778 -0.1273 0.6051 0.2967 0.2689
1494720000.0000 39750.0000 -0.1229 0.4841 0.3676 1.3402 165.7572 0.8050 1.2280 0.2554 -0.0500 0.0939 -0.0675 1.1442 1.4083 1.6481
1494720000.0000 40050.0000 -0.8353 -0.0167 0.3513 0.9935 88.8549 0.2550 0.2942 0.2127 -0.0552 0.0513 -0.0616 0.3809 0.5561 0.5122
1494720000.0000 40350.0000 -0.2156 0.9809 0.1794 1.4405 167.6025 0.6658 1.2584 0.2866 0.5088 0.0751 -0.0756 1.1054 0.8415 0.7975
1494720000.0000 40650.0000 -0.5108 0.6323 0.1069 1.0304 141.0670 0.3142 0.3883 0.2124 0.0447 -0.0447 -0.1156 0.4574 0.6736 0.5953
1494720000.0000 40950.0000 -0.5231 0.3588 0.3607 0.8557 124.4464 0.3203 0.2570 0.1379 0.0327 0.0870 -0.0015 0.3576 0.6692 0.6916
1494720000.0000 41250.0000 -0.4882 0.1117 0.3413 0.6199 102.8907 0.1139 0.1281 0.0687 -0.0299 0.0315 -0.0241 0.1554 0.5310 0.5671
1494720000.0000 41550.0000 0.3447 1.3669 0.2830 1.5037 194.1523 0.2601 0.3832 0.1247 0.0486 0.0154 -0.0752 0.3840 0.3519 0.3285
1494720000.0000 41850.0000 -0.1416 1.0206 0.4508 1.4081 172.1009 0.7590 0.7871 0.3056 0.2846 0.0974 -0.0563 0.9258 0.6985 0.6967
1494720000.0000 42150.0000 0.5244 1.1052 0.4515 1.3855 205.3836 0.4266 0.6007 0.1730 0.0972 0.0528 -0.0586 0.6002 0.4851 0.4784
1494720000.0000 42450.0000 0.2318 0.4704 0.3677 0.7787 206.2301 0.2958 0.5301 0.1410 0.1695 0.0516 0.0262 0.4834 0.8864 1.0006
1494720000.0000 42750.0000 -0.1494 0.7779 0.5001 1.2206 169.1301 0.7893 0.4609 0.2073 0.0979 -0.0334 -0.0378 0.7288 0.7441 0.8150
1494720000.0000 43050.0000 0.4301 1.2125 0.3881 1.4258 199.5324 0.3555 0.4200 0.1775 0.0677 -0.0138 -0.1221 0.4765 0.4194 0.3952
1494720000.0000 43350.0000 0.5141 1.2515 0.1733 1.4892 202.3311 0.2977 0.5731 0.1950 0.0783 0.0362 -0.0809 0.5329 0.4370 0.3982
1494720000.0000 43650.0000 -0.2013 1.1089 0.1882 1.3570 169.7117 0.5213 0.3848 0.2418 -0.0913 0.0899 -0.1151 0.5740 0.5414 0.4876
1494720000.0000 43950.0000 -1.1968 1.3172 0.0808 1.9918 137.7423 0.8616 0.7542 0.3903 -0.0397 0.1382 -0.2167 1.0031 0.4590 0.4124
1494720000.0000 44250.0000 0.4285 1.9492 0.3084 2.3104 192.3970 1.1267 1.3266 0.4535 0.0613 0.1649 -0.2341 1.4534 0.4874 0.4531
1494720000.0000 44550.0000 0.5654 1.5364 0.3918 1.8088 200.2046 0.5744 0.8736 0.2653 0.2182 0.0240 -0.0937 0.8566 0.4489 0.4244
1494720000.0000 44850.0000 0.3803 1.8003 0.2246 1.9444 191.9283 0.3810 0.4995 0.1601 0.0271 0.0165 -0.0667 0.5203 0.3177 0.2944
1494720000.0000 45150.0000 -0.3473 1.4609 -0.1710 1.6688 166.6281 0.5623 0.6102 0.2251 0.0851 0.0340 0.0675 0.6988 0.4516 0.4163
1494720000.0000 45450.0000 0.8405 2.3529 0.0840 2.6904 199.6580 0.5073 1.4822 0.1624 -0.4400 0.0403 -0.1409 1.0760 0.3388 0.3259
1494720000.0000 45750.0000 0.6443 0.9277 0.1900 1.2771 214.7794 0.3926 0.4666 0.1547 0.1404 -0.0249 -0.1122 0.5069 0.5075 0.4738
1494720000.0000 46050.0000 1.1476 1.2147 0.5638 1.8851 223.3737 0.7712 0.7242 0.3134 0.0595 0.0549 -0.0837 0.9044 0.4403 0.4225
1494720000.0000 46350.0000 1.4250 1.2510 0.2026 2.0105 228.7199 0.5795 0.3605 0.2377 -0.0132 0.0901 -0.0991 0.5889 0.3286 0.2952
1494720000.0000 46650.0000 0.8096 0.9999 0.2096 1.3981 218.9953 0.2426 0.2999 0.2024 -0.0458 0.0061 -0.0512 0.3724 0.3823 0.3305
1494720000.0000 46950.0000 1.1429 0.9845 0.4206 1.7104 229.2575 0.6602 0.4671 0.1891 -0.1025 -0.0867 0.0080 0.6582 0.4230 0.4064
1494720000.0000 47250.0000 1.8090 0.4267 0.6547 1.9554 256.7264 0.7361 0.3585 0.1477 0.2441 0.0132 0.0345 0.6212 0.3266 0.3250
1494720000.0000 47550.0000 0.8135 0.3878 0.2452 1.2052 244.5128 0.5607 0.3569 0.2342 -0.1068 -0.0096 0.0441 0.5758 0.6634 0.6136
1494720000.0000 47850.0000 -1.1359 0.3213 0.4120 1.6210 105.7961 1.6923 0.3740 0.2347 0.0009 0.0901 -0.0462 1.1504 0.7004 0.7030
1494720000.0000 48150.0000 0.3159 1.9516 0.4906 2.2454 189.1952 1.0267 1.2983 0.3206 0.6122 0.0155 -0.0890 1.3228 0.4610 0.4453
1494720000.0000 48450.0000 0.1900 1.7320 0.1345 2.1304 186.2608 1.3513 1.0044 0.2681 0.1069 0.0875 -0.0946 1.3119 0.5351 0.5086
1494720000.0000 48750.0000 0.3347 2.0205 0.3706 2.2571 189.4054 0.9121 0.9157 0.3732 0.1931 0.0998 -0.0880 1.1005 0.4115 0.3811
1494720000.0000 49050.0000 1.5288 2.4068 0.2451 3.0012 212.4244 0.5124 1.3740 0.2536 -0.0233 -0.0151 -0.0238 1.0700 0.2951 0.2781
1494720000.0000 49350.0000 2.1032 1.7959 0.3748 2.8871 229.5069 0.5606 0.7858 0.2982 -0.0204 0.0224 -0.1847 0.8223 0.2653 0.2422
1494720000.0000 49650.0000 1.1666 0.9989 0.4422 1.7371 229.4280 1.0475 0.5307 0.2003 0.1435 -0.0724 -0.1546 0.8892 0.4818 0.4723
1494720000.0000 49950.0000 1.0449 2.4626 0.3816 2.8914 202.9915 0.7383 1.5522 0.2772 -0.2334 0.1074 -0.2124 1.2839 0.3424 0.3266
1494720000.0000 50250.0000 1.9108 1.9541 0.1701 2.8441 224.3572 0.5621 0.7517 0.4351 0.0786 -0.1347 -0.2086 0.8744 0.2788 0.2421
1494720000.0000 50550.0000 1.4618 1.7548 0.2708 2.4242 219.7968 0.5015 0.8241 0.2399 -0.0999 -0.0469 -0.0338 0.7827 0.3141 0.2910
1494720000.0000 50850.0000 1.3647 1.0422 0.3628 1.8418 232.6314 0.5597 0.3238 0.1642 0.0051 -0.1044 -0.0584 0.5238 0.3367 0.3160
1494720000.0000 51150.0000 1.4480 0.9127 0.4046 1.8007 237.7759 0.6242 0.2328 0.1809 0.0424 0.0256 -0.0605 0.5190 0.3344 0.3123
1494720000.0000 51450.0000 0.9745 0.6267 0.5073 1.3134 237.2570 0.3329 0.4661 0.1474 0.0618 0.0016 -0.0639 0.4732 0.4440 0.4454
1494720000.0000 51750.0000 1.7176 0.3000 0.2788 1.8326 260.0925 0.7181 0.2689 0.1665 0.1678 0.0671 -0.0322 0.5767 0.3512 0.3290
1494720000.0000 52050.0000 0.4374 0.4598 0.5226 0.9256 223.5708 0.2872 0.4322 0.1356 0.1075 -0.0170 -0.0311 0.4275 0.6494 0.7717
1494720000.0000 52350.0000 0.4566 1.7793 0.2748 2.0590 194.3919 0.6503 1.0445 0.2568 -0.1122 0.0497 -0.1832 0.9758 0.4343 0.4092
1494720000.0000 52650.0000 -0.2011 1.4502 0.3880 1.6605 172.1033 0.6037 0.5461 0.2332 0.0626 -0.0091 -0.1113 0.6915 0.4483 0.4229
1494720000.0000 52950.0000 -0.1219 1.8896 0.1474 2.0302 176.3091 0.4789 0.4564 0.1989 0.1283 -0.0483 -0.1481 0.5671 0.3237 0.2949
1494720000.0000 53250.0000 0.4831 2.0788 0.1085 2.2463 193.0838 0.3787 0.7046 0.1929 0.0585 -0.0680 -0.1028 0.6381 0.3052 0.2816
1494720000.0000 53550.0000 0.5935 2.0613 0.3718 2.2775 196.0630 0.5745 0.8640 0.2351 0.1451 -0.0071 -0.1161 0.8368 0.3431 0.3228
1494720000.0000 53850.0000 0.5147 1.3988 0.4069 1.6370 200.2024 0.4025 0.5966 0.1558 0.0485 0.0081 -0.0627 0.5774 0.4016 0.3872
1494720000.0000 54150.0000 0.8844 2.0229 0.3381 2.2843 203.6138 0.2365 0.7132 0.1753 0.0491 -0.0201 -0.1565 0.5625 0.2742 0.2548
1494720000.0000 54450.0000 1.0690 1.5409 0.5710 2.0843 214.7530 0.6706 1.1558 0.2422 -0.0839 -0.0045 -0.1586 1.0343 0.4236 0.4161
1494720000.0000 54750.0000 1.2698 1.2493 0.5956 1.8983 225.4667 0.4410 0.6341 0.3236 0.0701 0.0012 -0.0333 0.6993 0.3635 0.3361
1494720000.0000 55050.0000 1.9191 1.1718 0.6771 2.3485 238.5922 1.1495 0.3181 0.2264 0.1139 0.0910 -0.0169 0.8470 0.3200 0.3111
1494720000.0000 55350.0000 1.3608 1.1424 0.4721 1.9085 229.9863 0.5745 0.4537 0.2235 -0.0369 0.0195 -0.0399 0.6259 0.3514 0.3295
1494720000.0000 55650.0000 0.7037 1.1904 0.4493 1.4883 210.5883 0.3244 0.5070 0.1337 0.0853 -0.0071 -0.0786 0.4825 0.3901 0.3807
1494720000.0000 55950.0000 1.2060 0.8314 0.6937 1.6284 235.4199 0.8570 0.3761 0.1907 0.0268 0.0723 -0.0349 0.7119 0.4250 0.4377
1494720000.0000 56250.0000 1.3898 0.8612 0.7063 1.8238 238.2158 1.2745 0.4954 0.2118 0.2051 0.0300 -0.0587 0.9909 0.4563 0.4698
1494720000.0000 56550.0000 2.4453 1.2598 0.9417 2.9198 242.7425 1.2718 0.6397 0.3171 -0.1589 0.0755 -0.1125 1.1143 0.2964 0.2902
1494720000.0000 56850.0000 1.1037 1.1667 0.4561 1.6948 223.4110 0.3558 0.5146 0.2656 0.1061 -0.0383 -0.0611 0.5680 0.3686 0.3354
1494720000.0000 57150.0000 1.5290 1.1175 0.6752 2.0045 233.8390 0.7152 0.3938 0.2760 0.0368 0.0497 -0.0037 0.6925 0.3379 0.3210
1494720000.0000 57450.0000 3.0521 0.9530 0.9031 3.2394 252.6590 0.8834 0.2672 0.1627 0.1516 0.0823 0.0146 0.6566 0.1991 0.1937
1494720000.0000 57750.0000 2.6986 0.7972 0.5626 2.9211 253.5420 0.6446 0.4995 0.1857 -0.1405 0.0093 -0.1101 0.6649 0.2320 0.2195
1494720000.0000 58050.0000 2.2842 0.6178 0.8371 2.5104 254.8651 1.1005 0.4944 0.2217 -0.0389 -0.0188 0.0073 0.9083 0.3100 0.3081
1494720000.0000 58350.0000 2.8365 1.1244 0.8605 3.1711 248.3769 1.4097 0.4018 0.2112 -0.0223 0.0785 -0.0168 1.0114 0.2590 0.2547
1494720000.0000 58650.0000 2.7997 1.0618 0.7717 3.0567 249.2299 0.8920 0.2815 0.2197 0.0005 0.0099 -0.0197 0.6966 0.2204 0.2089
1494720000.0000 58950.0000 3.1889 0.8310 0.7867 3.3620 255.3940 1.6756 0.3073 0.2667 0.0583 0.0395 0.0270 1.1248 0.2556 0.2467
1494720000.0000 59250.0000 3.0528 0.3242 0.6866 3.1770 263.9389 0.8723 0.5418 0.2967 -0.1483 -0.1193 0.0323 0.8554 0.2401 0.2236
1494720000.0000 59550.0000 3.2421 0.5040 0.5564 3.3585 261.1633 0.5098 0.4885 0.2483 0.0355 0.0678 0.0075 0.6233 0.1937 0.1758
1494720000.0000 59850.0000 2.4360 -0.2171 0.2869 2.5670 275.0923 0.8754 0.4852 0.3267 0.2386 0.1233 0.0636 0.8436 0.3046 0.2754
1494720000.0000 60150.0000 2.6045 0.0485 0.5071 2.7132 268.9331 1.0337 0.4587 0.3743 -0.2741 -0.0205 -0.0294 0.9333 0.2972 0.2708
1494720000.0000 60450.0000 3.3635 0.7810 0.8525 3.5392 256.9279 1.2050 0.5689 0.2295 0.1281 0.0878 0.0408 1.0017 0.2298 0.2227
1494720000.0000 60750.0000 2.9729 0.8709 0.6702 3.1602 253.6723 0.5452 0.3187 0.1398 -0.0616 0.0289 -0.0167 0.5019 0.1825 0.1732
1494720000.0000 61050.0000 2.7971 0.4092 0.6387 2.8586 261.6774 0.4028 0.1700 0.1091 -0.0255 -0.0319 0.0308 0.3409 0.1645 0.1546
1494720000.0000 61350.0000 2.3843 0.6443 0.7206 2.5463 254.8777 0.6455 0.3039 0.1828 -0.0319 0.0203 -0.0256 0.5661 0.2388 0.2278
1494720000.0000 61650.0000 3.1059 1.1059 0.8617 3.3523 250.4007 0.7833 0.2602 0.1822 0.0119 0.0548 -0.0448 0.6128 0.1876 0.1789
1494720000.0000 61950.0000 2.0422 1.1497 0.8323 2.4613 240.6216 1.3481 0.3339 0.3134 0.1345 0.0552 -0.0576 0.9977 0.3279 0.3195
1494720000.0000 62250.0000 1.0525 1.2237 0.5867 1.7860 220.6978 0.6089 0.5294 0.2184 -0.0149 0.0152 -0.0572 0.6784 0.3916 0.3816
1494720000.0000 62550.0000 1.6256 1.1362 0.7686 2.1466 235.0492 1.0328 0.4973 0.2557 -0.0169 0.0354 -0.0310 0.8929 0.3627 0.3601
1494720000.0000 62850.0000 1.1447 1.8066 0.7121 2.2610 212.3584 0.4583 0.9797 0.3193 0.1347 -0.0513 -0.1545 0.8786 0.3395 0.3237
1494720000.0000 63150.0000 1.4311 1.0135 0.7416 1.9545 234.6927 1.0264 0.6172 0.2044 -0.0493 0.0367 -0.1017 0.9240 0.4122 0.4221
1494720000.0000 63450.0000 2.5447 1.1433 0.6163 2.8797 245.8067 0.6800 0.3513 0.2075 -0.0787 0.0017 -0.0653 0.6194 0.2249 0.2102
1494720000.0000 63750.0000 1.4927 1.6224 0.3445 2.2836 222.6153 0.2796 0.4723 0.1883 0.0072 -0.0124 -0.0861 0.4701 0.2509 0.2271
1494720000.0000 64050.0000 1.7521 1.3060 0.2391 2.2925 233.2987 0.4188 0.4302 0.2830 -0.0787 0.0379 -0.0140 0.5661 0.2794 0.2434
1494720000.0000 64350.0000 0.9982 0.9709 0.6366 1.5170 225.7940 0.5444 0.3063 0.2035 0.0497 0.0499 -0.0585 0.5271 0.3871 0.3824
1494720000.0000 64650.0000 1.5601 0.9328 0.7065 1.9654 239.1238 1.1064 0.3881 0.2136 0.1807 0.0721 -0.0513 0.8540 0.3869 0.3883
1494720000.0000 64950.0000 2.8609 0.7988 0.8020 3.0181 254.3993 0.5438 0.2581 0.1300 0.0536 -0.0100 -0.0071 0.4660 0.1811 0.1741
1494720000.0000 65250.0000 2.2354 1.0640 0.6249 2.5428 244.5474 1.1551 0.2298 0.1718 0.1821 0.0518 0.0055 0.7783 0.2821 0.2744
1494720000.0000 65550.0000 0.9876 0.9611 0.4769 1.4617 225.7799 0.4432 0.2777 0.1167 0.0783 0.0252 -0.0273 0.4188 0.3623 0.3557
1494720000.0000 65850.0000 1.3267 0.7944 0.6109 1.6163 239.0871 0.6853 0.1684 0.1647 0.1094 0.0834 0.0064 0.5092 0.3504 0.3450
1494720000.0000 66150.0000 1.7854 0.8557 0.6919 2.0289 244.3942 0.5338 0.1764 0.1452 0.0865 0.0222 -0.0292 0.4277 0.2546 0.2457
1494720000.0000 66450.0000 2.2026 0.8474 0.6767 2.3908 248.9569 0.3750 0.1155 0.0667 0.0503 -0.0224 -0.0146 0.2786 0.1755 0.1713
1494720000.0000 66750.0000 2.5110 1.0000 0.7091 2.7288 248.2864 0.3694 0.1271 0.0943 0.0648 0.0121 -0.0028 0.2954 0.1588 0.1505
1494720000.0000 67050.0000 2.8467 0.8540 0.7637 3.0184 253.3003 0.3717 0.2518 0.1106 0.0112 -0.0001 0.0031 0.3671 0.1612 0.1534
1494720000.0000 67350.0000 2.7654 1.0026 0.8644 2.9714 250.0713 0.3675 0.1747 0.0866 0.0513 -0.0030 -0.0085 0.3144 0.1493 0.1445
1494720000.0000 67650.0000 2.3023 0.8598 0.7050 2.5021 249.5213 0.4653 0.1957 0.1034 0.0673 -0.0012 -0.0026 0.3822 0.1974 0.1910
1494720000.0000 67950.0000 2.6932 0.4856 0.5453 2.7576 259.7787 0.1296 0.1044 0.0467 -0.0112 -0.0157 0.0155 0.1404 0.1096 0.1021
1494720000.0000 68250.0000 2.5652 0.5565 0.6173 2.6361 257.7600 0.1130 0.0565 0.0357 0.0029 -0.0001 0.0004 0.1026 0.0970 0.0905
1494720000.0000 68550.0000 2.2427 0.7746 0.5645 2.3882 250.9463 0.1008 0.0583 0.0318 -0.0118 -0.0032 -0.0084 0.0955 0.1034 0.0971
1494720000.0000 68850.0000 2.0128 0.7141 0.5468 2.1467 250.4671 0.0777 0.0458 0.0201 0.0059 0.0048 -0.0004 0.0718 0.0992 0.0950
1494720000.0000 69150.0000 1.4809 0.4762 0.4372 1.5692 252.1735 0.1301 0.0266 0.0189 0.0054 0.0159 -0.0006 0.0878 0.1497 0.1469
1494720000.0000 69450.0000 2.0761 0.4570 0.5018 2.1329 257.5864 0.0878 0.0317 0.0225 0.0123 0.0034 0.0057 0.0710 0.0996 0.0939
1494720000.0000 69750.0000 2.4029 0.4134 0.5831 2.4471 260.2373 0.0754 0.0437 0.0306 0.0053 -0.0044 0.0045 0.0749 0.0891 0.0817
1494720000.0000 70050.0000 2.3953 0.0850 0.4695 2.4263 267.9685 0.1759 0.1361 0.0593 0.0289 -0.0141 0.0305 0.1856 0.1440 0.1346
1494720000.0000 70350.0000 2.3235 -0.7669 0.2097 2.4848 288.2664 0.5140 0.1353 0.1508 -0.0190 -0.0584 0.0328 0.4001 0.2103 0.1901
1494720000.0000 70650.0000 2.8235 -0.8020 0.2895 2.9728 285.8563 0.7184 0.1880 0.1741 -0.0694 -0.0633 0.0443 0.5403 0.2035 0.1873
1494720000.0000 70950.0000 2.9744 -0.5985 0.2977 3.0714 281.3771 0.5026 0.2073 0.1498 -0.0412 -0.0718 0.0503 0.4298 0.1756 0.1603
1494720000.0000 71250.0000 3.1676 -0.6553 0.3777 3.2701 281.6874 0.6795 0.2144 0.1727 -0.0756 -0.1035 0.0490 0.5333 0.1831 0.1688
1494720000.0000 71550.0000 2.8658 -0.7166 0.3700 2.9973 284.0396 0.7148 0.2133 0.1909 -0.0498 -0.0908 0.0316 0.5595 0.2051 0.1883
1494720000.0000 71850.0000 2.4671 -0.8157 0.2356 2.6460 288.2963 0.7097 0.1766 0.1691 -0.0132 -0.0448 0.0545 0.5278 0.2273 0.2092
1494720000.0000 72150.0000 2.3533 -0.9089 0.2062 2.5864 291.1172 0.6620 0.2331 0.1888 0.0333 -0.0240 0.0497 0.5419 0.2375 0.2165
1494720000.0000 72450.0000 2.0316 -0.8049 0.1814 2.2532 291.6140 0.5428 0.2235 0.1638 0.0261 -0.0106 0.0519 0.4651 0.2539 0.2313
1494720000.0000 72750.0000 1.7021 -0.9078 0.1765 2.0046 298.0729 0.4503 0.2591 0.1814 0.0124 -0.0575 0.0533 0.4454 0.2813 0.2521
1494720000.0000 73050.0000 1.3731 -0.8367 0.1711 1.6888 301.3578 0.3579 0.2731 0.1359 -0.0029 -0.0465 0.0345 0.3835 0.3127 0.2852
1494720000.0000 73350.0000 1.0946 -0.9363 0.1072 1.5112 310.5445 0.2183 0.2517 0.1052 -0.0311 -0.0305 0.0411 0.2876 0.3032 0.2748
1494720000.0000 73650.0000 1.3710 -1.3026 0.0451 1.9595 313.5348 0.2346 0.3569 0.1316 -0.0497 -0.0308 0.0465 0.3615 0.2595 0.2348
1494720000.0000 73950.0000 1.2070 -1.3620 -0.0023 1.8700 318.4542 0.2795 0.3098 0.1011 -0.1182 -0.0343 0.0559 0.3452 0.2636 0.2435
1494720000.0000 74250.0000 1.5115 -1.2739 0.0719 2.0478 310.1247 0.2806 0.4298 0.1512 -0.0878 -0.0355 0.0532 0.4308 0.2709 0.2462
1494720000.0000 74550.0000 1.5183 -0.9704 0.1179 1.8738 302.5847 0.2858 0.2672 0.1434 0.0158 -0.0338 0.0396 0.3482 0.2668 0.2383
1494720000.0000 74850.0000 1.3371 -0.9284 0.0564 1.6868 304.7730 0.1959 0.2481 0.1043 -0.0250 -0.0220 0.0346 0.2742 0.2625 0.2363
1494720000.0000 75150.0000 1.3164 -1.2055 0.0388 1.8309 312.4833 0.1269 0.2768 0.0849 -0.0547 -0.0267 0.0319 0.2443 0.2261 0.2055
1494720000.0000 75450.0000 1.3350 -1.2939 -0.0136 1.8906 314.1043 0.0834 0.2308 0.0469 -0.0598 -0.0169 0.0203 0.1806 0.1866 0.1741
1494720000.0000 75750.0000 1.8865 -0.6515 0.0628 2.0190 289.0521 0.2317 0.0622 0.0668 -0.0041 -0.0077 0.0105 0.1803 0.1736 0.1568
1494720000.0000 76050.0000 1.4933 -0.8044 -0.0011 1.7447 298.3108 0.2098 0.1480 0.1108 0.0158 -0.0168 0.0228 0.2343 0.2330 0.2036
1494720000.0000 76350.0000 2.0050 -0.7076 0.0138 2.1455 289.4398 0.2086 0.0518 0.0727 0.0012 0.0082 0.0161 0.1665 0.1567 0.1385
1494720000.0000 76650.0000 1.2994 -0.7975 0.0353 1.5763 301.5398 0.1746 0.1630 0.0783 0.0058 -0.0145 0.0138 0.2080 0.2442 0.2200
1494720000.0000 76950.0000 1.1450 -1.0685 0.0227 1.5921 313.0199 0.0593 0.1597 0.0398 -0.0417 -0.0102 0.0105 0.1294 0.1875 0.1725
1494720000.0000 77250.0000 1.0413 -1.0652 0.0108 1.5183 315.6489 0.0603 0.1851 0.0435 -0.0491 -0.0162 0.0225 0.1444 0.2083 0.1920
1494720000.0000 77550.0000 0.7861 -0.6167 0.0355 1.0296 308.1158 0.0551 0.1014 0.0329 -0.0212 -0.0065 0.0051 0.0947 0.2513 0.2286
1494720000.0000 77850.0000 0.8849 -1.0493 -0.0351 1.3840 319.8571 0.0304 0.0496 0.0124 -0.0119 -0.0037 0.0094 0.0462 0.1278 0.1189
1494720000.0000 78150.0000 0.6962 -1.1785 -0.0636 1.3762 329.4278 0.0149 0.0358 0.0072 -0.0005 -0.0015 0.0039 0.0289 0.1014 0.0950
1494720000.0000 78450.0000 1.0037 -0.5546 0.0084 1.1870 298.9250 0.1442 0.0850 0.0317 0.0031 -0.0054 0.0087 0.1305 0.2572 0.2410
1494720000.0000 78750.0000 1.3724 -0.5098 0.0111 1.4826 290.3785 0.1275 0.0330 0.0340 0.0037 -0.0011 0.0052 0.0972 0.1739 0.1580
1494720000.0000 79050.0000 1.6828 -0.5066 -0.0173 1.7726 286.7542 0.0934 0.0488 0.0232 -0.0098 0.0002 0.0088 0.0827 0.1336 0.1239
1494720000.0000 79350.0000 1.4475 -0.0462 -0.0195 1.4513 271.8300 0.0104 0.0086 0.0022 0.0028 0.0021 0.0030 0.0106 0.0581 0.0550
1494720000.0000 79650.0000 1.3295 -0.1521 -0.0529 1.3402 276.5262 0.0050 0.0070 0.0008 -0.0029 0.0002 0.0012 0.0064 0.0488 0.0472
1494720000.0000 79950.0000 1.4409 -0.1093 -0.0305 1.4463 274.3362 0.0081 0.0037 0.0013 -0.0001 0.0024 0.0007 0.0066 0.0458 0.0435
1494720000.0000 80250.0000 1.4945 -0.2921 -0.0039 1.5302 281.0577 0.0106 0.0213 0.0036 0.0033 0.0011 0.0017 0.0178 0.0715 0.0678
1494720000.0000 80550.0000 1.6312 -0.4419 0.0387 1.6919 285.1573 0.0111 0.0055 0.0036 0.0004 0.0000 0.0004 0.0101 0.0486 0.0440
1494720000.0000 80850.0000 0.9012 -0.4536 -0.0260 1.0339 296.7176 0.1123 0.0248 0.0159 0.0096 0.0053 0.0010 0.0765 0.2237 0.2118
1494720000.0000 81150.0000 0.4610 -0.6886 -0.0246 0.8436 326.1980 0.0146 0.0188 0.0018 0.0094 0.0010 0.0020 0.0176 0.1307 0.1273
1494720000.0000 81450.0000 0.5269 -0.3939 0.0071 0.7298 306.7809 0.0778 0.0733 0.0057 0.0442 0.0056 0.0063 0.0784 0.3475 0.3412
1494720000.0000 81750.0000 0.6270 -0.3008 -0.0367 0.7184 295.6293 0.0635 0.0174 0.0066 0.0114 0.0084 0.0046 0.0438 0.2454 0.2363
1494720000.0000 82050.0000 0.7965 -0.2311 0.0216 0.8334 286.1806 0.0353 0.0043 0.0069 -0.0008 0.0033 -0.0005 0.0232 0.1500 0.1385
1494720000.0000 82350.0000 0.4742 -0.4534 -0.0175 0.6978 313.7141 0.0438 0.0305 0.0114 0.0232 0.0094 0.0098 0.0428 0.2575 0.2399
1494720000.0000 82650.0000 -0.0360 -0.6354 -0.0735 0.6421 3.2430 0.0073 0.0083 0.0018 0.0000 -0.0007 -0.0003 0.0087 0.1186 0.1132
1494720000.0000 82950.0000 0.0061 -0.7569 -0.0864 0.7603 359.5417 0.0049 0.0027 0.0025 -0.0005 -0.0006 -0.0007 0.0051 0.0763 0.0667
1494720000.0000 83250.0000 -0.1107 -0.5794 -0.0733 0.5912 10.8145 0.0032 0.0132 0.0006 0.0058 -0.0006 -0.0009 0.0085 0.1268 0.1254
1494720000.0000 83550.0000 -0.1824 -0.3159 -0.0442 0.3772 30.0085 0.0112 0.0016 0.0008 -0.0004 0.0006 -0.0005 0.0068 0.1837 0.1795
1494720000.0000 83850.0000 -0.5343 -0.2180 -0.0797 0.5802 67.8033 0.0040 0.0020 0.0010 -0.0018 -0.0006 0.0005 0.0035 0.0825 0.0771
1494720000.0000 84150.0000 -0.0707 -0.1059 -0.0476 0.2368 33.7395 0.0505 0.0062 0.0035 0.0052 0.0030 0.0005 0.0301 1.0423 1.0798
1494720000.0000 84450.0000 0.6267 -0.0872 -0.0356 0.6384 277.9248 0.0246 0.0060 0.0026 -0.0002 0.0002 0.0001 0.0166 0.1660 0.1595
1494720000.0000 84750.0000 0.8196 -0.1782 -0.0088 0.8506 282.2642 0.0419 0.0102 0.0039 0.0135 0.0016 0.0015 0.0280 0.1629 0.1571
1494720000.0000 85050.0000 0.4545 -0.5192 0.0008 0.7314 318.7979 0.0512 0.0424 0.0120 0.0115 -0.0020 0.0064 0.0529 0.2720 0.2561
1494720000.0000 85350.0000 0.3706 -0.7366 -0.0248 0.8481 333.2928 0.0542 0.0696 0.0155 -0.0225 -0.0080 0.0020 0.0697 0.2613 0.2464
1494720000.0000 85650.0000 0.4115 -0.7052 -0.0133 0.8408 329.7384 0.0381 0.0432 0.0154 -0.0018 -0.0066 0.0063 0.0483 0.2199 0.2017
1494720000.0000 85950.0000 0.4581 -0.6602 -0.0167 0.8202 325.2468 0.0262 0.0300 0.0114 -0.0031 -0.0026 0.0037 0.0338 0.1868 0.1703
1494720000.0000 86250.0000 -0.0907 -0.5479 -0.0471 0.6574 9.4025 0.1137 0.0386 0.0062 -0.0563 0.0010 -0.0023 0.0792 0.4123 0.4056
1494806400.0000 86550.0000 -0.3539 -0.4300 -0.0428 0.5741 39.4543 0.0230 0.0199 0.0074 0.0053 0.0019 0.0022 0.0251 0.2317 0.2146
1494806400.0000 86850.0000 -0.5398 -0.4949 -0.0822 0.7432 47.4851 0.0152 0.0096 0.0023 -0.0035 -0.0019 -0.0004 0.0136 0.1290 0.1241
1494806400.0000 87150.0000 -0.2723 -0.3779 -0.0967 0.5185 35.7687 0.0678 0.0063 0.0041 0.0016 0.0049 0.0005 0.0392 0.3396 0.3376
1494806400.0000 87450.0000 0.3977 -0.7127 -0.0680 0.8438 330.8381 0.0653 0.0295 0.0107 -0.0173 0.0009 0.0005 0.0527 0.2289 0.2178
1494806400.0000 87750.0000 0.8527 -1.0081 -0.0415 1.3354 319.7725 0.0450 0.0655 0.0143 -0.0212 -0.0093 0.0073 0.0624 0.1544 0.1454
1494806400.0000 88050.0000 0.5779 -1.0448 -0.0528 1.2061 331.0512 0.0291 0.0261 0.0141 0.0001 -0.0037 0.0020 0.0346 0.1270 0.1135
1494806400.0000 88350.0000 0.4058 -1.0518 -0.0723 1.1353 338.9008 0.0210 0.0109 0.0059 -0.0030 -0.0020 0.0007 0.0189 0.0993 0.0914
1494806400.0000 88650.0000 0.2981 -0.9397 -0.0524 1.0041 342.3990 0.0314 0.0209 0.0118 0.0069 0.0010 0.0034 0.0321 0.1481 0.1340
1494806400.0000 88950.0000 0.0230 -0.9194 -0.0597 0.9825 358.5675 0.1266 0.0405 0.0114 -0.0245 -0.0028 0.0083 0.0893 0.2647 0.2566
1494806400.0000 89250.0000 -0.2873 -0.7492 -0.1272 0.8119 20.9842 0.0137 0.0057 0.0013 -0.0049 -0.0012 -0.0006 0.0103 0.1022 0.1003
1494806400.0000 89550.0000 0.0627 -1.1874 -0.1001 1.2016 356.9797 0.0417 0.0305 0.0064 -0.0218 -0.0019 0.0006 0.0393 0.1357 0.1305
1494806400.0000 89850.0000 0.2447 -1.2075 -0.0544 1.2501 348.5463 0.0414 0.0359 0.0123 0.0070 -0.0019 0.0007 0.0448 0.1401 0.1303
1494806400.0000 90150.0000 0.2689 -1.3647 -0.0853 1.4073 348.8529 0.0395 0.0261 0.0067 0.0145 -0.0010 0.0017 0.0362 0.1114 0.1063
1494806400.0000 90450.0000 -0.0640 -1.3062 -0.0858 1.3181 2.8065 0.0263 0.0308 0.0020 -0.0118 0.0013 -0.0024 0.0295 0.1070 0.1054
1494806400.0000 90750.0000 -0.5999 -1.1020 -0.1314 1.2597 28.5637 0.0047 0.0264 0.0017 -0.0040 0.0006 -0.0024 0.0164 0.0828 0.0811
1494806400.0000 91050.0000 -0.7600 -1.0284 -0.1358 1.2816 36.4661 0.0033 0.0153 0.0010 0.0004 -0.0002 -0.0009 0.0098 0.0629 0.0616
1494806400.0000 91350.0000 -0.6186 -1.0198 -0.1252 1.1979 31.2386 0.0170 0.0041 0.0011 0.0012 -0.0005 -0.0002 0.0111 0.0717 0.0703
1494806400.0000 91650.0000 -0.4000 -1.0167 -0.1052 1.0955 21.4760 0.0044 0.0073 0.0021 -0.0024 -0.0006 -0.0003 0.0069 0.0617 0.0571
1494806400.0000 91950.0000 -0.5470 -1.1403 -0.0882 1.2679 25.6284 0.0112 0.0070 0.0022 0.0041 -0.0021 -0.0001 0.0102 0.0651 0.0616
1494806400.0000 92250.0000 -0.9638 -1.0124 -0.1251 1.4135 43.5916 0.0276 0.0189 0.0014 -0.0204 0.0023 -0.0022 0.0239 0.0900 0.0891
1494806400.0000 92550.0000 -1.2290 -0.8742 -0.1237 1.5115 54.5762 0.0042 0.0144 0.0036 0.0017 -0.0010 -0.0007 0.0111 0.0569 0.0523
1494806400.0000 92850.0000 -1.4483 -0.6849 -0.0913 1.6224 64.6907 0.0219 0.0503 0.0028 -0.0283 0.0009 0.0007 0.0375 0.0985 0.0968
1494806400.0000 93150.0000 -2.1490 -0.3276 -0.0753 2.1817 81.3313 0.1253 0.0443 0.0057 0.0288 -0.0084 -0.0033 0.0877 0.1111 0.1094
1494806400.0000 93450.0000 -2.7714 -0.6075 -0.0879 2.8472 77.6350 0.0264 0.0626 0.0158 0.0098 -0.0001 -0.0016 0.0524 0.0658 0.0607
1494806400.0000 93750.0000 -2.5575 -0.9161 -0.1325 2.7332 70.2922 0.0651 0.0961 0.0411 0.0040 -0.0058 0.0058 0.1012 0.0955 0.0853
1494806400.0000 94050.0000 -2.5985 -1.3342 -0.1420 2.9319 62.8207 0.0898 0.1015 0.0505 0.0442 -0.0127 -0.0019 0.1209 0.0971 0.0864
1494806400.0000 94350.0000 -3.3480 -1.5122 0.0505 3.7145 65.6928 0.1800 0.2484 0.0495 -0.0841 0.0090 -0.0012 0.2389 0.1086 0.1029
1494806400.0000 94650.0000 -3.0363 -0.8631 -0.1928 3.1875 74.1325 0.1109 0.1988 0.1161 0.0032 -0.0054 0.0862 0.2129 0.1191 0.1018
1494806400.0000 94950.0000 -2.6671 -0.9290 -0.1638 2.8394 70.7956 0.0324 0.0888 0.0370 -0.0062 0.0024 0.0056 0.0791 0.0812 0.0712
1494806400.0000 95250.0000 -2.9530 -1.1548 -0.1867 3.1894 68.6411 0.0481 0.1301 0.0395 0.0027 -0.0051 0.0041 0.1089 0.0848 0.0769
1494806400.0000 95550.0000 -2.9883 -1.3710 -0.1995 3.2975 65.3545 0.0523 0.0747 0.0458 0.0082 0.0135 0.0056 0.0864 0.0729 0.0626
1494806400.0000 95850.0000 -3.3845 -1.1397 -0.0511 3.5831 71.3891 0.0781 0.1074 0.0245 0.0307 -0.0067 0.0060 0.1050 0.0741 0.0696
1494806400.0000 96150.0000 -3.2766 -1.2910 -0.0775 3.5333 68.4955 0.0312 0.0810 0.0211 -0.0101 -0.0073 0.0083 0.0667 0.0598 0.0549
1494806400.0000 96450.0000 -3.1933 -0.9830 -0.0847 3.3502 72.8898 0.0548 0.0597 0.0211 -0.0024 -0.0078 0.0081 0.0678 0.0636 0.0585
1494806400.0000 96750.0000 -2.8605 -0.9187 -0.0735 3.0250 72.1946 0.0979 0.1064 0.0594 -0.0347 -0.0206 0.0256 0.1319 0.0987 0.0869
1494806400.0000 97050.0000 -2.8514 -0.9303 -0.0531 3.0209 71.9307 0.0661 0.1350 0.0532 -0.0040 -0.0013 0.0148 0.1271 0.0971 0.0863
1494806400.0000 97350.0000 -3.1599 -1.3671 0.0470 3.4692 66.6045 0.1411 0.2664 0.0548 0.0810 0.0024 -0.0030 0.2312 0.1140 0.1071
1494806400.0000 97650.0000 -3.3037 -1.9366 0.1383 3.8595 59.6211 0.1210 0.2117 0.0512 -0.0485 -0.0029 0.0254 0.1919 0.0933 0.0870
1494806400.0000 97950.0000 -3.2903 -2.0372 0.0919 3.8846 58.2354 0.0783 0.1841 0.0519 0.0439 -0.0212 -0.0240 0.1571 0.0836 0.0764
1494806400.0000 98250.0000 -3.2987 -2.4924 0.0646 4.1662 52.9269 0.1460 0.2740 0.0820 -0.0378 -0.0171 -0.0042 0.2510 0.0989 0.0905
1494806400.0000 98550.0000 -3.4084 -2.5371 0.1790 4.2750 53.3371 0.1228 0.2720 0.0772 0.0007 -0.0089 -0.0003 0.2360 0.0933 0.0854
1494806400.0000 98850.0000 -3.6235 -2.9991 0.3190 4.7292 50.3861 0.3188 0.1767 0.0870 -0.0051 -0.0500 -0.0167 0.2913 0.0935 0.0864
1494806400.0000 99150.0000 -4.1338 -2.5732 0.2327 4.9422 58.0982 0.4253 0.5596 0.2319 -0.1940 -0.0187 -0.0262 0.6084 0.1306 0.1177
1494806400.0000 99450.0000 -3.6677 -2.5332 0.2166 4.5119 55.3682 0.3519 0.3595 0.1862 -0.1353 0.0421 -0.0489 0.4488 0.1226 0.1092
1494806400.0000 99750.0000 -3.7884 -2.8490 0.1018 4.7745 53.0560 0.2429 0.1994 0.0827 -0.1200 -0.0228 0.0258 0.2625 0.0882 0.0810
1494806400.0000 100050.0000 -3.6969 -2.8695 0.3690 4.7235 52.1816 0.4183 0.2027 0.1160 -0.1033 0.0074 -0.0172 0.3685 0.1056 0.0972
1494806400.0000 100350.0000 -4.1941 -2.4561 0.3887 4.8881 59.6458 0.3699 0.1695 0.0780 -0.0327 0.0067 -0.0080 0.3087 0.0930 0.0872
1494806400.0000 100650.0000 -4.4916 -2.3537 0.3635 5.0909 62.3442 0.1250 0.2574 0.0870 0.0425 0.0107 0.0138 0.2347 0.0778 0.0704
1494806400.0000 100950.0000 -4.4376 -2.5868 0.2764 5.1607 59.7609 0.1879 0.2125 0.1784 -0.0444 0.0195 -0.0173 0.2894 0.0854 0.0711
1494806400.0000 101250.0000 -5.0514 -2.7778 0.3035 5.7844 61.1929 0.2661 0.1791 0.0942 -0.0250 -0.0114 0.0038 0.2697 0.0735 0.0668
1494806400.0000 101550.0000 -4.8337 -2.8420 0.2451 5.6386 59.5460 0.3518 0.3690 0.1405 0.0252 0.0204 0.0422 0.4307 0.0955 0.0874
1494806400.0000 101850.0000 -4.9937 -3.1099 0.3051 5.9306 58.0863 0.2755 0.5160 0.1729 -0.1123 -0.0115 0.0108 0.4822 0.0963 0.0873
1494806400.0000 102150.0000 -5.1310 -3.2234 0.1583 6.0773 57.8617 0.1947 0.2170 0.1237 0.0028 0.0384 0.0141 0.2676 0.0697 0.0611
1494806400.0000 102450.0000 -5.0776 -2.7617 0.1212 5.8128 61.4585 0.1338 0.3874 0.2157 -0.0481 -0.0127 0.0240 0.3684 0.0857 0.0721
1494806400.0000 102750.0000 -5.0524 -3.2692 0.1948 6.0193 57.0946 0.0210 0.0201 0.0104 0.0031 0.0027 0.0037 0.0257 0.0218 0.0194
1494806400.0000 103050.0000 -5.0718 -3.2003 0.1315 6.0017 57.7484 0.0700 0.0890 0.0365 0.0358 0.0122 0.0148 0.0977 0.0426 0.0384
1494806400.0000 103350.0000 -4.6103 -3.1675 0.0350 5.5971 55.5091 0.0294 0.0372 0.0237 -0.0038 0.0051 0.0033 0.0451 0.0310 0.0266
1494806400.0000 103650.0000 -4.5443 -3.5074 0.1510 5.7446 52.3380 0.0462 0.0689 0.0312 0.0131 0.0025 0.0072 0.0732 0.0385 0.0341
1494806400.0000 103950.0000 -4.6325 -3.3572 0.0068 5.7305 54.0685 0.0583 0.1838 0.0535 0.0381 -0.0067 -0.0134 0.1478 0.0549 0.0497
1494806400.0000 104250.0000 -4.4338 -3.4128 0.0864 5.6061 52.4135 0.0813 0.1175 0.0461 -0.0179 0.0172 -0.0007 0.1224 0.0510 0.0460
1494806400.0000 104550.0000 -4.3854 -3.2440 0.1311 5.4666 53.5088 0.0498 0.1364 0.0455 -0.0235 0.0009 0.0023 0.1159 0.0509 0.0457
1494806400.0000 104850.0000 -4.6145 -3.0502 0.1337 5.5595 56.5353 0.1732 0.2545 0.1336 -0.0879 -0.0231 0.0334 0.2807 0.0782 0.0683
1494806400.0000 105150.0000 -4.7634 -2.7644 0.2022 5.5169 59.8718 0.0638 0.1125 0.0893 -0.0020 -0.0007 0.0535 0.1328 0.0540 0.0440
1494806400.0000 105450.0000 -4.8597 -3.1762 0.1419 5.8216 56.8321 0.1117 0.1534 0.0798 -0.0508 -0.0148 0.0122 0.1724 0.0584 0.0512
1494806400.0000 105750.0000 -5.0792 -3.3201 0.1193 6.0814 56.8282 0.1416 0.1230 0.0684 -0.0372 0.0059 0.0250 0.1665 0.0549 0.0489
1494806400.0000 106050.0000 -4.9629 -3.5383 0.1093 6.1110 54.5131 0.2399 0.1249 0.1127 -0.0346 0.0202 -0.0065 0.2387 0.0654 0.0572
1494806400.0000 106350.0000 -5.5412 -3.3647 0.1792 6.4994 58.7332 0.1199 0.1970 0.1514 -0.0463 0.0073 0.0502 0.2342 0.0609 0.0501
1494806400.0000 106650.0000 -5.6761 -3.0494 0.1379 6.4569 61.7540 0.0889 0.1801 0.0732 -0.0195 -0.0112 0.0167 0.1711 0.0524 0.0465
1494806400.0000 106950.0000 -5.5199 -3.0128 0.1148 6.2992 61.3741 0.0685 0.1152 0.0455 -0.0329 0.0027 0.0049 0.1146 0.0439 0.0393
1494806400.0000 107250.0000 -5.5639 -2.8733 0.1171 6.2710 62.6872 0.0643 0.1067 0.0697 -0.0178 -0.0017 0.0152 0.1204 0.0452 0.0381
1494806400.0000 107550.0000 -5.4460 -3.2561 0.1897 6.3568 59.1251 0.0859 0.1616 0.0678 -0.0081 0.0016 0.0049 0.1577 0.0511 0.0453
1494806400.0000 107850.0000 -5.5848 -3.4295 0.2098 6.5785 58.4469 0.0954 0.4191 0.1113 0.0189 0.0048 0.0146 0.3129 0.0697 0.0632
1494806400.0000 108150.0000 -5.6698 -3.3125 0.2760 6.5950 59.7050 0.2231 0.3849 0.1572 -0.0283 0.0093 -0.0031 0.3826 0.0768 0.0686
1494806400.0000 108450.0000 -6.1877 -2.9700 0.3426 6.8989 64.3593 0.3029 0.5756 0.2186 0.0820 0.0613 0.0463 0.5486 0.0880 0.0788
1494806400.0000 108750.0000 -6.5122 -2.4352 0.3870 6.9713 69.4969 0.2461 0.2772 0.1440 0.0542 0.0117 0.0510 0.3336 0.0677 0.0601
1494806400.0000 109050.0000 -6.2720 -2.4833 0.2507 6.7632 68.3998 0.2778 0.1587 0.1342 -0.0772 0.0360 0.0134 0.2853 0.0646 0.0565
1494806400.0000 109350.0000 -5.6378 -2.6832 0.0476 6.2755 64.5485 0.5074 0.2725 0.2240 -0.0821 0.0764 0.0155 0.5020 0.0926 0.0817
1494806400.0000 109650.0000 -5.7655 -2.1882 -0.1046 6.2263 69.2166 0.6144 0.7457 0.2406 0.0079 -0.0090 0.0210 0.8004 0.1184 0.1092
1494806400.0000 109950.0000 -5.7731 -2.5034 0.1276 6.3043 66.5569 0.1245 0.1365 0.0788 -0.0169 0.0198 0.0140 0.1699 0.0535 0.0469
1494806400.0000 110250.0000 -5.7906 -2.3057 0.0723 6.2514 68.2888 0.2431 0.2425 0.1388 0.0209 0.0094 0.0325 0.3122 0.0732 0.0645
1494806400.0000 110550.0000 -5.4407 -2.0748 0.0471 5.8452 69.1253 0.1337 0.2409 0.1896 -0.0481 0.0155 0.0475 0.2821 0.0745 0.0607
1494806400.0000 110850.0000 -5.0960 -1.6402 -0.1396 5.3830 72.1590 0.2071 0.3359 0.1871 0.0175 -0.0193 0.0077 0.3651 0.0921 0.0795
1494806400.0000 111150.0000 -5.1500 -2.7033 0.2405 5.8341 62.3046 0.0862 0.2168 0.0947 -0.0177 0.0039 -0.0294 0.1988 0.0625 0.0546
1494806400.0000 111450.0000 -5.0255 -2.7342 0.2227 5.7474 61.4509 0.2060 0.3562 0.2186 0.0352 0.0542 -0.0339 0.3904 0.0891 0.0757
1494806400.0000 111750.0000 -4.5112 -1.9651 0.1299 4.9667 66.4615 0.2215 0.3965 0.2381 -0.0952 0.0471 -0.0526 0.4280 0.1085 0.0922
1494806400.0000 112050.0000 -4.2839 -1.7669 0.0079 4.7230 67.5861 0.7298 0.6981 0.3139 -0.1239 0.0142 -0.0335 0.8709 0.1644 0.1489
1494806400.0000 112350.0000 -4.6476 -1.8942 -0.0332 5.0535 67.8259 0.3371 0.3989 0.2147 0.0794 0.0289 0.0358 0.4754 0.1122 0.0987
1494806400.0000 112650.0000 -3.9742 -1.0666 0.1147 4.1651 74.9775 0.2529 0.4031 0.1902 -0.0626 0.0014 -0.0531 0.4231 0.1290 0.1136
1494806400.0000 112950.0000 -4.1455 -1.6306 0.3130 4.4828 68.5274 0.2515 0.2212 0.1324 -0.0304 0.0596 -0.0135 0.3026 0.1006 0.0891
1494806400.0000 113250.0000 -4.7801 -1.5304 0.0905 5.0476 72.2467 0.1185 0.2810 0.1706 -0.0356 0.0204 0.0160 0.2851 0.0868 0.0727
1494806400.0000 113550.0000 -4.3718 -1.8047 -0.0252 4.7592 67.5695 0.1929 0.2429 0.2768 -0.0657 0.0581 -0.0082 0.3563 0.1030 0.0806
1494806400.0000 113850.0000 -4.2245 -1.7932 0.1366 4.6274 66.9995 0.2386 0.3158 0.1150 -0.0584 0.0092 -0.0230 0.3347 0.1029 0.0937
1494806400.0000 114150.0000 -3.6545 -1.7174 0.2451 4.0680 64.8298 0.2152 0.2365 0.1653 -0.0066 0.0837 -0.0257 0.3085 0.1121 0.0961
1494806400.0000 114450.0000 -3.7867 -1.7112 0.0624 4.1720 65.6819 0.1580 0.1726 0.1012 0.0440 0.0211 -0.0058 0.2159 0.0913 0.0799
1494806400.0000 114750.0000 -3.4274 -1.4931 0.0223 3.7744 66.4599 0.2247 0.2229 0.1260 -0.0661 0.0125 -0.0075 0.2868 0.1170 0.1033
1494806400.0000 115050.0000 -3.9496 -1.7828 0.1905 4.3793 65.7062 0.3234 0.4019 0.2062 -0.0179 -0.0097 0.0367 0.4657 0.1285 0.1135
1494806400.0000 115350.0000 -4.4856 -2.3055 0.3675 5.1071 62.7984 0.5244 0.6662 0.3801 -0.0462 0.0742 0.1380 0.7853 0.1431 0.1249
1494806400.0000 115650.0000 -3.8670 -2.6983 0.6549 4.8514 55.0935 0.7950 1.2528 0.2183 -0.2394 0.0564 -0.0195 1.1330 0.1826 0.1752
1494806400.0000 115950.0000 -4.2126 -2.2849 0.4751 4.8942 61.5251 0.3779 0.9562 0.2088 -0.2273 0.0342 0.0275 0.7714 0.1489 0.1391
1494806400.0000 116250.0000 -4.2554 -2.3445 0.5940 4.9569 61.1471 0.5149 0.9702 0.1677 -0.1155 0.0553 -0.0288 0.8264 0.1516 0.1448
1494806400.0000 116550.0000 -4.4135 -2.7603 0.6117 5.2864 57.9766 0.3861 1.1104 0.2388 0.1177 0.0534 -0.0315 0.8676 0.1451 0.1357
1494806400.0000 116850.0000 -4.5862 -2.8865 0.6835 5.4947 57.8143 0.6312 0.8465 0.2940 -0.0549 0.1033 -0.0572 0.8858 0.1407 0.1295
1494806400.0000 117150.0000 -4.7380 -2.2812 0.5797 5.3103 64.2907 0.4583 0.5324 0.2786 -0.0232 0.0587 0.0107 0.6346 0.1230 0.1093
1494806400.0000 117450.0000 -4.2561 -2.1874 0.4302 4.8452 62.7995 0.3425 0.5656 0.1977 -0.0540 0.0254 0.0345 0.5529 0.1264 0.1150
1494806400.0000 117750.0000 -3.7635 -1.8782 0.4032 4.3029 63.4777 0.2795 0.9675 0.1879 -0.0049 0.0723 0.0260 0.7174 0.1637 0.1533
1494806400.0000 118050.0000 -4.2908 -1.7576 0.3102 4.7040 67.7251 0.5312 0.5267 0.2737 -0.1391 0.0724 0.0521 0.6658 0.1434 0.1281
1494806400.0000 118350.0000 -4.8859 -2.1899 0.3183 5.4738 65.8580 0.6143 1.0445 0.2848 -0.4396 0.0693 -0.0271 0.9718 0.1501 0.1389
1494806400.0000 118650.0000 -5.1426 -2.1640 0.4061 5.6370 67.1792 0.3684 0.7001 0.2158 0.0313 0.0098 0.0093 0.6422 0.1170 0.1070
1494806400.0000 118950.0000 -4.8689 -3.3180 0.2719 5.9212 55.7269 0.3492 0.3266 0.2267 -0.0026 -0.0445 -0.0282 0.4513 0.0930 0.0806
1494806400.0000 119250.0000 -4.1423 -3.1274 0.4661 5.2309 52.9476 0.4855 0.4056 0.2491 0.0340 0.0424 -0.0116 0.5701 0.1183 0.1050
1494806400.0000 119550.0000 -4.3083 -2.3421 0.6401 4.9661 61.4703 0.7057 0.7688 0.2582 0.1990 0.0824 0.0341 0.8664 0.1537 0.1430
1494806400.0000 119850.0000 -4.6004 -2.6984 0.3105 5.3746 59.6063 0.2761 0.4397 0.2012 -0.0604 0.0138 -0.0221 0.4585 0.1035 0.0916
1494806400.0000 120150.0000 -4.2643 -2.5980 0.4206 5.0843 58.6486 0.3765 0.8783 0.2728 -0.1956 0.0593 -0.0348 0.7638 0.1424 0.1295
1494806400.0000 120450.0000 -4.0811 -2.8731 0.4605 5.0518 54.8545 0.6590 0.5550 0.2477 0.0055 0.1626 -0.0161 0.7308 0.1393 0.1275
1494806400.0000 120750.0000 -4.6887 -3.0433 0.2987 5.6205 57.0133 0.4098 0.4229 0.2112 0.0790 -0.0116 -0.0194 0.5219 0.1054 0.0943
1494806400.0000 121050.0000 -4.5489 -2.8423 0.2066 5.4314 58.0016 0.4787 0.5940 0.1958 -0.1712 0.0390 -0.0890 0.6342 0.1211 0.1115
1494806400.0000 121350.0000 -4.4699 -3.1606 0.3550 5.5331 54.7371 0.4991 0.7941 0.2903 0.0689 0.0550 0.0753 0.7918 0.1324 0.1199
1494806400.0000 121650.0000 -4.8731 -3.6582 0.4176 6.1406 53.1048 0.4582 0.5422 0.1955 -0.0537 0.0361 -0.0229 0.5979 0.1034 0.0948
1494806400.0000 121950.0000 -4.2363 -2.8590 0.4249 5.1719 55.9858 0.3777 0.6492 0.1959 -0.0280 0.0581 0.0474 0.6114 0.1245 0.1145
1494806400.0000 122250.0000 -4.3002 -2.2124 0.4796 4.8806 62.7747 0.4446 0.4329 0.1942 0.0176 -0.0092 -0.0145 0.5358 0.1230 0.1118
1494806400.0000 122550.0000 -3.4784 -3.0440 0.4950 4.6859 48.8100 0.5137 0.6684 0.2487 0.0354 0.0648 -0.0884 0.7154 0.1486 0.1358
1494806400.0000 122850.0000 -3.4452 -2.5399 0.3747 4.3726 53.6015 0.4448 0.7705 0.2251 -0.1288 0.0012 -0.0193 0.7202 0.1613 0.1487
1494806400.0000 123150.0000 -2.7908 -3.2636 0.6076 4.3613 40.5346 0.5032 0.6609 0.2105 0.0117 -0.0216 0.0317 0.6873 0.1561 0.1451
1494806400.0000 123450.0000 -3.0936 -2.7639 0.4706 4.1933 48.2216 0.3270 0.3676 0.1895 -0.0171 0.0233 0.0551 0.4420 0.1300 0.1160
1494806400.0000 123750.0000 -2.9038 -2.3497 0.5415 3.8288 51.0209 0.7352 0.8018 0.2921 0.1173 -0.0292 -0.0241 0.9146 0.2069 0.1916
1494806400.0000 124050.0000 -3.2283 -1.4848 0.5144 3.7018 65.3009 0.9164 0.8018 0.1965 -0.2772 -0.0777 0.0793 0.9573 0.2225 0.2130
1494806400.0000 124350.0000 -3.2728 -2.4840 0.5436 4.2056 52.8025 0.5319 0.9205 0.2106 0.0124 0.0413 -0.0431 0.8315 0.1796 0.1693
1494806400.0000 124650.0000 -3.1985 -2.2861 0.4456 4.0220 54.4453 1.3298 0.7175 0.2864 0.2679 -0.2239 -0.0457 1.1668 0.2229 0.2101
1494806400.0000 124950.0000 -2.8947 -1.7020 0.4746 3.4713 59.5466 0.6078 0.9467 0.2222 0.0976 -0.0452 -0.0595 0.8883 0.2269 0.2144
1494806400.0000 125250.0000 -3.3466 -0.6564 0.5044 3.5395 78.9034 0.8731 0.7389 0.2035 -0.3061 0.0420 -0.0404 0.9078 0.2257 0.2149
1494806400.0000 125550.0000 -3.2637 -1.3856 0.4560 3.7040 66.9972 1.1701 0.7517 0.3378 -0.4140 -0.2094 0.1803 1.1298 0.2428 0.2257
1494806400.0000 125850.0000 -2.5076 -1.7324 0.6751 3.1332 55.3617 1.3294 0.8468 0.2192 0.5493 -0.0559 -0.0576 1.1977 0.2862 0.2794
1494806400.0000 126150.0000 -2.3550 -0.5632 0.5513 2.5419 76.5515 1.2547 0.5015 0.1520 -0.0038 -0.0020 -0.0217 0.9541 0.3211 0.3160
1494806400.0000 126450.0000 -3.6017 -1.1523 0.6498 3.9677 72.2582 1.1535 1.5716 0.2908 0.0898 0.0373 -0.1288 1.5080 0.2613 0.2520
1494806400.0000 126750.0000 -2.7182 -1.5601 0.6407 3.2894 60.1463 0.7298 0.9038 0.1994 -0.1757 0.0288 0.0443 0.9165 0.2444 0.2355
1494806400.0000 127050.0000 -3.1047 -1.4244 0.5363 3.5693 65.3554 1.0588 0.9625 0.3177 -0.0428 0.0196 -0.0805 1.1695 0.2554 0.2403
1494806400.0000 127350.0000 -2.5785 -1.4808 0.5420 3.2294 60.1317 1.4573 1.6226 0.3323 0.1851 0.1923 -0.2648 1.7060 0.3529 0.3408
1494806400.0000 127650.0000 -2.5102 -1.1946 0.4582 3.0644 64.5502 2.0158 0.9149 0.2836 -0.6976 0.0768 0.0725 1.6072 0.3674 0.3555
1494806400.0000 127950.0000 -3.2937 -0.3241 0.4224 3.4207 84.3804 0.9593 0.6447 0.2219 -0.2774 -0.0085 -0.0787 0.9130 0.2338 0.2209
1494806400.0000 128250.0000 -3.2998 -0.5638 0.3819 3.3887 80.3035 0.6245 0.2613 0.1721 0.0027 -0.0764 0.0009 0.5289 0.1762 0.1623
1494806400.0000 128550.0000 -2.0790 -0.7714 0.0794 2.4627 69.6437 1.1421 1.0300 0.3182 -0.3392 -0.0835 -0.0880 1.2451 0.4106 0.3837
1494806400.0000 128850.0000 -3.8220 0.2001 0.4229 3.9561 92.9969 0.6783 1.0372 0.2830 0.2391 -0.0911 -0.1768 0.9992 0.2120 0.1976
1494806400.0000 129150.0000 -2.8807 -0.4459 0.4124 3.0662 81.2011 0.7940 0.9892 0.2217 0.1839 -0.0619 -0.2240 1.0024 0.2777 0.2645
1494806400.0000 129450.0000 -1.0415 -1.8475 0.5284 2.2479 29.4131 0.5497 0.5228 0.1873 -0.0122 0.0598 0.1022 0.6299 0.2965 0.2819
1494806400.0000 129750.0000 -1.7720 -0.2764 0.2545 1.9520 81.1339 0.8540 0.4996 0.2356 -0.1575 -0.0363 -0.0681 0.7946 0.4018 0.3746
1494806400.0000 130050.0000 -3.1122 -0.1062 0.3624 3.1769 88.0454 1.2097 0.3477 0.1523 -0.2474 0.0025 -0.0076 0.8548 0.2408 0.2314
1494806400.0000 130350.0000 -3.0065 -0.1967 0.3310 3.0849 86.2562 0.7132 0.4115 0.1327 -0.0611 0.0387 -0.0243 0.6286 0.2136 0.2032
1494806400.0000 130650.0000 -2.9784 0.1526 0.2471 3.0584 92.9332 0.4428 0.4325 0.1291 -0.0590 0.0373 -0.0244 0.5022 0.1934 0.1811
1494806400.0000 130950.0000 -2.0860 -0.7980 0.5326 2.4131 69.0666 1.0947 0.8148 0.1925 0.1355 0.1324 -0.0302 1.0510 0.3646 0.3572
1494806400.0000 131250.0000 -2.3500 -0.3787 0.2302 2.4408 80.8445 0.3595 0.2919 0.1505 -0.0387 -0.0081 -0.0246 0.4009 0.2162 0.1958
1494806400.0000 131550.0000 -2.1157 -1.6000 0.4098 2.7331 52.9008 0.5284 0.5260 0.2259 0.1316 0.0063 -0.0634 0.6401 0.2434 0.2235
1494806400.0000 131850.0000 -1.4814 -0.3258 0.3955 1.7667 77.5964 0.3711 0.9309 0.2357 0.3694 -0.0943 -0.2329 0.7688 0.4567 0.4343
1494806400.0000 132150.0000 -1.7370 0.5897 0.2140 2.0006 108.7515 0.5353 0.7251 0.1697 -0.1892 0.0536 -0.1131 0.7150 0.3739 0.3534
1494806400.0000 132450.0000 -2.0766 -0.0158 0.3604 2.1588 89.5644 0.9016 0.3071 0.1491 -0.0504 0.1017 -0.0002 0.6789 0.3192 0.3057
1494806400.0000 132750.0000 -1.0146 -0.2148 0.1094 1.1663 78.0463 0.7590 0.2774 0.1639 0.2382 -0.0723 0.0344 0.6001 0.6066 0.5668
1494806400.0000 133050.0000 -1.8904 -1.1379 0.5011 2.3147 58.9544 0.6583 0.2496 0.1293 -0.0855 0.0681 0.0098 0.5186 0.2599 0.2493
1494806400.0000 133350.0000 -1.9395 -1.6716 0.2972 2.6234 49.2440 0.4622 0.2635 0.2192 0.0470 -0.0107 -0.0205 0.4725 0.2177 0.1921
1494806400.0000 133650.0000 -1.5062 -0.7190 0.3135 1.7700 64.4824 0.2183 0.3227 0.1272 -0.0895 0.0325 0.0087 0.3341 0.2779 0.2544
1494806400.0000 133950.0000 -1.3039 0.3071 0.1003 1.4297 103.2533 0.2626 0.2411 0.2782 -0.0003 -0.0271 -0.0429 0.3909 0.3800 0.3059
1494806400.0000 134250.0000 -0.5700 -0.3889 0.0095 1.1170 55.6956 0.3582 0.9334 0.2663 0.2253 -0.0514 -0.2118 0.7790 1.0443 0.9510
1494806400.0000 134550.0000 -1.2568 -0.4427 0.3730 1.5160 70.5941 1.0174 0.3385 0.1519 0.1043 -0.0953 0.0122 0.7540 0.5124 0.5045
1494806400.0000 134850.0000 -1.7988 -1.1572 0.3192 2.2754 57.2463 0.4715 0.6172 0.3293 -0.0485 0.0771 -0.0212 0.7089 0.3179 0.2816
1494806400.0000 135150.0000 -1.3856 -0.9696 0.3632 1.8584 55.0174 0.5682 0.5206 0.1497 -0.0645 -0.0959 0.0913 0.6193 0.3715 0.3562
1494806400.0000 135450.0000 -1.2594 0.1136 0.0064 1.4486 95.1553 0.4795 0.5357 0.3386 0.0802 -0.1419 -0.0410 0.6769 0.5312 0.4600
1494806400.0000 135750.0000 -0.6157 -1.0528 0.3847 1.3806 30.3188 0.4146 0.5803 0.1161 0.0886 -0.0304 -0.0247 0.5555 0.4758 0.4722
1494806400.0000 136050.0000 -1.1736 -1.4522 0.1805 1.9536 38.9420 0.3325 0.4554 0.1675 0.1053 -0.0271 0.0354 0.4777 0.3008 0.2745
1494806400.0000 136350.0000 -1.5136 -1.3578 0.2430 2.2242 48.1059 1.1891 0.5788 0.2005 0.0113 -0.0948 -0.0122 0.9842 0.3955 0.3775
1494806400.0000 136650.0000 -2.8807 -0.7032 0.3523 3.2431 76.2826 0.9226 1.5371 0.2142 -0.3862 -0.0013 -0.1596 1.3370 0.3162 0.3054
1494806400.0000 136950.0000 -2.0052 -0.9868 0.2013 2.3756 63.7986 0.6707 0.8698 0.1552 0.2428 -0.0380 -0.1365 0.8478 0.3350 0.3206
1494806400.0000 137250.0000 -2.4112 -1.8406 0.4104 3.1089 52.6441 0.7582 0.2887 0.1972 0.0422 -0.0771 -0.0875 0.6220 0.2104 0.1947
1494806400.0000 137550.0000 -2.7799 -0.9140 0.4498 2.9823 71.8002 0.2515 0.4117 0.1200 0.0855 -0.0126 -0.0629 0.3916 0.1726 0.1607
1494806400.0000 137850.0000 -1.7584 0.4974 0.0122 2.0081 105.7939 0.9308 0.4445 0.2014 0.1251 0.0295 -0.0407 0.7883 0.3967 0.3705
1494806400.0000 138150.0000 -1.2838 0.2320 0.3778 1.5114 100.2422 0.3303 0.5351 0.2497 -0.0024 0.1240 -0.0652 0.5575 0.4489 0.4117
1494806400.0000 138450.0000 -1.9528 0.2357 0.1745 2.0869 96.8815 0.6923 0.5697 0.2698 -0.2831 0.0497 -0.1325 0.7659 0.3619 0.3297
1494806400.0000 138750.0000 -2.6148 0.4674 0.2300 2.8005 100.1346 1.4601 0.5510 0.2269 0.0555 -0.0690 -0.1327 1.1190 0.3239 0.3082
1494806400.0000 139050.0000 -2.4321 -0.1257 -0.0711 2.4685 87.0420 1.1235 0.1227 0.1283 -0.0115 -0.1485 0.0174 0.6872 0.2778 0.2646
1494806400.0000 139350.0000 -2.2279 0.0537 0.2734 2.3153 91.3798 0.6248 0.4215 0.1584 -0.1218 0.0415 -0.0192 0.6024 0.2822 0.2650
1494806400.0000 139650.0000 -3.0060 0.3917 0.3555 3.1040 97.4233 0.2791 0.4555 0.1254 -0.1043 0.0300 -0.0116 0.4300 0.1754 0.1632
1494806400.0000 139950.0000 -1.6268 0.0757 0.0320 1.7031 92.6647 0.3262 0.2446 0.0845 0.0561 0.0530 -0.0210 0.3277 0.2869 0.2678
1494806400.0000 140250.0000 -1.0818 -0.1831 -0.0904 1.2039 80.3928 0.2496 0.2283 0.0989 0.0171 0.0099 -0.0812 0.2884 0.3983 0.3638
1494806400.0000 140550.0000 -1.4432 -0.2512 0.2082 1.5364 80.1258 0.4258 0.1499 0.0804 -0.0817 -0.0549 0.0021 0.3280 0.3160 0.2990
1494806400.0000 140850.0000 -1.6200 -0.8969 0.2354 1.8978 61.0294 0.1743 0.1418 0.0520 -0.0216 0.0035 0.0301 0.1841 0.1877 0.1753
1494806400.0000 141150.0000 -1.3737 -1.0615 0.2983 1.8133 52.3046 0.1698 0.3625 0.0793 0.0594 0.0431 0.0055 0.3058 0.2563 0.2426
1494806400.0000 141450.0000 -1.3747 -0.3990 0.3065 1.4848 73.8136 0.1892 0.1441 0.0655 -0.0002 -0.0028 0.0104 0.1994 0.2490 0.2328
1494806400.0000 141750.0000 -0.9014 -0.2126 0.2923 1.0119 76.7311 0.1200 0.1699 0.0625 0.0024 0.0081 0.0104 0.1762 0.3529 0.3356
1494806400.0000 142050.0000 -1.8731 -0.7758 0.3740 2.0875 67.5018 0.4827 0.2546 0.1007 0.0581 0.0079 -0.0114 0.4190 0.2564 0.2445
1494806400.0000 142350.0000 -2.0490 -0.6643 0.3099 2.2613 72.0364 0.2324 0.4107 0.0693 -0.1518 -0.0000 0.0379 0.3562 0.2239 0.2149
1494806400.0000 142650.0000 -1.0180 -0.8353 0.0817 1.3676 50.6311 0.4815 0.2631 0.0892 0.2838 -0.0427 -0.0099 0.4169 0.3996 0.3783
1494806400.0000 142950.0000 -1.0995 -1.5455 0.2701 2.0744 35.4285 0.4403 0.6153 0.1363 -0.2518 -0.0765 0.0255 0.5960 0.3290 0.3127
1494806400.0000 143250.0000 -0.3299 -1.0560 -0.1082 1.2165 17.3482 0.2153 0.3051 0.1537 0.0143 0.0570 0.0085 0.3371 0.4264 0.3765
1494806400.0000 143550.0000 -0.9104 0.8828 0.1087 1.3754 134.1193 0.3735 0.2234 0.1179 -0.0169 -0.0231 0.0004 0.3574 0.3835 0.3518
1494806400.0000 143850.0000 -0.7660 -0.1688 0.0590 1.1854 77.5748 0.2269 0.7905 0.1780 0.1259 -0.0159 -0.2105 0.5977 0.8025 0.7425
1494806400.0000 144150.0000 -0.4552 -1.4411 0.2126 1.6867 17.5305 0.4608 0.2779 0.0926 -0.1731 -0.0785 0.0455 0.4157 0.3449 0.3283
1494806400.0000 144450.0000 -0.3572 -1.6714 0.0201 1.7685 12.0644 0.2096 0.1871 0.1114 0.0177 0.0143 0.0212 0.2540 0.2408 0.2128
1494806400.0000 144750.0000 -0.6346 -1.1599 -0.0967 1.4227 28.6841 0.4033 0.2395 0.0933 0.1499 -0.0201 -0.0018 0.3681 0.3737 0.3501
1494806400.0000 145050.0000 -0.0979 -0.4963 -0.1094 0.5654 11.1569 0.0534 0.1183 0.0449 0.0376 0.0004 -0.0025 0.1083 0.5192 0.4730
1494806400.0000 145350.0000 -0.8812 -0.3757 0.3294 1.1814 66.9077 0.6679 0.4586 0.1133 0.0430 0.0095 0.0102 0.6199 0.6346 0.6397
1494806400.0000 145650.0000 -2.7432 -0.6566 0.2981 2.8624 76.5399 0.2958 0.2217 0.1228 -0.0032 0.0600 -0.0132 0.3202 0.1629 0.1472
1494806400.0000 145950.0000 -2.2006 -1.8484 0.3802 2.9826 49.9710 0.1850 0.7517 0.0998 -0.1392 0.0286 -0.0567 0.5182 0.2028 0.1944
1494806400.0000 146250.0000 -1.0595 -1.8940 0.3359 2.2159 29.2218 0.2094 0.2200 0.0495 0.0241 0.0112 0.0160 0.2395 0.1819 0.1743
1494806400.0000 146550.0000 -2.0297 -1.3103 0.0983 2.4472 57.1562 0.0967 0.2043 0.1118 0.0246 -0.0244 0.0020 0.2064 0.1534 0.1311
1494806400.0000 146850.0000 -0.9824 -0.5483 0.1274 1.3354 60.8343 0.3443 0.3264 0.0498 -0.1835 0.0041 0.0304 0.3603 0.4329 0.4203
1494806400.0000 147150.0000 -0.0336 -1.2122 0.0177 1.2798 1.5875 0.1662 0.1833 0.1361 -0.0561 -0.0031 0.0016 0.2428 0.3317 0.2815
1494806400.0000 147450.0000 -0.7726 -0.6730 0.0923 1.0625 48.9403 0.0658 0.1107 0.0488 0.0243 0.0014 0.0099 0.1127 0.2664 0.2367
1494806400.0000 147750.0000 -0.8800 -0.3968 -0.0441 0.9896 65.7277 0.0840 0.0442 0.0599 0.0064 -0.0121 0.0025 0.0941 0.2591 0.2141
1494806400.0000 148050.0000 -0.4152 -0.3043 -0.2632 0.6510 53.7578 0.1648 0.1614 0.0797 0.1208 -0.0272 -0.0035 0.2029 0.6362 0.6405
1494806400.0000 148350.0000 -0.6641 -0.9505 0.1950 1.2253 34.9416 0.1095 0.2296 0.0577 -0.0017 -0.0090 0.0087 0.1984 0.3093 0.2899
1494806400.0000 148650.0000 -0.0331 -0.8733 -0.1120 0.9083 2.1695 0.0610 0.0862 0.0836 0.0092 0.0018 -0.0169 0.1154 0.3148 0.2535
1494806400.0000 148950.0000 0.2145 -1.0263 -0.0229 1.1413 348.1971 0.1860 0.1969 0.0624 0.0590 -0.0506 -0.0045 0.2227 0.3674 0.3408
1494806400.0000 149250.0000 -0.5007 -1.7744 0.0551 1.8572 15.7571 0.0389 0.0691 0.0201 -0.0118 0.0083 -0.0050 0.0640 0.1120 0.1029
1494806400.0000 149550.0000 -0.2132 -1.6796 0.2156 1.7546 7.2331 0.2029 0.1486 0.0628 -0.0125 -0.0330 0.0226 0.2071 0.2177 0.2022
1494806400.0000 149850.0000 -0.1210 -2.1819 0.1480 2.2237 3.1729 0.1461 0.4183 0.0635 0.0790 -0.0246 0.0028 0.3139 0.2089 0.1985
1494806400.0000 150150.0000 -0.2125 -1.7423 0.0804 1.7866 6.9528 0.1020 0.1096 0.0346 0.0089 0.0171 0.0025 0.1231 0.1631 0.1513
1494806400.0000 150450.0000 -0.2382 -2.2519 0.1389 2.3063 6.0381 0.1878 0.0881 0.0412 -0.0017 -0.0345 0.0090 0.1585 0.1433 0.1339
1494806400.0000 150750.0000 -0.3532 -2.1747 0.1290 2.2303 9.2261 0.1250 0.0724 0.0248 0.0150 -0.0010 0.0039 0.1111 0.1233 0.1164
1494806400.0000 151050.0000 -0.4247 -2.2080 0.1469 2.2710 10.8880 0.1045 0.1016 0.0269 0.0058 -0.0007 -0.0097 0.1165 0.1237 0.1166
