1494720000.0000 150.0000 -0.9117 0.9130 -0.0767 1.2928 135.0406 0.0098 0.0141 0.0055 -0.0056 -0.0000 -0.0007 0.0147 0.0766 0.0692
1494720000.0000 450.0000 -0.8597 0.6930 -0.0262 1.1182 128.8732 0.0363 0.0687 0.0197 -0.0248 0.0086 -0.0053 0.0624 0.1846 0.1695
1494720000.0000 750.0000 -0.8342 0.3219 -0.0205 0.9113 111.0976 0.0325 0.0306 0.0254 0.0018 0.0043 -0.0089 0.0443 0.1921 0.1623
1494720000.0000 1050.0000 -0.9250 0.4075 0.0042 1.0301 113.7745 0.0742 0.0453 0.0336 -0.0144 0.0145 -0.0105 0.0765 0.2235 0.1974
1494720000.0000 1350.0000 -0.5778 0.6180 -0.0489 0.8599 136.9222 0.0341 0.0340 0.0081 -0.0113 0.0056 -0.0028 0.0381 0.1881 0.1782
1494720000.0000 1650.0000 -0.6563 0.7964 -0.0462 1.0695 140.5089 0.0435 0.0562 0.0093 0.0292 0.0002 -0.0038 0.0545 0.1845 0.1767
1494720000.0000 1950.0000 -0.7946 0.8307 -0.0760 1.1699 136.2722 0.0235 0.0616 0.0114 0.0036 0.0043 -0.0017 0.0483 0.1558 0.1466
1494720000.0000 2250.0000 -1.0821 0.7584 -0.0903 1.3636 125.0252 0.0677 0.0929 0.0280 0.0334 0.0167 -0.0074 0.0943 0.1893 0.1751
1494720000.0000 2550.0000 -0.6236 0.6830 -0.0491 0.9626 137.6048 0.0598 0.0418 0.0180 0.0239 0.0104 -0.0008 0.0598 0.2156 0.1990
1494720000.0000 2850.0000 -0.8041 0.6509 -0.0482 1.0524 128.9911 0.0220 0.0353 0.0132 0.0063 0.0043 -0.0046 0.0352 0.1480 0.1336
1494720000.0000 3150.0000 -0.7171 0.2927 0.0101 0.7972 112.2070 0.0220 0.0346 0.0129 0.0063 0.0023 -0.0021 0.0348 0.1965 0.1773
1494720000.0000 3450.0000 -0.7236 0.5026 -0.0666 0.8966 124.7814 0.0257 0.0304 0.0141 -0.0009 0.0075 -0.0057 0.0351 0.1731 0.1551
1494720000.0000 3750.0000 -0.8060 0.5782 -0.0405 1.0107 125.6558 0.0237 0.0711 0.0126 -0.0181 0.0047 -0.0113 0.0537 0.1905 0.1791
1494720000.0000 4050.0000 -0.8146 0.4914 -0.0441 0.9696 121.1013 0.0345 0.0318 0.0193 0.0023 0.0060 -0.0030 0.0428 0.1774 0.1563
1494720000.0000 4350.0000 -0.7683 0.5650 -0.1219 0.9646 126.3316 0.0158 0.0236 0.0093 -0.0007 0.0048 -0.0012 0.0244 0.1325 0.1201
1494720000.0000 4650.0000 -0.6345 0.3323 -0.0537 0.7302 117.6459 0.0269 0.0196 0.0112 -0.0015 0.0067 -0.0048 0.0289 0.1931 0.1739
1494720000.0000 4950.0000 -0.5054 0.4117 -0.0107 0.6612 129.1619 0.0144 0.0206 0.0076 -0.0062 0.0041 -0.0039 0.0213 0.1829 0.1659
1494720000.0000 5250.0000 -0.5164 0.2936 -0.0557 0.6060 119.6216 0.0092 0.0148 0.0082 0.0011 0.0023 -0.0015 0.0161 0.1736 0.1505
1494720000.0000 5550.0000 -0.3940 0.1222 0.0133 0.4482 107.2251 0.0377 0.0336 0.0076 -0.0261 0.0016 -0.0033 0.0395 0.3931 0.3739
1494720000.0000 5850.0000 0.1862 -0.1100 0.0046 0.2573 300.5813 0.0136 0.0146 0.0017 0.0033 0.0018 0.0010 0.0150 0.4618 0.4483
1494720000.0000 6150.0000 -0.1686 0.1827 -0.0039 0.3002 137.3064 0.0234 0.0141 0.0017 -0.0014 0.0024 0.0008 0.0195 0.4592 0.4494
1494720000.0000 6450.0000 -0.2551 0.1055 0.0105 0.3562 112.4798 0.0179 0.0435 0.0077 0.0186 0.0038 -0.0028 0.0345 0.5494 0.5183
1494720000.0000 6750.0000 -0.2167 0.0545 -0.0002 0.2897 104.1255 0.0032 0.0337 0.0032 0.0027 0.0005 -0.0009 0.0201 0.5176 0.4963
1494720000.0000 7050.0000 0.1472 0.1552 0.0134 0.2897 223.4876 0.0200 0.0270 0.0022 -0.0162 0.0025 -0.0028 0.0246 0.5979 0.5852
1494720000.0000 7350.0000 -0.2015 0.1058 -0.0105 0.2656 117.7078 0.0081 0.0154 0.0018 0.0037 -0.0001 -0.0017 0.0126 0.4030 0.3888
1494720000.0000 7650.0000 0.0031 0.0767 0.0448 0.4009 182.3078 0.1012 0.0954 0.0059 0.0842 -0.0050 -0.0062 0.1012 2.9239 3.3354
1494720000.0000 7950.0000 -0.1931 0.2326 -0.0109 0.3355 140.3027 0.0081 0.0268 0.0047 0.0073 -0.0006 -0.0074 0.0198 0.3798 0.3567
1494720000.0000 8250.0000 -0.4299 0.5377 -0.0390 0.7138 141.3578 0.0096 0.0494 0.0034 0.0096 -0.0003 -0.0046 0.0313 0.2094 0.2039
1494720000.0000 8550.0000 -0.4227 0.1435 0.0024 0.4608 108.7585 0.0362 0.0163 0.0058 -0.0111 0.0018 -0.0034 0.0292 0.3125 0.2965
1494720000.0000 8850.0000 -0.2164 0.1014 0.0440 0.4661 115.1011 0.1415 0.0418 0.0047 0.0508 -0.0040 -0.0076 0.0940 1.0301 1.0344
1494720000.0000 9150.0000 -0.0220 0.2151 0.0165 0.3201 174.1539 0.0410 0.0431 0.0046 0.0349 0.0076 0.0062 0.0443 0.7929 0.7742
1494720000.0000 9450.0000 -0.0550 0.0698 0.0344 0.3733 141.7513 0.0906 0.0618 0.0058 0.0283 -0.0095 -0.0028 0.0791 2.4094 2.5361
1494720000.0000 9750.0000 -0.2795 0.1029 -0.0142 0.4014 110.2173 0.0802 0.0353 0.0060 -0.0251 -0.0098 0.0007 0.0607 0.6748 0.6586
1494720000.0000 10050.0000 -0.6263 0.5534 -0.0170 0.9173 131.4633 0.1096 0.0626 0.0077 0.0588 -0.0080 -0.0141 0.0899 0.2929 0.2866
1494720000.0000 10350.0000 -0.4161 0.4185 0.0356 0.7133 135.1652 0.0927 0.1553 0.0255 0.0495 -0.0117 -0.0257 0.1367 0.5107 0.4871
1494720000.0000 10650.0000 -0.3478 0.0983 0.0153 0.4212 105.7831 0.0542 0.0353 0.0083 -0.0094 0.0034 0.0015 0.0489 0.4990 0.4778
1494720000.0000 10950.0000 -0.0244 0.0721 0.0025 0.4143 161.3017 0.0802 0.1252 0.0093 0.0653 0.0001 -0.0061 0.1073 3.5128 3.4377
1494720000.0000 11250.0000 -0.3144 0.5355 -0.0302 0.6287 149.5818 0.0117 0.0256 0.0021 -0.0050 0.0020 -0.0029 0.0197 0.1845 0.1796
1494720000.0000 11550.0000 -0.6268 0.1624 0.0323 0.6970 104.5269 0.0242 0.0588 0.0131 0.0193 -0.0017 -0.0115 0.0480 0.2760 0.2568
1494720000.0000 11850.0000 -0.3719 0.6414 -0.0531 0.7584 149.8935 0.0305 0.0538 0.0060 -0.0162 -0.0012 0.0008 0.0451 0.2334 0.2260
1494720000.0000 12150.0000 -0.6571 0.4027 0.0191 0.7895 121.5015 0.0213 0.0284 0.0125 0.0051 0.0026 -0.0040 0.0310 0.1866 0.1669
1494720000.0000 12450.0000 -0.1818 0.1200 0.0548 0.4474 123.4264 0.1676 0.0247 0.0146 -0.0250 0.0031 -0.0053 0.1034 1.1687 1.1620
1494720000.0000 12750.0000 0.6994 -0.4180 0.0241 0.8266 300.8658 0.0239 0.0231 0.0097 -0.0027 0.0016 0.0012 0.0284 0.1687 0.1536
1494720000.0000 13050.0000 0.6775 -0.4925 0.0008 0.8706 306.0152 0.0433 0.0415 0.0149 0.0169 -0.0070 -0.0001 0.0498 0.2175 0.2006
1494720000.0000 13350.0000 0.3235 -0.3608 0.0095 0.5053 318.1182 0.0124 0.0235 0.0082 0.0035 -0.0014 0.0039 0.0220 0.2499 0.2256
1494720000.0000 13650.0000 0.3580 -0.4167 0.0427 0.5777 319.3354 0.0576 0.0186 0.0043 -0.0159 -0.0055 0.0017 0.0402 0.2971 0.2900
1494720000.0000 13950.0000 0.0843 0.0152 0.0122 0.1445 259.7571 0.0089 0.0083 0.0030 0.0017 -0.0003 0.0009 0.0101 0.9485 0.8834
1494720000.0000 14250.0000 -0.2725 0.4082 -0.0345 0.4952 146.2749 0.0206 0.0253 0.0018 -0.0198 0.0017 -0.0013 0.0238 0.2561 0.2519
1494720000.0000 14550.0000 -0.4284 0.3564 -0.0091 0.5815 129.7514 0.0057 0.0485 0.0025 -0.0082 0.0011 -0.0051 0.0284 0.2468 0.2414
1494720000.0000 14850.0000 -0.3287 0.1441 0.0076 0.3650 113.6690 0.0102 0.0043 0.0035 -0.0013 -0.0014 0.0007 0.0090 0.2162 0.1942
1494720000.0000 15150.0000 -0.5135 0.0490 0.0269 0.5222 95.4512 0.0071 0.0065 0.0040 -0.0009 0.0012 -0.0023 0.0088 0.1487 0.1309
1494720000.0000 15450.0000 -0.4166 0.1028 0.0001 0.4516 103.8580 0.0230 0.0146 0.0039 0.0091 -0.0026 -0.0028 0.0207 0.2740 0.2610
1494720000.0000 15750.0000 -0.3343 0.3474 0.0180 0.4966 136.0973 0.0228 0.0127 0.0046 -0.0051 0.0047 -0.0014 0.0201 0.2398 0.2256
1494720000.0000 16050.0000 -0.5174 0.2285 -0.0026 0.5938 113.8294 0.0588 0.0136 0.0090 0.0093 0.0071 -0.0030 0.0407 0.2913 0.2748
1494720000.0000 16350.0000 -0.4142 0.3190 -0.0160 0.5627 127.6017 0.0423 0.0240 0.0076 0.0078 0.0052 -0.0056 0.0369 0.3000 0.2843
1494720000.0000 16650.0000 -0.1155 -0.1751 0.0408 0.4778 33.3995 0.0856 0.1288 0.0167 -0.0872 0.0238 -0.0309 0.1156 1.2988 1.2744
1494720000.0000 16950.0000 -0.1475 0.0299 -0.0204 0.2332 101.4434 0.0222 0.0308 0.0088 0.0089 0.0027 -0.0023 0.0309 0.9449 0.8833
1494720000.0000 17250.0000 -0.2748 0.0560 0.0143 0.4108 101.5110 0.0400 0.0681 0.0077 0.0261 0.0026 -0.0082 0.0579 0.6998 0.6768
1494720000.0000 17550.0000 -0.0684 0.2213 0.0165 0.2862 162.8314 0.0119 0.0248 0.0048 0.0089 -0.0023 -0.0002 0.0207 0.5063 0.4774
1494720000.0000 17850.0000 -0.3427 0.2298 0.0074 0.4584 123.8368 0.0310 0.0234 0.0098 0.0152 -0.0016 -0.0069 0.0321 0.3544 0.3263
1494720000.0000 18150.0000 -0.2853 0.3389 -0.0035 0.4705 139.9117 0.0171 0.0221 0.0040 0.0063 0.0005 -0.0055 0.0216 0.2707 0.2577
1494720000.0000 18450.0000 -0.3118 0.1964 -0.0058 0.3917 122.2126 0.0098 0.0307 0.0036 -0.0098 0.0009 -0.0038 0.0221 0.3293 0.3155
1494720000.0000 18750.0000 -0.0974 -0.0472 0.0144 0.1412 64.1256 0.0134 0.0046 0.0023 -0.0009 0.0005 -0.0002 0.0101 0.7525 0.7152
1494720000.0000 19050.0000 0.0443 0.0079 -0.0124 0.1541 259.8979 0.0250 0.0060 0.0038 0.0053 0.0031 0.0007 0.0174 2.3050 2.2568
1494720000.0000 19350.0000 -0.3371 0.1691 -0.0298 0.3965 116.6477 0.0359 0.0093 0.0090 -0.0038 0.0064 -0.0025 0.0271 0.3554 0.3255
1494720000.0000 19650.0000 -0.5231 0.2376 -0.0081 0.6109 114.4282 0.0468 0.0277 0.0251 0.0087 0.0105 -0.0059 0.0498 0.3170 0.2743
1494720000.0000 19950.0000 -0.2589 -0.0735 0.0000 0.3011 74.1620 0.0182 0.0134 0.0054 -0.0098 0.0039 -0.0025 0.0185 0.4125 0.3810
1494720000.0000 20250.0000 0.0485 -0.0203 0.0283 0.1698 292.7724 0.0185 0.0172 0.0057 0.0025 0.0003 -0.0051 0.0207 1.9669 2.0751
1494720000.0000 20550.0000 -0.4416 0.1913 -0.0202 0.5108 113.4270 0.0475 0.0369 0.0214 -0.0067 0.0122 -0.0088 0.0529 0.3899 0.3486
1494720000.0000 20850.0000 -0.7714 0.1155 -0.0524 0.8150 98.5156 0.0619 0.0539 0.0360 0.0005 0.0176 -0.0056 0.0759 0.2877 0.2519
1494720000.0000 21150.0000 -0.6471 0.1423 -0.0620 0.7056 102.4038 0.0404 0.0614 0.0269 0.0102 0.0091 0.0055 0.0644 0.3113 0.2780
1494720000.0000 21450.0000 -0.6461 0.1968 -0.0838 0.7193 106.9426 0.0903 0.0540 0.0434 0.0107 0.0348 0.0027 0.0938 0.3675 0.3247
1494720000.0000 21750.0000 -0.7374 0.5289 -0.0784 0.9537 125.6491 0.0905 0.0688 0.0445 0.0083 0.0218 0.0004 0.1019 0.2862 0.2539
1494720000.0000 22050.0000 -0.9858 0.2436 -0.1408 1.0772 103.8812 0.1613 0.1115 0.0651 0.0169 0.0487 0.0081 0.1689 0.3273 0.2969
1494720000.0000 22350.0000 -0.6210 0.5454 -0.0532 0.8763 131.2939 0.0743 0.1079 0.0554 -0.0172 0.0289 -0.0182 0.1188 0.3398 0.2981
1494720000.0000 22650.0000 -0.5131 0.8129 0.0299 0.9948 147.7427 0.0883 0.0954 0.0538 -0.0227 0.0124 -0.0100 0.1188 0.2926 0.2574
1494720000.0000 22950.0000 -0.5010 0.5300 0.0154 0.7829 136.6138 0.0441 0.1064 0.0304 -0.0053 0.0144 -0.0204 0.0905 0.3367 0.3072
1494720000.0000 23250.0000 -0.4806 0.5858 -0.0270 0.8302 140.6313 0.0961 0.2293 0.0661 -0.0758 0.0403 -0.0636 0.1957 0.4765 0.4347
1494720000.0000 23550.0000 -0.4240 0.8221 -0.0608 0.9671 152.7180 0.0642 0.0899 0.0465 0.0108 0.0185 -0.0029 0.1003 0.2790 0.2450
1494720000.0000 23850.0000 -0.5698 0.4731 -0.0907 0.7833 129.7058 0.0772 0.0601 0.0571 -0.0037 0.0124 -0.0191 0.0972 0.3412 0.2889
1494720000.0000 24150.0000 -0.6642 0.7551 -0.0867 1.1057 138.6627 0.0925 0.3053 0.0632 0.0053 0.0182 -0.0539 0.2305 0.3884 0.3621
1494720000.0000 24450.0000 -0.6914 0.4993 -0.0892 0.9042 125.8362 0.1366 0.0923 0.0709 -0.0266 0.0449 -0.0212 0.1499 0.3686 0.3239
1494720000.0000 24750.0000 -0.9621 0.4782 -0.0753 1.1345 116.4301 0.1319 0.1240 0.0951 -0.0073 0.0373 -0.0421 0.1755 0.3176 0.2718
1494720000.0000 25050.0000 -0.7624 0.5776 -0.0709 1.0103 127.1502 0.0851 0.0906 0.0596 0.0104 0.0279 -0.0155 0.1176 0.2920 0.2530
1494720000.0000 25350.0000 -1.0731 0.9234 -0.0545 1.4949 130.7126 0.2759 0.2990 0.1322 -0.0649 0.0998 -0.0465 0.3536 0.3427 0.3092
1494720000.0000 25650.0000 -1.0612 1.0262 -0.1445 1.5429 134.0396 0.1749 0.2193 0.1158 -0.0094 0.0407 -0.0311 0.2550 0.2780 0.2455
1494720000.0000 25950.0000 -0.9017 0.6333 -0.0001 1.1873 125.0785 0.1532 0.2020 0.1066 0.0045 0.0586 -0.0439 0.2309 0.3561 0.3123
1494720000.0000 26250.0000 -0.7973 0.7173 -0.0295 1.2019 131.9729 0.3020 0.1758 0.0920 0.0437 0.0821 -0.0038 0.2849 0.4062 0.3721
1494720000.0000 26550.0000 -0.9123 0.3255 -0.0972 1.0502 109.6379 0.1235 0.1440 0.0880 0.0172 0.0489 0.0065 0.1778 0.3536 0.3083
1494720000.0000 26850.0000 -1.1156 0.9454 -0.1801 1.5198 130.2774 0.1835 0.1313 0.1044 0.0060 0.0655 -0.0249 0.2096 0.2537 0.2215
1494720000.0000 27150.0000 -0.7574 0.4600 -0.1259 0.9731 121.2724 0.2063 0.1737 0.0806 -0.0415 0.0713 -0.0376 0.2303 0.4378 0.4016
1494720000.0000 27450.0000 -0.6081 0.5007 -0.0177 0.8790 129.4680 0.2374 0.1004 0.0645 -0.0429 0.0628 -0.0130 0.2011 0.4648 0.4260
1494720000.0000 27750.0000 -0.7544 0.2011 -0.0185 0.8738 104.9280 0.1085 0.1395 0.1055 0.0240 0.0364 -0.0024 0.1767 0.4395 0.3682
1494720000.0000 28050.0000 -0.7212 0.5320 -0.0761 0.9399 126.4137 0.1032 0.0973 0.0560 -0.0292 0.0394 -0.0107 0.1282 0.3251 0.2885
1494720000.0000 28350.0000 -1.0073 0.8677 -0.1593 1.3719 130.7427 0.1203 0.0937 0.0926 -0.0015 0.0537 0.0105 0.1533 0.2388 0.2009
1494720000.0000 28650.0000 -0.9858 0.0082 -0.1578 1.1622 90.4777 0.2885 0.3252 0.1962 0.0203 0.1268 0.0194 0.4049 0.5204 0.4588
1494720000.0000 28950.0000 -0.6291 0.1981 0.0963 0.9703 107.4769 0.2269 0.4636 0.1462 -0.0555 0.0596 0.0165 0.4184 0.7923 0.7274
1494720000.0000 29250.0000 -0.9252 0.0047 -0.0414 1.0899 90.2903 0.2940 0.2602 0.2102 0.0060 0.0972 0.0395 0.3821 0.5450 0.4645
1494720000.0000 29550.0000 -0.8479 -0.3164 -0.1541 1.0587 69.5386 0.4186 0.2228 0.2036 0.0164 0.1011 0.0445 0.4225 0.5781 0.5109
1494720000.0000 29850.0000 -0.5787 0.2619 -0.0607 0.7721 114.3455 0.2209 0.1506 0.1473 0.0415 0.0834 0.0197 0.2594 0.6516 0.5539
1494720000.0000 30150.0000 -0.6483 0.1523 -0.1719 0.9601 103.2253 0.2499 0.4113 0.1777 0.0229 0.1095 0.0294 0.4195 0.7689 0.7050
1494720000.0000 30450.0000 -0.7437 0.2921 -0.1863 0.9070 111.4408 0.1969 0.1564 0.1218 -0.0168 0.0685 0.0147 0.2375 0.4850 0.4294
1494720000.0000 30750.0000 -0.7954 0.9388 0.0824 1.3435 139.7274 0.2065 0.3830 0.1839 -0.0207 0.0756 -0.0555 0.3867 0.4117 0.3603
1494720000.0000 31050.0000 -1.5448 1.2070 -0.2005 2.0723 128.0030 0.3546 0.4957 0.2106 -0.0230 0.0880 -0.0308 0.5304 0.3018 0.2716
1494720000.0000 31350.0000 -1.3307 1.0196 -0.1727 1.7571 127.4587 0.2402 0.3020 0.1525 -0.0130 0.0998 -0.0190 0.3474 0.2855 0.2536
1494720000.0000 31650.0000 -1.4591 0.7649 -0.2251 1.7108 117.6633 0.2932 0.2139 0.2584 -0.0431 0.1263 -0.0001 0.3828 0.3038 0.2496
1494720000.0000 31950.0000 -0.2884 0.4603 0.0976 0.6913 147.9346 0.1686 0.1489 0.0713 -0.0352 0.0498 -0.0252 0.1944 0.6522 0.5988
1494720000.0000 32250.0000 -0.3033 0.5936 -0.0302 0.7366 152.9305 0.0739 0.1170 0.0756 -0.0009 -0.0055 -0.0154 0.1332 0.4466 0.3784
1494720000.0000 32550.0000 -0.4564 0.4375 -0.0936 0.7445 133.7861 0.2097 0.0664 0.0858 -0.0387 0.0647 -0.0114 0.1809 0.5434 0.4798
1494720000.0000 32850.0000 0.1191 -0.3741 -0.0931 0.5762 342.3355 0.1973 0.0627 0.0658 -0.0562 0.0105 0.0198 0.1629 0.8168 0.7498
1494720000.0000 33150.0000 1.2616 -0.6232 -0.0181 1.4588 296.2864 0.1256 0.1583 0.0997 0.0024 -0.0014 0.0503 0.1918 0.2541 0.2186
1494720000.0000 33450.0000 1.0011 -0.8954 -0.0854 1.3873 311.8076 0.1359 0.1394 0.0985 -0.0233 -0.0089 0.0531 0.1869 0.2623 0.2255
1494720000.0000 33750.0000 0.6495 -1.1303 -0.0193 1.4091 330.1147 0.2164 0.2892 0.1503 0.0480 0.0089 0.0953 0.3279 0.3586 0.3149
1494720000.0000 34050.0000 0.5297 -1.2491 -0.1422 1.4260 337.0201 0.1320 0.3023 0.1549 0.0091 -0.0120 0.1152 0.2946 0.3249 0.2804
1494720000.0000 34350.0000 0.5420 -0.5867 0.1635 0.8900 317.2708 0.1520 0.1201 0.0950 0.0162 -0.0281 0.0358 0.1836 0.4291 0.3770
1494720000.0000 34650.0000 0.0436 -0.7155 -0.1165 0.9366 356.5135 0.3697 0.1510 0.1207 -0.0820 -0.0229 0.0617 0.3207 0.6367 0.5812
1494720000.0000 34950.0000 -1.1089 0.0510 -0.2014 1.2058 92.6337 0.3075 0.1815 0.1201 -0.1285 0.1209 -0.0373 0.3045 0.3994 0.3637
1494720000.0000 35250.0000 -0.8446 0.2543 -0.2941 0.9271 106.7568 0.1107 0.0720 0.0868 0.0045 0.0248 -0.0070 0.1347 0.3223 0.2797
1494720000.0000 35550.0000 -0.8956 -0.0111 -0.2434 1.0205 89.2920 0.1839 0.1930 0.1375 0.0484 0.0842 0.0417 0.2572 0.4461 0.3957
1494720000.0000 35850.0000 -0.7251 -0.2664 -0.1832 0.8835 69.8279 0.1976 0.1503 0.1378 0.0137 0.0886 0.0241 0.2429 0.5068 0.4409
1494720000.0000 36150.0000 -0.8153 0.5575 -0.1235 1.1001 124.3667 0.4664 0.2322 0.1480 -0.1176 0.1555 -0.0600 0.4233 0.5337 0.4886
1494720000.0000 36450.0000 -0.9661 1.2232 -0.0730 1.6815 141.6982 0.3077 0.6353 0.1952 -0.1533 0.0709 -0.0288 0.5691 0.3947 0.3597
1494720000.0000 36750.0000 -1.1208 1.3041 -0.0739 1.8759 139.3230 0.5194 0.7875 0.2935 -0.2385 0.2081 -0.1538 0.8002 0.4244 0.3838
1494720000.0000 37050.0000 -0.9942 1.2726 -0.0006 1.7304 142.0027 0.5069 0.6239 0.2470 -0.2448 0.1104 -0.1083 0.6889 0.4196 0.3802
1494720000.0000 37350.0000 -1.1470 0.3688 -0.0369 1.5666 107.8215 0.5980 0.8936 0.3509 -0.2213 0.2062 -0.0331 0.9213 0.6502 0.5852
1494720000.0000 37650.0000 -0.8421 -0.9251 -0.0239 1.4821 42.3100 0.4054 0.7615 0.3266 0.1288 0.1042 0.1493 0.7467 0.5639 0.4985
1494720000.0000 37950.0000 0.3990 -0.1586 -0.1169 0.7073 291.6801 0.4074 0.2686 0.0561 -0.2673 0.0248 -0.0030 0.3660 1.1101 1.1056
1494720000.0000 38250.0000 1.1754 -0.7543 0.0795 1.4605 302.6893 0.1723 0.1895 0.1095 -0.0053 -0.0401 -0.0081 0.2357 0.2834 0.2487
1494720000.0000 38550.0000 0.6701 -0.3049 0.1087 0.9232 294.4624 0.3068 0.2248 0.1244 -0.0809 0.0134 -0.0090 0.3280 0.6284 0.5718
1494720000.0000 38850.0000 -0.0946 -0.8266 -0.1706 0.8896 6.5315 0.0869 0.0763 0.0801 -0.0111 -0.0023 -0.0149 0.1216 0.3353 0.2803
1494720000.0000 39150.0000 -0.3352 0.2658 0.0900 0.9859 128.4192 0.1682 0.8004 0.1326 0.1178 -0.0124 0.0345 0.5506 1.3859 1.3282
1494720000.0000 39450.0000 -0.8459 0.7454 -0.0640 1.2704 131.3856 0.3669 0.2587 0.2473 0.0034 0.0797 -0.0308 0.4365 0.4777 0.4050
1494720000.0000 39750.0000 -0.2462 0.2574 -0.0463 0.6777 136.2686 0.2494 0.2212 0.1543 0.0292 0.0975 0.0708 0.3124 1.2706 1.1119
1494720000.0000 40050.0000 0.0191 0.5433 -0.0686 1.0975 182.0104 0.2258 1.0901 0.2326 0.0424 -0.0015 0.0223 0.7743 1.3111 1.2182
1494720000.0000 40350.0000 -0.6790 0.2411 -0.0543 1.1946 109.5461 1.0410 0.4462 0.2809 -0.4362 0.2777 -0.0552 0.8841 1.0625 0.9772
1494720000.0000 40650.0000 -1.0378 1.1335 -0.1866 1.6285 137.5238 0.6151 0.3999 0.1634 -0.2748 0.1621 -0.0999 0.5892 0.4049 0.3785
1494720000.0000 40950.0000 -1.1569 1.3820 -0.0156 1.9390 140.0682 0.5216 0.6215 0.2215 -0.1572 0.1531 -0.0843 0.6823 0.3742 0.3425
1494720000.0000 41250.0000 -0.4435 0.2819 -0.2375 1.0799 122.4380 0.5241 0.8941 0.1229 -0.6171 0.0661 -0.0652 0.7706 1.2428 1.3084
1494720000.0000 41550.0000 0.0282 -0.5799 -0.0384 0.6397 357.2193 0.0709 0.0572 0.0590 -0.0020 -0.0057 0.0022 0.0936 0.4292 0.3559
1494720000.0000 41850.0000 0.8665 -0.3910 0.0440 1.0487 294.2881 0.2500 0.1165 0.0739 0.0132 -0.0211 0.0226 0.2202 0.4026 0.3677
1494720000.0000 42150.0000 0.4862 0.3359 0.0012 0.7840 235.3593 0.2356 0.1325 0.1229 -0.0293 -0.0086 0.0328 0.2455 0.6845 0.5927
1494720000.0000 42450.0000 -0.5942 -0.3343 0.0263 1.0715 60.6358 0.2276 0.6710 0.2825 0.0686 0.0396 0.1544 0.5905 0.9196 0.8027
1494720000.0000 42750.0000 -0.5415 -0.3715 -0.0384 1.0277 55.5484 0.4882 0.4103 0.2788 -0.1007 0.1843 0.0450 0.5887 0.9523 0.8334
1494720000.0000 43050.0000 -0.4300 -0.5573 0.0540 0.9043 37.6488 0.3371 0.1746 0.1900 0.0562 0.0660 0.0353 0.3509 0.6851 0.5867
1494720000.0000 43350.0000 0.0530 -0.6180 0.0774 0.8064 355.0992 0.2354 0.1446 0.0931 0.0123 0.0150 0.0339 0.2366 0.6353 0.5738
1494720000.0000 43650.0000 0.0232 0.0736 0.1515 0.4794 197.5006 0.0733 0.2263 0.1390 0.0513 -0.0155 0.0804 0.2193 2.2492 4.0941
1494720000.0000 43950.0000 0.0084 -0.4105 0.0390 0.6852 358.8257 0.2780 0.2557 0.1800 0.0810 0.0542 0.1127 0.3569 1.1826 1.0273
1494720000.0000 44250.0000 -1.0250 0.9068 -0.1292 1.5188 131.5010 0.4956 0.7236 0.2010 -0.2797 0.0974 -0.0342 0.7101 0.5005 0.4658
1494720000.0000 44550.0000 -0.9433 1.0720 0.0226 1.6057 138.6559 0.4049 0.6623 0.1646 -0.1731 0.0446 0.0038 0.6159 0.4487 0.4177
1494720000.0000 44850.0000 -0.4349 -0.0244 0.0174 1.0109 86.7824 0.6560 0.4449 0.1345 0.2581 0.0195 0.0622 0.6177 1.4720 1.3907
1494720000.0000 45150.0000 -0.8467 0.1260 -0.1474 1.1233 98.4616 0.2083 0.5803 0.2237 0.0612 0.0567 -0.0113 0.5062 0.6688 0.5989
1494720000.0000 45450.0000 -0.3425 -0.3200 0.1344 0.9786 46.9406 0.3747 0.4949 0.2143 -0.1565 0.0318 -0.0396 0.5420 1.2327 1.1487
1494720000.0000 45750.0000 -0.5916 1.3568 -0.1955 1.8154 156.4407 0.4473 1.8582 0.2288 -0.2928 -0.0470 0.0379 1.2671 0.6156 0.5922
1494720000.0000 46050.0000 -0.7465 0.7732 -0.2060 1.3819 136.0054 0.6500 0.8515 0.2968 -0.3040 0.0624 -0.2490 0.8991 0.7075 0.6583
1494720000.0000 46350.0000 -1.6301 0.7369 -0.1737 1.8998 114.3256 0.5230 0.5417 0.2491 -0.2066 0.0884 -0.0199 0.6569 0.3682 0.3330
1494720000.0000 46650.0000 -0.5750 0.3154 -0.0778 0.8205 118.7417 0.2602 0.1366 0.1451 -0.0101 0.0884 0.0207 0.2709 0.6435 0.5545
1494720000.0000 46950.0000 -1.2167 1.3283 -0.2257 2.0662 137.5126 0.5212 1.3413 0.2588 -0.1922 0.1720 -0.1255 1.0606 0.4632 0.4374
1494720000.0000 47250.0000 -1.6767 0.7376 -0.1984 1.9452 113.7459 0.4487 0.3866 0.2863 0.0209 0.1522 -0.0222 0.5608 0.3319 0.2881
1494720000.0000 47550.0000 -1.0557 1.2194 -0.1843 1.7314 139.1158 0.4660 0.3954 0.2420 -0.0984 0.1574 -0.0855 0.5517 0.3736 0.3322
1494720000.0000 47850.0000 -1.5759 0.5047 -0.3109 1.8110 107.7578 0.3229 0.5269 0.2210 0.0039 0.1017 0.0051 0.5354 0.3549 0.3216
1494720000.0000 48150.0000 -0.0865 0.3325 0.1293 0.8873 165.4239 0.5875 0.2792 0.2419 0.1082 0.0458 -0.0433 0.5543 1.6559 1.5644
1494720000.0000 48450.0000 0.3309 -0.0068 -0.0914 0.7573 271.1739 0.2550 0.3509 0.2470 0.0680 0.0833 -0.0689 0.4265 1.5527 1.3577
1494720000.0000 48750.0000 0.7452 0.1665 -0.0312 1.3240 257.4039 1.1789 0.3305 0.2951 -0.1086 0.0241 -0.0525 0.9022 1.0149 0.9289
1494720000.0000 49050.0000 0.4111 -0.1765 -0.0890 0.9941 293.2308 0.5680 0.4968 0.3036 -0.2724 -0.0522 0.0985 0.6842 1.4807 1.3317
1494720000.0000 49350.0000 0.7392 -1.3338 -0.1316 1.6819 331.0053 0.4274 0.5341 0.3101 -0.0706 -0.0713 0.1073 0.6359 0.4254 0.3713
1494720000.0000 49650.0000 -0.2351 0.1888 0.0036 1.3869 128.7723 1.1581 1.1671 0.1479 -0.7753 -0.0068 -0.0048 1.2366 3.0110 2.9198
1494720000.0000 49950.0000 -0.4464 0.2191 0.0594 0.7106 116.1449 0.1916 0.2254 0.1517 -0.0750 0.0552 -0.0604 0.2844 0.8693 0.7497
1494720000.0000 50250.0000 -1.1790 0.8261 -0.1238 1.5827 125.0171 0.5370 0.3801 0.2857 -0.0660 0.0731 -0.0641 0.6014 0.4382 0.3840
1494720000.0000 50550.0000 -1.0259 -0.2056 -0.1944 1.2810 78.6696 0.3838 0.4258 0.2209 -0.1362 0.1171 -0.0044 0.5153 0.5507 0.4965
1494720000.0000 50850.0000 -1.9228 0.5730 -0.2275 2.1339 106.5954 0.5550 0.4771 0.3251 0.0187 0.2147 -0.0088 0.6786 0.3331 0.2924
1494720000.0000 51150.0000 -0.4272 0.3231 0.1338 0.8377 127.1013 0.1735 0.4395 0.1199 0.0479 0.0042 -0.0234 0.3665 0.8952 0.8439
1494720000.0000 51450.0000 0.3328 -0.3481 -0.0827 0.8185 316.2904 0.2192 0.2702 0.1461 0.0397 0.0710 0.0588 0.3177 0.9419 0.8387
1494720000.0000 51750.0000 -0.3819 0.5709 0.0229 1.0439 146.2189 0.4057 0.6331 0.1632 -0.2993 0.0895 -0.0937 0.6010 0.9210 0.8567
1494720000.0000 52050.0000 -1.0575 0.6281 -0.0643 1.4085 120.7104 0.3924 0.4067 0.2470 0.1452 0.1501 0.0529 0.5230 0.4794 0.4196
1494720000.0000 52350.0000 -1.5330 0.5181 -0.3109 1.6647 108.6733 0.5521 0.1898 0.1936 -0.1293 0.1731 -0.0260 0.4677 0.3389 0.3073
1494720000.0000 52650.0000 -0.6416 1.3192 -0.1069 1.5479 154.0639 0.1450 0.4878 0.0975 -0.0036 0.0181 -0.0241 0.3652 0.3354 0.3131
1494720000.0000 52950.0000 -0.6272 1.4330 -0.0291 1.6699 156.3627 0.3116 0.3851 0.1810 0.0404 0.0627 -0.0628 0.4389 0.3457 0.3081
1494720000.0000 53250.0000 -1.0818 1.2434 -0.0690 1.7340 138.9769 0.3236 0.5551 0.1639 -0.1828 0.1142 -0.0614 0.5213 0.3574 0.3284
1494720000.0000 53550.0000 -0.6555 -0.0473 -0.0737 0.8848 85.8692 0.1740 0.3805 0.1070 -0.0012 0.0521 -0.0280 0.3308 0.7101 0.6542
1494720000.0000 53850.0000 -0.8600 0.6834 0.0809 1.7953 128.4689 1.2722 2.2048 0.2989 -1.1034 0.1984 -0.1799 1.8880 1.0186 0.9801
1494720000.0000 54150.0000 -0.4615 0.5320 -0.1680 1.0612 139.0577 0.2427 0.7724 0.0759 -0.3162 0.0056 -0.0819 0.5455 0.8328 0.8259
1494720000.0000 54450.0000 -0.3737 0.1435 -0.0101 0.6309 111.0119 0.1742 0.1514 0.0531 -0.0631 0.0402 -0.0153 0.1893 0.8872 0.8230
1494720000.0000 54750.0000 -0.9398 0.3600 -0.1958 1.1016 110.9614 0.2151 0.2375 0.1526 -0.0684 0.0688 -0.0177 0.3026 0.4381 0.3859
1494720000.0000 55050.0000 -0.9142 0.1888 -0.0570 1.1950 101.6712 0.6180 0.4053 0.1908 -0.1982 0.1468 -0.0764 0.6070 0.6802 0.6256
1494720000.0000 55350.0000 -1.4702 -0.3083 -0.3219 1.6454 78.1557 0.2174 0.4405 0.1821 -0.0479 0.0528 0.0123 0.4200 0.3444 0.3118
1494720000.0000 55650.0000 -0.4523 0.4792 -0.1028 0.8436 136.6520 0.1843 0.1801 0.1132 0.0465 -0.0110 -0.0322 0.2388 0.5982 0.5289
1494720000.0000 55950.0000 -0.0982 0.2335 0.1219 0.5063 157.1863 0.0858 0.1965 0.0810 0.0214 0.0081 -0.0398 0.1817 1.2381 1.2112
1494720000.0000 56250.0000 -0.2659 -0.1511 -0.2069 0.9386 60.4030 0.1450 0.7809 0.1429 -0.0474 -0.0017 0.0906 0.5344 1.6164 1.8164
1494720000.0000 56550.0000 0.9929 -1.0188 0.0368 1.5784 315.7397 0.5864 0.3557 0.1728 -0.1327 -0.0150 0.0620 0.5575 0.4284 0.3939
1494720000.0000 56850.0000 1.9544 -1.9470 -0.0838 2.8323 314.8909 0.5846 0.6387 0.2405 -0.2131 -0.0872 0.0854 0.7319 0.2531 0.2315
1494720000.0000 57150.0000 0.0749 -0.7455 -0.2212 1.2439 354.2612 0.8420 0.4383 0.2047 -0.2732 -0.0044 -0.0111 0.7425 0.9005 0.8718
1494720000.0000 57450.0000 0.5915 -1.3925 -0.2007 1.5742 336.9861 0.1559 0.1884 0.1182 0.0178 -0.0073 0.0430 0.2313 0.2573 0.2239
1494720000.0000 57750.0000 1.1854 -1.0893 -0.0792 1.7096 312.5818 0.3178 0.2096 0.1063 0.0735 0.0062 0.0530 0.3168 0.2851 0.2604
1494720000.0000 58050.0000 1.3849 -1.1286 -0.1199 1.8342 309.1786 0.2406 0.2339 0.1200 -0.0561 -0.0055 0.0052 0.2972 0.2486 0.2226
1494720000.0000 58350.0000 0.9368 -1.1412 -0.0974 1.5715 320.6184 0.3205 0.3034 0.1087 -0.0664 -0.0280 0.0332 0.3663 0.3340 0.3089
1494720000.0000 58650.0000 1.9096 -1.2992 -0.0982 2.4047 304.2307 0.3295 0.7457 0.1488 -0.2263 -0.0166 0.0099 0.6120 0.2763 0.2592
1494720000.0000 58950.0000 1.3346 -0.7230 -0.0450 1.5953 298.4460 0.4664 0.2388 0.1850 -0.1056 -0.0832 0.0444 0.4451 0.3587 0.3194
1494720000.0000 59250.0000 1.6756 -0.5294 -0.0187 1.8583 287.5329 0.4834 0.3928 0.2448 -0.1213 -0.0839 0.0688 0.5605 0.3478 0.3075
1494720000.0000 59550.0000 1.1563 -0.1112 -0.0710 1.3859 275.4910 0.3512 0.6647 0.1481 0.0133 -0.0217 0.0857 0.5820 0.5353 0.5010
1494720000.0000 59850.0000 1.5240 0.0029 -0.0024 1.6746 269.8899 0.7573 0.4258 0.3035 -0.1261 -0.1796 0.0181 0.7433 0.4619 0.4121
1494720000.0000 60150.0000 1.3302 -0.8153 -0.1299 1.6571 301.5052 0.6289 0.1608 0.1439 0.0372 -0.0739 0.0281 0.4668 0.3563 0.3288
1494720000.0000 60450.0000 1.1329 -1.0459 -0.0134 1.6446 312.7115 0.3795 0.2711 0.1424 -0.0175 -0.0485 0.0492 0.3965 0.3334 0.3020
1494720000.0000 60750.0000 0.6762 -0.7958 -0.1173 1.2445 319.6455 0.2762 0.4126 0.1643 -0.0639 -0.0616 0.0600 0.4265 0.5074 0.4588
1494720000.0000 61050.0000 0.6006 -0.1343 -0.0832 0.7530 282.6058 0.1519 0.2323 0.0744 -0.0673 -0.0013 -0.0263 0.2293 0.6296 0.5815
1494720000.0000 61350.0000 0.7386 -0.6419 -0.0514 1.0898 310.9940 0.2830 0.2342 0.0710 -0.1097 -0.0305 0.0335 0.2941 0.4519 0.4243
1494720000.0000 61650.0000 0.7117 -1.1629 -0.0243 1.4519 328.5306 0.1607 0.2410 0.1024 0.0546 -0.0170 0.0234 0.2521 0.3006 0.2684
1494720000.0000 61950.0000 0.4012 -1.7108 -0.1788 1.8905 346.8024 0.4531 0.2891 0.2282 0.0472 -0.0233 0.1134 0.4852 0.3220 0.2831
1494720000.0000 62250.0000 0.6849 -1.7087 -0.1087 1.9783 338.1574 0.4248 0.4029 0.3000 0.0581 0.0015 0.1417 0.5639 0.3325 0.2853
1494720000.0000 62550.0000 1.3756 -1.5537 -0.2370 2.1738 318.4801 0.7020 0.5215 0.3149 -0.2227 -0.0018 0.0557 0.7692 0.3429 0.3078
1494720000.0000 62850.0000 -0.1553 -0.4175 -0.0671 0.7088 20.4094 0.1924 0.2614 0.1541 -0.0318 0.0155 0.1048 0.3039 0.9992 0.8731
1494720000.0000 63150.0000 -0.1081 -0.0853 -0.1604 0.5304 51.7195 0.1310 0.2236 0.1845 0.0558 -0.0497 0.0057 0.2696 2.0056 2.4966
1494720000.0000 63450.0000 0.0225 -0.2234 0.0707 0.8132 354.2549 0.2332 0.4999 0.0929 -0.1645 -0.0146 0.0285 0.4130 2.2294 2.2020
1494720000.0000 63750.0000 -0.3255 0.2344 -0.0569 0.6707 125.7541 0.1408 0.2639 0.1094 -0.0932 0.0174 -0.0076 0.2570 1.0218 0.9157
1494720000.0000 64050.0000 0.3350 -0.0990 -0.1049 0.6987 286.4662 0.2351 0.3303 0.0764 -0.1808 0.0863 -0.0863 0.3209 1.2683 1.2429
1494720000.0000 64350.0000 0.3396 -0.2046 0.0543 0.5088 301.0683 0.0873 0.0885 0.0415 -0.0033 -0.0202 0.0023 0.1087 0.6726 0.6107
1494720000.0000 64650.0000 -0.1674 -0.3336 0.0887 0.4913 26.6496 0.0789 0.0926 0.0548 0.0117 0.0343 0.0179 0.1132 0.7159 0.6405
1494720000.0000 64950.0000 -0.7407 0.3285 0.0868 0.9959 113.9199 0.0960 0.3381 0.1020 0.0471 -0.0032 -0.0975 0.2680 0.5187 0.4695
1494720000.0000 65250.0000 0.2293 -0.2605 0.0767 1.0074 318.6544 0.6415 0.5396 0.0706 -0.4282 -0.0159 0.0123 0.6259 1.8175 1.8080
1494720000.0000 65550.0000 0.2246 -0.3801 0.0208 0.5592 329.4219 0.1075 0.1150 0.0205 0.0283 -0.0134 0.0137 0.1215 0.6440 0.6169
1494720000.0000 65850.0000 0.1797 -0.7277 0.1110 0.8142 346.1328 0.0760 0.1816 0.0397 0.0043 -0.0055 0.0225 0.1487 0.4155 0.3910
1494720000.0000 66150.0000 0.6336 -0.2890 0.0114 0.7947 294.5147 0.1173 0.1245 0.0475 -0.0063 -0.0058 0.0038 0.1447 0.4459 0.4077
1494720000.0000 66450.0000 0.4856 -0.5601 0.0087 0.8942 319.0754 0.0976 0.3960 0.0532 -0.0303 -0.0280 0.0201 0.2734 0.5758 0.5471
1494720000.0000 66750.0000 0.6167 -0.8404 -0.0765 1.1468 323.7283 0.2353 0.3153 0.1203 -0.0668 -0.0228 0.0450 0.3355 0.4525 0.4110
1494720000.0000 67050.0000 0.3956 -0.4520 0.0273 0.6421 318.8108 0.0730 0.0536 0.0179 -0.0090 -0.0020 0.0012 0.0723 0.3651 0.3421
1494720000.0000 67350.0000 0.9370 -0.4363 0.0227 1.1125 294.9677 0.1886 0.0951 0.0459 0.0407 -0.0246 0.0205 0.1648 0.3206 0.2975
1494720000.0000 67650.0000 0.6392 -0.5931 0.0681 0.9221 312.8548 0.0763 0.1089 0.0305 -0.0059 -0.0098 0.0136 0.1079 0.3066 0.2850
1494720000.0000 67950.0000 0.3660 -0.2314 0.0486 0.4887 302.3069 0.0694 0.0554 0.0281 -0.0086 -0.0179 0.0074 0.0764 0.5181 0.4709
1494720000.0000 68250.0000 0.2099 -0.1049 0.0205 0.2849 296.5693 0.0305 0.0103 0.0076 0.0027 -0.0019 -0.0005 0.0242 0.5395 0.4973
1494720000.0000 68550.0000 0.0104 0.0270 0.0348 0.1450 201.1758 0.0131 0.0142 0.0051 -0.0049 -0.0023 -0.0008 0.0161 2.2925 3.2925
1494720000.0000 68850.0000 -0.2316 0.1500 -0.0076 0.3054 122.9401 0.0124 0.0158 0.0044 0.0019 0.0007 -0.0040 0.0163 0.3779 0.3519
1494720000.0000 69150.0000 -0.5035 0.5010 -0.0433 0.7586 134.8530 0.0406 0.0519 0.0089 0.0237 0.0010 -0.0098 0.0507 0.2583 0.2471
1494720000.0000 69450.0000 -0.5089 0.1486 0.0202 0.5469 106.2789 0.0205 0.0223 0.0071 -0.0094 0.0010 -0.0013 0.0249 0.2430 0.2252
1494720000.0000 69750.0000 -0.1275 0.0344 0.0274 0.2240 105.1015 0.0320 0.0117 0.0061 0.0045 -0.0014 -0.0040 0.0249 0.9558 0.9140
1494720000.0000 70050.0000 -0.5403 0.2089 -0.0142 0.6017 111.1376 0.0332 0.0301 0.0217 -0.0093 0.0116 -0.0093 0.0425 0.2905 0.2508
1494720000.0000 70350.0000 -0.3926 0.4550 -0.0227 0.6273 139.2125 0.0111 0.0358 0.0057 0.0068 -0.0018 -0.0039 0.0263 0.2201 0.2080
1494720000.0000 70650.0000 -0.5103 0.0706 -0.0028 0.5270 97.8824 0.0267 0.0105 0.0105 -0.0014 0.0009 0.0002 0.0238 0.2446 0.2160
1494720000.0000 70950.0000 -0.6994 0.3181 -0.0151 0.7866 114.4563 0.0689 0.0215 0.0196 -0.0008 0.0062 -0.0068 0.0550 0.2491 0.2259
1494720000.0000 71250.0000 -0.7212 0.4592 -0.0694 0.8705 122.4875 0.0130 0.0375 0.0103 -0.0047 0.0023 -0.0066 0.0303 0.1658 0.1516
1494720000.0000 71550.0000 -0.6206 0.3350 -0.0401 0.7159 118.3582 0.0237 0.0198 0.0105 -0.0061 0.0077 -0.0044 0.0269 0.1898 0.1706
1494720000.0000 71850.0000 -0.5820 0.6236 -0.0733 0.8651 136.9794 0.0247 0.0140 0.0052 0.0013 0.0023 -0.0020 0.0220 0.1413 0.1332
1494720000.0000 72150.0000 -0.7104 0.3584 -0.0095 0.8075 116.7730 0.0243 0.0235 0.0122 -0.0038 0.0034 -0.0044 0.0300 0.1778 0.1587
1494720000.0000 72450.0000 -0.7352 0.2754 -0.0316 0.7961 110.5351 0.0332 0.0177 0.0147 -0.0044 0.0084 -0.0044 0.0328 0.1881 0.1658
1494720000.0000 72750.0000 -0.6629 0.5359 -0.0458 0.8590 128.9517 0.0241 0.0220 0.0109 -0.0126 0.0061 -0.0042 0.0285 0.1616 0.1455
1494720000.0000 73050.0000 -0.7033 0.3770 -0.0782 0.8135 118.1903 0.0296 0.0440 0.0109 -0.0140 0.0071 -0.0022 0.0423 0.2094 0.1963
1494720000.0000 73350.0000 -0.9694 0.8565 -0.0933 1.3019 131.4626 0.0178 0.0369 0.0132 -0.0081 0.0047 -0.0028 0.0339 0.1160 0.1043
1494720000.0000 73650.0000 -0.7682 0.3634 0.0028 0.8635 115.3175 0.0311 0.0348 0.0176 -0.0137 0.0088 -0.0073 0.0418 0.1963 0.1744
1494720000.0000 73950.0000 -0.6794 0.3812 -0.0289 0.7905 119.2970 0.0235 0.0305 0.0128 -0.0121 0.0091 -0.0092 0.0334 0.1913 0.1722
1494720000.0000 74250.0000 -0.6806 0.4943 -0.0575 0.8530 125.9877 0.0373 0.0284 0.0106 -0.0119 0.0084 -0.0061 0.0382 0.1893 0.1760
1494720000.0000 74550.0000 -0.7662 0.5962 -0.0623 0.9868 127.8849 0.0333 0.0431 0.0148 -0.0093 0.0074 -0.0030 0.0456 0.1791 0.1643
1494720000.0000 74850.0000 -0.7980 0.5423 -0.0760 0.9744 124.2017 0.0171 0.0224 0.0129 -0.0027 0.0049 -0.0024 0.0262 0.1366 0.1189
1494720000.0000 75150.0000 -0.8796 0.4304 -0.0364 0.9949 116.0710 0.0324 0.0351 0.0217 -0.0041 0.0100 -0.0118 0.0446 0.1759 0.1531
1494720000.0000 75450.0000 -0.9354 0.7175 -0.0701 1.1906 127.4899 0.0372 0.0535 0.0227 -0.0215 0.0119 -0.0114 0.0567 0.1647 0.1475
1494720000.0000 75750.0000 -0.8951 0.5280 -0.0126 1.0600 120.5377 0.0324 0.0481 0.0316 0.0005 0.0118 -0.0091 0.0561 0.1861 0.1577
1494720000.0000 76050.0000 -0.8993 0.5696 -0.0521 1.0820 122.3482 0.0380 0.0511 0.0285 -0.0102 0.0156 -0.0073 0.0588 0.1857 0.1618
1494720000.0000 76350.0000 -0.8115 0.4917 -0.0265 0.9600 121.2137 0.0209 0.0280 0.0186 -0.0050 0.0062 -0.0063 0.0338 0.1581 0.1346
1494720000.0000 76650.0000 -0.9196 0.5618 -0.0234 1.0934 121.4213 0.0433 0.0448 0.0281 -0.0093 0.0137 -0.0088 0.0581 0.1826 0.1591
1494720000.0000 76950.0000 -0.6927 0.2853 0.0222 0.7649 112.3852 0.0392 0.0262 0.0226 -0.0033 0.0029 -0.0010 0.0440 0.2285 0.1970
1494720000.0000 77250.0000 -0.6010 0.8350 -0.0503 1.0416 144.2555 0.0404 0.0410 0.0149 -0.0176 0.0082 -0.0073 0.0482 0.1740 0.1602
1494720000.0000 77550.0000 -0.7955 0.6657 -0.0972 1.0451 129.9256 0.0214 0.0459 0.0091 -0.0197 0.0047 -0.0008 0.0382 0.1532 0.1444
1494720000.0000 77850.0000 -0.8038 0.7140 -0.1021 1.0827 131.6139 0.0188 0.0243 0.0079 -0.0058 0.0052 -0.0013 0.0255 0.1208 0.1115
1494720000.0000 78150.0000 -0.6237 0.5264 -0.0543 0.8255 130.1676 0.0186 0.0205 0.0120 -0.0046 0.0048 -0.0015 0.0255 0.1594 0.1397
1494720000.0000 78450.0000 -0.4281 0.5447 -0.0006 0.7159 141.8354 0.0626 0.0278 0.0098 -0.0207 0.0112 -0.0032 0.0501 0.2638 0.2506
1494720000.0000 78750.0000 -0.2205 0.6773 0.0099 0.7353 161.9651 0.0446 0.0236 0.0077 -0.0205 0.0067 -0.0028 0.0380 0.2233 0.2117
1494720000.0000 79050.0000 -0.5602 0.3772 0.0058 0.7151 123.9572 0.0081 0.0734 0.0058 -0.0005 0.0006 -0.0055 0.0436 0.2525 0.2441
1494720000.0000 79350.0000 -0.5019 0.0964 0.0017 0.5232 100.8738 0.0186 0.0130 0.0136 -0.0015 0.0040 -0.0049 0.0226 0.2404 0.2010
1494720000.0000 79650.0000 -0.4639 0.2834 -0.0516 0.5655 121.4229 0.0262 0.0182 0.0100 0.0035 0.0039 0.0010 0.0272 0.2467 0.2239
1494720000.0000 79950.0000 -0.4803 0.5382 -0.0497 0.7415 138.2521 0.0138 0.0331 0.0055 0.0060 0.0041 -0.0026 0.0262 0.1829 0.1734
1494720000.0000 80250.0000 -0.6966 0.4806 -0.0578 0.8632 124.6045 0.0106 0.0277 0.0074 0.0070 0.0001 -0.0050 0.0228 0.1455 0.1335
1494720000.0000 80550.0000 -0.7952 0.6060 -0.0869 1.0164 127.3085 0.0240 0.0544 0.0135 -0.0121 0.0076 -0.0097 0.0460 0.1745 0.1618
1494720000.0000 80850.0000 -0.8409 0.5097 0.0097 1.0046 121.2220 0.0250 0.0542 0.0190 -0.0022 0.0061 -0.0094 0.0491 0.1840 0.1653
1494720000.0000 81150.0000 -1.0218 0.4047 -0.0176 1.1209 111.6067 0.0785 0.0513 0.0349 -0.0081 0.0218 -0.0113 0.0823 0.2132 0.1893
1494720000.0000 81450.0000 -0.4954 0.5072 -0.0210 0.7708 135.6737 0.0514 0.0744 0.0128 0.0366 0.0059 -0.0035 0.0693 0.3030 0.2888
1494720000.0000 81750.0000 -0.5619 0.8893 -0.0458 1.0577 147.7155 0.0138 0.0192 0.0081 -0.0040 0.0030 -0.0046 0.0205 0.1111 0.0997
1494720000.0000 82050.0000 -0.6213 0.4749 -0.0182 0.8013 127.3899 0.0111 0.0415 0.0076 0.0008 0.0022 -0.0043 0.0301 0.1812 0.1694
1494720000.0000 82350.0000 -0.7562 0.5508 -0.0427 0.9525 126.0686 0.0260 0.0665 0.0105 -0.0238 0.0072 -0.0124 0.0515 0.1978 0.1877
1494720000.0000 82650.0000 -0.9133 0.3851 -0.0500 1.0034 112.8623 0.0421 0.0272 0.0233 -0.0067 0.0114 -0.0067 0.0463 0.1770 0.1533
1494720000.0000 82950.0000 -0.4184 0.5748 0.0097 0.7553 143.9501 0.0331 0.0678 0.0127 0.0137 0.0053 -0.0041 0.0568 0.2737 0.2579
1494720000.0000 83250.0000 -0.8003 0.6493 -0.0936 1.0402 129.0555 0.0164 0.0291 0.0130 -0.0052 0.0056 -0.0011 0.0293 0.1350 0.1196
1494720000.0000 83550.0000 -0.8537 0.5153 -0.0349 1.0223 121.1166 0.0306 0.0819 0.0154 -0.0166 0.0067 -0.0118 0.0639 0.2069 0.1942
1494720000.0000 83850.0000 -0.9395 0.4784 -0.0542 1.0740 116.9854 0.0774 0.0543 0.0304 -0.0184 0.0246 -0.0118 0.0811 0.2202 0.1988
1494720000.0000 84150.0000 -0.4190 0.5965 0.0077 0.7485 144.9130 0.0261 0.0194 0.0069 0.0041 0.0034 -0.0006 0.0261 0.1811 0.1688
1494720000.0000 84450.0000 -0.5799 0.7563 -0.0239 0.9645 142.5211 0.0204 0.0120 0.0068 0.0041 0.0047 0.0014 0.0196 0.1199 0.1091
1494720000.0000 84750.0000 -0.6452 0.5163 -0.0010 0.8417 128.6669 0.0146 0.0385 0.0092 -0.0049 0.0002 -0.0049 0.0312 0.1744 0.1610
1494720000.0000 85050.0000 -0.4946 0.1155 0.0090 0.5301 103.1414 0.0250 0.0247 0.0144 -0.0039 0.0077 -0.0039 0.0320 0.2875 0.2532
1494720000.0000 85350.0000 -0.1715 0.3858 0.0164 0.4515 156.0416 0.0216 0.0228 0.0071 0.0024 0.0004 -0.0004 0.0258 0.3101 0.2881
1494720000.0000 85650.0000 -0.5737 0.7390 -0.0341 0.9438 142.1754 0.0134 0.0190 0.0029 -0.0019 -0.0005 -0.0019 0.0177 0.1160 0.1112
1494720000.0000 85950.0000 -0.8407 0.4546 -0.0288 0.9706 118.4017 0.0373 0.0362 0.0184 -0.0085 0.0104 -0.0089 0.0459 0.1830 0.1637
1494720000.0000 86250.0000 -0.9261 0.5081 -0.0452 1.0734 118.7514 0.0361 0.0445 0.0267 -0.0067 0.0104 -0.0077 0.0537 0.1789 0.1552
1494806400.0000 86550.0000 -0.6476 0.3755 -0.0151 0.7678 120.1056 0.0466 0.0206 0.0148 0.0055 0.0058 -0.0033 0.0410 0.2208 0.1999
1494806400.0000 86850.0000 -0.6799 0.6081 -0.0632 0.9181 131.8089 0.0103 0.0175 0.0076 -0.0038 0.0012 0.0012 0.0177 0.1190 0.1056
1494806400.0000 87150.0000 -0.7137 0.7731 -0.0687 1.0759 137.2880 0.0283 0.0460 0.0072 0.0131 0.0042 0.0068 0.0408 0.1563 0.1496
1494806400.0000 87450.0000 -0.7427 0.7759 -0.0645 1.0899 136.2512 0.0203 0.0335 0.0078 0.0058 0.0007 -0.0038 0.0308 0.1332 0.1247
1494806400.0000 87750.0000 -0.8258 0.4703 -0.0522 0.9602 119.6612 0.0249 0.0246 0.0157 -0.0068 0.0087 -0.0050 0.0326 0.1550 0.1352
1494806400.0000 88050.0000 -0.8670 0.4762 -0.0302 1.0047 118.7788 0.0519 0.0405 0.0276 -0.0143 0.0150 -0.0108 0.0601 0.2022 0.1775
1494806400.0000 88350.0000 -0.5283 0.2488 -0.0081 0.6063 115.2163 0.0416 0.0243 0.0134 -0.0017 0.0084 -0.0016 0.0396 0.2783 0.2537
1494806400.0000 88650.0000 -0.4500 0.7568 -0.0352 0.8864 149.2631 0.0174 0.0206 0.0037 -0.0094 0.0012 -0.0006 0.0208 0.1337 0.1278
1494806400.0000 88950.0000 -0.6507 0.4575 -0.0239 0.8199 125.1069 0.0244 0.0625 0.0114 -0.0113 0.0035 -0.0054 0.0492 0.2275 0.2140
1494806400.0000 89250.0000 -0.4372 0.2766 0.0053 0.5496 122.3197 0.0293 0.0303 0.0169 0.0067 0.0064 0.0010 0.0383 0.3088 0.2726
1494806400.0000 89550.0000 -0.6777 0.6120 -0.0527 0.9190 132.0821 0.0211 0.0158 0.0059 -0.0084 0.0027 -0.0022 0.0214 0.1306 0.1215
1494806400.0000 89850.0000 -0.7582 0.4247 -0.0327 0.8841 119.2545 0.0196 0.0376 0.0153 -0.0071 0.0058 -0.0077 0.0362 0.1787 0.1588
1494806400.0000 90150.0000 -0.6770 0.4320 -0.0287 0.8227 122.5416 0.0344 0.0359 0.0217 -0.0044 0.0108 -0.0076 0.0460 0.2179 0.1906
1494806400.0000 90450.0000 -0.7932 0.4198 -0.0556 0.9185 117.8907 0.0271 0.0392 0.0168 0.0038 0.0058 -0.0077 0.0416 0.1852 0.1658
1494806400.0000 90750.0000 -0.7775 0.4237 -0.0350 0.9043 118.5909 0.0454 0.0490 0.0205 -0.0132 0.0122 -0.0041 0.0574 0.2208 0.2003
1494806400.0000 91050.0000 -0.8322 0.5690 -0.0862 1.0180 124.3617 0.0312 0.0238 0.0141 -0.0071 0.0106 -0.0033 0.0345 0.1500 0.1343
1494806400.0000 91350.0000 -0.8098 0.8297 -0.0824 1.1613 135.6937 0.0050 0.0060 0.0035 -0.0011 0.0009 -0.0000 0.0073 0.0599 0.0523
1494806400.0000 91650.0000 -0.9025 0.6157 -0.0786 1.1031 124.3023 0.0179 0.0315 0.0116 -0.0045 0.0052 -0.0061 0.0306 0.1303 0.1176
1494806400.0000 91950.0000 -0.8981 0.5138 -0.0486 1.0463 119.7738 0.0321 0.0327 0.0189 -0.0093 0.0092 -0.0061 0.0419 0.1613 0.1420
1494806400.0000 92250.0000 -1.1245 0.5769 -0.0412 1.2845 117.1593 0.0623 0.0496 0.0376 0.0032 0.0168 -0.0070 0.0747 0.1765 0.1528
1494806400.0000 92550.0000 -0.8785 0.6016 -0.0580 1.0933 124.4037 0.0425 0.0689 0.0187 0.0078 0.0087 -0.0045 0.0651 0.1953 0.1810
1494806400.0000 92850.0000 -0.8481 0.8450 -0.0639 1.2175 134.8968 0.0375 0.0438 0.0112 0.0090 0.0006 -0.0023 0.0462 0.1465 0.1375
1494806400.0000 93150.0000 -1.1340 0.6910 -0.1032 1.3418 121.3552 0.0459 0.0392 0.0276 -0.0043 0.0182 -0.0029 0.0564 0.1455 0.1268
1494806400.0000 93450.0000 -1.0141 1.0668 -0.1322 1.4785 136.4515 0.0176 0.0307 0.0082 -0.0050 0.0015 -0.0000 0.0283 0.0929 0.0862
1494806400.0000 93750.0000 -1.1964 0.8762 -0.1185 1.5077 126.2191 0.0498 0.1318 0.0331 -0.0327 0.0185 -0.0321 0.1074 0.1798 0.1659
1494806400.0000 94050.0000 -1.1305 0.6740 -0.0162 1.3356 120.8050 0.0617 0.0691 0.0449 -0.0169 0.0257 -0.0187 0.0878 0.1838 0.1586
1494806400.0000 94350.0000 -1.1837 0.7608 -0.0568 1.4253 122.7308 0.0656 0.0603 0.0389 -0.0100 0.0181 -0.0120 0.0824 0.1664 0.1456
1494806400.0000 94650.0000 -1.6125 1.0442 -0.1898 1.9397 122.9261 0.0783 0.0864 0.0504 -0.0150 0.0300 -0.0176 0.1076 0.1387 0.1220
1494806400.0000 94950.0000 -1.0492 0.9184 -0.0976 1.4201 131.1970 0.0579 0.0780 0.0309 0.0058 0.0099 -0.0101 0.0834 0.1687 0.1526
1494806400.0000 95250.0000 -1.2049 0.9764 -0.1383 1.5789 129.0196 0.0333 0.1061 0.0229 0.0086 0.0105 0.0005 0.0812 0.1494 0.1390
1494806400.0000 95550.0000 -1.1931 0.7012 -0.1349 1.4088 120.4421 0.0891 0.0550 0.0350 0.0049 0.0233 -0.0019 0.0895 0.1757 0.1584
1494806400.0000 95850.0000 -1.0679 0.5797 -0.0493 1.2506 118.4937 0.0817 0.0717 0.0264 0.0187 0.0165 -0.0077 0.0899 0.2013 0.1861
1494806400.0000 96150.0000 -1.0895 1.0766 -0.1552 1.5448 134.6601 0.0441 0.0495 0.0193 -0.0069 0.0049 -0.0047 0.0565 0.1260 0.1153
1494806400.0000 96450.0000 -1.2870 0.8568 -0.0852 1.5771 123.6555 0.0835 0.1011 0.0487 0.0001 0.0216 -0.0218 0.1167 0.1801 0.1604
1494806400.0000 96750.0000 -0.8730 0.6449 -0.0353 1.1220 126.4555 0.0878 0.0854 0.0488 -0.0043 0.0203 -0.0205 0.1110 0.2505 0.2214
1494806400.0000 97050.0000 -1.0731 0.9409 -0.0933 1.4378 131.2442 0.0316 0.0651 0.0141 -0.0221 -0.0004 0.0016 0.0554 0.1344 0.1258
1494806400.0000 97350.0000 -1.1050 0.9523 -0.0991 1.4712 130.7552 0.0525 0.0996 0.0217 -0.0488 0.0107 -0.0134 0.0869 0.1646 0.1544
1494806400.0000 97650.0000 -0.9808 0.4970 -0.0159 1.1209 116.8722 0.0574 0.0465 0.0363 0.0016 0.0150 -0.0064 0.0701 0.1965 0.1692
1494806400.0000 97950.0000 -1.1801 0.4930 -0.0038 1.3048 112.6748 0.0879 0.0639 0.0422 -0.0036 0.0232 -0.0129 0.0970 0.1989 0.1759
1494806400.0000 98250.0000 -0.7960 0.7820 -0.0529 1.1375 134.4920 0.0295 0.0595 0.0146 0.0031 0.0043 -0.0095 0.0518 0.1664 0.1543
1494806400.0000 98550.0000 -0.9858 0.8265 -0.1578 1.2935 129.9773 0.0275 0.0284 0.0146 -0.0100 0.0067 -0.0027 0.0352 0.1183 0.1061
1494806400.0000 98850.0000 -1.0425 0.8382 -0.0562 1.3800 128.8001 0.0457 0.2717 0.0195 -0.0695 0.0099 -0.0109 0.1684 0.2503 0.2432
1494806400.0000 99150.0000 -1.1262 0.7104 -0.0167 1.3532 122.2410 0.0753 0.0733 0.0441 -0.0163 0.0180 -0.0135 0.0963 0.1903 0.1671
1494806400.0000 99450.0000 -0.8158 0.5192 0.0333 1.0226 122.4735 0.1569 0.0870 0.0434 -0.0099 0.0260 -0.0150 0.1437 0.3198 0.2948
1494806400.0000 99750.0000 -0.5797 0.7644 -0.0358 0.9705 142.8262 0.0524 0.0424 0.0099 -0.0308 0.0105 -0.0070 0.0524 0.1946 0.1853
1494806400.0000 100050.0000 -0.8404 0.5410 -0.0165 1.0276 122.7708 0.0693 0.0885 0.0281 -0.0210 0.0052 -0.0131 0.0929 0.2490 0.2295
1494806400.0000 100350.0000 -0.6039 0.3098 0.0284 0.7251 117.1568 0.0710 0.0585 0.0347 0.0003 -0.0052 -0.0141 0.0821 0.3445 0.3062
1494806400.0000 100650.0000 -1.0432 0.5859 0.0331 1.2255 119.3207 0.0918 0.0901 0.0404 -0.0225 0.0214 -0.0136 0.1112 0.2274 0.2058
1494806400.0000 100950.0000 -0.9060 0.5160 0.0031 1.0709 119.6656 0.0787 0.0901 0.0392 -0.0318 0.0232 -0.0115 0.1040 0.2526 0.2275
1494806400.0000 101250.0000 -0.6874 0.2744 0.0900 0.7864 111.7601 0.0719 0.0831 0.0297 -0.0088 0.0084 -0.0088 0.0924 0.3329 0.3072
1494806400.0000 101550.0000 -0.7917 0.4454 0.0065 0.9415 119.3585 0.1031 0.0639 0.0386 -0.0164 0.0212 -0.0091 0.1028 0.2882 0.2598
1494806400.0000 101850.0000 -1.0812 0.5380 0.0288 1.2283 116.4529 0.1139 0.0498 0.0401 -0.0127 0.0204 -0.0115 0.1019 0.2157 0.1934
1494806400.0000 102150.0000 -1.0292 0.4647 -0.0525 1.1548 114.2981 0.0911 0.0893 0.0511 -0.0393 0.0096 0.0001 0.1158 0.2457 0.2171
1494806400.0000 102450.0000 -1.0677 0.6409 -0.1493 1.2637 120.9743 0.0505 0.0604 0.0340 -0.0127 0.0214 -0.0069 0.0725 0.1753 0.1544
1494806400.0000 102750.0000 -1.0992 0.6850 -0.0352 1.3146 121.9289 0.0985 0.0756 0.0523 -0.0333 0.0293 -0.0209 0.1132 0.2121 0.1860
1494806400.0000 103050.0000 -0.8167 0.4295 -0.0750 0.9395 117.7412 0.0407 0.0502 0.0205 -0.0170 0.0131 -0.0071 0.0557 0.2081 0.1886
1494806400.0000 103350.0000 -1.3082 1.0003 -0.1290 1.6881 127.4037 0.0649 0.2135 0.0390 -0.0301 0.0207 0.0098 0.1587 0.1969 0.1850
1494806400.0000 103650.0000 -1.1223 0.9571 -0.0876 1.5009 130.4566 0.0470 0.1266 0.0314 -0.0167 0.0124 -0.0107 0.1025 0.1769 0.1631
1494806400.0000 103950.0000 -0.8052 0.2567 -0.0410 0.8747 107.6846 0.0429 0.0483 0.0228 0.0071 0.0076 0.0042 0.0570 0.2303 0.2063
1494806400.0000 104250.0000 -0.9827 0.8680 -0.0981 1.3362 131.4553 0.0386 0.0626 0.0229 0.0112 0.0067 -0.0065 0.0621 0.1547 0.1401
1494806400.0000 104550.0000 -0.9980 0.5489 0.0067 1.1701 118.8092 0.1166 0.0877 0.0303 -0.0285 0.0192 -0.0123 0.1173 0.2455 0.2291
1494806400.0000 104850.0000 -0.9999 0.6206 -0.0404 1.2033 121.8252 0.0672 0.0943 0.0362 -0.0283 0.0174 -0.0071 0.0988 0.2180 0.1971
1494806400.0000 105150.0000 -1.0282 0.7110 -0.1174 1.2688 124.6623 0.0636 0.0916 0.0288 -0.0371 0.0117 -0.0022 0.0920 0.1972 0.1819
1494806400.0000 105450.0000 -1.0842 0.7282 -0.1117 1.3246 123.8875 0.0373 0.0844 0.0294 -0.0199 0.0075 -0.0095 0.0756 0.1712 0.1542
1494806400.0000 105750.0000 -1.0945 0.8401 -0.1791 1.4118 127.5084 0.0624 0.1213 0.0521 -0.0131 0.0186 -0.0145 0.1179 0.2015 0.1793
1494806400.0000 106050.0000 -0.3438 0.2259 0.0404 0.6023 123.3102 0.2977 0.1641 0.0175 -0.1904 -0.0031 0.0036 0.2396 0.9670 0.9537
1494806400.0000 106350.0000 -0.2518 0.1261 -0.0120 0.5018 116.5942 0.2550 0.1027 0.0164 -0.1405 0.0216 -0.0140 0.1870 1.2528 1.2261
1494806400.0000 106650.0000 -0.8486 0.6099 -0.0547 1.0792 125.7074 0.0461 0.1180 0.0268 -0.0253 0.0084 -0.0040 0.0955 0.2411 0.2238
1494806400.0000 106950.0000 -0.8261 0.5064 0.0270 0.9948 121.5088 0.0526 0.1006 0.0199 -0.0340 -0.0005 0.0033 0.0865 0.2478 0.2332
1494806400.0000 107250.0000 -0.7991 0.6526 -0.0487 1.0774 129.2367 0.1144 0.0807 0.0292 -0.0073 0.0129 0.0050 0.1122 0.2647 0.2472
1494806400.0000 107550.0000 -0.7492 0.8959 -0.0017 1.2488 140.0959 0.0712 0.1925 0.0365 0.0692 0.0211 0.0226 0.1501 0.2709 0.2539
1494806400.0000 107850.0000 -0.8517 0.6153 -0.0175 1.0746 125.8472 0.0386 0.0638 0.0222 -0.0031 0.0070 -0.0116 0.0623 0.1939 0.1758
1494806400.0000 108150.0000 -0.7748 0.5932 -0.0229 1.0340 127.4372 0.0766 0.1365 0.0444 0.0171 0.0107 -0.0163 0.1288 0.3002 0.2731
1494806400.0000 108450.0000 -0.9108 0.8093 -0.0678 1.2688 131.6210 0.1318 0.1605 0.0735 0.0074 0.0272 -0.0146 0.1829 0.2861 0.2562
1494806400.0000 108750.0000 -0.7729 0.8167 -0.0422 1.1777 136.5809 0.0931 0.0886 0.0445 0.0167 0.0100 -0.0017 0.1131 0.2440 0.2189
1494806400.0000 109050.0000 -0.5684 0.5875 -0.0982 0.8737 135.9466 0.0905 0.0698 0.0529 0.0047 0.0115 0.0241 0.1066 0.3239 0.2828
1494806400.0000 109350.0000 -0.6249 0.9367 -0.1265 1.2643 146.2929 0.4438 0.3149 0.1470 -0.0590 0.0545 0.0302 0.4528 0.4849 0.4466
1494806400.0000 109650.0000 -0.7507 0.9345 -0.0071 1.3072 141.2234 0.2320 0.1982 0.1177 0.0472 0.0454 0.0104 0.2740 0.3565 0.3159
1494806400.0000 109950.0000 -0.7086 0.6823 -0.1342 1.0846 133.9184 0.2665 0.1474 0.1164 0.0416 0.0638 0.0437 0.2652 0.4235 0.3776
1494806400.0000 110250.0000 -0.9402 0.8370 -0.1251 1.3461 131.6760 0.2114 0.1856 0.1690 0.0380 0.0743 0.0569 0.2830 0.3434 0.2890
1494806400.0000 110550.0000 -0.9213 0.8657 -0.1317 1.3418 133.2186 0.1774 0.1709 0.1067 0.0234 0.0272 0.0289 0.2275 0.3064 0.2695
1494806400.0000 110850.0000 -0.6088 0.8548 -0.1374 1.1417 144.5415 0.1815 0.2000 0.1143 -0.0124 0.0153 0.0511 0.2479 0.3841 0.3398
1494806400.0000 111150.0000 -0.7609 1.1835 -0.1477 1.4606 147.2601 0.1631 0.1468 0.1109 -0.0094 0.0328 0.0023 0.2104 0.2647 0.2284
1494806400.0000 111450.0000 -1.0369 0.8541 -0.1192 1.4032 129.4811 0.1581 0.2434 0.0985 -0.0487 0.0460 -0.0043 0.2500 0.3027 0.2723
1494806400.0000 111750.0000 -0.9012 0.4520 -0.1987 1.1655 116.6361 0.2912 0.2958 0.2541 0.0265 0.0811 0.0594 0.4205 0.5152 0.4387
1494806400.0000 112050.0000 -0.9046 1.1879 0.0204 1.5576 142.7091 0.3511 0.2066 0.1141 -0.0933 0.0325 -0.0034 0.3359 0.3169 0.2888
1494806400.0000 112350.0000 -1.0057 0.8550 -0.2632 1.4771 130.3693 0.4131 0.3526 0.2447 -0.0300 0.1212 0.0856 0.5052 0.4311 0.3827
1494806400.0000 112650.0000 -1.1463 0.7746 -0.2171 1.5259 124.0481 0.2558 0.3567 0.2699 0.0655 0.0790 0.0439 0.4412 0.3873 0.3266
1494806400.0000 112950.0000 -1.8806 0.0543 -0.2938 1.9996 91.6542 0.6661 0.3933 0.3974 0.0111 0.3119 0.0569 0.7284 0.3659 0.3158
1494806400.0000 113250.0000 -1.4431 -0.1773 -0.2313 1.6120 82.9945 0.3714 0.4604 0.3111 0.0070 0.1484 0.0108 0.5715 0.4193 0.3622
1494806400.0000 113550.0000 -1.0928 -0.2582 -0.3649 1.3211 76.7072 0.5809 0.4662 0.4087 0.1098 0.2509 0.1467 0.7279 0.5900 0.5261
1494806400.0000 113850.0000 -1.0107 0.6090 -0.1202 1.3467 121.0711 0.4390 0.3992 0.3150 0.0890 0.1439 0.0630 0.5766 0.5227 0.4480
1494806400.0000 114150.0000 -0.7010 0.0966 -0.1488 1.1234 97.8459 0.4856 0.7005 0.1816 -0.0189 0.0753 0.0361 0.6839 0.9337 0.8885
1494806400.0000 114450.0000 -0.6784 -0.2187 -0.2140 1.0839 72.1305 0.7509 0.3628 0.3042 0.1958 0.1802 0.0843 0.7090 0.9238 0.8548
1494806400.0000 114750.0000 -0.5493 0.5559 0.0419 1.1156 135.3464 0.5799 0.3718 0.2256 -0.0635 0.0982 -0.0408 0.5887 0.8004 0.7207
1494806400.0000 115050.0000 -1.1753 1.1606 -0.1363 1.7458 134.6403 0.2713 0.4099 0.2077 -0.0386 0.0985 0.0238 0.4445 0.3284 0.2885
1494806400.0000 115350.0000 -1.0686 1.0855 -0.1600 1.6233 135.4501 0.1794 0.3478 0.1468 -0.0110 0.0842 -0.0004 0.3370 0.3095 0.2752
1494806400.0000 115650.0000 -0.8951 0.9159 -0.0916 1.3843 135.6573 0.2449 0.2530 0.1913 -0.0020 0.0559 0.0196 0.3446 0.3733 0.3181
1494806400.0000 115950.0000 -0.6258 1.2396 0.0503 1.4888 153.2125 0.1736 0.4197 0.1711 0.0332 0.0322 0.0483 0.3822 0.3633 0.3202
1494806400.0000 116250.0000 -1.0772 0.4723 -0.2912 1.4117 113.6766 0.5290 0.5817 0.3128 -0.1166 0.1738 0.0150 0.7118 0.5685 0.5173
1494806400.0000 116550.0000 -0.4137 0.7781 0.0793 1.2615 151.9995 0.3527 0.7462 0.3171 0.0923 -0.0081 0.0873 0.7080 0.7765 0.6868
1494806400.0000 116850.0000 -0.2019 0.4632 0.0167 0.7697 156.4503 0.1990 0.3697 0.1942 0.0522 0.0768 0.1061 0.3815 0.9976 0.8618
1494806400.0000 117150.0000 -0.9216 0.1493 -0.1030 1.2933 99.2002 0.7995 0.6902 0.4121 0.1240 0.2849 0.1309 0.9509 0.8477 0.7548
1494806400.0000 117450.0000 -1.2710 0.4709 -0.1394 1.5555 110.3306 0.5801 0.5700 0.3776 -0.0136 0.2239 0.0567 0.7638 0.5237 0.4568
1494806400.0000 117750.0000 -1.3000 0.1524 -0.2029 1.6397 96.6869 0.9333 0.7174 0.5948 0.2146 0.3686 0.1962 1.1228 0.6532 0.5667
1494806400.0000 118050.0000 -1.1881 0.1518 -0.2537 1.6462 97.2815 0.8262 1.0363 0.3267 -0.1609 0.1803 0.1285 1.0946 0.6977 0.6578
1494806400.0000 118350.0000 -1.1859 0.4414 -0.2861 1.6595 110.4166 0.8276 0.8253 0.6325 -0.0783 0.2900 -0.0256 1.1427 0.6728 0.5866
1494806400.0000 118650.0000 -0.6903 0.1192 -0.1418 1.3206 99.7943 0.7145 1.0918 0.3911 -0.0458 0.1219 0.0160 1.0987 1.1975 1.1077
1494806400.0000 118950.0000 -0.8225 1.3745 -0.1079 1.8014 149.1033 0.5400 0.7183 0.3716 -0.0447 0.1358 0.0820 0.8150 0.4591 0.4043
1494806400.0000 119250.0000 -1.3157 0.5799 -0.4333 1.5876 113.7845 0.5122 0.3149 0.4202 0.0716 0.1826 0.1252 0.6237 0.4294 0.3652
1494806400.0000 119550.0000 -1.2120 -0.3700 -0.5680 1.6396 73.0260 1.1497 0.8832 0.4943 -0.0034 0.4055 0.1747 1.2636 0.6609 0.6496
1494806400.0000 119850.0000 -0.9774 -0.0493 -0.2487 1.4553 87.1116 0.5883 1.3421 0.3900 0.3320 0.2385 0.2975 1.1602 0.8709 0.8196
1494806400.0000 120150.0000 -0.3167 0.0519 -0.0050 0.9973 99.3061 0.5682 0.5917 0.2419 0.0295 0.1146 0.0578 0.7009 2.1301 1.9378
1494806400.0000 120450.0000 -0.4441 -0.1381 -0.1382 1.1277 72.7268 0.8065 0.6939 0.4120 -0.2452 0.1494 0.1875 0.9562 1.6456 1.5206
1494806400.0000 120750.0000 -1.0353 0.0543 -0.2020 1.5782 93.0018 0.7179 1.1708 0.3689 -0.1167 0.1716 0.1369 1.1288 0.8213 0.7653
1494806400.0000 121050.0000 0.4486 0.5773 -0.0551 1.0530 217.8481 0.4441 0.2936 0.1667 -0.1536 0.0415 -0.0555 0.4522 0.7489 0.6783
1494806400.0000 121350.0000 -0.0609 -0.0446 0.0085 0.8673 53.7898 0.6793 0.3015 0.3415 0.1684 0.2376 0.0377 0.6612 8.7392 7.5737
1494806400.0000 121650.0000 0.3475 -0.2933 -0.0496 1.1037 310.1672 0.7438 0.6228 0.3236 -0.0125 0.1288 0.1786 0.8451 1.6409 1.4843
1494806400.0000 121950.0000 -0.6404 0.3862 -0.2266 1.0509 121.0921 0.4596 0.4385 0.3960 -0.0051 0.1321 0.1082 0.6470 0.8405 0.7316
1494806400.0000 122250.0000 -0.3308 -0.0714 -0.1778 1.3555 77.8160 1.0934 0.9973 0.3239 -0.4561 0.1608 -0.0533 1.2073 2.3467 2.4665
1494806400.0000 122550.0000 0.6450 -1.5640 -0.1553 1.8900 337.5876 0.6918 0.8212 0.5244 -0.0453 0.1253 0.1837 1.0187 0.4851 0.4198
1494806400.0000 122850.0000 0.4748 0.2446 -0.1498 1.2045 242.7443 0.5052 1.2287 0.4149 0.1607 0.0246 0.3814 1.0744 1.5257 1.4234
1494806400.0000 123150.0000 1.1802 -0.6992 0.1039 1.5535 300.6447 0.3854 0.4873 0.2001 0.1327 0.0105 0.1244 0.5364 0.4347 0.3932
1494806400.0000 123450.0000 -0.2744 -1.3894 -0.2606 1.6325 11.1727 0.6884 0.6313 0.5003 0.2212 0.2072 0.2660 0.9100 0.5409 0.4683
1494806400.0000 123750.0000 -0.3032 0.4755 -0.2369 1.1142 147.4813 0.3218 1.2168 0.2324 0.0111 0.0593 0.2416 0.8855 1.2561 1.2699
1494806400.0000 124050.0000 -0.0947 0.2754 -0.0250 1.0242 161.0273 0.9724 0.3041 0.3786 0.1981 0.4289 0.0762 0.8276 2.5417 2.2403
1494806400.0000 124350.0000 0.0470 1.2985 0.0185 1.7630 182.0728 0.9007 1.7662 0.2044 -0.8448 -0.0239 0.0712 1.4357 0.7528 0.7256
1494806400.0000 124650.0000 -0.2319 0.3395 0.1036 1.2549 145.6637 0.7663 0.9882 0.3451 0.1593 0.0204 -0.0722 1.0498 1.9733 1.8602
1494806400.0000 124950.0000 -0.0921 1.2837 0.0188 1.5241 175.8977 0.5892 0.5992 0.2323 -0.2974 -0.0769 -0.0243 0.7104 0.5347 0.4890
1494806400.0000 125250.0000 -0.7749 1.4022 0.0349 1.7798 151.0743 0.8864 0.8391 0.2612 -0.5165 0.1539 -0.1072 0.9934 0.5078 0.4734
1494806400.0000 125550.0000 -0.4003 0.9601 -0.1761 1.2591 157.3674 0.3072 0.4042 0.3018 -0.0579 -0.0369 0.1188 0.5066 0.5509 0.4682
1494806400.0000 125850.0000 -0.4955 0.2259 -0.4635 1.3197 114.5062 0.4839 1.3982 0.2832 -0.1954 0.0348 0.0090 1.0827 1.1881 1.4546
1494806400.0000 126150.0000 -0.6647 0.5676 -0.1183 1.1747 130.4948 0.7418 0.5497 0.3030 -0.3144 0.1916 -0.0320 0.7972 0.8265 0.7506
1494806400.0000 126450.0000 -1.4484 1.9165 -0.1812 2.4754 142.9189 0.7341 0.6860 0.2367 -0.4225 0.1596 -0.0679 0.8284 0.3085 0.2864
1494806400.0000 126750.0000 -0.7785 1.2079 0.0215 1.6191 147.1986 0.5809 0.5395 0.2722 -0.0971 0.1308 -0.0157 0.6963 0.4741 0.4253
1494806400.0000 127050.0000 -0.1781 1.6898 -0.2363 2.0499 173.9845 1.4040 1.2207 0.2338 -0.9876 0.0443 -0.0242 1.4293 0.5690 0.5505
1494806400.0000 127350.0000 -0.2320 0.4876 -0.0187 1.1653 154.5585 0.8915 0.4766 0.2168 -0.3381 0.0612 -0.0190 0.7924 1.3452 1.2506
1494806400.0000 127650.0000 -1.3629 1.4757 -0.1901 2.2374 137.2757 0.9619 1.5221 0.3085 -0.3663 0.2246 -0.0141 1.3962 0.4781 0.4530
1494806400.0000 127950.0000 -1.1055 2.2283 -0.3127 2.7038 153.6143 1.2041 0.4230 0.2151 -0.0572 0.1729 -0.0761 0.9211 0.3126 0.2961
1494806400.0000 128250.0000 -0.3867 0.5880 -0.2750 1.1827 146.6666 0.5426 0.5952 0.2146 0.1842 -0.1109 -0.0086 0.6762 0.8886 0.8751
1494806400.0000 128550.0000 -1.4689 2.6340 -0.1406 3.1415 150.8526 0.9917 1.6775 0.3586 -0.6193 0.1751 -0.1789 1.5138 0.3327 0.3128
1494806400.0000 128850.0000 -1.5023 1.7734 -0.1466 2.4821 139.7315 0.5790 0.6742 0.2815 0.0946 0.1481 0.0613 0.7673 0.3071 0.2781
1494806400.0000 129150.0000 0.6760 0.2429 0.1044 1.5570 250.2355 0.8855 1.2954 0.2185 -0.6049 0.2246 -0.1827 1.1997 1.2321 1.1870
1494806400.0000 129450.0000 -0.5528 1.2641 0.0024 1.8953 156.3812 0.9977 1.3694 0.2173 -0.7577 0.2189 -0.1093 1.2922 0.6727 0.6438
1494806400.0000 129750.0000 -1.0767 0.9994 -0.0634 1.7197 132.8686 0.5420 0.7664 0.3129 0.0914 0.1982 0.0115 0.8107 0.5000 0.4495
1494806400.0000 130050.0000 -1.0108 1.8580 -0.0513 2.2460 151.4542 0.5328 0.6901 0.2097 -0.0230 0.1122 -0.0507 0.7163 0.3266 0.3018
1494806400.0000 130350.0000 -0.8187 1.6165 -0.0133 1.9039 153.1408 0.3868 0.4236 0.1557 -0.0711 0.1125 -0.0252 0.4831 0.3132 0.2868
1494806400.0000 130650.0000 -1.0647 0.4119 -0.1214 1.7020 111.1484 0.3384 1.7616 0.2504 -0.0513 0.0905 -0.1106 1.1752 0.7711 0.7329
1494806400.0000 130950.0000 -0.6938 0.5786 0.0411 1.0435 129.8259 0.3838 0.2214 0.2114 0.0129 0.1245 0.0059 0.4083 0.5769 0.4972
1494806400.0000 131250.0000 -0.8060 1.4376 -0.0371 1.7124 150.7216 0.3438 0.4106 0.1633 -0.2029 0.0545 -0.0690 0.4589 0.3355 0.3043
1494806400.0000 131550.0000 0.4263 0.4687 0.0551 0.8409 222.2854 0.2193 0.3094 0.1462 -0.0461 0.0274 -0.0561 0.3374 0.7458 0.6626
1494806400.0000 131850.0000 0.9315 0.2654 0.0907 1.0889 254.0990 0.3235 0.2077 0.1275 -0.0059 0.0363 -0.0149 0.3293 0.4816 0.4344
1494806400.0000 132150.0000 -0.6308 0.5905 -0.0589 1.0491 133.1098 0.3935 0.2714 0.3464 -0.0606 0.0205 0.0272 0.5057 0.6704 0.5448
1494806400.0000 132450.0000 0.0229 0.4684 0.0385 0.9572 182.7935 0.4659 0.6855 0.1749 -0.4376 -0.0352 0.0405 0.6632 1.4131 1.3210
1494806400.0000 132750.0000 -1.4824 0.7523 -0.2803 1.8278 116.9072 0.3719 0.6848 0.2094 -0.0136 0.1244 0.0621 0.6330 0.3853 0.3570
1494806400.0000 133050.0000 -0.0244 -0.0105 -0.4386 0.4732 66.6076 0.1910 0.0990 0.0487 -0.0149 0.0127 0.0058 0.1693 0.7646 11.7007
1494806400.0000 133350.0000 0.3200 -0.2290 -0.0132 0.6239 305.5908 0.2073 0.1157 0.0760 0.0146 0.0048 0.0083 0.1995 0.9262 0.8338
1494806400.0000 133650.0000 0.2261 -0.1736 -0.1497 0.7015 307.5214 0.3186 0.1515 0.1025 -0.1442 0.0478 -0.0368 0.2864 1.3571 1.3887
1494806400.0000 133950.0000 0.1942 0.4018 -0.4239 0.9076 205.7952 0.4753 0.2996 0.1671 -0.0040 0.0211 0.0367 0.4710 0.9104 1.1389
1494806400.0000 134250.0000 0.4576 0.5515 -0.1562 1.1145 219.6842 0.3447 0.7407 0.1746 -0.2065 0.0341 0.0105 0.6300 0.8837 0.8394
1494806400.0000 134550.0000 -0.5813 1.2899 -0.0734 1.7291 155.7417 1.0377 0.4564 0.2174 0.1059 0.1405 0.0443 0.8558 0.5331 0.4988
1494806400.0000 134850.0000 -0.4004 0.5791 -0.1452 1.1591 145.3362 0.4864 0.7069 0.2721 0.2215 0.1374 0.1138 0.7327 0.9723 0.8958
1494806400.0000 135150.0000 0.0703 -0.8384 0.0051 0.9833 355.2063 0.2235 0.2167 0.2304 0.0188 0.0321 0.0576 0.3353 0.5620 0.4553
1494806400.0000 135450.0000 0.5900 -0.7518 -0.0672 1.2172 321.8735 0.6828 0.1855 0.2541 -0.0184 0.0463 0.0021 0.5612 0.6385 0.5630
1494806400.0000 135750.0000 1.4637 -0.6257 -0.0910 1.6955 293.1474 0.1755 0.3716 0.1485 0.0104 0.0158 0.0538 0.3478 0.3020 0.2682
1494806400.0000 136050.0000 0.0977 0.4570 -0.0558 1.0655 192.0697 0.7144 0.5829 0.2427 -0.3390 0.1043 -0.0956 0.7700 1.5224 1.4073
1494806400.0000 136350.0000 -0.5624 1.4000 -0.0550 1.6868 158.1131 0.5104 0.6110 0.3435 -0.2696 0.1306 0.0123 0.7324 0.4628 0.4052
1494806400.0000 136650.0000 -0.5622 1.8114 -0.0599 2.1258 162.7581 0.9176 0.8962 0.2354 -0.2504 0.0110 0.0227 1.0246 0.4356 0.4100
1494806400.0000 136950.0000 -0.0268 0.8890 0.0768 1.2422 178.2731 0.4166 0.5094 0.1531 -0.1527 0.0273 -0.0799 0.5395 0.6718 0.6246
1494806400.0000 137250.0000 0.2888 1.2945 -0.0225 1.4581 192.5766 0.3230 0.1765 0.1387 0.0475 -0.0497 -0.0350 0.3191 0.3477 0.3076
1494806400.0000 137550.0000 0.5265 0.1621 0.0539 0.6924 252.8872 0.1275 0.1349 0.1148 -0.0296 -0.0038 -0.0550 0.1886 0.6406 0.5369
1494806400.0000 137850.0000 0.9903 -0.6889 -0.0354 1.2895 304.8232 0.2202 0.3470 0.2525 -0.1074 -0.0204 0.1015 0.4099 0.4331 0.3605
1494806400.0000 138150.0000 1.0396 -0.6147 0.0019 1.3384 300.5956 0.1727 0.3420 0.1363 -0.0181 -0.0249 0.0154 0.3255 0.3857 0.3429
1494806400.0000 138450.0000 0.7042 0.4284 -0.2029 0.9459 238.6820 0.2765 0.1531 0.0881 0.0860 0.0078 0.0149 0.2588 0.4893 0.4591
1494806400.0000 138750.0000 -0.4790 0.8071 -0.1245 1.0069 149.3121 0.1881 0.4229 0.0883 -0.1299 -0.0053 0.0081 0.3497 0.5100 0.4809
1494806400.0000 139050.0000 -0.6248 0.9942 0.1172 1.2238 147.8550 0.1086 0.2118 0.0777 -0.0213 0.0311 0.0044 0.1990 0.3087 0.2783
1494806400.0000 139350.0000 -0.8312 1.1291 -0.0694 1.5047 143.6397 0.2946 0.4399 0.1570 -0.0089 0.0717 -0.0014 0.4457 0.3883 0.3529
1494806400.0000 139650.0000 -0.4115 1.6049 -0.0312 1.7583 165.6176 0.2936 0.7778 0.1071 -0.0015 0.0317 -0.0927 0.5893 0.3782 0.3607
1494806400.0000 139950.0000 -0.0783 0.5240 -0.0698 0.6237 171.5034 0.0738 0.0830 0.0792 0.0052 -0.0037 0.0183 0.1180 0.5249 0.4315
1494806400.0000 140250.0000 0.6574 -0.0626 -0.0763 0.6882 275.4373 0.0589 0.0342 0.0623 -0.0075 0.0172 -0.0165 0.0777 0.3424 0.2667
1494806400.0000 140550.0000 0.2991 -0.0263 -0.1218 0.3348 275.0221 0.0210 0.0203 0.0211 0.0052 0.0032 -0.0040 0.0312 0.4452 0.3910
1494806400.0000 140850.0000 0.0928 0.2771 -0.2279 0.4854 198.5103 0.1346 0.0543 0.1039 -0.0059 0.0544 -0.0118 0.1464 0.8429 0.8585
1494806400.0000 141150.0000 -0.1777 0.7363 -0.0494 0.9149 166.4328 0.2937 0.1503 0.0886 -0.1131 0.0285 -0.0125 0.2663 0.5550 0.5079
1494806400.0000 141450.0000 -0.4995 1.1273 -0.0445 1.3009 156.1016 0.1563 0.1074 0.0745 0.0176 0.0069 -0.0166 0.1691 0.2722 0.2405
1494806400.0000 141750.0000 -0.4706 1.0381 -0.0818 1.3287 155.6152 0.1901 0.5185 0.1984 -0.0025 0.0101 -0.0269 0.4535 0.4812 0.4264
1494806400.0000 142050.0000 -0.3133 -0.7325 -0.2567 1.0556 23.1574 0.4413 0.1455 0.1554 0.0094 0.1001 0.0249 0.3711 0.5942 0.5551
1494806400.0000 142350.0000 -0.2058 0.1996 -0.0387 0.6690 134.1220 0.1823 0.3093 0.1474 -0.1054 0.0030 0.0519 0.3195 1.5955 1.4121
1494806400.0000 142650.0000 -0.2363 -0.2392 -0.0094 0.5481 44.6454 0.1500 0.1194 0.1216 -0.0076 0.0422 0.0241 0.1955 1.0734 0.8914
1494806400.0000 142950.0000 0.2495 0.3490 0.0604 0.5773 215.5581 0.1627 0.0909 0.1357 0.0368 -0.0452 -0.0448 0.1946 0.8314 0.6777
1494806400.0000 143250.0000 0.0290 0.7661 -0.2486 0.8237 182.1703 0.0967 0.0821 0.0832 -0.0247 -0.0163 0.0025 0.1310 0.3667 0.3185
1494806400.0000 143550.0000 0.8008 0.0971 0.0205 0.9134 263.0834 0.1845 0.1601 0.1539 0.0296 -0.0692 -0.0028 0.2492 0.5052 0.4201
1494806400.0000 143850.0000 1.4316 -0.8262 0.0123 1.7538 299.9911 0.4859 0.3056 0.1411 -0.0860 -0.1124 0.0664 0.4663 0.3373 0.3107
1494806400.0000 144150.0000 0.8225 -0.9455 -0.1646 1.3608 318.9811 0.3137 0.1593 0.0964 0.0215 0.0042 0.0276 0.2847 0.3447 0.3168
1494806400.0000 144450.0000 0.7839 0.1291 -0.0734 0.8754 260.6479 0.3120 0.0928 0.1111 -0.0350 -0.0086 0.0236 0.2579 0.5198 0.4624
1494806400.0000 144750.0000 1.0294 0.0858 -0.1190 1.1829 265.2343 0.2184 0.3641 0.2852 0.0594 0.0636 0.0245 0.4338 0.5172 0.4266
1494806400.0000 145050.0000 -0.5963 -0.5759 -0.3256 1.0780 45.9985 0.1918 0.4338 0.2205 -0.0546 0.0463 0.0706 0.4230 0.5963 0.5508
1494806400.0000 145350.0000 0.7029 -0.3106 -0.1155 0.9578 293.8395 0.2589 0.3131 0.0907 0.0165 0.0559 0.0206 0.3314 0.6048 0.5682
1494806400.0000 145650.0000 0.8769 0.0960 -0.0118 0.9588 263.7535 0.0695 0.1465 0.0827 -0.0063 -0.0039 0.0049 0.1493 0.3577 0.3042
1494806400.0000 145950.0000 -0.3395 -0.0504 -0.1722 0.7312 81.5587 0.3559 0.2522 0.1846 -0.0529 0.0702 0.0626 0.3964 1.3387 1.3119
1494806400.0000 146250.0000 0.2901 -0.7498 0.0308 0.9653 338.8481 0.1952 0.2307 0.1255 0.0668 -0.0322 -0.0126 0.2757 0.5328 0.4686
1494806400.0000 146550.0000 0.5300 -0.9684 -0.0697 1.2814 331.3099 0.2038 0.6240 0.1905 -0.0670 0.0199 0.1115 0.5091 0.5267 0.4758
1494806400.0000 146850.0000 0.4709 -0.4217 -0.0458 0.7126 311.8460 0.0793 0.2541 0.0752 -0.0894 0.0128 0.0280 0.2043 0.5823 0.5273
1494806400.0000 147150.0000 0.9177 0.3154 -0.0144 1.0059 251.0301 0.1134 0.0828 0.0382 0.0345 -0.0162 -0.0173 0.1173 0.2881 0.2636
1494806400.0000 147450.0000 0.1547 0.2093 -0.1519 0.3988 216.4747 0.1178 0.0210 0.0400 0.0181 0.0104 0.0016 0.0894 0.8101 0.8264
1494806400.0000 147750.0000 0.5161 -0.0147 0.0391 0.6140 271.6355 0.2239 0.0644 0.0336 -0.0329 -0.0024 0.0026 0.1610 0.6326 0.6004
1494806400.0000 148050.0000 0.9289 -0.1799 0.0024 1.0229 280.9594 0.1656 0.1359 0.0821 -0.0155 -0.0207 0.0208 0.1918 0.3779 0.3351
1494806400.0000 148350.0000 1.0557 -0.5187 -0.0219 1.2671 296.1680 0.1832 0.1963 0.0788 0.0286 0.0113 0.0260 0.2292 0.3322 0.3024
1494806400.0000 148650.0000 0.5829 -0.0557 -0.1421 0.7609 275.4563 0.2833 0.1674 0.0670 0.0935 -0.0027 -0.0137 0.2588 0.6894 0.6619
1494806400.0000 148950.0000 -0.0052 -0.6482 -0.0792 0.8599 0.4639 0.2563 0.2880 0.1236 -0.1143 -0.0011 -0.0388 0.3340 0.7226 0.6572
1494806400.0000 149250.0000 0.0187 -0.0154 0.1021 0.6815 309.6258 0.4115 0.1725 0.0770 0.1779 0.0243 0.0408 0.3305 4.4727 18.2196
1494806400.0000 149550.0000 1.1663 -0.4852 -0.0933 1.3408 292.5899 0.2720 0.2932 0.1064 -0.0905 -0.0273 0.0581 0.3358 0.3736 0.3436
1494806400.0000 149850.0000 0.9067 -0.1695 0.0230 0.9750 280.5874 0.1095 0.0981 0.0416 -0.0245 -0.0064 0.0141 0.1246 0.3123 0.2852
1494806400.0000 150150.0000 0.5305 -0.5347 -0.0461 0.9162 315.2281 0.1938 0.1667 0.0651 0.0831 0.0298 0.0417 0.2128 0.4991 0.4602
1494806400.0000 150450.0000 0.5787 -0.5923 0.0175 0.9070 315.6678 0.1689 0.1679 0.0768 -0.0398 -0.0105 0.0390 0.2068 0.4483 0.4046
1494806400.0000 150750.0000 0.3918 -0.6080 0.0732 0.7876 327.2016 0.1310 0.0842 0.0307 -0.0315 -0.0017 0.0081 0.1230 0.3938 0.3703
1494806400.0000 151050.0000 0.2526 -0.4628 0.0217 0.6616 331.3760 0.1399 0.1850 0.0692 -0.0343 0.0004 0.0650 0.1970 0.6867 0.6241
