1494720000.0000 150.0000 0.0410 0.3322 -0.0471 0.4145 187.0334 0.0562 0.0427 0.0188 0.0228 -0.0058 -0.0113 0.0589 0.5860 0.5423
1494720000.0000 450.0000 -0.1938 0.1829 -0.0365 0.3140 133.3447 0.0253 0.0113 0.0077 0.0064 -0.0022 -0.0005 0.0221 0.4513 0.4141
1494720000.0000 750.0000 -0.1567 0.1098 -0.0621 0.2323 125.0072 0.0164 0.0141 0.0084 0.0052 -0.0029 -0.0033 0.0194 0.5658 0.5264
1494720000.0000 1050.0000 0.0280 0.4126 -0.1004 0.4617 183.8780 0.0391 0.0328 0.0090 0.0222 -0.0047 -0.0045 0.0404 0.3859 0.3745
1494720000.0000 1350.0000 0.2850 0.5331 -0.1159 0.6353 208.1347 0.0421 0.0397 0.0177 0.0100 -0.0030 -0.0107 0.0498 0.2959 0.2732
1494720000.0000 1650.0000 0.2700 0.5836 -0.1393 0.7097 204.8291 0.1206 0.0742 0.0254 0.0464 -0.0125 -0.0190 0.1101 0.4117 0.3962
1494720000.0000 1950.0000 0.1042 0.5380 -0.1697 0.5722 190.9609 0.0296 0.0304 0.0188 0.0102 -0.0025 -0.0089 0.0394 0.2825 0.2581
1494720000.0000 2250.0000 0.1130 0.6447 -0.2303 0.6966 189.9395 0.0579 0.0407 0.0314 0.0142 -0.0013 -0.0122 0.0650 0.3000 0.2770
1494720000.0000 2550.0000 0.1461 0.5205 -0.2168 0.5708 195.6822 0.0338 0.0404 0.0183 -0.0051 0.0100 -0.0103 0.0463 0.3016 0.2910
1494720000.0000 2850.0000 0.4144 0.4208 -0.1173 0.6184 224.5595 0.0288 0.0302 0.0181 -0.0050 0.0039 -0.0102 0.0385 0.2662 0.2375
1494720000.0000 3150.0000 0.3432 0.1304 -0.0604 0.3993 249.1928 0.0266 0.0267 0.0124 0.0007 -0.0002 -0.0104 0.0328 0.3977 0.3631
1494720000.0000 3450.0000 0.3536 0.2847 -0.1247 0.4805 231.1642 0.0236 0.0235 0.0101 -0.0006 -0.0017 -0.0073 0.0286 0.2933 0.2761
1494720000.0000 3750.0000 0.1895 0.3322 -0.1576 0.4013 209.6984 0.0174 0.0175 0.0133 0.0047 0.0021 -0.0039 0.0241 0.3065 0.2820
1494720000.0000 4050.0000 0.1340 0.4479 -0.1804 0.4861 196.6532 0.0127 0.0323 0.0159 -0.0003 0.0027 -0.0148 0.0305 0.2845 0.2620
1494720000.0000 4350.0000 0.3515 0.3030 -0.1287 0.5270 229.2376 0.0600 0.0289 0.0294 -0.0093 0.0179 -0.0131 0.0592 0.4125 0.3710
1494720000.0000 4650.0000 0.1630 0.1893 -0.1231 0.4285 220.7225 0.0919 0.0741 0.0431 0.0127 0.0069 -0.0076 0.1045 0.9481 0.9416
1494720000.0000 4950.0000 0.1216 0.1572 -0.0576 0.3163 217.7148 0.0451 0.0433 0.0536 -0.0014 0.0167 -0.0128 0.0710 1.0511 0.8633
1494720000.0000 5250.0000 -0.0107 0.1149 -0.0825 0.3004 174.6867 0.0603 0.0550 0.0240 0.0175 -0.0026 -0.0196 0.0697 1.5188 1.6981
1494720000.0000 5550.0000 -0.0041 -0.0451 -0.0202 0.2548 5.1352 0.0408 0.0347 0.0074 0.0146 0.0029 0.0010 0.0414 3.3525 3.5030
1494720000.0000 5850.0000 -0.0407 -0.1476 -0.0200 0.3783 15.4113 0.0385 0.1360 0.0151 0.0293 -0.0126 -0.0279 0.0948 1.6280 1.5752
1494720000.0000 6150.0000 -0.0860 0.2509 -0.1360 0.3924 161.0918 0.0641 0.0537 0.0227 0.0129 0.0019 -0.0128 0.0703 0.7260 0.7471
1494720000.0000 6450.0000 -0.0651 -0.0666 -0.0466 0.1942 44.3526 0.0316 0.0099 0.0050 0.0075 0.0021 -0.0002 0.0232 1.1954 1.2635
1494720000.0000 6750.0000 0.0387 0.0028 -0.0815 0.1835 265.8782 0.0305 0.0128 0.0124 0.0054 0.0032 -0.0035 0.0278 1.5090 3.0965
1494720000.0000 7050.0000 -0.0139 -0.0420 -0.0273 0.1652 18.3896 0.0127 0.0163 0.0041 0.0054 0.0003 -0.0044 0.0166 2.0228 2.2237
1494720000.0000 7350.0000 -0.0433 -0.0598 -0.0505 0.2343 35.9271 0.0282 0.0318 0.0025 0.0172 -0.0049 -0.0020 0.0313 1.6142 1.9154
1494720000.0000 7650.0000 -0.0584 0.0014 -0.0915 0.1342 91.3848 0.0149 0.0082 0.0017 0.0041 0.0009 -0.0001 0.0124 0.8391 1.5052
1494720000.0000 7950.0000 -0.2513 -0.1220 -0.0607 0.3160 64.0984 0.0237 0.0139 0.0024 0.0161 0.0011 -0.0000 0.0200 0.4038 0.4004
1494720000.0000 8250.0000 -0.2836 -0.1354 -0.0571 0.4229 64.4824 0.0486 0.0644 0.0101 0.0283 0.0018 -0.0152 0.0615 0.6342 0.6175
1494720000.0000 8550.0000 -0.1088 0.0344 -0.0897 0.2398 107.5556 0.0422 0.0075 0.0057 0.0015 -0.0001 -0.0012 0.0277 0.9368 1.1284
1494720000.0000 8850.0000 0.0833 0.2272 -0.0853 0.2945 200.1312 0.0328 0.0178 0.0038 0.0112 0.0006 -0.0046 0.0272 0.5248 0.5367
1494720000.0000 9150.0000 0.0232 0.2311 -0.1067 0.3196 185.7395 0.0250 0.0422 0.0058 0.0188 -0.0038 -0.0087 0.0365 0.6103 0.6442
1494720000.0000 9450.0000 -0.1642 -0.1649 -0.0588 0.3024 44.8817 0.0280 0.0215 0.0060 -0.0031 0.0029 -0.0032 0.0278 0.5669 0.5523
1494720000.0000 9750.0000 -0.3737 -0.1720 -0.0651 0.5152 65.2878 0.0980 0.0908 0.0128 0.0708 -0.0042 -0.0154 0.1008 0.6224 0.6098
1494720000.0000 10050.0000 -0.2127 -0.0091 -0.1112 0.3150 87.5581 0.0585 0.0348 0.0106 -0.0195 0.0127 -0.0028 0.0520 0.7748 0.8282
1494720000.0000 10350.0000 -0.2190 -0.0011 -0.0778 0.4167 89.7183 0.1394 0.0492 0.0194 0.0041 0.0132 -0.0116 0.1040 1.1331 1.1449
1494720000.0000 10650.0000 -0.2264 0.1554 -0.1048 0.4526 124.4782 0.0590 0.1030 0.0200 0.0570 0.0031 -0.0151 0.0910 0.8381 0.8462
1494720000.0000 10950.0000 -0.2833 0.0709 -0.0684 0.3291 104.0473 0.0129 0.0274 0.0077 -0.0098 0.0016 -0.0037 0.0239 0.4212 0.3965
1494720000.0000 11250.0000 -0.0632 0.0538 -0.1034 0.3783 130.3971 0.1384 0.0540 0.0249 0.0182 0.0003 -0.0097 0.1087 2.0301 3.0497
1494720000.0000 11550.0000 -0.2871 0.0497 -0.0618 0.3159 99.8213 0.0193 0.0137 0.0118 0.0026 0.0041 -0.0005 0.0224 0.4104 0.3601
1494720000.0000 11850.0000 -0.0624 0.1142 -0.0710 0.2602 151.3553 0.0249 0.0413 0.0170 0.0122 0.0040 -0.0059 0.0416 1.1231 1.1414
1494720000.0000 12150.0000 -0.0827 0.0469 -0.0136 0.1939 119.5372 0.0200 0.0204 0.0205 0.0029 0.0033 -0.0045 0.0304 1.4829 1.2199
1494720000.0000 12450.0000 0.0195 0.0308 -0.1346 0.2719 212.2714 0.0340 0.0554 0.0232 0.0208 -0.0017 -0.0111 0.0563 1.3886 4.7308
1494720000.0000 12750.0000 0.1129 -0.1562 0.0247 0.2717 324.1368 0.0398 0.0049 0.0106 0.0015 0.0127 0.0009 0.0277 0.6993 0.6339
1494720000.0000 13050.0000 -0.0316 -0.0686 -0.1158 0.2753 24.7590 0.0424 0.0506 0.0225 -0.0133 0.0094 -0.0202 0.0577 1.4189 2.3293
1494720000.0000 13350.0000 -0.1638 0.1545 -0.1047 0.2950 133.3236 0.0391 0.0125 0.0195 0.0067 -0.0012 0.0001 0.0355 0.6200 0.5824
1494720000.0000 13650.0000 -0.1190 0.0372 -0.1001 0.2083 107.3603 0.0125 0.0217 0.0207 0.0044 0.0006 -0.0098 0.0275 0.8461 0.8564
1494720000.0000 13950.0000 -0.0179 0.0453 -0.0953 0.2041 158.4475 0.0420 0.0062 0.0059 0.0004 0.0022 -0.0011 0.0270 1.2543 2.6019
1494720000.0000 14250.0000 -0.3433 -0.2117 -0.0796 0.4129 58.3343 0.0144 0.0072 0.0073 0.0009 0.0028 0.0019 0.0145 0.2388 0.2104
1494720000.0000 14550.0000 -0.1383 -0.0707 -0.0437 0.1940 62.9081 0.0080 0.0194 0.0090 0.0066 -0.0021 -0.0064 0.0182 0.6828 0.6151
1494720000.0000 14850.0000 0.1917 0.0327 -0.0585 0.2159 260.3217 0.0099 0.0072 0.0052 0.0028 0.0003 0.0002 0.0112 0.4246 0.3880
1494720000.0000 15150.0000 -0.0299 0.2070 -0.1531 0.4134 171.7929 0.1091 0.0341 0.0182 0.0270 0.0044 -0.0092 0.0807 0.8952 1.0450
1494720000.0000 15450.0000 -0.1072 0.1122 -0.1251 0.3827 136.2856 0.0426 0.1114 0.0166 0.0263 -0.0070 -0.0297 0.0853 1.1966 1.4601
1494720000.0000 15750.0000 -0.0833 -0.0003 -0.0411 0.2068 89.7763 0.0290 0.0164 0.0151 0.0032 -0.0008 -0.0082 0.0302 1.5273 1.4760
1494720000.0000 16050.0000 -0.5593 -0.1395 0.0130 0.6636 75.9955 0.1341 0.0944 0.0593 -0.0079 0.0251 -0.0381 0.1439 0.5371 0.4788
1494720000.0000 16350.0000 -0.3575 -0.0576 -0.0996 0.4151 80.8456 0.0401 0.0331 0.0108 0.0089 0.0087 -0.0074 0.0420 0.4457 0.4315
1494720000.0000 16650.0000 0.2009 -0.0174 -0.0345 0.3084 274.9399 0.0788 0.0299 0.0225 0.0055 -0.0044 -0.0152 0.0656 1.0223 0.9443
1494720000.0000 16950.0000 -0.6015 -0.3721 -0.0435 0.7352 58.2578 0.0502 0.0278 0.0080 -0.0039 0.0029 -0.0026 0.0430 0.2388 0.2279
1494720000.0000 17250.0000 -0.1894 -0.0952 -0.0942 0.2654 63.3078 0.0290 0.0225 0.0172 -0.0141 0.0126 -0.0048 0.0344 0.6528 0.6184
1494720000.0000 17550.0000 -0.2261 -0.1560 -0.0632 0.3425 55.4046 0.0206 0.0331 0.0208 -0.0071 0.0033 -0.0077 0.0372 0.5588 0.4869
1494720000.0000 17850.0000 -0.1973 -0.3819 -0.0287 0.4386 27.3238 0.0074 0.0083 0.0081 0.0004 0.0000 -0.0013 0.0119 0.2066 0.1682
1494720000.0000 18150.0000 -0.0830 -0.2982 -0.0250 0.3307 15.5619 0.0111 0.0235 0.0197 -0.0022 -0.0026 -0.0086 0.0271 0.4328 0.3466
1494720000.0000 18450.0000 -0.1074 -0.1626 -0.0627 0.2365 33.4488 0.0159 0.0120 0.0180 0.0009 0.0009 -0.0052 0.0229 0.6039 0.4945
1494720000.0000 18750.0000 -0.1204 0.0046 -0.1576 0.3314 92.1662 0.0518 0.0775 0.0232 0.0103 -0.0067 -0.0073 0.0763 1.1368 1.7238
1494720000.0000 19050.0000 -0.2405 0.0909 -0.0968 0.3615 110.7079 0.0649 0.0510 0.0489 -0.0074 0.0091 -0.0186 0.0824 0.8530 0.7643
1494720000.0000 19350.0000 -0.1434 -0.2060 0.0385 0.2800 34.8506 0.0153 0.0147 0.0176 -0.0012 0.0024 -0.0001 0.0238 0.4961 0.3982
1494720000.0000 19650.0000 -0.0884 -0.2179 0.0206 0.3248 22.0708 0.0461 0.0276 0.0301 -0.0069 0.0156 0.0005 0.0519 0.7880 0.6667
1494720000.0000 19950.0000 -0.2992 -0.2991 -0.0011 0.4486 45.0093 0.0201 0.0533 0.0238 0.0200 -0.0094 -0.0095 0.0486 0.4255 0.3696
1494720000.0000 20250.0000 -0.2088 -0.2928 -0.1231 0.3922 35.4893 0.0140 0.0244 0.0141 -0.0079 0.0013 -0.0035 0.0263 0.3483 0.3148
1494720000.0000 20550.0000 -0.2284 -0.2660 0.0249 0.3624 40.6596 0.0079 0.0078 0.0040 -0.0007 0.0006 -0.0017 0.0098 0.2304 0.2060
1494720000.0000 20850.0000 -0.2849 -0.2537 0.0023 0.3927 48.3171 0.0080 0.0128 0.0094 0.0026 -0.0001 -0.0028 0.0151 0.2630 0.2184
1494720000.0000 21150.0000 -0.1396 -0.1970 0.0449 0.2701 35.3293 0.0152 0.0273 0.0172 0.0113 -0.0050 -0.0142 0.0299 0.5746 0.4933
1494720000.0000 21450.0000 -0.3134 -0.2081 -0.0344 0.4340 56.4184 0.0325 0.0409 0.0310 -0.0018 0.0064 -0.0097 0.0522 0.4937 0.4158
1494720000.0000 21750.0000 -0.2688 -0.1216 -0.0709 0.4696 65.6666 0.0682 0.1154 0.0516 -0.0151 0.0186 -0.0314 0.1176 0.9228 0.8386
1494720000.0000 22050.0000 -0.2413 -0.1525 0.0324 0.4355 57.7185 0.0891 0.0559 0.0356 0.0291 -0.0046 -0.0061 0.0903 0.8539 0.7699
1494720000.0000 22350.0000 -0.1621 -0.3817 0.0282 0.4648 23.0177 0.0310 0.0534 0.0346 -0.0026 0.0050 -0.0130 0.0595 0.4792 0.4045
1494720000.0000 22650.0000 -0.1829 -0.0087 -0.0282 0.3826 87.2614 0.0930 0.0707 0.0850 0.0257 0.0027 -0.0292 0.1244 1.5545 1.2759
1494720000.0000 22950.0000 -0.0415 -0.1295 0.0234 0.3271 17.7845 0.0750 0.0609 0.0183 0.0464 -0.0060 -0.0127 0.0771 1.6430 1.5651
1494720000.0000 23250.0000 -0.0066 -0.3216 -0.0172 0.4377 1.1748 0.0672 0.0726 0.0549 0.0329 0.0236 0.0159 0.0974 0.7909 0.6711
1494720000.0000 23550.0000 -0.2387 -0.3019 -0.0766 0.4878 38.3291 0.0646 0.0884 0.0600 -0.0145 0.0178 -0.0241 0.1065 0.6791 0.5869
1494720000.0000 23850.0000 -0.3656 -0.2086 -0.0673 0.5660 60.2936 0.0933 0.1524 0.0797 -0.0316 0.0335 -0.0441 0.1627 0.7725 0.6798
1494720000.0000 24150.0000 -0.2851 -0.1948 -0.0029 0.4521 55.6484 0.0788 0.0600 0.0423 -0.0221 0.0110 -0.0007 0.0906 0.7116 0.6230
1494720000.0000 24450.0000 -0.0202 -0.1464 0.0454 0.3800 7.8516 0.0830 0.0914 0.0449 0.0271 0.0203 -0.0081 0.1097 1.7493 1.6322
1494720000.0000 24750.0000 -0.2817 -0.2941 0.0129 0.5134 43.7687 0.0523 0.0847 0.0450 0.0190 0.0134 -0.0045 0.0910 0.6045 0.5247
1494720000.0000 25050.0000 -0.1921 -0.2883 0.0185 0.4361 33.6761 0.0759 0.0472 0.0484 0.0117 0.0070 -0.0125 0.0858 0.6891 0.5848
1494720000.0000 25350.0000 -0.3783 -0.3549 0.0001 0.6022 46.8206 0.0783 0.0514 0.0793 -0.0150 0.0055 0.0031 0.1045 0.5088 0.4008
1494720000.0000 25650.0000 -0.3111 -0.2861 0.0385 0.4749 47.3945 0.0445 0.0322 0.0461 -0.0074 0.0042 0.0004 0.0614 0.4767 0.3783
1494720000.0000 25950.0000 -0.3414 -0.2632 0.0287 0.5447 52.3710 0.0681 0.0856 0.0760 -0.0154 0.0117 -0.0193 0.1148 0.6405 0.5250
1494720000.0000 26250.0000 -0.1682 -0.2879 0.0373 0.4491 30.2948 0.0782 0.0490 0.0429 -0.0024 0.0142 0.0069 0.0850 0.7096 0.6175
1494720000.0000 26550.0000 -0.2540 -0.3712 0.1346 0.4950 34.3816 0.0374 0.0369 0.0738 0.0006 0.0107 -0.0202 0.0740 0.4731 0.3498
1494720000.0000 26850.0000 -0.3302 -0.2100 0.0529 0.4792 57.5431 0.0388 0.0840 0.0442 -0.0059 0.0084 -0.0112 0.0835 0.5975 0.5171
1494720000.0000 27150.0000 -0.2361 -0.1262 -0.0211 0.4400 61.8783 0.0726 0.0896 0.0560 -0.0266 0.0158 -0.0105 0.1091 1.0044 0.8686
1494720000.0000 27450.0000 -0.1854 0.0227 0.0393 0.4720 96.9806 0.0997 0.1846 0.0891 -0.0069 0.0252 -0.0544 0.1867 1.8488 1.6487
1494720000.0000 27750.0000 -0.2779 -0.2727 0.0295 0.4390 45.5359 0.0427 0.0377 0.0580 -0.0033 0.0004 0.0079 0.0692 0.5500 0.4202
1494720000.0000 28050.0000 -0.1346 -0.2046 0.0259 0.2956 33.3407 0.0160 0.0224 0.0146 -0.0024 0.0009 -0.0039 0.0265 0.5399 0.4620
1494720000.0000 28350.0000 -0.2747 0.0520 0.0049 0.4289 100.7145 0.1079 0.0932 0.0890 -0.0327 0.0421 -0.0327 0.1451 1.1121 0.9260
1494720000.0000 28650.0000 -0.2095 -0.2869 0.0606 0.4591 36.1329 0.0702 0.0483 0.0476 -0.0204 0.0197 -0.0219 0.0830 0.6528 0.5594
1494720000.0000 28950.0000 -0.1320 -0.1308 0.0236 0.3352 45.2407 0.0390 0.0617 0.0312 0.0090 -0.0114 -0.0142 0.0660 1.1196 0.9862
1494720000.0000 29250.0000 0.0747 -0.0796 0.0366 0.4075 316.8449 0.1067 0.0831 0.0371 -0.0257 0.0143 -0.0279 0.1135 2.3886 2.3040
1494720000.0000 29550.0000 -0.1843 -0.2158 0.1290 0.3466 40.4920 0.0383 0.0329 0.0247 -0.0080 0.0031 0.0018 0.0480 0.5736 0.5429
1494720000.0000 29850.0000 -0.0650 -0.1587 0.1001 0.2469 22.2641 0.0321 0.0215 0.0128 -0.0003 -0.0003 -0.0026 0.0332 0.7490 0.7790
1494720000.0000 30150.0000 -0.0568 -0.0700 0.0364 0.3876 39.0740 0.1342 0.0611 0.0662 0.0181 0.0380 -0.0144 0.1308 3.0373 2.8308
1494720000.0000 30450.0000 -0.1004 0.1765 -0.1697 0.5001 150.3834 0.1355 0.1580 0.0815 -0.0299 0.0069 0.0057 0.1875 1.3360 1.5405
1494720000.0000 30750.0000 -0.1866 0.1972 -0.0494 0.4982 136.5840 0.1473 0.1467 0.1229 -0.0369 0.0333 -0.0674 0.2085 1.3507 1.1530
1494720000.0000 31050.0000 -0.0213 0.0350 0.0072 0.3517 148.6669 0.0873 0.0644 0.0739 0.0135 0.0012 -0.0197 0.1128 6.5868 5.4829
1494720000.0000 31350.0000 -0.1913 -0.1463 0.0551 0.4708 52.6065 0.1202 0.1153 0.1185 -0.0269 -0.0183 -0.0245 0.1770 1.3904 1.1633
1494720000.0000 31650.0000 -0.2393 -0.1065 0.0647 0.4830 66.0142 0.1106 0.1494 0.0890 -0.0140 0.0277 -0.0534 0.1745 1.2641 1.1240
1494720000.0000 31950.0000 0.0446 -0.3020 0.0940 0.4369 351.6051 0.0735 0.0798 0.0558 0.0012 -0.0011 0.0062 0.1045 0.8265 0.7405
1494720000.0000 32250.0000 0.0011 -0.5120 0.1305 0.5735 359.8738 0.0623 0.0577 0.0589 0.0055 0.0052 0.0152 0.0894 0.4621 0.3905
1494720000.0000 32550.0000 -0.1380 -0.0855 -0.0434 0.4215 58.2302 0.1309 0.1044 0.0766 -0.0547 0.0408 -0.0147 0.1559 1.9186 1.7247
1494720000.0000 32850.0000 -0.2504 -0.2374 0.1000 0.4422 46.5253 0.0508 0.0644 0.0667 -0.0020 0.0172 -0.0030 0.0910 0.6854 0.5678
1494720000.0000 33150.0000 0.4111 0.0899 -0.0313 0.6346 257.6685 0.1366 0.1924 0.0508 0.0025 -0.0191 -0.0112 0.1899 0.8431 0.7869
1494720000.0000 33450.0000 0.9284 0.1434 -0.0165 1.0000 261.2168 0.2059 0.0952 0.1314 0.0255 -0.0861 -0.0284 0.2163 0.4041 0.3373
1494720000.0000 33750.0000 0.0907 0.1435 0.0152 0.5155 212.3053 0.2561 0.1209 0.0568 0.0305 0.0006 -0.0307 0.2169 2.2307 2.0878
1494720000.0000 34050.0000 0.0880 -0.5015 0.0162 0.6491 350.0440 0.1079 0.1601 0.1120 0.0096 -0.0229 -0.0440 0.1900 0.6986 0.5870
1494720000.0000 34350.0000 0.0293 -0.1235 -0.1206 0.3074 346.6421 0.0465 0.0591 0.0681 -0.0023 0.0029 -0.0169 0.0869 1.3743 1.4785
1494720000.0000 34650.0000 0.4046 -0.2084 0.0612 0.5699 297.2559 0.1680 0.0659 0.0725 -0.0162 -0.0339 -0.0091 0.1532 0.6960 0.6136
1494720000.0000 34950.0000 0.2588 -0.1876 0.1285 0.4442 305.9415 0.0590 0.1304 0.0468 -0.0436 -0.0079 0.0178 0.1181 0.8145 0.7861
1494720000.0000 35250.0000 0.0190 0.1382 -0.0250 0.3836 187.8400 0.0926 0.0954 0.0518 0.0100 -0.0144 -0.0300 0.1199 1.9955 1.7949
1494720000.0000 35550.0000 -0.1589 0.0892 -0.0339 0.4327 119.2898 0.0606 0.1490 0.0878 0.0203 -0.0059 -0.0073 0.1487 1.6988 1.4505
1494720000.0000 35850.0000 -0.2050 -0.3005 0.1085 0.5045 34.3074 0.1437 0.1033 0.0764 0.0323 0.0570 0.0173 0.1617 0.8648 0.7887
1494720000.0000 36150.0000 -0.1914 -0.2373 0.0147 0.5124 38.8814 0.0790 0.1466 0.0999 0.0055 -0.0178 -0.0242 0.1627 1.0791 0.8994
1494720000.0000 36450.0000 -0.2891 -0.0763 0.0249 0.4694 75.2079 0.1516 0.1129 0.1390 -0.0449 0.0807 -0.0581 0.2017 1.2224 0.9931
1494720000.0000 36750.0000 -0.4903 -0.4054 0.0409 0.7882 50.4098 0.1699 0.1760 0.1516 0.0484 0.0092 -0.0444 0.2487 0.6388 0.5337
1494720000.0000 37050.0000 -0.5230 -0.1255 0.0027 0.7119 76.5060 0.1675 0.1921 0.1441 -0.0078 0.0368 -0.0473 0.2518 0.7619 0.6437
1494720000.0000 37350.0000 0.1873 -0.2359 0.0590 0.7077 321.5520 0.2027 0.3615 0.1480 -0.0059 -0.0118 -0.0431 0.3561 1.5870 1.4394
1494720000.0000 37650.0000 0.0860 -0.1325 0.0333 0.6095 326.9939 0.1251 0.3825 0.1128 -0.0567 0.0364 -0.0722 0.3102 2.8171 2.6041
1494720000.0000 37950.0000 0.4132 -0.1289 0.0100 0.5327 287.3286 0.0835 0.0951 0.0927 -0.0360 -0.0129 -0.0034 0.1357 0.6947 0.5638
1494720000.0000 38250.0000 0.2844 0.8184 -0.2074 0.9505 199.1592 0.1815 0.1971 0.1075 0.0373 -0.0349 -0.0787 0.2430 0.4518 0.4100
1494720000.0000 38550.0000 0.5146 0.3689 -0.1013 0.6961 234.3634 0.0692 0.0910 0.0512 0.0095 -0.0150 -0.0272 0.1057 0.4140 0.3650
1494720000.0000 38850.0000 -0.0821 0.1751 -0.2255 0.6002 154.8799 0.0889 0.3308 0.0822 0.0532 -0.0059 0.0399 0.2509 1.3769 1.9345
1494720000.0000 39150.0000 0.0042 -0.2278 -0.0975 0.4815 358.9319 0.1406 0.0784 0.1210 0.0256 0.0327 0.0119 0.1700 1.3583 1.1856
1494720000.0000 39450.0000 -0.2200 -0.6232 -0.0406 0.8597 19.4415 0.3388 0.1960 0.1330 0.0222 0.0560 0.0116 0.3339 0.7125 0.6388
1494720000.0000 39750.0000 0.1383 -0.1762 0.1231 0.4236 321.8702 0.0763 0.1153 0.0864 -0.0069 -0.0088 0.0018 0.1390 1.1911 1.1283
1494720000.0000 40050.0000 -0.1525 -0.4397 0.0225 0.9205 19.1330 0.4085 0.5474 0.2730 0.2228 0.0446 -0.0435 0.6144 1.3737 1.2130
1494720000.0000 40350.0000 -0.4122 -0.4867 0.0989 0.7351 40.2631 0.1876 0.2073 0.1045 0.0749 0.0426 -0.0097 0.2497 0.6322 0.5689
1494720000.0000 40650.0000 -0.2029 -0.4681 0.2266 0.7447 23.4383 0.2268 0.4621 0.2099 0.0823 0.0159 0.0046 0.4494 0.9806 0.9393
1494720000.0000 40950.0000 -0.1902 -0.2456 0.1641 0.4776 37.7515 0.1030 0.1161 0.0892 0.0125 0.0398 0.0077 0.1542 0.9126 0.8700
1494720000.0000 41250.0000 -0.2575 -1.1612 0.0726 1.2822 12.5014 0.2183 0.1906 0.1228 -0.0167 0.0402 0.0381 0.2658 0.3533 0.3104
1494720000.0000 41550.0000 -0.4046 -0.6459 -0.1104 0.8404 32.0625 0.1347 0.1552 0.1178 0.0071 0.0350 -0.0136 0.2039 0.4787 0.4079
1494720000.0000 41850.0000 -0.2711 -0.5298 0.1624 0.8162 27.1023 0.2380 0.3501 0.1593 0.1595 -0.0458 -0.0504 0.3737 0.8090 0.7439
1494720000.0000 42150.0000 -0.3972 -0.4602 0.1518 0.7624 40.7919 0.2088 0.2376 0.1701 0.0782 0.0729 0.0389 0.3082 0.7234 0.6345
1494720000.0000 42450.0000 -0.3806 0.0600 -0.1687 0.7089 98.9533 0.3076 0.2462 0.2221 -0.0832 0.1229 -0.0617 0.3880 1.2092 1.1153
1494720000.0000 42750.0000 -0.1203 -0.2492 0.0975 0.5802 25.7818 0.1645 0.2448 0.1269 0.0682 0.0336 0.0090 0.2681 1.4411 1.3349
1494720000.0000 43050.0000 -0.2627 -0.3871 0.1135 0.6102 34.1634 0.0965 0.1736 0.1256 0.0069 0.0383 -0.0287 0.1978 0.7545 0.6414
1494720000.0000 43350.0000 0.1322 0.2091 0.0354 0.4412 212.2885 0.1434 0.1292 0.0796 0.0881 -0.0021 -0.0138 0.1761 1.3710 1.2184
1494720000.0000 43650.0000 -0.3426 -0.1192 -0.1856 0.5253 70.8160 0.1429 0.1171 0.1727 0.0348 0.0269 -0.0183 0.2163 0.9320 0.8115
1494720000.0000 43950.0000 -0.3834 0.1629 -0.2090 0.5490 113.0139 0.1054 0.1099 0.1169 0.0112 0.0045 0.0056 0.1661 0.7140 0.6430
1494720000.0000 44250.0000 -0.0351 -0.0331 0.0284 0.4681 46.6952 0.1456 0.2040 0.1638 -0.0770 0.0743 -0.0664 0.2567 7.3821 7.0686
1494720000.0000 44550.0000 -0.2664 0.0769 -0.0252 0.8061 106.1045 0.3061 0.4443 0.1566 -0.0763 0.0239 -0.1123 0.4535 1.9748 1.8036
1494720000.0000 44850.0000 0.1148 0.0298 0.0183 0.8194 255.4316 0.4623 0.5245 0.1734 -0.2033 0.0871 -0.0611 0.5800 5.1829 4.8366
1494720000.0000 45150.0000 -0.1925 -0.0717 0.0311 0.5642 69.5645 0.2003 0.2271 0.1675 -0.0456 0.0049 -0.0950 0.2975 2.1431 1.8372
1494720000.0000 45450.0000 0.3222 0.4569 -0.0611 1.0036 215.1947 0.6980 0.5839 0.3243 0.2708 0.0050 -0.1264 0.8031 1.3010 1.1692
1494720000.0000 45750.0000 0.6584 0.8832 -0.2728 1.2692 216.7017 0.4059 0.3600 0.2999 0.0688 -0.0210 -0.1263 0.5329 0.5252 0.4587
1494720000.0000 46050.0000 -0.1418 0.0521 0.0891 0.6639 110.1829 0.3082 0.2537 0.2223 0.0229 0.0714 -0.0912 0.3921 2.9148 2.8647
1494720000.0000 46350.0000 0.1055 -0.1697 0.0628 0.5783 328.1388 0.1726 0.2518 0.1122 -0.0892 0.0137 -0.0527 0.2683 2.0187 1.8820
1494720000.0000 46650.0000 0.0006 0.3281 -0.0330 0.6939 180.1135 0.3650 0.2023 0.2196 -0.0477 0.0925 -0.1212 0.3935 1.5531 1.3253
1494720000.0000 46950.0000 -0.0532 0.0643 -0.0529 0.5662 140.3730 0.3632 0.1264 0.1133 -0.0254 0.0424 -0.0556 0.3015 4.5383 4.8410
1494720000.0000 47250.0000 0.0321 0.1635 -0.0684 0.3963 191.0942 0.1021 0.0726 0.1492 -0.0123 -0.0205 -0.0008 0.1620 1.8252 1.4491
1494720000.0000 47550.0000 0.0919 -0.5719 -0.1203 0.6949 350.8702 0.1302 0.1174 0.1374 -0.0194 -0.0504 -0.0265 0.1925 0.6056 0.4960
1494720000.0000 47850.0000 0.2143 -0.6845 -0.0044 0.8793 342.6148 0.1811 0.2907 0.1650 0.0463 0.0026 0.0314 0.3184 0.6423 0.5529
1494720000.0000 48150.0000 0.0675 -0.3264 -0.0757 0.7354 348.3104 0.1321 0.4971 0.1506 -0.0162 -0.0157 -0.0125 0.3899 1.4917 1.3741
1494720000.0000 48450.0000 0.5247 0.8664 -0.2973 1.1842 211.1991 0.4495 0.3306 0.2515 0.1772 0.0221 -0.0499 0.5158 0.5555 0.5035
1494720000.0000 48750.0000 -0.0563 -0.0577 -0.4016 1.1576 44.3042 0.5219 1.2398 0.3107 0.3352 -0.0532 -0.2517 1.0362 2.0288 9.5063
1494720000.0000 49050.0000 -0.3920 -0.1852 0.0664 0.6820 64.7149 0.1658 0.1949 0.1406 -0.0536 0.0387 -0.0607 0.2506 0.9320 0.7998
1494720000.0000 49350.0000 -0.2903 -0.1151 0.0353 0.7169 68.3780 0.3410 0.2246 0.2015 0.0202 0.0376 -0.0793 0.3836 1.6092 1.3906
1494720000.0000 49650.0000 -0.0412 0.0897 0.0171 0.5484 155.3237 0.1655 0.2494 0.1307 0.0612 -0.0219 -0.0880 0.2729 4.2551 3.7658
1494720000.0000 49950.0000 -0.3234 -0.0294 -0.0792 0.7238 84.8108 0.3852 0.1851 0.1929 -0.0098 0.0764 -0.0568 0.3816 1.5089 1.3426
1494720000.0000 50250.0000 -0.4148 -0.3706 0.0406 0.7195 48.2221 0.1668 0.1402 0.1161 -0.0505 0.0552 -0.0525 0.2115 0.6734 0.5751
1494720000.0000 50550.0000 -0.3106 -0.2965 0.0470 0.6285 46.3315 0.2087 0.1064 0.1239 -0.0188 0.0289 -0.0327 0.2195 0.8855 0.7547
1494720000.0000 50850.0000 -0.6566 -0.3506 0.1175 1.0297 61.9002 0.2747 0.4306 0.2161 -0.0629 0.0592 -0.1338 0.4606 0.7354 0.6514
1494720000.0000 51150.0000 -0.3240 0.0734 -0.0996 0.5921 102.7651 0.1621 0.2025 0.1245 0.0363 0.0149 -0.0343 0.2445 1.1640 1.0492
1494720000.0000 51450.0000 -0.3129 0.0745 -0.0887 0.5156 103.3936 0.0766 0.1832 0.1395 -0.0100 0.0157 -0.0870 0.1996 1.0935 0.9149
1494720000.0000 51750.0000 0.0571 0.2484 -0.1505 0.6880 192.9483 0.2480 0.3212 0.1722 0.0945 -0.0466 -0.1033 0.3707 1.6798 1.7091
1494720000.0000 52050.0000 -0.0169 0.0387 -0.0074 0.3996 156.3609 0.1207 0.1050 0.0787 0.0301 -0.0004 -0.0355 0.1522 7.4241 6.4909
1494720000.0000 52350.0000 -0.1135 0.1257 0.0642 0.4403 137.9283 0.1466 0.1089 0.0894 -0.0098 0.0140 -0.0276 0.1725 1.8720 1.7230
1494720000.0000 52650.0000 -0.1129 -0.1891 0.1698 0.3832 30.8492 0.0802 0.0631 0.0488 0.0200 0.0120 -0.0061 0.0961 0.9101 0.9926
1494720000.0000 52950.0000 -0.2445 -0.1347 0.1364 0.4593 61.1524 0.1009 0.1035 0.1286 -0.0048 0.0256 -0.0463 0.1665 1.0723 0.9352
1494720000.0000 53250.0000 -0.4272 -0.3194 0.0941 0.7651 53.2135 0.2174 0.2565 0.1952 -0.0728 0.0573 -0.0758 0.3346 0.8719 0.7451
1494720000.0000 53550.0000 0.1127 -0.1400 0.0078 0.5819 321.1722 0.2734 0.1678 0.1606 0.0078 0.0346 -0.0381 0.3009 2.4901 2.1341
1494720000.0000 53850.0000 -0.1381 0.7175 -0.2929 1.0051 169.1091 0.3215 0.6179 0.3531 0.0384 0.0273 -0.2452 0.6463 0.8338 0.7658
1494720000.0000 54150.0000 -0.3059 0.0417 -0.1449 0.5087 97.7604 0.1560 0.1163 0.0899 0.0332 0.0189 -0.0439 0.1811 1.0188 0.9759
1494720000.0000 54450.0000 0.2527 -0.0561 -0.1009 1.0099 282.5158 0.6924 0.5681 0.1805 0.3051 -0.0543 -0.0662 0.7205 2.4944 2.5038
1494720000.0000 54750.0000 0.0175 0.1138 -0.0756 0.6540 188.7226 0.3160 0.2195 0.1847 0.0470 -0.0014 -0.0929 0.3601 3.5575 3.6687
1494720000.0000 55050.0000 -0.2906 -0.2979 0.1355 0.7318 44.2875 0.2530 0.3338 0.1117 0.0358 -0.0188 -0.0515 0.3492 1.1023 1.0625
1494720000.0000 55350.0000 0.2085 0.8124 -0.1505 1.0709 194.3918 0.6082 0.2378 0.2222 0.1961 -0.0754 -0.1033 0.5341 0.7003 0.6332
1494720000.0000 55650.0000 -0.1546 -0.8134 -0.0144 1.0178 10.7590 0.3252 0.2878 0.1329 -0.0073 -0.0442 0.0691 0.3730 0.6022 0.5460
1494720000.0000 55950.0000 -0.3094 -0.3646 -0.0287 0.8181 40.3171 0.1946 0.3712 0.0830 0.0401 -0.0112 -0.0709 0.3244 0.9707 0.9081
1494720000.0000 56250.0000 -0.1853 -0.0775 0.0739 0.4380 67.3080 0.0600 0.1375 0.0752 0.0420 -0.0015 -0.0353 0.1363 1.4084 1.2771
1494720000.0000 56550.0000 -0.3650 -0.5797 0.0212 0.7469 32.1942 0.0840 0.1958 0.0660 0.0345 0.0150 0.0218 0.1729 0.4953 0.4458
1494720000.0000 56850.0000 0.5061 -0.4791 -0.0374 0.8760 313.4270 0.2938 0.3581 0.1689 -0.1086 -0.0468 0.0243 0.4104 0.7495 0.6689
1494720000.0000 57150.0000 -0.0488 -0.8745 0.0270 1.0545 3.1944 0.3009 0.2798 0.1303 0.0007 -0.0644 0.0017 0.3555 0.5556 0.5023
1494720000.0000 57450.0000 -0.2734 -0.7125 0.0286 0.8975 20.9907 0.1851 0.3198 0.1155 0.0455 -0.0257 -0.0114 0.3101 0.5955 0.5376
1494720000.0000 57750.0000 -0.4148 -0.5113 0.0219 0.9188 39.0525 0.1351 0.4574 0.1158 0.0833 0.0094 -0.0413 0.3541 0.7375 0.6749
1494720000.0000 58050.0000 -0.1343 0.0635 0.0725 0.4212 115.3032 0.1245 0.0940 0.0541 0.0510 0.0113 -0.0141 0.1363 1.8242 1.8174
1494720000.0000 58350.0000 -0.2036 -0.7374 -0.1270 0.8980 15.4343 0.2401 0.2325 0.0864 0.0501 0.0010 -0.0004 0.2795 0.5566 0.5188
1494720000.0000 58650.0000 -0.5469 -0.8886 0.0000 1.0937 31.6098 0.0922 0.1716 0.0702 0.0222 0.0070 0.0319 0.1670 0.3198 0.2842
1494720000.0000 58950.0000 -0.0294 -0.6587 -0.0305 0.8108 2.5568 0.2193 0.2006 0.0822 -0.0790 -0.0025 -0.0184 0.2511 0.6199 0.5674
1494720000.0000 59250.0000 -0.1577 -0.3084 0.0753 0.7797 27.0830 0.4332 0.4072 0.1059 0.0165 -0.0352 0.0517 0.4731 1.5845 1.5282
1494720000.0000 59550.0000 0.4094 -1.1729 -0.0297 1.6497 340.7611 0.9334 0.9948 0.2703 0.4213 -0.1439 0.0557 1.0993 0.6889 0.6453
1494720000.0000 59850.0000 0.3370 -0.7760 -0.0018 1.3222 336.5269 0.6762 1.0194 0.1905 0.2307 -0.0618 0.1532 0.9431 0.9373 0.8887
1494720000.0000 60150.0000 0.1067 -0.5065 -0.1162 0.6848 348.1021 0.2312 0.1451 0.1155 -0.0347 -0.0098 0.0349 0.2459 0.7633 0.6843
1494720000.0000 60450.0000 0.7826 -0.5731 0.0291 1.0802 306.2166 0.3691 0.2266 0.1270 -0.0898 -0.0866 0.0677 0.3614 0.5058 0.4594
1494720000.0000 60750.0000 -0.1378 0.0626 -0.1060 0.4495 114.4313 0.0994 0.1288 0.0466 -0.0480 0.0006 -0.0044 0.1374 1.6377 1.8221
1494720000.0000 61050.0000 0.1646 -0.1345 0.0372 0.4343 309.2606 0.0847 0.1068 0.0332 0.0441 -0.0008 0.0044 0.1124 1.2684 1.1887
1494720000.0000 61350.0000 -0.1330 -0.7557 -0.0023 0.8277 9.9806 0.0820 0.2024 0.0775 -0.0135 -0.0193 0.0319 0.1809 0.4526 0.4013
1494720000.0000 61650.0000 -0.0991 -0.9295 -0.0144 0.9697 6.0868 0.0686 0.1828 0.0910 0.0278 0.0190 0.0741 0.1712 0.3614 0.3097
1494720000.0000 61950.0000 -0.2914 -0.5568 -0.0246 0.7665 27.6238 0.1404 0.1854 0.1422 -0.0038 -0.0015 0.0518 0.2340 0.6280 0.5244
1494720000.0000 62250.0000 0.1130 -0.1210 0.1619 0.4346 316.9591 0.0946 0.1931 0.0488 0.0186 -0.0137 -0.0312 0.1683 1.4468 1.8712
1494720000.0000 62550.0000 -0.4841 -1.4800 0.0222 1.6513 18.1129 0.2946 0.2562 0.1148 0.0137 -0.0278 0.0331 0.3328 0.3025 0.2752
1494720000.0000 62850.0000 -0.5566 -0.7253 -0.1080 1.0441 37.5014 0.2622 0.3694 0.0853 0.0965 -0.0065 0.0042 0.3584 0.5310 0.5018
1494720000.0000 63150.0000 0.1715 -0.4187 0.0363 0.5893 337.7258 0.0591 0.1776 0.0592 0.0178 0.0029 0.0108 0.1479 0.6918 0.6208
1494720000.0000 63450.0000 0.0057 -0.9290 -0.0396 1.0182 359.6495 0.1753 0.1236 0.0708 -0.0242 -0.0221 -0.0053 0.1848 0.3775 0.3397
1494720000.0000 63750.0000 -0.2875 -0.5908 -0.0485 0.7358 25.9484 0.1154 0.1213 0.1007 -0.0090 -0.0349 0.0011 0.1686 0.5090 0.4275
1494720000.0000 64050.0000 -0.0875 -0.0835 -0.0193 0.5058 46.3374 0.0463 0.2499 0.0494 0.0372 -0.0092 -0.0298 0.1728 2.7716 2.5981
1494720000.0000 64350.0000 -0.2596 -0.4710 0.0768 0.5944 28.8585 0.0694 0.0349 0.0280 -0.0112 -0.0074 0.0016 0.0662 0.3867 0.3468
1494720000.0000 64650.0000 -0.2685 -0.4718 0.0359 0.6561 29.6485 0.0763 0.1162 0.0511 0.0192 -0.0239 -0.0225 0.1218 0.5238 0.4666
1494720000.0000 64950.0000 -0.1475 0.5111 -0.1153 0.8378 163.9033 0.3173 0.2656 0.1520 -0.0043 0.0170 -0.0492 0.3675 0.9094 0.8287
1494720000.0000 65250.0000 0.0389 -0.2809 -0.0578 0.7090 352.1070 0.2359 0.3174 0.1255 -0.1814 0.0948 -0.0775 0.3394 1.6436 1.5144
1494720000.0000 65550.0000 0.3387 0.2649 -0.1748 0.6138 231.9734 0.0951 0.1912 0.0511 0.0237 0.0190 -0.0234 0.1687 0.7226 0.7186
1494720000.0000 65850.0000 0.0917 0.1692 -0.0768 0.4004 208.4588 0.1061 0.0925 0.0620 0.0520 -0.0265 -0.0334 0.1303 1.4226 1.3371
1494720000.0000 66150.0000 0.0127 0.0534 0.0043 0.3476 193.4046 0.0727 0.0799 0.0166 0.0357 -0.0142 -0.0235 0.0846 4.3131 4.1085
1494720000.0000 66450.0000 0.2954 -0.0258 -0.0292 0.3834 274.9922 0.0454 0.0562 0.0150 -0.0039 0.0070 -0.0068 0.0583 0.6618 0.6208
1494720000.0000 66750.0000 0.1091 -0.3247 -0.0248 0.3986 341.4270 0.0218 0.0394 0.0107 0.0093 0.0033 0.0074 0.0360 0.4508 0.4170
1494720000.0000 67050.0000 0.3995 0.0588 -0.0032 0.5778 261.6231 0.1575 0.0981 0.0319 0.1020 -0.0318 -0.0181 0.1438 0.7667 0.7229
1494720000.0000 67350.0000 0.4471 -0.0040 -0.0366 0.6553 270.5100 0.1487 0.1343 0.0114 0.1100 -0.0204 -0.0117 0.1472 0.6983 0.6868
1494720000.0000 67650.0000 0.1803 -0.3385 -0.0235 0.6111 331.9546 0.2163 0.0995 0.0241 0.0758 0.0082 0.0149 0.1699 0.8758 0.8458
1494720000.0000 67950.0000 0.0619 -0.1468 -0.0042 0.3190 337.1333 0.0584 0.0417 0.0147 -0.0031 -0.0150 0.0034 0.0574 1.2274 1.1464
1494720000.0000 68250.0000 0.2202 -0.1334 0.0055 0.3410 301.2101 0.0194 0.0486 0.0101 0.0036 -0.0055 0.0041 0.0390 0.6261 0.5844
1494720000.0000 68550.0000 0.2695 0.1597 -0.0353 0.4095 239.3463 0.0345 0.0565 0.0078 -0.0034 -0.0051 -0.0062 0.0494 0.5756 0.5558
1494720000.0000 68850.0000 0.0194 0.1457 -0.0058 0.3084 187.5692 0.0782 0.0128 0.0070 0.0071 -0.0050 -0.0015 0.0490 1.2290 1.1849
1494720000.0000 69150.0000 -0.0890 0.3486 -0.0649 0.3782 165.6794 0.0119 0.0096 0.0060 0.0053 0.0016 0.0004 0.0137 0.2614 0.2348
1494720000.0000 69450.0000 0.0666 0.2290 -0.0222 0.2721 196.2166 0.0186 0.0158 0.0054 0.0041 -0.0011 -0.0028 0.0199 0.4811 0.4492
1494720000.0000 69750.0000 0.0201 0.2191 -0.0475 0.2835 185.2519 0.0241 0.0223 0.0053 0.0068 -0.0006 -0.0017 0.0259 0.5838 0.5656
1494720000.0000 70050.0000 -0.0002 0.0187 0.0112 0.0893 179.2710 0.0064 0.0050 0.0021 -0.0026 0.0007 -0.0009 0.0067 3.0696 3.2893
1494720000.0000 70350.0000 -0.0257 0.0196 -0.0003 0.1411 127.3184 0.0134 0.0123 0.0042 -0.0043 -0.0014 -0.0010 0.0149 3.0877 2.8604
1494720000.0000 70650.0000 -0.1192 0.2073 -0.0239 0.2683 150.1008 0.0124 0.0152 0.0136 -0.0003 -0.0022 0.0023 0.0206 0.4879 0.4011
1494720000.0000 70950.0000 -0.0956 0.1442 -0.0157 0.2043 146.4462 0.0107 0.0105 0.0076 0.0024 -0.0035 0.0001 0.0144 0.5640 0.4858
1494720000.0000 71250.0000 -0.0547 0.2581 0.0138 0.3160 168.0369 0.0290 0.0241 0.0131 0.0062 0.0032 0.0045 0.0331 0.5620 0.5039
1494720000.0000 71550.0000 0.4394 0.2440 0.0032 0.5778 240.9529 0.1030 0.0496 0.0314 -0.0093 -0.0159 0.0045 0.0920 0.4927 0.4487
1494720000.0000 71850.0000 0.3497 0.0286 0.0117 0.4124 265.3182 0.0380 0.0427 0.0296 -0.0066 -0.0076 0.0066 0.0551 0.5460 0.4674
1494720000.0000 72150.0000 0.1569 0.2006 0.0050 0.3613 218.0290 0.0644 0.0290 0.0093 0.0169 -0.0033 0.0029 0.0513 0.7262 0.6927
1494720000.0000 72450.0000 -0.0626 0.0302 -0.0019 0.1142 115.7438 0.0083 0.0022 0.0015 -0.0009 0.0008 -0.0005 0.0060 0.9085 0.8518
1494720000.0000 72750.0000 0.0081 -0.0074 -0.0006 0.0656 312.4672 0.0035 0.0021 0.0011 -0.0009 -0.0008 0.0003 0.0033 4.3011 3.9264
1494720000.0000 73050.0000 0.0031 -0.0298 -0.0172 0.0521 354.0369 0.0010 0.0015 0.0011 0.0000 -0.0002 -0.0000 0.0018 1.0101 0.9713
1494720000.0000 73350.0000 -0.1396 0.1248 -0.0023 0.2125 131.8007 0.0101 0.0113 0.0018 -0.0064 0.0014 -0.0009 0.0116 0.4699 0.4509
1494720000.0000 73650.0000 -0.1903 0.2194 -0.0108 0.3021 139.0645 0.0102 0.0047 0.0024 -0.0039 -0.0001 -0.0003 0.0087 0.2615 0.2426
1494720000.0000 73950.0000 -0.1675 0.2195 0.0078 0.2935 142.6501 0.0140 0.0040 0.0023 -0.0038 -0.0009 -0.0000 0.0102 0.2982 0.2807
1494720000.0000 74250.0000 -0.0704 0.2649 0.0158 0.3183 165.1067 0.0265 0.0046 0.0026 0.0025 0.0001 -0.0003 0.0169 0.3865 0.3716
1494720000.0000 74550.0000 -0.1719 0.2181 0.0210 0.2940 141.7612 0.0091 0.0039 0.0022 0.0015 -0.0007 -0.0006 0.0077 0.2565 0.2379
1494720000.0000 74850.0000 -0.0185 0.0335 0.0199 0.1101 151.0150 0.0082 0.0056 0.0025 -0.0045 -0.0019 0.0013 0.0082 1.7102 1.7763
1494720000.0000 75150.0000 -0.0398 0.0430 0.0371 0.0999 137.2293 0.0042 0.0058 0.0018 -0.0027 -0.0010 0.0016 0.0059 0.9043 0.9861
1494720000.0000 75450.0000 -0.2104 0.2039 0.0169 0.3045 134.1028 0.0167 0.0107 0.0013 -0.0108 0.0014 -0.0011 0.0144 0.3334 0.3265
1494720000.0000 75750.0000 -0.0986 0.1315 0.0175 0.1910 143.1397 0.0157 0.0086 0.0023 -0.0093 0.0027 -0.0021 0.0133 0.5690 0.5472
1494720000.0000 76050.0000 0.0741 0.1072 0.0086 0.1741 214.6576 0.0155 0.0076 0.0030 0.0075 -0.0004 -0.0010 0.0131 0.7145 0.6732
1494720000.0000 76350.0000 0.1463 0.1747 -0.0051 0.2484 219.9415 0.0147 0.0281 0.0013 0.0165 -0.0015 -0.0026 0.0220 0.5316 0.5241
1494720000.0000 76650.0000 0.2482 0.4690 -0.0400 0.5406 207.8896 0.0118 0.0085 0.0019 0.0008 -0.0009 -0.0011 0.0111 0.1619 0.1552
1494720000.0000 76950.0000 0.4054 0.5932 -0.0621 0.7206 214.3447 0.0033 0.0058 0.0020 0.0012 -0.0005 -0.0007 0.0056 0.0844 0.0768
1494720000.0000 77250.0000 0.1803 0.4686 -0.0298 0.5367 201.0503 0.0537 0.0421 0.0028 0.0407 -0.0067 -0.0057 0.0493 0.3604 0.3560
1494720000.0000 77550.0000 0.0159 0.1805 0.0099 0.2758 185.0390 0.0433 0.0081 0.0016 0.0034 0.0041 -0.0005 0.0265 0.7323 0.7223
1494720000.0000 77850.0000 0.1597 0.2162 0.0230 0.2840 216.4531 0.0069 0.0096 0.0017 0.0034 -0.0004 -0.0018 0.0091 0.2890 0.2766
1494720000.0000 78150.0000 0.0503 0.0361 0.0158 0.0969 234.3442 0.0065 0.0036 0.0032 0.0021 0.0006 0.0002 0.0066 1.0409 0.9358
1494720000.0000 78450.0000 0.1659 0.1865 0.0342 0.2630 221.6523 0.0081 0.0064 0.0037 0.0009 -0.0002 -0.0022 0.0091 0.3093 0.2782
1494720000.0000 78750.0000 0.0190 0.0730 0.0265 0.1445 194.5887 0.0145 0.0106 0.0035 0.0052 -0.0016 -0.0015 0.0143 1.2214 1.2122
1494720000.0000 79050.0000 -0.1031 0.0311 -0.0028 0.1156 106.7782 0.0034 0.0015 0.0013 -0.0010 0.0002 0.0002 0.0031 0.4219 0.3753
1494720000.0000 79350.0000 -0.1422 0.0708 0.0098 0.1705 116.4842 0.0040 0.0045 0.0009 -0.0015 -0.0005 0.0009 0.0047 0.3520 0.3354
1494720000.0000 79650.0000 0.0059 0.0046 0.0171 0.0818 231.9372 0.0044 0.0041 0.0013 -0.0016 -0.0004 0.0011 0.0049 3.0593 7.0987
1494720000.0000 79950.0000 0.2305 0.1973 0.0129 0.3174 229.4395 0.0059 0.0130 0.0014 0.0039 -0.0000 0.0011 0.0101 0.2707 0.2613
1494720000.0000 80250.0000 0.0754 0.1048 0.0139 0.1638 215.7462 0.0051 0.0106 0.0013 -0.0023 -0.0006 -0.0006 0.0085 0.5797 0.5608
1494720000.0000 80550.0000 0.1980 0.1044 0.0226 0.2349 242.2039 0.0046 0.0080 0.0020 0.0017 0.0000 0.0003 0.0073 0.3093 0.2885
1494720000.0000 80850.0000 -0.2204 0.1572 0.0123 0.2804 125.5030 0.0082 0.0022 0.0006 -0.0020 0.0003 -0.0003 0.0055 0.2241 0.2178
1494720000.0000 81150.0000 -0.0247 0.1626 -0.0030 0.2145 171.3710 0.0233 0.0030 0.0007 -0.0056 -0.0002 -0.0001 0.0135 0.5770 0.5693
1494720000.0000 81450.0000 -0.1301 0.2248 -0.0026 0.2812 149.9463 0.0180 0.0111 0.0030 -0.0098 -0.0019 0.0021 0.0161 0.3984 0.3794
1494720000.0000 81750.0000 0.0326 0.2031 0.0275 0.2422 189.1092 0.0155 0.0041 0.0023 -0.0022 0.0010 -0.0004 0.0109 0.4114 0.3921
1494720000.0000 82050.0000 0.3358 0.4477 -0.0225 0.5649 216.8774 0.0125 0.0236 0.0029 0.0120 -0.0011 -0.0002 0.0195 0.2037 0.1962
1494720000.0000 82350.0000 -0.1526 0.2151 -0.0004 0.3309 144.6490 0.0323 0.0200 0.0018 0.0206 -0.0001 -0.0014 0.0271 0.5093 0.5008
1494720000.0000 82650.0000 0.2129 0.1406 -0.0022 0.2839 236.5696 0.0256 0.0092 0.0019 0.0097 -0.0028 -0.0005 0.0184 0.4337 0.4221
1494720000.0000 82950.0000 0.1551 0.3357 -0.0217 0.4448 204.8019 0.0616 0.0108 0.0015 0.0065 -0.0012 -0.0008 0.0369 0.4235 0.4200
1494720000.0000 83250.0000 -0.1341 0.1462 0.0023 0.2105 137.4566 0.0062 0.0037 0.0014 -0.0020 0.0012 0.0002 0.0056 0.3093 0.2901
1494720000.0000 83550.0000 -0.2430 0.2304 -0.0205 0.3427 133.4700 0.0079 0.0022 0.0027 -0.0011 -0.0033 -0.0001 0.0064 0.1951 0.1737
1494720000.0000 83850.0000 0.3535 0.5567 -0.0862 0.6698 212.4142 0.0355 0.0294 0.0019 0.0271 0.0027 0.0015 0.0334 0.2245 0.2231
1494720000.0000 84150.0000 0.2320 0.5477 -0.0395 0.6400 202.9545 0.0646 0.0525 0.0049 0.0525 -0.0103 -0.0083 0.0610 0.3382 0.3321
1494720000.0000 84450.0000 -0.1558 0.0748 0.0016 0.1943 115.6276 0.0064 0.0038 0.0006 0.0031 0.0001 0.0001 0.0054 0.3460 0.3368
1494720000.0000 84750.0000 0.1444 0.1962 0.0224 0.2705 216.3496 0.0136 0.0040 0.0008 0.0001 0.0011 0.0001 0.0092 0.3207 0.3146
1494720000.0000 85050.0000 -0.0733 0.1393 -0.0046 0.2458 152.2460 0.0396 0.0095 0.0011 0.0007 0.0018 0.0009 0.0251 0.8219 0.8129
1494720000.0000 85350.0000 0.0753 0.2272 -0.0015 0.3357 198.3444 0.0600 0.0258 0.0018 0.0231 0.0027 0.0030 0.0438 0.7138 0.7065
1494720000.0000 85650.0000 0.0633 0.0860 0.0137 0.1330 216.3553 0.0083 0.0035 0.0013 0.0024 0.0003 0.0004 0.0065 0.6129 0.5863
1494720000.0000 85950.0000 -0.2249 0.1915 0.0187 0.3016 130.4171 0.0084 0.0053 0.0011 -0.0041 0.0009 -0.0008 0.0074 0.2368 0.2286
1494720000.0000 86250.0000 0.0701 0.2280 0.0311 0.3328 197.0944 0.0583 0.0028 0.0015 -0.0014 -0.0024 -0.0004 0.0313 0.6005 0.5981
1494806400.0000 86550.0000 0.0182 0.1929 0.0078 0.2522 185.4006 0.0255 0.0065 0.0016 -0.0097 0.0002 0.0004 0.0168 0.5452 0.5324
1494806400.0000 86850.0000 0.0777 0.0605 0.0280 0.1416 232.0848 0.0112 0.0063 0.0012 0.0049 0.0004 0.0003 0.0093 0.7700 0.7751
1494806400.0000 87150.0000 0.3205 0.4813 0.0005 0.5802 213.6563 0.0032 0.0088 0.0010 0.0028 -0.0006 -0.0008 0.0065 0.1140 0.1094
1494806400.0000 87450.0000 -0.1465 0.1567 0.0136 0.2681 136.9170 0.0225 0.0125 0.0012 0.0113 -0.0010 -0.0003 0.0181 0.5109 0.5036
1494806400.0000 87750.0000 -0.1723 0.2352 0.0411 0.2932 143.7750 0.0015 0.0023 0.0013 -0.0010 -0.0006 0.0003 0.0026 0.1401 0.1227
1494806400.0000 88050.0000 0.0036 0.2842 -0.0088 0.3167 180.7249 0.0207 0.0036 0.0032 0.0024 -0.0007 -0.0001 0.0138 0.3367 0.3169
1494806400.0000 88350.0000 0.2587 0.4762 -0.0221 0.5509 208.5108 0.0143 0.0208 0.0029 0.0096 -0.0029 -0.0033 0.0190 0.2076 0.1997
1494806400.0000 88650.0000 0.1077 0.0819 0.0159 0.1641 232.7486 0.0106 0.0066 0.0022 0.0052 0.0024 0.0014 0.0097 0.5899 0.5597
1494806400.0000 88950.0000 -0.0469 0.0906 0.0095 0.1218 152.6163 0.0048 0.0032 0.0012 -0.0015 -0.0000 0.0003 0.0046 0.5397 0.5060
1494806400.0000 89250.0000 0.0728 0.1002 0.0002 0.2433 215.9850 0.0525 0.0321 0.0012 0.0294 0.0012 -0.0001 0.0429 1.3656 1.3564
1494806400.0000 89550.0000 -0.0810 0.3067 0.0079 0.4062 165.1993 0.0706 0.0199 0.0018 0.0334 -0.0017 -0.0012 0.0462 0.5529 0.5476
1494806400.0000 89850.0000 -0.0394 0.0713 0.0089 0.0997 151.0714 0.0042 0.0023 0.0009 -0.0016 -0.0000 -0.0001 0.0037 0.6053 0.5724
1494806400.0000 90150.0000 -0.1029 0.0941 0.0080 0.1662 132.4284 0.0087 0.0055 0.0026 -0.0023 0.0018 0.0011 0.0084 0.5346 0.4928
1494806400.0000 90450.0000 -0.0577 0.1000 0.0251 0.1468 150.0021 0.0097 0.0033 0.0021 -0.0032 0.0012 -0.0003 0.0075 0.5996 0.5693
1494806400.0000 90750.0000 -0.0715 0.1099 0.0131 0.1585 146.9514 0.0121 0.0066 0.0014 -0.0068 -0.0009 0.0012 0.0100 0.6205 0.6007
1494806400.0000 91050.0000 0.2365 0.3067 -0.0011 0.3979 217.6331 0.0174 0.0547 0.0023 0.0274 -0.0042 -0.0078 0.0372 0.4064 0.4001
1494806400.0000 91350.0000 0.2450 0.3576 -0.0131 0.4735 214.4172 0.0466 0.0681 0.0022 0.0520 -0.0023 -0.0025 0.0584 0.4551 0.4510
1494806400.0000 91650.0000 -0.0519 0.0601 0.0311 0.1277 139.1610 0.0081 0.0088 0.0031 -0.0037 -0.0003 0.0017 0.0100 0.9559 0.9446
1494806400.0000 91950.0000 -0.0757 0.1411 0.0002 0.1924 151.7900 0.0161 0.0038 0.0013 -0.0059 0.0001 -0.0001 0.0106 0.5245 0.5084
1494806400.0000 92250.0000 0.0331 0.1039 0.0119 0.1349 197.6485 0.0066 0.0058 0.0034 0.0013 0.0001 0.0006 0.0079 0.6628 0.5899
1494806400.0000 92550.0000 0.1728 0.3581 -0.0152 0.4457 205.7628 0.0481 0.0344 0.0016 0.0253 -0.0014 -0.0023 0.0421 0.4208 0.4170
1494806400.0000 92850.0000 -0.0915 0.3018 -0.0013 0.3363 163.1392 0.0138 0.0052 0.0033 0.0004 0.0006 -0.0007 0.0112 0.2738 0.2526
1494806400.0000 93150.0000 -0.0013 0.2838 0.0441 0.3045 179.7445 0.0125 0.0054 0.0038 -0.0005 -0.0031 -0.0017 0.0108 0.2960 0.2717
1494806400.0000 93450.0000 -0.0543 0.0586 0.0200 0.1371 137.1946 0.0069 0.0131 0.0032 -0.0042 -0.0013 0.0031 0.0116 1.0675 1.0205
1494806400.0000 93750.0000 0.2096 0.2501 0.0091 0.3371 219.9629 0.0252 0.0358 0.0027 0.0272 -0.0024 -0.0046 0.0318 0.4459 0.4366
1494806400.0000 94050.0000 -0.0070 0.2589 -0.0141 0.3320 178.4555 0.0513 0.0137 0.0022 0.0070 0.0003 0.0011 0.0336 0.5770 0.5682
1494806400.0000 94350.0000 0.2399 0.3385 0.0028 0.4433 215.3250 0.0298 0.0134 0.0037 0.0035 -0.0008 0.0013 0.0234 0.3013 0.2892
1494806400.0000 94650.0000 0.0891 0.2749 0.0041 0.3474 197.9595 0.0389 0.0152 0.0022 0.0132 -0.0017 -0.0003 0.0282 0.4741 0.4646
1494806400.0000 94950.0000 0.2549 0.2626 -0.0299 0.3803 224.1415 0.0114 0.0075 0.0035 -0.0016 0.0008 0.0005 0.0112 0.2357 0.2170
1494806400.0000 95250.0000 -0.0526 0.1911 -0.0039 0.2248 164.5974 0.0125 0.0078 0.0043 0.0020 -0.0009 -0.0025 0.0123 0.4572 0.4150
1494806400.0000 95550.0000 -0.0198 0.1569 0.0237 0.2804 172.7978 0.0535 0.0108 0.0047 0.0085 0.0035 -0.0010 0.0345 0.9488 0.9261
1494806400.0000 95850.0000 0.1251 0.2385 0.0027 0.3212 207.6821 0.0410 0.0216 0.0022 0.0202 -0.0054 -0.0026 0.0324 0.5455 0.5364
1494806400.0000 96150.0000 0.2072 0.2536 0.0108 0.3644 219.2409 0.0692 0.0408 0.0024 0.0394 -0.0021 -0.0021 0.0562 0.5907 0.5847
1494806400.0000 96450.0000 -0.1626 0.1773 0.0187 0.2779 137.4811 0.0136 0.0180 0.0028 0.0032 0.0004 -0.0029 0.0172 0.4437 0.4265
1494806400.0000 96750.0000 0.2497 0.3132 -0.0480 0.4630 218.5640 0.0465 0.0729 0.0039 0.0506 -0.0066 -0.0081 0.0617 0.5026 0.4980
1494806400.0000 97050.0000 0.0371 0.3306 -0.0264 0.3920 186.4094 0.0459 0.0128 0.0074 0.0202 -0.0081 -0.0036 0.0331 0.4448 0.4204
1494806400.0000 97350.0000 -0.0677 0.3332 -0.0084 0.3655 168.5161 0.0176 0.0099 0.0030 0.0021 0.0008 -0.0032 0.0152 0.2965 0.2814
1494806400.0000 97650.0000 -0.1163 0.3207 0.0100 0.4067 160.0711 0.0436 0.0144 0.0030 0.0132 -0.0006 -0.0013 0.0305 0.4180 0.4076
1494806400.0000 97950.0000 -0.1267 0.3050 0.0123 0.3541 157.4425 0.0134 0.0144 0.0027 0.0053 0.0002 -0.0029 0.0153 0.3054 0.2916
1494806400.0000 98250.0000 0.2644 0.5488 -0.0425 0.6258 205.7249 0.0304 0.0192 0.0047 0.0133 0.0002 -0.0023 0.0272 0.2204 0.2111
1494806400.0000 98550.0000 -0.0176 0.4467 -0.0652 0.5458 177.7432 0.0999 0.0380 0.0054 0.0470 -0.0069 -0.0041 0.0717 0.4839 0.4797
1494806400.0000 98850.0000 -0.0450 0.2807 0.0208 0.3131 170.8962 0.0207 0.0258 0.0033 0.0158 0.0001 -0.0008 0.0248 0.4515 0.4375
1494806400.0000 99150.0000 -0.1030 0.1309 0.0152 0.2428 141.8022 0.0307 0.0098 0.0019 -0.0012 0.0014 0.0003 0.0213 0.7117 0.6981
1494806400.0000 99450.0000 0.2407 0.3925 -0.0081 0.4665 211.5168 0.0115 0.0155 0.0025 0.0080 -0.0018 -0.0035 0.0148 0.2155 0.2061
1494806400.0000 99750.0000 0.0130 0.2110 -0.0042 0.2850 183.5280 0.0365 0.0385 0.0034 0.0244 0.0007 0.0019 0.0393 0.7652 0.7485
1494806400.0000 100050.0000 -0.1318 -0.0103 0.0108 0.1938 85.5226 0.0240 0.0067 0.0029 0.0036 0.0034 0.0014 0.0168 0.7972 0.7651
1494806400.0000 100350.0000 0.2206 -0.1017 0.0324 0.3048 294.7539 0.0330 0.0148 0.0071 -0.0038 0.0044 0.0050 0.0274 0.5519 0.5193
1494806400.0000 100650.0000 0.3430 -0.1610 0.0239 0.4431 295.1483 0.0359 0.0689 0.0185 -0.0160 0.0066 0.0027 0.0616 0.5339 0.4932
1494806400.0000 100950.0000 0.3392 -0.1352 0.0380 0.4445 291.7337 0.0714 0.0479 0.0093 0.0106 0.0052 -0.0001 0.0643 0.5639 0.5461
1494806400.0000 101250.0000 0.8257 -0.0935 0.0734 0.8943 276.4585 0.1119 0.1150 0.0225 -0.0508 -0.0037 -0.0036 0.1248 0.3457 0.3310
1494806400.0000 101550.0000 0.7286 -0.1495 0.0345 0.7910 281.5963 0.1251 0.0520 0.0289 0.0149 0.0066 0.0093 0.1030 0.3519 0.3266
1494806400.0000 101850.0000 -0.2232 0.1392 0.0432 0.3250 121.9570 0.0274 0.0168 0.0076 -0.0027 0.0038 -0.0018 0.0259 0.4927 0.4614
1494806400.0000 102150.0000 0.0902 0.1132 -0.0209 0.2202 218.5353 0.0382 0.0042 0.0034 0.0069 0.0055 -0.0001 0.0229 0.8450 0.8211
1494806400.0000 102450.0000 0.0915 0.1930 -0.0106 0.2853 205.3563 0.0494 0.0130 0.0014 0.0154 0.0019 0.0011 0.0319 0.6820 0.6752
1494806400.0000 102750.0000 0.2786 0.3990 -0.0073 0.4958 214.9208 0.0169 0.0130 0.0014 0.0080 -0.0014 -0.0017 0.0157 0.2099 0.2051
1494806400.0000 103050.0000 0.0103 0.2474 -0.0366 0.3057 182.3728 0.0289 0.0414 0.0069 0.0282 -0.0042 -0.0034 0.0386 0.6405 0.6181
1494806400.0000 103350.0000 -0.1834 0.0527 -0.0252 0.2097 106.0215 0.0050 0.0119 0.0017 -0.0029 -0.0003 0.0005 0.0093 0.4086 0.3929
1494806400.0000 103650.0000 0.0651 0.3218 -0.0076 0.4051 191.4346 0.0688 0.0189 0.0017 0.0193 0.0003 -0.0019 0.0447 0.5257 0.5207
1494806400.0000 103950.0000 0.0439 0.3258 -0.0472 0.3610 187.6791 0.0246 0.0291 0.0121 0.0149 -0.0080 -0.0072 0.0328 0.4456 0.4067
1494806400.0000 104250.0000 0.0464 0.0869 0.0065 0.1887 208.1034 0.0194 0.0139 0.0034 0.0017 0.0022 0.0035 0.0184 1.1209 1.0694
1494806400.0000 104550.0000 0.0823 0.2573 -0.0521 0.3553 197.7360 0.0354 0.0430 0.0074 0.0115 0.0012 -0.0016 0.0429 0.6144 0.5982
1494806400.0000 104850.0000 0.4129 0.3530 -0.0117 0.5690 229.4780 0.0459 0.0198 0.0055 0.0109 -0.0055 0.0012 0.0356 0.2835 0.2724
1494806400.0000 105150.0000 -0.1413 0.1722 -0.0030 0.2480 140.6331 0.0087 0.0071 0.0032 0.0024 -0.0008 -0.0006 0.0095 0.3574 0.3258
1494806400.0000 105450.0000 0.1191 0.0577 0.0477 0.2229 244.1628 0.0409 0.0076 0.0071 -0.0005 0.0098 0.0007 0.0278 0.9678 0.9606
1494806400.0000 105750.0000 0.2656 0.1849 0.0143 0.3476 235.1573 0.0177 0.0189 0.0051 0.0051 -0.0021 -0.0013 0.0209 0.3642 0.3414
1494806400.0000 106050.0000 0.0893 0.0651 0.0149 0.4017 233.8945 0.1854 0.0151 0.0048 -0.0287 0.0083 0.0000 0.1026 2.3459 2.3394
1494806400.0000 106350.0000 -0.1459 -0.0407 -0.0074 0.2526 74.3979 0.0240 0.0362 0.0042 -0.0075 0.0026 -0.0022 0.0322 0.9664 0.9353
1494806400.0000 106650.0000 0.2269 -0.1466 -0.0007 0.3499 302.8724 0.0212 0.0374 0.0082 0.0169 0.0016 0.0082 0.0334 0.5522 0.5173
1494806400.0000 106950.0000 0.3331 0.2381 -0.0279 0.4374 234.4480 0.0113 0.0239 0.0054 -0.0017 -0.0012 0.0034 0.0203 0.2834 0.2645
1494806400.0000 107250.0000 0.1684 0.3824 -0.0468 0.4324 203.7701 0.0149 0.0202 0.0046 0.0078 -0.0044 -0.0040 0.0198 0.2736 0.2589
1494806400.0000 107550.0000 0.0005 0.6232 -0.1203 0.6448 180.0480 0.0280 0.0192 0.0094 0.0102 -0.0051 -0.0044 0.0283 0.2164 0.2012
1494806400.0000 107850.0000 0.0431 0.5147 -0.0714 0.5590 184.7849 0.0503 0.0299 0.0200 0.0203 -0.0010 -0.0075 0.0501 0.3505 0.3166
1494806400.0000 108150.0000 -0.2344 0.4069 -0.0527 0.4997 150.0531 0.0218 0.0300 0.0101 0.0077 -0.0023 -0.0084 0.0309 0.3040 0.2797
1494806400.0000 108450.0000 -0.1773 -0.0940 -0.0331 0.3737 62.0612 0.0377 0.0863 0.0125 -0.0215 0.0118 -0.0063 0.0682 1.0487 1.0130
1494806400.0000 108750.0000 0.0241 0.1213 0.0091 0.1917 191.2442 0.0272 0.0063 0.0026 0.0089 0.0021 0.0007 0.0180 0.8847 0.8551
1494806400.0000 109050.0000 -0.0770 0.0242 0.0070 0.2127 107.4288 0.0412 0.0083 0.0020 0.0050 0.0007 -0.0017 0.0258 1.6183 1.5924
1494806400.0000 109350.0000 0.4815 0.0601 0.0091 0.4977 262.8856 0.0132 0.0099 0.0017 -0.0085 0.0013 -0.0010 0.0124 0.1873 0.1810
1494806400.0000 109650.0000 0.2298 -0.1321 0.0179 0.3024 299.8874 0.0142 0.0205 0.0049 0.0040 0.0034 0.0021 0.0198 0.4326 0.4057
1494806400.0000 109950.0000 0.2678 -0.0243 0.0111 0.3020 275.1796 0.0160 0.0135 0.0062 0.0057 0.0009 0.0022 0.0178 0.4052 0.3688
1494806400.0000 110250.0000 0.1740 -0.1460 -0.0223 0.2642 309.9996 0.0308 0.0115 0.0077 -0.0053 -0.0044 0.0057 0.0250 0.5654 0.5226
1494806400.0000 110550.0000 0.3110 -0.1363 -0.0612 0.3962 293.6688 0.0261 0.0301 0.0127 0.0140 0.0043 0.0009 0.0344 0.4391 0.4031
1494806400.0000 110850.0000 0.1136 -0.2711 -0.0485 0.3483 337.2578 0.0405 0.0152 0.0225 -0.0056 -0.0064 -0.0008 0.0391 0.5421 0.4638
1494806400.0000 111150.0000 0.2812 -0.0915 -0.0145 0.3606 288.0163 0.0469 0.0277 0.0176 -0.0030 -0.0086 0.0085 0.0461 0.5924 0.5334
1494806400.0000 111450.0000 -0.1234 -0.3813 0.0330 0.4221 17.9393 0.0244 0.0267 0.0155 0.0125 0.0005 0.0049 0.0333 0.3705 0.3255
1494806400.0000 111750.0000 -0.2288 -0.2373 -0.0266 0.3521 43.9558 0.0189 0.0149 0.0123 0.0018 -0.0048 0.0003 0.0230 0.3747 0.3219
1494806400.0000 112050.0000 -0.3410 -0.3939 -0.0695 0.6275 40.8854 0.1259 0.0331 0.0387 0.0370 0.0044 0.0005 0.0988 0.4883 0.4418
1494806400.0000 112350.0000 -0.2324 -0.4887 -0.0650 0.6412 25.4319 0.1631 0.1410 0.1035 0.0685 0.0548 0.0211 0.2038 0.6763 0.5883
1494806400.0000 112650.0000 -0.1975 -0.4213 0.0952 0.5291 25.1119 0.0774 0.1282 0.0380 0.0539 0.0251 0.0207 0.1218 0.6000 0.5626
1494806400.0000 112950.0000 -0.3638 -0.5156 -0.0418 0.6714 35.2065 0.0816 0.0711 0.0514 0.0292 0.0111 0.0120 0.1020 0.4124 0.3575
1494806400.0000 113250.0000 -0.4746 -0.5585 0.0251 0.8228 40.3559 0.0879 0.1751 0.0939 0.0124 0.0278 0.0194 0.1784 0.4703 0.4040
1494806400.0000 113550.0000 -0.5035 -0.6763 -0.0156 0.9029 36.6658 0.1411 0.1845 0.0847 0.0516 0.0344 0.0168 0.2051 0.4385 0.3907
1494806400.0000 113850.0000 -0.0161 -0.3210 0.0151 0.4474 2.8633 0.0497 0.1184 0.0691 0.0060 0.0143 -0.0135 0.1186 0.8738 0.7364
1494806400.0000 114150.0000 -0.2715 -0.4323 -0.0066 0.7322 32.1320 0.3429 0.1990 0.1182 0.1453 0.0783 0.0528 0.3301 0.9189 0.8326
1494806400.0000 114450.0000 -0.1779 -0.6919 0.0453 0.8495 14.4188 0.2415 0.1751 0.1355 0.0387 0.0683 0.0566 0.2760 0.5993 0.5216
1494806400.0000 114750.0000 -0.0094 -0.5119 0.0083 0.6436 1.0500 0.0928 0.2002 0.0861 0.0197 0.0194 -0.0110 0.1896 0.6943 0.6104
1494806400.0000 115050.0000 -0.3221 -0.3227 -0.0712 0.5883 44.9477 0.0882 0.2281 0.0582 0.0893 0.0149 0.0242 0.1873 0.7657 0.7122
1494806400.0000 115350.0000 -0.4354 -0.6692 -0.0519 0.8741 33.0484 0.1166 0.1764 0.0889 0.0394 0.0167 0.0104 0.1910 0.4459 0.3914
1494806400.0000 115650.0000 -0.3799 -0.3621 -0.0743 0.6785 46.3682 0.2587 0.1855 0.0803 0.1453 0.0592 0.0299 0.2623 0.7889 0.7332
1494806400.0000 115950.0000 0.1010 -0.2638 -0.1713 0.4340 339.0534 0.0894 0.1877 0.1279 -0.0337 0.0446 -0.0513 0.2025 1.1121 1.0758
1494806400.0000 116250.0000 -0.2532 -0.3175 0.0279 0.5720 38.5715 0.1361 0.1874 0.0765 0.0318 0.0128 0.0137 0.2000 0.8970 0.8086
1494806400.0000 116550.0000 -0.3136 -0.2907 -0.0226 0.6508 47.1764 0.1969 0.2249 0.1262 0.0558 0.0485 0.0545 0.2740 0.9982 0.8769
1494806400.0000 116850.0000 -0.5191 -0.4229 0.0399 0.9649 50.8292 0.5553 0.5404 0.2383 0.3629 0.1526 0.1322 0.6670 0.9942 0.9026
1494806400.0000 117150.0000 -0.3502 -0.3639 -0.0319 0.6645 43.9006 0.2016 0.2985 0.1431 0.1119 0.0425 0.0718 0.3216 0.9150 0.8085
1494806400.0000 117450.0000 -0.2785 -0.3050 0.0044 0.6628 42.4031 0.3056 0.3564 0.1605 0.1790 0.0341 0.0252 0.4112 1.2675 1.1372
1494806400.0000 117750.0000 -0.2164 -0.3969 0.0160 0.8728 28.6014 0.4577 0.6848 0.1438 0.3534 0.0854 0.1357 0.6432 1.4478 1.3653
1494806400.0000 118050.0000 -0.2690 -0.6390 0.1130 0.9298 22.8323 0.1561 0.7861 0.1272 0.0300 0.0257 0.0414 0.5347 0.8500 0.8083
1494806400.0000 118350.0000 -0.2048 -0.1066 -0.0261 0.4897 62.5030 0.2043 0.1992 0.0828 0.1423 0.0117 0.0098 0.2432 1.7328 1.5885
1494806400.0000 118650.0000 -0.0363 -0.3668 0.0625 0.5428 5.6473 0.1378 0.1360 0.1088 -0.0072 0.0066 -0.0220 0.1913 0.9552 0.8195
1494806400.0000 118950.0000 -0.6900 -0.8274 0.0856 1.2632 39.8271 0.5613 0.4760 0.3590 0.1766 0.2053 0.0706 0.6982 0.6313 0.5458
1494806400.0000 119250.0000 -0.4429 -0.3603 0.0669 0.8812 50.8760 0.3183 0.4514 0.1723 0.0380 0.0838 0.0331 0.4710 0.9747 0.8871
1494806400.0000 119550.0000 -0.5087 -0.6098 -0.0284 1.0088 39.8365 0.3817 0.3785 0.1926 0.1166 0.0877 0.0349 0.4764 0.7092 0.6339
1494806400.0000 119850.0000 -0.5883 -0.5793 -0.0648 0.9328 45.4412 0.1599 0.2976 0.1261 0.0758 0.0252 0.0438 0.2917 0.5326 0.4730
1494806400.0000 120150.0000 -0.5775 -0.6190 0.0021 0.9631 43.0133 0.2585 0.4069 0.1869 0.1500 0.0703 0.0476 0.4262 0.6296 0.5563
1494806400.0000 120450.0000 -0.0078 -0.1346 0.2007 0.3985 3.3029 0.1107 0.0842 0.0998 0.0196 0.0130 -0.0086 0.1473 1.2962 1.8901
1494806400.0000 120750.0000 -0.4729 -0.4406 0.0004 0.8850 47.0303 0.2526 0.5101 0.1379 0.1060 0.0606 0.0139 0.4503 0.8477 0.7801
1494806400.0000 121050.0000 -0.3088 -0.7549 0.0966 0.9477 22.2491 0.1861 0.3806 0.1117 0.0312 0.0080 0.0402 0.3392 0.5790 0.5329
1494806400.0000 121350.0000 -0.4877 -0.7022 -0.0341 0.9838 34.7807 0.2217 0.3472 0.0716 0.1736 0.0310 0.0161 0.3202 0.5400 0.5093
1494806400.0000 121650.0000 -0.3261 -0.9243 0.0197 1.2335 19.4337 0.5634 0.4738 0.1926 0.2201 0.0918 0.1352 0.6149 0.6531 0.5999
1494806400.0000 121950.0000 -0.1601 -0.9236 0.0948 1.1548 9.8319 0.3086 0.4724 0.1494 0.0290 0.0638 0.1361 0.4652 0.5911 0.5443
1494806400.0000 122250.0000 -0.5111 -0.4165 0.0425 0.7986 50.8199 0.3285 0.1636 0.1416 0.0554 0.0823 0.0304 0.3168 0.6956 0.6143
1494806400.0000 122550.0000 -0.2438 -0.8927 -0.0773 1.1219 15.2745 0.3872 0.4376 0.1655 0.0714 0.0388 0.0553 0.4952 0.6187 0.5666
1494806400.0000 122850.0000 -0.6699 -1.0844 -0.1069 1.3939 31.7082 0.3700 0.2909 0.1478 0.0598 0.0372 -0.0409 0.4043 0.4059 0.3682
1494806400.0000 123150.0000 -0.3223 -0.4075 -0.0596 0.6460 38.3417 0.1399 0.1385 0.0785 0.0458 0.0015 0.0135 0.1784 0.6594 0.5862
1494806400.0000 123450.0000 -0.4586 -0.9134 0.0723 1.2300 26.6597 0.2939 0.6542 0.2726 0.0273 0.0908 0.0173 0.6104 0.6226 0.5500
1494806400.0000 123750.0000 -0.6167 -0.3773 -0.0217 0.9731 58.5396 0.1980 0.6284 0.1875 0.0405 0.0773 0.0246 0.5069 0.8038 0.7260
1494806400.0000 124050.0000 -0.6751 -1.4107 0.0210 1.6901 25.5735 0.4181 0.4787 0.1788 0.0847 0.0309 0.0274 0.5378 0.3828 0.3496
1494806400.0000 124350.0000 -0.3477 -0.4069 0.0027 0.7699 40.5150 0.1710 0.2987 0.1060 0.0047 0.0030 0.0151 0.2879 0.8185 0.7393
1494806400.0000 124650.0000 -0.6358 -1.0760 0.0330 1.3439 30.5761 0.2549 0.2856 0.2019 0.0369 0.0441 -0.0075 0.3712 0.3979 0.3396
1494806400.0000 124950.0000 -0.5957 -0.7437 0.0643 1.0866 38.6942 0.2418 0.3410 0.2816 0.0488 0.0639 -0.0177 0.4322 0.5620 0.4625
1494806400.0000 125250.0000 -0.2196 -0.2299 -0.0353 0.5430 43.6873 0.2008 0.1792 0.1470 0.0517 0.0478 0.0334 0.2635 1.3102 1.1194
1494806400.0000 125550.0000 -0.4502 -0.3976 0.0340 0.9409 48.5528 0.3503 0.5617 0.2181 0.1266 0.0512 -0.0764 0.5651 1.0202 0.9179
1494806400.0000 125850.0000 -0.0814 -0.2073 -0.0040 0.7097 21.4394 0.4180 0.1885 0.1894 0.0976 0.0683 -0.0183 0.3980 2.3129 2.0193
1494806400.0000 126150.0000 -0.3869 -0.5389 0.0917 0.8454 35.6704 0.1423 0.3173 0.1796 -0.0360 0.0216 -0.0364 0.3196 0.6892 0.5900
1494806400.0000 126450.0000 -0.6270 -0.4871 -0.0336 0.9173 52.1562 0.2125 0.2089 0.1630 0.0011 0.0573 -0.0132 0.2922 0.5554 0.4720
1494806400.0000 126750.0000 -0.3893 -0.8972 0.2317 1.1077 23.4549 0.3666 0.4936 0.2038 0.1779 0.1105 0.0422 0.5320 0.5925 0.5475
1494806400.0000 127050.0000 -0.5358 -0.3308 -0.0786 0.8049 58.3070 0.2924 0.2809 0.1404 0.0827 0.0331 -0.0280 0.3569 0.7686 0.6942
1494806400.0000 127350.0000 0.0104 -1.3509 -0.0500 1.5462 359.5569 0.5047 0.4897 0.1591 -0.1120 0.0501 0.0586 0.5767 0.4587 0.4262
1494806400.0000 127650.0000 -0.5821 -1.4527 0.1534 1.7125 21.8379 0.3675 1.0262 0.2575 0.1156 0.0432 0.0150 0.8255 0.4718 0.4355
1494806400.0000 127950.0000 -0.6414 -0.3665 -0.2369 0.8838 60.2531 0.1864 0.3332 0.1861 0.0774 0.0191 0.0163 0.3529 0.6252 0.5634
1494806400.0000 128250.0000 -0.5981 -0.6772 0.0717 1.0135 41.4501 0.2663 0.2729 0.1998 0.0781 0.0738 0.0436 0.3695 0.5476 0.4692
1494806400.0000 128550.0000 -0.6623 -0.5949 0.0493 0.9878 48.0697 0.1572 0.3000 0.2283 0.0625 -0.0117 0.0096 0.3428 0.5361 0.4385
1494806400.0000 128850.0000 0.1115 -0.3528 0.0341 0.5464 342.4645 0.1029 0.1798 0.1096 0.0025 0.0538 0.0483 0.1961 0.9731 0.8296
1494806400.0000 129150.0000 -0.1774 -0.1675 0.1229 0.4245 46.6459 0.0909 0.0856 0.0706 0.0210 0.0183 -0.0029 0.1236 1.0506 0.9942
1494806400.0000 129450.0000 -0.2776 -0.2902 0.1071 0.5852 43.7279 0.1877 0.1052 0.1827 -0.0195 0.0639 -0.0208 0.2378 0.9580 0.7781
1494806400.0000 129750.0000 -0.4309 -0.4627 0.1837 0.7681 42.9609 0.1666 0.1450 0.1809 -0.0174 0.0689 -0.0216 0.2462 0.6153 0.5097
1494806400.0000 130050.0000 -0.4912 -0.3914 0.0413 0.8617 51.4476 0.1497 0.3303 0.2145 0.0088 0.0576 -0.0850 0.3472 0.7644 0.6368
1494806400.0000 130350.0000 -0.1382 -0.2375 -0.0497 0.5484 30.2012 0.1898 0.1095 0.1590 0.0591 0.0383 -0.0191 0.2291 1.3998 1.1496
1494806400.0000 130650.0000 -0.1189 -0.3419 0.1295 0.5540 19.1730 0.1150 0.1815 0.1047 0.0319 -0.0115 -0.0099 0.2006 0.9512 0.8685
1494806400.0000 130950.0000 -0.4256 -0.5720 0.1039 0.8894 36.6498 0.1775 0.2761 0.0758 -0.0035 0.0425 0.0292 0.2647 0.5831 0.5455
1494806400.0000 131250.0000 -0.5462 -0.7863 0.0511 1.0596 34.7827 0.1134 0.4065 0.1214 0.0226 0.0497 -0.0022 0.3206 0.4822 0.4348
1494806400.0000 131550.0000 -0.2192 -0.5836 0.0811 0.7372 20.5862 0.1146 0.2640 0.0781 0.0292 0.0180 -0.0213 0.2283 0.6206 0.5698
1494806400.0000 131850.0000 -0.6148 -0.8090 -0.0277 1.0929 37.2315 0.2240 0.2259 0.1191 0.0858 0.0363 0.0161 0.2845 0.4284 0.3811
1494806400.0000 132150.0000 -0.4050 -0.9802 -0.0660 1.3284 22.4486 0.2031 0.9833 0.1307 0.0320 -0.0346 -0.0265 0.6585 0.6236 0.5930
1494806400.0000 132450.0000 -0.4423 -0.0715 -0.0832 0.6391 80.8122 0.2246 0.1633 0.1463 0.0462 0.0889 0.0322 0.2671 0.9260 0.8026
1494806400.0000 132750.0000 -0.4965 -1.0954 0.0479 1.2962 24.3821 0.1956 0.3684 0.1189 0.0184 0.0258 0.0611 0.3415 0.3964 0.3605
1494806400.0000 133050.0000 -0.0622 -0.2119 -0.0279 0.4599 16.3566 0.0892 0.2047 0.0827 0.0628 -0.0012 0.0384 0.1883 1.5920 1.4176
1494806400.0000 133350.0000 -0.3308 -0.1689 -0.0503 0.4795 62.9488 0.0762 0.0915 0.0674 0.0110 0.0203 0.0031 0.1175 0.7468 0.6364
1494806400.0000 133650.0000 -0.3511 0.2079 0.0987 0.6440 120.6311 0.1944 0.1917 0.1522 -0.0590 0.0918 -0.0673 0.2692 1.0092 0.8793
1494806400.0000 133950.0000 -0.2930 -0.1168 -0.0895 0.5600 68.2759 0.1658 0.2023 0.1593 0.0379 0.0105 -0.0044 0.2637 1.2787 1.1104
1494806400.0000 134250.0000 -0.2614 0.0903 -0.0664 0.6045 109.0482 0.2111 0.2195 0.1239 0.0104 0.0105 -0.0291 0.2772 1.5115 1.3699
1494806400.0000 134550.0000 -0.4968 -0.7229 -0.0509 1.1290 34.4986 0.2435 0.4564 0.1327 -0.0680 0.0509 -0.0117 0.4163 0.5996 0.5507
1494806400.0000 134850.0000 -0.0693 -0.3176 -0.1117 0.6374 12.3002 0.1409 0.3032 0.1236 0.0379 -0.0441 0.0183 0.2838 1.2656 1.1835
1494806400.0000 135150.0000 0.2315 0.3516 -0.2438 0.6856 213.3615 0.2351 0.1319 0.1826 -0.0241 0.0210 0.0248 0.2748 0.8800 0.8310
1494806400.0000 135450.0000 -0.5685 -0.6930 0.0405 1.1780 39.3646 0.3336 0.6872 0.1742 0.1958 0.0503 0.0007 0.5975 0.7034 0.6508
1494806400.0000 135750.0000 -0.2883 -1.1423 -0.0838 1.3810 14.1663 0.4436 0.3579 0.1437 0.0455 0.0254 -0.0030 0.4726 0.4752 0.4387
1494806400.0000 136050.0000 -0.4968 -0.7714 0.0518 1.0311 32.7809 0.2116 0.3345 0.1685 0.0568 0.0245 0.0257 0.3573 0.5311 0.4650
1494806400.0000 136350.0000 -0.6411 -0.6830 0.0105 1.0863 43.1847 0.2711 0.3872 0.1919 0.0701 0.0905 0.0011 0.4251 0.5683 0.5001
1494806400.0000 136650.0000 -0.5673 -0.9075 0.0079 1.2145 32.0094 0.5065 0.2586 0.1676 0.1740 0.1295 0.0675 0.4664 0.5210 0.4719
1494806400.0000 136950.0000 -0.0285 -0.7320 -0.0802 0.8972 2.2287 0.2282 0.1679 0.1338 0.0597 0.0300 0.0023 0.2650 0.5703 0.4960
1494806400.0000 137250.0000 -0.0581 -0.2851 0.2071 0.6185 11.5180 0.1507 0.3304 0.1161 0.0593 0.0086 -0.0076 0.2986 1.2494 1.3763
1494806400.0000 137550.0000 0.2034 -0.1054 -0.0607 0.7755 297.3781 0.3412 0.2881 0.1680 0.1232 -0.0290 0.0048 0.3986 2.1751 1.9991
1494806400.0000 137850.0000 0.0024 0.1225 -0.0711 0.4812 181.1454 0.1231 0.1549 0.1313 0.0422 -0.0218 -0.0464 0.2046 2.6069 2.4845
1494806400.0000 138150.0000 -0.1220 -0.1855 0.0795 0.5842 33.3280 0.1258 0.3161 0.1660 -0.0187 0.0284 -0.0121 0.3040 1.9089 1.7287
1494806400.0000 138450.0000 -0.4451 -1.1871 -0.0381 1.5310 20.5530 0.5356 0.5468 0.1717 0.3232 -0.0067 0.0082 0.6270 0.5098 0.4738
1494806400.0000 138750.0000 -0.2248 -0.6713 -0.0747 1.2654 18.5157 0.8786 0.3979 0.1201 0.3548 0.1303 0.0668 0.6983 0.9584 0.9214
1494806400.0000 139050.0000 -0.4981 -0.3079 -0.0535 0.7294 58.2731 0.1179 0.2796 0.0969 0.0456 0.0010 -0.0460 0.2472 0.6904 0.6217
1494806400.0000 139350.0000 -0.3589 -0.8136 -0.1041 0.9994 23.8036 0.2442 0.1702 0.0665 0.0562 0.0013 -0.0001 0.2405 0.4472 0.4180
1494806400.0000 139650.0000 0.9634 0.4121 -0.1421 1.1651 246.8432 0.1525 0.2646 0.0480 0.0580 0.0031 0.0025 0.2325 0.3723 0.3558
1494806400.0000 139950.0000 -0.2041 -0.3916 -0.1139 0.5642 27.5257 0.1185 0.1380 0.0371 0.0513 -0.0029 -0.0077 0.1468 0.6860 0.6621
1494806400.0000 140250.0000 -0.4565 -1.2089 -0.0165 1.3816 20.6872 0.2495 0.1979 0.1157 0.0534 0.0237 0.0163 0.2815 0.3352 0.2989
1494806400.0000 140550.0000 -0.5605 -0.7664 -0.1068 1.0230 36.1832 0.0859 0.3510 0.0692 0.0279 0.0025 -0.0254 0.2531 0.4299 0.4019
1494806400.0000 140850.0000 -0.3984 -0.5098 0.0134 0.6922 38.0038 0.0664 0.0684 0.0539 0.0078 0.0089 0.0049 0.0944 0.3876 0.3276
1494806400.0000 141150.0000 -0.6488 -0.2830 -0.1585 0.8227 66.4375 0.1262 0.1924 0.1488 -0.0329 0.0509 -0.0708 0.2337 0.5441 0.4604
1494806400.0000 141450.0000 -0.3924 -0.1692 -0.0464 0.6630 66.6779 0.0992 0.2554 0.1295 -0.0095 0.0082 -0.0738 0.2421 0.9346 0.8046
1494806400.0000 141750.0000 -0.2638 -0.1101 -0.0750 0.4572 67.3394 0.0702 0.1259 0.0787 0.0279 -0.0085 -0.0176 0.1375 1.0244 0.8946
1494806400.0000 142050.0000 -0.1277 -0.5865 0.0971 0.7353 12.2849 0.1738 0.1004 0.0663 -0.0299 -0.0047 0.0337 0.1702 0.5541 0.5036
1494806400.0000 142350.0000 -0.2287 -0.4415 -0.0048 0.6791 27.3861 0.2134 0.0916 0.0644 -0.0255 0.0125 0.0093 0.1847 0.7058 0.6414
1494806400.0000 142650.0000 0.4660 -0.2068 -0.1246 0.8306 293.9261 0.3482 0.2296 0.0841 0.1815 -0.0468 0.0037 0.3310 0.8950 0.8609
1494806400.0000 142950.0000 0.1270 -0.9510 -0.0612 1.1208 352.3931 0.2757 0.4017 0.1134 0.0181 -0.0152 0.1019 0.3954 0.5340 0.4953
1494806400.0000 143250.0000 0.1718 -0.7222 0.0389 0.8588 346.6196 0.1440 0.3869 0.1507 -0.0233 0.0059 0.0718 0.3408 0.6412 0.5667
1494806400.0000 143550.0000 0.1331 -1.4182 0.0201 1.5584 354.6395 0.3419 0.3945 0.1221 0.1918 -0.0455 0.0258 0.4292 0.3755 0.3478
1494806400.0000 143850.0000 0.4927 -0.7594 -0.1271 0.9845 327.0255 0.1245 0.2907 0.1309 -0.0641 -0.0010 0.0865 0.2731 0.4668 0.4110
1494806400.0000 144150.0000 -0.1419 -0.0188 -0.0841 0.3963 82.4560 0.0935 0.1132 0.1058 -0.0463 0.0397 -0.0303 0.1562 1.9439 1.8332
1494806400.0000 144450.0000 -0.5258 -0.6188 0.0202 0.8791 40.3539 0.1110 0.1282 0.0830 -0.0013 0.0240 0.0198 0.1611 0.4035 0.3477
1494806400.0000 144750.0000 -0.4558 -1.0550 -0.1552 1.2247 23.3638 0.1172 0.2612 0.0728 -0.0149 0.0248 -0.0336 0.2256 0.3344 0.3090
1494806400.0000 145050.0000 -0.7576 -0.9803 -0.2056 1.3169 37.6964 0.2354 0.2723 0.1236 0.0892 0.0064 -0.0009 0.3156 0.3653 0.3320
1494806400.0000 145350.0000 -0.2562 -0.3882 -0.0363 0.7184 33.4205 0.2267 0.1954 0.0827 -0.0235 0.0116 0.0004 0.2524 0.8792 0.8064
1494806400.0000 145650.0000 0.0662 -1.0443 -0.0282 1.2375 356.3736 0.2940 0.6857 0.0954 0.2942 0.0053 0.0850 0.5375 0.5719 0.5461
1494806400.0000 145950.0000 0.3236 -0.2773 -0.0256 0.5514 310.5928 0.1430 0.0697 0.0760 -0.0005 -0.0403 0.0193 0.1444 0.7266 0.6248
1494806400.0000 146250.0000 -0.3374 -1.2346 -0.0586 1.3418 15.2844 0.1500 0.2026 0.0662 0.0709 0.0195 0.0283 0.2094 0.2916 0.2679
1494806400.0000 146550.0000 -0.0000 -0.8820 -0.0942 0.9935 0.0003 0.1783 0.2128 0.0363 0.1377 0.0016 0.0117 0.2137 0.4255 0.4094
1494806400.0000 146850.0000 0.7000 -0.7683 -0.0373 1.0971 317.6648 0.1433 0.2485 0.0880 -0.0789 0.0044 0.0458 0.2399 0.3845 0.3477
1494806400.0000 147150.0000 -0.4134 0.6952 -0.3338 0.9551 149.2641 0.2840 0.3012 0.0854 -0.1906 0.0385 -0.0605 0.3353 0.5403 0.5461
1494806400.0000 147450.0000 -0.0158 0.3437 -0.0703 0.4910 177.3643 0.1191 0.0798 0.0698 0.0051 0.0159 -0.0401 0.1344 0.8522 0.7483
1494806400.0000 147750.0000 0.6723 0.2408 -0.1416 0.7969 250.2894 0.1433 0.0836 0.0752 -0.0309 -0.0393 -0.0011 0.1510 0.4358 0.3851
1494806400.0000 148050.0000 0.4093 -0.1569 -0.1389 0.5297 290.9713 0.0464 0.1025 0.0358 -0.0132 0.0066 -0.0233 0.0923 0.5395 0.5082
1494806400.0000 148350.0000 0.2057 0.2985 -0.0620 0.4790 214.5702 0.1361 0.0619 0.0445 -0.0228 -0.0119 -0.0202 0.1213 0.7730 0.7086
1494806400.0000 148650.0000 0.5366 0.2377 -0.2034 0.6651 246.1107 0.0556 0.0816 0.0456 -0.0318 0.0128 -0.0256 0.0914 0.3974 0.3644
1494806400.0000 148950.0000 0.6436 -0.1455 -0.1429 0.7117 282.7357 0.0448 0.0623 0.0315 0.0164 -0.0162 -0.0066 0.0693 0.3184 0.2864
1494806400.0000 149250.0000 0.6641 -0.1177 -0.1047 0.7225 280.0482 0.0710 0.0699 0.0481 -0.0162 -0.0307 0.0226 0.0945 0.3678 0.3213
1494806400.0000 149550.0000 0.1862 -0.5079 -0.0185 0.8094 339.8630 0.2786 0.1480 0.0451 0.1124 0.0053 0.0048 0.2359 0.7326 0.6971
1494806400.0000 149850.0000 0.0837 -0.5380 -0.0367 0.6397 351.1563 0.1279 0.0623 0.0376 -0.0065 -0.0134 0.0128 0.1139 0.5049 0.4624
1494806400.0000 150150.0000 0.5987 -0.6234 -0.0981 0.9279 316.1579 0.1076 0.1796 0.0741 -0.0299 -0.0022 0.0219 0.1807 0.3989 0.3580
1494806400.0000 150450.0000 0.3847 -0.4699 -0.0409 0.6816 320.6921 0.1252 0.0991 0.0378 -0.0412 -0.0224 0.0218 0.1311 0.4857 0.4503
1494806400.0000 150750.0000 0.3660 -0.3376 -0.0092 0.5319 312.6844 0.0369 0.0397 0.0131 -0.0001 -0.0032 0.0058 0.0449 0.3473 0.3209
1494806400.0000 151050.0000 0.4952 -0.2175 -0.0564 0.5658 293.7119 0.0170 0.0312 0.0148 -0.0055 0.0003 -0.0036 0.0315 0.2664 0.2343
