1494720000.0000 150.0000 nan nan nan nan nan nan nan nan nan nan nan nan nan nan
1494720000.0000 450.0000 nan nan nan nan nan nan nan nan nan nan nan nan nan nan
1494720000.0000 750.0000 nan nan nan nan nan nan nan nan nan nan nan nan nan nan
1494720000.0000 1050.0000 nan nan nan nan nan nan nan nan nan nan nan nan nan nan
1494720000.0000 1350.0000 nan nan nan nan nan nan nan nan nan nan nan nan nan nan
1494720000.0000 1650.0000 nan nan nan nan nan nan nan nan nan nan nan nan nan nan
1494720000.0000 1950.0000 nan nan nan nan nan nan nan nan nan nan nan nan nan nan
1494720000.0000 2250.0000 nan nan nan nan nan nan nan nan nan nan nan nan nan nan
1494720000.0000 2550.0000 nan nan nan nan nan nan nan nan nan nan nan nan nan nan
1494720000.0000 2850.0000 nan nan nan nan nan nan nan nan nan nan nan nan nan nan
1494720000.0000 3150.0000 nan nan nan nan nan nan nan nan nan nan nan nan nan nan
1494720000.0000 3450.0000 nan nan nan nan nan nan nan nan nan nan nan nan nan nan
1494720000.0000 3750.0000 nan nan nan nan nan nan nan nan nan nan nan nan nan nan
1494720000.0000 4050.0000 nan nan nan nan nan nan nan nan nan nan nan nan nan nan
1494720000.0000 4350.0000 nan nan nan nan nan nan nan nan nan nan nan nan nan nan
1494720000.0000 4650.0000 nan nan nan nan nan nan nan nan nan nan nan nan nan nan
1494720000.0000 4950.0000 nan nan nan nan nan nan nan nan nan nan nan nan nan nan
1494720000.0000 5250.0000 nan nan nan nan nan nan nan nan nan nan nan nan nan nan
1494720000.0000 5550.0000 nan nan nan nan nan nan nan nan nan nan nan nan nan nan
1494720000.0000 5850.0000 nan nan nan nan nan nan nan nan nan nan nan nan nan nan
1494720000.0000 6150.0000 nan nan nan nan nan nan nan nan nan nan nan nan nan nan
1494720000.0000 6450.0000 nan nan nan nan nan nan nan nan nan nan nan nan nan nan
1494720000.0000 6750.0000 nan nan nan nan nan nan nan nan nan nan nan nan nan nan
1494720000.0000 7050.0000 nan nan nan nan nan nan nan nan nan nan nan nan nan nan
1494720000.0000 7350.0000 nan nan nan nan nan nan nan nan nan nan nan nan nan nan
1494720000.0000 7650.0000 nan nan nan nan nan nan nan nan nan nan nan nan nan nan
1494720000.0000 7950.0000 nan nan nan nan nan nan nan nan nan nan nan nan nan nan
1494720000.0000 8250.0000 nan nan nan nan nan nan nan nan nan nan nan nan nan nan
1494720000.0000 8550.0000 nan nan nan nan nan nan nan nan nan nan nan nan nan nan
1494720000.0000 8850.0000 nan nan nan nan nan nan nan nan nan nan nan nan nan nan
1494720000.0000 9150.0000 nan nan nan nan nan nan nan nan nan nan nan nan nan nan
1494720000.0000 9450.0000 nan nan nan nan nan nan nan nan nan nan nan nan nan nan
1494720000.0000 9750.0000 nan nan nan nan nan nan nan nan nan nan nan nan nan nan
1494720000.0000 10050.0000 nan nan nan nan nan nan nan nan nan nan nan nan nan nan
1494720000.0000 10350.0000 nan nan nan nan nan nan nan nan nan nan nan nan nan nan
1494720000.0000 10650.0000 nan nan nan nan nan nan nan nan nan nan nan nan nan nan
1494720000.0000 10950.0000 nan nan nan nan nan nan nan nan nan nan nan nan nan nan
1494720000.0000 11250.0000 nan nan nan nan nan nan nan nan nan nan nan nan nan nan
1494720000.0000 11550.0000 nan nan nan nan nan nan nan nan nan nan nan nan nan nan
1494720000.0000 11850.0000 nan nan nan nan nan nan nan nan nan nan nan nan nan nan
1494720000.0000 12150.0000 nan nan nan nan nan nan nan nan nan nan nan nan nan nan
1494720000.0000 12450.0000 nan nan nan nan nan nan nan nan nan nan nan nan nan nan
1494720000.0000 12750.0000 nan nan nan nan nan nan nan nan nan nan nan nan nan nan
1494720000.0000 13050.0000 nan nan nan nan nan nan nan nan nan nan nan nan nan nan
1494720000.0000 13350.0000 nan nan nan nan nan nan nan nan nan nan nan nan nan nan
1494720000.0000 13650.0000 nan nan nan nan nan nan nan nan nan nan nan nan nan nan
1494720000.0000 13950.0000 nan nan nan nan nan nan nan nan nan nan nan nan nan nan
1494720000.0000 14250.0000 nan nan nan nan nan nan nan nan nan nan nan nan nan nan
1494720000.0000 14550.0000 nan nan nan nan nan nan nan nan nan nan nan nan nan nan
1494720000.0000 14850.0000 nan nan nan nan nan nan nan nan nan nan nan nan nan nan
1494720000.0000 15150.0000 nan nan nan nan nan nan nan nan nan nan nan nan nan nan
1494720000.0000 15450.0000 nan nan nan nan nan nan nan nan nan nan nan nan nan nan
1494720000.0000 15750.0000 nan nan nan nan nan nan nan nan nan nan nan nan nan nan
1494720000.0000 16050.0000 nan nan nan nan nan nan nan nan nan nan nan nan nan nan
1494720000.0000 16350.0000 nan nan nan nan nan nan nan nan nan nan nan nan nan nan
1494720000.0000 16650.0000 nan nan nan nan nan nan nan nan nan nan nan nan nan nan
1494720000.0000 16950.0000 nan nan nan nan nan nan nan nan nan nan nan nan nan nan
1494720000.0000 17250.0000 nan nan nan nan nan nan nan nan nan nan nan nan nan nan
1494720000.0000 17550.0000 nan nan nan nan nan nan nan nan nan nan nan nan nan nan
1494720000.0000 17850.0000 nan nan nan nan nan nan nan nan nan nan nan nan nan nan
1494720000.0000 18150.0000 nan nan nan nan nan nan nan nan nan nan nan nan nan nan
1494720000.0000 18450.0000 nan nan nan nan nan nan nan nan nan nan nan nan nan nan
1494720000.0000 18750.0000 nan nan nan nan nan nan nan nan nan nan nan nan nan nan
1494720000.0000 19050.0000 nan nan nan nan nan nan nan nan nan nan nan nan nan nan
1494720000.0000 19350.0000 nan nan nan nan nan nan nan nan nan nan nan nan nan nan
1494720000.0000 19650.0000 nan nan nan nan nan nan nan nan nan nan nan nan nan nan
1494720000.0000 19950.0000 nan nan nan nan nan nan nan nan nan nan nan nan nan nan
1494720000.0000 20250.0000 nan nan nan nan nan nan nan nan nan nan nan nan nan nan
1494720000.0000 20550.0000 nan nan nan nan nan nan nan nan nan nan nan nan nan nan
1494720000.0000 20850.0000 nan nan nan nan nan nan nan nan nan nan nan nan nan nan
1494720000.0000 21150.0000 nan nan nan nan nan nan nan nan nan nan nan nan nan nan
1494720000.0000 21450.0000 nan nan nan nan nan nan nan nan nan nan nan nan nan nan
1494720000.0000 21750.0000 nan nan nan nan nan nan nan nan nan nan nan nan nan nan
1494720000.0000 22050.0000 nan nan nan nan nan nan nan nan nan nan nan nan nan nan
1494720000.0000 22350.0000 nan nan nan nan nan nan nan nan nan nan nan nan nan nan
1494720000.0000 22650.0000 nan nan nan nan nan nan nan nan nan nan nan nan nan nan
1494720000.0000 22950.0000 nan nan nan nan nan nan nan nan nan nan nan nan nan nan
1494720000.0000 23250.0000 nan nan nan nan nan nan nan nan nan nan nan nan nan nan
1494720000.0000 23550.0000 nan nan nan nan nan nan nan nan nan nan nan nan nan nan
1494720000.0000 23850.0000 nan nan nan nan nan nan nan nan nan nan nan nan nan nan
1494720000.0000 24150.0000 nan nan nan nan nan nan nan nan nan nan nan nan nan nan
1494720000.0000 24450.0000 nan nan nan nan nan nan nan nan nan nan nan nan nan nan
1494720000.0000 24750.0000 nan nan nan nan nan nan nan nan nan nan nan nan nan nan
1494720000.0000 25050.0000 nan nan nan nan nan nan nan nan nan nan nan nan nan nan
1494720000.0000 25350.0000 nan nan nan nan nan nan nan nan nan nan nan nan nan nan
1494720000.0000 25650.0000 nan nan nan nan nan nan nan nan nan nan nan nan nan nan
1494720000.0000 25950.0000 nan nan nan nan nan nan nan nan nan nan nan nan nan nan
1494720000.0000 26250.0000 nan nan nan nan nan nan nan nan nan nan nan nan nan nan
1494720000.0000 26550.0000 nan nan nan nan nan nan nan nan nan nan nan nan nan nan
1494720000.0000 26850.0000 nan nan nan nan nan nan nan nan nan nan nan nan nan nan
1494720000.0000 27150.0000 nan nan nan nan nan nan nan nan nan nan nan nan nan nan
1494720000.0000 27450.0000 nan nan nan nan nan nan nan nan nan nan nan nan nan nan
1494720000.0000 27750.0000 nan nan nan nan nan nan nan nan nan nan nan nan nan nan
1494720000.0000 28050.0000 nan nan nan nan nan nan nan nan nan nan nan nan nan nan
1494720000.0000 28350.0000 nan nan nan nan nan nan nan nan nan nan nan nan nan nan
1494720000.0000 28650.0000 nan nan nan nan nan nan nan nan nan nan nan nan nan nan
1494720000.0000 28950.0000 nan nan nan nan nan nan nan nan nan nan nan nan nan nan
1494720000.0000 29250.0000 nan nan nan nan nan nan nan nan nan nan nan nan nan nan
1494720000.0000 29550.0000 nan nan nan nan nan nan nan nan nan nan nan nan nan nan
1494720000.0000 29850.0000 nan nan nan nan nan nan nan nan nan nan nan nan nan nan
1494720000.0000 30150.0000 nan nan nan nan nan nan nan nan nan nan nan nan nan nan
1494720000.0000 30450.0000 nan nan nan nan nan nan nan nan nan nan nan nan nan nan
1494720000.0000 30750.0000 nan nan nan nan nan nan nan nan nan nan nan nan nan nan
1494720000.0000 31050.0000 nan nan nan nan nan nan nan nan nan nan nan nan nan nan
1494720000.0000 31350.0000 nan nan nan nan nan nan nan nan nan nan nan nan nan nan
1494720000.0000 31650.0000 nan nan nan nan nan nan nan nan nan nan nan nan nan nan
1494720000.0000 31950.0000 nan nan nan nan nan nan nan nan nan nan nan nan nan nan
1494720000.0000 32250.0000 nan nan nan nan nan nan nan nan nan nan nan nan nan nan
1494720000.0000 32550.0000 nan nan nan nan nan nan nan nan nan nan nan nan nan nan
1494720000.0000 32850.0000 nan nan nan nan nan nan nan nan nan nan nan nan nan nan
1494720000.0000 33150.0000 nan nan nan nan nan nan nan nan nan nan nan nan nan nan
1494720000.0000 33450.0000 nan nan nan nan nan nan nan nan nan nan nan nan nan nan
1494720000.0000 33750.0000 nan nan nan nan nan nan nan nan nan nan nan nan nan nan
1494720000.0000 34050.0000 nan nan nan nan nan nan nan nan nan nan nan nan nan nan
1494720000.0000 34350.0000 nan nan nan nan nan nan nan nan nan nan nan nan nan nan
1494720000.0000 34650.0000 0.2508 0.9236 0.1601 1.0028 195.1906 0.1142 0.1567 0.0529 0.0558 0.0182 -0.0315 0.1619 0.3386 0.3140
1494720000.0000 34950.0000 0.3045 0.8430 -0.0841 1.0440 199.8611 0.2025 0.1986 0.0573 -0.1094 0.0227 -0.0126 0.2292 0.4342 0.4079
1494720000.0000 35250.0000 0.1156 0.7697 -0.0460 0.8543 188.5406 0.1013 0.1470 0.0918 0.0005 0.0334 -0.0085 0.1700 0.4318 0.3696
1494720000.0000 35550.0000 0.3627 1.3924 0.1246 1.5170 194.5999 0.2292 0.2002 0.0924 0.0205 0.0282 -0.0447 0.2609 0.2888 0.2629
1494720000.0000 35850.0000 0.3991 0.7103 0.1783 0.9195 209.3289 0.1870 0.3604 0.0891 0.0730 -0.0231 -0.0681 0.3182 0.5523 0.5243
1494720000.0000 36150.0000 0.2215 1.2522 0.0733 1.4692 190.0318 0.4629 0.2925 0.1833 0.0121 0.0412 -0.0688 0.4694 0.4392 0.3946
1494720000.0000 36450.0000 0.6144 0.8435 0.2545 1.3135 216.0694 0.5029 0.3522 0.2031 -0.1445 -0.0145 -0.0839 0.5291 0.5529 0.5116
1494720000.0000 36750.0000 1.3261 0.3933 0.2691 1.5267 253.4795 0.5511 0.2277 0.1813 -0.0738 -0.0599 0.0171 0.4801 0.4015 0.3684
1494720000.0000 37050.0000 1.7979 -0.3373 0.1666 1.9131 280.6243 0.3264 0.2709 0.0936 -0.0158 0.0147 -0.0232 0.3455 0.2613 0.2439
1494720000.0000 37350.0000 2.0155 0.4303 0.2919 2.1589 257.9480 0.4254 0.4239 0.1522 0.0279 -0.0665 0.0453 0.5008 0.2776 0.2582
1494720000.0000 37650.0000 2.2617 0.0330 0.2765 2.4288 269.1635 0.3506 0.7527 0.1928 0.0524 -0.0561 0.1325 0.6481 0.2884 0.2681
1494720000.0000 37950.0000 1.9753 -0.4902 0.2092 2.0667 283.9365 0.2336 0.1456 0.1626 -0.0427 0.0588 0.0101 0.2709 0.2077 0.1747
1494720000.0000 38250.0000 1.5757 0.2505 0.2037 1.8855 260.9655 0.1244 1.0215 0.0713 -0.0009 -0.0013 -0.0597 0.6086 0.3960 0.3874
1494720000.0000 38550.0000 0.1729 0.9172 0.0842 1.0900 190.6773 0.2978 0.1136 0.0547 -0.1048 0.0120 -0.0118 0.2331 0.4206 0.3968
1494720000.0000 38850.0000 -1.4329 0.6709 -0.1483 1.6842 115.0905 0.2556 0.2875 0.0735 0.0036 0.0778 -0.0178 0.3083 0.2853 0.2689
1494720000.0000 39150.0000 -1.4872 -0.6411 -0.2850 1.7355 66.6799 0.3236 0.3011 0.1537 -0.0838 0.0087 -0.0541 0.3892 0.3098 0.2818
1494720000.0000 39450.0000 -0.3462 0.7697 0.2251 1.8608 155.7820 1.6465 1.7912 0.4105 0.6907 0.3842 0.2484 1.9241 1.2967 1.2684
1494720000.0000 39750.0000 -0.2915 0.1649 0.0591 1.1388 119.4916 0.4351 1.0350 0.2097 0.3446 -0.0414 -0.1180 0.8399 2.2003 2.0901
1494720000.0000 40050.0000 0.0022 0.0722 0.2952 1.1146 181.7579 0.5773 1.0658 0.2395 0.2561 0.0670 -0.1144 0.9413 2.6067 10.2459
1494720000.0000 40350.0000 0.1194 0.7400 0.1907 1.0560 189.1652 0.3283 0.4923 0.2578 0.0930 0.0605 -0.0707 0.5392 0.7751 0.6977
1494720000.0000 40650.0000 -0.1479 0.6009 -0.1521 0.9924 166.1739 0.5316 0.2729 0.2039 -0.0300 0.1398 -0.0542 0.5042 0.9099 0.8369
1494720000.0000 40950.0000 0.3985 -0.0735 0.1153 0.7549 280.4508 0.2222 0.3462 0.1413 0.1462 -0.0432 -0.1012 0.3548 1.1543 1.0741
1494720000.0000 41250.0000 0.0382 0.4818 0.1353 0.8983 184.5307 0.5768 0.2620 0.1496 0.0700 0.0526 -0.0244 0.4942 1.1437 1.0942
1494720000.0000 41550.0000 0.2424 0.3441 0.2664 1.2246 215.1685 0.9827 1.3173 0.3192 0.5873 0.0916 0.1860 1.3096 1.8758 2.0802
1494720000.0000 41850.0000 -0.0806 1.5318 0.0954 1.8323 176.9899 1.1358 0.5880 0.2998 0.1205 0.1399 0.0322 1.0118 0.5344 0.4942
1494720000.0000 42150.0000 0.3822 1.0401 0.1977 1.3169 200.1783 0.4858 0.4402 0.2086 -0.1202 0.0994 -0.0641 0.5673 0.5464 0.5014
1494720000.0000 42450.0000 0.1044 1.2603 -0.1377 1.4326 184.7360 0.3930 0.2880 0.2402 -0.0439 0.0601 -0.0616 0.4606 0.4356 0.3768
1494720000.0000 42750.0000 1.0707 1.8460 0.2237 2.3320 210.1143 0.6634 0.9090 0.2412 -0.1706 0.0090 -0.1240 0.9068 0.3624 0.3393
1494720000.0000 43050.0000 0.9747 1.6633 0.1830 2.0438 210.3697 0.4599 0.3729 0.1133 0.0109 -0.0021 -0.0484 0.4730 0.2900 0.2733
1494720000.0000 43350.0000 0.6884 1.5366 0.0974 1.7943 204.1334 0.3693 0.3203 0.1338 -0.0075 0.0415 -0.0596 0.4117 0.3106 0.2847
1494720000.0000 43650.0000 0.1645 2.0961 0.0449 2.3477 184.4863 1.0636 0.5145 0.2308 -0.2271 0.2000 -0.1274 0.9045 0.3692 0.3450
1494720000.0000 43950.0000 -0.1492 1.7212 -0.0841 2.0399 175.0458 1.1864 0.7583 0.2704 0.2891 0.1724 0.0356 1.1076 0.4968 0.4660
1494720000.0000 44250.0000 0.5638 1.4018 0.4024 1.7479 201.9088 0.7228 1.1744 0.2974 0.2954 0.0188 -0.1535 1.0973 0.5470 0.5263
1494720000.0000 44550.0000 1.2324 2.0157 0.0136 2.6551 211.4414 1.2334 0.7242 0.2123 -0.3703 0.0046 -0.0517 1.0849 0.3600 0.3419
1494720000.0000 44850.0000 0.4798 1.4198 0.0738 1.7294 198.6713 0.8026 0.3706 0.2515 -0.0256 0.1058 -0.0338 0.7124 0.4593 0.4173
1494720000.0000 45150.0000 1.5201 1.9225 0.0153 2.6295 218.3327 0.6741 0.9040 0.2176 -0.2356 0.0335 -0.0592 0.8979 0.3157 0.2959
1494720000.0000 45450.0000 0.9024 1.4913 0.1917 2.5953 211.1786 2.8172 1.3970 0.2673 -1.0050 0.3099 -0.2741 2.2408 0.6970 0.6799
1494720000.0000 45750.0000 -0.7411 1.7415 -0.0486 2.0907 156.9470 0.9865 0.3194 0.2373 -0.2122 0.1792 -0.0503 0.7716 0.3788 0.3486
1494720000.0000 46050.0000 1.0480 1.5775 0.1667 2.0223 213.5988 0.3700 0.8456 0.1492 0.0228 0.0148 -0.1273 0.6824 0.3548 0.3361
1494720000.0000 46350.0000 2.4827 1.2738 0.3516 2.8493 242.8392 0.6233 0.3018 0.1237 0.1000 -0.0748 -0.0524 0.5244 0.2102 0.1990
1494720000.0000 46650.0000 1.7053 1.1226 0.2833 2.1493 236.6428 0.4929 0.3990 0.1153 -0.0154 0.0006 -0.0766 0.5035 0.2811 0.2670
1494720000.0000 46950.0000 2.0988 1.3362 0.3198 2.5301 237.5163 0.5033 0.3013 0.0990 0.1966 -0.0897 -0.0768 0.4518 0.2188 0.2081
1494720000.0000 47250.0000 1.1228 1.2501 0.0285 1.8597 221.9284 0.4589 0.8847 0.1485 0.1091 0.1022 0.0439 0.7461 0.4197 0.3983
1494720000.0000 47550.0000 0.0641 0.6401 -0.2057 1.1514 185.7187 0.6103 0.6690 0.2991 0.2580 0.1052 0.1094 0.7892 1.0740 1.0151
1494720000.0000 47850.0000 0.2049 0.4110 0.1777 1.5256 206.4935 1.3238 1.4753 0.3765 0.8060 0.2118 -0.0447 1.5878 2.0894 2.1034
1494720000.0000 48150.0000 0.5343 2.2087 0.0932 2.4095 193.5997 0.7486 0.8782 0.3711 0.2991 0.1868 -0.0446 0.9989 0.3588 0.3240
1494720000.0000 48450.0000 0.6861 1.3248 0.0753 1.6637 207.3781 0.6236 0.9407 0.2153 0.4025 0.0536 -0.0039 0.8898 0.5156 0.4840
1494720000.0000 48750.0000 2.0458 2.2079 0.3116 3.2641 222.8174 0.9542 1.4730 0.2341 -0.4291 0.0405 -0.3124 1.3307 0.3113 0.2988
1494720000.0000 49050.0000 2.7792 1.9814 0.2496 3.5273 234.5145 0.9328 0.8920 0.3057 0.0989 -0.0507 -0.0153 1.0653 0.2462 0.2285
1494720000.0000 49350.0000 1.6458 1.5250 0.1681 2.3469 227.1824 0.4855 0.5641 0.2140 0.0385 -0.0119 -0.0819 0.6317 0.2884 0.2636
1494720000.0000 49650.0000 1.9996 2.0252 0.3756 2.9890 224.6350 0.7811 0.9408 0.2580 0.1216 -0.0516 -0.1787 0.9899 0.2830 0.2662
1494720000.0000 49950.0000 1.5356 1.7754 0.2384 2.4535 220.8563 0.5530 0.6947 0.2294 0.1636 -0.0354 -0.1497 0.7386 0.2974 0.2747
1494720000.0000 50250.0000 1.8837 2.8568 0.2143 3.4933 213.4006 0.4898 0.8886 0.1758 0.1595 0.0106 -0.0622 0.7771 0.2099 0.1981
1494720000.0000 50550.0000 2.0126 2.8000 0.2283 3.5155 215.7085 0.7168 0.6719 0.1416 0.3152 -0.0873 -0.1056 0.7652 0.2067 0.1973
1494720000.0000 50850.0000 1.9978 1.8726 0.2829 2.9411 226.8523 0.6859 0.8608 0.1270 -0.3515 0.0141 -0.1185 0.8369 0.2713 0.2622
1494720000.0000 51150.0000 1.8891 2.1349 0.1215 2.9010 221.5050 0.2554 0.5409 0.0762 0.1171 -0.0077 -0.0235 0.4362 0.1890 0.1807
1494720000.0000 51450.0000 0.9650 1.9186 0.0637 2.2624 206.6997 0.7528 0.4701 0.1026 0.3062 -0.0137 -0.0057 0.6628 0.3094 0.2973
1494720000.0000 51750.0000 0.8534 1.4036 0.0822 1.7181 211.3015 0.2943 0.1834 0.1002 0.0297 0.0126 -0.0308 0.2889 0.2668 0.2429
1494720000.0000 52050.0000 0.9711 0.9272 0.3146 1.5280 226.3245 0.5630 0.5613 0.1267 0.1466 0.0485 -0.0794 0.6255 0.4683 0.4559
1494720000.0000 52350.0000 0.0978 1.9645 0.0241 2.1000 182.8492 0.4370 1.0447 0.2232 -0.0273 0.0717 -0.1715 0.8524 0.3832 0.3573
1494720000.0000 52650.0000 -0.1116 1.7809 -0.0752 1.8840 176.4153 0.3792 0.4838 0.1888 0.1310 0.0939 0.0313 0.5259 0.3315 0.3006
1494720000.0000 52950.0000 0.1299 1.1927 0.1925 1.4123 186.2162 0.4936 0.3975 0.1840 0.0688 0.0757 -0.0507 0.5375 0.4926 0.4542
1494720000.0000 53250.0000 0.7204 1.3787 0.2657 1.7412 207.5879 0.4693 0.7923 0.1987 0.0028 0.0515 -0.0906 0.7302 0.4421 0.4169
1494720000.0000 53550.0000 1.0816 1.6910 0.2259 2.2260 212.6028 0.6887 1.5025 0.2385 0.3105 -0.0688 -0.1848 1.2149 0.4455 0.4258
1494720000.0000 53850.0000 0.8869 2.6043 0.0644 2.8102 198.8070 0.3218 0.5421 0.1439 0.1048 0.0058 -0.1066 0.5039 0.2106 0.1950
1494720000.0000 54150.0000 1.2355 2.4353 0.0755 2.7930 206.9006 0.4056 0.3804 0.1220 0.1005 0.0163 -0.0687 0.4540 0.2014 0.1874
1494720000.0000 54450.0000 2.5840 2.4815 0.3412 3.6431 226.1590 0.4800 0.5483 0.1361 0.0952 -0.0370 -0.0732 0.5822 0.1731 0.1634
1494720000.0000 54750.0000 3.8274 1.8205 0.5568 4.2901 244.5612 0.8594 0.3658 0.1174 0.0699 0.0016 -0.0333 0.6713 0.1565 0.1508
1494720000.0000 55050.0000 3.6262 1.6177 0.5050 4.0368 245.9574 0.5445 0.4588 0.1194 -0.0526 -0.0152 -0.0527 0.5613 0.1528 0.1456
1494720000.0000 55350.0000 3.6296 1.6953 0.4577 4.0464 244.9637 0.4001 0.2957 0.0837 0.0146 -0.0337 -0.0095 0.3897 0.1264 0.1202
1494720000.0000 55650.0000 3.6407 2.1995 0.5377 4.3152 238.8626 0.5504 0.5576 0.1429 0.0555 -0.0331 -0.0796 0.6255 0.1506 0.1429
1494720000.0000 55950.0000 2.3077 2.5278 0.3808 3.5876 222.3946 1.2657 1.1105 0.2085 0.0545 0.0109 -0.1812 1.2924 0.2695 0.2600
1494720000.0000 56250.0000 3.2596 1.6407 0.5228 3.7186 243.2826 0.9592 0.6061 0.1611 0.2481 -0.0731 -0.0512 0.8632 0.2058 0.1979
1494720000.0000 56550.0000 3.6006 1.7364 0.4926 4.2018 244.2543 1.5818 1.1230 0.2115 -0.5601 0.0198 -0.1282 1.4582 0.2448 0.2375
1494720000.0000 56850.0000 3.6721 0.4764 0.3648 3.7327 262.6082 0.5328 0.2004 0.1067 -0.0739 0.0370 -0.0102 0.4200 0.1422 0.1335
1494720000.0000 57150.0000 3.1563 1.9290 0.4819 3.7852 238.5688 0.6565 0.5903 0.1608 0.0035 -0.0444 -0.0541 0.7038 0.1836 0.1743
1494720000.0000 57450.0000 2.7644 1.5817 0.4881 3.2418 240.2239 0.5849 0.4158 0.1246 0.1519 -0.0805 -0.0560 0.5626 0.1901 0.1813
1494720000.0000 57750.0000 1.3073 1.6265 0.2615 2.2034 218.7913 0.6372 0.4863 0.0822 0.0340 0.0271 -0.0693 0.6029 0.3014 0.2933
1494720000.0000 58050.0000 2.3427 0.9064 0.2742 2.6054 248.8481 1.0889 0.4240 0.1558 -0.0040 0.1272 -0.0635 0.8344 0.2952 0.2827
1494720000.0000 58350.0000 3.2623 0.8629 0.5002 3.4499 255.1833 0.7735 0.4925 0.1367 0.0739 -0.0615 -0.0281 0.7013 0.2004 0.1925
1494720000.0000 58650.0000 3.7909 1.4406 0.4439 4.0894 249.1924 0.6074 0.2029 0.0950 0.0013 0.0119 -0.0220 0.4526 0.1346 0.1282
1494720000.0000 58950.0000 3.4003 0.7824 0.3085 3.5964 257.0412 0.5365 0.7032 0.1382 -0.1835 0.0091 -0.0423 0.6890 0.1935 0.1842
1494720000.0000 59250.0000 3.2944 0.0304 0.3207 3.3770 269.4716 0.7910 0.4969 0.2215 -0.0796 -0.0167 -0.0125 0.7547 0.2143 0.1989
1494720000.0000 59550.0000 3.3854 -0.0815 0.3470 3.4697 271.3792 1.2652 0.5141 0.2351 0.1187 0.0179 0.0001 1.0072 0.2407 0.2274
1494720000.0000 59850.0000 2.3253 0.2987 0.3010 2.5230 262.6807 1.6356 0.6472 0.3088 -0.3703 -0.0118 -0.0046 1.2958 0.3932 0.3721
1494720000.0000 60150.0000 1.7841 0.2506 0.2013 2.0476 262.0035 1.3607 0.8018 0.1911 -0.6797 0.0844 -0.1046 1.1768 0.4886 0.4713
1494720000.0000 60450.0000 1.9924 0.6341 0.3736 2.1971 252.3448 1.0918 0.5343 0.1438 0.2912 -0.0856 -0.0558 0.8850 0.3616 0.3521
1494720000.0000 60750.0000 3.8516 0.4522 0.3496 3.9509 263.3034 0.8084 0.4770 0.1297 -0.0275 -0.0082 -0.0237 0.7075 0.1764 0.1688
1494720000.0000 61050.0000 2.6624 0.8325 0.3104 2.8288 252.6367 0.2298 0.2284 0.0515 0.0255 0.0033 -0.0015 0.2549 0.1469 0.1401
1494720000.0000 61350.0000 2.3730 1.0579 0.3006 2.6734 245.9723 0.3085 0.3780 0.0976 -0.0168 -0.0637 -0.0175 0.3921 0.1955 0.1841
1494720000.0000 61650.0000 3.2801 1.0442 0.5010 3.5954 252.3411 1.0719 1.0076 0.2016 -0.0424 -0.1210 0.0388 1.1405 0.2507 0.2419
1494720000.0000 61950.0000 3.6477 2.3716 0.4460 4.3941 236.9691 0.6307 0.4037 0.1473 0.1370 -0.0358 -0.0720 0.5909 0.1435 0.1350
1494720000.0000 62250.0000 3.3412 1.6583 0.3412 3.7851 243.6044 0.5243 0.3340 0.1109 -0.0454 0.0046 -0.0493 0.4845 0.1517 0.1434
1494720000.0000 62550.0000 2.5689 2.2628 0.3971 3.5148 228.6256 0.6501 0.7224 0.2194 0.0883 -0.0565 -0.0901 0.7959 0.2114 0.1976
1494720000.0000 62850.0000 3.1863 2.1740 0.5102 3.9617 235.6948 0.9403 0.7617 0.2363 0.0757 -0.0754 -0.1350 0.9691 0.2066 0.1953
1494720000.0000 63150.0000 2.9151 1.8968 0.3527 3.5790 236.9480 0.7092 0.3910 0.1398 -0.2168 0.0715 -0.0704 0.6200 0.1839 0.1741
1494720000.0000 63450.0000 2.0424 2.1090 0.2684 3.0374 224.0817 0.5437 0.7239 0.1640 0.0358 -0.0276 -0.1013 0.7158 0.2343 0.2214
1494720000.0000 63750.0000 1.9438 1.6176 0.2113 2.6576 230.2320 0.5650 0.6210 0.1562 -0.0925 -0.0160 -0.0961 0.6711 0.2636 0.2486
1494720000.0000 64050.0000 2.5466 1.8890 0.3104 3.2233 233.4330 0.5479 0.4881 0.1026 0.1955 -0.0388 -0.0791 0.5694 0.1934 0.1853
1494720000.0000 64350.0000 2.8674 2.4167 0.3363 3.8361 229.8754 0.5734 0.5347 0.1185 -0.0485 0.0127 -0.0647 0.6133 0.1698 0.1621
1494720000.0000 64650.0000 2.8299 2.2998 0.2528 3.6771 230.9005 0.2620 0.1610 0.0711 -0.0119 -0.0030 -0.0326 0.2471 0.1110 0.1030
1494720000.0000 64950.0000 2.5989 1.4439 0.4647 3.0423 240.9440 1.0799 0.5134 0.1098 0.3072 -0.0472 -0.0737 0.8515 0.2504 0.2451
1494720000.0000 65250.0000 2.3626 1.8712 0.4695 3.0981 231.6201 0.6574 0.5156 0.1570 0.0804 -0.0332 -0.0767 0.6650 0.2183 0.2075
1494720000.0000 65550.0000 2.1646 1.8725 0.3252 2.8960 229.1374 0.3413 0.2366 0.0838 0.1013 -0.0386 -0.0546 0.3308 0.1630 0.1533
1494720000.0000 65850.0000 2.3874 1.3964 0.3683 2.8047 239.6768 0.2794 0.2006 0.0773 0.0320 -0.0354 -0.0283 0.2787 0.1545 0.1446
1494720000.0000 66150.0000 2.5497 1.3787 0.3610 2.9581 241.5987 0.4270 0.3745 0.0865 0.0677 -0.0643 -0.0306 0.4440 0.1863 0.1783
1494720000.0000 66450.0000 2.4489 1.0888 0.2688 2.7089 246.0288 0.2579 0.1247 0.0564 -0.0014 -0.0334 -0.0052 0.2195 0.1420 0.1333
1494720000.0000 66750.0000 3.0361 1.2136 0.2863 3.2964 248.2125 0.1171 0.1666 0.0452 -0.0233 -0.0053 -0.0297 0.1644 0.1009 0.0941
1494720000.0000 67050.0000 2.9937 1.0386 0.3513 3.2058 250.8672 0.2043 0.2181 0.0498 0.0005 -0.0038 -0.0186 0.2361 0.1244 0.1184
1494720000.0000 67350.0000 3.0342 0.7459 0.4143 3.1790 256.1887 0.2403 0.3247 0.0655 -0.0231 -0.0136 -0.0055 0.3153 0.1454 0.1389
1494720000.0000 67650.0000 2.7998 1.2229 0.4276 3.0852 246.4047 0.2515 0.1782 0.0683 0.0210 -0.0380 -0.0102 0.2490 0.1321 0.1239
1494720000.0000 67950.0000 2.2617 1.0709 0.2692 2.5263 244.6639 0.1473 0.1104 0.0336 -0.0022 -0.0083 -0.0069 0.1456 0.1238 0.1171
1494720000.0000 68250.0000 2.6458 1.0264 0.3325 2.8522 248.7975 0.1027 0.0675 0.0273 -0.0095 -0.0031 -0.0064 0.0988 0.0898 0.0839
1494720000.0000 68550.0000 2.8164 1.0315 0.3831 3.0103 249.8841 0.1403 0.0480 0.0255 -0.0068 0.0052 -0.0079 0.1069 0.0883 0.0835
1494720000.0000 68850.0000 2.3102 0.5483 0.3134 2.3884 256.6479 0.1417 0.0831 0.0223 0.0469 0.0019 0.0067 0.1235 0.1198 0.1153
1494720000.0000 69150.0000 1.3560 0.2441 0.2572 1.3950 259.7952 0.0932 0.0500 0.0266 0.0132 -0.0154 -0.0002 0.0849 0.1697 0.1585
1494720000.0000 69450.0000 1.7970 0.1248 0.2479 1.8142 266.0267 0.1799 0.0430 0.0246 -0.0171 0.0124 -0.0048 0.1237 0.1579 0.1513
1494720000.0000 69750.0000 2.5586 0.1799 0.3210 2.5756 265.9789 0.1011 0.0549 0.0230 0.0076 -0.0047 -0.0011 0.0895 0.0945 0.0889
1494720000.0000 70050.0000 2.3435 0.0432 0.3133 2.3628 268.9447 0.1564 0.0885 0.0268 0.0195 -0.0093 -0.0073 0.1358 0.1273 0.1219
1494720000.0000 70350.0000 2.2824 -0.4191 0.3174 2.3429 280.4043 0.1749 0.1063 0.0434 -0.0222 -0.0180 0.0136 0.1623 0.1405 0.1319
1494720000.0000 70650.0000 2.6323 -0.7570 0.2180 2.7722 286.0447 0.4061 0.1852 0.1084 -0.0449 -0.0411 0.0441 0.3498 0.1758 0.1621
1494720000.0000 70950.0000 2.9029 -0.6419 0.1816 3.0006 282.4691 0.2329 0.1810 0.0784 -0.0590 -0.0307 0.0247 0.2462 0.1360 0.1249
1494720000.0000 71250.0000 3.0149 -0.5745 0.2384 3.0901 280.7890 0.2263 0.1339 0.0654 -0.0293 -0.0296 0.0128 0.2128 0.1224 0.1129
1494720000.0000 71550.0000 2.9303 -0.6314 0.1967 3.0234 282.1603 0.3175 0.1538 0.0920 -0.0232 -0.0172 0.0258 0.2816 0.1442 0.1322
1494720000.0000 71850.0000 2.9372 -0.6968 0.2680 3.0474 283.3453 0.3216 0.1800 0.1138 -0.0323 -0.0270 0.0290 0.3078 0.1495 0.1355
1494720000.0000 72150.0000 2.7354 -0.8466 0.2097 2.8958 287.1967 0.3387 0.2080 0.1326 -0.0532 -0.0527 0.0472 0.3396 0.1657 0.1491
1494720000.0000 72450.0000 2.8924 -1.0827 0.1690 3.1098 290.5218 0.2499 0.1497 0.0868 -0.0569 -0.0460 0.0204 0.2432 0.1302 0.1182
1494720000.0000 72750.0000 2.5980 -1.1725 0.2179 2.8729 294.2910 0.2298 0.1597 0.0655 -0.0596 -0.0357 0.0367 0.2275 0.1362 0.1264
1494720000.0000 73050.0000 2.2362 -1.2509 0.1260 2.5920 299.2214 0.2431 0.1510 0.0702 -0.0279 -0.0184 0.0366 0.2321 0.1533 0.1414
1494720000.0000 73350.0000 1.0988 -1.3369 0.0106 1.7567 320.5830 0.1649 0.0517 0.0309 -0.0133 -0.0087 0.0091 0.1237 0.1659 0.1553
1494720000.0000 73650.0000 0.9873 -1.3197 0.0218 1.6608 323.1975 0.0649 0.0364 0.0297 -0.0103 -0.0013 0.0086 0.0655 0.1268 0.1115
1494720000.0000 73950.0000 1.3005 -1.4467 -0.0083 1.9750 318.0466 0.1843 0.0733 0.0448 -0.0199 -0.0046 0.0128 0.1512 0.1632 0.1506
1494720000.0000 74250.0000 1.8199 -1.6776 0.0038 2.5063 312.6714 0.2640 0.1036 0.0508 -0.0212 -0.0183 0.0199 0.2092 0.1509 0.1414
1494720000.0000 74550.0000 1.9530 -1.1461 0.0328 2.2879 300.4070 0.1646 0.1173 0.0424 -0.0325 -0.0135 -0.0013 0.1622 0.1452 0.1354
1494720000.0000 74850.0000 2.0294 -1.0389 0.1079 2.3022 297.1081 0.1919 0.1141 0.0589 -0.0358 -0.0231 0.0110 0.1824 0.1528 0.1401
1494720000.0000 75150.0000 1.6514 -0.8316 0.0761 1.8679 296.7289 0.1712 0.0877 0.0332 -0.0420 -0.0277 0.0118 0.1461 0.1686 0.1589
1494720000.0000 75450.0000 1.9124 -1.1820 0.0849 2.2629 301.7185 0.0476 0.0855 0.0165 -0.0162 -0.0013 0.0037 0.0748 0.0993 0.0937
1494720000.0000 75750.0000 1.6401 0.0355 0.0720 1.6731 268.7601 0.0789 0.1027 0.0252 -0.0271 -0.0178 0.0062 0.1034 0.1599 0.1500
1494720000.0000 76050.0000 2.0376 -0.8904 0.0670 2.2352 293.6039 0.0459 0.0938 0.0055 -0.0529 0.0027 -0.0038 0.0725 0.0989 0.0970
1494720000.0000 76350.0000 2.4173 -1.0404 0.1158 2.6366 293.2876 0.0513 0.0410 0.0108 -0.0241 -0.0000 -0.0041 0.0516 0.0704 0.0667
1494720000.0000 76650.0000 1.9705 -1.0599 0.0641 2.2439 298.2762 0.0113 0.0290 0.0052 0.0048 -0.0004 0.0029 0.0227 0.0549 0.0517
1494720000.0000 76950.0000 1.9533 -1.3240 0.0414 2.3608 304.1291 0.0040 0.0053 0.0023 -0.0001 0.0001 0.0001 0.0058 0.0265 0.0237
1494720000.0000 77250.0000 1.7372 -1.1211 0.0582 2.0692 302.8370 0.0043 0.0105 0.0023 -0.0022 0.0001 0.0019 0.0086 0.0366 0.0340
1494720000.0000 77550.0000 1.5546 -1.0167 0.0395 1.8634 303.1841 0.0206 0.0178 0.0047 0.0033 0.0043 0.0021 0.0215 0.0645 0.0609
1494720000.0000 77850.0000 1.1116 -1.2582 0.0060 1.6855 318.5403 0.0555 0.0096 0.0069 -0.0133 0.0011 -0.0010 0.0360 0.0922 0.0877
1494720000.0000 78150.0000 0.6526 -1.2088 -0.0334 1.3817 331.6340 0.0373 0.0240 0.0103 -0.0162 -0.0071 0.0051 0.0358 0.1125 0.1041
1494720000.0000 78450.0000 1.2492 -0.9049 0.0617 1.5793 305.9210 0.0618 0.0784 0.0227 0.0427 0.0106 0.0052 0.0814 0.1509 0.1401
1494720000.0000 78750.0000 1.5017 -0.4399 0.0770 1.5729 286.3262 0.0129 0.0329 0.0035 -0.0095 -0.0001 -0.0012 0.0247 0.0818 0.0790
1494720000.0000 79050.0000 1.6357 -0.3539 0.0708 1.6785 282.2078 0.0027 0.0176 0.0012 -0.0019 -0.0001 0.0009 0.0108 0.0506 0.0492
1494720000.0000 79350.0000 1.5340 0.0955 0.0532 1.5402 266.4378 0.0046 0.0101 0.0012 -0.0017 0.0002 -0.0007 0.0079 0.0473 0.0455
1494720000.0000 79650.0000 1.4659 -0.1640 0.0444 1.4757 276.3842 0.0071 0.0019 0.0008 -0.0005 -0.0001 0.0001 0.0049 0.0388 0.0371
1494720000.0000 79950.0000 1.4739 -0.2061 0.0732 1.4898 277.9591 0.0122 0.0060 0.0017 -0.0054 0.0020 -0.0007 0.0099 0.0545 0.0523
1494720000.0000 80250.0000 1.4428 -0.3711 0.0548 1.4936 284.4251 0.0170 0.0084 0.0016 0.0058 0.0020 0.0009 0.0135 0.0636 0.0617
1494720000.0000 80550.0000 1.5593 -0.5366 0.0843 1.6514 288.9890 0.0087 0.0057 0.0017 0.0030 0.0004 -0.0000 0.0080 0.0442 0.0419
1494720000.0000 80850.0000 1.1343 -0.4926 0.0401 1.2464 293.4728 0.0349 0.0103 0.0025 0.0126 0.0053 0.0025 0.0238 0.1018 0.0992
1494720000.0000 81150.0000 0.7074 -0.6541 0.0264 0.9756 312.7590 0.0389 0.0041 0.0015 -0.0026 -0.0015 -0.0000 0.0223 0.1264 0.1243
1494720000.0000 81450.0000 0.1240 -0.5980 -0.0397 0.6224 348.2883 0.0142 0.0055 0.0053 -0.0011 -0.0047 -0.0006 0.0125 0.1492 0.1325
1494720000.0000 81750.0000 0.5062 -0.4683 -0.0211 0.7016 312.7747 0.0167 0.0142 0.0077 0.0017 -0.0015 -0.0019 0.0193 0.1644 0.1473
1494720000.0000 82050.0000 0.8611 -0.4827 0.0357 0.9939 299.2737 0.0471 0.0018 0.0046 -0.0004 0.0126 -0.0002 0.0267 0.1352 0.1293
1494720000.0000 82350.0000 0.7385 -0.3830 0.0791 0.8583 297.4107 0.1211 0.0066 0.0076 0.0071 0.0231 0.0012 0.0676 0.2541 0.2480
1494720000.0000 82650.0000 0.1471 -0.7564 -0.0542 0.7795 348.9925 0.0125 0.0105 0.0023 0.0015 -0.0012 -0.0002 0.0126 0.1188 0.1136
1494720000.0000 82950.0000 0.2847 -0.8377 -0.0410 0.8868 341.2303 0.0035 0.0021 0.0013 0.0004 -0.0000 0.0001 0.0035 0.0542 0.0490
1494720000.0000 83250.0000 0.2905 -0.6573 -0.0512 0.7211 336.1594 0.0015 0.0074 0.0006 0.0011 0.0001 0.0002 0.0047 0.0781 0.0757
1494720000.0000 83550.0000 0.0863 -0.4686 -0.0528 0.4857 349.5705 0.0114 0.0037 0.0007 -0.0050 0.0009 -0.0002 0.0079 0.1515 0.1489
1494720000.0000 83850.0000 -0.0354 -0.3864 -0.0522 0.3912 5.2408 0.0025 0.0020 0.0008 0.0002 -0.0004 0.0002 0.0026 0.1071 0.0995
1494720000.0000 84150.0000 0.2368 -0.3254 -0.0367 0.4313 323.9599 0.0269 0.0057 0.0021 0.0066 0.0032 0.0011 0.0174 0.2662 0.2590
1494720000.0000 84450.0000 0.7716 -0.1782 0.0177 0.8006 283.0010 0.0141 0.0125 0.0053 0.0005 0.0013 0.0005 0.0160 0.1304 0.1191
1494720000.0000 84750.0000 0.8815 -0.2840 0.0126 0.9498 287.8605 0.0265 0.0297 0.0020 0.0224 0.0032 0.0034 0.0291 0.1504 0.1477
1494720000.0000 85050.0000 0.1750 -0.6457 -0.0165 0.8332 344.8369 0.2661 0.0140 0.0195 -0.0224 0.0388 -0.0017 0.1498 0.4722 0.4567
1494720000.0000 85350.0000 -0.2275 -0.6605 -0.0915 0.7387 19.0099 0.0554 0.0184 0.0079 -0.0027 -0.0047 0.0047 0.0408 0.2342 0.2245
1494720000.0000 85650.0000 0.2202 -0.5621 -0.0348 0.6399 338.6028 0.0600 0.0271 0.0166 -0.0122 -0.0076 0.0035 0.0519 0.3076 0.2824
1494720000.0000 85950.0000 0.0833 -0.5162 -0.0621 0.5515 350.8372 0.0375 0.0181 0.0088 -0.0069 -0.0079 0.0022 0.0322 0.2783 0.2604
1494720000.0000 86250.0000 -0.1010 -0.5172 -0.0789 0.5466 11.0543 0.0209 0.0148 0.0066 0.0011 -0.0024 0.0033 0.0211 0.2228 0.2068
1494806400.0000 86550.0000 -0.4549 -0.2019 -0.1156 0.5297 66.0741 0.0367 0.0115 0.0042 -0.0064 0.0035 0.0004 0.0262 0.2588 0.2549
1494806400.0000 86850.0000 -0.3689 -0.3111 -0.1538 0.4963 49.8623 0.0107 0.0070 0.0013 -0.0050 0.0003 -0.0012 0.0095 0.1575 0.1595
1494806400.0000 87150.0000 0.1105 -0.4571 -0.0934 0.5247 346.4163 0.0494 0.0251 0.0152 0.0001 -0.0109 0.0055 0.0448 0.3606 0.3350
1494806400.0000 87450.0000 0.4572 -0.5317 -0.0290 0.7284 319.3096 0.0428 0.0253 0.0105 0.0047 -0.0001 0.0059 0.0393 0.2306 0.2149
1494806400.0000 87750.0000 0.9436 -0.8621 0.0172 1.2878 312.4176 0.0372 0.0171 0.0091 -0.0022 -0.0027 0.0008 0.0317 0.1137 0.1052
1494806400.0000 88050.0000 0.8131 -0.8967 0.0093 1.2196 317.7983 0.0344 0.0140 0.0076 -0.0023 0.0040 0.0012 0.0280 0.1129 0.1050
1494806400.0000 88350.0000 0.5427 -0.7238 -0.0404 0.9115 323.1358 0.0216 0.0196 0.0084 -0.0075 0.0034 0.0002 0.0248 0.1419 0.1295
1494806400.0000 88650.0000 0.4619 -0.9149 -0.0553 1.0388 333.2106 0.0312 0.0153 0.0066 0.0004 -0.0016 0.0016 0.0266 0.1297 0.1215
1494806400.0000 88950.0000 -0.0980 -0.7859 -0.0791 0.8238 7.1105 0.0411 0.0337 0.0020 -0.0327 -0.0034 0.0039 0.0384 0.2010 0.1994
1494806400.0000 89250.0000 -0.2148 -0.7482 -0.1270 0.8049 16.0171 0.0334 0.0164 0.0035 -0.0163 0.0045 -0.0016 0.0266 0.1690 0.1655
1494806400.0000 89550.0000 0.0831 -0.8732 -0.0928 0.8814 354.5669 0.0078 0.0032 0.0029 -0.0013 -0.0018 0.0007 0.0069 0.0771 0.0689
1494806400.0000 89850.0000 0.1113 -0.9354 -0.1115 0.9445 353.2172 0.0049 0.0016 0.0010 -0.0004 -0.0002 0.0002 0.0038 0.0527 0.0494
1494806400.0000 90150.0000 0.2190 -1.0299 -0.1089 1.0590 347.9943 0.0122 0.0165 0.0051 0.0014 -0.0000 0.0009 0.0169 0.1003 0.0929
1494806400.0000 90450.0000 0.0439 -1.0986 -0.1097 1.1125 357.7124 0.0294 0.0152 0.0019 -0.0066 0.0006 -0.0002 0.0233 0.1128 0.1110
1494806400.0000 90750.0000 -0.3630 -1.0001 -0.1458 1.0697 19.9474 0.0078 0.0190 0.0018 -0.0048 -0.0014 0.0013 0.0143 0.0909 0.0889
1494806400.0000 91050.0000 -0.4430 -0.9429 -0.1347 1.0436 25.1680 0.0033 0.0032 0.0011 -0.0005 -0.0006 -0.0002 0.0038 0.0478 0.0445
1494806400.0000 91350.0000 -0.3517 -0.8230 -0.1104 0.8977 23.1415 0.0068 0.0025 0.0005 0.0018 -0.0003 -0.0002 0.0049 0.0636 0.0623
1494806400.0000 91650.0000 -0.1231 -0.9242 -0.1153 0.9353 7.5878 0.0051 0.0059 0.0006 -0.0015 0.0002 -0.0002 0.0058 0.0663 0.0649
1494806400.0000 91950.0000 -0.4187 -0.9732 -0.1280 1.0695 23.2807 0.0184 0.0064 0.0009 -0.0060 0.0002 -0.0001 0.0128 0.0867 0.0858
1494806400.0000 92250.0000 -0.8257 -0.5075 -0.1750 0.9879 58.4245 0.0089 0.0308 0.0010 -0.0134 -0.0002 0.0003 0.0203 0.1182 0.1186
1494806400.0000 92550.0000 -0.9803 -0.5186 -0.2105 1.1183 62.1176 0.0179 0.0117 0.0015 -0.0104 0.0016 -0.0014 0.0155 0.0901 0.0895
1494806400.0000 92850.0000 -1.4266 -0.0860 -0.2687 1.4331 86.5491 0.0099 0.0111 0.0021 -0.0025 0.0003 -0.0007 0.0116 0.0604 0.0586
1494806400.0000 93150.0000 -1.6520 -0.6908 -0.2751 1.8353 67.3075 0.0095 0.1907 0.0078 0.0177 -0.0013 -0.0114 0.1040 0.1453 0.1443
1494806400.0000 93450.0000 -1.8507 -0.8681 -0.3393 2.0514 64.8720 0.0323 0.0438 0.0171 0.0167 0.0028 0.0037 0.0466 0.0851 0.0779
1494806400.0000 93750.0000 -1.8990 -0.8140 -0.3071 2.0761 66.7971 0.0299 0.0424 0.0177 0.0004 -0.0029 0.0045 0.0450 0.0829 0.0751
1494806400.0000 94050.0000 -2.3256 -1.5829 -0.1994 2.8282 55.7590 0.0664 0.1351 0.0213 0.0377 -0.0022 -0.0108 0.1114 0.0966 0.0921
1494806400.0000 94350.0000 -2.5539 -1.7824 -0.2938 3.1244 55.0882 0.0898 0.0716 0.0390 0.0161 -0.0169 -0.0167 0.1002 0.0826 0.0745
1494806400.0000 94650.0000 -2.5223 -1.5121 -0.3332 2.9602 59.0575 0.1045 0.1011 0.0375 -0.0133 -0.0086 -0.0110 0.1216 0.0962 0.0890
1494806400.0000 94950.0000 -2.1445 -1.3553 -0.2903 2.5427 57.7083 0.0350 0.0237 0.0150 -0.0034 0.0073 -0.0019 0.0369 0.0614 0.0551
1494806400.0000 95250.0000 -2.0202 -1.5343 -0.2814 2.5436 52.7836 0.0242 0.0349 0.0245 -0.0041 -0.0075 0.0057 0.0418 0.0654 0.0553
1494806400.0000 95550.0000 -1.9762 -1.6102 -0.3425 2.5620 50.8264 0.0929 0.0471 0.0251 -0.0018 0.0137 0.0022 0.0826 0.0912 0.0848
1494806400.0000 95850.0000 -2.2398 -1.5071 -0.3291 2.7229 56.0644 0.0920 0.0904 0.0524 -0.0381 0.0115 -0.0231 0.1174 0.1029 0.0913
1494806400.0000 96150.0000 -2.2184 -1.7500 -0.3619 2.8420 51.7317 0.0541 0.1281 0.0492 0.0095 -0.0042 0.0183 0.1156 0.0975 0.0872
1494806400.0000 96450.0000 -2.5677 -1.3265 -0.3350 2.9055 62.6777 0.0894 0.1016 0.0554 0.0158 0.0077 -0.0022 0.1232 0.0985 0.0873
1494806400.0000 96750.0000 -2.5237 -1.6112 -0.3505 3.0110 57.4453 0.0690 0.1060 0.0868 -0.0026 0.0191 -0.0269 0.1309 0.0980 0.0807
1494806400.0000 97050.0000 -2.1223 -0.9455 -0.3190 2.3839 65.9867 0.1042 0.4089 0.0588 0.0753 -0.0125 -0.0030 0.2859 0.1862 0.1780
1494806400.0000 97350.0000 -2.3615 -0.9612 -0.3505 2.5777 67.8535 0.1023 0.1467 0.0451 0.0068 -0.0014 0.0015 0.1471 0.1217 0.1130
1494806400.0000 97650.0000 -2.5359 -1.3367 -0.4157 2.9001 62.2067 0.1382 0.2152 0.0641 0.0097 0.0088 0.0221 0.2088 0.1288 0.1197
1494806400.0000 97950.0000 -2.9962 -1.6770 -0.2802 3.4629 60.7630 0.0931 0.2788 0.0566 0.0335 -0.0281 -0.0265 0.2143 0.1097 0.1025
1494806400.0000 98250.0000 -3.0675 -2.4168 -0.1431 3.9294 51.7665 0.1443 0.2301 0.0600 0.0045 -0.0107 0.0018 0.2172 0.0974 0.0905
1494806400.0000 98550.0000 -2.9715 -2.8389 -0.2325 4.1398 46.3074 0.1228 0.3100 0.0710 -0.0328 -0.0310 -0.0178 0.2519 0.0996 0.0924
1494806400.0000 98850.0000 -3.2330 -2.8791 -0.2796 4.3520 48.3135 0.1132 0.3281 0.0916 0.0310 -0.0034 -0.0414 0.2665 0.0972 0.0886
1494806400.0000 99150.0000 -3.7304 -3.1120 -0.2584 4.8744 50.1643 0.1175 0.1607 0.0571 -0.0160 -0.0013 -0.0029 0.1676 0.0687 0.0627
1494806400.0000 99450.0000 -3.6294 -2.8262 -0.2999 4.6330 52.0928 0.1773 0.3079 0.1283 -0.0410 0.0252 -0.0165 0.3068 0.0981 0.0874
1494806400.0000 99750.0000 -3.3565 -2.5135 -0.2650 4.2013 53.1724 0.0708 0.0642 0.0458 -0.0002 -0.0087 -0.0019 0.0904 0.0584 0.0506
1494806400.0000 100050.0000 -3.6690 -2.7195 -0.2682 4.5761 53.4531 0.0901 0.0868 0.0400 0.0052 0.0017 -0.0053 0.1084 0.0588 0.0532
1494806400.0000 100350.0000 -3.7648 -2.6908 -0.2737 4.6350 54.4453 0.0663 0.0908 0.0311 0.0147 -0.0042 -0.0071 0.0941 0.0540 0.0495
1494806400.0000 100650.0000 -4.1904 -3.2186 -0.3142 5.2894 52.4723 0.0549 0.0702 0.0305 0.0053 -0.0009 0.0032 0.0778 0.0430 0.0387
1494806400.0000 100950.0000 -4.1327 -3.3122 -0.2670 5.2994 51.2886 0.0397 0.0310 0.0232 0.0012 -0.0064 -0.0030 0.0469 0.0334 0.0290
1494806400.0000 101250.0000 -4.1516 -3.3940 -0.2910 5.3678 50.7332 0.0657 0.0757 0.0300 0.0139 -0.0110 -0.0075 0.0857 0.0445 0.0405
1494806400.0000 101550.0000 -4.2514 -3.4749 -0.3327 5.4982 50.7387 0.0788 0.0766 0.0348 -0.0041 -0.0014 -0.0046 0.0951 0.0458 0.0414
1494806400.0000 101850.0000 -4.7000 -3.9981 -0.3535 6.1770 49.6139 0.2218 0.1030 0.0371 0.0756 0.0184 0.0051 0.1810 0.0562 0.0533
1494806400.0000 102150.0000 -4.7504 -3.9414 -0.3688 6.1882 50.3178 0.1960 0.1011 0.0521 -0.0563 -0.0010 0.0005 0.1746 0.0552 0.0510
1494806400.0000 102450.0000 -4.8429 -3.2713 -0.3904 5.8556 55.9616 0.1339 0.0949 0.0885 -0.0268 0.0025 -0.0303 0.1586 0.0555 0.0473
1494806400.0000 102750.0000 -4.9468 -3.3174 -0.3585 5.9685 56.1536 0.1803 0.1401 0.0441 0.0103 0.0053 -0.0038 0.1823 0.0584 0.0549
1494806400.0000 103050.0000 -4.7481 -3.6330 -0.2781 5.9993 52.5785 0.1814 0.3025 0.0884 0.0166 -0.0160 0.0241 0.2862 0.0730 0.0672
1494806400.0000 103350.0000 -4.0933 -3.3943 -0.3842 5.3405 50.3328 0.1793 0.2878 0.2290 0.0098 -0.0276 0.0287 0.3480 0.0903 0.0742
1494806400.0000 103650.0000 -4.2238 -3.2170 -0.4454 5.3191 52.7057 0.0797 0.1077 0.0745 -0.0060 -0.0147 -0.0214 0.1310 0.0555 0.0471
1494806400.0000 103950.0000 -4.0764 -3.4190 -0.3974 5.3386 50.0126 0.0874 0.1963 0.0607 -0.0404 -0.0084 -0.0347 0.1722 0.0635 0.0578
1494806400.0000 104250.0000 -4.3706 -3.3171 -0.4487 5.5017 52.8028 0.1164 0.1696 0.0862 -0.0129 -0.0298 -0.0173 0.1861 0.0640 0.0563
1494806400.0000 104550.0000 -4.1562 -3.4386 -0.3447 5.4108 50.3979 0.1539 0.1963 0.1722 0.0033 0.0207 -0.0171 0.2613 0.0772 0.0633
1494806400.0000 104850.0000 -4.1347 -3.3269 -0.4017 5.3308 51.1783 0.2217 0.2921 0.2858 0.0186 -0.0383 -0.0299 0.3998 0.0970 0.0780
1494806400.0000 105150.0000 -4.1899 -3.0447 -0.4201 5.2019 53.9945 0.1243 0.2856 0.0907 -0.0009 0.0044 -0.0269 0.2503 0.0786 0.0714
1494806400.0000 105450.0000 -4.5587 -3.4749 -0.3807 5.7584 52.6834 0.2254 0.2596 0.1305 -0.0600 -0.0003 -0.0206 0.3078 0.0788 0.0701
1494806400.0000 105750.0000 -4.7449 -3.6762 -0.3685 6.0211 52.2323 0.1208 0.2401 0.1162 -0.0300 0.0019 -0.0381 0.2386 0.0663 0.0578
1494806400.0000 106050.0000 -4.6043 -4.3646 -0.4088 6.3604 46.5305 0.0698 0.3372 0.0582 0.0158 -0.0067 -0.0069 0.2326 0.0619 0.0581
1494806400.0000 106350.0000 -4.8996 -4.6649 -0.4075 6.7701 46.4060 0.0556 0.0915 0.0550 0.0080 0.0007 0.0036 0.1010 0.0383 0.0327
1494806400.0000 106650.0000 -5.0017 -4.5074 -0.4029 6.7411 47.9757 0.0885 0.1224 0.0726 -0.0011 -0.0047 -0.0124 0.1417 0.0456 0.0394
1494806400.0000 106950.0000 -4.6617 -4.0155 -0.4683 6.1635 49.2589 0.1530 0.1606 0.1137 0.0276 -0.0167 -0.0238 0.2137 0.0612 0.0526
1494806400.0000 107250.0000 -4.9056 -3.9140 -0.4102 6.2891 51.4150 0.1329 0.1540 0.1006 -0.0192 -0.0087 -0.0029 0.1938 0.0571 0.0493
1494806400.0000 107550.0000 -5.0293 -3.7021 -0.4222 6.2561 53.6431 0.1079 0.1901 0.0656 0.0233 -0.0026 0.0217 0.1818 0.0556 0.0505
1494806400.0000 107850.0000 -4.9388 -3.9992 -0.5540 6.3686 51.0010 0.2036 0.2152 0.1427 0.0372 -0.0101 -0.0169 0.2808 0.0678 0.0588
1494806400.0000 108150.0000 -5.1808 -3.5635 -0.5297 6.3132 55.4783 0.2692 0.2700 0.2968 -0.0448 -0.0031 -0.0606 0.4180 0.0837 0.0674
1494806400.0000 108450.0000 -5.5626 -2.9010 -0.6129 6.3142 62.4571 0.4433 0.6002 0.2283 0.0787 0.0647 0.0116 0.6359 0.1033 0.0940
1494806400.0000 108750.0000 -5.6458 -3.0462 -0.7593 6.4437 61.6510 0.2919 0.3893 0.1798 0.0109 -0.0140 -0.0455 0.4305 0.0829 0.0743
1494806400.0000 109050.0000 -5.7978 -3.1422 -0.7483 6.6427 61.5435 0.3194 0.6680 0.2309 -0.0045 -0.0118 -0.0536 0.6092 0.0960 0.0870
1494806400.0000 109350.0000 -5.0276 -2.5818 -0.6480 5.6827 62.8179 0.2442 0.3132 0.2654 -0.0609 0.0155 -0.0016 0.4114 0.0921 0.0763
1494806400.0000 109650.0000 -4.7934 -2.6566 -0.5615 5.5106 61.0039 0.1862 0.3196 0.1648 -0.0546 -0.0144 0.0317 0.3353 0.0858 0.0749
1494806400.0000 109950.0000 -4.5986 -2.7697 -0.6827 5.4080 58.9396 0.2615 0.3614 0.2587 -0.0991 0.0157 -0.0447 0.4408 0.1002 0.0849
1494806400.0000 110250.0000 -4.8190 -2.8734 -0.7138 5.6539 59.1935 0.3263 0.5135 0.2722 -0.0279 -0.0238 -0.0352 0.5560 0.1076 0.0943
1494806400.0000 110550.0000 -4.5610 -2.6660 -0.6951 5.3268 59.6928 0.4248 0.3943 0.2182 -0.0554 0.0191 -0.0843 0.5186 0.1104 0.0989
1494806400.0000 110850.0000 -4.6024 -2.1787 -0.5388 5.1323 64.6676 0.2506 0.3882 0.3140 -0.0486 0.0657 -0.0926 0.4763 0.1101 0.0906
1494806400.0000 111150.0000 -4.6526 -2.2284 -0.6595 5.1725 64.4072 0.2924 0.1627 0.0987 0.0691 -0.0040 -0.0163 0.2769 0.0826 0.0755
1494806400.0000 111450.0000 -4.9675 -3.0119 -0.5619 5.8284 58.7704 0.6162 0.3503 0.2323 0.2489 0.0708 -0.0317 0.5994 0.1083 0.0977
1494806400.0000 111750.0000 -3.9837 -2.0634 -0.6504 4.5252 62.6180 0.2806 0.3279 0.1922 -0.0233 -0.0334 -0.0126 0.4004 0.1140 0.1004
1494806400.0000 112050.0000 -4.3499 -2.1310 -0.7259 4.8851 63.8997 0.2909 0.3353 0.1632 -0.0889 0.0241 -0.0462 0.3947 0.1047 0.0943
1494806400.0000 112350.0000 -3.8631 -1.8912 -0.5507 4.3457 63.9159 0.2817 0.3215 0.2212 -0.0835 -0.0027 -0.0384 0.4122 0.1209 0.1043
1494806400.0000 112650.0000 -3.1715 -1.7280 -0.2913 3.6515 61.4158 0.1232 0.3020 0.1654 -0.0375 -0.0054 -0.1178 0.2953 0.1225 0.1042
1494806400.0000 112950.0000 -3.3093 -2.3825 -0.3138 4.1170 54.2489 0.1751 0.2854 0.1972 -0.0714 0.0736 -0.1190 0.3289 0.1145 0.0961
1494806400.0000 113250.0000 -3.8817 -2.1735 -0.4273 4.5138 60.7538 0.2016 0.5588 0.1511 -0.1310 -0.0093 -0.0669 0.4557 0.1233 0.1132
1494806400.0000 113550.0000 -3.9470 -2.1738 -0.6195 4.5564 61.1561 0.2146 0.3824 0.1801 -0.1368 -0.0244 -0.0240 0.3885 0.1119 0.0990
1494806400.0000 113850.0000 -3.9447 -1.6362 -0.5303 4.3215 67.4727 0.2036 0.4093 0.1801 -0.0681 0.0197 -0.0180 0.3965 0.1195 0.1058
1494806400.0000 114150.0000 -3.5848 -1.5367 -0.4967 3.9528 66.7961 0.2862 0.3773 0.1317 -0.0893 0.0268 -0.0747 0.3976 0.1309 0.1206
1494806400.0000 114450.0000 -2.9119 -2.3249 -0.3981 3.7652 51.3962 0.1738 0.2805 0.1192 -0.0593 -0.0047 -0.0461 0.2868 0.1167 0.1044
1494806400.0000 114750.0000 -2.6834 -2.3045 -0.2422 3.5680 49.3444 0.1515 0.2023 0.1204 -0.0350 -0.0257 -0.0308 0.2371 0.1121 0.0971
1494806400.0000 115050.0000 -3.3036 -2.2362 -0.2852 4.0165 55.9060 0.1382 0.2207 0.1408 -0.0307 0.0023 -0.0647 0.2498 0.1020 0.0867
1494806400.0000 115350.0000 -4.1170 -2.7379 -0.3224 4.9610 56.3750 0.1801 0.1427 0.0923 -0.0141 0.0166 -0.0341 0.2075 0.0751 0.0663
1494806400.0000 115650.0000 -4.1755 -2.9122 -0.3796 5.1241 55.1058 0.3224 0.3066 0.2079 -0.0264 -0.0129 -0.0264 0.4185 0.1035 0.0899
1494806400.0000 115950.0000 -4.0992 -3.3428 -0.2026 5.3305 50.8043 0.2842 0.3548 0.1775 -0.1159 0.0194 -0.0351 0.4082 0.0986 0.0873
1494806400.0000 116250.0000 -4.4493 -3.5941 -0.4515 5.7649 51.0692 0.3149 0.4822 0.1754 -0.1156 -0.0107 -0.0627 0.4862 0.0992 0.0901
1494806400.0000 116550.0000 -4.5769 -3.3807 -0.3288 5.7275 53.5486 0.3493 0.4038 0.1953 -0.0401 0.0309 -0.0125 0.4742 0.0986 0.0880
1494806400.0000 116850.0000 -4.5410 -3.2869 -0.4015 5.6577 54.1020 0.4055 0.6572 0.2674 0.0184 0.0044 0.0522 0.6651 0.1185 0.1062
1494806400.0000 117150.0000 -4.6679 -3.1772 -0.4657 5.6830 55.7590 0.3948 0.3102 0.1911 -0.0833 0.0081 -0.0662 0.4480 0.0965 0.0859
1494806400.0000 117450.0000 -4.4020 -3.0746 -0.4649 5.3988 55.0674 0.4877 0.2424 0.1924 0.0108 0.0171 -0.0028 0.4613 0.1029 0.0919
1494806400.0000 117750.0000 -3.7201 -3.3395 -0.3053 5.0288 48.0855 0.2844 0.2955 0.1664 -0.0049 0.0115 -0.0023 0.3732 0.0996 0.0880
1494806400.0000 118050.0000 -4.0502 -3.0699 -0.2876 5.1154 52.8394 0.1925 0.3300 0.1948 -0.0591 0.0345 -0.0433 0.3587 0.0961 0.0821
1494806400.0000 118350.0000 -3.9153 -3.5809 -0.3007 5.3309 47.5542 0.2054 0.3282 0.2212 0.0083 0.0066 0.0031 0.3774 0.0944 0.0795
1494806400.0000 118650.0000 -4.4408 -2.7556 -0.3980 5.2875 58.1794 0.5115 0.4941 0.3931 -0.1764 0.1499 -0.1622 0.6993 0.1303 0.1108
1494806400.0000 118950.0000 -4.7667 -3.1981 -0.3517 5.7892 56.1413 0.3670 0.5426 0.2816 -0.0857 0.0554 -0.0828 0.5956 0.1096 0.0959
1494806400.0000 119250.0000 -4.9963 -2.0918 -0.5938 5.4853 67.2828 0.4642 0.7419 0.2418 -0.0704 0.1099 -0.1257 0.7240 0.1275 0.1171
1494806400.0000 119550.0000 -5.0193 -1.3369 -0.7008 5.2376 75.0851 0.4433 0.4126 0.2394 -0.0539 0.1135 -0.0423 0.5476 0.1153 0.1028
1494806400.0000 119850.0000 -4.9440 -2.2033 -0.6837 5.5036 65.9792 0.3607 0.9720 0.2095 -0.1733 0.0536 -0.1213 0.7711 0.1314 0.1231
1494806400.0000 120150.0000 -4.1775 -3.4379 -0.4906 5.4690 50.5466 0.3643 0.6362 0.2526 -0.1089 0.0249 -0.1367 0.6265 0.1190 0.1067
1494806400.0000 120450.0000 -3.8686 -3.6740 -0.3450 5.3585 46.4781 0.2765 0.3054 0.1776 0.0406 0.0091 -0.0365 0.3798 0.0941 0.0825
1494806400.0000 120750.0000 -3.9068 -3.1939 -0.2196 5.0825 50.7331 0.2891 0.5193 0.2351 0.0602 0.0271 0.0374 0.5218 0.1168 0.1029
1494806400.0000 121050.0000 -4.7300 -3.4161 -0.5431 5.8544 54.1619 0.4661 0.1914 0.1288 0.0574 -0.0356 -0.0505 0.3932 0.0874 0.0802
1494806400.0000 121350.0000 -4.1131 -3.3579 -0.5223 5.3512 50.7717 0.2439 0.5785 0.2020 -0.0132 0.0173 -0.0999 0.5122 0.1095 0.0986
1494806400.0000 121650.0000 -4.1270 -3.2846 -0.6204 5.3356 51.4845 0.3487 0.8379 0.1824 -0.0059 -0.0549 -0.0542 0.6845 0.1272 0.1192
1494806400.0000 121950.0000 -3.8943 -3.1457 -0.4282 5.0575 51.0698 0.4378 0.6622 0.2358 0.0599 -0.0152 -0.0933 0.6679 0.1328 0.1210
1494806400.0000 122250.0000 -3.9836 -3.8592 -0.3764 5.6023 45.9086 0.3878 0.9189 0.2109 0.0968 0.0338 -0.1096 0.7588 0.1279 0.1190
1494806400.0000 122550.0000 -4.2253 -2.7990 -0.6352 5.1119 56.4779 0.2364 0.4263 0.1857 -0.0788 -0.0168 -0.0546 0.4242 0.1041 0.0927
1494806400.0000 122850.0000 -4.2361 -2.6735 -0.6227 5.0868 57.7431 0.5577 0.7450 0.1848 -0.0994 0.0425 -0.0849 0.7438 0.1395 0.1316
1494806400.0000 123150.0000 -4.1685 -2.7191 -0.4761 5.0461 56.8840 0.6309 0.5231 0.1986 -0.1513 0.0492 -0.0959 0.6763 0.1343 0.1246
1494806400.0000 123450.0000 -3.9575 -2.8047 -0.3464 4.8821 54.6745 0.3284 0.3392 0.1337 0.0330 -0.0273 -0.0609 0.4006 0.1063 0.0972
1494806400.0000 123750.0000 -3.4372 -2.7832 -0.1745 4.5697 51.0021 0.7846 1.4683 0.2912 -0.1144 0.0264 -0.1475 1.2720 0.2081 0.1959
1494806400.0000 124050.0000 -3.5810 -3.1209 -0.2372 4.8230 48.9270 0.3926 0.8910 0.2567 -0.0253 0.0772 -0.1031 0.7701 0.1507 0.1377
1494806400.0000 124350.0000 -3.2055 -3.1013 -0.1436 4.5447 45.9470 0.6368 0.7871 0.2807 0.0126 0.0194 -0.0171 0.8523 0.1689 0.1545
1494806400.0000 124650.0000 -3.7079 -3.2286 -0.1924 4.9531 48.9526 0.4972 0.3763 0.2161 0.0639 0.0105 0.0042 0.5448 0.1225 0.1097
1494806400.0000 124950.0000 -4.1797 -2.9880 -0.1362 5.2451 54.4393 0.7960 1.3260 0.3092 0.2624 0.1363 -0.1504 1.2156 0.1751 0.1637
1494806400.0000 125250.0000 -3.2426 -1.7257 -0.3332 3.8048 61.9787 0.5700 1.0194 0.3022 0.0120 0.0894 -0.1611 0.9458 0.2153 0.1982
1494806400.0000 125550.0000 -3.3987 -2.0229 -0.0664 4.1808 59.2386 1.2526 1.7404 0.3536 0.0965 0.2821 -0.1234 1.6733 0.2670 0.2525
1494806400.0000 125850.0000 -2.9816 -0.7980 -0.1897 3.3082 75.0158 2.0506 1.2371 0.6440 0.7187 0.4897 -0.0142 1.9659 0.3702 0.3392
1494806400.0000 126150.0000 -2.3555 -0.6214 -0.0469 2.7073 75.2211 1.3800 1.3259 0.6116 0.2405 0.3331 -0.2119 1.6587 0.4316 0.3898
1494806400.0000 126450.0000 -2.8900 -1.5352 -0.0903 3.4295 62.0227 0.9533 1.1426 0.3897 0.3530 0.2411 0.0347 1.2428 0.2780 0.2554
1494806400.0000 126750.0000 -2.0731 -1.1015 0.0215 2.6661 62.0179 1.3818 1.5162 0.5026 0.7352 0.2419 0.0473 1.7003 0.4535 0.4187
1494806400.0000 127050.0000 -2.7428 -0.8740 -0.2133 3.0877 72.3254 1.3494 1.3097 0.5227 0.5108 0.3224 -0.0058 1.5909 0.3568 0.3270
1494806400.0000 127350.0000 -2.3705 -0.8179 -0.2254 2.7662 70.9640 1.3100 1.1119 0.5898 0.3455 0.3287 -0.0538 1.5058 0.3980 0.3583
1494806400.0000 127650.0000 -3.3273 -2.3188 -0.2944 4.1166 55.1275 0.9303 0.9475 0.2868 0.5586 -0.0453 -0.1252 1.0823 0.2089 0.1951
1494806400.0000 127950.0000 -4.0106 -2.6152 -0.3481 4.9049 56.8933 1.1935 0.8418 0.3330 -0.1634 0.1969 -0.2051 1.1842 0.1851 0.1720
1494806400.0000 128250.0000 -1.4834 -1.8620 -0.0279 2.5495 38.5446 1.2346 0.8600 0.1850 0.3681 0.1717 0.1453 1.1398 0.3661 0.3510
1494806400.0000 128550.0000 -1.9147 -0.9169 0.0577 2.3729 64.4103 1.6265 1.2921 0.4315 0.8608 0.3050 0.0510 1.6751 0.4976 0.4646
1494806400.0000 128850.0000 -2.6334 -1.2523 -0.2072 3.0202 64.5679 0.5257 0.5737 0.2098 0.1046 0.1016 -0.0183 0.6546 0.2260 0.2076
1494806400.0000 129150.0000 -1.8769 -0.8641 -0.1456 2.3234 65.2794 0.4602 0.9857 0.2006 -0.0559 0.1810 -0.0006 0.8233 0.3577 0.3360
1494806400.0000 129450.0000 -1.5083 -0.5783 -0.0368 1.8912 69.0246 0.9394 1.0434 0.2938 0.5981 0.0248 -0.0508 1.1383 0.5391 0.5033
1494806400.0000 129750.0000 -1.2926 0.1203 0.0773 1.5629 95.3184 1.1349 0.4925 0.4705 -0.0953 0.3802 -0.1078 1.0489 0.6430 0.5673
1494806400.0000 130050.0000 -1.5342 -0.2354 -0.0201 1.7437 81.2777 0.6089 0.6065 0.3588 0.0303 0.1662 -0.0824 0.7871 0.4667 0.4101
1494806400.0000 130350.0000 -1.6537 -0.9519 0.0362 2.0707 60.0741 0.6749 0.7469 0.2617 0.2913 0.1136 -0.1035 0.8417 0.3925 0.3608
1494806400.0000 130650.0000 -1.5478 0.1947 -0.0900 1.7810 97.1683 0.8566 0.5962 0.4122 0.1004 0.3293 0.0097 0.9325 0.5046 0.4461
1494806400.0000 130950.0000 -2.3028 -0.7307 -0.1837 2.5882 72.3954 0.5382 0.8931 0.2165 0.1292 0.1558 -0.0335 0.8238 0.3059 0.2859
1494806400.0000 131250.0000 -1.6640 -1.1168 0.0805 2.1262 56.1308 0.5582 0.5860 0.1826 0.2074 0.1129 0.0125 0.6634 0.3316 0.3082
1494806400.0000 131550.0000 -1.4882 -0.5215 0.0508 1.7985 70.6901 0.5350 0.7668 0.2636 0.1158 0.1715 -0.0346 0.7827 0.4578 0.4177
1494806400.0000 131850.0000 -1.2457 -0.9546 -0.0449 1.6512 52.5355 0.5175 0.1665 0.1897 0.0634 0.1724 0.0450 0.4368 0.3437 0.3043
1494806400.0000 132150.0000 -1.3014 -1.1728 0.1316 1.9297 47.9742 0.6777 0.5970 0.3801 0.2555 0.0519 -0.0336 0.8274 0.4227 0.3721
1494806400.0000 132450.0000 -0.8290 -0.9808 0.1066 1.4391 40.2072 0.3477 0.3200 0.1182 -0.0357 0.0712 0.0062 0.3930 0.3972 0.3674
1494806400.0000 132750.0000 -1.1988 0.7999 -0.2003 1.4969 123.7140 0.2592 0.2336 0.0952 -0.1241 0.0540 -0.0270 0.2940 0.3043 0.2812
1494806400.0000 133050.0000 -1.3085 -1.8009 0.0872 2.2748 36.0022 0.3002 0.5000 0.1132 0.1963 -0.0144 -0.0269 0.4567 0.2477 0.2320
1494806400.0000 133350.0000 -0.7306 -0.6740 0.0456 1.1574 47.3064 0.3256 0.3779 0.1432 0.0479 0.0515 0.0289 0.4233 0.5339 0.4872
1494806400.0000 133650.0000 -0.3129 -1.8212 0.2224 1.9563 9.7489 0.3572 0.4020 0.1618 -0.1176 -0.0947 0.0856 0.4605 0.2977 0.2722
1494806400.0000 133950.0000 -0.1912 -1.2698 0.1069 1.3743 8.5611 0.2258 0.2100 0.2354 -0.0029 -0.0516 0.0458 0.3355 0.3670 0.2968
1494806400.0000 134250.0000 -0.4616 -0.0770 0.0078 1.1021 80.5348 0.7940 0.8070 0.2282 -0.3352 0.0250 0.0080 0.9146 1.6682 1.5610
1494806400.0000 134550.0000 -0.8788 0.4561 -0.1440 1.2747 117.4313 0.5535 0.4958 0.2600 0.1444 0.0334 -0.0730 0.6547 0.6603 0.5973
1494806400.0000 134850.0000 -1.9620 -1.0697 -0.1089 2.4837 61.4009 1.4156 1.2341 0.1596 0.9530 -0.0352 -0.0758 1.4047 0.4325 0.4206
1494806400.0000 135150.0000 -1.9511 -0.9104 -0.4422 2.2099 64.9868 0.4389 0.3953 0.1563 0.1921 -0.0618 -0.0905 0.4953 0.2614 0.2449
1494806400.0000 135450.0000 -0.2886 -1.1521 -0.0966 1.4196 14.0616 0.6435 0.5890 0.2288 0.2367 -0.1415 0.0068 0.7307 0.5857 0.5397
1494806400.0000 135750.0000 -0.6321 -1.5378 0.1239 1.8152 22.3455 0.5335 0.5335 0.1973 0.0264 -0.0327 0.0276 0.6321 0.3894 0.3587
1494806400.0000 136050.0000 -0.8898 -0.6047 0.0012 1.3913 55.8020 0.4847 0.7097 0.3939 -0.1960 0.1577 -0.1242 0.7941 0.6764 0.5865
1494806400.0000 136350.0000 -1.4013 -1.1149 0.0219 1.9070 51.4945 0.5647 0.5113 0.1581 0.2585 0.0124 -0.0123 0.6170 0.3581 0.3344
1494806400.0000 136650.0000 -1.5432 -1.7845 0.1560 2.5478 40.8525 0.8722 0.8596 0.2838 0.0953 0.1379 0.1350 1.0078 0.3467 0.3221
1494806400.0000 136950.0000 -1.9788 -1.7298 -0.0256 2.7675 48.8410 0.5008 0.7135 0.1624 -0.0674 0.0141 -0.0770 0.6883 0.2577 0.2421
1494806400.0000 137250.0000 -1.0290 -0.7851 -0.0383 1.5071 52.6576 0.4552 0.8643 0.2269 0.2536 0.0060 -0.0701 0.7732 0.5544 0.5124
1494806400.0000 137550.0000 -1.6873 -0.6954 -0.0995 1.9401 67.6026 0.6031 0.6060 0.2118 0.3212 0.0621 -0.0096 0.7104 0.3765 0.3479
1494806400.0000 137850.0000 -1.6045 -0.9853 -0.2811 2.0416 58.4448 0.8869 0.3104 0.1603 -0.1798 0.1539 -0.0792 0.6788 0.3534 0.3355
1494806400.0000 138150.0000 -1.3655 -0.9145 -0.0390 2.0340 56.1900 1.2319 0.8606 0.2287 -0.3613 0.2328 -0.0311 1.1606 0.5351 0.5082
1494806400.0000 138450.0000 -2.0414 -1.0788 -0.2980 2.4621 62.1451 0.5861 0.5209 0.1877 -0.2759 0.1352 -0.1020 0.6473 0.2822 0.2631
1494806400.0000 138750.0000 -2.8473 -1.9083 -0.2493 3.4934 56.1693 0.8178 0.3641 0.1684 0.0345 0.1265 -0.1060 0.6752 0.1952 0.1831
1494806400.0000 139050.0000 -2.4350 -2.0856 -0.2738 3.2873 49.4206 0.3833 0.3733 0.1880 -0.1339 0.0210 -0.0411 0.4723 0.1744 0.1566
1494806400.0000 139350.0000 -2.1972 -0.9527 -0.0787 2.5803 66.5590 1.3794 0.9603 0.3377 0.7427 0.2909 0.0895 1.3387 0.3943 0.3688
1494806400.0000 139650.0000 -1.8758 -1.0118 -0.2412 2.1865 61.6583 0.4042 0.5041 0.0568 0.3364 -0.0089 -0.0286 0.4826 0.2645 0.2582
1494806400.0000 139950.0000 -0.6322 -0.7181 -0.0348 1.0551 41.3605 0.1052 0.1855 0.0789 -0.0470 -0.0208 0.0198 0.1848 0.3666 0.3254
1494806400.0000 140250.0000 -0.9020 -2.0774 -0.0656 2.3196 23.4709 0.2502 0.3255 0.0900 0.0477 -0.0098 0.0121 0.3329 0.2079 0.1934
1494806400.0000 140550.0000 -1.4987 -1.3067 -0.0721 2.0688 48.9147 0.1392 0.3605 0.1033 -0.0255 0.0075 -0.0399 0.3016 0.2254 0.2053
1494806400.0000 140850.0000 -1.3655 -1.2065 0.0491 1.8868 48.5372 0.2463 0.2308 0.0683 0.0078 0.0088 -0.0109 0.2727 0.2339 0.2189
1494806400.0000 141150.0000 -0.8747 -0.7469 0.0484 1.3915 49.5055 0.4383 0.5767 0.1038 0.2951 0.0110 -0.0303 0.5594 0.5304 0.5057
1494806400.0000 141450.0000 -1.6266 -1.2175 0.0143 2.1895 53.1869 0.9914 0.3773 0.2095 0.0901 0.0426 -0.0368 0.7891 0.3570 0.3324
1494806400.0000 141750.0000 -1.1283 -0.4163 -0.0727 1.3969 69.7479 0.3313 0.4975 0.1185 0.0995 0.0567 0.0409 0.4736 0.4664 0.4371
1494806400.0000 142050.0000 -1.5360 -1.2450 0.0529 2.0380 50.9749 0.2183 0.3956 0.1189 0.1021 0.0014 -0.0108 0.3664 0.2499 0.2288
1494806400.0000 142350.0000 -0.8029 -2.1263 0.0372 2.3353 20.6876 0.2427 0.2428 0.0987 -0.0677 0.0066 0.0593 0.2921 0.1941 0.1770
1494806400.0000 142650.0000 -1.2395 -1.6508 -0.0269 2.1877 36.9008 0.4545 0.4191 0.1088 -0.0646 0.0890 -0.0215 0.4912 0.2772 0.2614
1494806400.0000 142950.0000 -2.2237 -1.5095 -0.2040 2.7376 55.8315 0.3258 0.4566 0.0830 0.1785 -0.0345 -0.0336 0.4327 0.1993 0.1900
1494806400.0000 143250.0000 -1.6745 -1.3038 -0.1607 2.1767 52.0945 0.3157 0.2454 0.0636 0.0759 -0.0027 -0.0080 0.3124 0.2144 0.2038
1494806400.0000 143550.0000 -2.1678 -1.4060 -0.1767 2.6943 57.0341 0.4684 0.5153 0.1324 -0.0248 0.0731 -0.0665 0.5580 0.2355 0.2216
1494806400.0000 143850.0000 -1.9839 -0.6242 -0.3237 2.2251 72.5359 0.3729 0.4824 0.1005 -0.2508 0.0580 -0.0580 0.4779 0.2682 0.2567
1494806400.0000 144150.0000 -1.1169 0.1500 -0.1988 1.2999 97.6480 0.3541 0.3693 0.1811 0.1301 0.0189 -0.0240 0.4522 0.4798 0.4357
1494806400.0000 144450.0000 -0.0431 -1.2735 -0.1785 1.5338 1.9380 0.6717 0.1752 0.0931 -0.2216 -0.0083 -0.0103 0.4700 0.4351 0.4170
1494806400.0000 144750.0000 -0.0925 -1.2785 -0.0216 1.3500 4.1375 0.1689 0.1295 0.1217 -0.0298 0.0076 0.0289 0.2100 0.2919 0.2460
1494806400.0000 145050.0000 -0.9332 -1.3334 -0.0412 1.7229 34.9889 0.6090 0.4103 0.0844 0.2490 0.0248 0.0439 0.5519 0.3726 0.3582
1494806400.0000 145350.0000 -1.9118 -2.0467 -0.0395 2.8851 43.0471 0.2747 0.4765 0.1033 -0.1015 0.0352 0.0284 0.4272 0.1905 0.1787
1494806400.0000 145650.0000 -1.8283 -2.3710 -0.2561 3.0248 37.6355 0.0964 0.2394 0.0724 -0.0167 -0.0263 0.0312 0.2041 0.1228 0.1117
1494806400.0000 145950.0000 -1.2878 -1.1087 -0.2599 1.8687 49.2748 0.1475 0.6345 0.1951 -0.0648 0.0684 0.0309 0.4885 0.3320 0.3004
1494806400.0000 146250.0000 -1.1225 -0.8158 -0.1020 1.4933 53.9919 0.2399 0.2452 0.0627 -0.0329 0.0112 -0.0186 0.2739 0.3072 0.2898
1494806400.0000 146550.0000 -0.7296 -2.1784 0.0965 2.3941 18.5164 0.3081 0.5578 0.0886 -0.1132 -0.0425 0.1395 0.4773 0.2453 0.2339
1494806400.0000 146850.0000 -1.0449 -0.3705 -0.2602 1.4089 70.4741 0.2598 0.7655 0.1501 -0.1918 -0.0193 0.0571 0.5877 0.5497 0.5273
1494806400.0000 147150.0000 -0.8398 -0.5159 -0.0482 1.0446 58.4352 0.1279 0.1737 0.0648 0.0649 0.0056 -0.0296 0.1832 0.3541 0.3217
1494806400.0000 147450.0000 -1.1348 -1.0667 -0.1453 1.5913 46.7720 0.1166 0.1825 0.0524 0.0372 -0.0106 0.0020 0.1758 0.2188 0.2027
1494806400.0000 147750.0000 -0.7100 -0.3733 -0.0392 0.8728 62.2678 0.2091 0.1164 0.0704 0.0754 0.0342 0.0169 0.1979 0.4523 0.4107
1494806400.0000 148050.0000 0.0518 -0.7478 0.1588 0.8048 356.0346 0.0719 0.1050 0.1246 -0.0183 -0.0284 0.0018 0.1508 0.4137 0.3239
1494806400.0000 148350.0000 -0.3939 -0.1705 -0.0429 0.5981 66.5868 0.0671 0.1868 0.0852 -0.0027 -0.0055 -0.0339 0.1695 0.7794 0.6778
1494806400.0000 148650.0000 0.0154 -1.3081 -0.0173 1.3815 359.3250 0.1883 0.1602 0.0519 -0.0623 -0.0134 -0.0118 0.2002 0.2792 0.2605
1494806400.0000 148950.0000 0.6447 -1.3427 -0.0364 1.6445 334.3510 0.6308 0.1060 0.1604 0.0077 0.0164 0.0210 0.4486 0.3671 0.3327
1494806400.0000 149250.0000 0.3081 -0.8356 -0.0396 0.9553 339.7595 0.1318 0.0612 0.0617 -0.0117 0.0221 0.0160 0.1273 0.3268 0.2848
1494806400.0000 149550.0000 0.3264 -1.1947 -0.0347 1.2752 344.7180 0.0846 0.1094 0.0334 -0.0340 -0.0271 0.0108 0.1137 0.2222 0.2053
1494806400.0000 149850.0000 0.1079 -1.6873 0.0527 1.7382 356.3397 0.1467 0.2823 0.0591 -0.0208 -0.0159 0.0490 0.2440 0.2385 0.2237
1494806400.0000 150150.0000 0.0168 -1.7663 0.0555 1.7944 359.4567 0.0954 0.1679 0.0348 -0.0141 -0.0155 0.0362 0.1490 0.1783 0.1677
1494806400.0000 150450.0000 0.0947 -2.0602 -0.0263 2.0949 357.3675 0.1332 0.1977 0.0430 -0.0838 -0.0267 0.0434 0.1870 0.1712 0.1610
1494806400.0000 150750.0000 0.0510 -1.9036 -0.0002 1.9259 358.4649 0.0796 0.1494 0.0337 -0.0255 -0.0158 0.0239 0.1314 0.1554 0.1451
1494806400.0000 151050.0000 -0.2064 -1.4878 0.0400 1.5300 7.8970 0.0878 0.1487 0.0322 0.0384 0.0004 0.0330 0.1343 0.1992 0.1869
