1494720000.0000 150.0000 -0.5834 -0.1783 -0.2082 0.6182 73.0048 0.0184 0.0133 0.0042 0.0099 0.0031 0.0013 0.0180 0.1698 0.1685
1494720000.0000 450.0000 -0.6333 -0.2004 -0.2051 0.6708 72.4400 0.0141 0.0108 0.0049 0.0060 0.0013 0.0001 0.0149 0.1432 0.1370
1494720000.0000 750.0000 -0.5814 -0.2298 -0.2175 0.6323 68.4381 0.0094 0.0132 0.0025 0.0075 -0.0000 0.0004 0.0126 0.1383 0.1389
1494720000.0000 1050.0000 -0.4534 -0.1125 -0.1299 0.4948 76.0636 0.0322 0.0269 0.0084 0.0186 0.0084 0.0050 0.0338 0.3094 0.3004
1494720000.0000 1350.0000 -0.3843 -0.1396 -0.1634 0.4367 70.0311 0.0425 0.0146 0.0049 0.0145 0.0080 0.0030 0.0310 0.3265 0.3373
1494720000.0000 1650.0000 -0.2950 0.0267 -0.1400 0.3266 95.1761 0.0300 0.0160 0.0066 0.0117 0.0032 0.0006 0.0263 0.4042 0.4183
1494720000.0000 1950.0000 -0.2273 0.1170 -0.0617 0.3143 117.2429 0.0185 0.0247 0.0050 0.0144 0.0042 0.0038 0.0241 0.4822 0.4695
1494720000.0000 2250.0000 -0.2371 0.2727 -0.0956 0.4656 138.9904 0.0443 0.0635 0.0246 0.0270 0.0200 0.0081 0.0662 0.5621 0.5246
1494720000.0000 2550.0000 -0.5792 -0.1992 -0.2515 0.6357 71.0206 0.0312 0.0278 0.0201 0.0053 0.0051 0.0005 0.0396 0.2453 0.2290
1494720000.0000 2850.0000 -0.4048 -0.1030 -0.1561 0.4655 75.7204 0.0361 0.0427 0.0175 0.0113 0.0086 -0.0016 0.0481 0.4018 0.3880
1494720000.0000 3150.0000 -0.2063 -0.0105 -0.1191 0.2811 87.1002 0.0451 0.0256 0.0271 0.0064 0.0066 -0.0044 0.0489 0.7571 0.7430
1494720000.0000 3450.0000 -0.2062 0.1081 -0.1009 0.3410 117.6747 0.0325 0.0528 0.0251 0.0174 0.0090 -0.0003 0.0552 0.7561 0.7242
1494720000.0000 3750.0000 -0.1844 0.1443 -0.0855 0.3881 128.0419 0.0459 0.0766 0.0307 -0.0045 0.0139 -0.0110 0.0766 0.9064 0.8628
1494720000.0000 4050.0000 -0.0940 0.1808 -0.0099 0.3255 152.5202 0.0588 0.0468 0.0250 -0.0015 0.0158 -0.0063 0.0653 1.0230 0.9209
1494720000.0000 4350.0000 -0.1946 0.0698 -0.0399 0.3939 109.7188 0.0805 0.1004 0.0339 0.0253 -0.0015 -0.0269 0.1074 1.2707 1.1876
1494720000.0000 4650.0000 -0.2634 0.2062 -0.1173 0.4957 128.0520 0.0850 0.1173 0.0667 -0.0048 0.0253 -0.0359 0.1345 0.8449 0.7764
1494720000.0000 4950.0000 -0.3552 0.2479 -0.1348 0.5594 124.9053 0.0780 0.2066 0.0685 -0.0299 0.0275 -0.0443 0.1766 0.7563 0.7111
1494720000.0000 5250.0000 -0.3876 0.1913 -0.1643 0.5651 116.2673 0.0442 0.1645 0.0465 -0.0011 0.0133 -0.0184 0.1276 0.6308 0.6102
1494720000.0000 5550.0000 -0.2587 0.0094 -0.1010 0.3483 92.0768 0.0445 0.0432 0.0355 0.0049 0.0168 -0.0058 0.0616 0.7293 0.6605
1494720000.0000 5850.0000 -0.3109 0.1432 -0.0627 0.4591 114.7337 0.0492 0.1059 0.0550 0.0184 0.0078 -0.0084 0.1051 0.7606 0.6643
1494720000.0000 6150.0000 -0.3310 0.0397 -0.1108 0.4405 96.8360 0.0627 0.0872 0.0219 0.0260 0.0105 -0.0037 0.0859 0.6811 0.6706
1494720000.0000 6450.0000 -0.3052 0.2438 -0.1322 0.5241 128.6192 0.0659 0.1585 0.0592 -0.0020 0.0116 -0.0399 0.1418 0.7456 0.7001
1494720000.0000 6750.0000 -0.2423 0.1629 -0.0766 0.4128 123.9219 0.0537 0.0646 0.0294 0.0184 0.0001 -0.0120 0.0738 0.7349 0.6800
1494720000.0000 7050.0000 -0.1579 0.1144 -0.0751 0.3407 125.9342 0.0231 0.0790 0.0164 0.0142 0.0043 0.0040 0.0592 0.9509 0.9461
1494720000.0000 7350.0000 -0.3443 0.1221 -0.1296 0.4303 109.5225 0.0278 0.0700 0.0241 0.0045 0.0049 -0.0165 0.0610 0.5202 0.4943
1494720000.0000 7650.0000 -0.2479 0.1016 -0.0697 0.3243 112.2787 0.0167 0.0351 0.0103 0.0091 0.0013 -0.0030 0.0310 0.5194 0.4902
1494720000.0000 7950.0000 -0.2926 0.0348 -0.1086 0.4071 96.7864 0.0373 0.0737 0.0166 0.0232 0.0094 0.0008 0.0638 0.6568 0.6528
1494720000.0000 8250.0000 -0.4686 -0.0264 -0.1631 0.5199 86.7730 0.0663 0.0536 0.0335 0.0353 0.0260 0.0136 0.0767 0.4550 0.4259
1494720000.0000 8550.0000 -0.4549 0.3118 -0.2124 0.6617 124.4293 0.0630 0.2044 0.0529 -0.0118 0.0249 -0.0254 0.1602 0.5530 0.5414
1494720000.0000 8850.0000 -0.1407 0.3250 -0.0663 0.5064 156.5911 0.1094 0.0949 0.0612 0.0354 0.0053 -0.0326 0.1328 0.8257 0.7369
1494720000.0000 9150.0000 -0.2270 0.1232 -0.0465 0.3495 118.4936 0.0415 0.0599 0.0361 -0.0048 0.0100 -0.0201 0.0688 0.8157 0.7117
1494720000.0000 9450.0000 -0.3200 0.2448 -0.1081 0.5271 127.4070 0.0692 0.1385 0.0694 0.0143 0.0166 -0.0362 0.1386 0.7286 0.6530
1494720000.0000 9750.0000 -0.2192 0.3192 -0.0775 0.4819 145.5220 0.0470 0.0965 0.0335 0.0142 0.0060 -0.0132 0.0885 0.6150 0.5647
1494720000.0000 10050.0000 -0.3762 0.3443 -0.1462 0.5648 132.4637 0.0360 0.0925 0.0368 -0.0174 0.0092 -0.0285 0.0826 0.4423 0.4057
1494720000.0000 10350.0000 -0.2361 0.1883 -0.1221 0.3703 128.5811 0.0317 0.0492 0.0190 0.0146 -0.0003 -0.0132 0.0500 0.5602 0.5439
1494720000.0000 10650.0000 -0.2079 0.1560 -0.1083 0.3523 126.8820 0.0289 0.0537 0.0184 0.0149 0.0063 -0.0031 0.0505 0.6515 0.6383
1494720000.0000 10950.0000 -0.2082 0.1884 -0.0866 0.3924 132.1491 0.0375 0.1120 0.0243 -0.0104 0.0109 -0.0181 0.0869 0.8191 0.7950
1494720000.0000 11250.0000 -0.1421 0.2287 -0.0620 0.3799 148.1545 0.0655 0.0713 0.0182 -0.0101 0.0102 -0.0152 0.0775 0.8226 0.7930
1494720000.0000 11550.0000 -0.2534 0.2801 -0.1509 0.4474 137.8681 0.0465 0.0940 0.0274 -0.0232 0.0114 -0.0161 0.0840 0.5817 0.5731
1494720000.0000 11850.0000 -0.1838 0.3035 -0.1122 0.4325 148.8017 0.0436 0.0547 0.0463 0.0064 0.0076 -0.0220 0.0723 0.5900 0.5102
1494720000.0000 12150.0000 -0.0477 0.0399 0.0391 0.2477 129.9649 0.0333 0.0562 0.0244 -0.0107 -0.0013 -0.0080 0.0570 2.6531 2.7777
1494720000.0000 12450.0000 -0.1453 0.1207 -0.0640 0.2484 129.7084 0.0187 0.0377 0.0169 -0.0029 0.0036 -0.0108 0.0366 0.7837 0.7257
1494720000.0000 12750.0000 -0.1673 -0.0141 -0.0222 0.3099 85.1913 0.0269 0.0718 0.0219 -0.0047 0.0060 -0.0009 0.0603 1.1837 1.0802
1494720000.0000 13050.0000 -0.2627 0.1786 -0.0962 0.3614 124.2076 0.0214 0.0451 0.0321 -0.0086 0.0045 -0.0159 0.0493 0.5464 0.4689
1494720000.0000 13350.0000 -0.1856 0.2654 -0.0643 0.3961 145.0306 0.0449 0.0452 0.0418 0.0026 0.0095 -0.0136 0.0659 0.6350 0.5351
1494720000.0000 13650.0000 0.0189 -0.0152 0.0545 0.1517 308.7327 0.0195 0.0144 0.0152 -0.0004 -0.0032 -0.0057 0.0246 2.1438 4.3810
1494720000.0000 13950.0000 -0.2090 0.1103 -0.0405 0.3559 117.8247 0.0429 0.0593 0.0253 0.0081 0.0103 -0.0072 0.0638 0.8597 0.7809
1494720000.0000 14250.0000 -0.3390 0.1050 -0.1609 0.4411 107.2096 0.0250 0.0856 0.0243 0.0025 0.0048 -0.0132 0.0675 0.5443 0.5410
1494720000.0000 14550.0000 -0.2995 -0.0129 -0.1376 0.3851 87.5416 0.0239 0.0546 0.0226 0.0093 0.0009 0.0008 0.0505 0.5563 0.5393
1494720000.0000 14850.0000 -0.2996 0.1441 -0.1168 0.4950 115.6831 0.0599 0.1864 0.0353 -0.0583 0.0105 -0.0391 0.1408 0.8695 0.8620
1494720000.0000 15150.0000 -0.3598 0.2532 -0.1183 0.5369 125.1361 0.0904 0.1239 0.0628 -0.0096 0.0263 -0.0373 0.1385 0.6671 0.6075
1494720000.0000 15450.0000 -0.1366 0.2755 -0.0373 0.4301 153.6272 0.1012 0.0839 0.0455 -0.0231 0.0382 -0.0279 0.1153 0.8952 0.8080
1494720000.0000 15750.0000 -0.0429 0.3457 0.0330 0.4389 172.9299 0.0607 0.1073 0.0597 -0.0134 0.0220 -0.0341 0.1138 0.7872 0.6793
1494720000.0000 16050.0000 0.0215 0.5817 0.0290 0.6858 182.1188 0.1310 0.1891 0.0450 -0.0130 0.0182 -0.0404 0.1826 0.5986 0.5612
1494720000.0000 16350.0000 -0.1844 0.3979 -0.0232 0.5281 155.1277 0.0923 0.1395 0.0417 -0.0341 0.0175 -0.0289 0.1368 0.6877 0.6340
1494720000.0000 16650.0000 0.0154 0.0202 0.0098 0.2607 217.3155 0.0481 0.0466 0.0220 -0.0062 -0.0006 0.0081 0.0583 7.2523 7.0047
1494720000.0000 16950.0000 -0.0254 0.5284 -0.0463 0.5914 177.2468 0.0751 0.1178 0.0497 -0.0061 0.0096 -0.0238 0.1213 0.5355 0.4794
1494720000.0000 17250.0000 -0.1296 0.2013 -0.0505 0.3814 147.2233 0.0774 0.0758 0.0285 -0.0271 0.0172 -0.0198 0.0909 1.0059 0.9439
1494720000.0000 17550.0000 -0.2466 -0.1137 -0.0862 0.3112 65.2570 0.0229 0.0151 0.0136 0.0023 0.0102 0.0006 0.0258 0.4605 0.4145
1494720000.0000 17850.0000 -0.2670 0.4737 -0.0824 0.7007 150.5907 0.1999 0.1529 0.0966 -0.0143 0.0754 -0.0359 0.2247 0.7037 0.6306
1494720000.0000 18150.0000 -0.3303 0.2041 -0.0878 0.4833 121.7105 0.0802 0.0880 0.0553 0.0045 0.0325 -0.0078 0.1117 0.6857 0.6099
1494720000.0000 18450.0000 0.1028 0.3401 0.1032 0.4928 196.8225 0.0539 0.1682 0.0763 0.0000 0.0215 -0.0527 0.1492 0.8525 0.7660
1494720000.0000 18750.0000 0.0497 0.3741 0.0565 0.4840 187.5616 0.0966 0.0990 0.0537 -0.0065 0.0197 -0.0441 0.1247 0.7555 0.6766
1494720000.0000 19050.0000 0.1887 0.2271 0.0899 0.3441 219.7275 0.0354 0.0382 0.0180 0.0035 -0.0027 -0.0102 0.0458 0.5659 0.5303
1494720000.0000 19350.0000 0.3221 0.2571 0.1323 0.4771 231.4080 0.0334 0.0595 0.0182 -0.0104 -0.0065 -0.0085 0.0556 0.4446 0.4270
1494720000.0000 19650.0000 -0.1541 0.2310 -0.0359 0.4352 146.2896 0.0855 0.0800 0.0635 -0.0095 0.0435 -0.0330 0.1145 0.9867 0.8457
1494720000.0000 19950.0000 0.0622 0.1706 -0.0373 0.3303 200.0336 0.0249 0.0773 0.0228 -0.0189 0.0003 0.0015 0.0625 1.1005 1.0159
1494720000.0000 20250.0000 0.0274 -0.0586 -0.0526 0.1836 334.9417 0.0122 0.0255 0.0049 -0.0129 -0.0018 -0.0001 0.0213 1.4285 1.7316
1494720000.0000 20550.0000 -0.1463 0.2440 -0.0625 0.3805 149.0532 0.0421 0.0530 0.0383 0.0109 0.0088 -0.0071 0.0667 0.7240 0.6259
1494720000.0000 20850.0000 -0.4659 0.1127 -0.1875 0.6152 103.6028 0.0756 0.1618 0.0346 0.0371 0.0165 -0.0103 0.1359 0.5849 0.5868
1494720000.0000 21150.0000 0.0343 0.2623 0.0661 0.3580 187.4400 0.0652 0.0685 0.0325 0.0125 0.0071 -0.0259 0.0831 0.8632 0.7979
1494720000.0000 21450.0000 -0.0007 0.1090 0.0675 0.2276 179.6510 0.0431 0.0234 0.0278 0.0023 -0.0001 -0.0073 0.0471 1.3823 1.3655
1494720000.0000 21750.0000 -0.0148 0.2061 0.0744 0.2878 175.9069 0.0333 0.0493 0.0304 -0.0087 0.0100 -0.0181 0.0565 0.8836 0.8028
1494720000.0000 22050.0000 -0.1694 0.1938 0.0041 0.4162 138.8518 0.0915 0.1055 0.0789 -0.0159 0.0422 -0.0241 0.1379 1.1780 0.9955
1494720000.0000 22350.0000 -0.2482 0.3930 -0.0514 0.5755 147.7264 0.0863 0.1562 0.0947 0.0095 0.0151 -0.0385 0.1686 0.7170 0.6117
1494720000.0000 22650.0000 -0.0287 0.2863 0.0067 0.3721 174.2679 0.0438 0.0771 0.0424 -0.0069 0.0113 -0.0154 0.0817 0.8108 0.6978
1494720000.0000 22950.0000 0.0032 0.3619 0.0598 0.4470 180.5124 0.0580 0.1146 0.0876 -0.0143 0.0319 -0.0352 0.1301 0.8029 0.6628
1494720000.0000 23250.0000 0.2872 0.3177 0.1728 0.5105 222.1171 0.1016 0.0702 0.0551 0.0334 0.0040 -0.0198 0.1134 0.5954 0.5587
1494720000.0000 23550.0000 0.2059 0.3170 0.1079 0.4819 213.0110 0.0848 0.0921 0.0530 0.0108 0.0167 -0.0294 0.1150 0.7043 0.6425
1494720000.0000 23850.0000 0.2835 0.4176 0.1736 0.5592 214.1715 0.0660 0.1465 0.0414 0.0320 0.0067 -0.0216 0.1270 0.5450 0.5273
1494720000.0000 24150.0000 0.2052 0.3052 0.1985 0.5370 213.9187 0.1178 0.1554 0.0743 0.0454 0.0026 -0.0471 0.1737 0.8143 0.8205
1494720000.0000 24450.0000 0.0932 0.2978 0.1333 0.4759 197.3721 0.0584 0.1941 0.0621 -0.0127 0.0149 -0.0503 0.1573 0.9544 0.9298
1494720000.0000 24750.0000 0.2018 0.4661 0.1227 0.5666 203.4104 0.0649 0.0960 0.0556 0.0229 0.0066 -0.0270 0.1082 0.5141 0.4559
1494720000.0000 25050.0000 -0.2401 0.1838 -0.0702 0.4237 127.4265 0.0710 0.0958 0.0740 -0.0371 0.0509 -0.0426 0.1204 0.9128 0.7798
1494720000.0000 25350.0000 0.0432 0.4902 0.0627 0.5875 185.0318 0.0864 0.1035 0.0455 -0.0043 0.0322 -0.0121 0.1177 0.5646 0.5112
1494720000.0000 25650.0000 0.3338 0.3919 0.2571 0.5571 220.4174 0.0515 0.0767 0.0288 0.0126 -0.0080 -0.0175 0.0785 0.3975 0.4016
1494720000.0000 25950.0000 0.2503 0.3484 0.1159 0.4784 215.6921 0.0424 0.0588 0.0409 0.0057 -0.0090 -0.0082 0.0710 0.4898 0.4282
1494720000.0000 26250.0000 -0.0085 0.3909 0.0449 0.4743 178.7508 0.0520 0.1376 0.0768 -0.0298 0.0347 -0.0539 0.1332 0.7572 0.6430
1494720000.0000 26550.0000 -0.0353 0.4674 -0.0685 0.5546 175.6750 0.0753 0.0993 0.0660 0.0067 0.0266 -0.0056 0.1203 0.5978 0.5146
1494720000.0000 26850.0000 0.0676 0.1419 0.1409 0.2843 205.4559 0.0399 0.0447 0.0461 0.0110 0.0127 0.0015 0.0654 0.9888 1.0682
1494720000.0000 27150.0000 0.0697 0.2666 0.0813 0.4062 194.6528 0.0520 0.0953 0.0257 0.0060 0.0051 -0.0095 0.0865 0.8358 0.8041
1494720000.0000 27450.0000 0.0032 0.3541 0.0696 0.4600 180.5161 0.0909 0.0841 0.0482 -0.0167 0.0216 -0.0290 0.1116 0.7557 0.6819
1494720000.0000 27750.0000 -0.1173 0.2235 0.0147 0.3799 152.3113 0.0872 0.0686 0.0711 -0.0327 0.0283 -0.0356 0.1135 1.0876 0.9028
1494720000.0000 28050.0000 -0.0716 0.1267 0.0635 0.3144 150.5504 0.0566 0.0493 0.0376 0.0152 0.0244 -0.0021 0.0717 1.3771 1.2911
1494720000.0000 28350.0000 0.1497 0.5670 0.1573 0.6523 194.7930 0.0675 0.1189 0.0718 -0.0153 0.0286 -0.0394 0.1291 0.4831 0.4249
1494720000.0000 28650.0000 0.1276 0.3574 0.2003 0.4940 199.6485 0.0771 0.1219 0.0776 0.0155 0.0114 -0.0310 0.1383 0.7076 0.6787
1494720000.0000 28950.0000 0.1984 0.4387 0.1216 0.5652 204.3322 0.0803 0.1720 0.1126 0.0073 0.0038 -0.0836 0.1824 0.7023 0.6023
1494720000.0000 29250.0000 0.2485 0.4015 0.2259 0.5764 211.7518 0.1086 0.2123 0.0531 0.0465 0.0136 -0.0208 0.1870 0.6746 0.6927
1494720000.0000 29550.0000 0.1034 0.3409 0.1137 0.4319 196.8772 0.0476 0.1034 0.0457 0.0164 0.0054 -0.0208 0.0984 0.6849 0.6299
1494720000.0000 29850.0000 0.3089 0.6935 0.1925 0.8156 204.0122 0.0990 0.2192 0.0863 0.0401 0.0102 -0.0633 0.2023 0.4689 0.4290
1494720000.0000 30150.0000 0.0040 0.4606 0.1307 0.5861 180.4918 0.1038 0.2108 0.0589 -0.0106 0.0149 -0.0543 0.1867 0.7369 0.7030
1494720000.0000 30450.0000 0.2456 0.6388 0.1945 0.7995 201.0301 0.1687 0.2769 0.0873 0.0164 -0.0102 -0.0792 0.2664 0.5923 0.5631
1494720000.0000 30750.0000 0.1944 0.7663 0.0960 0.8971 194.2334 0.1645 0.2125 0.1610 -0.0213 0.0385 -0.0857 0.2691 0.5318 0.4484
1494720000.0000 31050.0000 -0.0769 0.1276 0.1631 0.2540 148.9388 0.0343 0.0428 0.0355 -0.0018 0.0090 -0.0054 0.0563 0.8772 1.0765
1494720000.0000 31350.0000 0.0750 0.7108 0.1431 0.8386 186.0234 0.2052 0.2654 0.1947 0.0482 0.0586 -0.0681 0.3326 0.6461 0.5541
1494720000.0000 31650.0000 0.2411 0.5352 0.2659 0.7582 204.2536 0.1854 0.3082 0.1088 0.1041 -0.0221 -0.0599 0.3012 0.6954 0.6910
1494720000.0000 31950.0000 0.2696 0.2747 0.1407 0.5331 224.4606 0.1191 0.1068 0.0812 -0.0219 0.0134 -0.0395 0.1535 0.7808 0.7130
1494720000.0000 32250.0000 0.4960 0.0547 0.3147 0.5766 263.7055 0.0606 0.0860 0.0418 0.0064 -0.0260 0.0048 0.0942 0.4249 0.4431
1494720000.0000 32550.0000 0.5085 0.0589 0.1928 0.5409 263.3900 0.0577 0.0312 0.0416 0.0085 -0.0230 0.0038 0.0653 0.3813 0.3363
1494720000.0000 32850.0000 0.5496 0.1839 0.2218 0.6276 251.5017 0.1000 0.0443 0.0355 -0.0047 -0.0308 0.0004 0.0899 0.3944 0.3783
1494720000.0000 33150.0000 0.4356 0.1922 0.2447 0.5464 246.1857 0.0978 0.0500 0.0333 -0.0203 -0.0224 0.0098 0.0905 0.4588 0.4661
1494720000.0000 33450.0000 0.4219 0.5081 0.2757 0.7252 219.7021 0.0640 0.1116 0.0337 -0.0159 -0.0086 -0.0133 0.1047 0.3691 0.3664
1494720000.0000 33750.0000 0.4986 0.2621 0.2443 0.6283 242.2688 0.0839 0.0687 0.0453 -0.0038 -0.0204 0.0022 0.0990 0.4183 0.4004
1494720000.0000 34050.0000 0.4698 0.1922 0.2446 0.5865 247.7514 0.0555 0.0867 0.0576 -0.0108 -0.0259 0.0118 0.0999 0.4580 0.4289
1494720000.0000 34350.0000 0.1345 0.1930 -0.0420 0.4698 214.8668 0.2039 0.0389 0.0750 0.0163 0.0531 0.0080 0.1589 1.3625 1.2098
1494720000.0000 34650.0000 0.0803 0.1974 -0.1102 0.3501 202.1271 0.0643 0.0462 0.0280 0.0268 0.0003 0.0056 0.0692 0.8956 0.9006
1494720000.0000 34950.0000 0.1738 0.0632 0.1121 0.2822 250.0224 0.0199 0.0391 0.0309 0.0122 0.0013 -0.0043 0.0450 0.8006 0.7585
1494720000.0000 35250.0000 -0.1024 0.2376 -0.0263 0.3527 156.6733 0.0543 0.0405 0.0540 -0.0094 0.0201 -0.0184 0.0744 0.8563 0.6870
1494720000.0000 35550.0000 -0.1194 0.4739 0.0325 0.5835 165.8554 0.0904 0.1649 0.0640 -0.0382 0.0361 -0.0529 0.1596 0.6661 0.5969
1494720000.0000 35850.0000 0.1372 0.2780 0.1289 0.4034 206.2734 0.0514 0.0608 0.0633 -0.0039 0.0220 -0.0195 0.0878 0.7205 0.6240
1494720000.0000 36150.0000 0.3436 0.4979 0.2432 0.6530 214.6111 0.0579 0.1247 0.0794 0.0258 -0.0065 -0.0272 0.1310 0.4534 0.4079
1494720000.0000 36450.0000 0.0428 0.7222 0.1078 0.8467 183.3882 0.1618 0.1634 0.1195 0.0055 -0.0097 -0.0440 0.2223 0.5263 0.4550
1494720000.0000 36750.0000 0.3088 0.5089 0.1408 0.7367 211.2515 0.1621 0.2749 0.1277 0.0852 0.0206 -0.0143 0.2823 0.7093 0.6412
1494720000.0000 37050.0000 0.3398 0.7795 0.2110 0.9251 203.5517 0.1345 0.1779 0.1016 0.0380 0.0026 -0.0387 0.2070 0.4240 0.3795
1494720000.0000 37350.0000 0.6522 0.3805 0.4223 0.8426 239.7421 0.1668 0.1916 0.0732 0.0407 -0.0254 -0.0020 0.2158 0.4384 0.4578
1494720000.0000 37650.0000 0.6057 -0.2366 0.0060 0.8073 291.3365 0.1284 0.2556 0.1597 0.0179 -0.0287 0.1034 0.2718 0.6546 0.5502
1494720000.0000 37950.0000 0.5142 0.2514 0.2710 0.6419 243.9466 0.1290 0.0685 0.0510 0.0129 -0.0087 0.0076 0.1242 0.4544 0.4482
1494720000.0000 38250.0000 0.4158 -0.0470 0.2218 0.4979 276.4491 0.0691 0.0820 0.0504 0.0184 -0.0024 0.0300 0.1007 0.5470 0.5362
1494720000.0000 38550.0000 0.1574 0.0152 0.1010 0.2829 264.4872 0.0299 0.0441 0.0283 0.0029 -0.0003 -0.0023 0.0511 0.9839 0.9931
1494720000.0000 38850.0000 -0.1456 -0.1638 -0.0739 0.4249 41.6350 0.1160 0.0673 0.0538 0.0306 0.0271 0.0160 0.1186 1.2158 1.1282
1494720000.0000 39150.0000 0.3194 0.5167 0.2120 0.7817 211.7208 0.1863 0.2667 0.1335 0.1095 0.0378 0.0185 0.2932 0.6872 0.6397
1494720000.0000 39450.0000 -0.3366 1.0378 -0.0957 1.2830 162.0281 0.4558 0.4973 0.3941 -0.1514 0.2081 -0.1153 0.6736 0.6119 0.5166
1494720000.0000 39750.0000 0.3044 0.7345 0.3367 0.9774 202.5120 0.3038 0.3330 0.1867 0.0603 0.0444 -0.0525 0.4117 0.6068 0.5794
1494720000.0000 40050.0000 0.2854 0.9308 0.2983 1.0871 197.0469 0.2396 0.4047 0.1357 0.0063 0.0390 -0.0985 0.3900 0.5008 0.4760
1494720000.0000 40350.0000 0.4908 0.6988 0.2791 0.9382 215.0817 0.1500 0.2766 0.0852 0.0606 -0.0180 -0.0544 0.2559 0.4597 0.4416
1494720000.0000 40650.0000 0.1757 0.6982 0.1641 0.8483 194.1276 0.1660 0.2766 0.1238 0.0317 0.0383 -0.0741 0.2832 0.5885 0.5335
1494720000.0000 40950.0000 0.2895 0.7390 0.1525 0.9022 201.3930 0.1986 0.2950 0.0683 0.1284 0.0173 -0.0120 0.2810 0.5355 0.5110
1494720000.0000 41250.0000 0.4821 0.8829 0.3582 1.1274 208.6366 0.2429 0.4617 0.1374 0.0538 0.0082 -0.0965 0.4210 0.4961 0.4817
1494720000.0000 41550.0000 0.1920 1.0344 0.2540 1.2074 190.5133 0.3215 0.3911 0.2426 -0.0330 0.0829 -0.1539 0.4776 0.5214 0.4633
1494720000.0000 41850.0000 0.2570 0.5827 0.2443 0.7720 203.8027 0.1549 0.1974 0.1044 -0.0399 0.0323 -0.0639 0.2284 0.5720 0.5381
1494720000.0000 42150.0000 0.0580 0.7142 0.0934 0.8510 184.6460 0.1642 0.4221 0.2046 0.0313 0.0473 -0.0372 0.3954 0.7105 0.6169
1494720000.0000 42450.0000 0.4598 0.5991 0.2672 0.8466 217.5051 0.1210 0.1982 0.0991 0.0341 -0.0117 -0.0243 0.2091 0.4661 0.4319
1494720000.0000 42750.0000 0.6696 0.6272 0.3179 1.0216 226.8725 0.1446 0.3153 0.0793 0.0143 -0.0131 -0.0504 0.2696 0.4366 0.4268
1494720000.0000 43050.0000 0.1582 0.7518 0.0574 0.8635 191.8835 0.1445 0.2240 0.1091 0.0328 0.0024 -0.0719 0.2388 0.5179 0.4562
1494720000.0000 43350.0000 0.1248 0.3486 0.2072 0.5200 199.6932 0.1187 0.1061 0.0542 -0.0018 0.0024 -0.0267 0.1395 0.7189 0.7395
1494720000.0000 43650.0000 -0.3568 0.7606 -0.1169 0.9949 154.8684 0.1632 0.6078 0.1966 -0.0079 0.0514 -0.1331 0.4838 0.6695 0.6034
1494720000.0000 43950.0000 0.4638 0.6053 0.2190 0.9532 217.4593 0.3636 0.2078 0.1691 0.0354 0.1119 -0.0299 0.3702 0.6262 0.5723
1494720000.0000 44250.0000 0.2158 1.0711 0.2068 1.2735 191.3905 0.3637 0.5388 0.2954 0.0133 0.1108 -0.1162 0.5990 0.5682 0.5020
1494720000.0000 44550.0000 0.5386 0.3893 0.3150 0.8934 234.1403 0.2288 0.3398 0.0894 -0.0173 -0.0118 -0.0240 0.3290 0.6368 0.6551
1494720000.0000 44850.0000 0.3629 0.2459 0.1386 0.6388 235.8819 0.1169 0.2025 0.0780 -0.0091 -0.0017 0.0084 0.1987 0.7916 0.7443
1494720000.0000 45150.0000 0.5414 0.4910 0.3291 0.8214 227.7923 0.2046 0.1744 0.0691 0.0791 -0.0031 -0.0240 0.2240 0.4821 0.4863
1494720000.0000 45450.0000 -0.2861 0.8881 -0.0519 1.1673 162.1432 0.4517 0.5334 0.3025 -0.0778 0.2014 -0.1822 0.6438 0.7011 0.6142
1494720000.0000 45750.0000 0.0320 0.5717 -0.0142 0.9095 183.2028 0.3809 0.3858 0.2400 -0.0198 0.1003 -0.0861 0.5034 1.0114 0.8829
1494720000.0000 46050.0000 0.3208 0.4587 0.2050 0.6442 214.9716 0.0698 0.1145 0.0685 -0.0144 0.0093 -0.0386 0.1264 0.4870 0.4428
1494720000.0000 46350.0000 0.5371 0.4248 0.3136 0.7841 231.6590 0.1310 0.1755 0.0547 0.0067 -0.0211 -0.0310 0.1806 0.4608 0.4669
1494720000.0000 46650.0000 0.4224 0.3601 0.3479 0.6544 229.5498 0.1607 0.0902 0.0698 -0.0026 0.0144 -0.0081 0.1603 0.4991 0.5210
1494720000.0000 46950.0000 0.6008 0.7593 0.2145 1.0947 218.3543 0.2884 0.2569 0.0992 0.0391 0.0358 -0.0834 0.3222 0.4674 0.4403
1494720000.0000 47250.0000 0.2233 0.2973 0.2464 0.5583 216.9082 0.1250 0.1271 0.0955 -0.0064 0.0277 -0.0107 0.1738 0.7631 0.7796
1494720000.0000 47550.0000 0.4568 0.3548 0.2613 0.6444 232.1637 0.0599 0.0749 0.0742 -0.0078 -0.0145 -0.0148 0.1045 0.4158 0.3665
1494720000.0000 47850.0000 0.3836 1.1231 0.1409 1.2886 198.8584 0.2613 0.3222 0.2004 0.0421 0.0205 -0.0677 0.3920 0.4277 0.3716
1494720000.0000 48150.0000 0.4184 0.2484 0.1940 0.6964 239.2995 0.1007 0.2787 0.2248 -0.0121 0.0356 -0.1156 0.3021 0.8566 0.7308
1494720000.0000 48450.0000 0.9035 0.4590 0.5245 1.1177 243.0706 0.2855 0.3060 0.1079 0.0840 -0.0349 -0.0060 0.3497 0.4231 0.4382
1494720000.0000 48750.0000 0.6461 0.3028 0.3885 0.7869 244.8935 0.1261 0.1159 0.0814 -0.0017 -0.0394 -0.0087 0.1617 0.4041 0.3980
1494720000.0000 49050.0000 0.7883 0.7215 0.3212 1.2055 227.5351 0.2961 0.2475 0.1005 -0.0805 0.0198 -0.0599 0.3220 0.4152 0.3983
1494720000.0000 49350.0000 0.5162 0.8212 0.3735 1.1462 212.1523 0.2369 0.4502 0.1422 -0.0209 0.0348 -0.0744 0.4146 0.5058 0.4934
1494720000.0000 49650.0000 0.7640 0.7331 0.4224 1.1519 226.1834 0.2265 0.2467 0.1047 0.0176 -0.0231 -0.0466 0.2890 0.3850 0.3751
1494720000.0000 49950.0000 0.5489 0.8484 0.3768 1.1878 212.9038 0.2995 0.3552 0.1323 0.0205 -0.0168 -0.0931 0.3935 0.4749 0.4623
1494720000.0000 50250.0000 0.7858 0.5931 0.4011 1.0609 232.9574 0.3126 0.1263 0.0754 0.0210 0.0118 -0.0098 0.2571 0.3895 0.3885
1494720000.0000 50550.0000 0.6184 0.5820 0.4358 0.9410 226.7374 0.1510 0.2343 0.0890 -0.0081 -0.0156 -0.0402 0.2372 0.4166 0.4220
1494720000.0000 50850.0000 0.5633 0.4025 0.3123 0.7504 234.4571 0.1149 0.1489 0.0611 0.0504 0.0029 -0.0081 0.1624 0.4333 0.4283
1494720000.0000 51150.0000 0.4287 0.5091 0.2424 0.7589 220.0971 0.1318 0.2052 0.0659 0.0133 -0.0083 -0.0236 0.2015 0.5174 0.5036
1494720000.0000 51450.0000 0.3604 0.3561 0.2031 0.6162 225.3468 0.0716 0.1178 0.0567 -0.0326 0.0046 -0.0275 0.1231 0.5248 0.4959
1494720000.0000 51750.0000 0.2228 0.4254 0.1419 0.5493 207.6470 0.0712 0.0793 0.0615 0.0022 0.0164 -0.0143 0.1060 0.5309 0.4664
1494720000.0000 52050.0000 0.3837 0.6660 0.3668 0.9100 209.9494 0.1826 0.3879 0.1603 -0.0558 0.0395 -0.1391 0.3654 0.5796 0.5674
1494720000.0000 52350.0000 -0.0058 0.6100 0.0467 0.8445 179.4570 0.3360 0.3899 0.2232 -0.1542 0.1049 -0.1649 0.4745 0.9193 0.8063
1494720000.0000 52650.0000 -0.1184 0.5990 -0.0277 0.7016 168.8227 0.0948 0.1737 0.1354 -0.0146 0.0329 -0.0147 0.2019 0.6002 0.4899
1494720000.0000 52950.0000 0.0195 1.0121 0.0576 1.1755 181.1015 0.3800 0.3757 0.1722 0.1060 0.1034 -0.0412 0.4639 0.5485 0.4958
1494720000.0000 53250.0000 0.4726 0.9222 0.2028 1.1518 207.1339 0.2589 0.5501 0.1972 -0.0157 0.0363 -0.1531 0.5031 0.5485 0.5011
1494720000.0000 53550.0000 0.4654 0.7793 0.2700 1.0381 210.8425 0.2757 0.2866 0.1402 0.0273 0.0338 -0.0693 0.3512 0.5110 0.4769
1494720000.0000 53850.0000 0.2551 0.6762 0.1489 0.7926 200.6688 0.1120 0.1408 0.0967 0.0093 0.0059 -0.0502 0.1748 0.4625 0.4017
1494720000.0000 54150.0000 0.2917 0.8166 0.2509 0.9771 199.6578 0.2081 0.4287 0.1213 0.0252 0.0028 -0.1043 0.3791 0.5569 0.5313
1494720000.0000 54450.0000 0.5651 0.8353 0.3618 1.0938 214.0789 0.1896 0.2092 0.0599 -0.0009 0.0102 -0.0225 0.2294 0.3650 0.3615
1494720000.0000 54750.0000 0.3996 0.4934 0.3442 0.6916 219.0026 0.0544 0.1126 0.0385 -0.0041 -0.0150 -0.0087 0.1027 0.3624 0.3716
1494720000.0000 55050.0000 0.5376 0.2562 0.3248 0.6643 244.5217 0.1256 0.0805 0.0439 -0.0065 -0.0207 0.0072 0.1250 0.4256 0.4401
1494720000.0000 55350.0000 0.8303 0.2676 0.3945 0.9509 252.1385 0.1992 0.1606 0.0779 0.0442 -0.0423 0.0099 0.2188 0.3989 0.3970
1494720000.0000 55650.0000 0.8092 0.3120 0.3165 0.9331 248.9136 0.3336 0.1101 0.0466 0.0411 -0.0481 -0.0072 0.2451 0.4379 0.4434
1494720000.0000 55950.0000 0.5170 0.6064 0.3392 0.9586 220.4530 0.2564 0.2229 0.0813 -0.0539 0.0043 -0.0300 0.2803 0.4991 0.5016
1494720000.0000 56250.0000 0.7877 0.2101 0.3214 0.8820 255.0673 0.2227 0.0987 0.0792 0.0124 -0.0350 0.0043 0.2003 0.4170 0.4015
1494720000.0000 56550.0000 0.6951 0.3654 0.3519 0.8665 242.2722 0.1696 0.1441 0.0587 0.0159 -0.0314 0.0069 0.1862 0.4094 0.4118
1494720000.0000 56850.0000 0.5984 0.7123 0.5093 1.0067 220.0327 0.1897 0.2126 0.0758 0.0090 -0.0257 0.0063 0.2390 0.3764 0.3936
1494720000.0000 57150.0000 0.7586 0.4636 0.3904 0.9606 238.5729 0.1830 0.1562 0.0672 0.0306 -0.0153 0.0003 0.2032 0.3790 0.3782
1494720000.0000 57450.0000 0.6794 0.3683 0.3200 0.8201 241.5350 0.1210 0.0646 0.0542 -0.0038 -0.0407 0.0082 0.1199 0.3380 0.3218
1494720000.0000 57750.0000 0.4682 0.1888 0.1734 0.5572 248.0400 0.1087 0.0537 0.0294 0.0044 -0.0204 0.0074 0.0959 0.4739 0.4611
1494720000.0000 58050.0000 0.3588 0.0950 0.2057 0.7003 255.1645 0.1210 0.3778 0.0496 -0.1078 -0.0118 0.0268 0.2742 1.0075 1.0985
1494720000.0000 58350.0000 0.7485 0.3721 0.3145 0.9014 243.5648 0.2262 0.1004 0.0699 -0.0031 -0.0669 -0.0049 0.1983 0.4071 0.3948
1494720000.0000 58650.0000 0.8136 0.2592 0.2558 0.9527 252.3304 0.3816 0.1339 0.0762 0.0066 -0.0281 0.0140 0.2958 0.4982 0.4854
1494720000.0000 58950.0000 0.7131 0.0544 0.3742 0.8225 265.6401 0.2394 0.1489 0.1043 0.0313 -0.0576 0.0309 0.2463 0.5021 0.5031
1494720000.0000 59250.0000 0.5763 0.3522 0.2958 0.9656 238.5695 0.2721 0.4039 0.1025 -0.1178 -0.0167 0.0256 0.3893 0.6909 0.7029
1494720000.0000 59550.0000 0.5300 -0.3749 0.1800 0.8462 305.2758 0.2095 0.3569 0.1485 -0.0010 -0.0065 0.1187 0.3574 0.7246 0.6693
1494720000.0000 59850.0000 0.5679 -0.7167 -0.0307 1.0613 321.6051 0.2221 0.5235 0.2262 -0.1218 -0.0548 0.1748 0.4859 0.6220 0.5452
1494720000.0000 60150.0000 0.4283 0.0779 0.0691 0.7131 259.6942 0.1514 0.2803 0.1375 -0.0725 0.0301 0.0071 0.2846 0.9882 0.8714
1494720000.0000 60450.0000 0.5387 0.1883 0.2421 0.6576 250.7327 0.1822 0.0981 0.0794 0.0074 0.0128 0.0127 0.1799 0.5586 0.5356
1494720000.0000 60750.0000 0.6322 0.3433 0.3337 0.7947 241.4942 0.1552 0.0830 0.0557 -0.0128 -0.0226 0.0121 0.1469 0.3947 0.3917
1494720000.0000 61050.0000 0.4383 0.5896 0.2792 0.7719 216.6282 0.0691 0.1315 0.0374 0.0330 -0.0057 -0.0094 0.1190 0.3585 0.3520
1494720000.0000 61350.0000 0.5999 0.5520 0.3084 0.9221 227.3828 0.1587 0.1643 0.0481 -0.0434 0.0027 -0.0110 0.1856 0.4035 0.4025
1494720000.0000 61650.0000 0.6754 0.6417 0.4797 0.9957 226.4665 0.1632 0.2113 0.1126 0.0612 -0.0073 0.0163 0.2436 0.3846 0.3793
1494720000.0000 61950.0000 0.8745 0.1863 0.3162 0.9506 257.9717 0.2755 0.1038 0.0869 0.0371 -0.0473 0.0145 0.2331 0.4157 0.3977
1494720000.0000 62250.0000 0.5389 0.2644 0.3859 0.6690 243.8652 0.0627 0.1067 0.0587 0.0024 -0.0232 0.0140 0.1141 0.3864 0.3959
1494720000.0000 62550.0000 1.1574 0.5602 0.4777 1.3671 244.1705 0.4974 0.2402 0.1176 0.0902 -0.0582 0.0054 0.4276 0.3892 0.3856
1494720000.0000 62850.0000 0.6592 0.5843 0.4119 0.9502 228.4450 0.1709 0.1890 0.0839 0.0204 -0.0236 -0.0009 0.2219 0.3956 0.3932
1494720000.0000 63150.0000 0.7242 0.4731 0.3165 0.9390 236.8465 0.1649 0.1571 0.1133 0.0198 -0.0354 -0.0269 0.2177 0.4136 0.3788
1494720000.0000 63450.0000 0.5364 0.3036 0.3333 0.6831 240.4958 0.1021 0.0779 0.0566 -0.0151 -0.0271 -0.0097 0.1183 0.4008 0.3974
1494720000.0000 63750.0000 0.5387 0.2053 0.2784 0.6175 249.1419 0.0797 0.0505 0.0674 0.0081 -0.0221 0.0146 0.0988 0.4010 0.3614
1494720000.0000 64050.0000 0.6484 0.4559 0.3401 0.8587 234.8856 0.1706 0.1525 0.0563 0.0406 -0.0239 0.0023 0.1897 0.4123 0.4140
1494720000.0000 64350.0000 0.5386 0.5972 0.3136 0.8658 222.0455 0.1121 0.1139 0.0447 -0.0015 -0.0259 -0.0154 0.1353 0.3479 0.3413
1494720000.0000 64650.0000 0.3208 0.6637 0.2710 0.7792 205.7958 0.0543 0.0898 0.0321 -0.0042 -0.0038 -0.0226 0.0881 0.3085 0.2973
1494720000.0000 64950.0000 0.6991 0.6242 0.3734 0.9927 228.2415 0.1074 0.1540 0.0546 0.0061 -0.0165 -0.0119 0.1580 0.3217 0.3150
1494720000.0000 65250.0000 0.6137 0.4912 0.3329 0.8496 231.3241 0.1404 0.1469 0.0562 0.0280 -0.0068 0.0119 0.1718 0.3964 0.3937
1494720000.0000 65550.0000 0.4302 0.3152 0.2054 0.5748 233.7742 0.0809 0.0594 0.0261 0.0141 -0.0062 -0.0024 0.0832 0.4121 0.4055
1494720000.0000 65850.0000 0.4677 0.2059 0.1988 0.5438 246.2373 0.0808 0.0318 0.0221 0.0090 -0.0144 -0.0025 0.0673 0.3864 0.3791
1494720000.0000 66150.0000 0.3905 0.1148 0.2267 0.4771 253.6179 0.1227 0.0537 0.0434 0.0139 -0.0160 0.0197 0.1099 0.5810 0.5957
1494720000.0000 66450.0000 0.6591 0.2404 0.1953 0.7356 249.9643 0.0852 0.0513 0.0290 0.0091 -0.0218 0.0084 0.0827 0.3225 0.3040
1494720000.0000 66750.0000 0.4867 0.2876 0.3210 0.6156 239.4176 0.0608 0.0734 0.0327 0.0022 -0.0157 0.0061 0.0835 0.3629 0.3742
1494720000.0000 67050.0000 0.5267 0.2131 0.1927 0.6049 247.9695 0.0951 0.0441 0.0288 0.0171 -0.0253 -0.0020 0.0840 0.3944 0.3792
1494720000.0000 67350.0000 0.4449 0.3276 0.2375 0.5849 233.6386 0.1075 0.0454 0.0221 0.0248 -0.0026 0.0019 0.0875 0.4016 0.4086
1494720000.0000 67650.0000 0.2150 0.3634 0.1595 0.4798 210.6026 0.0726 0.0787 0.0290 0.0189 -0.0119 -0.0012 0.0901 0.5431 0.5319
1494720000.0000 67950.0000 -0.0027 0.2233 0.0671 0.2939 179.3177 0.0254 0.0368 0.0124 0.0205 0.0021 0.0048 0.0373 0.6766 0.6452
1494720000.0000 68250.0000 -0.0115 -0.0230 -0.0314 0.2582 26.5162 0.0417 0.0448 0.0161 0.0132 0.0029 0.0117 0.0513 4.5557 6.6037
1494720000.0000 68550.0000 0.0371 -0.1975 -0.1049 0.3073 349.3660 0.0296 0.0570 0.0204 0.0128 0.0034 0.0179 0.0535 0.8334 0.8457
1494720000.0000 68850.0000 -0.0018 -0.3209 -0.1788 0.4000 0.3220 0.0571 0.0319 0.0172 -0.0063 0.0028 0.0021 0.0531 0.5122 0.5368
1494720000.0000 69150.0000 -0.1849 -0.2458 -0.1741 0.3813 36.9532 0.0574 0.0180 0.0163 0.0086 -0.0007 0.0056 0.0459 0.4947 0.5155
1494720000.0000 69450.0000 -0.0481 -0.4073 -0.1861 0.5057 6.7383 0.0825 0.0395 0.0187 -0.0111 0.0046 0.0073 0.0704 0.4811 0.4919
1494720000.0000 69750.0000 0.0525 -0.3933 -0.1590 0.4639 352.3940 0.0662 0.0637 0.0185 -0.0297 0.0009 0.0033 0.0742 0.5204 0.5246
1494720000.0000 70050.0000 0.1389 -0.5062 -0.1596 0.6101 344.6588 0.0890 0.0740 0.0279 -0.0201 -0.0114 0.0128 0.0954 0.4598 0.4440
1494720000.0000 70350.0000 0.0570 -0.4528 -0.1451 0.5271 352.8272 0.0684 0.0764 0.0274 -0.0154 0.0010 0.0067 0.0861 0.5003 0.4814
1494720000.0000 70650.0000 0.1168 -0.6042 -0.1674 0.7163 349.0613 0.1223 0.1109 0.0431 -0.0505 0.0000 0.0160 0.1381 0.4759 0.4530
1494720000.0000 70950.0000 0.0709 -0.5555 -0.1255 0.6843 352.7238 0.1531 0.1298 0.0629 -0.0492 -0.0075 0.0263 0.1728 0.5915 0.5483
1494720000.0000 71250.0000 0.0479 -0.6633 -0.1799 0.7372 355.8734 0.1044 0.0925 0.0643 -0.0353 -0.0031 0.0196 0.1306 0.4283 0.3852
1494720000.0000 71550.0000 0.1395 -0.7814 -0.2222 0.8755 349.8795 0.1447 0.0967 0.0499 -0.0485 -0.0138 0.0268 0.1456 0.3780 0.3574
1494720000.0000 71850.0000 0.1623 -0.5690 -0.1514 0.6693 344.0781 0.1108 0.1048 0.0464 -0.0376 -0.0058 0.0308 0.1310 0.4839 0.4531
1494720000.0000 72150.0000 0.1269 -0.4996 -0.0825 0.6236 345.7459 0.1435 0.0840 0.0414 -0.0390 -0.0154 0.0176 0.1345 0.5735 0.5342
1494720000.0000 72450.0000 -0.0427 -0.3883 -0.1431 0.4734 6.2802 0.0791 0.0611 0.0343 -0.0061 0.0032 0.0182 0.0872 0.5796 0.5532
1494720000.0000 72750.0000 -0.1939 -0.4211 -0.1915 0.5338 24.7193 0.0569 0.0731 0.0420 -0.0071 0.0042 0.0199 0.0860 0.4774 0.4490
1494720000.0000 73050.0000 -0.1257 -0.6368 -0.3246 0.7461 11.1686 0.1231 0.0966 0.0596 -0.0543 -0.0105 0.0222 0.1396 0.4204 0.4168
1494720000.0000 73350.0000 -0.0492 -0.6239 -0.2077 0.7223 4.5049 0.1286 0.0778 0.0561 -0.0322 -0.0004 0.0112 0.1313 0.4486 0.4191
1494720000.0000 73650.0000 0.0192 -0.5319 -0.1207 0.6622 357.9370 0.1600 0.1056 0.0709 -0.0504 0.0183 0.0126 0.1683 0.6138 0.5591
1494720000.0000 73950.0000 -0.2780 -0.4705 -0.2524 0.6476 30.5819 0.1202 0.0522 0.0529 -0.0323 0.0068 0.0134 0.1127 0.4553 0.4387
1494720000.0000 74250.0000 -0.1770 -0.4432 -0.1962 0.5507 21.7748 0.0647 0.0463 0.0328 -0.0233 -0.0134 0.0138 0.0719 0.4243 0.4031
1494720000.0000 74550.0000 -0.0480 -0.5894 -0.2209 0.6847 4.6536 0.0996 0.0745 0.0381 -0.0360 -0.0083 0.0202 0.1061 0.4214 0.4074
1494720000.0000 74850.0000 -0.0973 -0.4211 -0.1490 0.4998 13.0036 0.0657 0.0567 0.0308 -0.0141 0.0013 0.0204 0.0766 0.4943 0.4673
1494720000.0000 75150.0000 -0.2494 -0.3573 -0.2547 0.4643 34.9160 0.0252 0.0145 0.0078 -0.0056 0.0016 0.0034 0.0237 0.2492 0.2638
1494720000.0000 75450.0000 -0.2399 -0.3926 -0.2191 0.5126 31.4280 0.0490 0.0305 0.0141 -0.0135 0.0023 0.0038 0.0468 0.3466 0.3538
1494720000.0000 75750.0000 -0.1495 -0.2772 -0.1799 0.3552 28.3459 0.0297 0.0197 0.0076 -0.0017 0.0020 0.0022 0.0285 0.3801 0.4075
1494720000.0000 76050.0000 -0.4281 -0.3944 -0.2815 0.6040 47.3495 0.0408 0.0125 0.0099 0.0024 0.0065 0.0034 0.0316 0.2243 0.2289
1494720000.0000 76350.0000 -0.2253 -0.4077 -0.1986 0.5203 28.9256 0.0624 0.0302 0.0226 -0.0044 0.0115 0.0096 0.0575 0.3868 0.3770
1494720000.0000 76650.0000 -0.3071 -0.3757 -0.2116 0.5232 39.2662 0.0420 0.0206 0.0150 -0.0083 0.0032 0.0055 0.0388 0.3038 0.2977
1494720000.0000 76950.0000 -0.1641 -0.4507 -0.2472 0.5278 20.0105 0.0449 0.0379 0.0267 -0.0112 0.0006 0.0138 0.0548 0.3541 0.3463
1494720000.0000 77250.0000 -0.1531 -0.2957 -0.1632 0.4356 27.3748 0.0913 0.0112 0.0081 -0.0007 0.0107 0.0017 0.0553 0.5178 0.5551
1494720000.0000 77550.0000 -0.2619 -0.2608 -0.1643 0.3997 45.1261 0.0392 0.0130 0.0113 0.0129 0.0141 0.0070 0.0317 0.3596 0.3570
1494720000.0000 77850.0000 -0.3888 -0.3064 -0.2053 0.5027 51.7544 0.0223 0.0052 0.0062 0.0049 0.0029 0.0020 0.0169 0.1979 0.1935
1494720000.0000 78150.0000 -0.1419 -0.1307 -0.0895 0.2414 47.3543 0.0275 0.0153 0.0056 0.0062 0.0040 0.0020 0.0242 0.5971 0.6188
1494720000.0000 78450.0000 0.0126 -0.2733 -0.1114 0.3152 357.3586 0.0175 0.0231 0.0041 -0.0003 -0.0009 -0.0010 0.0223 0.4131 0.4252
1494720000.0000 78750.0000 -0.1277 -0.3122 -0.1723 0.3733 22.2414 0.0237 0.0136 0.0085 -0.0064 -0.0027 0.0032 0.0229 0.3261 0.3305
1494720000.0000 79050.0000 -0.2165 -0.2824 -0.1955 0.3863 37.4765 0.0261 0.0091 0.0060 -0.0031 0.0019 -0.0002 0.0206 0.2886 0.3043
1494720000.0000 79350.0000 -0.2808 -0.3186 -0.2075 0.4560 41.3886 0.0363 0.0090 0.0070 0.0001 0.0009 0.0022 0.0261 0.2791 0.2891
1494720000.0000 79650.0000 -0.5414 -0.3774 -0.2846 0.6644 55.1194 0.0184 0.0045 0.0031 0.0041 0.0029 0.0010 0.0130 0.1295 0.1323
1494720000.0000 79950.0000 -0.4966 -0.4232 -0.3015 0.6601 49.5679 0.0199 0.0068 0.0069 0.0037 0.0012 0.0020 0.0168 0.1472 0.1446
1494720000.0000 80250.0000 -0.3622 -0.3631 -0.2159 0.5364 44.9306 0.0334 0.0114 0.0094 -0.0009 0.0022 0.0039 0.0271 0.2416 0.2383
1494720000.0000 80550.0000 -0.0917 -0.3082 -0.1562 0.3635 16.5775 0.0295 0.0193 0.0079 -0.0068 0.0048 0.0032 0.0284 0.3849 0.3968
1494720000.0000 80850.0000 -0.1501 -0.1837 -0.1117 0.3133 39.2504 0.0640 0.0112 0.0063 0.0076 0.0108 0.0021 0.0407 0.6285 0.6672
1494720000.0000 81150.0000 -0.4452 -0.1960 -0.1904 0.4917 66.2360 0.0186 0.0044 0.0040 0.0033 0.0041 0.0006 0.0135 0.1816 0.1801
1494720000.0000 81450.0000 -0.4604 -0.2320 -0.1716 0.5210 63.2497 0.0132 0.0053 0.0030 0.0024 0.0006 0.0004 0.0107 0.1558 0.1524
1494720000.0000 81750.0000 -0.4237 -0.2727 -0.2247 0.5088 57.2351 0.0190 0.0054 0.0029 0.0060 0.0029 0.0012 0.0136 0.1729 0.1790
1494720000.0000 82050.0000 -0.2323 -0.2046 -0.1592 0.3509 48.6285 0.0564 0.0107 0.0061 0.0172 0.0121 0.0040 0.0366 0.4486 0.4831
1494720000.0000 82350.0000 -0.4886 -0.2217 -0.2162 0.5485 65.5928 0.0328 0.0080 0.0040 0.0061 0.0065 0.0013 0.0224 0.2114 0.2175
1494720000.0000 82650.0000 -0.4990 -0.2784 -0.2432 0.5808 60.8378 0.0199 0.0043 0.0026 0.0002 0.0019 0.0005 0.0134 0.1521 0.1572
1494720000.0000 82950.0000 -0.3505 -0.2240 -0.1606 0.4325 57.4129 0.0287 0.0078 0.0026 0.0056 0.0035 0.0000 0.0195 0.2560 0.2652
1494720000.0000 83250.0000 -0.3207 -0.1277 -0.1483 0.3549 68.2861 0.0112 0.0071 0.0032 0.0045 0.0022 0.0012 0.0107 0.2252 0.2263
1494720000.0000 83550.0000 -0.5276 -0.2187 -0.1984 0.5759 67.4800 0.0127 0.0078 0.0022 0.0045 0.0031 0.0012 0.0114 0.1442 0.1449
1494720000.0000 83850.0000 -0.2175 -0.1097 -0.0764 0.2788 63.2345 0.0416 0.0160 0.0064 0.0204 0.0065 0.0027 0.0320 0.5721 0.5686
1494720000.0000 84150.0000 -0.4577 -0.3037 -0.2203 0.5528 56.4344 0.0196 0.0035 0.0030 0.0050 0.0049 0.0017 0.0130 0.1574 0.1595
1494720000.0000 84450.0000 -0.4669 -0.2610 -0.2220 0.5489 60.7926 0.0468 0.0097 0.0061 0.0165 0.0113 0.0044 0.0313 0.2494 0.2565
1494720000.0000 84750.0000 -0.1691 -0.2059 -0.1318 0.3056 39.3920 0.0469 0.0114 0.0094 0.0155 0.0164 0.0067 0.0339 0.5057 0.5234
1494720000.0000 85050.0000 -0.5555 -0.2367 -0.2107 0.6087 66.9181 0.0124 0.0096 0.0025 0.0059 0.0017 0.0019 0.0123 0.1414 0.1421
1494720000.0000 85350.0000 -0.2421 -0.1859 -0.1269 0.3455 52.4736 0.0557 0.0074 0.0062 0.0122 0.0131 0.0021 0.0346 0.4598 0.4753
1494720000.0000 85650.0000 -0.4272 -0.2433 -0.2006 0.5013 60.3373 0.0344 0.0061 0.0062 0.0098 0.0085 0.0030 0.0233 0.2349 0.2363
1494720000.0000 85950.0000 -0.5707 -0.2133 -0.2478 0.6119 69.5038 0.0083 0.0029 0.0016 0.0006 0.0001 -0.0002 0.0064 0.0994 0.1005
1494720000.0000 86250.0000 -0.5048 -0.2729 -0.2223 0.5763 61.6050 0.0089 0.0021 0.0018 0.0006 0.0021 0.0002 0.0064 0.1061 0.1054
1494806400.0000 86550.0000 -0.1700 -0.1885 -0.1419 0.2947 42.0490 0.0343 0.0072 0.0137 0.0089 0.0166 0.0053 0.0276 0.4665 0.4634
1494806400.0000 86850.0000 -0.1642 -0.1764 -0.1241 0.2680 42.9440 0.0224 0.0028 0.0044 0.0024 0.0076 0.0005 0.0148 0.3663 0.3798
1494806400.0000 87150.0000 -0.4894 -0.1977 -0.2064 0.5321 68.0052 0.0078 0.0052 0.0018 0.0018 0.0004 0.0007 0.0074 0.1242 0.1249
1494806400.0000 87450.0000 -0.2616 -0.1992 -0.1464 0.3832 52.7100 0.0648 0.0081 0.0077 0.0128 0.0146 0.0032 0.0403 0.4554 0.4742
1494806400.0000 87750.0000 -0.3314 -0.2699 -0.1904 0.4711 50.8386 0.0842 0.0060 0.0100 0.0133 0.0247 0.0047 0.0501 0.3907 0.4057
1494806400.0000 88050.0000 -0.4795 -0.1824 -0.2166 0.5315 69.1740 0.0472 0.0158 0.0083 0.0229 0.0164 0.0091 0.0357 0.2769 0.2825
1494806400.0000 88350.0000 -0.1684 -0.1622 -0.1403 0.2734 46.0610 0.0116 0.0209 0.0055 0.0034 0.0029 0.0063 0.0190 0.4128 0.4452
1494806400.0000 88650.0000 -0.2249 -0.1901 -0.1316 0.3320 49.7898 0.0346 0.0071 0.0058 0.0012 0.0058 0.0016 0.0238 0.3903 0.4007
1494806400.0000 88950.0000 -0.2707 -0.1404 -0.1788 0.3873 62.5857 0.0603 0.0197 0.0247 0.0168 0.0237 0.0130 0.0524 0.5287 0.5357
1494806400.0000 89250.0000 0.0189 -0.2553 -0.0950 0.2827 355.7591 0.0100 0.0205 0.0046 -0.0013 0.0023 0.0021 0.0175 0.3958 0.3938
1494806400.0000 89550.0000 -0.2133 -0.1170 -0.0825 0.3010 61.2533 0.0466 0.0089 0.0043 -0.0008 0.0057 0.0020 0.0299 0.5498 0.5594
1494806400.0000 89850.0000 -0.2261 -0.1346 -0.1342 0.2882 59.2210 0.0133 0.0136 0.0033 0.0042 0.0004 0.0013 0.0151 0.3400 0.3600
1494806400.0000 90150.0000 -0.3593 -0.2936 -0.1984 0.4836 50.7486 0.0417 0.0055 0.0041 0.0027 0.0035 0.0011 0.0257 0.2593 0.2704
1494806400.0000 90450.0000 -0.4041 -0.0434 -0.1439 0.4361 83.8641 0.0204 0.0247 0.0035 0.0152 0.0021 0.0021 0.0243 0.2951 0.3017
1494806400.0000 90750.0000 -0.5442 -0.4165 -0.2857 0.7131 52.5709 0.0726 0.0392 0.0385 0.0138 0.0107 0.0172 0.0751 0.3014 0.2817
1494806400.0000 91050.0000 -0.8050 -0.5595 -0.3499 1.0074 55.1978 0.1164 0.0308 0.0536 0.0099 0.0259 0.0143 0.1004 0.2485 0.2259
1494806400.0000 91350.0000 -0.7140 -0.4720 -0.2592 0.8728 56.5347 0.0807 0.0301 0.0362 0.0192 0.0178 0.0176 0.0735 0.2475 0.2245
1494806400.0000 91650.0000 -0.0464 -0.1727 -0.0519 0.2658 15.0494 0.0313 0.0278 0.0222 0.0051 0.0064 0.0077 0.0407 0.8844 0.7849
1494806400.0000 91950.0000 -0.7056 -0.3700 -0.2900 0.8073 62.3265 0.1169 0.0509 0.0323 0.0577 0.0381 0.0260 0.1000 0.3046 0.2969
1494806400.0000 92250.0000 -1.1239 -0.7137 -0.4801 1.3444 57.5856 0.0834 0.0346 0.0446 0.0167 0.0270 0.0207 0.0813 0.1645 0.1490
1494806400.0000 92550.0000 -0.9680 -0.5886 -0.3704 1.1416 58.6993 0.0498 0.0151 0.0195 0.0069 0.0177 0.0086 0.0422 0.1408 0.1299
1494806400.0000 92850.0000 -1.3301 -0.5584 -0.4822 1.4532 67.2259 0.0351 0.0243 0.0217 -0.0061 0.0098 -0.0004 0.0406 0.1081 0.0975
1494806400.0000 93150.0000 -1.4053 -0.8487 -0.6052 1.6642 58.8713 0.1026 0.0790 0.0841 0.0175 0.0346 0.0363 0.1329 0.1701 0.1499
1494806400.0000 93450.0000 -1.4120 -0.8590 -0.6200 1.6731 58.6856 0.1084 0.0694 0.1013 0.0193 0.0435 0.0430 0.1396 0.1728 0.1473
1494806400.0000 93750.0000 -1.2840 -0.7191 -0.5351 1.4943 60.7514 0.0916 0.0635 0.0646 0.0083 0.0364 0.0246 0.1098 0.1728 0.1545
1494806400.0000 94050.0000 -1.3370 -0.6155 -0.5266 1.4894 65.2806 0.0628 0.0464 0.0485 -0.0054 0.0272 0.0070 0.0788 0.1466 0.1296
1494806400.0000 94350.0000 -1.3650 -0.7060 -0.5806 1.5608 62.6503 0.0849 0.0681 0.0681 0.0041 0.0353 0.0150 0.1105 0.1652 0.1469
1494806400.0000 94650.0000 -1.5221 -0.6542 -0.6269 1.6830 66.7436 0.0929 0.0815 0.0742 -0.0043 0.0290 0.0061 0.1243 0.1625 0.1455
1494806400.0000 94950.0000 -1.3273 -0.6101 -0.5521 1.4885 65.3148 0.0939 0.0836 0.0692 0.0076 0.0230 0.0182 0.1234 0.1836 0.1665
1494806400.0000 95250.0000 -1.1228 -0.5488 -0.4437 1.2674 63.9542 0.0648 0.0488 0.0468 0.0110 0.0273 0.0162 0.0802 0.1744 0.1557
1494806400.0000 95550.0000 -1.1168 -0.6345 -0.5068 1.3061 60.3972 0.0926 0.0531 0.0722 0.0130 0.0267 0.0210 0.1090 0.1952 0.1716
1494806400.0000 95850.0000 -1.0562 -0.5615 -0.4200 1.2190 62.0039 0.1183 0.0804 0.0834 0.0448 0.0566 0.0451 0.1411 0.2419 0.2152
1494806400.0000 96150.0000 -1.1478 -0.6649 -0.4882 1.3537 59.9148 0.1606 0.0740 0.0916 0.0322 0.0567 0.0391 0.1631 0.2333 0.2108
1494806400.0000 96450.0000 -1.2293 -0.7433 -0.5583 1.4721 58.8410 0.1737 0.0857 0.1142 0.0239 0.0562 0.0391 0.1869 0.2290 0.2047
1494806400.0000 96750.0000 -1.2163 -0.7603 -0.5456 1.4530 57.9901 0.1049 0.0443 0.0765 0.0125 0.0276 0.0239 0.1128 0.1787 0.1555
1494806400.0000 97050.0000 -1.0943 -0.6093 -0.4405 1.2713 60.8904 0.0779 0.0485 0.0579 0.0115 0.0273 0.0189 0.0922 0.1867 0.1639
1494806400.0000 97350.0000 -1.1092 -0.7041 -0.4991 1.3373 57.5921 0.1343 0.0585 0.0826 0.0283 0.0516 0.0357 0.1377 0.2156 0.1930
1494806400.0000 97650.0000 -1.1420 -0.6831 -0.5000 1.3487 59.1141 0.0998 0.0482 0.0688 0.0192 0.0331 0.0267 0.1084 0.1891 0.1669
1494806400.0000 97950.0000 -0.9864 -0.7011 -0.5179 1.2763 54.5963 0.1878 0.1148 0.0874 -0.0282 0.0308 0.0410 0.1950 0.2739 0.2624
1494806400.0000 98250.0000 -0.6329 -0.4363 -0.3024 0.8371 55.4208 0.1436 0.0692 0.0696 -0.0060 0.0262 0.0250 0.1412 0.3714 0.3465
1494806400.0000 98550.0000 -0.7347 -0.7279 -0.4212 1.1354 45.2648 0.2633 0.1615 0.1678 -0.0304 0.0657 0.0443 0.2963 0.3980 0.3638
1494806400.0000 98850.0000 -0.4857 -0.6611 -0.3125 0.9472 36.3028 0.1760 0.2442 0.2364 -0.0139 0.0460 0.1347 0.3283 0.5329 0.4562
1494806400.0000 99150.0000 -0.3832 -0.6821 -0.4069 0.9011 29.3277 0.2054 0.1687 0.2448 -0.0276 0.0595 0.0796 0.3094 0.5150 0.4513
1494806400.0000 99450.0000 -0.2497 -0.4911 -0.1917 0.7100 26.9505 0.1810 0.2234 0.1899 -0.0188 0.0282 0.0988 0.2972 0.7630 0.6664
1494806400.0000 99750.0000 -0.4383 -0.6938 -0.3570 0.9237 32.2811 0.1627 0.1533 0.1746 -0.0286 0.0274 0.0544 0.2453 0.4519 0.3955
1494806400.0000 100050.0000 -0.3912 -0.8339 -0.5546 1.0810 25.1323 0.2983 0.2621 0.3304 0.0023 0.1065 0.1285 0.4454 0.5068 0.4692
1494806400.0000 100350.0000 -0.4997 -0.7050 -0.4352 0.9813 35.3306 0.1885 0.2019 0.2083 -0.0288 0.0414 0.0837 0.2993 0.4617 0.4174
1494806400.0000 100650.0000 -0.3308 -0.9881 -0.6261 1.2390 18.5071 0.3772 0.3649 0.3772 -0.0755 0.1100 0.1047 0.5596 0.5025 0.4773
1494806400.0000 100950.0000 -0.2798 -0.9296 -0.4876 1.1838 16.7508 0.3944 0.3526 0.3364 -0.0881 0.0783 0.0839 0.5417 0.5532 0.5140
1494806400.0000 101250.0000 -0.4169 -0.8401 -0.4324 1.0889 26.3937 0.3172 0.3942 0.4717 0.0379 0.1393 0.2138 0.5915 0.6080 0.5192
1494806400.0000 101550.0000 -0.3521 -0.8543 -0.3358 1.1415 22.3975 0.3886 0.4657 0.4312 -0.0820 0.0822 0.2310 0.6428 0.6658 0.5775
1494806400.0000 101850.0000 -0.2241 -0.5478 -0.2080 0.8301 22.2461 0.2640 0.3164 0.2526 -0.0562 0.0496 0.0958 0.4165 0.8399 0.7431
1494806400.0000 102150.0000 -0.3498 -0.5439 -0.3377 0.8652 32.7453 0.3291 0.2550 0.3056 0.0247 0.1003 0.1473 0.4449 0.7465 0.6823
1494806400.0000 102450.0000 -0.2212 -0.2557 -0.0624 0.6772 40.8615 0.2340 0.2411 0.2016 -0.0253 0.0449 0.0201 0.3384 1.3816 1.1772
1494806400.0000 102750.0000 -0.1831 -0.4582 -0.2026 0.6709 21.7818 0.1969 0.1642 0.2606 -0.0422 0.0558 0.0263 0.3108 0.8534 0.7030
1494806400.0000 103050.0000 -0.2623 -0.3760 -0.2300 0.6205 34.9016 0.1455 0.1608 0.2147 -0.0164 0.0529 0.0415 0.2605 0.8124 0.6970
1494806400.0000 103350.0000 -0.1353 -0.8037 -0.3038 1.0146 9.5534 0.3670 0.4876 0.4424 0.0036 0.0882 0.1973 0.6485 0.7560 0.6549
1494806400.0000 103650.0000 -0.1889 -1.1184 -0.4546 1.3001 9.5856 0.3660 0.6041 0.5020 -0.0446 0.1480 0.2145 0.7361 0.5733 0.5014
1494806400.0000 103950.0000 -0.4208 -0.9849 -0.4514 1.2599 23.1325 0.3419 0.5865 0.6214 -0.0213 0.1335 0.3320 0.7749 0.6184 0.5194
1494806400.0000 104250.0000 -0.3402 -0.9308 -0.4806 1.2666 20.0768 0.6779 0.4080 0.4368 -0.0758 0.2061 0.1147 0.7613 0.6469 0.6071
1494806400.0000 104550.0000 -0.3785 -0.8737 -0.3778 1.1188 23.4203 0.3095 0.3805 0.3737 -0.0427 0.0798 0.1413 0.5319 0.5813 0.5037
1494806400.0000 104850.0000 -0.4702 -1.0619 -0.5985 1.3344 23.8833 0.3816 0.4317 0.3716 -0.0977 0.0726 0.1670 0.5924 0.4810 0.4483
1494806400.0000 105150.0000 -0.1581 -0.6170 -0.2053 0.8854 14.3679 0.3751 0.3899 0.5050 0.0327 0.1517 0.2471 0.6350 0.9723 0.7928
1494806400.0000 105450.0000 -0.1008 -0.8731 -0.2827 1.1125 6.5835 0.4085 0.4383 0.5943 -0.0811 0.1264 0.1704 0.7206 0.7507 0.6045
1494806400.0000 105750.0000 -0.1348 -0.8437 -0.3517 1.1735 9.0754 0.5118 0.4465 0.6084 -0.0036 0.1653 0.2260 0.7834 0.7822 0.6615
1494806400.0000 106050.0000 -0.1599 -0.7194 -0.4094 1.0963 12.5317 0.5176 0.6075 0.6587 0.0873 0.1959 0.2421 0.8919 0.9147 0.8310
1494806400.0000 106350.0000 0.0135 -0.9449 -0.1921 1.2238 359.1817 0.5000 0.7227 0.6044 -0.1613 0.1071 0.2268 0.9135 0.8093 0.6756
1494806400.0000 106650.0000 -0.3397 -0.7627 -0.2755 1.2014 24.0098 0.7229 0.6951 0.6585 0.0977 0.2588 0.2881 1.0383 0.9463 0.8234
1494806400.0000 106950.0000 0.0867 -1.2180 -0.3384 1.4656 355.9296 0.5724 0.8243 0.8353 -0.1357 0.1752 0.3383 1.1160 0.6807 0.5588
1494806400.0000 107250.0000 0.0224 -0.7019 -0.1809 1.0742 358.1696 0.5291 0.7001 0.5282 -0.0407 0.1987 0.2613 0.8787 1.0553 0.9114
1494806400.0000 107550.0000 -0.0048 -0.8549 -0.3455 1.2472 0.3219 0.7971 0.7242 0.9820 0.1098 0.4035 0.4265 1.2516 0.9906 0.8329
1494806400.0000 107850.0000 -0.1630 -0.9250 -0.3464 1.2087 9.9969 0.5706 0.5475 0.6534 -0.0065 0.1995 0.2235 0.8858 0.7676 0.6500
1494806400.0000 108150.0000 0.1052 -0.8988 -0.1284 1.0957 353.3260 0.3876 0.4568 0.6163 -0.0406 0.2124 0.1477 0.7303 0.7635 0.5863
1494806400.0000 108450.0000 0.3255 -0.8413 -0.1947 1.2164 338.8515 0.4739 0.6339 0.4184 -0.1277 0.1357 0.0615 0.7631 0.7729 0.6736
1494806400.0000 108750.0000 0.2550 -0.0400 0.0837 0.6288 278.9062 0.2624 0.2118 0.1891 -0.0099 0.0698 -0.0157 0.3317 1.7328 1.5401
1494806400.0000 109050.0000 0.2281 0.0614 0.0308 0.7260 254.9351 0.2311 0.4432 0.2718 0.0061 0.1148 0.0407 0.4730 2.3569 2.0066
1494806400.0000 109350.0000 0.2962 -0.3471 -0.0082 0.8346 319.5192 0.3644 0.3420 0.3773 0.0082 0.1344 0.0970 0.5419 1.3169 1.0634
1494806400.0000 109650.0000 0.0306 -0.8307 -0.1439 1.0516 357.8891 0.3084 0.6998 0.4183 -0.0093 0.1067 0.2496 0.7132 0.8174 0.6974
1494806400.0000 109950.0000 -0.0143 -0.5990 -0.1724 0.8753 1.3649 0.3848 0.3270 0.3071 -0.0493 0.1309 0.1068 0.5095 0.9348 0.8130
1494806400.0000 110250.0000 -0.0803 -0.5809 -0.0955 0.8676 7.8690 0.3748 0.2574 0.3805 0.0077 0.1621 0.1224 0.5064 0.9779 0.7828
1494806400.0000 110550.0000 -0.0983 -0.5409 -0.1665 0.8143 10.2999 0.4023 0.3115 0.3303 -0.0182 0.1239 0.0983 0.5221 1.0270 0.8872
1494806400.0000 110850.0000 0.2249 -0.3443 0.0352 0.6832 326.8461 0.2445 0.2251 0.2674 -0.0122 0.0754 0.0645 0.3685 1.2007 0.9619
1494806400.0000 111150.0000 0.1937 -0.1902 0.0746 0.5116 314.4661 0.1111 0.2170 0.1354 -0.0239 0.0331 0.0246 0.2318 1.3961 1.2183
1494806400.0000 111450.0000 0.2112 0.0856 0.2215 0.5909 247.9325 0.1390 0.2561 0.0717 -0.1069 0.0081 0.0158 0.2334 1.2412 1.5922
1494806400.0000 111750.0000 0.1049 -0.0012 -0.0514 0.5399 270.6497 0.1568 0.1961 0.1203 -0.0422 0.0253 0.0171 0.2366 3.4001 3.2705
1494806400.0000 112050.0000 0.1792 -0.2217 -0.0079 0.4909 321.0475 0.0970 0.1210 0.1620 0.0201 0.0417 0.0129 0.1900 1.2481 0.9457
1494806400.0000 112350.0000 -0.2177 -0.5802 -0.2255 0.8543 20.5655 0.3491 0.2898 0.3648 0.0694 0.1501 0.1524 0.5019 0.8772 0.7448
1494806400.0000 112650.0000 0.0898 -0.9135 -0.3229 1.1737 354.3865 0.4547 0.4168 0.4122 -0.0869 0.1298 0.1041 0.6418 0.6723 0.5872
1494806400.0000 112950.0000 -0.0987 -0.6915 -0.1363 0.9929 8.1239 0.3595 0.4598 0.3841 -0.0313 0.1234 0.1865 0.6017 0.8899 0.7481
1494806400.0000 113250.0000 -0.1175 -1.0493 -0.4597 1.2583 6.3917 0.4372 0.5551 0.4484 -0.0483 0.1400 0.1855 0.7204 0.6017 0.5447
1494806400.0000 113550.0000 -0.0775 -0.7359 -0.2536 1.0368 6.0154 0.4092 0.4820 0.4568 -0.0584 0.2071 0.0972 0.6740 0.8569 0.7365
1494806400.0000 113850.0000 0.3219 -0.2092 0.1827 0.6671 303.0199 0.2018 0.2523 0.2783 0.0201 0.1071 0.0477 0.3662 1.1620 1.0132
1494806400.0000 114150.0000 0.3931 -0.4305 0.1204 0.7247 317.6055 0.2055 0.1664 0.2169 -0.0034 0.0702 0.0650 0.2943 0.7442 0.6039
1494806400.0000 114450.0000 0.4658 -0.3385 0.1686 0.6931 306.0020 0.1174 0.1954 0.1325 -0.0463 0.0149 0.0733 0.2227 0.6422 0.5608
1494806400.0000 114750.0000 0.2242 -0.1637 0.1132 0.5785 306.1380 0.1697 0.2190 0.2340 0.0233 0.1021 0.0584 0.3114 1.5197 1.2967
1494806400.0000 115050.0000 -0.1385 -0.7876 -0.2473 1.0264 9.9741 0.4369 0.2945 0.4021 0.0091 0.2024 0.0996 0.5668 0.7344 0.6175
1494806400.0000 115350.0000 0.3691 -0.6182 0.1852 0.8504 329.1564 0.1632 0.2072 0.2563 -0.0187 0.0475 0.0289 0.3133 0.6148 0.4880
1494806400.0000 115650.0000 0.3801 0.1427 0.2101 0.6963 249.4251 0.1106 0.3491 0.1241 -0.0319 0.0078 0.0454 0.2919 0.9650 0.9642
1494806400.0000 115950.0000 0.0328 0.1012 0.1243 0.8275 197.9759 0.3234 0.6403 0.3240 0.0467 0.1036 0.1305 0.6438 4.0043 5.3274
1494806400.0000 116250.0000 0.0516 -0.2391 -0.0423 0.8801 347.8332 0.3553 0.6953 0.4500 0.0582 0.1384 0.1570 0.7503 2.8492 2.4193
1494806400.0000 116550.0000 0.1870 -0.5057 -0.1475 0.9716 339.7070 0.3710 0.6741 0.5199 -0.1001 0.0334 0.1396 0.7825 1.2920 1.0946
1494806400.0000 116850.0000 0.2230 -0.8374 -0.0984 1.1542 345.0859 0.4782 0.4674 0.5377 -0.0533 0.2252 0.0769 0.7417 0.8062 0.6479
1494806400.0000 117150.0000 0.1267 -0.9962 -0.2971 1.2961 352.7517 0.6241 0.8506 0.5634 -0.1516 0.1057 0.2500 1.0191 0.7870 0.6982
1494806400.0000 117450.0000 0.1448 -0.7848 -0.0651 1.1255 349.5488 0.4091 0.6190 0.4520 -0.0837 0.0980 0.1397 0.7401 0.8772 0.7335
1494806400.0000 117750.0000 -0.1320 -1.2214 -0.4823 1.5079 6.1660 0.7031 0.6466 0.7637 -0.0415 0.2741 0.3407 1.0567 0.6359 0.5460
1494806400.0000 118050.0000 -0.1792 -0.7774 -0.2380 1.1042 12.9805 0.5484 0.4547 0.6959 -0.0060 0.1953 0.2548 0.8495 0.9039 0.7248
1494806400.0000 118350.0000 -0.3114 -0.6711 -0.2570 1.0256 24.8937 0.4493 0.3740 0.3611 -0.0815 0.1254 0.0312 0.5922 0.8023 0.7081
1494806400.0000 118650.0000 0.0461 -0.2018 -0.1180 0.8497 347.1409 0.4605 0.4640 0.4831 0.0310 0.1072 0.1501 0.7038 2.8747 2.6816
1494806400.0000 118950.0000 0.3062 -0.0361 0.0515 1.0843 276.7198 0.4841 0.8702 0.5545 -0.0558 0.2051 0.1454 0.9544 2.5521 2.1795
1494806400.0000 119250.0000 0.2826 -0.6321 -0.0625 1.0247 335.9095 0.3486 0.6567 0.4668 -0.0109 0.1626 0.1718 0.7360 1.0076 0.8361
1494806400.0000 119550.0000 -0.0567 -0.2954 -0.0871 0.8728 10.8599 0.3030 0.6712 0.3908 -0.0666 0.0880 0.1806 0.6825 2.1543 1.8948
1494806400.0000 119850.0000 0.3373 -0.3636 0.2006 0.8128 317.1511 0.2940 0.3519 0.2447 -0.1206 0.0557 0.0404 0.4453 1.0185 0.9356
1494806400.0000 120150.0000 0.2023 0.1434 0.0972 0.9433 234.6714 0.5192 0.6153 0.3258 -0.1363 0.1622 -0.0148 0.7302 2.6191 2.4796
1494806400.0000 120450.0000 0.2150 -0.5927 -0.1062 1.0651 340.0589 0.4617 0.8190 0.6845 0.0782 0.1697 0.3303 0.9826 1.2658 1.0362
1494806400.0000 120750.0000 -0.3935 -0.2744 -0.3402 0.9419 55.1141 0.3436 0.6256 0.4872 -0.0677 0.0540 0.1308 0.7282 1.1846 1.1847
1494806400.0000 121050.0000 -0.5248 -0.4189 -0.3218 0.9321 51.4023 0.4483 0.2994 0.4768 0.0968 0.2249 0.1379 0.6122 0.8580 0.7434
1494806400.0000 121350.0000 0.1091 -0.5788 -0.0840 1.0775 349.3264 0.5133 0.7595 0.4875 -0.1053 0.1268 0.2332 0.8802 1.2875 1.1059
1494806400.0000 121650.0000 -0.3171 -0.6340 -0.1910 1.1060 26.5756 0.4872 0.7330 0.6728 0.0150 0.1776 0.2528 0.9465 1.0820 0.8997
1494806400.0000 121950.0000 -0.3286 -0.8080 -0.3050 1.1603 22.1279 0.5548 0.5108 0.6300 -0.0143 0.2301 0.2226 0.8478 0.8136 0.6833
1494806400.0000 122250.0000 -0.4030 -1.1456 -0.4125 1.5712 19.3796 0.7953 1.0155 0.7744 -0.1159 0.2489 0.3248 1.2926 0.7238 0.6398
1494806400.0000 122550.0000 -0.1056 -1.0211 -0.2615 1.3510 5.9027 0.6619 0.8650 0.6141 -0.2862 0.1000 0.1958 1.0705 0.7975 0.6950
1494806400.0000 122850.0000 -0.4982 -0.2475 -0.1406 1.1697 63.5816 0.7810 0.7009 0.6076 -0.1186 0.1836 0.1947 1.0447 1.4545 1.2634
1494806400.0000 123150.0000 0.0016 -0.4835 -0.2053 0.9026 359.8051 0.4070 0.4869 0.5071 0.0641 0.1783 0.2131 0.7005 1.3009 1.1289
1494806400.0000 123450.0000 0.4053 -0.0583 0.1929 1.0007 278.1891 0.4190 0.6928 0.5041 0.0282 0.1130 0.2276 0.8079 1.6214 1.4866
1494806400.0000 123750.0000 0.2870 -0.4653 0.1291 1.1201 328.3308 0.5263 0.9353 0.6034 -0.1093 0.1762 0.1803 1.0325 1.4771 1.2768
1494806400.0000 124050.0000 0.3741 -0.3438 -0.1676 1.1580 312.5865 0.5588 1.1189 0.5046 -0.1680 0.0373 0.3523 1.0912 1.5941 1.4718
1494806400.0000 124350.0000 0.8240 -0.6800 0.1094 1.4066 309.5341 0.2874 1.3083 0.4781 -0.1815 0.0299 0.4168 1.0369 0.7742 0.6826
1494806400.0000 124650.0000 0.8740 -1.1949 0.0371 1.5975 323.8163 0.4887 0.7273 0.3086 -0.3352 -0.0366 0.1526 0.7623 0.4814 0.4300
1494806400.0000 124950.0000 0.4296 -0.0375 0.0692 0.9318 274.9940 0.5306 0.6134 0.4684 0.0294 0.0113 0.0783 0.8062 1.6786 1.4320
1494806400.0000 125250.0000 0.6627 0.0141 0.3285 1.0179 268.7797 0.3421 0.5895 0.2269 -0.1229 0.0173 0.0468 0.5792 0.8400 0.8407
1494806400.0000 125550.0000 0.4344 0.4562 0.2910 0.7284 223.5979 0.0826 0.2505 0.0713 0.0526 -0.0205 -0.0029 0.2022 0.5291 0.5289
1494806400.0000 125850.0000 0.2931 0.4867 0.1966 0.7483 211.0544 0.1991 0.1761 0.1178 -0.0343 0.0230 0.0112 0.2465 0.6743 0.6225
1494806400.0000 126150.0000 0.3151 0.1290 0.0772 0.7625 247.7451 0.3437 0.2561 0.1157 0.1188 0.0375 0.0894 0.3577 1.3986 1.3131
1494806400.0000 126450.0000 -0.1135 0.0832 -0.2568 0.6922 126.2243 0.3410 0.3123 0.5621 0.0663 0.1775 0.1688 0.6077 2.1736 3.3156
1494806400.0000 126750.0000 0.4778 0.2662 0.1323 0.6469 240.8745 0.0876 0.1123 0.1132 0.0178 -0.0005 -0.0333 0.1566 0.5741 0.4719
1494806400.0000 127050.0000 0.4766 0.5472 0.2713 0.9304 221.0518 0.2015 0.3372 0.1383 0.0275 -0.0107 -0.0650 0.3385 0.6132 0.5840
1494806400.0000 127350.0000 0.6338 0.4232 0.0251 1.0566 236.2686 0.2427 0.6042 0.3055 -0.0202 0.0360 -0.0363 0.5762 0.8129 0.6972
1494806400.0000 127650.0000 0.2252 0.3848 0.1690 1.0227 210.3354 0.8427 0.4752 0.3748 0.2548 0.1437 0.0761 0.8464 1.5756 1.4867
1494806400.0000 127950.0000 0.5520 0.6892 0.2948 1.0543 218.6897 0.2578 0.5378 0.1042 0.1242 0.0420 0.0037 0.4499 0.5883 0.5832
1494806400.0000 128250.0000 0.3904 0.4439 0.2934 0.7785 221.3313 0.3391 0.2014 0.0786 -0.0319 0.0050 -0.0261 0.3096 0.6884 0.7180
1494806400.0000 128550.0000 0.4029 1.1283 0.2972 1.3596 199.6519 0.3586 0.5739 0.2791 -0.0131 0.0495 -0.1911 0.6058 0.5148 0.4654
1494806400.0000 128850.0000 -0.0841 1.3611 0.1715 1.5657 176.4630 0.5310 0.5414 0.2286 -0.1590 0.1262 -0.1205 0.6505 0.4792 0.4385
1494806400.0000 129150.0000 0.0073 0.2578 0.0128 0.6643 181.6204 0.3341 0.2388 0.2266 -0.0305 0.1157 -0.0344 0.3997 1.9989 1.6942
1494806400.0000 129450.0000 0.3260 1.1640 0.2699 1.3060 195.6467 0.2445 0.2734 0.1163 0.0431 0.0433 -0.0613 0.3170 0.3712 0.3437
1494806400.0000 129750.0000 0.4897 0.5774 0.2663 0.9632 220.2999 0.2441 0.3300 0.1014 -0.0721 -0.0165 -0.0399 0.3378 0.5913 0.5778
1494806400.0000 130050.0000 0.4521 0.4465 0.1724 0.7603 225.3569 0.0956 0.1747 0.1281 -0.0305 -0.0039 0.0322 0.1992 0.5535 0.4723
1494806400.0000 130350.0000 -0.1725 0.4366 0.0701 0.6541 158.4399 0.1142 0.2756 0.1179 -0.0208 0.0508 -0.0858 0.2538 0.8668 0.7679
1494806400.0000 130650.0000 0.3831 0.5985 0.2628 0.8625 212.6240 0.1822 0.2409 0.0935 0.0099 0.0302 -0.0515 0.2583 0.5477 0.5285
1494806400.0000 130950.0000 0.5708 0.5993 0.3087 0.8991 223.6064 0.1347 0.1961 0.0608 0.0305 -0.0237 -0.0219 0.1958 0.4090 0.4012
1494806400.0000 131250.0000 0.2575 0.3760 0.1898 0.6367 214.3977 0.1698 0.1448 0.0726 -0.0218 -0.0106 -0.0049 0.1936 0.7276 0.7105
1494806400.0000 131550.0000 0.5537 0.2340 0.3522 0.7972 247.0909 0.0967 0.2695 0.0799 -0.0243 -0.0205 0.0130 0.2230 0.5534 0.5812
1494806400.0000 131850.0000 0.2596 0.9764 0.1850 1.1649 194.8877 0.3165 0.4714 0.2043 0.0690 0.0454 -0.1158 0.4961 0.5599 0.5072
1494806400.0000 132150.0000 0.1086 0.8527 0.2326 0.9783 187.2556 0.2298 0.3479 0.1453 0.0920 0.0638 -0.0136 0.3615 0.5513 0.5105
1494806400.0000 132450.0000 0.2443 0.1114 0.1059 0.5584 245.4744 0.1466 0.1764 0.2010 0.0026 0.0103 0.0153 0.2620 1.4481 1.2222
1494806400.0000 132750.0000 0.4117 -0.2805 0.0637 0.6734 304.2663 0.1846 0.1500 0.1235 -0.0470 -0.0202 0.0468 0.2291 0.7781 0.6704
1494806400.0000 133050.0000 0.0449 0.4081 0.1469 0.6316 186.2802 0.1812 0.3512 0.1303 -0.1191 0.0400 -0.0453 0.3313 1.0777 1.0260
1494806400.0000 133350.0000 0.2818 -0.1357 0.0996 0.6116 295.7220 0.1869 0.1765 0.3015 0.0178 0.1727 0.0697 0.3324 1.4342 1.1128
1494806400.0000 133650.0000 0.1243 0.3415 0.2094 0.5308 199.9983 0.1317 0.0711 0.2647 -0.0034 0.0067 0.0142 0.2337 0.9410 0.7153
1494806400.0000 133950.0000 0.3442 -0.1491 0.2418 0.8004 293.4173 0.2392 0.4442 0.2046 0.1206 0.0298 0.1092 0.4440 1.2191 1.2724
1494806400.0000 134250.0000 0.4653 0.0329 0.1883 0.8690 265.9585 0.3166 0.4230 0.3464 -0.1184 0.0705 0.1137 0.5430 1.1962 1.0646
1494806400.0000 134550.0000 0.4957 0.1198 0.3775 0.7582 256.4137 0.2774 0.3158 0.1764 -0.0902 -0.0328 -0.0194 0.3848 0.7983 0.8720
1494806400.0000 134850.0000 0.4368 -0.2721 0.0385 0.7978 301.9141 0.3107 0.2629 0.2509 0.0835 0.1183 0.0883 0.4122 1.0158 0.8496
1494806400.0000 135150.0000 0.2941 -0.3783 0.1224 0.8584 322.1336 0.3999 0.3592 0.4404 -0.0241 0.1607 0.1784 0.5997 1.2785 1.0497
1494806400.0000 135450.0000 0.6408 -0.0465 0.2144 1.0789 274.1531 0.2740 0.7116 0.1559 -0.1147 0.0423 0.0248 0.5708 0.9108 0.8922
1494806400.0000 135750.0000 0.5893 0.7794 0.3455 1.0961 217.0944 0.3038 0.3536 0.1681 0.1050 -0.0307 -0.0966 0.4127 0.5061 0.4790
1494806400.0000 136050.0000 0.6602 0.5760 0.3450 1.0062 228.8955 0.1826 0.4025 0.0996 0.0816 -0.0483 -0.0421 0.3423 0.5074 0.5041
1494806400.0000 136350.0000 0.3834 0.2512 0.0880 0.7007 236.7710 0.0929 0.3156 0.1559 -0.0063 -0.0235 0.1154 0.2822 0.9292 0.8049
1494806400.0000 136650.0000 0.4501 0.6330 0.2524 0.8481 215.4131 0.1212 0.1291 0.1031 0.0152 0.0070 -0.0302 0.1767 0.4203 0.3719
1494806400.0000 136950.0000 -0.0266 0.8224 0.0622 0.9964 178.1476 0.2826 0.3069 0.1844 0.0411 0.1160 -0.0159 0.3870 0.6155 0.5387
1494806400.0000 137250.0000 0.2937 0.3868 0.2762 0.8417 217.2107 0.3276 0.3780 0.1931 -0.1048 0.0997 -0.1120 0.4493 0.9795 0.9985
1494806400.0000 137550.0000 0.2272 0.7083 0.2024 0.8967 197.7825 0.1950 0.4393 0.1376 -0.0203 0.0248 -0.1072 0.3859 0.6580 0.6182
1494806400.0000 137850.0000 0.4172 -0.0998 0.2888 0.6903 283.4487 0.2310 0.2122 0.1173 -0.0277 0.0080 0.0199 0.2802 0.8359 0.8961
1494806400.0000 138150.0000 0.5217 0.0005 0.3958 0.7215 269.9480 0.1751 0.2344 0.1403 -0.0013 -0.0191 0.0909 0.2749 0.6537 0.7082
1494806400.0000 138450.0000 0.6817 0.4412 0.3844 0.8976 237.0849 0.1577 0.1398 0.1508 0.0080 -0.0576 -0.0105 0.2241 0.4303 0.3878
1494806400.0000 138750.0000 0.4119 0.5918 0.2246 0.8800 214.8343 0.2768 0.1038 0.0833 -0.0588 -0.0058 -0.0058 0.2319 0.5207 0.4939
1494806400.0000 139050.0000 -0.2093 0.4423 -0.0495 0.9086 154.6718 0.4788 0.3209 0.1689 -0.0145 0.1443 -0.0112 0.4843 1.1554 1.0552
1494806400.0000 139350.0000 -0.2484 0.9548 -0.0366 1.2646 165.4191 0.5002 0.4427 0.2264 0.1346 0.1914 -0.0207 0.5846 0.6324 0.5683
1494806400.0000 139650.0000 -0.1617 0.2220 -0.0600 0.5751 143.9378 0.1938 0.1503 0.0930 0.0150 -0.0243 -0.0002 0.2185 1.3578 1.2332
1494806400.0000 139950.0000 -0.0902 -0.1301 -0.0615 0.6324 34.7406 0.1054 0.3688 0.1311 0.0522 0.0488 0.0898 0.3027 2.6443 2.5108
1494806400.0000 140250.0000 0.2386 0.3141 0.0769 0.4630 217.2137 0.0407 0.0772 0.0508 0.0020 0.0067 0.0085 0.0844 0.5901 0.5026
1494806400.0000 140550.0000 0.5209 0.3505 0.2850 0.6762 236.0628 0.0903 0.0589 0.0513 -0.0085 -0.0093 -0.0131 0.1002 0.3749 0.3552
1494806400.0000 140850.0000 0.2176 0.4303 0.1683 0.6320 206.8248 0.1094 0.1419 0.0390 -0.0275 0.0200 -0.0320 0.1452 0.6091 0.6002
1494806400.0000 141150.0000 0.1046 0.4842 0.0816 0.6749 192.1934 0.1961 0.1550 0.1220 -0.1095 0.0894 -0.0535 0.2365 0.7909 0.6905
1494806400.0000 141450.0000 0.2181 0.7644 0.1483 1.0828 195.9239 0.4277 0.5664 0.1499 -0.0511 0.0962 -0.0274 0.5720 0.7637 0.7242
1494806400.0000 141750.0000 0.4331 0.1693 0.2789 0.6056 248.6489 0.1599 0.0841 0.0653 -0.0455 -0.0035 -0.0087 0.1546 0.5921 0.6132
1494806400.0000 142050.0000 0.3209 0.3267 0.2048 0.5526 224.4872 0.0641 0.1003 0.0444 -0.0196 -0.0121 -0.0043 0.1044 0.5259 0.5112
1494806400.0000 142350.0000 0.6547 0.6353 0.2743 0.9957 225.8621 0.1635 0.1773 0.0643 -0.0139 -0.0052 -0.0368 0.2025 0.3858 0.3695
1494806400.0000 142650.0000 0.1255 0.3389 0.1490 0.6142 200.3236 0.1347 0.2026 0.0977 -0.0600 0.0577 -0.0193 0.2175 0.9740 0.9276
1494806400.0000 142950.0000 -0.1029 0.6454 0.1146 0.8247 170.9368 0.1503 0.2354 0.1369 0.0591 0.0726 0.0491 0.2613 0.6290 0.5486
1494806400.0000 143250.0000 0.2695 0.1636 0.0195 0.7801 238.7294 0.2074 0.4353 0.3674 0.0185 0.1017 0.1483 0.5050 1.8370 1.4681
1494806400.0000 143550.0000 0.3342 0.0877 0.0706 0.7305 255.3019 0.1986 0.4287 0.1490 -0.1777 -0.0008 0.0082 0.3881 1.4424 1.3234
1494806400.0000 143850.0000 0.6576 -0.3059 0.3177 0.8035 294.9456 0.1243 0.1968 0.1553 -0.0596 -0.0228 0.0612 0.2382 0.5033 0.4511
1494806400.0000 144150.0000 0.6625 -0.2497 0.1304 0.9503 290.6558 0.4083 0.2703 0.1884 0.0553 0.0683 0.1007 0.4335 0.7468 0.6718
1494806400.0000 144450.0000 0.3287 -0.0134 0.2503 0.5839 272.3300 0.2277 0.1722 0.1226 -0.0389 -0.0179 0.0386 0.2613 1.0098 1.1100
1494806400.0000 144750.0000 0.7564 -0.2622 0.2301 0.9292 289.1180 0.1398 0.2626 0.1702 -0.0344 -0.0355 0.1037 0.2863 0.5245 0.4575
1494806400.0000 145050.0000 -0.1682 0.2607 0.1184 0.5492 147.1725 0.1838 0.1151 0.0938 0.0606 0.0384 0.0288 0.1964 1.0898 1.0176
1494806400.0000 145350.0000 0.4514 0.1394 0.2463 0.6251 252.8390 0.2659 0.1042 0.0907 -0.0239 0.0071 0.0199 0.2304 0.7356 0.7435
1494806400.0000 145650.0000 0.3866 0.0939 0.1689 0.7972 256.3512 0.4707 0.2319 0.2920 0.1376 0.2102 0.1132 0.4973 1.3323 1.2166
1494806400.0000 145950.0000 0.5001 -0.5411 0.0440 1.0056 317.2509 0.3468 0.4516 0.1802 -0.0480 0.0208 0.0809 0.4893 0.7738 0.7002
1494806400.0000 146250.0000 -0.3543 -0.3782 -0.2133 0.7099 43.1332 0.1631 0.2467 0.2080 -0.0184 0.0619 0.0801 0.3089 0.8097 0.7132
1494806400.0000 146550.0000 -0.1672 0.4770 0.0756 0.6066 160.6881 0.0861 0.0977 0.1117 0.0248 0.0535 0.0248 0.1477 0.6141 0.4897
1494806400.0000 146850.0000 -0.2554 0.6551 -0.0409 0.8556 158.6990 0.1733 0.3153 0.1199 -0.0733 0.0227 -0.0143 0.3042 0.6394 0.5740
1494806400.0000 147150.0000 0.2012 -0.1720 -0.0715 0.6432 310.5353 0.1767 0.3537 0.1854 -0.0372 0.0084 0.0693 0.3579 1.7814 1.5885
1494806400.0000 147450.0000 0.2266 0.4168 0.1417 0.6128 208.5345 0.0911 0.2158 0.0865 -0.0215 -0.0107 0.0546 0.1967 0.7314 0.6742
1494806400.0000 147750.0000 0.1433 0.2632 0.1300 0.8689 208.5550 0.3347 0.4748 0.1690 -0.2131 -0.0193 0.1194 0.4893 1.7482 1.7332
1494806400.0000 148050.0000 0.3753 0.4434 0.1685 0.6976 220.2437 0.0799 0.2116 0.0743 0.0459 0.0172 0.0435 0.1829 0.5773 0.5365
1494806400.0000 148350.0000 0.2674 0.5600 0.2363 0.6919 205.5225 0.0764 0.1000 0.0832 -0.0070 0.0088 -0.0229 0.1298 0.4430 0.3908
1494806400.0000 148650.0000 0.4517 0.6168 0.2038 0.8495 216.2166 0.1154 0.1298 0.0695 -0.0312 0.0077 -0.0039 0.1574 0.4094 0.3740
1494806400.0000 148950.0000 0.3765 0.4519 0.2034 0.6148 219.7945 0.0346 0.0576 0.0467 0.0129 -0.0060 -0.0194 0.0694 0.3456 0.2979
1494806400.0000 149250.0000 0.3661 0.3024 0.1912 0.6382 230.4414 0.0907 0.2020 0.0784 -0.0436 0.0051 -0.0157 0.1855 0.6871 0.6578
1494806400.0000 149550.0000 0.3394 0.4447 0.2693 0.6917 217.3538 0.0431 0.1936 0.0385 0.0062 -0.0059 0.0081 0.1376 0.4878 0.5021
1494806400.0000 149850.0000 0.2055 -0.2074 -0.0784 0.7861 315.2688 0.1606 0.5108 0.0838 -0.1799 -0.0336 0.1271 0.3776 1.6598 1.6205
1494806400.0000 150150.0000 0.0635 0.0567 0.0423 0.3440 228.2033 0.0716 0.0915 0.0768 -0.0051 0.0175 0.0323 0.1200 2.9748 2.7391
1494806400.0000 150450.0000 0.3371 0.0856 0.2201 0.4011 255.7495 0.0379 0.0377 0.0396 0.0107 -0.0019 0.0120 0.0576 0.4760 0.4564
1494806400.0000 150750.0000 -0.0276 -0.5328 -0.0704 0.6886 2.9673 0.1856 0.2275 0.1773 0.0062 0.0638 0.1282 0.2952 0.8244 0.6956
1494806400.0000 151050.0000 0.2489 0.0814 0.1394 0.3889 251.8979 0.0578 0.0612 0.0344 0.0295 0.0086 0.0214 0.0767 0.7622 0.7606
