1494720000.0000 150.0000 -0.5471 0.8380 -0.0738 1.0076 146.8605 0.0185 0.0182 0.0089 -0.0048 0.0015 0.0002 0.0228 0.1229 0.1105
1494720000.0000 450.0000 -0.6516 0.8276 -0.0498 1.0631 141.7867 0.0321 0.0252 0.0119 -0.0094 0.0031 -0.0051 0.0346 0.1441 0.1312
1494720000.0000 750.0000 -0.7496 0.8563 -0.0456 1.1531 138.7990 0.0379 0.0244 0.0167 0.0003 -0.0007 -0.0034 0.0395 0.1425 0.1266
1494720000.0000 1050.0000 -0.8010 0.7424 -0.0048 1.0968 132.8222 0.0336 0.0230 0.0061 -0.0188 -0.0024 0.0009 0.0314 0.1324 0.1258
1494720000.0000 1350.0000 -0.5803 0.8653 -0.0735 1.0578 146.1520 0.0369 0.0173 0.0073 0.0016 -0.0009 -0.0006 0.0307 0.1371 0.1290
1494720000.0000 1650.0000 -0.4972 0.7894 -0.0234 0.9536 147.7959 0.0425 0.0480 0.0143 -0.0058 0.0063 -0.0083 0.0524 0.2003 0.1862
1494720000.0000 1950.0000 -0.5070 0.8695 -0.0556 1.0344 149.7519 0.0838 0.0667 0.0233 -0.0248 0.0106 -0.0161 0.0869 0.2388 0.2226
1494720000.0000 2250.0000 -0.8684 0.6891 -0.0660 1.1330 128.4341 0.0699 0.0329 0.0192 0.0044 0.0096 -0.0049 0.0610 0.1816 0.1670
1494720000.0000 2550.0000 -0.7576 0.5825 -0.0343 0.9742 127.5556 0.0767 0.0344 0.0089 -0.0196 -0.0078 0.0011 0.0600 0.2091 0.2013
1494720000.0000 2850.0000 -0.4322 0.6702 -0.0670 0.8243 147.1839 0.0485 0.0280 0.0088 -0.0018 0.0012 0.0001 0.0426 0.2107 0.2002
1494720000.0000 3150.0000 -0.5499 0.6907 -0.0401 0.8905 141.4781 0.0328 0.0395 0.0105 -0.0245 0.0022 -0.0036 0.0414 0.1879 0.1758
1494720000.0000 3450.0000 -0.1014 0.4363 -0.0232 0.4654 166.9114 0.0135 0.0251 0.0040 0.0042 0.0023 -0.0008 0.0213 0.2659 0.2535
1494720000.0000 3750.0000 -0.4563 0.6373 -0.0759 0.8012 144.3969 0.0194 0.0477 0.0068 -0.0044 -0.0010 0.0009 0.0370 0.1994 0.1909
1494720000.0000 4050.0000 -0.3633 0.8098 -0.0216 0.8982 155.8389 0.0195 0.0369 0.0166 -0.0068 0.0038 -0.0065 0.0365 0.1757 0.1544
1494720000.0000 4350.0000 -0.5833 0.7919 -0.1254 1.0005 143.6257 0.0193 0.0276 0.0124 0.0104 0.0014 -0.0003 0.0297 0.1418 0.1271
1494720000.0000 4650.0000 -0.5446 0.4491 -0.0683 0.7218 129.5125 0.0185 0.0195 0.0039 0.0015 -0.0000 0.0001 0.0210 0.1667 0.1595
1494720000.0000 4950.0000 -0.0791 0.5092 -0.0092 0.5368 171.1719 0.0222 0.0161 0.0070 -0.0018 0.0044 -0.0013 0.0227 0.2385 0.2192
1494720000.0000 5250.0000 -0.2984 0.4392 -0.0564 0.5395 145.8120 0.0079 0.0162 0.0043 -0.0016 0.0007 -0.0037 0.0142 0.1820 0.1687
1494720000.0000 5550.0000 -0.1183 0.5230 -0.0546 0.5499 167.2552 0.0127 0.0182 0.0072 0.0025 0.0026 -0.0015 0.0190 0.2091 0.1893
1494720000.0000 5850.0000 -0.0983 0.4496 -0.0091 0.4906 167.6706 0.0234 0.0298 0.0081 0.0106 0.0062 0.0033 0.0306 0.3104 0.2892
1494720000.0000 6150.0000 -0.3430 0.5679 -0.0145 0.7374 148.8671 0.0892 0.0328 0.0056 0.0367 -0.0057 -0.0009 0.0638 0.3108 0.3039
1494720000.0000 6450.0000 0.0135 0.5963 0.0418 0.6841 181.2923 0.0993 0.0519 0.0143 0.0071 0.0165 -0.0025 0.0827 0.3928 0.3764
1494720000.0000 6750.0000 -0.3752 0.1842 -0.0123 0.4579 116.1492 0.0283 0.0399 0.0058 -0.0045 -0.0020 0.0070 0.0370 0.3755 0.3608
1494720000.0000 7050.0000 -0.0743 0.0190 -0.0377 0.1327 104.3604 0.0103 0.0044 0.0025 0.0032 0.0032 0.0020 0.0086 0.8868 0.9125
1494720000.0000 7350.0000 -0.2568 0.2218 -0.0336 0.3926 130.8206 0.0237 0.0303 0.0056 0.0137 -0.0026 -0.0024 0.0298 0.4137 0.3956
1494720000.0000 7650.0000 -0.5301 0.3992 -0.0657 0.6716 126.9825 0.0142 0.0073 0.0052 0.0008 -0.0003 0.0007 0.0133 0.1414 0.1275
1494720000.0000 7950.0000 -0.5447 0.5815 -0.0414 0.8038 136.8687 0.0104 0.0213 0.0025 -0.0038 0.0001 -0.0014 0.0171 0.1339 0.1290
1494720000.0000 8250.0000 -0.5732 0.2697 -0.0358 0.6496 115.1988 0.0350 0.0177 0.0067 -0.0012 -0.0049 -0.0002 0.0297 0.2218 0.2093
1494720000.0000 8550.0000 -0.4587 0.4982 0.0186 0.8154 137.3680 0.2141 0.0584 0.0127 0.0568 -0.0227 -0.0139 0.1426 0.4552 0.4451
1494720000.0000 8850.0000 -0.5969 0.5901 -0.0104 0.8675 134.6705 0.0506 0.0426 0.0111 -0.0026 0.0007 -0.0059 0.0522 0.2221 0.2100
1494720000.0000 9150.0000 -0.5706 0.3209 0.0170 0.7138 119.3542 0.0993 0.0306 0.0093 0.0153 0.0036 -0.0067 0.0696 0.3290 0.3179
1494720000.0000 9450.0000 -0.2816 0.2552 -0.0421 0.5227 132.1870 0.0695 0.1061 0.0094 0.0400 -0.0029 -0.0125 0.0925 0.6494 0.6365
1494720000.0000 9750.0000 -0.2454 -0.0747 0.0088 0.2732 73.0622 0.0121 0.0108 0.0046 0.0068 0.0003 -0.0008 0.0138 0.3732 0.3405
1494720000.0000 10050.0000 -0.0482 0.0515 -0.0090 0.3624 136.8737 0.1319 0.0377 0.0081 0.0551 -0.0053 -0.0070 0.0889 3.4224 3.3703
1494720000.0000 10350.0000 -0.4082 0.0660 -0.0195 0.4418 99.1880 0.0549 0.0146 0.0052 -0.0063 -0.0060 -0.0024 0.0374 0.3812 0.3680
1494720000.0000 10650.0000 -0.4116 0.3873 -0.0238 0.6112 133.2601 0.0475 0.0585 0.0062 -0.0103 -0.0026 -0.0021 0.0561 0.3419 0.3325
1494720000.0000 10950.0000 -0.6433 0.3829 0.0275 0.7696 120.7611 0.0258 0.0340 0.0132 0.0002 -0.0082 -0.0046 0.0365 0.2083 0.1887
1494720000.0000 11250.0000 -0.2073 0.4937 0.0090 0.5493 157.2272 0.0137 0.0232 0.0064 0.0002 0.0011 -0.0038 0.0216 0.2242 0.2069
1494720000.0000 11550.0000 -0.4969 0.2965 0.0017 0.6543 120.8302 0.0824 0.0458 0.0146 0.0307 -0.0087 -0.0118 0.0714 0.3770 0.3573
1494720000.0000 11850.0000 -0.4873 0.6431 -0.0659 0.8635 142.8471 0.0529 0.1593 0.0290 -0.0296 0.0090 -0.0229 0.1206 0.3502 0.3296
1494720000.0000 12150.0000 -0.4970 0.8893 -0.0661 1.0402 150.7987 0.0545 0.0719 0.0139 -0.0207 0.0024 0.0007 0.0702 0.2119 0.2015
1494720000.0000 12450.0000 -0.1015 0.6271 0.0290 0.6721 170.8040 0.0499 0.0446 0.0271 0.0025 0.0155 0.0021 0.0608 0.3165 0.2793
1494720000.0000 12750.0000 -0.0834 0.5725 0.0195 0.6120 171.7065 0.0331 0.0997 0.0141 0.0174 0.0097 0.0007 0.0735 0.3823 0.3638
1494720000.0000 13050.0000 -0.0704 0.5131 0.0425 0.5500 172.1851 0.0297 0.0379 0.0149 -0.0054 0.0092 -0.0055 0.0412 0.3190 0.2897
1494720000.0000 13350.0000 0.1087 -0.2314 0.0459 0.4520 334.8278 0.0560 0.1476 0.0141 -0.0714 -0.0087 0.0053 0.1089 1.0373 1.0191
1494720000.0000 13650.0000 0.2522 -0.5339 -0.0546 0.6064 334.7134 0.0123 0.0316 0.0112 0.0036 -0.0036 -0.0026 0.0275 0.2284 0.2048
1494720000.0000 13950.0000 0.2616 -0.4676 -0.0411 0.5517 330.7720 0.0128 0.0444 0.0126 -0.0037 -0.0041 -0.0021 0.0349 0.2839 0.2577
1494720000.0000 14250.0000 0.0015 -0.1666 -0.0324 0.2405 359.4747 0.0093 0.0489 0.0040 -0.0132 -0.0025 -0.0019 0.0311 0.8485 0.8358
1494720000.0000 14550.0000 -0.0134 0.1754 0.0119 0.1832 175.6296 0.0026 0.0042 0.0046 0.0004 0.0011 0.0000 0.0057 0.3489 0.2704
1494720000.0000 14850.0000 -0.0185 0.1654 -0.0229 0.2162 173.6222 0.0087 0.0185 0.0071 0.0044 -0.0014 -0.0064 0.0172 0.6369 0.5722
1494720000.0000 15150.0000 -0.2586 0.2325 -0.0155 0.3961 131.9599 0.0121 0.0411 0.0045 0.0092 -0.0016 -0.0030 0.0288 0.3983 0.3829
1494720000.0000 15450.0000 -0.4959 0.5343 -0.0545 0.7735 137.1363 0.0884 0.0162 0.0085 -0.0064 -0.0062 -0.0014 0.0565 0.2655 0.2561
1494720000.0000 15750.0000 -0.1598 0.5881 -0.0484 0.7704 164.7981 0.2197 0.0391 0.0212 0.0368 -0.0086 -0.0032 0.1400 0.4997 0.4819
1494720000.0000 16050.0000 -0.4647 0.1297 -0.0540 0.5033 105.5999 0.0197 0.0175 0.0072 0.0052 0.0010 -0.0001 0.0222 0.2508 0.2309
1494720000.0000 16350.0000 -0.2821 0.1747 0.0151 0.3863 121.7651 0.0355 0.0265 0.0152 0.0104 -0.0005 -0.0089 0.0386 0.4830 0.4332
1494720000.0000 16650.0000 -0.0912 0.2947 -0.0248 0.3560 162.8119 0.0359 0.0108 0.0061 -0.0069 -0.0031 -0.0006 0.0264 0.4285 0.4043
1494720000.0000 16950.0000 -0.1507 0.4934 -0.0148 0.5868 163.0121 0.0687 0.0301 0.0145 0.0210 -0.0047 -0.0083 0.0566 0.3764 0.3517
1494720000.0000 17250.0000 -0.3560 0.2164 -0.0034 0.5865 121.2870 0.2400 0.0466 0.0392 0.0249 0.0216 -0.0064 0.1629 0.7910 0.7419
1494720000.0000 17550.0000 -0.2545 0.1970 0.0114 0.3514 127.7434 0.0085 0.0193 0.0086 0.0015 -0.0007 -0.0052 0.0182 0.3422 0.2994
1494720000.0000 17850.0000 -0.5223 0.3316 -0.0316 0.6267 122.4107 0.0252 0.0162 0.0023 -0.0106 0.0005 -0.0017 0.0219 0.1950 0.1900
1494720000.0000 18150.0000 -0.5402 0.4575 -0.0118 0.7227 130.2628 0.0087 0.0270 0.0051 0.0013 0.0019 -0.0028 0.0204 0.1648 0.1541
1494720000.0000 18450.0000 -0.6837 0.4293 -0.0411 0.8199 122.1270 0.0117 0.0294 0.0058 -0.0059 -0.0007 -0.0009 0.0235 0.1548 0.1450
1494720000.0000 18750.0000 -0.7227 0.4732 -0.0646 0.9058 123.2115 0.0719 0.1719 0.0295 -0.0601 0.0077 -0.0276 0.1366 0.3484 0.3300
1494720000.0000 19050.0000 -0.5558 0.5540 -0.0545 0.8653 134.9109 0.1139 0.0821 0.0525 0.0383 -0.0178 -0.0340 0.1243 0.3659 0.3257
1494720000.0000 19350.0000 -0.3694 0.6172 -0.1392 0.7629 149.0999 0.0512 0.0492 0.0292 0.0148 -0.0072 -0.0126 0.0648 0.2837 0.2543
1494720000.0000 19650.0000 -0.4503 0.3105 0.0199 0.6695 124.5897 0.0589 0.1223 0.0282 0.0397 -0.0082 -0.0396 0.1047 0.4827 0.4493
1494720000.0000 19950.0000 -0.4982 0.2877 0.0577 0.6425 120.0058 0.0892 0.0418 0.0385 -0.0044 0.0116 -0.0112 0.0847 0.4111 0.3632
1494720000.0000 20250.0000 -0.2400 0.0798 -0.0361 0.2970 108.3891 0.0318 0.0162 0.0069 -0.0045 0.0031 0.0007 0.0274 0.5292 0.4999
1494720000.0000 20550.0000 -0.6428 0.3394 -0.0138 0.7622 117.8316 0.0241 0.0624 0.0250 -0.0045 0.0045 0.0025 0.0557 0.2652 0.2336
1494720000.0000 20850.0000 -0.6891 0.4235 -0.1253 0.8328 121.5708 0.0361 0.0406 0.0262 0.0001 0.0167 -0.0046 0.0515 0.2263 0.1977
1494720000.0000 21150.0000 -0.6141 0.1850 -0.0154 0.6969 106.7668 0.0450 0.0744 0.0305 0.0035 0.0093 -0.0170 0.0750 0.3484 0.3110
1494720000.0000 21450.0000 -0.9019 0.5731 -0.0403 1.0923 122.4318 0.1140 0.0531 0.0273 -0.0207 0.0135 -0.0113 0.0972 0.2381 0.2209
1494720000.0000 21750.0000 -0.8966 0.4175 0.0665 1.0277 114.9700 0.0741 0.0951 0.0405 -0.0131 0.0194 -0.0201 0.1048 0.2667 0.2401
1494720000.0000 22050.0000 -0.9612 0.9137 -0.1001 1.3545 133.5484 0.0655 0.0865 0.0469 -0.0055 0.0043 -0.0181 0.0994 0.1936 0.1697
1494720000.0000 22350.0000 -0.8513 0.7871 -0.0616 1.2118 132.7587 0.1851 0.1068 0.0696 -0.0267 0.0242 -0.0347 0.1808 0.2990 0.2691
1494720000.0000 22650.0000 -0.6731 0.4545 -0.0159 0.8491 124.0298 0.0797 0.0564 0.0397 -0.0101 0.0009 -0.0063 0.0878 0.2979 0.2622
1494720000.0000 22950.0000 -0.9460 0.7996 -0.0960 1.2751 130.2079 0.1516 0.1184 0.0532 -0.0442 -0.0039 -0.0108 0.1616 0.2642 0.2422
1494720000.0000 23250.0000 -0.9991 0.4590 0.0485 1.1440 114.6745 0.1300 0.1277 0.0652 -0.0411 0.0216 -0.0213 0.1615 0.2981 0.2666
1494720000.0000 23550.0000 -0.6157 0.3340 -0.0920 0.7146 118.4765 0.0628 0.0268 0.0537 -0.0189 0.0118 -0.0019 0.0716 0.3093 0.2467
1494720000.0000 23850.0000 -0.7890 0.4117 -0.0454 0.9494 117.5543 0.1304 0.0921 0.0659 -0.0163 0.0192 -0.0296 0.1442 0.3480 0.3060
1494720000.0000 24150.0000 -0.6227 0.4226 -0.0784 0.8028 124.1605 0.0791 0.0571 0.0379 0.0044 0.0081 0.0070 0.0870 0.3184 0.2831
1494720000.0000 24450.0000 -0.6408 0.4411 -0.0881 0.8131 124.5450 0.1760 0.0614 0.0295 -0.0534 0.0038 0.0011 0.1334 0.3809 0.3616
1494720000.0000 24750.0000 -0.7245 1.1033 -0.0869 1.3743 146.7077 0.1288 0.1796 0.0804 -0.0122 0.0170 -0.0650 0.1943 0.2721 0.2429
1494720000.0000 25050.0000 -1.1625 0.7565 0.0065 1.4518 123.0536 0.3343 0.2037 0.1179 -0.0891 0.0823 -0.0255 0.3280 0.3371 0.3053
1494720000.0000 25350.0000 -1.4421 0.9244 -0.0734 1.7752 122.6612 0.2294 0.1413 0.1012 0.0339 0.0287 -0.0091 0.2359 0.2313 0.2052
1494720000.0000 25650.0000 -0.9589 0.8953 -0.1907 1.3414 133.0369 0.1091 0.0886 0.0558 -0.0206 0.0105 -0.0005 0.1268 0.2193 0.1957
1494720000.0000 25950.0000 -1.1399 1.0750 -0.1036 1.6275 133.3235 0.2695 0.0917 0.0832 0.0129 -0.0054 -0.0120 0.2222 0.2451 0.2215
1494720000.0000 26250.0000 -1.1147 0.8237 -0.1060 1.4217 126.4632 0.1293 0.1506 0.0565 -0.0404 0.0180 -0.0216 0.1682 0.2409 0.2204
1494720000.0000 26550.0000 -0.5781 1.2301 -0.1974 1.4452 154.8272 0.1276 0.3055 0.0855 0.0456 -0.0124 -0.0408 0.2593 0.3027 0.2795
1494720000.0000 26850.0000 -1.3575 0.7230 -0.1068 1.5801 118.0392 0.1804 0.1350 0.0951 -0.0265 0.0351 -0.0365 0.2053 0.2400 0.2108
1494720000.0000 27150.0000 -1.1747 0.5272 -0.0957 1.3408 114.1712 0.1223 0.1524 0.0480 -0.0223 0.0291 -0.0273 0.1613 0.2540 0.2350
1494720000.0000 27450.0000 -1.2439 0.7159 -0.1681 1.4946 119.9219 0.0759 0.1906 0.0757 0.0208 0.0200 -0.0076 0.1711 0.2337 0.2077
1494720000.0000 27750.0000 -1.0869 0.6405 -0.1208 1.3099 120.5097 0.1111 0.0948 0.0731 0.0200 0.0227 -0.0206 0.1395 0.2407 0.2077
1494720000.0000 28050.0000 -1.0524 0.5034 -0.0563 1.2250 115.5652 0.1172 0.1425 0.0786 0.0156 -0.0180 -0.0049 0.1691 0.2875 0.2522
1494720000.0000 28350.0000 -0.8983 0.6711 -0.0066 1.1911 126.7637 0.1145 0.1959 0.0900 -0.0162 0.0316 -0.0169 0.2003 0.3259 0.2869
1494720000.0000 28650.0000 -0.9597 0.1986 -0.0860 1.0645 101.6918 0.1067 0.1855 0.2082 0.0217 0.0635 0.0278 0.2502 0.4151 0.3184
1494720000.0000 28950.0000 -0.9196 -0.4051 -0.1829 1.1377 66.2231 0.3537 0.1816 0.2074 0.0284 0.1683 0.0521 0.3713 0.4872 0.4204
1494720000.0000 29250.0000 -0.0896 -0.4125 0.0766 0.8292 12.2533 0.3724 0.3686 0.1697 0.1118 -0.0037 0.0677 0.4554 1.2842 1.1773
1494720000.0000 29550.0000 -0.9962 -0.1415 -0.1623 1.1196 81.9138 0.3204 0.2461 0.1294 0.0396 -0.0330 -0.0215 0.3480 0.4726 0.4319
1494720000.0000 29850.0000 -0.7344 -0.1410 -0.0220 0.8117 79.1349 0.1516 0.0819 0.0945 -0.0188 0.0615 -0.0051 0.1640 0.4420 0.3731
1494720000.0000 30150.0000 -0.9122 0.8425 -0.0735 1.3590 132.7243 0.2426 0.1716 0.1028 0.0705 0.0223 -0.0128 0.2585 0.3337 0.2992
1494720000.0000 30450.0000 -0.7882 0.5284 -0.0699 1.0491 123.8369 0.1788 0.1574 0.1165 0.0340 0.0406 -0.0017 0.2264 0.4083 0.3528
1494720000.0000 30750.0000 -1.5915 1.1655 -0.1770 1.9959 126.2156 0.0919 0.0922 0.0685 -0.0005 0.0022 -0.0077 0.1263 0.1465 0.1256
1494720000.0000 31050.0000 -1.3632 0.7056 -0.1239 1.5755 117.3687 0.1823 0.1349 0.1660 -0.0321 0.0629 -0.0195 0.2416 0.2606 0.2118
1494720000.0000 31350.0000 -1.4373 0.9196 -0.1207 1.7835 122.6118 0.1779 0.2785 0.0982 0.0250 0.0192 -0.0251 0.2773 0.2513 0.2286
1494720000.0000 31650.0000 -1.2587 0.8471 -0.0648 1.5802 123.9423 0.2029 0.2289 0.1103 -0.0525 0.0537 -0.0440 0.2711 0.2799 0.2501
1494720000.0000 31950.0000 -0.7588 0.8209 -0.0250 1.2042 137.2491 0.1353 0.2293 0.0839 0.0079 0.0098 -0.0378 0.2242 0.3458 0.3118
1494720000.0000 32250.0000 -0.7965 0.3317 -0.1553 0.9485 112.6074 0.1115 0.1442 0.1028 0.0300 0.0090 -0.0255 0.1793 0.3943 0.3384
1494720000.0000 32550.0000 -0.2496 1.0707 -0.1486 1.1456 166.8793 0.0904 0.1582 0.1019 -0.0206 -0.0051 -0.0385 0.1753 0.3081 0.2618
1494720000.0000 32850.0000 -0.4234 0.5758 -0.0520 0.8770 143.6695 0.1824 0.3024 0.0896 0.0455 0.0086 -0.0970 0.2873 0.6107 0.5625
1494720000.0000 33150.0000 -0.8287 0.5419 -0.0158 1.0443 123.1850 0.2842 0.1319 0.0863 -0.0997 0.0571 -0.0281 0.2512 0.4133 0.3762
1494720000.0000 33450.0000 0.0974 0.0248 -0.0584 0.4109 255.7137 0.0835 0.1069 0.0362 -0.0194 -0.0066 0.0019 0.1133 2.3632 2.5054
1494720000.0000 33750.0000 0.5635 -0.4876 0.0638 0.8037 310.8728 0.1402 0.1793 0.0857 -0.0646 -0.0473 0.0401 0.2026 0.4914 0.4379
1494720000.0000 34050.0000 0.5208 -0.7436 -0.0568 0.9724 324.9933 0.0598 0.1765 0.0983 0.0083 -0.0148 0.0082 0.1673 0.3671 0.3091
1494720000.0000 34350.0000 0.7044 -0.4355 -0.0559 0.8735 301.7281 0.0995 0.0741 0.0912 0.0044 -0.0186 0.0118 0.1324 0.3580 0.2905
1494720000.0000 34650.0000 0.2170 -0.4762 -0.0475 0.6378 335.5002 0.1417 0.0765 0.0840 -0.0147 -0.0156 -0.0084 0.1512 0.6041 0.5154
1494720000.0000 34950.0000 -0.5719 -0.1183 -0.0291 0.8490 78.3182 0.2944 0.1942 0.0876 -0.1665 0.0317 -0.0180 0.2880 0.7494 0.6910
1494720000.0000 35250.0000 -0.8521 -0.1239 -0.2474 0.9006 81.7267 0.1055 0.0674 0.0341 -0.0399 -0.0107 0.0026 0.1035 0.2932 0.2789
1494720000.0000 35550.0000 -0.2996 0.2751 0.0645 0.6068 132.5582 0.0874 0.1692 0.0517 0.0415 -0.0119 0.0053 0.1542 0.7786 0.7192
1494720000.0000 35850.0000 -0.3156 0.3654 -0.1234 0.6154 139.1793 0.2421 0.0822 0.1086 -0.0415 0.0717 -0.0082 0.2165 0.7623 0.6810
1494720000.0000 36150.0000 -0.9079 0.5529 -0.1150 1.1263 121.3375 0.2316 0.1941 0.0943 -0.0903 0.0072 0.0134 0.2600 0.3894 0.3544
1494720000.0000 36450.0000 -1.8062 0.3983 -0.3323 1.9176 102.4359 0.3355 0.2151 0.1501 0.0918 0.0028 -0.0116 0.3503 0.2572 0.2316
1494720000.0000 36750.0000 -1.7390 0.0449 -0.0923 1.8494 91.4807 0.3726 0.3730 0.2692 -0.0184 0.0622 0.0603 0.5074 0.3339 0.2866
1494720000.0000 37050.0000 -1.5456 -0.0151 -0.1023 1.7729 89.4400 0.5153 0.7070 0.3082 -0.0108 0.1729 0.0815 0.7653 0.4611 0.4130
1494720000.0000 37350.0000 -1.3077 -0.0257 -0.1288 1.5431 88.8738 0.3958 0.6608 0.2057 -0.0832 0.0177 0.0894 0.6311 0.4935 0.4537
1494720000.0000 37650.0000 -0.6239 -0.3185 -0.0282 0.9903 62.9583 0.3726 0.5446 0.2160 -0.1132 0.0097 -0.0404 0.5666 0.8768 0.7894
1494720000.0000 37950.0000 -0.0962 0.5994 -0.1218 0.8227 170.8862 0.2469 0.2195 0.1129 -0.0465 -0.0211 -0.0230 0.2897 0.7098 0.6495
1494720000.0000 38250.0000 0.4113 -0.0258 0.0125 0.4942 273.5896 0.0936 0.0292 0.0593 0.0247 0.0076 0.0065 0.0910 0.5976 0.4910
1494720000.0000 38550.0000 -0.3730 -0.1286 -0.0605 0.6315 70.9795 0.2647 0.2117 0.1669 0.0179 -0.0559 0.0530 0.3217 1.1602 1.0101
1494720000.0000 38850.0000 -0.7098 0.1611 0.0380 0.8099 102.7902 0.1129 0.1391 0.0763 -0.0225 0.0092 0.0275 0.1641 0.4538 0.3982
1494720000.0000 39150.0000 -0.2576 -0.3378 0.1099 0.5593 37.3227 0.1184 0.1022 0.1055 0.0065 0.0407 0.0596 0.1630 0.7513 0.6383
1494720000.0000 39450.0000 -0.8163 -0.5945 -0.0514 1.1091 53.9362 0.2639 0.2007 0.2270 0.0605 0.0785 -0.0082 0.3458 0.4748 0.3897
1494720000.0000 39750.0000 -0.1241 -0.6451 -0.1672 0.8932 10.8860 0.4155 0.2192 0.2781 0.0787 0.0092 0.0593 0.4564 0.8137 0.7002
1494720000.0000 40050.0000 -1.0766 1.2220 -0.0460 1.8042 138.6179 1.1630 0.5872 0.3114 -0.4095 0.0883 -0.0648 1.0308 0.5088 0.4690
1494720000.0000 40350.0000 -1.4778 0.4716 -0.2289 1.7235 107.6990 0.5389 0.5452 0.1776 -0.1573 0.0699 -0.0571 0.6308 0.4136 0.3875
1494720000.0000 40650.0000 -1.2423 0.9581 -0.1966 1.7567 127.6393 0.7697 0.2175 0.1918 0.1172 0.1175 0.0100 0.5895 0.3965 0.3657
1494720000.0000 40950.0000 -0.7984 0.2456 -0.1962 0.9985 107.1007 0.5623 0.2112 0.2337 -0.1178 0.1235 -0.0209 0.5035 0.6753 0.6079
1494720000.0000 41250.0000 -0.5520 0.2385 0.1077 0.9239 113.3639 0.2736 0.4027 0.1083 -0.1851 0.0073 -0.0078 0.3923 0.8371 0.7896
1494720000.0000 41550.0000 0.3231 0.1173 0.0360 0.6528 250.0500 0.1735 0.2349 0.1286 -0.0415 0.0020 0.0172 0.2685 1.2243 1.0734
1494720000.0000 41850.0000 -0.4390 1.3298 -0.1568 1.6110 161.7312 0.5670 0.7054 0.1758 0.0394 0.0168 -0.0106 0.7240 0.4931 0.4651
1494720000.0000 42150.0000 -1.2008 0.2047 -0.1737 1.5532 99.6722 0.5197 0.7823 0.1550 -0.0295 0.0750 -0.0301 0.7285 0.5664 0.5408
1494720000.0000 42450.0000 -0.9320 -0.1596 -0.0591 1.1809 80.2850 0.3153 0.4958 0.3009 -0.0921 0.0331 0.0413 0.5560 0.6426 0.5499
1494720000.0000 42750.0000 -0.8893 0.4582 -0.0152 1.5847 117.2576 0.6406 1.3215 0.2115 -0.4720 0.1096 -0.0311 1.0868 0.8507 0.8084
1494720000.0000 43050.0000 -0.8202 0.3336 -0.0599 1.0691 112.1337 0.2078 0.4027 0.1660 -0.0480 -0.0143 0.0556 0.3883 0.5733 0.5095
1494720000.0000 43350.0000 -0.9436 0.2056 -0.0387 1.1044 102.2954 0.5133 0.1882 0.0967 -0.1035 0.0377 -0.0080 0.3991 0.5337 0.5007
1494720000.0000 43650.0000 -0.8576 -0.1638 0.0202 1.0186 79.1875 0.3894 0.2415 0.2252 0.0595 0.1303 0.0875 0.4280 0.6116 0.5252
1494720000.0000 43950.0000 -1.1736 0.4323 -0.1499 1.5443 110.2244 0.4989 1.1297 0.1525 -0.4122 0.1202 -0.1154 0.8906 0.6117 0.5891
1494720000.0000 44250.0000 -1.0561 -0.0096 0.0412 1.2557 89.4815 0.3165 0.5190 0.2418 -0.0724 -0.0344 -0.1111 0.5386 0.5669 0.4997
1494720000.0000 44550.0000 -1.6357 0.6812 -0.2689 1.9304 112.6088 0.5754 0.6306 0.2228 -0.0449 0.0290 -0.0083 0.7144 0.3851 0.3578
1494720000.0000 44850.0000 -0.7246 -0.0595 -0.0819 1.1586 85.3046 0.4503 0.7707 0.2222 0.3640 0.0738 0.0962 0.7216 0.9480 0.8775
1494720000.0000 45150.0000 0.6050 0.6422 -0.2371 1.0414 223.2899 0.3497 0.1388 0.2526 0.0042 -0.0024 -0.0053 0.3706 0.5441 0.4574
1494720000.0000 45450.0000 -0.4374 1.0226 -0.1127 1.5050 156.8402 0.8710 0.5265 0.2426 0.2844 -0.0672 -0.0324 0.8201 0.6614 0.6137
1494720000.0000 45750.0000 -0.7642 0.9691 -0.0813 1.4874 141.7426 0.4190 1.1322 0.1494 -0.3961 0.0081 -0.0847 0.8503 0.6088 0.5827
1494720000.0000 46050.0000 -1.7194 1.7002 -0.2489 2.5257 134.6791 0.5919 0.7162 0.2435 -0.1163 -0.0217 -0.1516 0.7758 0.2959 0.2731
1494720000.0000 46350.0000 -1.0023 1.1478 -0.1775 1.6502 138.8728 0.7424 0.8265 0.1843 -0.4384 0.0405 -0.1031 0.8766 0.4983 0.4746
1494720000.0000 46650.0000 -1.2717 0.9334 -0.2986 1.7465 126.2796 0.6611 0.4354 0.2700 -0.1033 -0.0500 -0.0637 0.6833 0.4204 0.3833
1494720000.0000 46950.0000 -0.7680 1.6750 -0.2334 2.0682 155.3671 0.9716 0.6223 0.2071 -0.5489 0.0602 -0.1131 0.9005 0.4171 0.3956
1494720000.0000 47250.0000 -0.3429 0.9708 0.0021 1.6353 160.5435 1.5201 0.4775 0.2607 0.2202 0.0615 -0.0071 1.1291 0.8427 0.7926
1494720000.0000 47550.0000 -0.2935 0.4857 -0.0676 1.1311 148.8584 0.4787 0.7751 0.1523 0.4333 -0.0621 -0.1645 0.7031 1.1979 1.1392
1494720000.0000 47850.0000 -0.7286 -0.4357 -0.0889 0.9601 59.1223 0.0901 0.2027 0.1448 -0.0361 0.0057 0.0442 0.2188 0.4475 0.3680
1494720000.0000 48150.0000 0.2941 -0.6587 -0.0778 0.9848 335.9402 0.3880 0.2124 0.1964 0.0262 -0.1108 0.0088 0.3984 0.7103 0.6201
1494720000.0000 48450.0000 -0.6277 0.4395 -0.2829 1.2666 124.9976 0.7288 0.8071 0.1737 -0.3739 -0.0178 0.0359 0.8547 0.9241 0.9337
1494720000.0000 48750.0000 -0.3195 -0.0887 0.0444 1.6024 74.4758 2.2355 1.2630 0.4268 0.6193 0.1645 -0.1829 1.9627 3.4193 3.2569
1494720000.0000 49050.0000 -0.6197 0.1073 -0.0184 1.0810 99.8278 0.4386 0.6576 0.2668 0.0143 -0.0718 0.1463 0.6815 1.0713 0.9612
1494720000.0000 49350.0000 -0.7517 0.8052 0.0827 1.6344 136.9693 0.9494 1.9953 0.2389 -0.3967 0.0649 -0.2420 1.5918 0.9326 0.8994
1494720000.0000 49650.0000 -0.2280 0.5873 -0.1586 0.9491 158.7859 0.5603 0.2424 0.1981 -0.1340 -0.0657 -0.0618 0.5004 0.8890 0.8210
1494720000.0000 49950.0000 -1.3138 1.7544 -0.2346 2.3538 143.1720 0.5721 0.7120 0.1761 0.1857 -0.0870 -0.0934 0.7301 0.3165 0.2985
1494720000.0000 50250.0000 -0.6381 1.1440 -0.2597 1.5339 150.8492 0.7185 0.5324 0.2202 -0.2325 -0.0877 -0.1258 0.7355 0.5244 0.4929
1494720000.0000 50550.0000 -1.0753 0.6979 -0.1851 1.5063 122.9873 0.3681 0.4506 0.1730 0.2237 -0.0211 -0.0948 0.4959 0.4439 0.4075
1494720000.0000 50850.0000 -1.1434 1.9951 -0.2923 2.3948 150.1833 0.3313 0.3843 0.1773 0.1251 0.0322 -0.0534 0.4464 0.2354 0.2124
1494720000.0000 51150.0000 -1.6883 1.4011 -0.3607 2.3548 129.6893 0.6117 0.6149 0.2672 0.1388 -0.0527 0.0008 0.7469 0.3174 0.2914
1494720000.0000 51450.0000 -1.2245 0.8255 -0.0972 1.5410 123.9863 0.1578 0.1842 0.1237 0.0144 0.0097 -0.0380 0.2328 0.2662 0.2286
1494720000.0000 51750.0000 -1.4910 1.4819 -0.1729 2.1610 134.8243 0.3935 0.3320 0.1465 -0.1405 0.0664 -0.0410 0.4360 0.2556 0.2339
1494720000.0000 52050.0000 -1.0453 0.3386 0.0364 1.1984 107.9469 0.1640 0.2621 0.1020 -0.0489 0.0373 0.0078 0.2641 0.3816 0.3430
1494720000.0000 52350.0000 -1.4138 0.8757 -0.1101 1.7984 121.7744 0.5059 0.4418 0.1432 0.0664 0.0313 -0.0322 0.5455 0.3618 0.3380
1494720000.0000 52650.0000 -1.3328 1.3795 -0.1778 2.0393 135.9856 0.3000 0.4731 0.1354 0.0705 -0.0126 -0.0522 0.4542 0.2857 0.2646
1494720000.0000 52950.0000 -1.3535 1.1729 -0.1190 1.9177 130.9111 0.4034 0.3895 0.1874 0.0507 -0.0183 -0.0986 0.4902 0.3185 0.2871
1494720000.0000 53250.0000 -0.9571 0.7357 -0.1408 1.2792 127.5510 0.1397 0.3023 0.1246 -0.0345 -0.0068 -0.0828 0.2833 0.3576 0.3179
1494720000.0000 53550.0000 -1.5533 1.0686 -0.1782 2.0678 124.5259 0.7090 1.3851 0.2134 -0.4226 0.0491 -0.0925 1.1538 0.4631 0.4431
1494720000.0000 53850.0000 -2.3984 1.8631 -0.0854 3.1340 127.8401 0.6800 0.9273 0.3221 -0.2785 0.0492 -0.1361 0.9647 0.2640 0.2410
1494720000.0000 54150.0000 -0.8074 1.0039 -0.0869 1.4151 141.1940 0.4542 0.3699 0.1601 -0.0934 0.0228 -0.0500 0.4921 0.4436 0.4068
1494720000.0000 54450.0000 -0.1267 0.8318 -0.2284 0.9398 171.3377 0.1448 0.1991 0.1611 -0.0197 -0.0310 -0.0230 0.2525 0.4706 0.4024
1494720000.0000 54750.0000 0.2117 0.3914 0.0298 1.0786 208.4091 0.7948 0.4909 0.3171 -0.1123 0.1784 -0.1127 0.8014 1.6391 1.4713
1494720000.0000 55050.0000 0.0550 0.1970 -0.0129 0.8736 195.5988 0.5493 0.2881 0.1595 -0.2100 0.0374 -0.0441 0.4984 2.8131 2.5834
1494720000.0000 55350.0000 0.1228 -0.6700 -0.2995 0.9393 349.6114 0.3596 0.2432 0.1830 -0.0331 0.0595 -0.0492 0.3929 0.6878 0.6581
1494720000.0000 55650.0000 0.3547 0.2581 -0.1089 1.4269 233.9570 0.6275 1.5597 0.4370 -0.2852 -0.1907 -0.1368 1.3121 2.0691 1.9463
1494720000.0000 55950.0000 0.5227 -1.0152 0.0652 1.2669 332.7559 0.2893 0.2319 0.1542 0.0077 -0.0091 0.0482 0.3377 0.4149 0.3650
1494720000.0000 56250.0000 0.8223 -0.6080 -0.1124 1.1021 306.4783 0.1674 0.1582 0.1412 0.0206 -0.0352 -0.0082 0.2334 0.3834 0.3221
1494720000.0000 56550.0000 0.3127 -0.6219 -0.2778 1.0563 333.3076 0.7204 0.2615 0.2333 0.1108 -0.0645 -0.1097 0.6076 0.8492 0.8219
1494720000.0000 56850.0000 0.5016 -0.8038 -0.0653 1.0820 328.0335 0.3608 0.3876 0.1758 -0.1506 -0.0394 -0.0403 0.4621 0.5844 0.5271
1494720000.0000 57150.0000 0.5604 -0.6596 -0.0130 1.1086 319.6453 0.4373 0.6181 0.4022 -0.0176 -0.2057 -0.0877 0.7288 0.8052 0.6853
1494720000.0000 57450.0000 -0.6136 -1.0709 -0.1441 1.3312 29.8147 0.2814 0.4029 0.1533 0.0379 -0.0664 0.0092 0.4188 0.4252 0.3870
1494720000.0000 57750.0000 -0.6571 -0.7929 -0.2198 1.2424 39.6496 0.3392 0.3815 0.1311 -0.1194 0.0865 -0.0057 0.4259 0.5060 0.4759
1494720000.0000 58050.0000 0.8260 -1.4326 0.0307 1.7526 330.0326 0.2753 0.5285 0.1946 0.0013 -0.0630 -0.0021 0.4992 0.3488 0.3130
1494720000.0000 58350.0000 0.5347 -1.0198 0.0124 1.2327 332.3316 0.1548 0.2710 0.1390 0.0112 -0.0212 0.0413 0.2824 0.3768 0.3272
1494720000.0000 58650.0000 0.8725 -1.5525 -0.0122 1.8913 330.6638 0.4138 0.7993 0.2119 -0.0712 -0.0645 0.0353 0.7125 0.3870 0.3571
1494720000.0000 58950.0000 0.8789 -1.4663 -0.0284 1.8434 329.0632 0.2577 0.8103 0.2448 0.0409 -0.0943 0.1230 0.6564 0.3869 0.3490
1494720000.0000 59250.0000 1.0212 -1.6592 -0.1485 2.0255 328.3885 0.2481 0.5419 0.2060 -0.0375 -0.0665 0.0530 0.4980 0.2949 0.2634
1494720000.0000 59550.0000 0.9161 -1.5823 -0.0347 1.9463 329.9316 0.2478 0.8692 0.2373 -0.0251 -0.0866 0.0798 0.6771 0.3674 0.3337
1494720000.0000 59850.0000 0.9170 -0.6314 0.0937 1.3118 304.5472 0.3021 0.4855 0.2125 0.0888 -0.0656 0.0334 0.5001 0.5168 0.4602
1494720000.0000 60150.0000 0.4484 -0.7329 -0.0528 0.9909 328.5407 0.1838 0.5023 0.1341 -0.0570 -0.0280 -0.0305 0.4101 0.6074 0.5565
1494720000.0000 60450.0000 0.5005 -1.1848 -0.0360 1.4546 337.0995 0.1159 0.9893 0.0907 -0.1079 -0.0122 -0.0212 0.5980 0.4907 0.4719
1494720000.0000 60750.0000 0.3446 -0.5336 0.0698 1.1110 327.1481 0.6985 0.7148 0.1531 -0.3995 -0.0230 0.0663 0.7832 1.1308 1.0806
1494720000.0000 61050.0000 0.5225 -0.8243 0.0091 1.0208 327.6272 0.0872 0.1578 0.0884 -0.0144 -0.0157 -0.0049 0.1667 0.3416 0.2928
1494720000.0000 61350.0000 0.3699 -0.9821 0.0121 1.1197 339.3622 0.0863 0.2442 0.1112 0.0335 -0.0072 0.0643 0.2208 0.3656 0.3163
1494720000.0000 61650.0000 0.5005 -1.1326 0.0914 1.2914 336.1578 0.1080 0.3542 0.0996 -0.0483 -0.0445 0.0614 0.2809 0.3485 0.3170
1494720000.0000 61950.0000 0.5788 -1.4364 -0.0604 1.6170 338.0546 0.2335 0.5820 0.1635 -0.1331 -0.0485 0.0501 0.4895 0.3686 0.3367
1494720000.0000 62250.0000 -0.0718 -0.3338 0.0009 0.8020 12.1410 0.2689 0.4681 0.1407 -0.1393 -0.0446 0.0544 0.4389 1.5840 1.4515
1494720000.0000 62550.0000 0.4590 0.1240 -0.1111 0.7440 254.8849 0.2449 0.2729 0.1206 0.0598 -0.0143 -0.0373 0.3192 0.9447 0.8737
1494720000.0000 62850.0000 -1.3592 -0.3337 -0.0522 1.4423 76.2048 0.1542 0.1127 0.0870 0.0099 0.0006 -0.0142 0.1770 0.2453 0.2131
1494720000.0000 63150.0000 -1.0684 -0.2433 -0.2698 1.3698 77.1702 0.6132 0.5769 0.3546 -0.1128 -0.1269 0.0513 0.7724 0.6359 0.5748
1494720000.0000 63450.0000 0.0206 -0.2417 -0.1245 0.5785 355.1314 0.1794 0.2395 0.0614 0.0963 -0.0106 -0.0358 0.2402 1.4673 1.5403
1494720000.0000 63750.0000 -0.6769 0.2970 -0.1048 1.0511 113.6913 0.4860 0.2111 0.1094 0.1667 -0.0101 -0.0228 0.4032 0.6944 0.6521
1494720000.0000 64050.0000 -0.6217 0.6055 0.0265 1.0573 134.2434 0.2181 0.3601 0.1900 0.0389 -0.0976 -0.1295 0.3841 0.5828 0.5058
1494720000.0000 64350.0000 0.0219 0.0091 0.0637 0.7605 247.4839 0.3785 0.3657 0.0935 -0.2601 -0.1121 0.1055 0.4188 7.7701 21.0220
1494720000.0000 64650.0000 0.1894 0.2418 0.0423 0.4792 218.0683 0.1076 0.0613 0.0563 -0.0367 -0.0056 0.0154 0.1126 0.8838 0.7726
1494720000.0000 64950.0000 -0.6075 0.5954 0.0258 0.9184 134.4221 0.1566 0.1210 0.1137 -0.0608 -0.0239 0.0299 0.1956 0.4244 0.3576
1494720000.0000 65250.0000 -0.3332 0.5549 -0.0378 0.8071 149.0175 0.1354 0.1978 0.0366 0.1000 -0.0102 -0.0054 0.1848 0.5414 0.5148
1494720000.0000 65550.0000 -0.1125 -0.2910 0.0358 0.4198 21.1423 0.0388 0.0701 0.0125 -0.0198 -0.0002 0.0026 0.0607 0.6405 0.6106
1494720000.0000 65850.0000 -0.1273 0.4295 0.0688 0.5944 163.4931 0.0928 0.1417 0.0671 0.0226 -0.0342 -0.0269 0.1508 0.6996 0.6241
1494720000.0000 66150.0000 0.0732 -0.0434 0.0393 0.3605 300.6626 0.0696 0.0956 0.0218 -0.0564 -0.0155 0.0145 0.0935 2.6628 2.7559
1494720000.0000 66450.0000 0.0475 -0.1800 0.0474 0.3363 345.2279 0.0552 0.0569 0.0262 -0.0274 -0.0109 0.0095 0.0691 1.1176 1.0385
1494720000.0000 66750.0000 0.1559 -0.5564 0.0282 0.6382 344.3461 0.0418 0.1060 0.0428 0.0311 -0.0164 -0.0146 0.0953 0.4357 0.3841
1494720000.0000 67050.0000 0.3669 0.1045 -0.0237 0.4133 254.0964 0.0622 0.0190 0.0253 -0.0042 -0.0005 0.0065 0.0532 0.4929 0.4312
1494720000.0000 67350.0000 0.2218 0.1664 0.0069 0.3444 233.1309 0.0204 0.0413 0.0058 0.0089 -0.0018 0.0060 0.0338 0.5409 0.5174
1494720000.0000 67650.0000 0.1195 -0.2373 -0.0163 0.2996 333.2762 0.0155 0.0200 0.0178 0.0065 -0.0038 -0.0043 0.0266 0.5007 0.4094
1494720000.0000 67950.0000 0.0916 -0.5331 0.0592 0.6360 350.2477 0.0823 0.2563 0.0402 0.0024 -0.0015 -0.0016 0.1894 0.6530 0.6211
1494720000.0000 68250.0000 0.2092 -0.0440 0.0247 0.2726 281.8676 0.0508 0.0478 0.0190 -0.0086 0.0087 0.0025 0.0588 0.9199 0.8480
1494720000.0000 68550.0000 -0.0708 0.1289 -0.0521 0.1991 151.2316 0.0109 0.0355 0.0052 -0.0136 -0.0037 0.0066 0.0258 0.8402 0.8454
1494720000.0000 68850.0000 -0.5864 0.2731 0.0043 0.6773 114.9706 0.1067 0.0180 0.0090 -0.0029 0.0016 -0.0018 0.0669 0.3263 0.3152
1494720000.0000 69150.0000 -0.4922 0.5978 -0.0383 0.8182 140.5307 0.0897 0.0492 0.0190 0.0002 0.0004 -0.0083 0.0789 0.2959 0.2779
1494720000.0000 69450.0000 -0.4747 0.3294 0.0185 0.6250 124.7610 0.0371 0.0658 0.0140 -0.0004 0.0083 0.0023 0.0584 0.3415 0.3206
1494720000.0000 69750.0000 -0.6664 0.1983 0.0571 0.7160 106.5704 0.0251 0.0233 0.0115 0.0075 0.0036 -0.0020 0.0300 0.2026 0.1827
1494720000.0000 70050.0000 -0.6966 0.4237 -0.0379 0.8695 121.3077 0.0333 0.0877 0.0188 0.0191 0.0001 -0.0071 0.0699 0.2645 0.2463
1494720000.0000 70350.0000 -0.2838 0.5664 -0.0081 0.6715 153.3878 0.0519 0.0265 0.0088 0.0107 -0.0040 -0.0033 0.0436 0.2692 0.2553
1494720000.0000 70650.0000 -1.0471 0.4895 -0.0001 1.1647 115.0536 0.0244 0.0218 0.0122 -0.0023 -0.0000 -0.0043 0.0292 0.1207 0.1074
1494720000.0000 70950.0000 -0.9823 0.7904 0.0476 1.2671 128.8204 0.0234 0.0174 0.0126 -0.0049 0.0012 -0.0041 0.0267 0.1057 0.0925
1494720000.0000 71250.0000 -0.9327 1.0118 -0.0817 1.3874 137.3309 0.0440 0.0295 0.0174 -0.0067 0.0074 0.0003 0.0454 0.1263 0.1137
1494720000.0000 71550.0000 -0.7345 0.7350 -0.0343 1.0536 135.0197 0.0234 0.0221 0.0087 0.0079 -0.0034 -0.0012 0.0271 0.1293 0.1185
1494720000.0000 71850.0000 -0.7621 0.7069 -0.0227 1.0454 132.8462 0.0136 0.0099 0.0053 0.0012 -0.0002 0.0001 0.0144 0.0943 0.0852
1494720000.0000 72150.0000 -0.8469 0.8765 -0.0502 1.2244 135.9831 0.0314 0.0303 0.0101 -0.0181 -0.0043 -0.0014 0.0359 0.1268 0.1176
1494720000.0000 72450.0000 -0.9828 0.9066 -0.0759 1.3487 132.6906 0.0408 0.0166 0.0128 0.0022 0.0056 -0.0006 0.0351 0.1142 0.1035
1494720000.0000 72750.0000 -0.6701 0.8389 -0.0429 1.0905 141.3805 0.0214 0.0558 0.0146 0.0020 0.0006 -0.0060 0.0459 0.1627 0.1494
1494720000.0000 73050.0000 -0.8696 0.7839 -0.0570 1.1768 132.0348 0.0169 0.0130 0.0079 -0.0005 0.0003 -0.0012 0.0189 0.0958 0.0853
1494720000.0000 73350.0000 -0.9433 0.9787 -0.0259 1.3663 136.0545 0.0311 0.0291 0.0126 -0.0130 0.0033 -0.0049 0.0364 0.1146 0.1042
1494720000.0000 73650.0000 -0.9915 0.8591 -0.0050 1.3279 130.9101 0.0423 0.0284 0.0160 0.0067 -0.0028 -0.0050 0.0433 0.1296 0.1170
1494720000.0000 73950.0000 -1.0503 0.5948 -0.0015 1.2230 119.5229 0.0335 0.0271 0.0105 0.0110 -0.0022 -0.0060 0.0356 0.1276 0.1178
1494720000.0000 74250.0000 -0.6009 0.8244 -0.0181 1.0418 143.9105 0.0359 0.0265 0.0068 0.0108 0.0008 -0.0017 0.0346 0.1489 0.1414
1494720000.0000 74550.0000 -0.7118 0.9800 -0.0929 1.2261 144.0052 0.0332 0.0355 0.0108 0.0018 0.0019 -0.0022 0.0397 0.1340 0.1249
1494720000.0000 74850.0000 -0.9033 0.7996 -0.0624 1.2131 131.5163 0.0182 0.0134 0.0083 0.0001 -0.0032 -0.0020 0.0199 0.0954 0.0851
1494720000.0000 75150.0000 -0.7730 0.7286 -0.0225 1.0685 133.3056 0.0191 0.0155 0.0058 -0.0046 -0.0010 -0.0004 0.0202 0.1093 0.1011
1494720000.0000 75450.0000 -0.7714 0.8754 -0.0449 1.1721 138.6126 0.0149 0.0315 0.0045 -0.0097 0.0007 -0.0020 0.0255 0.1116 0.1066
1494720000.0000 75750.0000 -0.9407 1.0279 -0.0956 1.4073 137.5364 0.0193 0.0426 0.0108 0.0091 0.0009 -0.0032 0.0364 0.1115 0.1031
1494720000.0000 76050.0000 -0.8024 0.7609 -0.0449 1.1119 133.4780 0.0183 0.0160 0.0078 -0.0039 0.0018 -0.0026 0.0210 0.1070 0.0967
1494720000.0000 76350.0000 -1.0742 0.9086 -0.0342 1.4126 130.2265 0.0117 0.0246 0.0064 -0.0027 -0.0006 -0.0023 0.0214 0.0848 0.0781
1494720000.0000 76650.0000 -0.7470 1.0489 -0.0605 1.3036 144.5414 0.0484 0.0402 0.0208 -0.0043 0.0058 -0.0052 0.0547 0.1481 0.1334
1494720000.0000 76950.0000 -0.8289 0.5878 0.0012 1.0391 125.3410 0.0252 0.0751 0.0135 -0.0182 -0.0022 0.0068 0.0569 0.1917 0.1800
1494720000.0000 77250.0000 -0.9103 0.7463 -0.0305 1.2083 129.3443 0.0397 0.0618 0.0162 0.0204 0.0040 -0.0060 0.0588 0.1682 0.1562
1494720000.0000 77550.0000 -0.7560 0.9483 -0.0915 1.2298 141.4362 0.0520 0.0398 0.0191 -0.0096 0.0108 -0.0042 0.0555 0.1581 0.1443
1494720000.0000 77850.0000 -0.8965 0.9642 -0.0834 1.3244 137.0827 0.0162 0.0203 0.0113 0.0018 0.0015 -0.0033 0.0240 0.0958 0.0839
1494720000.0000 78150.0000 -0.9621 0.9541 -0.0600 1.3664 134.7637 0.0507 0.0231 0.0104 -0.0084 0.0055 -0.0004 0.0421 0.1235 0.1157
1494720000.0000 78450.0000 -0.7708 0.8353 -0.0262 1.1494 137.3017 0.0317 0.0513 0.0146 -0.0122 0.0005 -0.0068 0.0488 0.1586 0.1463
1494720000.0000 78750.0000 -0.6464 0.7894 -0.0543 1.0394 140.6876 0.0221 0.0413 0.0088 0.0103 0.0018 -0.0026 0.0361 0.1519 0.1425
1494720000.0000 79050.0000 -0.5185 0.8503 -0.0520 1.0161 148.6253 0.0386 0.0368 0.0171 0.0041 0.0068 -0.0086 0.0463 0.1761 0.1592
1494720000.0000 79350.0000 -1.0292 0.8579 -0.0103 1.3463 129.8154 0.0188 0.0153 0.0095 -0.0001 -0.0005 -0.0007 0.0219 0.0901 0.0797
1494720000.0000 79650.0000 -0.6719 0.7409 -0.0089 1.0143 137.7961 0.0375 0.0667 0.0146 -0.0245 0.0068 -0.0093 0.0594 0.1990 0.1864
1494720000.0000 79950.0000 -0.5095 0.5568 -0.0508 0.7773 137.5405 0.0141 0.0344 0.0037 0.0113 0.0001 0.0017 0.0261 0.1743 0.1684
1494720000.0000 80250.0000 -0.4771 0.7036 -0.0264 0.8780 145.8600 0.0619 0.0162 0.0071 -0.0007 0.0035 -0.0022 0.0426 0.1981 0.1898
1494720000.0000 80550.0000 -0.8058 0.5470 -0.0247 0.9829 124.1691 0.0219 0.0263 0.0070 -0.0091 -0.0012 0.0015 0.0276 0.1393 0.1302
1494720000.0000 80850.0000 -0.8526 1.0259 -0.0720 1.3410 140.2711 0.0462 0.0465 0.0110 -0.0280 0.0018 -0.0058 0.0519 0.1392 0.1318
1494720000.0000 81150.0000 -1.1068 1.0860 -0.0960 1.5757 134.4554 0.0507 0.0466 0.0136 0.0286 -0.0060 -0.0073 0.0554 0.1237 0.1161
1494720000.0000 81450.0000 -0.7941 0.3028 -0.0229 0.8631 110.8731 0.0744 0.0271 0.0096 -0.0173 -0.0036 0.0006 0.0555 0.2263 0.2164
1494720000.0000 81750.0000 -0.3102 0.5830 -0.0597 0.6912 151.9849 0.0392 0.0166 0.0087 0.0073 0.0061 0.0009 0.0323 0.2212 0.2065
1494720000.0000 82050.0000 -0.3585 0.6562 -0.0337 0.7648 151.3542 0.0292 0.0224 0.0089 -0.0042 0.0026 -0.0037 0.0302 0.1896 0.1753
1494720000.0000 82350.0000 -0.8516 0.8411 -0.0322 1.2083 134.6465 0.0321 0.0397 0.0087 -0.0079 -0.0042 0.0031 0.0402 0.1368 0.1292
1494720000.0000 82650.0000 -0.9249 0.9209 -0.0565 1.3174 134.8761 0.0216 0.0295 0.0119 0.0062 -0.0010 -0.0032 0.0315 0.1110 0.1000
1494720000.0000 82950.0000 -0.7267 0.4964 -0.0006 0.9106 124.3362 0.0579 0.0373 0.0085 0.0058 -0.0068 -0.0080 0.0519 0.2113 0.2024
1494720000.0000 83250.0000 -0.6543 0.8899 -0.0648 1.1109 143.6746 0.0138 0.0226 0.0061 -0.0027 0.0017 -0.0013 0.0212 0.1075 0.0997
1494720000.0000 83550.0000 -0.7900 1.0408 -0.0738 1.3237 142.7991 0.0517 0.0287 0.0155 0.0020 0.0071 -0.0040 0.0479 0.1366 0.1253
1494720000.0000 83850.0000 -0.9111 0.8787 -0.0496 1.2714 133.9622 0.0321 0.0308 0.0076 -0.0181 0.0030 -0.0033 0.0352 0.1210 0.1144
1494720000.0000 84150.0000 -0.7334 0.7731 -0.0263 1.0735 136.5102 0.0219 0.0169 0.0046 -0.0025 0.0008 -0.0010 0.0217 0.1129 0.1067
1494720000.0000 84450.0000 -0.6207 0.8947 -0.0994 1.0951 145.2490 0.0134 0.0204 0.0091 -0.0022 0.0015 0.0014 0.0214 0.1093 0.0975
1494720000.0000 84750.0000 -0.6309 0.7637 -0.0514 1.0121 140.4417 0.0622 0.0174 0.0113 -0.0005 0.0021 -0.0023 0.0454 0.1755 0.1644
1494720000.0000 85050.0000 -0.9617 0.8297 0.0050 1.2733 130.7864 0.0191 0.0121 0.0038 -0.0075 0.0008 -0.0008 0.0175 0.0850 0.0802
1494720000.0000 85350.0000 -0.5990 0.6220 0.0004 0.8741 136.0788 0.0622 0.0418 0.0070 -0.0358 -0.0043 -0.0000 0.0555 0.2227 0.2156
1494720000.0000 85650.0000 -0.4811 0.7208 -0.0508 0.8754 146.2764 0.0110 0.0291 0.0070 -0.0021 0.0017 0.0006 0.0236 0.1445 0.1335
1494720000.0000 85950.0000 -0.7183 0.9215 -0.0632 1.1791 142.0629 0.0322 0.0179 0.0119 -0.0018 -0.0029 -0.0008 0.0310 0.1229 0.1106
1494720000.0000 86250.0000 -0.9422 0.9256 -0.0193 1.3267 134.4903 0.0214 0.0232 0.0086 -0.0073 -0.0002 -0.0020 0.0266 0.1009 0.0923
1494806400.0000 86550.0000 -0.8104 0.6708 -0.0058 1.0628 129.6174 0.0620 0.0280 0.0088 -0.0217 -0.0060 -0.0020 0.0494 0.1725 0.1646
1494806400.0000 86850.0000 -0.6587 0.8171 -0.0309 1.0589 141.1265 0.0214 0.0287 0.0065 -0.0042 -0.0009 -0.0009 0.0283 0.1308 0.1231
1494806400.0000 87150.0000 -0.5163 0.8245 -0.0354 0.9891 147.9457 0.0365 0.0244 0.0101 -0.0007 0.0026 -0.0047 0.0355 0.1580 0.1464
1494806400.0000 87450.0000 -0.5288 0.9227 -0.0845 1.0828 150.1838 0.0458 0.0317 0.0155 0.0004 0.0023 -0.0008 0.0465 0.1651 0.1512
1494806400.0000 87750.0000 -0.8101 0.8032 -0.0277 1.1500 134.7543 0.0260 0.0328 0.0107 -0.0090 0.0016 -0.0055 0.0348 0.1334 0.1227
1494806400.0000 88050.0000 -0.7255 0.7622 -0.0283 1.0627 136.4111 0.0429 0.0178 0.0069 -0.0106 -0.0017 -0.0022 0.0338 0.1426 0.1352
1494806400.0000 88350.0000 -0.5582 0.7141 -0.0278 0.9135 141.9862 0.0173 0.0214 0.0075 -0.0068 0.0009 -0.0024 0.0231 0.1369 0.1253
1494806400.0000 88650.0000 -0.4462 0.7083 -0.0339 0.8548 147.7901 0.0282 0.0097 0.0040 0.0061 0.0040 0.0005 0.0209 0.1410 0.1341
1494806400.0000 88950.0000 -0.6517 0.9825 -0.0614 1.1886 146.4414 0.0261 0.0227 0.0085 -0.0030 0.0023 -0.0019 0.0287 0.1171 0.1082
1494806400.0000 89250.0000 -0.7109 0.6889 -0.0203 0.9990 134.0972 0.0376 0.0248 0.0070 -0.0134 0.0031 -0.0028 0.0347 0.1536 0.1457
1494806400.0000 89550.0000 -0.5600 0.7992 -0.0496 0.9807 144.9828 0.0066 0.0142 0.0065 0.0002 -0.0001 0.0006 0.0136 0.0976 0.0854
1494806400.0000 89850.0000 -0.7871 0.7635 -0.0317 1.1026 134.1269 0.0179 0.0160 0.0085 -0.0040 -0.0001 -0.0012 0.0212 0.1085 0.0970
1494806400.0000 90150.0000 -0.7098 0.8901 -0.0399 1.1477 141.4273 0.0206 0.0197 0.0079 0.0008 -0.0002 -0.0026 0.0241 0.1113 0.1018
1494806400.0000 90450.0000 -0.8064 0.9349 -0.0294 1.2450 139.2182 0.0231 0.0271 0.0121 0.0011 0.0018 -0.0038 0.0312 0.1168 0.1049
1494806400.0000 90750.0000 -0.7996 0.8336 0.0077 1.1685 136.1923 0.0572 0.0215 0.0085 -0.0102 0.0051 -0.0038 0.0436 0.1475 0.1402
1494806400.0000 91050.0000 -0.5249 0.7333 -0.0266 0.9136 144.4048 0.0189 0.0249 0.0116 0.0006 -0.0005 -0.0030 0.0277 0.1506 0.1341
1494806400.0000 91350.0000 -0.5977 0.7645 -0.0464 0.9792 141.9827 0.0138 0.0167 0.0070 0.0025 0.0002 -0.0018 0.0187 0.1151 0.1039
1494806400.0000 91650.0000 -0.6322 1.0005 -0.0920 1.1899 147.7118 0.0165 0.0305 0.0063 -0.0055 -0.0001 0.0004 0.0266 0.1123 0.1057
1494806400.0000 91950.0000 -0.8639 1.0960 -0.0907 1.4046 141.7538 0.0192 0.0278 0.0114 0.0027 0.0010 -0.0009 0.0292 0.0997 0.0896
1494806400.0000 92250.0000 -1.0447 0.9809 -0.0413 1.4416 133.1970 0.0300 0.0234 0.0114 -0.0023 -0.0007 0.0007 0.0324 0.1025 0.0931
1494806400.0000 92550.0000 -0.9555 0.9391 0.0062 1.3473 134.5038 0.0418 0.0248 0.0097 -0.0131 0.0010 -0.0017 0.0381 0.1190 0.1112
1494806400.0000 92850.0000 -0.8681 0.8620 -0.0269 1.2346 134.7968 0.0357 0.0238 0.0160 -0.0017 -0.0020 0.0015 0.0378 0.1297 0.1151
1494806400.0000 93150.0000 -0.7601 0.7329 -0.0941 1.0815 133.9563 0.0355 0.0534 0.0136 0.0083 -0.0047 -0.0008 0.0512 0.1743 0.1630
1494806400.0000 93450.0000 -0.6740 0.9511 -0.0959 1.1994 144.6766 0.0376 0.0928 0.0158 0.0157 0.0020 -0.0004 0.0731 0.1887 0.1788
1494806400.0000 93750.0000 -0.8204 1.0189 -0.1115 1.3270 141.1595 0.0436 0.0321 0.0162 0.0104 0.0050 0.0005 0.0460 0.1334 0.1215
1494806400.0000 94050.0000 -0.9717 0.9514 -0.1206 1.3734 134.3961 0.0284 0.0216 0.0097 0.0114 0.0015 0.0031 0.0299 0.1033 0.0949
1494806400.0000 94350.0000 -0.9681 0.9250 -0.0997 1.3526 133.6968 0.0344 0.0246 0.0111 0.0070 -0.0030 -0.0005 0.0350 0.1138 0.1048
1494806400.0000 94650.0000 -0.7179 1.0405 -0.1121 1.2882 145.3957 0.0775 0.0326 0.0160 0.0009 -0.0008 -0.0018 0.0630 0.1615 0.1515
1494806400.0000 94950.0000 -1.0415 0.6272 -0.0479 1.2253 121.0561 0.0940 0.0510 0.0106 -0.0472 0.0090 -0.0033 0.0778 0.1872 0.1808
1494806400.0000 95250.0000 -0.5921 0.9220 -0.0591 1.1315 147.2920 0.0854 0.0247 0.0073 0.0144 -0.0056 -0.0047 0.0587 0.1803 0.1748
1494806400.0000 95550.0000 -0.6497 0.7531 0.0118 1.0428 139.2172 0.1268 0.0399 0.0150 0.0069 -0.0021 -0.0022 0.0909 0.2475 0.2370
1494806400.0000 95850.0000 -0.8331 0.7863 -0.0572 1.1839 133.3420 0.1958 0.0297 0.0109 -0.0383 0.0119 -0.0019 0.1182 0.2447 0.2393
1494806400.0000 96150.0000 -0.7646 1.0300 -0.0459 1.3116 143.4106 0.0617 0.0592 0.0121 0.0178 0.0012 -0.0027 0.0665 0.1640 0.1565
1494806400.0000 96450.0000 -0.8463 1.0534 -0.0965 1.3735 141.2233 0.0799 0.0306 0.0135 0.0041 -0.0011 -0.0002 0.0620 0.1501 0.1421
1494806400.0000 96750.0000 -1.1435 0.7644 -0.0132 1.3855 123.7614 0.0337 0.0357 0.0107 -0.0090 0.0011 -0.0043 0.0400 0.1188 0.1105
1494806400.0000 97050.0000 -0.9745 0.7243 -0.0428 1.2256 126.6213 0.0204 0.0330 0.0110 -0.0010 -0.0037 0.0031 0.0322 0.1206 0.1099
1494806400.0000 97350.0000 -0.7429 1.0931 -0.0675 1.3348 145.7971 0.0347 0.0462 0.0088 -0.0026 -0.0017 -0.0038 0.0448 0.1306 0.1243
1494806400.0000 97650.0000 -0.8811 1.0730 -0.0991 1.4156 140.6087 0.0721 0.0451 0.0153 0.0151 0.0043 -0.0003 0.0663 0.1510 0.1424
1494806400.0000 97950.0000 -1.1735 0.9740 -0.0629 1.5377 129.6920 0.0211 0.0521 0.0097 -0.0014 -0.0005 -0.0016 0.0414 0.1089 0.1024
1494806400.0000 98250.0000 -0.9217 0.7892 -0.0261 1.2240 130.5721 0.0149 0.0202 0.0047 0.0076 -0.0003 -0.0011 0.0199 0.0949 0.0891
1494806400.0000 98550.0000 -0.8038 0.8805 -0.0614 1.2005 137.6084 0.0141 0.0282 0.0054 0.0001 -0.0012 -0.0017 0.0238 0.1056 0.0996
1494806400.0000 98850.0000 -0.7460 0.9814 -0.1004 1.2446 142.7601 0.0346 0.0303 0.0152 -0.0036 0.0050 0.0041 0.0400 0.1321 0.1193
1494806400.0000 99150.0000 -0.8254 1.1642 -0.1225 1.4523 144.6634 0.0609 0.0482 0.0214 0.0164 0.0062 -0.0037 0.0652 0.1456 0.1336
1494806400.0000 99450.0000 -1.1215 0.7824 -0.0836 1.3881 124.9010 0.0263 0.0699 0.0129 0.0009 0.0016 -0.0090 0.0546 0.1392 0.1310
1494806400.0000 99750.0000 -0.8076 0.7444 -0.0132 1.1308 132.6680 0.0809 0.0303 0.0129 0.0219 -0.0046 -0.0056 0.0620 0.1852 0.1753
1494806400.0000 100050.0000 -0.7378 1.0318 -0.0015 1.2876 144.4335 0.0601 0.0597 0.0176 -0.0121 0.0008 -0.0097 0.0687 0.1688 0.1576
1494806400.0000 100350.0000 -1.2429 1.1482 -0.0152 1.7027 132.7329 0.0628 0.0168 0.0118 -0.0054 -0.0088 -0.0016 0.0457 0.1031 0.0963
1494806400.0000 100650.0000 -1.1110 0.9257 -0.0232 1.4664 129.8032 0.0671 0.0493 0.0139 0.0002 -0.0020 0.0004 0.0652 0.1441 0.1362
1494806400.0000 100950.0000 -0.9869 0.6119 -0.0380 1.1685 121.7990 0.0335 0.0249 0.0093 -0.0120 -0.0036 0.0011 0.0339 0.1293 0.1202
1494806400.0000 101250.0000 -0.8003 0.8638 -0.0985 1.2103 137.1869 0.0536 0.0820 0.0147 -0.0056 -0.0113 0.0110 0.0751 0.1894 0.1806
1494806400.0000 101550.0000 -1.1801 1.1171 -0.0535 1.6280 133.4301 0.0113 0.0142 0.0079 -0.0034 -0.0020 0.0014 0.0167 0.0649 0.0567
1494806400.0000 101850.0000 -0.6690 1.0786 -0.0758 1.2904 148.1887 0.0496 0.0312 0.0203 0.0098 -0.0073 -0.0092 0.0506 0.1444 0.1294
1494806400.0000 102150.0000 -1.0188 0.9307 -0.0524 1.4104 132.4125 0.0844 0.0649 0.0175 0.0093 -0.0057 -0.0100 0.0834 0.1707 0.1617
1494806400.0000 102450.0000 -1.0937 0.8749 -0.0625 1.4231 128.6598 0.0521 0.0503 0.0150 0.0112 -0.0006 -0.0033 0.0587 0.1411 0.1319
1494806400.0000 102750.0000 -0.7843 0.7055 -0.0578 1.0728 131.9750 0.0798 0.0455 0.0106 -0.0251 0.0035 0.0024 0.0679 0.2014 0.1937
1494806400.0000 103050.0000 -0.9884 0.8218 -0.0506 1.3079 129.7438 0.0211 0.0858 0.0096 -0.0098 0.0004 0.0092 0.0582 0.1532 0.1468
1494806400.0000 103350.0000 -0.7033 0.9949 -0.0245 1.2305 144.7431 0.0535 0.0526 0.0128 -0.0267 0.0025 -0.0061 0.0595 0.1634 0.1543
1494806400.0000 103650.0000 -0.5353 0.6807 -0.0917 0.9039 141.8168 0.0310 0.0659 0.0126 0.0236 0.0012 0.0057 0.0548 0.2194 0.2076
1494806400.0000 103950.0000 -0.8417 0.2409 -0.0438 0.9245 105.9739 0.0203 0.1013 0.0111 -0.0041 0.0014 -0.0055 0.0664 0.2400 0.2300
1494806400.0000 104250.0000 -0.4620 0.7575 -0.0242 0.9616 148.6208 0.1084 0.0749 0.0163 0.0268 0.0093 -0.0074 0.0998 0.2906 0.2786
1494806400.0000 104550.0000 -0.8336 0.6487 -0.0649 1.0897 127.8898 0.0651 0.0583 0.0280 0.0130 -0.0012 -0.0092 0.0757 0.2123 0.1920
1494806400.0000 104850.0000 -0.6865 0.4844 -0.0468 0.8667 125.2056 0.0348 0.0502 0.0150 0.0012 0.0042 0.0029 0.0501 0.2171 0.2004
1494806400.0000 105150.0000 -0.7143 0.4901 -0.0122 0.9547 124.4558 0.0515 0.2194 0.0212 -0.0224 0.0028 0.0184 0.1460 0.3602 0.3469
1494806400.0000 105450.0000 -0.3805 0.8243 -0.1150 0.9375 155.2226 0.0564 0.0264 0.0172 0.0019 -0.0018 -0.0096 0.0500 0.1996 0.1830
1494806400.0000 105750.0000 -0.3275 0.5324 0.0220 0.7046 148.4024 0.1041 0.0256 0.0222 0.0200 -0.0292 -0.0046 0.0759 0.3597 0.3326
1494806400.0000 106050.0000 -0.5565 0.3876 -0.0202 0.7447 124.8583 0.1214 0.0669 0.0123 -0.0218 0.0073 0.0005 0.1003 0.3811 0.3694
1494806400.0000 106350.0000 -0.7487 0.6499 -0.0041 1.0503 130.9601 0.1281 0.0780 0.0464 0.0037 -0.0182 -0.0176 0.1262 0.2926 0.2643
1494806400.0000 106650.0000 -0.1581 0.4356 -0.0153 0.6437 160.0524 0.1920 0.0798 0.0325 0.0142 0.0287 -0.0028 0.1522 0.6870 0.6497
1494806400.0000 106950.0000 -0.8628 0.5925 -0.0176 1.1159 124.4763 0.0808 0.1458 0.0210 0.0251 0.0007 0.0129 0.1238 0.2745 0.2626
1494806400.0000 107250.0000 -1.1347 0.9590 0.0070 1.5187 130.2032 0.1712 0.0539 0.0310 -0.0130 0.0136 -0.0172 0.1280 0.1966 0.1843
1494806400.0000 107550.0000 -0.8384 0.7505 -0.0884 1.1881 131.8333 0.2175 0.0995 0.0281 -0.0362 0.0003 -0.0008 0.1725 0.3005 0.2889
1494806400.0000 107850.0000 -0.7897 0.6766 -0.1139 1.0825 130.5899 0.0795 0.1287 0.0229 -0.0350 -0.0110 0.0168 0.1155 0.2653 0.2533
1494806400.0000 108150.0000 -0.9752 0.7041 -0.0892 1.2187 125.8310 0.0401 0.0409 0.0158 -0.0015 -0.0066 -0.0022 0.0484 0.1490 0.1366
1494806400.0000 108450.0000 -0.6566 0.4942 -0.0445 0.8683 126.9669 0.1027 0.0337 0.0187 -0.0056 0.0177 -0.0038 0.0775 0.2763 0.2594
1494806400.0000 108750.0000 -0.7416 0.5665 -0.0335 0.9610 127.3771 0.0774 0.0365 0.0228 -0.0067 -0.0045 0.0059 0.0683 0.2286 0.2087
1494806400.0000 109050.0000 -0.4518 0.4710 -0.0699 0.7394 136.1931 0.1028 0.0897 0.0286 -0.0099 0.0165 0.0093 0.1106 0.4136 0.3881
1494806400.0000 109350.0000 -0.2653 -0.0488 0.0664 0.6585 79.5804 0.2030 0.3422 0.0968 -0.0098 0.0469 0.0039 0.3210 1.6656 1.5807
1494806400.0000 109650.0000 -0.1916 -0.1548 -0.0901 0.5589 51.0649 0.2315 0.1944 0.1097 0.0974 0.0339 0.0422 0.2678 1.6114 1.5300
1494806400.0000 109950.0000 -0.0749 -0.6019 0.0754 1.0926 7.0946 0.5623 0.9589 0.2923 0.3633 0.1066 0.2072 0.9067 1.2720 1.1740
1494806400.0000 110250.0000 -0.0499 -0.1095 0.0270 0.4350 24.5223 0.0985 0.2142 0.0949 0.0720 0.0303 0.0670 0.2038 2.9891 2.6831
1494806400.0000 110550.0000 -0.3078 -0.3727 0.0503 0.8346 39.5600 0.3534 0.3306 0.1247 -0.0848 0.0398 -0.0054 0.4044 1.0684 0.9879
1494806400.0000 110850.0000 -0.6830 -0.1503 0.0220 0.8833 77.5881 0.2305 0.2763 0.1696 0.0542 0.0010 0.0798 0.3382 0.6786 0.5877
1494806400.0000 111150.0000 -0.0670 0.4208 -0.0236 0.4962 170.9517 0.0690 0.0410 0.0251 -0.0208 0.0018 -0.0021 0.0675 0.4971 0.4493
1494806400.0000 111450.0000 -0.7711 0.1935 0.0183 0.8546 104.0878 0.1461 0.0943 0.0792 -0.0164 0.0429 0.0065 0.1598 0.4104 0.3560
1494806400.0000 111750.0000 -0.7696 -0.3388 -0.1022 1.0548 66.2361 0.3293 0.4820 0.2802 0.1256 0.1018 0.0761 0.5458 0.7121 0.6185
1494806400.0000 112050.0000 -0.3345 -0.4257 -0.0677 0.6531 38.1575 0.1470 0.1404 0.1305 0.0028 0.0073 0.0121 0.2090 0.6841 0.5717
1494806400.0000 112350.0000 -0.6676 -0.6817 0.0120 1.0946 44.4020 0.2377 0.4107 0.2018 0.1277 0.0330 -0.0201 0.4251 0.5578 0.4872
1494806400.0000 112650.0000 -0.7463 -0.5429 -0.0638 1.1434 53.9663 0.4136 0.4266 0.2512 -0.0154 0.0730 -0.0652 0.5456 0.6519 0.5734
1494806400.0000 112950.0000 -0.4118 -0.8848 0.0061 1.1578 24.9561 0.2431 0.3605 0.2296 -0.0996 -0.0150 -0.0141 0.4166 0.5400 0.4596
1494806400.0000 113250.0000 -0.9061 -0.3986 -0.1732 1.3068 66.2530 0.5722 0.5042 0.2693 -0.0889 0.1214 0.0416 0.6729 0.6665 0.6051
1494806400.0000 113550.0000 -1.1705 -0.7672 -0.1570 1.5446 56.7559 0.6053 0.2288 0.3065 -0.0659 0.1084 0.0580 0.5703 0.4378 0.3768
1494806400.0000 113850.0000 -0.5610 -0.3668 0.1981 1.0528 56.8208 0.2108 0.5894 0.1304 -0.1971 0.0041 0.0920 0.4653 0.7968 0.7705
1494806400.0000 114150.0000 -0.7132 -0.7163 0.0502 1.2070 44.8780 0.5375 0.6029 0.2085 0.0995 0.1352 0.0162 0.6744 0.6626 0.6100
1494806400.0000 114450.0000 -1.1590 -0.5191 -0.2109 1.4310 65.8721 0.3340 0.3092 0.1852 -0.1148 -0.0362 0.0955 0.4142 0.4082 0.3646
1494806400.0000 114750.0000 -0.1304 -0.5566 -0.1978 0.8215 13.1839 0.3521 0.2873 0.2508 0.0432 0.1186 -0.0603 0.4451 0.9005 0.8076
1494806400.0000 115050.0000 -0.3027 0.2944 0.0480 0.6934 134.2124 0.1665 0.2074 0.1040 0.0669 0.0206 0.0654 0.2390 0.9393 0.8362
1494806400.0000 115350.0000 -0.6763 0.3010 -0.0232 0.9014 113.9948 0.2543 0.2472 0.1098 0.0977 0.0911 0.0181 0.3056 0.6095 0.5523
1494806400.0000 115650.0000 0.1469 -0.4399 -0.0927 0.8348 341.5275 0.3456 0.2318 0.1117 0.0129 0.0194 0.0461 0.3445 1.0134 0.9459
1494806400.0000 115950.0000 0.0484 -0.3913 -0.0744 0.6685 352.9509 0.1649 0.3546 0.2026 -0.0022 0.0428 0.0897 0.3610 1.2228 1.0555
1494806400.0000 116250.0000 0.1915 -0.1786 0.1275 0.6094 313.0081 0.1167 0.2827 0.1007 -0.0054 0.0105 0.0539 0.2501 1.4018 1.3934
1494806400.0000 116550.0000 0.3625 -0.1712 0.1016 0.7820 295.2835 0.2084 0.3793 0.1485 0.1016 0.0371 0.0433 0.3681 1.1978 1.1041
1494806400.0000 116850.0000 -0.9057 -0.4704 -0.3461 1.2709 62.5529 0.6777 0.3915 0.3357 0.2203 0.1860 0.0760 0.7025 0.6350 0.5850
1494806400.0000 117150.0000 -0.5700 -0.4381 -0.2896 0.9773 52.4551 0.3943 0.3974 0.2767 0.0639 0.0568 0.0615 0.5342 0.7699 0.7145
1494806400.0000 117450.0000 -0.8549 0.0958 0.1194 1.1875 96.3971 0.8745 0.4633 0.2062 0.0368 0.1094 0.0620 0.7720 0.8260 0.7763
1494806400.0000 117750.0000 -0.4401 -0.5804 -0.0849 1.1723 37.1698 0.8129 0.4290 0.3765 -0.1714 -0.0796 0.1915 0.8092 1.0015 0.8833
1494806400.0000 118050.0000 -0.7525 0.4270 0.1550 1.3839 119.5725 0.9979 0.7642 0.1412 -0.4577 0.0691 0.0105 0.9517 0.9062 0.8858
1494806400.0000 118350.0000 -0.8993 -0.4059 -0.1449 1.3983 65.7067 0.7403 0.6165 0.4389 -0.2687 0.1368 0.1058 0.8978 0.7758 0.6816
1494806400.0000 118650.0000 -1.4143 0.2212 -0.1111 1.6561 98.8908 0.8252 0.5497 0.3016 0.1329 0.0850 0.1075 0.8383 0.5207 0.4729
1494806400.0000 118950.0000 -0.6987 -0.0497 -0.0451 0.9702 85.9295 0.4754 0.5791 0.3470 0.0986 0.1432 0.2060 0.7008 0.9737 0.8464
1494806400.0000 119250.0000 -0.2648 -0.2523 -0.2414 0.8041 46.3907 0.2652 0.4833 0.2329 0.1332 -0.0013 -0.0583 0.4907 1.3052 1.3658
1494806400.0000 119550.0000 -0.6426 -0.6058 0.0238 1.3906 46.6889 0.6592 1.1746 0.4065 0.0585 0.0137 0.0239 1.1201 0.9782 0.8853
1494806400.0000 119850.0000 -0.1614 0.0421 0.0875 1.0639 104.6315 0.8302 0.7851 0.1864 -0.3632 0.0976 -0.0118 0.9008 4.1140 4.3983
1494806400.0000 120150.0000 -0.2647 -0.3811 0.0478 0.7824 34.7794 0.2593 0.3543 0.1638 0.0768 0.0371 -0.0246 0.3887 1.0914 0.9747
1494806400.0000 120450.0000 0.4398 -0.6626 0.0556 1.0354 326.4259 0.4146 0.2831 0.1874 0.1090 0.0038 0.0083 0.4425 0.6813 0.6064
1494806400.0000 120750.0000 -0.5699 0.5849 0.0117 1.0727 135.7422 0.3505 0.5501 0.2312 -0.0130 -0.0063 0.0246 0.5659 0.7520 0.6709
1494806400.0000 121050.0000 -0.0676 -0.3974 0.1999 0.7422 9.6496 0.3658 0.3081 0.1456 -0.0709 0.0192 0.0777 0.4097 1.1614 1.1756
1494806400.0000 121350.0000 -0.3392 0.6587 0.0931 1.1019 152.7541 0.6813 0.2749 0.3019 0.1443 0.1211 0.0483 0.6290 0.8673 0.7620
1494806400.0000 121650.0000 0.8744 0.4428 0.0302 1.1490 243.1409 0.2726 0.2936 0.1940 -0.0294 -0.0857 0.0372 0.3801 0.5134 0.4432
1494806400.0000 121950.0000 0.6451 -0.2195 0.0325 0.9395 288.7940 0.1865 0.4870 0.2420 0.0221 0.0254 0.0866 0.4577 0.8098 0.6954
1494806400.0000 122250.0000 0.1365 -0.2823 -0.2601 1.2369 334.1994 0.7219 0.9966 0.2667 0.5589 0.1650 0.1966 0.9926 1.9969 2.4138
1494806400.0000 122550.0000 0.2668 0.4236 -0.2752 0.8796 212.2089 0.2426 0.6042 0.4149 0.1211 0.0839 -0.0082 0.6309 1.1352 1.0612
1494806400.0000 122850.0000 0.2586 0.4454 0.0020 1.1498 210.1387 1.0248 0.3056 0.2147 0.1101 -0.1512 0.0013 0.7726 1.3935 1.2931
1494806400.0000 123150.0000 0.1351 0.5267 0.0266 0.7739 194.3846 0.2222 0.3229 0.3215 0.0250 0.0395 0.0130 0.4333 0.9872 0.7839
1494806400.0000 123450.0000 -0.5223 0.2131 -0.1748 1.4758 112.1913 1.1563 1.2523 0.3250 -0.5248 -0.0201 0.1429 1.3668 1.6163 1.5884
1494806400.0000 123750.0000 -0.0887 -0.3443 0.1605 1.0739 14.4542 0.6807 0.8425 0.3162 0.0437 0.0642 -0.1129 0.9197 2.0073 2.0041
1494806400.0000 124050.0000 0.2956 0.0529 -0.0524 1.1096 259.8527 0.7523 0.6227 0.1722 0.3185 0.1183 0.1228 0.7736 2.3554 2.2541
1494806400.0000 124350.0000 0.7517 -0.2599 0.0058 1.4131 289.0721 0.6872 1.1086 0.2531 0.1197 0.0838 0.0676 1.0245 1.0390 0.9727
1494806400.0000 124650.0000 -1.0208 0.4716 -0.0229 1.7896 114.7958 1.4318 1.5204 0.5621 -0.3027 0.4352 -0.0662 1.7572 0.9623 0.8822
1494806400.0000 124950.0000 -0.2184 0.9222 -0.3304 1.2255 166.6784 0.3670 0.6766 0.1366 0.1672 0.0145 0.0188 0.5901 0.6250 0.6224
1494806400.0000 125250.0000 -0.3132 -1.8211 -0.2910 1.9495 9.7576 0.3781 0.7091 0.2248 0.1870 0.0740 0.0444 0.6560 0.3535 0.3258
1494806400.0000 125550.0000 -0.6977 -0.3208 0.0389 2.2983 65.3062 1.9410 3.7899 0.3422 -1.9547 0.1693 -0.2886 3.0365 1.8504 1.7999
1494806400.0000 125850.0000 -0.4754 -0.6021 -0.0667 1.7401 38.2943 1.0366 2.2905 0.2610 -0.7917 0.1629 -0.0033 1.7941 1.4203 1.3728
1494806400.0000 126150.0000 -0.7288 0.2414 -0.0478 1.4990 108.3300 0.8368 1.3368 0.1919 -0.2312 0.0484 0.0282 1.1827 1.1544 1.1087
1494806400.0000 126450.0000 -0.1623 0.6692 0.0585 1.4405 166.3662 0.7840 1.6753 0.2041 -0.7688 -0.0145 -0.0361 1.3317 1.3635 1.3149
1494806400.0000 126750.0000 -0.4412 1.3350 -0.1401 1.6355 161.7138 0.5242 1.2571 0.3309 -0.1411 0.0676 -0.1246 1.0561 0.5938 0.5480
1494806400.0000 127050.0000 -0.7598 0.2016 0.0006 1.1619 104.8572 0.4890 0.6793 0.2573 0.1563 -0.0657 -0.0449 0.7128 0.8769 0.7939
1494806400.0000 127350.0000 -0.5788 1.4013 -0.1940 1.6089 157.5567 0.2908 0.2392 0.1768 -0.0101 0.0777 0.0165 0.3534 0.3176 0.2772
1494806400.0000 127650.0000 -0.4139 1.2782 -0.2327 1.6120 162.0593 0.6712 0.8148 0.2353 -0.3706 -0.0276 0.0259 0.8606 0.5555 0.5238
1494806400.0000 127950.0000 1.0019 -0.5246 0.0716 1.2725 297.6378 0.2545 0.3645 0.1569 -0.0387 -0.0141 0.1255 0.3879 0.4488 0.4017
1494806400.0000 128250.0000 -0.7112 1.6697 -0.1209 2.0233 156.9281 1.0830 0.6995 0.2551 -0.3261 0.0344 -0.0197 1.0188 0.4531 0.4247
1494806400.0000 128550.0000 -1.4602 2.0299 -0.3032 2.6047 144.2715 0.8097 0.5369 0.1721 -0.2395 0.0820 -0.0508 0.7593 0.2825 0.2679
1494806400.0000 128850.0000 -0.8788 0.0318 -0.1810 1.5268 92.0751 0.3772 1.5653 0.2662 -0.2090 0.0938 -0.0821 1.1043 0.9557 0.9150
1494806400.0000 129150.0000 -0.8619 1.1207 -0.2029 1.7101 142.4391 0.6104 0.8540 0.2438 -0.2237 -0.0576 0.0863 0.8541 0.5283 0.4942
1494806400.0000 129450.0000 -1.1373 0.3131 -0.0817 1.4336 105.3937 0.5367 0.6063 0.1555 0.2784 0.0283 -0.0372 0.6493 0.5564 0.5233
1494806400.0000 129750.0000 -2.0094 1.4469 -0.1837 2.5379 125.7562 0.4065 0.3439 0.2087 -0.0734 -0.0116 -0.0278 0.4795 0.2277 0.2020
1494806400.0000 130050.0000 -0.8659 1.1180 -0.2822 1.5665 142.2402 0.2828 1.0736 0.2075 -0.1833 0.0007 0.0542 0.7820 0.5007 0.4755
1494806400.0000 130350.0000 -0.8251 0.9077 -0.0313 1.4914 137.7300 0.4099 0.7460 0.1575 0.1786 0.0235 -0.0358 0.6567 0.5392 0.5060
1494806400.0000 130650.0000 -0.9319 1.0489 -0.0662 1.5520 138.3808 0.3303 0.4708 0.1369 0.0210 0.0042 0.0573 0.4690 0.3981 0.3683
1494806400.0000 130950.0000 -0.4090 1.1968 -0.0229 1.4441 161.1311 0.4462 0.5708 0.1948 -0.1272 0.1396 -0.0942 0.6059 0.5024 0.4603
1494806400.0000 131250.0000 0.5091 0.0659 0.1331 0.8115 262.6207 0.2488 0.2714 0.1458 -0.0857 0.0013 0.0071 0.3330 0.8884 0.8111
1494806400.0000 131550.0000 0.4288 0.4797 -0.0483 1.0199 221.7900 0.4456 0.4248 0.2391 -0.2573 0.0266 -0.0385 0.5548 0.9426 0.8372
1494806400.0000 131850.0000 -0.2544 0.2953 -0.0930 1.1616 139.2602 1.1322 0.3406 0.1910 0.2372 -0.0734 0.0040 0.8319 1.8586 1.7977
1494806400.0000 132150.0000 -0.6041 0.6216 -0.0468 1.5577 135.8180 1.5629 0.7624 0.3509 0.3727 0.1558 0.1315 1.3381 1.0881 1.0158
1494806400.0000 132450.0000 -1.7138 0.1852 -0.2361 1.8201 96.1678 0.4666 0.3212 0.1616 -0.1091 0.0650 0.0214 0.4747 0.3233 0.2973
1494806400.0000 132750.0000 0.1903 0.2876 -0.0950 0.7762 213.4955 0.5083 0.0674 0.0572 0.0232 0.0403 -0.0018 0.3165 1.2841 1.2704
1494806400.0000 133050.0000 0.5860 -0.0520 -0.1150 0.8015 275.0682 0.4468 0.0851 0.0892 0.1163 0.1031 0.0436 0.3105 0.7590 0.7157
1494806400.0000 133350.0000 0.3179 -0.6240 0.0276 0.9248 333.0020 0.2018 0.7154 0.0932 -0.1465 -0.0184 0.0633 0.5052 0.8280 0.7895
1494806400.0000 133650.0000 0.2250 -0.7743 0.1895 1.0277 343.7957 0.1493 0.5012 0.1231 0.0069 0.0071 0.1039 0.3868 0.6131 0.5775
1494806400.0000 133950.0000 -0.1257 0.5037 0.1421 1.2808 165.9873 1.0438 0.6221 0.1940 -0.2106 -0.0352 0.0285 0.9299 1.4630 1.4355
1494806400.0000 134250.0000 -0.3220 -0.0368 0.0331 0.8125 83.4765 0.4294 0.3245 0.1260 0.0633 0.0539 0.0485 0.4400 1.6625 1.5469
1494806400.0000 134550.0000 -0.3999 0.5064 0.0086 1.0063 141.7024 0.7724 0.4072 0.1645 -0.1792 0.0793 0.0090 0.6721 1.0373 0.9719
1494806400.0000 134850.0000 0.5270 -0.6221 0.0134 1.3464 319.7286 0.4698 0.9671 0.1896 0.4809 -0.0449 -0.1147 0.8133 0.9030 0.8489
1494806400.0000 135150.0000 0.5539 -0.6915 -0.1132 1.0445 321.3033 0.1283 0.4124 0.1556 0.0256 -0.0207 0.0216 0.3482 0.5394 0.4792
1494806400.0000 135450.0000 -0.2758 -0.0561 0.1132 1.0542 78.4962 0.4210 0.8494 0.2467 -0.1689 -0.0855 0.1145 0.7586 2.3446 2.3125
1494806400.0000 135750.0000 -0.9736 0.9234 -0.0646 1.8033 133.4841 1.8001 0.3692 0.2189 0.3803 0.2576 0.0664 1.1941 0.6641 0.6337
1494806400.0000 136050.0000 -0.1054 -0.3181 -0.3416 0.9674 18.3342 0.8600 0.3218 0.2521 0.0415 -0.0169 -0.0598 0.7170 1.4448 1.8729
1494806400.0000 136350.0000 -0.9063 0.4695 0.0160 1.4154 117.3881 1.0987 0.6207 0.2640 -0.1386 0.0734 0.0282 0.9917 0.7965 0.7417
1494806400.0000 136650.0000 0.0710 0.4211 -0.0042 0.7540 189.5680 0.2248 0.3728 0.2516 -0.0900 0.0188 -0.0049 0.4245 1.2457 1.0451
1494806400.0000 136950.0000 -0.3091 0.3605 -0.0806 1.0844 139.3920 0.6902 0.6414 0.1899 -0.3731 0.0864 0.0445 0.7608 1.4786 1.4030
1494806400.0000 137250.0000 0.3853 0.3351 0.0608 0.5859 228.9833 0.0778 0.1008 0.1238 -0.0026 0.0245 0.0053 0.1512 0.6173 0.4778
1494806400.0000 137550.0000 0.6512 1.1042 -0.0206 1.4135 210.5313 0.2297 0.6718 0.1384 0.0818 -0.0038 -0.1156 0.5200 0.4592 0.4276
1494806400.0000 137850.0000 0.4280 0.1709 -0.1074 0.6129 248.2359 0.0840 0.2310 0.1202 0.0740 -0.0157 -0.0513 0.2176 0.8048 0.7030
1494806400.0000 138150.0000 -0.3283 1.5638 -0.0123 1.9348 168.1437 1.1906 0.9632 0.3327 -0.5052 0.0406 0.0339 1.2433 0.5697 0.5303
1494806400.0000 138450.0000 -0.8748 1.2359 0.0294 1.6104 144.7083 0.2143 0.6573 0.1700 -0.0799 0.0643 -0.1157 0.5208 0.3891 0.3560
1494806400.0000 138750.0000 0.5982 -0.0669 0.0971 0.7253 276.3766 0.1886 0.1133 0.0892 0.0481 -0.0095 0.0089 0.1956 0.5922 0.5270
1494806400.0000 139050.0000 -0.6858 1.0133 0.0042 1.5001 145.9101 0.7858 0.6366 0.1635 -0.3445 0.0654 -0.0551 0.7930 0.5942 0.5628
1494806400.0000 139350.0000 0.8170 0.7447 0.2635 1.3128 227.6507 0.5214 0.2075 0.0918 0.0793 -0.0344 -0.0151 0.4103 0.4602 0.4459
1494806400.0000 139650.0000 0.8681 -0.2544 0.0890 1.0223 286.3327 0.2585 0.1738 0.1121 0.1099 -0.0147 0.0151 0.2722 0.4686 0.4196
1494806400.0000 139950.0000 0.1869 -0.2427 0.0743 0.3791 322.4019 0.0514 0.0545 0.0460 -0.0094 -0.0081 -0.0063 0.0760 0.7139 0.6133
1494806400.0000 140250.0000 -0.4419 -0.1055 -0.0780 0.5329 76.5723 0.1323 0.0452 0.0932 -0.0156 0.0071 0.0131 0.1354 0.6517 0.5354
1494806400.0000 140550.0000 -0.3774 0.2162 -0.1584 0.6035 119.8043 0.2512 0.0948 0.0661 -0.0338 0.0340 0.0153 0.2060 0.8006 0.7808
1494806400.0000 140850.0000 -0.1822 -0.0491 0.1539 0.5128 74.9129 0.1179 0.2161 0.0828 0.0115 -0.0012 -0.0203 0.2084 1.5304 1.7678
1494806400.0000 141150.0000 -0.2292 -0.0310 0.1982 0.6754 82.2981 0.1301 0.3951 0.1125 -0.1062 0.0382 -0.0595 0.3188 1.5137 1.8092
1494806400.0000 141450.0000 -1.1575 -0.3207 -0.2758 1.2587 74.5130 0.2594 0.1810 0.1120 0.0999 -0.0075 0.0220 0.2762 0.3482 0.3190
1494806400.0000 141750.0000 0.4661 -0.4891 0.0634 0.8599 316.3776 0.3121 0.0923 0.0700 0.0351 0.0201 -0.0105 0.2372 0.5861 0.5435
1494806400.0000 142050.0000 0.6618 -0.3992 0.0306 0.8128 301.1017 0.0972 0.0617 0.0856 -0.0085 -0.0224 0.0335 0.1223 0.3691 0.2978
1494806400.0000 142350.0000 0.7197 -0.4902 0.0632 1.0187 304.2580 0.2094 0.3586 0.1388 0.0468 0.0304 0.0247 0.3534 0.5560 0.4997
1494806400.0000 142650.0000 0.6704 -1.1917 -0.2900 1.4180 330.6413 0.0926 0.2303 0.1614 0.0037 -0.0177 0.0317 0.2422 0.2875 0.2400
1494806400.0000 142950.0000 0.1442 -0.1143 -0.0944 0.7979 308.3916 0.3143 0.6652 0.1831 -0.0239 -0.0597 0.0213 0.5813 3.0101 3.1053
1494806400.0000 143250.0000 0.8156 0.9497 0.0690 1.3771 220.6550 0.2712 0.3121 0.1295 -0.0152 -0.0221 -0.0742 0.3564 0.3888 0.3522
1494806400.0000 143550.0000 0.1003 1.5037 -0.0165 1.7129 183.8148 0.3812 0.6152 0.1454 -0.3268 0.0399 -0.1011 0.5709 0.4093 0.3824
1494806400.0000 143850.0000 0.0165 -0.0308 0.0640 0.4416 331.8497 0.0859 0.2028 0.1129 0.0057 0.0272 -0.0162 0.2008 5.0191 8.8839
1494806400.0000 144150.0000 0.2776 -0.8171 -0.0019 0.9361 341.2377 0.1136 0.1916 0.0759 0.0043 -0.0074 0.0095 0.1905 0.4130 0.3696
1494806400.0000 144450.0000 0.3571 -1.2615 0.0091 1.4011 344.1958 0.2138 0.2783 0.1222 0.0141 -0.0069 0.0619 0.3072 0.3452 0.3089
1494806400.0000 144750.0000 0.2020 -0.4347 0.0782 0.6212 335.0739 0.1911 0.2408 0.1455 -0.1165 -0.0759 0.0615 0.2887 0.9032 0.7915
1494806400.0000 145050.0000 0.0613 -0.1034 0.0001 0.8622 329.3652 0.3744 0.4599 0.0960 0.1629 -0.0424 -0.0282 0.4651 4.6319 4.3865
1494806400.0000 145350.0000 -0.0447 -1.0667 0.0117 1.1248 2.3994 0.1319 0.5028 0.1183 -0.0388 0.0027 0.0465 0.3765 0.4692 0.4308
1494806400.0000 145650.0000 0.1454 -1.1088 -0.0823 1.1753 352.5313 0.1454 0.3028 0.1199 -0.0466 -0.0173 0.0502 0.2841 0.3881 0.3456
1494806400.0000 145950.0000 0.5312 -0.7598 -0.0189 1.0237 325.0443 0.2008 0.1866 0.1227 -0.0277 -0.0530 0.0394 0.2550 0.4447 0.3876
1494806400.0000 146250.0000 0.6359 -0.5294 -0.1899 0.9102 309.7750 0.1549 0.1519 0.1628 -0.0214 0.0049 0.0867 0.2348 0.4660 0.3865
1494806400.0000 146550.0000 0.5572 -0.1648 -0.0438 0.6573 286.4803 0.0474 0.0862 0.0734 0.0260 0.0045 0.0177 0.1035 0.4507 0.3631
1494806400.0000 146850.0000 0.1147 0.6416 0.0157 0.7382 190.1346 0.1116 0.0641 0.0696 0.0033 -0.0030 -0.0070 0.1227 0.4386 0.3714
1494806400.0000 147150.0000 -0.1517 0.3097 0.0966 0.4485 153.9037 0.1149 0.0423 0.0400 -0.0309 0.0190 -0.0019 0.0986 0.7161 0.6640
1494806400.0000 147450.0000 0.4711 0.1666 -0.0490 0.5596 250.5256 0.0732 0.0770 0.0490 0.0251 0.0106 0.0134 0.0996 0.5132 0.4477
1494806400.0000 147750.0000 0.3786 0.2064 -0.1810 0.5134 241.4086 0.1008 0.0512 0.0469 0.0267 -0.0298 -0.0102 0.0994 0.5505 0.5219
1494806400.0000 148050.0000 0.4634 0.4631 -0.0260 0.7035 225.0224 0.0714 0.0438 0.0554 0.0012 -0.0102 0.0145 0.0853 0.3637 0.2991
1494806400.0000 148350.0000 0.3994 -0.1501 0.1288 0.5495 290.6006 0.0864 0.1395 0.0861 -0.0320 -0.0310 0.0538 0.1560 0.7236 0.6431
1494806400.0000 148650.0000 0.4838 -0.1859 0.1719 0.5660 291.0171 0.0757 0.0465 0.0546 -0.0022 -0.0166 0.0085 0.0884 0.4446 0.3894
1494806400.0000 148950.0000 0.8364 -0.0827 0.0243 0.8967 275.6438 0.1860 0.0739 0.0852 0.0712 -0.0459 0.0081 0.1726 0.4034 0.3502
1494806400.0000 149250.0000 0.1391 -0.9037 -0.0622 1.0104 351.2512 0.1188 0.3603 0.0666 0.0719 0.0214 0.0310 0.2729 0.4654 0.4370
1494806400.0000 149550.0000 0.1883 -0.5358 -0.0738 0.6668 340.6412 0.1174 0.1688 0.0886 -0.0177 0.0184 0.0018 0.1874 0.6172 0.5439
1494806400.0000 149850.0000 0.1059 -1.1472 -0.0473 1.2220 354.7239 0.1869 0.6533 0.0951 -0.0552 -0.0192 0.0756 0.4677 0.4843 0.4594
1494806400.0000 150150.0000 0.2887 -0.8910 -0.0322 0.9862 342.0475 0.0741 0.1083 0.0540 0.0230 -0.0088 0.0148 0.1182 0.2995 0.2633
1494806400.0000 150450.0000 0.2974 -0.7765 0.0220 0.9050 339.0459 0.1031 0.2669 0.0875 -0.0176 0.0121 0.0643 0.2287 0.4694 0.4223
1494806400.0000 150750.0000 0.0096 -1.2285 -0.0205 1.2931 359.5528 0.1447 0.3494 0.0812 0.0453 0.0022 0.0693 0.2877 0.3564 0.3303
1494806400.0000 151050.0000 0.1133 -1.0593 -0.0100 1.1458 353.8979 0.1638 0.2573 0.0714 0.0445 -0.0009 0.0453 0.2463 0.3803 0.3517
