1494720000.0000 150.0000 -0.1284 0.0627 0.0276 0.3032 116.0237 0.0247 0.0550 0.0093 -0.0056 0.0078 -0.0057 0.0445 1.1833 1.1406
1494720000.0000 450.0000 -0.1779 0.0100 -0.0743 0.2767 93.2237 0.0354 0.0271 0.0099 0.0071 0.0086 0.0101 0.0362 0.8045 0.8096
1494720000.0000 750.0000 0.0753 0.0672 -0.0757 0.1274 228.2355 0.0034 0.0070 0.0028 -0.0007 -0.0001 -0.0008 0.0066 0.5277 0.5854
1494720000.0000 1050.0000 0.2390 0.1708 0.0864 0.3294 234.4516 0.0257 0.0285 0.0102 0.0049 0.0092 0.0071 0.0322 0.4785 0.4576
1494720000.0000 1350.0000 0.4844 0.2413 0.1444 0.5796 243.5169 0.0298 0.0570 0.0218 0.0120 0.0027 -0.0121 0.0543 0.3398 0.3144
1494720000.0000 1650.0000 0.4141 0.5574 0.1651 0.7114 216.6088 0.0380 0.0442 0.0241 0.0184 0.0084 0.0017 0.0531 0.2636 0.2383
1494720000.0000 1950.0000 0.0571 0.4440 0.1996 0.6333 187.3234 0.1545 0.1063 0.0533 -0.0638 -0.0387 0.0163 0.1570 0.6601 0.6586
1494720000.0000 2250.0000 0.2649 0.7993 0.2333 0.9231 198.3342 0.0925 0.1462 0.0210 -0.0724 -0.0060 0.0192 0.1298 0.3367 0.3350
1494720000.0000 2550.0000 -0.2529 1.2668 0.1666 1.3071 168.7102 0.0409 0.0668 0.0233 -0.0072 0.0061 -0.0085 0.0655 0.1604 0.1467
1494720000.0000 2850.0000 -0.2240 1.1769 0.1588 1.2255 169.2233 0.0658 0.1174 0.0300 -0.0108 0.0022 -0.0070 0.1066 0.2206 0.2063
1494720000.0000 3150.0000 -0.0458 1.4409 0.3134 1.4662 178.1814 0.0689 0.1368 0.0332 -0.0064 0.0063 -0.0074 0.1195 0.1913 0.1816
1494720000.0000 3450.0000 -0.0403 1.1085 0.1849 1.1292 177.9173 0.0436 0.2201 0.0295 0.0069 -0.0015 0.0142 0.1466 0.2780 0.2673
1494720000.0000 3750.0000 -0.0511 0.9539 0.1761 1.0202 176.9355 0.1121 0.1814 0.0325 0.0746 -0.0057 -0.0210 0.1630 0.3393 0.3274
1494720000.0000 4050.0000 -0.3484 0.9405 0.1565 1.0436 159.6749 0.0703 0.1091 0.0375 0.0041 0.0098 -0.0099 0.1085 0.2649 0.2438
1494720000.0000 4350.0000 -0.1752 1.2636 0.2202 1.2928 172.1079 0.0405 0.0839 0.0189 0.0095 0.0036 -0.0039 0.0716 0.1688 0.1596
1494720000.0000 4650.0000 -0.0885 1.0739 0.2055 1.1506 175.2872 0.1526 0.1862 0.0494 -0.0324 0.0112 -0.0248 0.1941 0.3279 0.3119
1494720000.0000 4950.0000 0.1065 1.4527 0.3079 1.5024 184.1930 0.1394 0.1820 0.0464 0.0249 0.0207 -0.0065 0.1839 0.2352 0.2247
1494720000.0000 5250.0000 0.2920 1.3378 0.3570 1.4000 192.3145 0.0773 0.1998 0.0637 0.0105 0.0039 -0.0055 0.1704 0.2382 0.2219
1494720000.0000 5550.0000 0.4708 1.2568 0.3998 1.4074 200.5347 0.1824 0.2047 0.0606 0.0352 0.0213 -0.0360 0.2239 0.2759 0.2677
1494720000.0000 5850.0000 0.4181 1.1906 0.3216 1.2942 199.3481 0.1292 0.1360 0.0397 0.0750 0.0258 0.0115 0.1525 0.2448 0.2357
1494720000.0000 6150.0000 0.4756 1.3396 0.3780 1.4621 199.5448 0.1046 0.1813 0.0698 0.0179 0.0059 0.0037 0.1779 0.2341 0.2172
1494720000.0000 6450.0000 0.3731 1.2053 0.3905 1.2952 197.2013 0.0898 0.1371 0.0374 0.0256 0.0042 -0.0175 0.1321 0.2247 0.2180
1494720000.0000 6750.0000 0.4114 1.4984 0.3900 1.6115 195.3534 0.1986 0.1259 0.0487 0.0111 0.0298 -0.0077 0.1866 0.2201 0.2116
1494720000.0000 7050.0000 0.6846 1.8855 0.5756 2.0760 199.9560 0.2765 0.1577 0.0639 -0.0301 0.0403 -0.0093 0.2491 0.1953 0.1896
1494720000.0000 7350.0000 0.8856 1.8177 0.5908 2.0537 205.9754 0.1163 0.1741 0.0591 0.0028 0.0214 -0.0306 0.1748 0.1620 0.1539
1494720000.0000 7650.0000 0.6447 1.6017 0.4570 1.7529 201.9260 0.0988 0.0676 0.0362 0.0102 0.0189 -0.0004 0.1013 0.1455 0.1364
1494720000.0000 7950.0000 0.8276 1.2533 0.4395 1.5826 213.4359 0.2712 0.1198 0.0506 -0.0270 0.0572 0.0031 0.2208 0.2452 0.2404
1494720000.0000 8250.0000 0.6386 1.1859 0.4123 1.4349 208.3033 0.2309 0.2999 0.0731 0.0070 0.0371 0.0340 0.3020 0.3185 0.3123
1494720000.0000 8550.0000 0.4101 1.1682 0.3040 1.3023 199.3432 0.1819 0.1923 0.0715 0.0476 0.0164 0.0099 0.2229 0.3024 0.2853
1494720000.0000 8850.0000 0.5287 1.1758 0.4008 1.4268 204.2088 0.2963 0.2369 0.0571 -0.0921 0.0104 0.0080 0.2951 0.3285 0.3270
1494720000.0000 9150.0000 0.3285 1.4748 0.3923 1.5784 192.5568 0.2033 0.1229 0.0516 -0.0397 0.0377 -0.0226 0.1889 0.2273 0.2182
1494720000.0000 9450.0000 0.8736 1.2326 0.4341 1.5556 215.3246 0.1742 0.0653 0.0704 0.0140 0.0462 -0.0135 0.1550 0.2045 0.1870
1494720000.0000 9750.0000 0.8043 1.2538 0.4980 1.5549 212.6781 0.1962 0.1346 0.0344 -0.0318 0.0138 -0.0067 0.1826 0.2221 0.2229
1494720000.0000 10050.0000 0.7765 1.1937 0.4474 1.4507 213.0441 0.1133 0.1198 0.0348 0.0473 0.0228 0.0063 0.1340 0.2002 0.1958
1494720000.0000 10350.0000 0.5837 1.1966 0.3077 1.3697 206.0006 0.0707 0.1764 0.0718 -0.0022 -0.0026 0.0230 0.1595 0.2386 0.2156
1494720000.0000 10650.0000 1.0444 1.0353 0.3495 1.5980 225.2501 0.1313 0.4699 0.1436 -0.0278 0.0152 0.0661 0.3724 0.3296 0.3044
1494720000.0000 10950.0000 0.7494 0.8139 0.3945 1.1373 222.6404 0.0549 0.0746 0.0339 -0.0025 0.0017 0.0142 0.0817 0.1988 0.1878
1494720000.0000 11250.0000 0.8797 0.8437 0.3352 1.2403 226.1938 0.0484 0.0373 0.0127 -0.0108 0.0070 -0.0081 0.0492 0.1433 0.1387
1494720000.0000 11550.0000 0.2134 1.3245 0.3808 1.3834 189.1551 0.0922 0.2104 0.0402 -0.0516 -0.0035 -0.0042 0.1714 0.2424 0.2368
1494720000.0000 11850.0000 0.1457 1.1927 0.2939 1.2667 186.9626 0.1667 0.1580 0.0392 0.0173 0.0048 -0.0296 0.1819 0.2816 0.2738
1494720000.0000 12150.0000 -0.0363 1.1534 0.1963 1.2103 178.1971 0.1223 0.2477 0.0455 0.0265 0.0090 -0.0034 0.2078 0.3179 0.3044
1494720000.0000 12450.0000 -0.2561 1.5740 0.2528 1.6217 170.7602 0.0902 0.1945 0.0549 -0.0316 0.0187 -0.0101 0.1698 0.2084 0.1932
1494720000.0000 12750.0000 -0.4369 1.4228 0.2841 1.5621 162.9312 0.2145 0.2945 0.0994 -0.0247 0.0184 -0.0230 0.3042 0.2972 0.2768
1494720000.0000 13050.0000 -0.0479 1.1964 0.2443 1.3229 177.7066 0.2799 0.1619 0.0459 -0.0765 0.0340 -0.0191 0.2438 0.3299 0.3205
1494720000.0000 13350.0000 -0.0186 1.1448 0.2896 1.1962 179.0716 0.1118 0.2538 0.0504 -0.0689 -0.0035 -0.0088 0.2080 0.3153 0.3049
1494720000.0000 13650.0000 0.2042 1.1281 0.3165 1.2294 190.2585 0.1857 0.1079 0.0333 -0.0694 0.0005 -0.0084 0.1635 0.2776 0.2729
1494720000.0000 13950.0000 0.7156 1.0582 0.4035 1.3024 214.0662 0.0524 0.0833 0.0187 0.0031 0.0051 0.0021 0.0772 0.1694 0.1665
1494720000.0000 14250.0000 0.1552 1.3647 0.3569 1.4348 186.4874 0.1671 0.1414 0.0597 -0.0538 -0.0090 0.0122 0.1841 0.2469 0.2335
1494720000.0000 14550.0000 0.1404 1.3228 0.2747 1.3781 186.0594 0.1389 0.0720 0.0488 0.0121 -0.0045 -0.0027 0.1299 0.2166 0.1993
1494720000.0000 14850.0000 0.4604 1.0399 0.3269 1.1599 203.8794 0.0847 0.0813 0.0261 0.0464 0.0095 -0.0041 0.0960 0.2138 0.2069
1494720000.0000 15150.0000 0.1581 1.2285 0.2937 1.2759 187.3344 0.0984 0.0815 0.0372 0.0029 0.0076 -0.0150 0.1085 0.2113 0.1977
1494720000.0000 15450.0000 0.1176 1.0799 0.2919 1.1355 186.2172 0.0956 0.1173 0.0326 -0.0154 0.0161 -0.0182 0.1228 0.2543 0.2452
1494720000.0000 15750.0000 0.6023 1.3124 0.4172 1.4825 204.6511 0.1173 0.1128 0.0415 0.0068 0.0293 -0.0041 0.1358 0.2001 0.1918
1494720000.0000 16050.0000 0.8876 1.4599 0.5510 1.7782 211.2974 0.2071 0.1980 0.0592 -0.0177 0.0156 -0.0028 0.2322 0.2191 0.2151
1494720000.0000 16350.0000 1.0446 1.1371 0.5776 1.6416 222.5733 0.2746 0.1789 0.0552 -0.0708 -0.0017 -0.0134 0.2543 0.2498 0.2518
1494720000.0000 16650.0000 1.2790 1.1132 0.4544 1.8822 228.9658 0.5090 0.3267 0.0770 -0.2136 0.0409 -0.0168 0.4563 0.3142 0.3113
1494720000.0000 16950.0000 0.2280 1.1048 0.2648 1.2102 191.6600 0.1551 0.1797 0.0812 -0.0226 0.0045 -0.0536 0.2080 0.3214 0.2961
1494720000.0000 17250.0000 0.0916 0.8255 0.1862 0.9043 186.3290 0.0957 0.1586 0.0414 -0.0034 0.0139 -0.0023 0.1479 0.3689 0.3506
1494720000.0000 17550.0000 -0.2618 0.8006 0.1098 0.9754 161.8912 0.2927 0.1122 0.0465 -0.0768 0.0521 -0.0307 0.2257 0.4566 0.4361
1494720000.0000 17850.0000 -0.2462 1.0595 0.1921 1.1791 166.9207 0.2306 0.1939 0.0508 -0.0794 0.0266 -0.0329 0.2377 0.3604 0.3458
1494720000.0000 18150.0000 -0.0882 0.6614 0.1138 0.7157 172.4029 0.0683 0.0774 0.0247 -0.0161 0.0202 -0.0171 0.0852 0.3521 0.3303
1494720000.0000 18450.0000 -0.3403 0.6052 0.0851 0.7522 150.6469 0.0793 0.1123 0.0342 -0.0243 0.0188 -0.0216 0.1129 0.3922 0.3640
1494720000.0000 18750.0000 -0.1054 0.9649 0.2361 1.0190 173.7684 0.0931 0.1110 0.0429 -0.0310 0.0077 -0.0141 0.1235 0.2872 0.2687
1494720000.0000 19050.0000 -0.0318 1.1529 0.2332 1.1975 178.4191 0.1013 0.2123 0.0556 -0.0418 0.0130 -0.0263 0.1846 0.2981 0.2803
1494720000.0000 19350.0000 0.1299 1.1991 0.3035 1.2516 186.1808 0.1053 0.0912 0.0422 -0.0134 0.0171 -0.0155 0.1194 0.2268 0.2122
1494720000.0000 19650.0000 -0.0461 1.2626 0.2254 1.3271 177.9083 0.1481 0.1803 0.0419 -0.0692 0.0160 -0.0233 0.1852 0.2738 0.2619
1494720000.0000 19950.0000 -0.2678 1.4879 0.2264 1.5554 169.7957 0.1397 0.2393 0.0429 -0.1084 -0.0051 -0.0074 0.2110 0.2453 0.2351
1494720000.0000 20250.0000 -0.2798 0.9239 0.0762 1.0165 163.1484 0.1028 0.1726 0.0599 -0.0152 0.0136 0.0062 0.1677 0.3453 0.3139
1494720000.0000 20550.0000 -0.0476 0.3620 0.0683 0.4405 172.5123 0.0608 0.0347 0.0520 0.0202 0.0327 0.0234 0.0737 0.5969 0.4886
1494720000.0000 20850.0000 -0.5226 0.6267 -0.0475 0.8526 140.1736 0.0535 0.0581 0.0450 0.0003 0.0202 -0.0088 0.0783 0.2796 0.2364
1494720000.0000 21150.0000 -0.3040 0.3597 -0.0365 0.5605 139.7919 0.0775 0.0774 0.0421 0.0021 0.0325 0.0036 0.0985 0.5424 0.4824
1494720000.0000 21450.0000 -0.2817 0.9257 0.1207 1.0349 163.0738 0.1182 0.1987 0.0672 0.0129 0.0130 0.0136 0.1920 0.3669 0.3359
1494720000.0000 21750.0000 -0.2066 1.0060 0.1684 1.1485 168.3947 0.2373 0.1294 0.0700 -0.0121 0.0478 -0.0119 0.2184 0.3666 0.3404
1494720000.0000 22050.0000 -0.5163 0.5859 -0.0248 0.8543 138.6131 0.1843 0.1191 0.0718 -0.0534 0.0828 -0.0401 0.1876 0.4526 0.4072
1494720000.0000 22350.0000 -0.5276 0.0251 -0.1491 0.6998 92.7230 0.2768 0.1345 0.1209 -0.0475 0.0789 -0.0103 0.2661 0.7675 0.7010
1494720000.0000 22650.0000 -1.1272 -0.1568 -0.3798 1.2206 82.0807 0.1880 0.1982 0.1455 0.0054 0.0961 0.0247 0.2658 0.3509 0.3152
1494720000.0000 22950.0000 -0.3189 0.7398 0.0160 0.9071 156.6825 0.1645 0.1570 0.0954 0.0168 0.0497 0.0217 0.2084 0.4626 0.4064
1494720000.0000 23250.0000 -0.1423 1.3636 0.2519 1.4089 174.0411 0.1017 0.3138 0.0778 -0.0005 0.0192 -0.0001 0.2467 0.2909 0.2715
1494720000.0000 23550.0000 -0.1811 1.1578 0.2386 1.2821 171.1109 0.2820 0.1681 0.1276 -0.0716 0.0591 -0.0319 0.2888 0.3669 0.3305
1494720000.0000 23850.0000 -0.2813 1.1447 0.2104 1.2411 166.1940 0.1303 0.1857 0.0851 -0.0036 0.0198 -0.0413 0.2005 0.3054 0.2754
1494720000.0000 24150.0000 -0.3404 1.5365 0.2283 1.6416 167.5074 0.2158 0.2316 0.0813 -0.0399 0.0228 -0.0365 0.2644 0.2640 0.2454
1494720000.0000 24450.0000 -0.2754 1.0401 0.2111 1.1440 165.1706 0.1646 0.1365 0.0622 -0.0390 0.0290 -0.0198 0.1816 0.3174 0.2944
1494720000.0000 24750.0000 -0.3925 0.9003 0.1612 1.0480 156.4419 0.1413 0.1676 0.0730 -0.0348 0.0162 -0.0389 0.1909 0.3585 0.3267
1494720000.0000 25050.0000 -0.6845 0.8840 0.0640 1.1896 142.2464 0.1456 0.1493 0.1006 0.0184 0.0763 0.0207 0.1978 0.3242 0.2804
1494720000.0000 25350.0000 -0.8618 0.9011 -0.0666 1.3433 136.2788 0.2209 0.1764 0.1560 0.0499 0.1039 0.0175 0.2766 0.3439 0.2918
1494720000.0000 25650.0000 -0.2474 0.4474 0.1305 0.7559 151.0545 0.1293 0.3548 0.1149 -0.0381 0.0628 -0.0226 0.2995 0.8468 0.7857
1494720000.0000 25950.0000 -0.2766 1.4194 0.2905 1.5504 168.9741 0.2526 0.3355 0.0806 -0.0205 0.0303 -0.0105 0.3343 0.3201 0.3062
1494720000.0000 26250.0000 -0.1061 1.2295 0.2166 1.3150 175.0698 0.2001 0.2065 0.1034 -0.0400 0.0691 -0.0466 0.2550 0.3291 0.2983
1494720000.0000 26550.0000 -0.1843 0.9003 0.2578 1.0078 168.4325 0.1634 0.1907 0.0974 -0.0220 0.0243 -0.0473 0.2257 0.4064 0.3739
1494720000.0000 26850.0000 -0.2291 1.4430 0.2185 1.4955 170.9788 0.0906 0.1989 0.0550 0.0029 0.0102 -0.0097 0.1722 0.2294 0.2126
1494720000.0000 27150.0000 -0.4803 0.9991 0.0297 1.1536 154.3276 0.1099 0.2234 0.0977 -0.0693 0.0482 -0.0517 0.2155 0.3418 0.3007
1494720000.0000 27450.0000 -0.3375 0.4617 0.1121 0.6703 143.8363 0.0891 0.0940 0.0554 0.0193 0.0195 0.0113 0.1193 0.4839 0.4320
1494720000.0000 27750.0000 -0.2139 0.9873 0.1624 1.1384 167.7741 0.2580 0.1847 0.0820 -0.0319 0.0561 -0.0237 0.2624 0.4087 0.3803
1494720000.0000 28050.0000 -0.9582 -0.0589 -0.3350 1.2049 86.4814 0.1511 0.5582 0.1078 -0.0879 0.0495 0.0494 0.4086 0.5133 0.5065
1494720000.0000 28350.0000 -0.8947 -0.4686 -0.3770 1.0613 62.3571 0.1816 0.0739 0.1245 -0.0123 0.0901 0.0195 0.1900 0.3302 0.2890
1494720000.0000 28650.0000 -1.1016 -0.4190 -0.5114 1.2294 69.1767 0.1220 0.1082 0.1115 -0.0149 0.0714 0.0277 0.1709 0.2627 0.2351
1494720000.0000 28950.0000 -0.6767 -0.4219 -0.2752 0.8895 58.0568 0.1357 0.1513 0.1127 0.0070 0.0537 0.0492 0.1999 0.4327 0.3879
1494720000.0000 29250.0000 -0.7594 -0.5203 -0.3521 0.9909 55.5838 0.1488 0.1402 0.1708 0.0145 0.0969 0.0505 0.2299 0.3972 0.3372
1494720000.0000 29550.0000 -0.6095 -0.6790 -0.2505 0.9811 41.9138 0.1323 0.1635 0.1628 0.0071 0.0640 0.0755 0.2293 0.4132 0.3441
1494720000.0000 29850.0000 -0.8569 -0.4250 -0.3015 1.0462 63.6207 0.1644 0.1654 0.2049 0.0211 0.1049 0.0903 0.2673 0.4210 0.3466
1494720000.0000 30150.0000 -0.7590 -0.1331 -0.2179 0.9204 80.0527 0.1878 0.2612 0.1789 -0.0614 0.1033 0.0168 0.3139 0.5713 0.5020
1494720000.0000 30450.0000 -0.5897 0.0930 -0.2251 0.8158 98.9598 0.2304 0.2150 0.2154 0.0337 0.0197 -0.0587 0.3304 0.7356 0.6454
1494720000.0000 30750.0000 -0.1210 0.2359 0.0510 0.5476 152.8516 0.1276 0.2009 0.0946 -0.0256 -0.0202 0.0210 0.2116 1.3911 1.2482
1494720000.0000 31050.0000 -0.6211 1.1940 0.1966 1.4280 152.5152 0.2204 0.2002 0.1921 0.0146 0.1091 0.0002 0.3064 0.3323 0.2782
1494720000.0000 31350.0000 -0.6928 1.3923 0.0576 1.6398 153.5449 0.2287 0.2681 0.1389 0.0345 0.0912 -0.0365 0.3178 0.2958 0.2617
1494720000.0000 31650.0000 -0.7770 1.1259 0.0431 1.4841 145.3900 0.3493 0.3432 0.1586 -0.0709 0.0786 -0.0332 0.4255 0.3892 0.3512
1494720000.0000 31950.0000 0.1148 1.0893 0.4419 1.1931 186.0169 0.2123 0.2285 0.1102 -0.0150 0.0715 -0.0124 0.2755 0.3629 0.3500
1494720000.0000 32250.0000 -0.0891 0.3278 0.1020 0.8903 164.7954 0.2841 0.5153 0.2571 0.2293 0.1930 0.1780 0.5283 1.6734 1.5198
1494720000.0000 32550.0000 0.1019 0.1521 0.3039 0.6456 213.8086 0.1456 0.3115 0.1375 0.0877 0.0533 0.1014 0.2973 1.2547 2.1320
1494720000.0000 32850.0000 -0.5834 -0.3170 -0.2785 0.7867 61.4810 0.1799 0.1691 0.1771 0.0134 0.0516 0.0214 0.2631 0.5817 0.5138
1494720000.0000 33150.0000 -0.6929 -0.4488 -0.3488 0.9272 57.0655 0.1508 0.1270 0.1304 -0.0448 0.0531 -0.0212 0.2041 0.4116 0.3686
1494720000.0000 33450.0000 0.4784 -0.4010 -0.0557 0.8668 309.9697 0.4447 0.0527 0.1220 0.0480 0.1283 0.0368 0.3097 0.7250 0.6523
1494720000.0000 33750.0000 1.0932 -0.2467 0.0760 1.1840 282.7161 0.2915 0.0879 0.0866 -0.0104 -0.0119 0.0405 0.2330 0.3509 0.3173
1494720000.0000 34050.0000 0.8422 -0.1672 0.1336 0.9276 281.2322 0.2205 0.0863 0.0862 -0.0052 -0.0058 0.0228 0.1965 0.4165 0.3724
1494720000.0000 34350.0000 0.9722 0.0114 0.2287 1.0278 269.3296 0.3101 0.0845 0.0739 0.0366 0.0114 0.0091 0.2343 0.3957 0.3730
1494720000.0000 34650.0000 1.0154 0.4888 0.3336 1.2789 244.2926 0.4239 0.3523 0.2030 0.2305 0.1724 0.0836 0.4896 0.4861 0.4514
1494720000.0000 34950.0000 0.6646 0.6810 0.2417 1.0549 224.3011 0.0939 0.2183 0.0945 -0.0434 0.0187 -0.0026 0.2034 0.3751 0.3391
1494720000.0000 35250.0000 0.0446 0.5636 0.2002 0.8122 184.5282 0.3103 0.1186 0.1450 0.0099 0.1054 -0.0100 0.2869 0.7292 0.6688
1494720000.0000 35550.0000 -0.5064 0.0630 -0.1553 0.6792 97.0960 0.1909 0.1441 0.1084 -0.0261 -0.0328 0.0046 0.2216 0.7206 0.6548
1494720000.0000 35850.0000 -0.3844 0.6213 -0.0304 0.9099 148.2554 0.1752 0.2865 0.2100 0.0463 0.0881 0.0583 0.3359 0.6471 0.5370
1494720000.0000 36150.0000 -0.6472 0.7028 0.0591 1.0904 137.3618 0.2661 0.1555 0.2052 0.0574 -0.0060 -0.0008 0.3134 0.4775 0.3924
1494720000.0000 36450.0000 -0.0846 0.7312 0.1453 0.9950 173.4031 0.3191 0.5048 0.2420 -0.1013 0.0560 0.1398 0.5330 0.7945 0.7120
1494720000.0000 36750.0000 -0.5665 1.9216 0.1253 2.0978 163.5735 0.3716 0.2845 0.2233 -0.0075 0.1014 0.0078 0.4397 0.2697 0.2334
1494720000.0000 37050.0000 -0.6876 1.2594 0.0197 1.6867 151.3682 0.4958 0.9419 0.3270 0.1172 0.1115 0.2601 0.8823 0.5345 0.4824
1494720000.0000 37350.0000 0.0284 1.0698 0.2223 1.2452 181.5210 0.3225 0.5715 0.2832 -0.1429 -0.0080 0.0783 0.5886 0.5731 0.5101
1494720000.0000 37650.0000 0.0224 -0.0477 -0.1339 0.7525 334.8482 0.4027 0.3937 0.4248 0.0162 0.1935 0.1091 0.6106 4.4331 9.7824
1494720000.0000 37950.0000 0.0279 0.6957 0.4864 1.3195 182.2950 1.0848 0.3689 0.1430 0.2207 0.1196 -0.0292 0.7984 0.8590 0.9998
1494720000.0000 38250.0000 1.7599 0.7791 0.5384 2.0160 246.1205 0.2663 0.3250 0.1535 -0.0347 -0.0490 0.0523 0.3724 0.2493 0.2307
1494720000.0000 38550.0000 1.1117 -0.1332 0.3046 1.2059 276.8330 0.2989 0.1764 0.1389 0.0036 -0.0116 0.0647 0.3071 0.3899 0.3555
1494720000.0000 38850.0000 1.0611 0.6135 0.3110 1.2685 239.9636 0.1105 0.1051 0.0491 0.0137 0.0118 0.0114 0.1324 0.2349 0.2187
1494720000.0000 39150.0000 0.1488 0.4588 0.1781 0.5617 197.9712 0.0696 0.0429 0.1191 -0.0134 -0.0239 -0.0064 0.1158 0.5404 0.4015
1494720000.0000 39450.0000 -0.1535 0.5325 0.2456 0.8119 163.9206 0.2807 0.1822 0.2171 0.0123 0.1294 0.0043 0.3400 0.7853 0.7087
1494720000.0000 39750.0000 -0.5169 0.6215 0.1189 1.0849 140.2533 0.4374 0.5321 0.4321 0.0106 0.1963 -0.0279 0.7008 0.8366 0.7033
1494720000.0000 40050.0000 -0.8784 -0.3803 -0.4643 1.3576 66.5891 1.2162 0.4287 0.4768 -0.0116 0.4539 0.0094 1.0609 0.7905 0.7736
1494720000.0000 40350.0000 -1.0456 0.6129 -0.3147 1.5137 120.3777 0.9389 0.5036 0.4149 0.2568 0.3076 0.1057 0.9287 0.6284 0.5722
1494720000.0000 40650.0000 -0.2076 1.2310 0.3127 1.4253 170.4288 0.4120 0.4577 0.1584 -0.0046 0.0303 -0.0132 0.5141 0.4549 0.4313
1494720000.0000 40950.0000 -0.6928 1.8295 0.3219 2.0431 159.2584 0.3352 0.5569 0.2633 -0.0867 0.0966 -0.0088 0.5777 0.3130 0.2788
1494720000.0000 41250.0000 0.1446 1.3819 0.2301 1.5720 185.9741 0.5132 0.2303 0.2106 -0.1185 0.1652 -0.0430 0.4771 0.4004 0.3583
1494720000.0000 41550.0000 0.0210 0.1313 0.1141 0.6552 189.1010 0.2404 0.2723 0.2615 0.0198 0.1275 0.0586 0.3870 2.8982 3.1076
1494720000.0000 41850.0000 -0.5071 0.3814 -0.2254 1.1319 126.9477 0.4328 0.8556 0.3022 0.0043 0.1486 0.0714 0.7953 1.0813 1.0328
1494720000.0000 42150.0000 -0.4693 0.9457 -0.0114 1.5661 153.6070 0.6581 1.1522 0.4089 0.3005 0.2595 0.3169 1.1096 0.8146 0.7358
1494720000.0000 42450.0000 -0.2463 0.8153 -0.1492 1.3475 163.1886 0.3857 1.4034 0.4429 -0.1110 0.1119 0.4161 1.1160 0.9976 0.9067
1494720000.0000 42750.0000 -0.0134 0.7616 0.4171 1.1578 178.9927 0.5784 0.4888 0.1687 -0.1228 0.0342 -0.0588 0.6180 0.7391 0.7830
1494720000.0000 43050.0000 0.8799 -0.1158 0.0253 1.1407 277.4999 0.5774 0.2603 0.3038 -0.1371 0.2390 -0.0408 0.5708 0.6947 0.5954
1494720000.0000 43350.0000 1.0473 0.4226 0.4150 1.1990 248.0236 0.2779 0.1280 0.0619 0.0117 0.0069 -0.0137 0.2339 0.3282 0.3257
1494720000.0000 43650.0000 -0.1081 0.6555 0.0275 1.3004 170.6347 1.1318 0.4279 0.1949 -0.4446 0.3069 -0.1141 0.8773 1.1501 1.0853
1494720000.0000 43950.0000 -0.3510 1.2727 0.1965 1.4579 164.5831 0.3354 0.4969 0.2117 -0.0356 0.0667 -0.0300 0.5221 0.4420 0.3990
1494720000.0000 44250.0000 -0.7241 2.0971 0.2113 2.3203 160.9512 0.5339 0.7598 0.2431 -0.2596 0.0861 -0.0516 0.7684 0.3212 0.2960
1494720000.0000 44550.0000 -0.0064 0.9406 0.0860 1.0973 179.6097 0.1833 0.6185 0.1150 -0.2141 0.0400 0.0135 0.4584 0.5853 0.5496
1494720000.0000 44850.0000 0.5591 1.5148 0.5351 1.7602 200.2588 0.3714 0.7460 0.1999 -0.0026 0.0069 0.1288 0.6587 0.3896 0.3780
1494720000.0000 45150.0000 1.0921 0.6410 0.2315 1.4544 239.5886 0.8515 0.4788 0.2130 0.2996 0.2154 0.0842 0.7716 0.5572 0.5259
1494720000.0000 45450.0000 0.2578 0.5544 0.0453 1.1313 204.9354 0.6868 0.5101 0.3817 -0.1103 -0.0421 0.0481 0.7893 1.1832 1.0331
1494720000.0000 45750.0000 0.5348 1.8451 0.6831 2.1339 196.1627 1.0860 0.7694 0.2897 0.2981 0.2684 0.1486 1.0725 0.4147 0.4094
1494720000.0000 46050.0000 2.2785 1.6810 0.9674 2.9693 233.5813 0.7041 0.5452 0.1540 -0.1879 0.0496 0.0119 0.7017 0.2286 0.2279
1494720000.0000 46350.0000 0.2785 2.1120 0.5221 2.2588 187.5109 0.5946 0.5629 0.1799 0.1089 0.1051 -0.0109 0.6687 0.3044 0.2916
1494720000.0000 46650.0000 -0.1172 1.8168 0.3000 2.0393 176.3089 0.6231 1.1615 0.1873 -0.5334 0.0031 0.0171 0.9859 0.4394 0.4236
1494720000.0000 46950.0000 0.3976 1.4818 0.6060 1.6883 195.0220 0.4487 0.6034 0.1269 0.0101 0.0520 -0.0823 0.5895 0.3800 0.3860
1494720000.0000 47250.0000 0.3009 1.9357 0.6210 2.0492 188.8368 0.4919 0.6548 0.2269 0.2824 0.1322 0.0689 0.6868 0.3293 0.3156
1494720000.0000 47550.0000 0.9270 1.9507 0.6221 2.2078 205.4181 0.2458 0.4923 0.1561 0.1398 0.1033 0.0786 0.4471 0.2429 0.2297
1494720000.0000 47850.0000 0.3037 0.6123 0.3654 1.1019 206.3806 0.5853 0.5219 0.2005 -0.2528 0.0757 0.0287 0.6538 0.8519 0.8889
1494720000.0000 48150.0000 1.1205 -0.3920 -0.0283 1.2749 289.2809 0.2576 0.2171 0.2407 -0.0728 -0.0222 0.0495 0.3577 0.4112 0.3351
1494720000.0000 48450.0000 0.3459 1.1255 0.4418 1.4637 197.0827 0.7408 1.1588 0.2141 0.3132 0.1921 0.1761 1.0568 0.6674 0.6758
1494720000.0000 48750.0000 1.6829 1.4122 0.8650 2.2887 229.9978 0.2958 0.5154 0.1494 0.0343 0.0065 -0.0174 0.4803 0.2397 0.2367
1494720000.0000 49050.0000 1.9087 1.5619 0.8168 2.6526 230.7071 0.6619 0.6097 0.1965 -0.3300 -0.0196 0.0235 0.7341 0.2693 0.2640
1494720000.0000 49350.0000 0.6739 1.4383 0.3463 1.7050 205.1029 0.3240 0.5243 0.2045 0.0753 0.0938 0.0883 0.5264 0.3644 0.3348
1494720000.0000 49650.0000 1.0166 1.9510 0.7286 2.4036 207.5233 0.6489 0.8636 0.2271 -0.3276 0.0218 -0.0396 0.8698 0.3286 0.3227
1494720000.0000 49950.0000 0.4128 1.5983 0.4032 1.7831 194.4824 0.4334 1.0593 0.2960 0.1319 0.0678 0.2270 0.8943 0.4544 0.4273
1494720000.0000 50250.0000 0.9990 1.9805 0.6666 2.3448 206.7664 0.2374 0.7736 0.1489 -0.2303 0.0059 0.0409 0.5800 0.2685 0.2617
1494720000.0000 50550.0000 0.7720 1.0532 0.4161 1.5125 216.2439 0.6761 0.2357 0.1431 0.1762 0.1336 0.0570 0.5274 0.4327 0.4222
1494720000.0000 50850.0000 0.7498 1.8468 0.6821 2.1902 202.0967 0.8745 0.5498 0.2334 0.0069 0.1749 0.0088 0.8289 0.3529 0.3457
1494720000.0000 51150.0000 0.4161 1.3967 0.4355 1.5903 196.5893 0.3461 0.3546 0.1398 -0.0449 0.0354 -0.0174 0.4203 0.3480 0.3316
1494720000.0000 51450.0000 -0.1920 1.9460 0.3858 2.0416 174.3647 0.2888 0.5676 0.1917 -0.0155 0.0038 -0.0429 0.5241 0.2966 0.2732
1494720000.0000 51750.0000 0.2900 1.5400 0.3238 1.7165 190.6652 0.4888 0.4471 0.1687 -0.0876 0.1583 -0.0655 0.5523 0.3792 0.3564
1494720000.0000 52050.0000 -0.4428 1.6829 0.2162 1.7972 165.2570 0.2115 0.3368 0.1624 -0.1143 0.0341 0.0179 0.3553 0.2776 0.2457
1494720000.0000 52350.0000 -0.2268 1.1993 0.0850 1.4219 169.2905 0.5426 0.2498 0.1299 -0.0406 0.0831 0.0188 0.4611 0.4532 0.4211
1494720000.0000 52650.0000 -0.1691 1.7408 0.3767 1.8589 174.4520 0.3417 0.7177 0.1753 -0.0501 0.0415 -0.0384 0.6174 0.3586 0.3398
1494720000.0000 52950.0000 -0.1475 1.8875 0.4315 1.9946 175.5326 0.3935 0.4341 0.1634 -0.1058 0.0890 -0.1022 0.4955 0.2960 0.2774
1494720000.0000 53250.0000 0.0895 1.5774 0.4440 1.6770 183.2470 0.2834 0.6660 0.1150 -0.1322 0.0347 -0.0555 0.5322 0.3630 0.3561
1494720000.0000 53550.0000 -0.4403 1.2522 0.0215 1.3770 160.6276 0.1505 0.2710 0.1371 -0.0372 0.0264 0.0652 0.2794 0.3251 0.2824
1494720000.0000 53850.0000 -0.6961 2.8486 0.3504 3.0075 166.2678 0.4147 1.2221 0.2755 -0.1311 0.0860 -0.0277 0.9561 0.2703 0.2519
1494720000.0000 54150.0000 -0.0289 2.3163 0.6203 2.4701 179.2846 0.7431 0.5981 0.2350 -0.0837 0.1681 -0.0998 0.7881 0.3023 0.2886
1494720000.0000 54450.0000 0.7202 1.8275 0.4866 2.0132 201.5093 0.1488 0.2188 0.1014 -0.0336 0.0344 -0.0073 0.2345 0.1954 0.1782
1494720000.0000 54750.0000 0.3232 2.3687 0.6233 2.6360 187.7706 1.0841 0.6390 0.1903 -0.3233 0.1658 -0.0924 0.9567 0.3233 0.3170
1494720000.0000 55050.0000 2.2115 0.9322 0.6278 2.5681 247.1421 0.5816 0.5736 0.1632 -0.2942 0.0302 0.0546 0.6592 0.2672 0.2586
1494720000.0000 55350.0000 2.1578 0.9944 0.5994 2.5196 245.2575 0.4268 0.7611 0.2952 -0.0164 0.0448 0.2244 0.7416 0.2869 0.2648
1494720000.0000 55650.0000 1.3683 0.1185 0.1996 1.5750 265.0512 0.7822 0.4752 0.2433 -0.1290 0.0058 0.1115 0.7504 0.5096 0.4714
1494720000.0000 55950.0000 1.5955 1.5168 0.8238 2.3069 226.4490 0.4426 0.4052 0.1746 -0.0402 0.0353 0.0323 0.5112 0.2484 0.2415
1494720000.0000 56250.0000 1.0829 1.6598 0.7197 2.0366 213.1225 0.1465 0.3528 0.0667 0.0060 0.0142 -0.0060 0.2830 0.2060 0.2058
1494720000.0000 56550.0000 1.8597 0.5574 0.5758 2.1629 253.3152 0.6577 0.7328 0.2079 -0.2244 -0.1213 0.1515 0.7992 0.3605 0.3507
1494720000.0000 56850.0000 3.0003 -0.4594 0.3068 3.1068 278.7050 0.6566 0.3666 0.3352 0.0095 -0.0053 0.1386 0.6792 0.2206 0.1924
1494720000.0000 57150.0000 2.7603 0.0574 0.5780 2.8316 268.8095 0.4679 0.3774 0.2533 -0.0808 -0.0337 0.0362 0.5493 0.2145 0.1923
1494720000.0000 57450.0000 2.2943 0.4231 0.4431 2.4056 259.5519 0.3316 0.3644 0.1713 0.0051 0.0500 0.0919 0.4337 0.2264 0.2065
1494720000.0000 57750.0000 1.9498 0.7896 0.5336 2.3222 247.9540 1.0131 0.6299 0.2226 -0.4203 -0.1296 0.1567 0.9328 0.3634 0.3518
1494720000.0000 58050.0000 2.5411 0.3945 0.5406 2.6137 261.1743 0.4350 0.2168 0.1626 0.0391 -0.0083 0.0457 0.4072 0.1983 0.1813
1494720000.0000 58350.0000 1.6017 0.1746 0.2974 1.7422 263.7789 0.3199 0.3611 0.1386 -0.0863 0.0026 0.1063 0.4098 0.3190 0.2957
1494720000.0000 58650.0000 2.2674 -0.1279 0.3337 2.3294 273.2274 0.5964 0.2362 0.1950 -0.0064 0.0273 0.0595 0.5138 0.2550 0.2320
1494720000.0000 58950.0000 1.5388 0.5672 0.5004 1.7788 249.7675 0.6805 0.2931 0.2088 -0.1508 -0.0566 0.0320 0.5912 0.3661 0.3473
1494720000.0000 59250.0000 2.3601 -0.2212 0.3095 2.4861 275.3537 0.5649 0.5155 0.3146 0.1694 -0.0730 0.1128 0.6975 0.2853 0.2532
1494720000.0000 59550.0000 1.4951 -0.3550 -0.0752 1.7447 283.3575 0.6959 0.6445 0.4481 -0.0269 0.0859 0.1575 0.8943 0.5019 0.4350
1494720000.0000 59850.0000 1.9888 0.2009 0.4430 2.1667 264.2319 1.1398 0.5690 0.2830 0.0737 0.1075 0.1032 0.9959 0.3980 0.3776
1494720000.0000 60150.0000 2.7040 0.5252 0.6486 2.8067 259.0082 0.4695 0.3152 0.2397 0.1120 -0.0754 0.0618 0.5122 0.2065 0.1857
1494720000.0000 60450.0000 2.2868 0.4913 0.5909 2.4425 257.8749 0.8535 0.6012 0.2774 0.1461 0.0649 0.1594 0.8661 0.3150 0.2977
1494720000.0000 60750.0000 2.3339 0.4479 0.5255 2.4738 259.1356 0.6243 0.3628 0.1640 -0.1441 -0.0716 0.0792 0.5756 0.2545 0.2414
1494720000.0000 61050.0000 2.1562 1.1108 0.7290 2.4704 242.7447 0.3775 0.2111 0.0880 0.0471 0.0020 0.0505 0.3383 0.1875 0.1826
1494720000.0000 61350.0000 1.7876 0.3986 0.4720 1.9349 257.4306 0.2796 0.3373 0.1501 -0.1130 -0.0540 0.0874 0.3835 0.2673 0.2476
1494720000.0000 61650.0000 2.1826 0.5692 0.5316 2.2925 255.3824 0.3030 0.1655 0.1524 0.0473 -0.0359 0.0321 0.3105 0.1963 0.1752
1494720000.0000 61950.0000 2.3313 0.7832 0.5733 2.5055 251.4313 0.6555 0.2284 0.1944 0.0953 0.1631 0.0845 0.5391 0.2374 0.2207
1494720000.0000 62250.0000 1.9459 0.4461 0.4416 2.1347 257.0890 0.6129 0.4364 0.1984 -0.1196 0.0325 0.0921 0.6239 0.3154 0.2962
1494720000.0000 62550.0000 2.4759 -0.5356 0.2059 2.6380 282.2075 0.6826 0.4082 0.2762 0.1918 0.0298 0.1331 0.6835 0.2656 0.2380
1494720000.0000 62850.0000 1.9134 -0.0288 0.2703 1.9893 270.8623 0.5825 0.2637 0.2335 0.0015 0.0482 0.0519 0.5398 0.3104 0.2775
1494720000.0000 63150.0000 1.3129 -0.4658 0.1989 1.6637 289.5350 0.4964 0.9617 0.3073 0.0288 0.0072 0.2577 0.8827 0.5451 0.5005
1494720000.0000 63450.0000 0.8717 1.6143 0.6438 2.0788 208.3680 0.4705 1.0257 0.1686 -0.4134 -0.0130 0.0915 0.8324 0.3832 0.3850
1494720000.0000 63750.0000 0.1396 1.2642 0.4385 1.4464 186.3019 0.3881 0.3060 0.1095 -0.1923 -0.0431 0.0275 0.4018 0.3847 0.3782
1494720000.0000 64050.0000 0.8279 1.1690 0.3197 1.5679 215.3066 0.2153 0.4497 0.1649 -0.1210 0.0129 0.0061 0.4150 0.3584 0.3287
1494720000.0000 64350.0000 1.2451 1.8397 0.7209 2.2991 214.0896 0.2537 0.2814 0.1033 -0.1116 0.0444 -0.0315 0.3192 0.1975 0.1901
1494720000.0000 64650.0000 1.6618 1.8010 0.7914 2.4972 222.6993 0.2042 0.1911 0.0962 -0.0185 0.0292 0.0170 0.2457 0.1572 0.1481
1494720000.0000 64950.0000 1.9945 1.1731 0.6640 2.3671 239.5369 0.2492 0.1755 0.0844 -0.0473 0.0358 -0.0069 0.2545 0.1711 0.1626
1494720000.0000 65250.0000 0.8000 0.7919 0.3383 1.2550 225.2931 0.2001 0.2891 0.1136 -0.0414 -0.0026 -0.0306 0.3014 0.3814 0.3587
1494720000.0000 65550.0000 1.5140 0.9054 0.5676 1.8659 239.1201 0.3836 0.2254 0.1020 -0.0822 0.0347 0.0015 0.3555 0.2627 0.2554
1494720000.0000 65850.0000 1.7185 0.9183 0.6067 1.9848 241.8799 0.1974 0.1119 0.0660 -0.0145 0.0214 0.0240 0.1877 0.1733 0.1648
1494720000.0000 66150.0000 1.8166 -0.2579 0.2230 1.9441 278.0814 0.5026 0.3819 0.1831 -0.0625 0.0013 0.0733 0.5338 0.3227 0.2959
1494720000.0000 66450.0000 2.2736 0.2491 0.4673 2.3369 263.7477 0.3552 0.2462 0.1345 0.0480 0.0017 0.0860 0.3680 0.2122 0.1958
1494720000.0000 66750.0000 1.8440 0.3977 0.4445 1.9527 257.8301 0.3697 0.2573 0.1486 0.0774 0.0051 0.1144 0.3878 0.2624 0.2423
1494720000.0000 67050.0000 1.8566 0.3806 0.4329 1.9243 258.4137 0.1188 0.1063 0.0692 -0.0028 -0.0183 0.0189 0.1472 0.1611 0.1445
1494720000.0000 67350.0000 2.2346 0.3692 0.5069 2.3086 260.6185 0.2507 0.2018 0.1362 0.0234 0.0049 0.0413 0.2943 0.1909 0.1715
1494720000.0000 67650.0000 1.9631 0.6566 0.6004 2.1174 251.5074 0.2601 0.1862 0.1181 -0.0053 -0.0405 0.0388 0.2822 0.2012 0.1863
1494720000.0000 67950.0000 1.5151 0.2905 0.3897 1.5892 259.1476 0.2382 0.1390 0.0759 0.0015 -0.0066 0.0296 0.2266 0.2442 0.2298
1494720000.0000 68250.0000 1.2496 0.2706 0.3509 1.3128 257.7817 0.1608 0.0905 0.0401 0.0229 -0.0012 0.0190 0.1457 0.2351 0.2264
1494720000.0000 68550.0000 1.4450 0.2785 0.3314 1.5126 259.0920 0.1496 0.1334 0.0795 0.0314 -0.0038 0.0348 0.1813 0.2305 0.2087
1494720000.0000 68850.0000 1.3348 0.0259 0.2193 1.3673 268.8901 0.1865 0.0875 0.0391 0.0099 -0.0177 -0.0020 0.1566 0.2388 0.2264
1494720000.0000 69150.0000 0.5279 -0.0621 0.0786 0.5750 276.7083 0.1437 0.0527 0.0236 0.0415 0.0126 0.0065 0.1100 0.5039 0.4813
1494720000.0000 69450.0000 0.5262 -0.3736 -0.0688 0.6904 305.3757 0.0792 0.0534 0.0201 -0.0051 -0.0048 0.0057 0.0764 0.3477 0.3259
1494720000.0000 69750.0000 0.7999 -0.4474 -0.0097 0.9689 299.2182 0.0919 0.0776 0.0329 0.0190 -0.0109 0.0041 0.1012 0.2833 0.2593
1494720000.0000 70050.0000 0.7675 -0.3483 -0.0093 0.8820 294.4062 0.0828 0.0613 0.0182 0.0087 0.0059 0.0072 0.0811 0.2759 0.2600
1494720000.0000 70350.0000 0.7927 -0.7283 -0.1073 1.1239 312.5753 0.1307 0.0893 0.0472 -0.0147 -0.0080 0.0081 0.1336 0.2758 0.2516
1494720000.0000 70650.0000 0.5948 -0.8868 -0.2932 1.1131 326.1489 0.1277 0.0962 0.0684 -0.0277 -0.0109 0.0231 0.1462 0.2819 0.2559
1494720000.0000 70950.0000 0.6510 -0.7601 -0.1943 1.0395 319.4243 0.1174 0.0808 0.0411 -0.0357 -0.0139 0.0198 0.1196 0.2770 0.2568
1494720000.0000 71250.0000 0.6197 -0.5506 -0.0519 0.8903 311.6237 0.1245 0.1031 0.0599 -0.0384 -0.0162 0.0238 0.1437 0.3727 0.3322
1494720000.0000 71550.0000 0.5882 -0.1953 0.0213 0.6476 288.3673 0.0307 0.0330 0.0126 0.0025 -0.0002 0.0022 0.0382 0.2572 0.2351
1494720000.0000 71850.0000 0.5641 -0.6471 -0.1610 0.8885 318.9173 0.0708 0.1173 0.0355 -0.0421 -0.0175 0.0214 0.1118 0.3125 0.2917
1494720000.0000 72150.0000 0.7073 -0.8414 -0.1670 1.1445 319.9487 0.1110 0.0860 0.0421 -0.0125 -0.0155 0.0137 0.1195 0.2539 0.2331
1494720000.0000 72450.0000 0.6191 -0.5860 -0.0734 0.8924 313.4224 0.0632 0.0754 0.0419 -0.0049 -0.0127 0.0110 0.0902 0.2867 0.2522
1494720000.0000 72750.0000 0.6490 -0.5695 -0.0645 0.8872 311.2658 0.0576 0.0522 0.0277 -0.0169 -0.0102 0.0044 0.0687 0.2472 0.2216
1494720000.0000 73050.0000 0.6352 -0.4769 -0.0396 0.8165 306.8997 0.0350 0.0517 0.0228 -0.0083 -0.0060 0.0060 0.0548 0.2403 0.2141
1494720000.0000 73350.0000 0.4045 -0.5175 -0.1506 0.6939 321.9865 0.0761 0.1265 0.0345 -0.0525 -0.0155 0.0354 0.1186 0.4172 0.3957
1494720000.0000 73650.0000 0.7538 -0.8609 -0.1373 1.1940 318.7920 0.1369 0.1018 0.0786 -0.0180 -0.0287 0.0319 0.1586 0.2822 0.2465
1494720000.0000 73950.0000 0.6209 -0.7245 -0.1567 0.9835 319.4021 0.0862 0.0718 0.0398 -0.0253 -0.0145 0.0159 0.0989 0.2656 0.2405
1494720000.0000 74250.0000 0.8114 -0.8502 -0.1294 1.1993 316.3362 0.0578 0.0705 0.0382 -0.0072 -0.0075 0.0174 0.0832 0.1992 0.1759
1494720000.0000 74550.0000 0.3203 -0.1859 -0.0288 0.4089 300.1318 0.0417 0.0462 0.0154 -0.0242 -0.0050 0.0069 0.0516 0.4996 0.4623
1494720000.0000 74850.0000 0.2148 0.0614 0.0195 0.2391 254.0513 0.0070 0.0066 0.0042 0.0016 -0.0009 0.0001 0.0089 0.3442 0.3020
1494720000.0000 75150.0000 0.1993 0.0504 -0.0064 0.2520 255.8160 0.0099 0.0179 0.0057 0.0068 0.0029 0.0057 0.0167 0.5133 0.4681
1494720000.0000 75450.0000 0.0534 -0.2991 -0.1458 0.3197 349.8770 0.0101 0.0030 0.0030 0.0010 0.0022 0.0006 0.0080 0.2172 0.2170
1494720000.0000 75750.0000 0.3229 -0.4939 -0.1961 0.5995 326.8286 0.0153 0.0048 0.0030 -0.0028 0.0005 0.0007 0.0116 0.1414 0.1388
1494720000.0000 76050.0000 0.3934 -0.3403 -0.1138 0.5269 310.8638 0.0027 0.0113 0.0036 -0.0009 -0.0002 0.0029 0.0088 0.1442 0.1315
1494720000.0000 76350.0000 0.2650 -0.2368 -0.0998 0.3740 311.7801 0.0261 0.0183 0.0045 -0.0101 0.0002 0.0040 0.0245 0.3461 0.3426
1494720000.0000 76650.0000 -0.3296 -0.3369 -0.2734 0.4935 44.3702 0.0508 0.0168 0.0105 0.0184 0.0188 0.0103 0.0391 0.2963 0.3186
1494720000.0000 76950.0000 -0.5671 -0.7541 -0.3989 0.9529 36.9442 0.0170 0.0285 0.0240 0.0033 0.0092 0.0112 0.0347 0.1485 0.1304
1494720000.0000 77250.0000 -0.6154 -0.8673 -0.4213 1.0731 35.3561 0.0187 0.0341 0.0323 0.0032 0.0097 0.0165 0.0425 0.1471 0.1247
1494720000.0000 77550.0000 -0.5518 -0.9382 -0.4059 1.1014 30.4609 0.0293 0.0408 0.0359 0.0056 0.0084 0.0202 0.0530 0.1618 0.1404
1494720000.0000 77850.0000 -0.5078 -0.9735 -0.4286 1.1084 27.5471 0.0337 0.0256 0.0280 0.0119 0.0114 0.0150 0.0436 0.1447 0.1280
1494720000.0000 78150.0000 -0.5109 -0.9113 -0.4166 1.0583 29.2775 0.0382 0.0434 0.0382 0.0134 0.0160 0.0270 0.0599 0.1777 0.1579
1494720000.0000 78450.0000 -0.0525 -0.6379 -0.2871 0.7216 4.7057 0.1105 0.0372 0.0217 0.0274 0.0238 0.0177 0.0847 0.3387 0.3466
1494720000.0000 78750.0000 0.6285 -0.5568 -0.0968 0.8518 311.5402 0.0159 0.0249 0.0097 -0.0019 -0.0007 0.0014 0.0253 0.1536 0.1389
1494720000.0000 79050.0000 0.4457 -0.3878 -0.1323 0.5968 311.0230 0.0105 0.0185 0.0035 -0.0084 -0.0012 0.0027 0.0162 0.1716 0.1662
1494720000.0000 79350.0000 0.1347 -0.3777 -0.1941 0.4292 340.3672 0.0246 0.0135 0.0079 0.0054 0.0068 0.0075 0.0230 0.2779 0.2808
1494720000.0000 79650.0000 -0.0051 -0.4338 -0.2054 0.4538 0.6702 0.0190 0.0130 0.0124 0.0068 0.0105 0.0087 0.0222 0.2532 0.2379
1494720000.0000 79950.0000 0.2052 -0.2501 -0.1363 0.3719 320.6405 0.0123 0.0776 0.0115 -0.0050 -0.0042 0.0224 0.0507 0.5238 0.5351
1494720000.0000 80250.0000 0.4032 -0.1155 0.0036 0.4215 285.9782 0.0126 0.0030 0.0011 -0.0038 -0.0000 0.0003 0.0083 0.1776 0.1715
1494720000.0000 80550.0000 0.4803 -0.2339 -0.0473 0.5432 295.9605 0.0044 0.0102 0.0025 0.0015 0.0006 0.0015 0.0085 0.1405 0.1303
1494720000.0000 80850.0000 0.0827 -0.2198 -0.1139 0.3191 339.3875 0.0573 0.0103 0.0027 -0.0218 0.0026 0.0001 0.0351 0.5862 0.6388
1494720000.0000 81150.0000 -0.4141 -0.1434 -0.2147 0.4565 70.9053 0.0038 0.0226 0.0067 0.0030 0.0025 0.0102 0.0165 0.2152 0.2140
1494720000.0000 81450.0000 -0.5211 -0.5317 -0.3928 0.7536 44.4268 0.0149 0.0110 0.0121 -0.0006 0.0059 0.0038 0.0190 0.1337 0.1248
1494720000.0000 81750.0000 -0.6086 -0.4679 -0.4080 0.7963 52.4455 0.0621 0.0101 0.0134 -0.0053 0.0120 0.0009 0.0428 0.1943 0.2021
1494720000.0000 82050.0000 -0.8498 -0.6640 -0.5095 1.0918 51.9981 0.0335 0.0202 0.0138 -0.0027 0.0102 0.0029 0.0337 0.1258 0.1241
1494720000.0000 82350.0000 -0.8361 -0.6835 -0.5237 1.0954 50.7342 0.0506 0.0097 0.0140 -0.0080 0.0158 0.0004 0.0372 0.1311 0.1313
1494720000.0000 82650.0000 -0.8714 -0.7962 -0.5417 1.1941 47.5838 0.0280 0.0273 0.0238 -0.0047 0.0110 0.0043 0.0395 0.1250 0.1149
1494720000.0000 82950.0000 -0.6369 -0.9112 -0.4519 1.1269 34.9533 0.0465 0.0365 0.0328 0.0094 0.0184 0.0167 0.0579 0.1638 0.1497
1494720000.0000 83250.0000 -0.8265 -0.9583 -0.5062 1.2815 40.7780 0.0782 0.0356 0.0502 0.0167 0.0353 0.0208 0.0820 0.1715 0.1539
1494720000.0000 83550.0000 -1.1465 -0.9951 -0.6233 1.5282 49.0454 0.0544 0.0377 0.0424 0.0156 0.0273 0.0211 0.0672 0.1290 0.1154
1494720000.0000 83850.0000 -0.7509 -1.1267 -0.5588 1.3727 33.6812 0.0521 0.0320 0.0343 -0.0051 0.0165 0.0094 0.0592 0.1356 0.1236
1494720000.0000 84150.0000 -0.5731 -1.1319 -0.4893 1.2766 26.8531 0.0307 0.0274 0.0274 0.0125 0.0090 0.0131 0.0428 0.1242 0.1097
1494720000.0000 84450.0000 -0.7089 -1.0710 -0.4887 1.2980 33.5000 0.0354 0.0383 0.0352 0.0011 0.0140 0.0145 0.0545 0.1387 0.1220
1494720000.0000 84750.0000 -0.8350 -1.2536 -0.5984 1.5214 33.6655 0.0355 0.0693 0.0482 0.0020 0.0128 0.0258 0.0765 0.1393 0.1241
1494720000.0000 85050.0000 -0.8387 -1.3560 -0.6224 1.6069 31.7371 0.0380 0.0558 0.0535 0.0059 0.0160 0.0221 0.0737 0.1295 0.1110
1494720000.0000 85350.0000 -0.4701 -0.9860 -0.4118 1.1001 25.4907 0.0391 0.0427 0.0252 0.0281 0.0141 0.0210 0.0535 0.1618 0.1511
1494720000.0000 85650.0000 -0.5176 -0.8657 -0.3775 1.0168 30.8719 0.0231 0.0474 0.0279 0.0164 0.0138 0.0244 0.0492 0.1682 0.1520
1494720000.0000 85950.0000 -0.5732 -0.8313 -0.4052 1.0181 34.5905 0.0197 0.0326 0.0273 0.0077 0.0117 0.0149 0.0398 0.1497 0.1307
1494720000.0000 86250.0000 -0.7709 -1.0655 -0.5461 1.3262 35.8845 0.0273 0.0445 0.0381 0.0035 0.0128 0.0142 0.0550 0.1344 0.1176
1494806400.0000 86550.0000 -0.9774 -1.1793 -0.5957 1.5490 39.6524 0.0619 0.0549 0.0623 0.0060 0.0237 0.0298 0.0895 0.1486 0.1288
1494806400.0000 86850.0000 -0.6742 -1.1984 -0.5338 1.3896 29.3622 0.0643 0.0485 0.0445 0.0252 0.0224 0.0251 0.0786 0.1552 0.1410
1494806400.0000 87150.0000 -0.2818 -0.8504 -0.3502 0.9040 18.3330 0.0160 0.0152 0.0134 0.0013 0.0030 0.0068 0.0223 0.1266 0.1137
1494806400.0000 87450.0000 -0.3038 -0.8272 -0.3145 0.8913 20.1674 0.0218 0.0294 0.0228 0.0056 0.0027 0.0156 0.0370 0.1679 0.1483
1494806400.0000 87750.0000 -0.5336 -0.9591 -0.3933 1.1111 29.0908 0.0366 0.0373 0.0302 0.0097 0.0092 0.0170 0.0521 0.1598 0.1431
1494806400.0000 88050.0000 -0.7230 -1.1925 -0.5379 1.4049 31.2296 0.0283 0.0524 0.0408 0.0081 0.0101 0.0227 0.0607 0.1346 0.1176
1494806400.0000 88350.0000 -0.8503 -1.3873 -0.6244 1.6432 31.5057 0.0412 0.0669 0.0576 -0.0013 0.0129 0.0261 0.0829 0.1349 0.1167
1494806400.0000 88650.0000 -0.8044 -1.3279 -0.5938 1.5674 31.2085 0.0448 0.0670 0.0558 0.0068 0.0102 0.0321 0.0838 0.1422 0.1243
1494806400.0000 88950.0000 -0.6875 -1.3330 -0.5613 1.5129 27.2815 0.0658 0.0522 0.0526 0.0294 0.0223 0.0301 0.0853 0.1489 0.1323
1494806400.0000 89250.0000 -0.5142 -1.1793 -0.4681 1.3053 23.5574 0.0584 0.0391 0.0488 0.0084 0.0029 0.0187 0.0732 0.1613 0.1401
1494806400.0000 89550.0000 -0.4725 -1.0549 -0.3769 1.1787 24.1293 0.0698 0.0504 0.0558 0.0180 0.0136 0.0240 0.0880 0.1993 0.1732
1494806400.0000 89850.0000 -0.4623 -1.0700 -0.4083 1.1855 23.3678 0.0593 0.0407 0.0424 0.0134 0.0101 0.0212 0.0712 0.1764 0.1566
1494806400.0000 90150.0000 -0.3500 -0.8925 -0.3316 0.9743 21.4126 0.0380 0.0309 0.0289 0.0081 0.0037 0.0151 0.0489 0.1780 0.1581
1494806400.0000 90450.0000 -0.6845 -1.1196 -0.4938 1.3314 31.4409 0.0592 0.0560 0.0582 0.0104 0.0149 0.0254 0.0867 0.1715 0.1494
1494806400.0000 90750.0000 -0.7173 -1.2624 -0.5485 1.4670 29.6057 0.0517 0.0491 0.0489 0.0103 0.0148 0.0237 0.0749 0.1439 0.1262
1494806400.0000 91050.0000 -0.4987 -1.1730 -0.4574 1.2929 23.0323 0.0601 0.0409 0.0431 0.0142 0.0099 0.0199 0.0721 0.1619 0.1440
1494806400.0000 91350.0000 -0.2686 -0.9386 -0.3435 0.9993 15.9677 0.0520 0.0390 0.0366 0.0035 -0.0012 0.0182 0.0638 0.1993 0.1784
1494806400.0000 91650.0000 0.0424 -0.3864 -0.1055 0.4186 353.7440 0.0269 0.0475 0.0155 0.0165 0.0041 0.0135 0.0450 0.4299 0.4052
1494806400.0000 91950.0000 -0.1259 -0.5764 -0.2018 0.6326 12.3175 0.0742 0.0763 0.0324 0.0553 0.0266 0.0334 0.0914 0.3960 0.3796
1494806400.0000 92250.0000 -0.9574 -1.2140 -0.5938 1.5678 38.2600 0.0828 0.0717 0.0717 0.0104 0.0301 0.0358 0.1131 0.1658 0.1468
1494806400.0000 92550.0000 -0.9626 -1.4123 -0.6768 1.7238 34.2777 0.0466 0.0775 0.0714 0.0070 0.0208 0.0372 0.0977 0.1389 0.1190
1494806400.0000 92850.0000 -1.2303 -1.3552 -0.7558 1.8479 42.2348 0.0922 0.0423 0.0626 0.0054 0.0326 0.0208 0.0986 0.1295 0.1157
1494806400.0000 93150.0000 -1.3182 -1.2742 -0.7634 1.8463 45.9717 0.0703 0.0452 0.0745 0.0119 0.0361 0.0287 0.0950 0.1267 0.1070
1494806400.0000 93450.0000 -1.1055 -1.1985 -0.6660 1.6485 42.6889 0.0811 0.0533 0.0656 0.0112 0.0346 0.0248 0.1000 0.1466 0.1298
1494806400.0000 93750.0000 -1.2736 -1.2787 -0.7344 1.8235 44.8849 0.0918 0.0602 0.0869 0.0090 0.0397 0.0297 0.1195 0.1448 0.1248
1494806400.0000 94050.0000 -1.4520 -1.4112 -0.8554 2.0410 45.8165 0.1013 0.0706 0.0880 0.0235 0.0524 0.0379 0.1300 0.1339 0.1182
1494806400.0000 94350.0000 -1.5033 -1.4058 -0.8730 2.0737 46.9208 0.0832 0.0610 0.0733 0.0099 0.0401 0.0247 0.1087 0.1204 0.1065
1494806400.0000 94650.0000 -1.1911 -1.1419 -0.6651 1.6780 46.2093 0.1127 0.0802 0.1038 0.0040 0.0561 0.0319 0.1484 0.1768 0.1537
1494806400.0000 94950.0000 -1.2195 -1.3108 -0.7294 1.8143 42.9315 0.1057 0.0758 0.1064 0.0066 0.0522 0.0336 0.1440 0.1603 0.1374
1494806400.0000 95250.0000 -1.2359 -1.2698 -0.7247 1.7940 44.2267 0.1052 0.0705 0.0957 0.0119 0.0487 0.0327 0.1357 0.1571 0.1366
1494806400.0000 95550.0000 -1.2037 -1.1825 -0.6835 1.7180 45.5072 0.1248 0.0845 0.1028 0.0031 0.0542 0.0262 0.1560 0.1772 0.1565
1494806400.0000 95850.0000 -1.0836 -1.2130 -0.6662 1.6539 41.7740 0.1153 0.0706 0.0905 0.0063 0.0500 0.0279 0.1382 0.1727 0.1531
1494806400.0000 96150.0000 -1.1024 -1.1814 -0.6558 1.6400 43.0202 0.1080 0.0640 0.0879 0.0104 0.0475 0.0324 0.1299 0.1688 0.1482
1494806400.0000 96450.0000 -1.1287 -1.2635 -0.6745 1.7251 41.7764 0.1543 0.0877 0.1183 0.0203 0.0635 0.0484 0.1801 0.1900 0.1676
1494806400.0000 96750.0000 -1.1056 -1.2469 -0.6784 1.6894 41.5627 0.1056 0.0685 0.0906 0.0119 0.0465 0.0364 0.1324 0.1651 0.1446
1494806400.0000 97050.0000 -0.9254 -0.9850 -0.5406 1.3763 43.2134 0.0642 0.0802 0.0731 0.0028 0.0283 0.0292 0.1088 0.1850 0.1623
1494806400.0000 97350.0000 -0.7128 -0.6422 -0.4200 0.9909 47.9807 0.0754 0.0545 0.0420 0.0025 0.0261 0.0144 0.0859 0.2285 0.2169
1494806400.0000 97650.0000 -0.8448 -0.9312 -0.5109 1.2832 42.2142 0.1015 0.0737 0.0804 0.0197 0.0436 0.0331 0.1278 0.2151 0.1922
1494806400.0000 97950.0000 -0.9446 -0.9392 -0.5612 1.3653 45.1648 0.1197 0.1000 0.0984 0.0219 0.0542 0.0447 0.1590 0.2252 0.2031
1494806400.0000 98250.0000 -0.8536 -1.0100 -0.5631 1.3695 40.2013 0.1545 0.1333 0.1244 0.0171 0.0763 0.0563 0.2061 0.2579 0.2342
1494806400.0000 98550.0000 -0.5717 -0.8591 -0.3545 1.0926 33.6409 0.1760 0.1330 0.1488 0.0251 0.0632 0.0671 0.2289 0.3580 0.3110
1494806400.0000 98850.0000 -0.6654 -0.9837 -0.4853 1.2536 34.0737 0.1760 0.1391 0.1619 0.0021 0.0601 0.0569 0.2385 0.3108 0.2729
1494806400.0000 99150.0000 -0.8329 -1.0625 -0.5530 1.4153 38.0926 0.2153 0.1804 0.1897 0.0403 0.0728 0.1043 0.2927 0.3028 0.2690
1494806400.0000 99450.0000 -0.7235 -0.9729 -0.4776 1.2731 36.6376 0.1613 0.1460 0.1467 0.0125 0.0422 0.0601 0.2270 0.2985 0.2640
1494806400.0000 99750.0000 -0.6006 -0.9433 -0.3943 1.1894 32.4837 0.1788 0.1560 0.1616 -0.0010 0.0454 0.0624 0.2482 0.3430 0.2987
1494806400.0000 100050.0000 -0.7951 -1.0302 -0.5185 1.3704 37.6598 0.2436 0.1474 0.1817 0.0314 0.1041 0.0761 0.2863 0.3119 0.2774
1494806400.0000 100350.0000 -0.8986 -1.1638 -0.5673 1.5286 37.6743 0.2173 0.1750 0.1741 0.0313 0.0789 0.0825 0.2832 0.2757 0.2459
1494806400.0000 100650.0000 -0.9724 -1.2663 -0.6621 1.6540 37.5201 0.2109 0.1594 0.2043 0.0129 0.0722 0.0969 0.2873 0.2532 0.2200
1494806400.0000 100950.0000 -0.9101 -1.3204 -0.6729 1.6711 34.5751 0.1960 0.2215 0.2364 -0.0080 0.0482 0.1140 0.3270 0.2685 0.2326
1494806400.0000 101250.0000 -0.8846 -1.1356 -0.5510 1.5090 37.9168 0.2437 0.1989 0.2525 0.0148 0.0902 0.1103 0.3475 0.3123 0.2668
1494806400.0000 101550.0000 -0.3662 -0.5628 -0.2410 0.8111 33.0527 0.2127 0.2087 0.1772 0.0378 0.0557 0.0803 0.2993 0.6262 0.5582
1494806400.0000 101850.0000 -0.6237 -0.6313 -0.3223 0.9979 44.6536 0.2863 0.2097 0.2675 0.0670 0.1325 0.1420 0.3817 0.5343 0.4582
1494806400.0000 102150.0000 -0.7144 -0.8861 -0.4066 1.2361 38.8786 0.2374 0.2102 0.2457 -0.0042 0.0586 0.0841 0.3466 0.3977 0.3393
1494806400.0000 102450.0000 -0.6554 -0.8047 -0.3729 1.1346 39.1608 0.1866 0.1838 0.1839 -0.0179 0.0385 0.0747 0.2771 0.3897 0.3385
1494806400.0000 102750.0000 -0.6237 -0.7351 -0.2930 1.0388 40.3123 0.2020 0.1686 0.1736 0.0386 0.0910 0.0698 0.2721 0.4227 0.3646
1494806400.0000 103050.0000 -0.6479 -0.6645 -0.3061 1.0066 44.2737 0.1426 0.1919 0.1968 0.0173 0.0532 0.0977 0.2657 0.4307 0.3598
1494806400.0000 103350.0000 -0.6335 -0.5710 -0.3599 0.9372 47.9682 0.1581 0.1415 0.1411 -0.0105 0.0367 0.0514 0.2203 0.4140 0.3705
1494806400.0000 103650.0000 -0.4985 -0.4520 -0.2260 0.7846 47.8001 0.1409 0.1900 0.1539 0.0297 0.0688 0.0606 0.2424 0.5663 0.4935
1494806400.0000 103950.0000 -0.5665 -0.3713 -0.2888 0.7620 56.7543 0.1222 0.1350 0.1048 0.0258 0.0493 0.0559 0.1810 0.4718 0.4323
1494806400.0000 104250.0000 -0.4698 -0.3746 -0.2511 0.6801 51.4307 0.1003 0.0836 0.0933 -0.0062 0.0253 0.0220 0.1386 0.4668 0.4121
1494806400.0000 104550.0000 -0.5021 -0.4501 -0.2744 0.7565 48.1281 0.0925 0.1249 0.0928 -0.0045 0.0208 0.0396 0.1551 0.4416 0.3991
1494806400.0000 104850.0000 -0.5091 -0.3239 -0.2445 0.6844 57.5310 0.0942 0.1278 0.1159 0.0196 0.0544 0.0504 0.1689 0.5154 0.4508
1494806400.0000 105150.0000 -0.5791 -0.5413 -0.3086 0.8643 46.9306 0.1778 0.1476 0.1652 0.0479 0.0778 0.0833 0.2452 0.4753 0.4154
1494806400.0000 105450.0000 -0.6334 -0.6009 -0.3973 0.9641 46.5072 0.1572 0.1820 0.1628 0.0065 0.0465 0.0783 0.2510 0.4265 0.3852
1494806400.0000 105750.0000 -0.7320 -0.8890 -0.4411 1.2544 39.4711 0.3136 0.2786 0.3010 0.0566 0.1365 0.1575 0.4466 0.4425 0.3858
1494806400.0000 106050.0000 -0.1488 -0.5354 -0.2047 0.9044 15.5346 0.3908 0.3462 0.2568 0.0600 0.1109 0.1197 0.4969 0.9719 0.8919
1494806400.0000 106350.0000 -0.0462 -0.2624 -0.0624 0.6491 9.9956 0.2840 0.2112 0.1844 0.0703 0.1047 0.0774 0.3398 1.7396 1.5251
1494806400.0000 106650.0000 -0.3338 -0.1032 -0.1244 0.6100 72.8136 0.2738 0.1526 0.1529 0.0201 0.1024 0.0375 0.2896 1.1848 1.0790
1494806400.0000 106950.0000 -0.4038 0.0958 -0.0014 0.5453 103.3467 0.0831 0.1162 0.0721 0.0230 0.0200 0.0441 0.1357 0.7247 0.6211
1494806400.0000 107250.0000 -0.8516 -0.1177 -0.2336 0.9711 82.1322 0.1745 0.1677 0.1703 -0.0230 0.0372 0.0482 0.2563 0.4640 0.3929
1494806400.0000 107550.0000 -0.7681 -0.2284 -0.2648 0.9837 73.4439 0.2448 0.3239 0.2303 0.0729 0.1159 0.1494 0.3995 0.6114 0.5433
1494806400.0000 107850.0000 -0.5976 -0.2601 -0.2067 0.8081 66.4825 0.2291 0.1951 0.1634 0.0341 0.0780 0.0793 0.2938 0.6473 0.5770
1494806400.0000 108150.0000 -0.7296 -0.1965 -0.2819 0.9002 74.9255 0.1629 0.2439 0.2753 0.0361 0.0948 0.1074 0.3410 0.5912 0.4873
1494806400.0000 108450.0000 -0.9125 -0.2501 -0.2802 1.1254 74.6758 0.4086 0.2370 0.2928 0.0216 0.1666 0.0961 0.4692 0.5668 0.4903
1494806400.0000 108750.0000 -1.0999 -0.2003 -0.3103 1.2586 79.6800 0.4301 0.2553 0.2775 -0.0318 0.1400 0.0699 0.4814 0.4883 0.4275
1494806400.0000 109050.0000 -1.1139 -0.5018 -0.4893 1.3509 65.7489 0.3619 0.3069 0.3031 0.0121 0.1602 0.1066 0.4859 0.4325 0.3865
1494806400.0000 109350.0000 -0.7615 -0.3840 -0.3210 1.0248 63.2432 0.3967 0.2691 0.2931 0.0309 0.1391 0.1149 0.4795 0.6204 0.5524
1494806400.0000 109650.0000 -0.8177 -0.5503 -0.3391 1.1481 56.0610 0.3258 0.2583 0.2869 -0.0698 0.0757 0.0970 0.4355 0.5170 0.4477
1494806400.0000 109950.0000 -0.6664 -0.7369 -0.3468 1.1287 42.1250 0.3112 0.3577 0.3691 0.0857 0.1765 0.1561 0.5190 0.5590 0.4753
1494806400.0000 110250.0000 -0.7554 -0.8075 -0.4840 1.2553 43.0895 0.3353 0.4587 0.3591 0.0568 0.1542 0.2187 0.5765 0.5136 0.4653
1494806400.0000 110550.0000 -0.6815 -0.7497 -0.4839 1.1581 42.2720 0.2719 0.3630 0.3419 -0.0015 0.0690 0.1068 0.4884 0.5082 0.4540
1494806400.0000 110850.0000 -0.6880 -0.7065 -0.3713 1.2275 44.2389 0.4925 0.5046 0.4052 0.1400 0.2063 0.2099 0.7012 0.6488 0.5846
1494806400.0000 111150.0000 -0.6712 -0.8772 -0.3779 1.3155 37.4233 0.6097 0.5597 0.5869 0.1725 0.2463 0.3831 0.8781 0.6554 0.5652
1494806400.0000 111450.0000 -0.4113 -0.2487 -0.2638 0.9753 58.8393 0.4874 0.5001 0.3186 0.0109 0.1769 0.1110 0.6531 1.2035 1.1938
1494806400.0000 111750.0000 -0.8307 -0.7444 -0.5132 1.3076 48.1375 0.6580 0.2878 0.4628 0.0256 0.2606 0.1218 0.7043 0.5581 0.5034
1494806400.0000 112050.0000 -0.5371 -0.5888 -0.4297 1.0379 42.3707 0.3930 0.4362 0.4199 0.1088 0.1927 0.1818 0.6246 0.7127 0.6597
1494806400.0000 112350.0000 -0.4487 -0.2066 -0.1540 0.9110 65.2769 0.4813 0.5517 0.4536 0.0055 0.1358 0.2455 0.7432 1.3604 1.1878
1494806400.0000 112650.0000 -0.5499 -0.4340 -0.2958 1.0623 51.7224 0.4464 0.5736 0.4078 0.0406 0.1501 0.1657 0.7139 0.9072 0.8324
1494806400.0000 112950.0000 -0.7279 -0.4468 -0.2817 1.2110 58.4590 0.8161 0.4184 0.5041 0.0058 0.2219 0.1220 0.8693 0.8465 0.7511
1494806400.0000 113250.0000 -0.9853 -0.8629 -0.4765 1.5742 48.7863 0.8251 0.5078 0.5795 0.0322 0.3356 0.1568 0.9562 0.5729 0.5089
1494806400.0000 113550.0000 -1.2154 -0.8016 -0.5862 1.7024 56.5924 0.8570 0.6560 0.7049 0.0221 0.3280 0.2139 1.1090 0.5478 0.4878
1494806400.0000 113850.0000 -1.2006 -0.6461 -0.4752 1.6396 61.7137 0.8343 0.5982 0.7232 -0.0318 0.3642 0.1766 1.0779 0.5871 0.5069
1494806400.0000 114150.0000 -1.1410 -0.6694 -0.4903 1.5183 59.6024 0.6585 0.4587 0.5993 0.0469 0.3115 0.2405 0.8582 0.5361 0.4613
1494806400.0000 114450.0000 -1.2849 -0.8813 -0.6281 1.7563 55.5551 0.7223 0.6271 0.6796 0.0988 0.3772 0.2224 1.0145 0.4896 0.4305
1494806400.0000 114750.0000 -0.8513 -0.7758 -0.3954 1.4280 47.6558 0.9394 0.4359 0.4517 0.0530 0.3175 0.1674 0.9135 0.6409 0.5879
1494806400.0000 115050.0000 -0.4222 -0.8977 -0.4193 1.2102 25.1900 0.4840 0.4644 0.3997 0.0879 0.1577 0.1770 0.6740 0.6224 0.5668
1494806400.0000 115350.0000 -0.2281 -0.2346 -0.0178 0.8075 44.1938 0.3729 0.4144 0.3030 0.0212 0.1565 0.1453 0.5451 1.8395 1.5654
1494806400.0000 115650.0000 -0.8556 -0.2266 -0.3475 1.2201 75.1667 0.7615 0.4769 0.4341 0.1118 0.3002 0.1540 0.8363 0.7852 0.7259
1494806400.0000 115950.0000 -1.4088 -0.2376 -0.5021 1.6538 80.4252 0.5965 0.5617 0.5336 -0.0034 0.2434 0.2248 0.8459 0.4959 0.4349
1494806400.0000 116250.0000 -1.6646 -0.3582 -0.5399 1.9479 77.8547 1.3270 0.5680 0.5476 -0.0945 0.3056 0.1164 1.2213 0.5051 0.4668
1494806400.0000 116550.0000 -1.2464 0.6619 -0.0569 1.6242 117.9713 0.5519 0.5121 0.5187 0.1201 0.2118 0.1902 0.7913 0.5142 0.4220
1494806400.0000 116850.0000 -1.3021 -0.2002 -0.3185 1.5427 81.2600 0.6294 0.5431 0.5717 0.1634 0.2900 0.2939 0.8721 0.5626 0.4745
1494806400.0000 117150.0000 -1.0242 -0.2239 -0.3501 1.3433 77.6663 0.8702 0.4682 0.6881 0.1178 0.3191 0.2340 1.0133 0.7436 0.6371
1494806400.0000 117450.0000 -0.7763 -0.3904 -0.2458 1.2261 63.3003 0.6710 0.5769 0.6116 -0.0566 0.2360 0.1239 0.9297 0.8718 0.7423
1494806400.0000 117750.0000 -1.1408 -0.6644 -0.5067 1.6324 59.7836 0.7363 0.7186 0.7712 -0.0960 0.2187 0.2324 1.1131 0.6092 0.5275
1494806400.0000 118050.0000 -1.0583 -0.6637 -0.3863 1.5242 57.9073 1.0669 0.5166 0.6602 0.0241 0.3888 0.0602 1.1219 0.6614 0.5816
1494806400.0000 118350.0000 -0.9113 -0.0111 -0.2559 1.3546 89.3025 1.1003 0.6074 0.7898 0.0980 0.4182 0.2563 1.2487 0.9638 0.8278
1494806400.0000 118650.0000 -1.6546 -0.3132 -0.5689 1.9306 79.2820 1.0231 0.7608 0.7435 0.1001 0.4483 0.2588 1.2637 0.5164 0.4579
1494806400.0000 118950.0000 -1.4871 -0.0726 -0.4554 1.8280 87.2051 0.8323 1.0516 0.8411 0.2078 0.3676 0.4955 1.3625 0.6121 0.5323
1494806400.0000 119250.0000 -1.3793 -0.4476 -0.5363 1.7848 72.0204 0.9835 0.7751 0.7250 -0.0213 0.4321 0.1298 1.2418 0.5885 0.5280
1494806400.0000 119550.0000 -1.1667 -0.2178 -0.4070 1.5948 79.4256 0.6924 1.0062 0.8192 -0.0060 0.2563 0.2786 1.2589 0.7301 0.6340
1494806400.0000 119850.0000 -1.0073 -0.5124 -0.3743 1.5519 63.0393 1.3613 0.6703 0.6956 0.1937 0.4839 0.2815 1.3636 0.8008 0.7281
1494806400.0000 120150.0000 -0.8155 0.1787 -0.0547 1.5055 102.3621 1.3295 0.8515 0.7751 -0.0565 0.3955 0.1579 1.4780 1.1864 1.0213
1494806400.0000 120450.0000 -0.8820 -0.2042 -0.3285 1.3418 76.9628 1.0817 0.5662 0.7984 -0.0871 0.4990 0.2088 1.2232 0.9376 0.8186
1494806400.0000 120750.0000 -0.9547 -0.1274 -0.3073 1.4248 82.4006 0.9246 0.7406 0.7585 -0.2390 0.2769 0.2241 1.2118 0.8891 0.7735
1494806400.0000 121050.0000 0.1302 0.2638 0.2826 0.8543 206.2647 0.4494 0.4921 0.2668 0.0021 0.0686 0.0698 0.6042 1.5558 1.9045
1494806400.0000 121350.0000 0.5382 -0.0152 0.2033 0.9291 271.6227 0.4127 0.3607 0.2991 -0.0335 -0.0179 0.1012 0.5362 1.0389 0.9429
1494806400.0000 121650.0000 -0.2273 -0.1713 -0.1317 0.8833 52.9939 0.5315 0.5142 0.4090 0.0136 0.1567 0.1444 0.7273 2.2200 2.0739
1494806400.0000 121950.0000 -0.4382 -0.2361 -0.2750 1.1003 61.6800 0.5955 0.7131 0.5202 -0.0341 0.1238 0.2278 0.9144 1.3729 1.3269
1494806400.0000 122250.0000 -1.0816 -0.2791 -0.2765 1.3811 75.5281 0.7747 0.5884 0.5591 0.1835 0.3138 0.1967 0.9611 0.6956 0.6035
1494806400.0000 122550.0000 -1.4133 0.4970 -0.5429 1.9603 109.3734 1.0248 1.2642 0.7441 0.3835 0.5536 0.2998 1.5165 0.6310 0.5830
1494806400.0000 122850.0000 -0.4341 0.4328 0.0992 1.2025 134.9103 0.7349 0.6837 0.6551 -0.1003 0.1959 0.2481 1.0368 1.3388 1.1217
1494806400.0000 123150.0000 0.4809 -0.1606 0.0228 1.2315 288.4634 1.0462 0.6797 0.6203 0.0713 0.1555 0.2930 1.1731 1.7426 1.4961
1494806400.0000 123450.0000 -1.5364 0.0950 -0.3596 1.8205 93.5372 0.6427 0.9250 0.6233 -0.0107 0.2031 0.3327 1.0955 0.5406 0.4696
1494806400.0000 123750.0000 -1.2646 -0.1532 -0.4847 1.5870 83.0935 0.8559 0.6950 0.6599 0.0082 0.3875 0.1935 1.1054 0.6299 0.5644
1494806400.0000 124050.0000 -0.3394 -0.2135 -0.1706 1.4276 57.8242 1.7825 0.7693 0.6782 0.2290 0.6271 0.3384 1.6150 2.3811 2.2999
1494806400.0000 124350.0000 -0.9882 -0.1489 -0.1726 1.7217 81.4286 0.7237 1.7262 0.8149 -0.2047 0.1143 0.5735 1.6325 1.0287 0.9043
1494806400.0000 124650.0000 -0.5913 0.0986 -0.1987 1.4369 99.4632 0.8346 1.7963 0.5621 -0.1784 0.3110 0.3319 1.5965 1.6336 1.5622
1494806400.0000 124950.0000 0.0482 1.1115 0.4530 1.5187 182.4852 0.9345 0.5643 0.3526 -0.2230 0.1225 0.0249 0.9257 0.6540 0.6354
1494806400.0000 125250.0000 -0.0540 0.1343 0.1188 0.8675 158.0855 0.5403 0.4104 0.4424 0.0362 0.2228 0.1808 0.6966 3.6386 3.8886
1494806400.0000 125550.0000 -0.9228 0.6377 -0.2821 1.4504 124.6462 0.5774 0.5951 0.4472 0.1083 0.1829 0.2650 0.8098 0.6353 0.5574
1494806400.0000 125850.0000 -0.7843 -0.2312 -0.2697 1.3148 73.5767 0.7132 0.7677 0.4630 -0.1645 0.2850 -0.0281 0.9719 0.9349 0.8593
1494806400.0000 126150.0000 -0.8491 0.2060 -0.1604 1.3127 103.6338 0.6386 0.7513 0.4410 0.1879 0.2637 0.3161 0.9154 0.8794 0.7790
1494806400.0000 126450.0000 0.3840 0.2129 0.1840 0.9167 241.0019 0.3152 0.5084 0.3166 0.0252 0.0636 0.0407 0.5701 1.2950 1.1934
1494806400.0000 126750.0000 -0.1365 0.0593 0.0163 0.9980 113.4700 0.6292 0.6537 0.4855 0.0570 0.2524 0.0866 0.8842 5.1293 4.3950
1494806400.0000 127050.0000 0.0929 0.4618 -0.0276 0.8390 191.3723 0.2531 0.4190 0.3600 0.0381 -0.0075 0.1038 0.5160 1.2430 1.0048
1494806400.0000 127350.0000 -0.9004 0.0747 -0.1426 1.4064 94.7425 1.0738 0.8992 0.7983 0.0872 0.5414 0.2088 1.3857 1.0508 0.8976
1494806400.0000 127650.0000 0.3221 -0.0147 -0.0739 1.1553 272.6140 0.4898 1.1468 0.4087 0.4286 0.2380 0.4514 1.0226 2.4962 2.2908
1494806400.0000 127950.0000 -0.1329 0.1399 -0.0086 0.8849 136.4646 0.5723 0.3942 0.3074 0.0213 0.1887 0.0511 0.6370 3.3742 2.9420
1494806400.0000 128250.0000 -1.1608 0.3398 -0.1928 1.5962 106.3157 0.8718 0.7724 0.5621 0.1249 0.4192 0.2436 1.1031 0.7002 0.6121
1494806400.0000 128550.0000 -0.4491 0.3358 -0.2713 1.4023 126.7825 1.3360 0.6761 0.4086 0.3863 0.3685 0.0857 1.2103 1.4419 1.4604
1494806400.0000 128850.0000 -0.6719 0.3056 -0.2371 1.2282 114.4593 0.6867 0.8725 0.4404 -0.1897 0.2307 0.2592 0.9998 1.0530 0.9767
1494806400.0000 129150.0000 -0.9635 0.1594 -0.3095 1.3221 99.3956 0.6962 0.4480 0.3765 0.2183 0.3329 0.1617 0.7603 0.6950 0.6324
1494806400.0000 129450.0000 0.1523 -0.1002 -0.0978 1.3144 303.3563 1.1214 1.1083 0.3404 0.3803 0.3466 0.2988 1.2850 4.4734 4.7287
1494806400.0000 129750.0000 -0.7413 0.2685 -0.0713 1.1627 109.9088 0.4932 0.5946 0.3611 -0.0879 0.1823 0.0457 0.7245 0.8779 0.7638
1494806400.0000 130050.0000 -1.0910 0.1028 -0.4115 1.4739 95.3853 1.0660 0.5687 0.6928 0.1212 0.6304 0.1476 1.1638 0.7525 0.6736
1494806400.0000 130350.0000 -0.9733 0.1294 -0.1327 1.3270 97.5750 0.8320 0.3542 0.4152 0.1136 0.3392 0.1203 0.8008 0.7375 0.6405
1494806400.0000 130650.0000 -0.2731 0.8588 0.1029 1.1477 162.3581 0.2332 0.7808 0.1796 0.1184 0.0662 0.0548 0.5968 0.6954 0.6452
1494806400.0000 130950.0000 -0.8313 0.0607 -0.1733 1.3390 94.1789 0.4137 1.2279 0.3995 -0.0606 0.1548 0.2627 1.0206 0.9689 0.8875
1494806400.0000 131250.0000 -0.5113 0.1979 0.0539 1.1221 111.1584 0.4101 0.8261 0.4280 0.0691 0.1857 0.2701 0.8321 1.3519 1.1708
1494806400.0000 131550.0000 -0.3027 -0.6169 -0.3926 1.0691 26.1407 0.7262 0.3233 0.4520 0.1244 0.3050 0.1586 0.7508 0.8940 0.8608
1494806400.0000 131850.0000 0.1105 0.2428 -0.0418 0.8948 204.4775 0.3020 0.7683 0.2437 0.1628 0.0843 0.1696 0.6570 2.4507 2.2387
1494806400.0000 132150.0000 0.2397 0.2159 0.1066 0.8305 227.9868 0.1648 0.6856 0.1231 -0.2352 -0.0512 0.1169 0.4868 1.6766 1.6504
1494806400.0000 132450.0000 -1.0289 -0.1557 -0.3711 1.2798 81.3944 0.4185 0.4815 0.2338 0.0092 0.1551 0.1013 0.5669 0.5564 0.5263
1494806400.0000 132750.0000 -0.2464 0.0534 -0.0606 0.6949 102.2224 0.3090 0.2177 0.3630 0.0780 0.1616 0.1470 0.4449 2.1000 1.6617
1494806400.0000 133050.0000 0.3063 -0.0077 -0.0763 0.5630 271.4383 0.1456 0.1724 0.1076 0.0124 0.0072 0.0008 0.2128 1.1929 1.0626
1494806400.0000 133350.0000 -0.4243 0.5048 0.0266 0.9759 139.9535 0.3409 0.4761 0.1911 0.0558 0.0915 0.0515 0.5041 0.8784 0.7914
1494806400.0000 133650.0000 -0.0011 -0.0256 0.0320 0.6250 2.5690 0.3040 0.1869 0.2677 0.1091 0.1341 0.0838 0.3793 12.2843 15.8091
1494806400.0000 133950.0000 -0.6533 -0.5780 -0.4507 1.1171 48.4995 0.1772 0.5449 0.2398 -0.0696 -0.0065 0.1764 0.4810 0.5767 0.5625
1494806400.0000 134250.0000 0.3901 -0.3030 0.0866 0.9715 307.8320 0.7575 0.1550 0.2996 0.0610 0.2086 0.0885 0.6060 1.2674 1.1164
1494806400.0000 134550.0000 -0.1865 0.7365 0.0359 1.0956 165.7870 0.3591 0.5749 0.2319 0.2093 0.0974 0.1207 0.5830 0.8197 0.7344
1494806400.0000 134850.0000 -0.7394 -0.6050 -0.4329 1.1199 50.7116 0.3368 0.2986 0.4112 0.0421 0.0753 0.0548 0.5233 0.5631 0.4817
1494806400.0000 135150.0000 0.2301 -0.6695 -0.0554 1.2085 341.0356 0.8351 0.2715 0.5250 0.2460 0.3923 0.1695 0.8158 1.0385 0.8579
1494806400.0000 135450.0000 0.2153 -0.1619 -0.0032 0.6362 306.9482 0.3064 0.1450 0.1971 -0.0099 0.1170 -0.0016 0.3243 1.7256 1.4398
1494806400.0000 135750.0000 -0.2473 0.8103 0.0239 1.1979 163.0282 0.3132 0.7013 0.3763 0.1501 0.1668 0.2836 0.6954 0.8034 0.6864
1494806400.0000 136050.0000 -0.3272 1.6785 0.2587 1.8693 168.9682 0.4142 0.8335 0.3025 -0.0863 0.0362 0.1666 0.7751 0.4156 0.3771
1494806400.0000 136350.0000 -0.2704 1.3006 0.1499 1.4100 168.2561 0.2080 0.3206 0.2038 -0.0102 0.0248 0.1052 0.3662 0.3696 0.3160
1494806400.0000 136650.0000 -0.5570 0.7963 0.0256 1.3997 145.0287 0.4260 1.0212 0.3600 0.1176 0.1241 0.2267 0.9036 0.7984 0.7147
1494806400.0000 136950.0000 -0.5255 0.6310 0.3676 1.0908 140.2144 0.5383 0.3770 0.1517 -0.1742 0.0466 0.0290 0.5335 0.6629 0.6727
1494806400.0000 137250.0000 -0.1703 0.1391 0.1374 0.7661 129.2386 0.2302 0.5604 0.1704 -0.0681 -0.0203 0.1143 0.4805 2.1829 2.3349
1494806400.0000 137550.0000 0.8374 -0.6219 -0.2206 1.4141 306.5985 0.2449 0.9926 0.6325 0.0058 -0.0067 0.5155 0.9350 0.7405 0.6157
1494806400.0000 137850.0000 0.7504 -0.6916 -0.1697 1.2364 312.6636 0.3969 0.4464 0.4011 0.0408 0.0955 0.2511 0.6222 0.6226 0.5196
1494806400.0000 138150.0000 0.3595 0.0745 0.3116 0.9602 258.2933 0.5969 0.3723 0.3439 -0.0970 0.0379 0.1740 0.6566 1.3738 1.5482
1494806400.0000 138450.0000 -0.3402 -0.8465 -0.3386 1.0791 21.8942 0.4144 0.3849 0.3550 0.0352 0.1060 0.1257 0.5772 0.6374 0.5658
1494806400.0000 138750.0000 -0.4565 -0.5004 -0.3312 0.8687 42.3767 0.1950 0.4671 0.2241 0.1527 0.0997 0.1976 0.4431 0.7209 0.6936
1494806400.0000 139050.0000 -0.6102 -0.3845 -0.0987 0.9051 57.7858 0.1341 0.2923 0.2869 -0.0112 0.0232 0.1644 0.3566 0.6699 0.5227
1494806400.0000 139350.0000 0.0405 -0.5188 -0.2290 0.7867 355.5409 0.1628 0.4021 0.2950 0.1212 0.0308 0.1374 0.4300 0.9418 0.8339
1494806400.0000 139650.0000 0.0960 -0.0882 0.1230 0.5075 312.5755 0.1670 0.1490 0.0574 0.0588 0.0116 -0.0048 0.1867 1.9693 2.4907
1494806400.0000 139950.0000 -0.2617 -0.1913 -0.0323 0.5053 53.8298 0.1048 0.1573 0.1429 0.0366 0.0561 0.0879 0.2025 1.1276 0.9117
1494806400.0000 140250.0000 0.1247 0.1315 0.0417 0.3851 223.4737 0.0680 0.0876 0.0650 -0.0174 -0.0167 0.0151 0.1103 1.4586 1.2568
1494806400.0000 140550.0000 -0.3710 -0.2998 -0.2605 0.6471 51.0578 0.2851 0.1002 0.1705 0.0178 0.1153 0.0429 0.2779 0.7919 0.7512
1494806400.0000 140850.0000 -0.9642 0.1187 -0.3215 1.0521 97.0168 0.1760 0.1289 0.1663 0.0244 0.0936 0.0326 0.2356 0.3873 0.3282
1494806400.0000 141150.0000 -0.4175 0.6726 0.1729 0.9566 148.1741 0.1393 0.2458 0.1715 0.0432 0.0562 0.0921 0.2783 0.5315 0.4525
1494806400.0000 141450.0000 0.0333 -0.2350 0.1022 0.7634 351.9461 0.2990 0.3761 0.2544 -0.1807 -0.0153 0.0513 0.4648 2.1539 1.9988
1494806400.0000 141750.0000 -0.7696 -0.4592 -0.1710 1.0670 59.1732 0.4070 0.3012 0.3984 0.0516 0.1777 0.0843 0.5533 0.6657 0.5422
1494806400.0000 142050.0000 -0.4689 -0.0625 -0.0990 0.7502 82.4040 0.1975 0.2926 0.1736 0.0262 0.1055 0.0802 0.3319 0.9733 0.8545
1494806400.0000 142350.0000 0.1208 0.0588 0.1387 0.6126 244.0572 0.2375 0.2043 0.1283 0.0291 0.0774 0.0379 0.2850 2.2575 2.8573
1494806400.0000 142650.0000 0.1645 -0.1871 0.1186 0.8032 318.6871 0.2528 0.5055 0.3127 0.1252 0.1401 0.2892 0.5355 2.1654 2.0179
1494806400.0000 142950.0000 0.2970 -0.5434 -0.1895 0.9192 331.3420 0.4214 0.2909 0.2384 -0.0841 0.1350 0.0950 0.4753 0.8693 0.7869
1494806400.0000 143250.0000 0.5857 0.2265 -0.0194 1.1549 248.8525 0.6619 0.6539 0.5333 0.3287 0.3044 0.4355 0.9246 1.2497 1.0547
1494806400.0000 143550.0000 0.4659 0.2835 0.2093 1.0017 238.6799 0.5770 0.4467 0.3054 0.2624 0.1957 0.2074 0.6645 1.1395 1.0712
1494806400.0000 143850.0000 0.6033 0.3251 0.0301 0.8280 241.6798 0.3067 0.1545 0.2405 0.0046 0.1124 0.0035 0.3509 0.7050 0.5721
1494806400.0000 144150.0000 0.5793 0.3092 0.1966 0.9080 241.9086 0.4155 0.2144 0.1127 -0.1189 0.0230 0.0279 0.3713 0.7259 0.6978
1494806400.0000 144450.0000 0.3432 0.5156 0.2871 0.9482 213.6480 0.1867 0.5715 0.1436 -0.0863 -0.0003 0.0502 0.4509 0.8032 0.8118
1494806400.0000 144750.0000 0.4449 0.0671 0.3658 0.9061 261.4288 0.3952 0.4479 0.2418 0.0271 -0.0003 0.1325 0.5424 1.0369 1.1782
1494806400.0000 145050.0000 0.0650 0.0636 0.1322 0.8347 225.5871 0.2595 0.5758 0.2412 0.0886 0.0199 0.2294 0.5382 3.7328 5.8028
1494806400.0000 145350.0000 -0.2381 -0.6060 -0.2328 0.9680 21.4523 0.2448 0.4601 0.2127 -0.0397 -0.0050 0.2003 0.4588 0.7999 0.7445
1494806400.0000 145650.0000 -0.0669 -0.7006 -0.0971 0.8648 5.4585 0.1797 0.2857 0.3211 0.0732 0.1119 0.1237 0.3932 0.7207 0.5596
1494806400.0000 145950.0000 0.1608 -0.1435 0.0310 0.7923 311.7495 0.3592 0.4043 0.1801 -0.2414 0.0388 0.0200 0.4718 2.5752 2.3403
1494806400.0000 146250.0000 0.0117 -0.9843 -0.3366 1.0962 359.3170 0.2284 0.2389 0.2441 -0.0941 -0.0324 0.1164 0.3557 0.4681 0.4009
1494806400.0000 146550.0000 0.3028 -0.1752 -0.0289 0.7777 300.0571 0.4700 0.1302 0.1182 -0.0943 0.0966 -0.0176 0.3592 1.3942 1.2787
1494806400.0000 146850.0000 0.9379 -0.0998 0.0986 1.0191 276.0751 0.2600 0.1240 0.1329 0.0404 0.0571 0.0343 0.2585 0.4377 0.3793
1494806400.0000 147150.0000 0.2012 -0.3232 -0.1102 0.5387 328.0969 0.0570 0.1574 0.0985 0.0238 -0.0023 0.0056 0.1564 0.8149 0.7023
1494806400.0000 147450.0000 -0.2535 -0.9556 -0.4331 1.1316 14.8579 0.2635 0.3615 0.3154 0.1901 0.1901 0.2345 0.4702 0.5187 0.4617
1494806400.0000 147750.0000 -0.0953 -0.7769 -0.0589 1.3049 6.9959 1.1237 0.4110 0.3598 0.2579 0.3717 0.0970 0.9473 1.0124 0.9138
1494806400.0000 148050.0000 0.4249 0.1504 0.0895 0.7455 250.5089 0.3788 0.1018 0.1357 -0.0326 -0.0175 0.0418 0.3081 0.9863 0.8880
1494806400.0000 148350.0000 -0.3198 -0.7441 -0.3725 0.9589 23.2596 0.2206 0.2450 0.2435 -0.0346 0.0301 0.1235 0.3546 0.5454 0.4864
1494806400.0000 148650.0000 0.3311 -0.6356 -0.0898 0.9209 332.4830 0.3671 0.1413 0.1785 -0.0967 -0.0558 0.0670 0.3434 0.6625 0.5744
1494806400.0000 148950.0000 0.1056 -0.3536 -0.0494 0.7185 343.3737 0.2973 0.2307 0.1790 -0.0620 -0.0190 0.1000 0.3535 1.3039 1.1368
1494806400.0000 149250.0000 -0.1827 -0.9098 -0.3024 1.0861 11.3545 0.2818 0.1671 0.1824 -0.0168 0.0354 0.0759 0.3156 0.4700 0.4168
1494806400.0000 149550.0000 0.3333 -0.6115 0.0203 0.9077 331.4123 0.2293 0.2362 0.2065 0.0758 0.0487 0.1336 0.3360 0.6793 0.5656
1494806400.0000 149850.0000 -0.0308 -0.7762 -0.2406 0.8972 2.2715 0.2201 0.2390 0.1934 -0.1143 -0.0485 0.1217 0.3262 0.5735 0.5036
1494806400.0000 150150.0000 -0.0583 -0.5592 -0.0685 0.6703 5.9567 0.1302 0.1216 0.1742 -0.0337 -0.0155 0.0759 0.2130 0.6653 0.5153
1494806400.0000 150450.0000 0.0559 -0.7136 -0.2427 0.7990 355.5178 0.1107 0.1460 0.1255 -0.0183 0.0115 0.0526 0.1911 0.4722 0.4086
1494806400.0000 150750.0000 0.1837 -0.7384 -0.2205 0.8161 346.0284 0.0930 0.1903 0.1288 -0.0333 -0.0108 0.0970 0.2060 0.4678 0.4038
1494806400.0000 151050.0000 0.2669 -0.5346 -0.1133 0.7138 333.4715 0.1479 0.1602 0.1033 -0.0472 -0.0210 0.0605 0.2057 0.6089 0.5363
