1494720000.0000 150.0000 1.7347 1.4545 0.1942 2.2714 230.0211 0.0329 0.0293 0.0120 -0.0032 -0.0032 -0.0038 0.0371 0.0692 0.0636
1494720000.0000 450.0000 1.4273 1.4066 0.1442 2.0128 225.4168 0.0233 0.0287 0.0089 -0.0090 0.0002 -0.0046 0.0304 0.0709 0.0657
1494720000.0000 750.0000 1.6064 1.3534 0.1637 2.1078 229.8843 0.0560 0.0185 0.0152 0.0039 0.0050 -0.0016 0.0448 0.0820 0.0750
1494720000.0000 1050.0000 1.9505 1.6032 0.1883 2.5303 230.5810 0.0425 0.0294 0.0113 0.0077 -0.0059 -0.0009 0.0416 0.0658 0.0613
1494720000.0000 1350.0000 1.9681 1.6131 0.2436 2.5505 230.6606 0.0267 0.0331 0.0106 0.0017 0.0002 -0.0038 0.0352 0.0599 0.0555
1494720000.0000 1650.0000 1.4186 1.5159 0.1968 2.0908 223.1012 0.1838 0.0953 0.0261 0.0820 0.0125 -0.0034 0.1526 0.1529 0.1469
1494720000.0000 1950.0000 1.2997 1.3680 0.1573 1.8948 223.5328 0.0542 0.0582 0.0236 0.0270 0.0002 -0.0085 0.0680 0.1125 0.1026
1494720000.0000 2250.0000 0.9319 1.0115 0.1868 1.4045 222.6545 0.1250 0.0937 0.0542 0.0394 0.0167 -0.0169 0.1365 0.2173 0.1963
1494720000.0000 2550.0000 0.1676 1.4577 -0.0531 1.5077 186.5607 0.1079 0.2111 0.0701 0.0321 -0.0022 -0.0537 0.1945 0.2453 0.2223
1494720000.0000 2850.0000 0.4355 1.8677 -0.0467 1.9554 193.1256 0.1299 0.1905 0.0837 -0.0277 0.0139 -0.0592 0.2021 0.1913 0.1704
1494720000.0000 3150.0000 0.5577 1.8762 -0.0543 2.0088 196.5562 0.2034 0.1962 0.0913 0.0171 0.0094 -0.0587 0.2455 0.2066 0.1865
1494720000.0000 3450.0000 0.6945 1.7326 -0.0047 1.9293 201.8432 0.2610 0.2488 0.1163 0.0412 0.0037 -0.0720 0.3131 0.2447 0.2209
1494720000.0000 3750.0000 0.6565 1.4751 0.0152 1.6694 203.9918 0.2045 0.1663 0.1112 0.0324 0.0062 -0.0447 0.2410 0.2482 0.2177
1494720000.0000 4050.0000 0.6257 1.3698 0.0338 1.5711 204.5496 0.2057 0.2525 0.1252 0.0319 0.0222 -0.0552 0.2917 0.2928 0.2595
1494720000.0000 4350.0000 0.7542 1.7038 -0.0108 1.9372 203.8774 0.2623 0.2846 0.1830 -0.0178 0.0242 -0.0907 0.3650 0.2647 0.2291
1494720000.0000 4650.0000 0.4871 1.6030 0.0661 1.7651 196.9013 0.2739 0.4992 0.1633 0.0266 0.0110 -0.1521 0.4682 0.3332 0.3030
1494720000.0000 4950.0000 0.7750 1.9483 0.0147 2.1776 201.6908 0.2937 0.4384 0.1845 -0.0058 0.0063 -0.1288 0.4583 0.2636 0.2356
1494720000.0000 5250.0000 0.7508 1.3953 0.1384 1.6601 208.2840 0.2454 0.3616 0.1521 0.0342 0.0118 -0.1022 0.3796 0.3163 0.2839
1494720000.0000 5550.0000 0.8967 0.7581 0.2433 1.2736 229.7877 0.2742 0.2555 0.1182 0.0739 0.0192 -0.0538 0.3239 0.3875 0.3579
1494720000.0000 5850.0000 1.0076 1.1092 0.2115 1.5734 222.2538 0.2299 0.2542 0.1177 0.0210 0.0033 -0.0541 0.3009 0.2960 0.2681
1494720000.0000 6150.0000 0.7572 1.1211 0.1551 1.4170 214.0346 0.2061 0.2714 0.1192 0.0832 0.0061 -0.0683 0.2983 0.3275 0.2949
1494720000.0000 6450.0000 0.8828 0.9513 0.2390 1.3794 222.8599 0.3114 0.2686 0.1125 0.1366 0.0587 -0.0064 0.3462 0.3641 0.3388
1494720000.0000 6750.0000 0.9034 1.0550 0.2324 1.4586 220.5729 0.2644 0.1891 0.0986 0.0590 0.0320 -0.0376 0.2761 0.3046 0.2799
1494720000.0000 7050.0000 1.2603 1.4965 0.2116 1.9977 220.1031 0.1967 0.2063 0.1030 0.0482 -0.0022 -0.0558 0.2530 0.2087 0.1873
1494720000.0000 7350.0000 1.2324 1.4931 0.2365 1.9788 219.5381 0.1889 0.2407 0.1052 0.0426 0.0040 -0.0740 0.2674 0.2165 0.1955
1494720000.0000 7650.0000 1.2050 1.4507 0.2609 1.9242 219.7130 0.2027 0.2094 0.0845 0.0788 0.0063 -0.0394 0.2483 0.2137 0.1965
1494720000.0000 7950.0000 1.1865 1.9539 0.1403 2.3678 211.2684 0.5298 0.4608 0.2167 0.2054 -0.0331 -0.1076 0.6036 0.2770 0.2514
1494720000.0000 8250.0000 1.1769 1.3788 0.2823 1.9234 220.4818 0.7314 0.4015 0.1360 0.3490 0.0273 -0.0494 0.6345 0.3545 0.3390
1494720000.0000 8550.0000 1.6426 1.6909 0.2450 2.4528 224.1707 0.6236 0.3734 0.1281 0.1471 0.0343 -0.0274 0.5626 0.2584 0.2445
1494720000.0000 8850.0000 1.0137 1.1820 0.2023 1.6380 220.6171 0.3777 0.3941 0.1467 0.1620 0.0586 -0.0154 0.4593 0.3524 0.3257
1494720000.0000 9150.0000 1.1840 1.3171 0.3067 1.8329 221.9543 0.3860 0.2662 0.1176 0.1760 -0.0034 -0.0439 0.3849 0.2818 0.2633
1494720000.0000 9450.0000 1.7419 1.8921 0.3352 2.6230 222.6328 0.3984 0.3653 0.1772 0.1302 -0.0176 -0.0809 0.4704 0.2159 0.1962
1494720000.0000 9750.0000 1.8628 1.6196 0.4135 2.5122 228.9944 0.3089 0.2623 0.1289 0.0746 -0.0019 -0.0648 0.3500 0.1930 0.1768
1494720000.0000 10050.0000 1.6029 1.6350 0.2767 2.3165 224.4332 0.3033 0.1870 0.0751 0.1299 0.0226 -0.0269 0.2827 0.1882 0.1766
1494720000.0000 10350.0000 1.2168 1.3612 0.2227 1.8500 221.7939 0.1171 0.1303 0.0759 0.0441 0.0046 -0.0369 0.1617 0.1785 0.1573
1494720000.0000 10650.0000 1.4355 1.4981 0.2788 2.1024 223.7766 0.1421 0.1447 0.0928 0.0282 0.0067 -0.0456 0.1898 0.1699 0.1490
1494720000.0000 10950.0000 1.0952 1.2337 0.2368 1.6973 221.5979 0.1530 0.1785 0.0880 0.0192 0.0116 -0.0587 0.2097 0.2244 0.2015
1494720000.0000 11250.0000 1.2464 1.2191 0.2968 1.7712 225.6354 0.1402 0.1240 0.0799 0.0394 0.0231 -0.0285 0.1720 0.1915 0.1702
1494720000.0000 11550.0000 0.9252 1.0932 0.1903 1.4855 220.2408 0.2000 0.1626 0.0920 0.0514 0.0422 -0.0343 0.2273 0.2695 0.2428
1494720000.0000 11850.0000 0.8284 1.0693 0.1982 1.4360 217.7652 0.2768 0.2531 0.0788 0.1522 0.0046 -0.0312 0.3044 0.3295 0.3107
1494720000.0000 12150.0000 0.7504 0.9757 0.1895 1.3225 217.5658 0.2924 0.2504 0.1003 0.1234 0.0085 -0.0284 0.3215 0.3718 0.3455
1494720000.0000 12450.0000 0.6402 1.0269 0.1781 1.2926 211.9408 0.2417 0.1727 0.1057 0.0172 0.0208 -0.0386 0.2601 0.3404 0.3072
1494720000.0000 12750.0000 0.6640 1.3061 0.0922 1.5430 206.9464 0.2531 0.1949 0.1059 0.0611 0.0187 -0.0333 0.2770 0.2927 0.2638
1494720000.0000 13050.0000 0.5860 1.2198 0.0603 1.4192 205.6597 0.1810 0.1907 0.0923 0.0097 0.0118 -0.0480 0.2320 0.2903 0.2601
1494720000.0000 13350.0000 0.6524 1.2738 0.0892 1.5039 207.1198 0.2283 0.1928 0.1183 0.0144 -0.0039 -0.0661 0.2697 0.2957 0.2618
1494720000.0000 13650.0000 0.8743 1.2356 0.1338 1.5620 215.2821 0.1635 0.1837 0.1066 0.0338 0.0206 -0.0494 0.2269 0.2559 0.2247
1494720000.0000 13950.0000 0.9403 1.0506 0.2081 1.4443 221.8291 0.1475 0.1170 0.0579 0.0409 0.0002 -0.0275 0.1612 0.2300 0.2106
1494720000.0000 14250.0000 0.4129 0.7333 0.1286 0.9192 209.3815 0.1534 0.1466 0.0696 0.0466 0.0031 -0.0068 0.1848 0.4123 0.3757
1494720000.0000 14550.0000 0.5837 1.1007 0.0565 1.3206 207.9353 0.2128 0.2980 0.1265 0.0823 -0.0174 -0.0844 0.3187 0.3696 0.3312
1494720000.0000 14850.0000 1.0208 1.4064 0.1765 1.7963 215.9731 0.2291 0.1931 0.1127 0.0243 0.0230 -0.0565 0.2674 0.2417 0.2159
1494720000.0000 15150.0000 1.1501 1.3610 0.2069 1.8553 220.1972 0.3336 0.3420 0.1271 0.1062 0.0172 -0.0666 0.4013 0.2884 0.2663
1494720000.0000 15450.0000 1.4339 1.4291 0.2308 2.1137 225.0973 0.3610 0.4108 0.1334 0.0693 0.0548 -0.0611 0.4526 0.2696 0.2505
1494720000.0000 15750.0000 1.5556 1.5841 0.3487 2.2619 224.4793 0.3226 0.2529 0.1292 0.1093 -0.0090 -0.0580 0.3523 0.2157 0.1973
1494720000.0000 16050.0000 1.7222 1.1983 0.3560 2.1825 235.1696 0.4269 0.4194 0.0935 0.1594 -0.0327 -0.0599 0.4699 0.2630 0.2532
1494720000.0000 16350.0000 1.7171 1.3463 0.3151 2.2200 231.9020 0.2274 0.1214 0.0640 0.0014 0.0138 -0.0272 0.2064 0.1682 0.1563
1494720000.0000 16650.0000 0.7225 0.7757 0.1138 1.1768 222.9676 0.3434 0.1765 0.0703 0.0774 0.0599 -0.0080 0.2951 0.4160 0.3927
1494720000.0000 16950.0000 0.9106 0.8617 0.1580 1.3218 226.5805 0.2273 0.1339 0.0601 0.0200 0.0297 -0.0199 0.2106 0.2966 0.2768
1494720000.0000 17250.0000 0.5247 0.7239 0.0628 0.9818 215.9341 0.1217 0.1693 0.0805 0.0277 0.0060 -0.0549 0.1857 0.3925 0.3483
1494720000.0000 17550.0000 0.1433 0.8414 0.0146 0.9265 189.6675 0.1271 0.1207 0.0646 0.0271 -0.0064 -0.0382 0.1562 0.3780 0.3367
1494720000.0000 17850.0000 -0.4096 0.9672 -0.1322 1.1249 157.0464 0.1159 0.3020 0.0871 -0.0120 0.0233 -0.0345 0.2525 0.3875 0.3553
1494720000.0000 18150.0000 0.1163 0.9920 -0.0266 1.1057 186.6873 0.1868 0.1603 0.0774 -0.0144 0.0033 -0.0324 0.2122 0.3765 0.3406
1494720000.0000 18450.0000 0.4750 1.0140 -0.0611 1.2236 205.0988 0.2038 0.2186 0.1124 -0.0357 0.0333 -0.0860 0.2674 0.3765 0.3351
1494720000.0000 18750.0000 1.1054 1.4132 0.1099 1.8239 218.0312 0.1185 0.1106 0.0658 0.0139 -0.0043 -0.0269 0.1474 0.1744 0.1540
1494720000.0000 19050.0000 1.1981 0.9269 0.0657 1.5659 232.2738 0.1446 0.1724 0.0803 0.0185 -0.0002 -0.0538 0.1987 0.2400 0.2146
1494720000.0000 19350.0000 0.5951 0.7329 0.0513 1.0076 219.0764 0.1796 0.0660 0.0623 0.0349 0.0391 -0.0123 0.1540 0.3388 0.3031
1494720000.0000 19650.0000 0.5758 0.6803 -0.0133 0.9595 220.2438 0.1718 0.0828 0.0376 0.0350 -0.0007 -0.0162 0.1461 0.3501 0.3269
1494720000.0000 19950.0000 0.2405 0.5947 -0.0441 0.7098 202.0206 0.0882 0.1579 0.0451 0.0277 0.0110 -0.0356 0.1456 0.4845 0.4464
1494720000.0000 20250.0000 0.3212 0.7481 0.0108 0.9363 203.2326 0.2469 0.1236 0.0581 0.0019 0.0268 -0.0257 0.2143 0.4642 0.4316
1494720000.0000 20550.0000 0.0167 0.6702 -0.0127 0.8519 181.4240 0.2408 0.1586 0.1031 0.0396 0.0524 -0.0352 0.2512 0.6104 0.5443
1494720000.0000 20850.0000 0.0625 0.7246 0.0216 0.8080 184.9273 0.1027 0.1278 0.0506 -0.0132 0.0196 -0.0229 0.1406 0.4208 0.3812
1494720000.0000 21150.0000 -0.1050 1.1597 -0.0727 1.2251 174.8274 0.1374 0.1222 0.0848 -0.0043 -0.0092 -0.0306 0.1722 0.2904 0.2526
1494720000.0000 21450.0000 0.2112 1.0539 -0.0665 1.1375 191.3308 0.1124 0.2138 0.0831 0.0058 0.0062 -0.0517 0.2047 0.3430 0.3068
1494720000.0000 21750.0000 0.0462 0.9004 0.0174 1.0306 182.9374 0.2137 0.2051 0.1039 -0.0325 0.0137 -0.0586 0.2613 0.4629 0.4144
1494720000.0000 22050.0000 -0.2078 0.7440 0.0237 0.8757 164.3914 0.1616 0.2809 0.0777 -0.0503 0.0335 -0.0704 0.2601 0.5388 0.4972
1494720000.0000 22350.0000 -0.1539 1.1009 -0.1091 1.1758 172.0431 0.1276 0.1855 0.0922 0.0070 0.0109 -0.0518 0.2026 0.3291 0.2906
1494720000.0000 22650.0000 -0.2244 1.0064 -0.0356 1.1184 167.4278 0.1842 0.1711 0.0968 -0.0243 0.0248 -0.0333 0.2260 0.3762 0.3337
1494720000.0000 22950.0000 -0.1114 0.7468 -0.0203 0.8919 171.5127 0.2080 0.2058 0.1009 -0.0800 0.0487 -0.0433 0.2574 0.5484 0.4919
1494720000.0000 23250.0000 0.0269 0.4728 0.0281 0.7573 183.2510 0.2836 0.2826 0.1087 -0.0315 0.0810 -0.0165 0.3374 0.9997 0.9173
1494720000.0000 23550.0000 0.2197 0.9767 -0.0533 1.1705 192.6771 0.3506 0.2364 0.1743 -0.0849 0.0310 -0.0484 0.3807 0.5025 0.4419
1494720000.0000 23850.0000 0.7741 1.0197 0.0130 1.3709 217.2015 0.2275 0.2583 0.1191 0.0293 0.0469 -0.0480 0.3025 0.3507 0.3143
1494720000.0000 24150.0000 0.6365 0.9744 -0.0225 1.2828 213.1519 0.3540 0.2499 0.1166 0.0797 0.0390 -0.0341 0.3602 0.4210 0.3855
1494720000.0000 24450.0000 0.3525 0.9172 0.0086 1.1046 201.0237 0.2302 0.1769 0.1396 -0.0091 0.0041 -0.0309 0.2733 0.4344 0.3749
1494720000.0000 24750.0000 0.2777 0.9039 -0.0394 1.1130 197.0755 0.2966 0.1889 0.1111 -0.0500 0.0552 -0.0587 0.2983 0.4712 0.4254
1494720000.0000 25050.0000 -0.0214 0.9184 -0.1492 1.0067 178.6655 0.1338 0.2513 0.1201 -0.0152 0.0501 -0.0754 0.2527 0.4410 0.3900
1494720000.0000 25350.0000 -0.1559 0.7669 0.0024 0.8973 168.5054 0.1595 0.2247 0.1303 0.0066 0.0295 -0.0531 0.2573 0.5292 0.4573
1494720000.0000 25650.0000 0.2840 0.7861 0.0015 1.0796 199.8659 0.4381 0.2164 0.1209 -0.0842 0.0547 -0.0535 0.3877 0.6083 0.5588
1494720000.0000 25950.0000 0.6233 0.9195 0.1041 1.2248 214.1317 0.3009 0.2421 0.1049 -0.0010 0.0420 -0.0519 0.3240 0.4165 0.3830
1494720000.0000 26250.0000 0.0136 1.4110 -0.2145 1.5542 180.5536 0.3955 0.2497 0.1953 -0.0431 0.0848 -0.0516 0.4202 0.3708 0.3287
1494720000.0000 26550.0000 -0.0482 1.0019 0.0097 1.1990 177.2439 0.3051 0.5300 0.1479 -0.1022 0.0729 -0.1359 0.4915 0.5706 0.5260
1494720000.0000 26850.0000 0.2729 1.3190 -0.1069 1.5045 191.6873 0.3608 0.3535 0.1341 -0.0701 0.0482 -0.0086 0.4242 0.3936 0.3623
1494720000.0000 27150.0000 0.4088 0.8126 -0.0025 1.0831 206.7084 0.2558 0.3705 0.1722 -0.0079 0.0433 -0.0739 0.3993 0.5672 0.5023
1494720000.0000 27450.0000 0.2260 1.0917 -0.0526 1.2116 191.6935 0.1967 0.2315 0.1370 -0.0169 0.0064 -0.0460 0.2826 0.3889 0.3389
1494720000.0000 27750.0000 -0.1803 0.7493 -0.0616 0.9219 166.4668 0.1852 0.2295 0.1342 0.0580 0.0259 -0.0684 0.2745 0.5533 0.4824
1494720000.0000 28050.0000 -0.9548 0.1707 -0.0201 1.1657 100.1375 0.3407 0.3149 0.0953 0.1634 -0.0136 -0.0620 0.3755 0.5157 0.4820
1494720000.0000 28350.0000 -1.0965 0.1519 0.0967 1.2133 97.8892 0.1972 0.2269 0.1140 0.0913 -0.0434 -0.0608 0.2691 0.3811 0.3396
1494720000.0000 28650.0000 -1.1066 0.1995 0.0955 1.2360 100.2193 0.3796 0.2330 0.1369 0.0357 0.0122 -0.0364 0.3748 0.4429 0.4019
1494720000.0000 28950.0000 -0.8841 0.3300 -0.0838 1.0802 110.4705 0.6085 0.2291 0.1117 -0.1922 0.0386 -0.0468 0.4747 0.5937 0.5599
1494720000.0000 29250.0000 -0.2922 0.2832 0.0582 0.7585 134.1072 0.3157 0.1656 0.0670 0.1095 0.0400 -0.0030 0.2742 1.0400 0.9843
1494720000.0000 29550.0000 0.0998 0.2371 0.0201 0.6080 202.8361 0.2547 0.1211 0.0911 0.0668 -0.0312 -0.0378 0.2334 1.5289 1.3758
1494720000.0000 29850.0000 0.0925 0.3727 0.0532 0.6681 193.9356 0.2643 0.1381 0.0776 0.0480 -0.0114 -0.0380 0.2400 1.0318 0.9537
1494720000.0000 30150.0000 0.3475 0.8367 -0.0325 1.1096 202.5565 0.4516 0.1560 0.1124 -0.0462 0.0287 -0.0532 0.3600 0.5404 0.4967
1494720000.0000 30450.0000 0.0041 0.8220 -0.0067 1.0381 180.2888 0.3693 0.2380 0.1847 -0.0553 0.0905 -0.0884 0.3960 0.6251 0.5474
1494720000.0000 30750.0000 0.6165 1.0698 -0.0243 1.3022 209.9528 0.1938 0.1694 0.1114 0.0467 0.0000 -0.0489 0.2373 0.3221 0.2818
1494720000.0000 31050.0000 0.0371 1.1619 -0.0604 1.3495 181.8284 0.4741 0.3315 0.1647 0.0388 0.0358 -0.0857 0.4851 0.4886 0.4458
1494720000.0000 31350.0000 -1.1244 0.8655 -0.1574 1.6336 127.5877 0.4376 0.6817 0.2676 -0.0468 0.1001 -0.1782 0.6934 0.4763 0.4305
1494720000.0000 31650.0000 -0.8413 1.0125 -0.1969 1.5811 140.2755 0.5603 0.7377 0.2541 0.0422 0.1144 -0.2040 0.7760 0.5404 0.4997
1494720000.0000 31950.0000 -0.6978 1.4737 -0.1223 1.8840 154.6624 0.6962 0.7827 0.3196 0.0667 0.1438 -0.1632 0.8992 0.4735 0.4306
1494720000.0000 32250.0000 1.2801 0.8916 0.1592 1.9493 235.1423 1.3405 0.5063 0.2610 -0.3509 0.1381 -0.0878 1.0539 0.5345 0.5029
1494720000.0000 32550.0000 1.8517 0.2682 0.1601 1.9672 261.7589 0.1571 0.3558 0.1011 -0.0316 -0.0195 0.0854 0.3070 0.2409 0.2210
1494720000.0000 32850.0000 1.9463 1.1254 0.2507 2.3102 239.9635 0.2506 0.2716 0.0734 0.0070 0.0012 -0.0134 0.2978 0.1970 0.1856
1494720000.0000 33150.0000 2.2313 1.2209 0.3852 2.5903 241.3138 0.3100 0.1979 0.0909 -0.0078 -0.0014 -0.0161 0.2994 0.1737 0.1618
1494720000.0000 33450.0000 2.1187 1.1612 0.4412 2.4657 241.2733 0.2800 0.2321 0.0947 0.0275 -0.0143 -0.0099 0.3034 0.1831 0.1710
1494720000.0000 33750.0000 1.6384 1.3639 0.1380 2.1814 230.2233 0.2684 0.2603 0.0983 0.0956 -0.0259 -0.0752 0.3135 0.2140 0.1969
1494720000.0000 34050.0000 2.0460 1.2128 0.1021 2.4081 239.3421 0.1860 0.1623 0.0833 0.0338 0.0106 0.0043 0.2158 0.1593 0.1433
1494720000.0000 34350.0000 1.7002 0.7010 0.0605 1.8942 247.5938 0.2926 0.2059 0.0924 0.0414 -0.0153 0.0107 0.2954 0.2412 0.2216
1494720000.0000 34650.0000 1.3557 0.0389 0.0634 1.3970 268.3577 0.2312 0.1102 0.1066 -0.0230 0.0195 -0.0042 0.2240 0.2846 0.2487
1494720000.0000 34950.0000 0.6482 0.9341 -0.1326 1.2240 214.7580 0.1763 0.1537 0.1365 -0.0276 0.0494 -0.0374 0.2332 0.3445 0.2917
1494720000.0000 35250.0000 0.4721 0.7786 0.0042 1.0326 211.2317 0.1986 0.1634 0.0829 -0.0559 0.0442 0.0016 0.2224 0.4229 0.3815
1494720000.0000 35550.0000 0.2712 1.2849 -0.0124 1.4266 191.9185 0.2951 0.2561 0.1475 0.0954 -0.0216 -0.0645 0.3493 0.3675 0.3264
1494720000.0000 35850.0000 -0.1712 0.9425 0.0564 1.1573 169.7021 0.3332 0.3349 0.1748 0.0766 -0.0007 -0.1168 0.4215 0.5524 0.4927
1494720000.0000 36150.0000 0.0359 0.9137 -0.0293 1.1129 182.2507 0.3637 0.3941 0.2147 -0.0572 0.0531 -0.1973 0.4862 0.6223 0.5496
1494720000.0000 36450.0000 0.0765 1.2489 -0.2021 1.4055 183.5040 0.3513 0.3967 0.2359 -0.0072 0.0672 -0.0759 0.4919 0.4518 0.3991
1494720000.0000 36750.0000 0.7015 1.3618 -0.0519 1.6716 207.2551 0.4900 0.4210 0.2341 0.0102 0.1096 -0.0587 0.5725 0.4031 0.3597
1494720000.0000 37050.0000 0.2254 0.6462 -0.2605 1.1541 199.2285 0.5271 0.7287 0.2673 -0.1110 0.1523 -0.0557 0.7616 0.9731 0.9454
1494720000.0000 37350.0000 1.4955 0.3262 0.1654 1.6891 257.6939 0.5933 0.5750 0.2526 0.2990 -0.0200 0.0119 0.7105 0.4470 0.4077
1494720000.0000 37650.0000 0.5395 0.9711 -0.0910 1.5698 209.0554 0.9633 0.8241 0.2719 -0.4569 0.0755 -0.0341 1.0297 0.7433 0.6948
1494720000.0000 37950.0000 2.0555 1.1298 0.2034 2.4524 241.2038 0.3187 0.4669 0.1720 -0.0446 0.0383 0.0416 0.4788 0.2400 0.2182
1494720000.0000 38250.0000 1.7400 0.0031 0.0115 1.8067 269.8982 0.2034 0.2339 0.1062 -0.0083 0.0061 -0.0070 0.2717 0.2446 0.2194
1494720000.0000 38550.0000 0.6073 0.7364 0.0101 1.0982 219.5113 0.2562 0.2050 0.0861 0.0222 0.0512 -0.0436 0.2737 0.4475 0.4108
1494720000.0000 38850.0000 0.1715 0.4056 -0.0674 0.7409 202.9237 0.3019 0.2136 0.0995 0.1802 -0.0639 -0.0583 0.3076 1.0165 0.9415
1494720000.0000 39150.0000 -0.9332 -0.0959 0.0443 1.1561 84.1348 0.4973 0.1816 0.2925 -0.0982 0.0112 -0.0292 0.4857 0.6059 0.5071
1494720000.0000 39450.0000 -0.3620 0.3140 0.0151 1.5218 130.9397 1.3299 1.1274 0.2593 0.5848 -0.0920 -0.1145 1.3583 1.9850 1.8888
1494720000.0000 39750.0000 -1.1267 0.0102 -0.0366 1.5407 90.5185 1.0765 0.5317 0.3098 0.3833 0.0087 -0.0729 0.9590 0.7092 0.6498
1494720000.0000 40050.0000 -0.3138 0.4624 -0.0328 0.9875 145.8411 0.4109 0.5075 0.2154 0.1145 -0.0456 -0.1151 0.5669 1.0983 0.9901
1494720000.0000 40350.0000 -1.1409 0.4034 -0.0862 1.3153 109.4732 0.3044 0.2552 0.1776 -0.0500 0.0089 -0.0028 0.3686 0.4086 0.3569
1494720000.0000 40650.0000 -1.4770 -0.2605 0.1706 2.0312 79.9969 1.0883 1.2092 0.2993 0.8844 0.1071 0.0326 1.2984 0.6163 0.5835
1494720000.0000 40950.0000 -0.5932 -0.4141 0.0866 1.1933 55.0788 1.0835 0.4015 0.1571 0.0300 -0.0510 -0.0660 0.8211 1.0154 0.9725
1494720000.0000 41250.0000 -0.3821 -0.0057 -0.0960 0.8798 89.1413 0.4971 0.3853 0.1962 0.0404 -0.1070 -0.0322 0.5393 1.5218 1.4193
1494720000.0000 41550.0000 0.1432 1.7137 -0.3303 1.9066 184.7774 0.5278 0.7491 0.3292 -0.3517 0.1294 -0.1549 0.8031 0.4178 0.3794
1494720000.0000 41850.0000 -0.3576 0.3932 -0.1336 1.0155 137.7193 0.3688 0.7130 0.1511 -0.1130 -0.0054 -0.0277 0.6165 1.1697 1.1298
1494720000.0000 42150.0000 0.4995 1.2583 0.0181 1.6859 201.6494 0.6586 1.2104 0.2966 0.1509 0.0538 -0.2541 1.0828 0.6275 0.5830
1494720000.0000 42450.0000 0.5032 1.3333 -0.1031 1.7267 200.6788 0.6624 0.8318 0.3194 -0.0500 0.0584 -0.1331 0.9068 0.5442 0.4952
1494720000.0000 42750.0000 -0.0199 0.4479 -0.0010 1.0794 177.4620 0.4720 0.9952 0.2187 0.2603 -0.0676 -0.1938 0.8429 1.6721 1.5598
1494720000.0000 43050.0000 0.8645 1.3047 -0.0230 1.7230 213.5265 0.5173 0.4176 0.1686 -0.0420 0.0975 -0.0560 0.5517 0.3875 0.3567
1494720000.0000 43350.0000 0.8250 1.1588 0.0646 1.6579 215.4485 0.5625 0.6950 0.2065 -0.0429 -0.0146 -0.1322 0.7320 0.4906 0.4551
1494720000.0000 43650.0000 0.3774 0.9275 0.1621 1.2726 202.1427 0.3890 0.5420 0.2471 -0.0341 0.0709 -0.1310 0.5890 0.6178 0.5563
1494720000.0000 43950.0000 -0.0802 0.7032 0.1062 1.1315 173.4903 0.5514 0.5896 0.2601 0.2147 0.0038 -0.1077 0.7006 0.9549 0.8713
1494720000.0000 44250.0000 0.5336 1.1108 0.0733 1.5140 205.6599 0.8413 0.7995 0.1933 0.4515 -0.0516 -0.1197 0.9171 0.6334 0.6001
1494720000.0000 44550.0000 0.7819 0.9478 -0.1375 1.5524 219.5220 0.6714 0.9620 0.3212 -0.0815 0.2477 -0.2166 0.9773 0.6529 0.6006
1494720000.0000 44850.0000 0.7734 0.6140 0.1594 1.2203 231.5529 0.5747 0.2622 0.2024 0.0475 0.0053 -0.0424 0.5196 0.5884 0.5349
1494720000.0000 45150.0000 0.9121 1.5788 0.0386 2.1493 210.0139 1.2687 0.9471 0.3920 -0.1062 0.1893 -0.2105 1.3039 0.5112 0.4713
1494720000.0000 45450.0000 0.0147 2.1606 -0.1046 2.3566 180.3885 0.8175 0.5651 0.3341 -0.2599 0.0819 -0.1602 0.8584 0.3497 0.3142
1494720000.0000 45750.0000 0.0894 1.2804 -0.0682 1.5757 183.9921 0.6614 0.8145 0.3535 0.1099 0.0165 -0.1546 0.9147 0.6076 0.5465
1494720000.0000 46050.0000 0.5567 0.6735 -0.0122 1.0699 219.5787 0.3183 0.3453 0.1797 -0.0519 0.0247 -0.0416 0.4216 0.6067 0.5382
1494720000.0000 46350.0000 1.4142 1.5884 -0.0200 2.2907 221.6789 0.7385 0.6587 0.3184 0.0456 0.1062 -0.0887 0.8578 0.3556 0.3209
1494720000.0000 46650.0000 0.3705 1.5992 -0.0411 1.8704 193.0445 0.7615 0.8504 0.2344 0.2219 0.0648 -0.2017 0.9232 0.4778 0.4465
1494720000.0000 46950.0000 1.2422 1.2096 0.1996 1.8918 225.7617 0.5672 0.4256 0.1254 0.0625 0.0046 -0.0333 0.5590 0.3498 0.3318
1494720000.0000 47250.0000 1.5368 0.8125 -0.0194 1.7883 242.1346 0.2844 0.2204 0.2024 0.0878 0.0651 -0.0143 0.3536 0.2793 0.2360
1494720000.0000 47550.0000 1.2340 -0.2125 0.1105 1.3333 279.7733 0.3308 0.2061 0.1631 -0.0590 -0.0262 0.0154 0.3500 0.3843 0.3379
1494720000.0000 47850.0000 1.2797 0.7934 0.2082 1.8022 238.2014 0.7463 0.7307 0.2227 -0.1932 -0.0191 -0.1653 0.8498 0.4952 0.4660
1494720000.0000 48150.0000 2.1528 0.3106 0.1143 2.2509 261.7908 0.2331 0.3284 0.1699 0.0919 -0.0665 -0.0512 0.3658 0.2267 0.1989
1494720000.0000 48450.0000 1.5917 1.2832 0.2778 2.2676 231.1241 0.8074 0.6512 0.3016 -0.0283 -0.0119 -0.1398 0.8801 0.3712 0.3410
1494720000.0000 48750.0000 0.5802 0.9501 0.0065 1.5016 211.4133 0.9138 0.7209 0.2957 0.1348 0.1470 -0.1412 0.9652 0.7206 0.6631
1494720000.0000 49050.0000 0.6262 1.7450 -0.1806 2.2468 199.7417 1.6162 1.0280 0.4632 0.1135 0.0613 -0.2380 1.5538 0.5464 0.5064
1494720000.0000 49350.0000 -0.3609 0.9146 -0.1893 1.2623 158.4650 0.5342 0.6216 0.2318 -0.2969 0.1038 -0.0810 0.6937 0.6792 0.6313
1494720000.0000 49650.0000 0.5027 1.5460 0.0543 2.0979 198.0136 1.0876 1.4040 0.4580 -0.1403 0.1495 -0.2842 1.4748 0.6096 0.5606
1494720000.0000 49950.0000 0.1610 1.5307 -0.0610 1.7488 186.0027 0.5816 0.5543 0.3203 0.0065 0.0108 -0.1849 0.7281 0.4523 0.3998
1494720000.0000 50250.0000 0.8622 1.0763 -0.0857 1.5583 218.6976 0.6352 0.3671 0.3003 0.1764 0.1274 -0.0038 0.6513 0.4769 0.4191
1494720000.0000 50550.0000 0.8897 0.6144 0.3468 1.4558 235.3736 1.0177 0.6811 0.2149 0.3057 0.0150 -0.0575 0.9569 0.7034 0.6960
1494720000.0000 50850.0000 1.5615 1.3361 0.3224 2.1895 229.4483 0.9477 0.4943 0.1672 0.3945 0.0750 0.0157 0.8045 0.3521 0.3373
1494720000.0000 51150.0000 1.5653 1.1760 0.1851 2.0349 233.0810 0.3150 0.4580 0.1118 0.1494 0.0476 -0.0273 0.4424 0.2761 0.2593
1494720000.0000 51450.0000 0.4585 1.1702 -0.0558 1.4340 201.3951 0.2891 0.7889 0.1997 0.0617 -0.0455 -0.1679 0.6388 0.5188 0.4770
1494720000.0000 51750.0000 0.1825 0.7000 0.1671 0.9762 194.6136 0.3475 0.2374 0.1685 -0.0293 0.0629 -0.0451 0.3767 0.6749 0.6104
1494720000.0000 52050.0000 0.4618 1.5167 -0.0381 1.8666 196.9355 0.4553 1.7311 0.2720 0.2313 -0.0147 -0.3201 1.2292 0.5708 0.5385
1494720000.0000 52350.0000 0.4122 0.8191 0.1435 1.0739 206.7155 0.2837 0.3533 0.1182 0.0169 0.0402 -0.0542 0.3776 0.5406 0.5025
1494720000.0000 52650.0000 -0.5512 1.2096 -0.2146 1.5000 155.5004 0.3831 0.3538 0.1792 0.0116 0.0618 -0.0195 0.4581 0.4104 0.3729
1494720000.0000 52950.0000 0.1314 0.9864 -0.0902 1.4305 187.5857 1.0456 0.4941 0.3445 -0.2010 0.3171 -0.1321 0.9421 0.7932 0.7200
1494720000.0000 53250.0000 0.6475 0.7131 0.2269 1.4549 222.2388 1.0640 0.9192 0.4469 0.1246 0.0656 -0.2648 1.2151 0.9095 0.8441
1494720000.0000 53550.0000 1.1470 1.6536 0.1294 2.1549 214.7471 1.0283 0.6184 0.2998 0.3288 0.0418 -0.0437 0.9732 0.3994 0.3681
1494720000.0000 53850.0000 2.2704 2.0333 0.1667 3.1221 228.1541 0.3425 0.5375 0.1813 -0.0096 0.0790 -0.1511 0.5306 0.1949 0.1777
1494720000.0000 54150.0000 1.6885 1.6710 0.2746 2.5329 225.2970 0.8887 0.6620 0.2451 0.1553 -0.0243 -0.1560 0.8980 0.3235 0.3027
1494720000.0000 54450.0000 1.3979 1.4987 0.4278 2.2160 223.0067 0.9400 0.5631 0.2248 0.2581 0.0829 -0.0285 0.8640 0.3625 0.3454
1494720000.0000 54750.0000 1.9294 1.4723 0.4946 2.5191 232.6535 0.5886 0.5539 0.1527 0.1908 -0.0549 -0.0586 0.6476 0.2653 0.2543
1494720000.0000 55050.0000 1.3827 0.7835 0.3910 1.8142 240.4599 1.0280 0.5950 0.1832 0.2986 -0.0060 -0.0478 0.9031 0.4741 0.4628
1494720000.0000 55350.0000 1.6857 0.8317 0.5188 2.0170 243.7381 0.8124 0.6577 0.1711 0.3154 -0.0137 -0.0138 0.8206 0.3793 0.3724
1494720000.0000 55650.0000 1.0314 1.2444 0.3046 1.7949 219.6520 0.8681 0.4321 0.2034 0.2809 0.0774 -0.0491 0.7518 0.4304 0.4073
1494720000.0000 55950.0000 1.3203 0.8290 0.2488 1.7944 237.8737 1.2719 0.5130 0.2459 0.3082 0.1389 -0.0095 1.0154 0.5212 0.4948
1494720000.0000 56250.0000 1.6538 0.6174 0.5240 1.9196 249.5275 0.8780 0.5125 0.2206 0.0912 -0.0741 -0.0493 0.8056 0.3980 0.3857
1494720000.0000 56550.0000 1.8719 1.0918 0.4672 2.3335 239.7463 0.9728 0.8161 0.2222 0.2724 0.0418 -0.0246 1.0055 0.3693 0.3563
1494720000.0000 56850.0000 2.0013 1.0929 0.4989 2.4050 241.3623 0.7591 0.5240 0.1858 0.0811 -0.0491 -0.0067 0.7345 0.2998 0.2868
1494720000.0000 57150.0000 2.3946 1.1687 0.5733 2.7789 243.9849 0.9327 0.7303 0.1746 0.2921 -0.0365 0.0005 0.9188 0.2872 0.2794
1494720000.0000 57450.0000 2.4046 0.9708 0.5433 2.7272 248.0149 0.9574 0.6103 0.1848 0.1048 -0.0635 0.0026 0.8763 0.2885 0.2788
1494720000.0000 57750.0000 2.4159 0.9787 0.4559 2.6860 247.9473 0.3411 0.4599 0.1254 0.0639 -0.0294 0.0338 0.4632 0.2100 0.1982
1494720000.0000 58050.0000 1.8844 0.7669 0.3856 2.1745 247.8559 0.4231 0.5663 0.1326 0.0064 -0.0391 0.0272 0.5610 0.2953 0.2823
1494720000.0000 58350.0000 1.6351 0.9195 0.3838 2.0298 240.6483 0.6278 0.5800 0.1434 0.1238 -0.0487 0.0098 0.6756 0.3505 0.3382
1494720000.0000 58650.0000 2.2464 0.9630 0.5085 2.5354 246.7956 0.5054 0.4159 0.1391 0.0307 -0.0615 -0.0356 0.5302 0.2381 0.2267
1494720000.0000 58950.0000 2.0317 0.6978 0.4596 2.3112 251.0432 0.7644 0.8808 0.2205 0.3826 -0.0702 0.0358 0.9328 0.3590 0.3447
1494720000.0000 59250.0000 2.6118 0.2340 0.2716 2.7651 264.8797 0.6250 0.7236 0.2417 0.0961 -0.0639 0.0812 0.7951 0.2762 0.2557
1494720000.0000 59550.0000 1.9729 0.2940 0.1517 2.1277 261.5236 0.6126 0.6051 0.1994 0.1172 -0.0579 0.0941 0.7085 0.3436 0.3194
1494720000.0000 59850.0000 2.7155 0.2119 0.2592 2.8495 265.5387 0.6635 0.6469 0.3196 0.1548 -0.0519 -0.0096 0.8150 0.2694 0.2426
1494720000.0000 60150.0000 1.6815 0.7328 0.0798 2.1901 246.4537 1.1029 1.1155 0.2858 -0.3610 -0.1369 0.0111 1.2521 0.4976 0.4688
1494720000.0000 60450.0000 2.4494 1.0752 0.3868 2.8126 246.2996 0.3513 0.8283 0.1114 0.1002 -0.0070 0.0782 0.6455 0.2427 0.2344
1494720000.0000 60750.0000 1.6768 1.2314 0.4200 2.1499 233.7075 0.5105 0.3898 0.1258 0.1872 -0.0205 -0.0474 0.5130 0.2756 0.2633
1494720000.0000 61050.0000 1.0637 0.8957 0.2922 1.5490 229.8987 0.5469 0.5235 0.1282 0.2883 0.0039 -0.0548 0.5993 0.4448 0.4296
1494720000.0000 61350.0000 0.1130 0.4849 0.1551 0.8784 193.1188 0.4903 0.3825 0.1300 0.2833 0.0489 0.0011 0.5014 1.1086 1.0833
1494720000.0000 61650.0000 1.1286 0.7899 0.3520 1.6970 235.0119 1.4650 0.6420 0.2615 0.2352 0.1821 0.0374 1.1842 0.6249 0.6083
1494720000.0000 61950.0000 2.3284 0.9312 0.5073 2.6369 248.2026 0.7266 0.6192 0.1924 0.1084 -0.0693 0.0228 0.7691 0.2799 0.2671
1494720000.0000 62250.0000 1.8976 0.7463 0.5271 2.2304 248.5316 1.2117 0.6364 0.1922 0.2081 -0.0197 -0.0250 1.0201 0.3916 0.3849
1494720000.0000 62550.0000 1.0181 0.9102 0.3233 1.6946 228.2031 1.3422 0.7115 0.2589 0.4891 0.0749 0.0150 1.1563 0.6256 0.6059
1494720000.0000 62850.0000 1.8151 0.8555 0.4355 2.3291 244.7650 1.7843 0.8199 0.3731 0.4012 0.1602 -0.0535 1.4886 0.4852 0.4643
1494720000.0000 63150.0000 3.0173 1.0453 0.5447 3.2922 250.8914 0.5644 0.6040 0.1652 0.0169 -0.0523 -0.0276 0.6668 0.2058 0.1954
1494720000.0000 63450.0000 2.4835 1.6287 0.2625 3.0323 236.7434 0.3208 0.3544 0.1712 -0.0101 0.0324 -0.0443 0.4232 0.1782 0.1597
1494720000.0000 63750.0000 1.7141 1.7530 0.1542 2.5726 224.3566 0.6630 0.4749 0.1886 0.0344 0.0275 -0.1084 0.6633 0.2707 0.2512
1494720000.0000 64050.0000 2.5879 1.6669 0.3969 3.1970 237.2147 0.6610 0.8780 0.2246 0.0797 -0.0182 -0.1619 0.8818 0.2470 0.2327
1494720000.0000 64350.0000 1.6141 0.8501 0.5145 1.9724 242.2254 0.6033 0.5461 0.1519 0.0897 -0.0096 -0.0395 0.6507 0.3475 0.3393
1494720000.0000 64650.0000 1.7282 1.3821 0.4692 2.2781 231.3502 0.4153 0.3333 0.1167 0.1153 -0.0271 -0.0441 0.4327 0.2374 0.2257
1494720000.0000 64950.0000 1.1647 1.0049 0.3980 1.7269 229.2120 0.6834 0.4868 0.1880 0.2037 -0.0067 -0.0144 0.6791 0.4234 0.4060
1494720000.0000 65250.0000 1.5945 0.8239 0.4608 1.9673 242.6744 1.0204 0.4022 0.1821 0.1108 0.1006 -0.0382 0.8023 0.3947 0.3837
1494720000.0000 65550.0000 1.8060 0.8643 0.4703 2.0822 244.4258 0.6117 0.3758 0.1109 0.1379 -0.0102 -0.0127 0.5492 0.2942 0.2866
1494720000.0000 65850.0000 1.5171 0.8757 0.3725 1.8119 240.0062 0.4092 0.2743 0.0688 0.1352 0.0194 0.0085 0.3761 0.2796 0.2725
1494720000.0000 66150.0000 1.3139 0.5945 0.3728 1.5451 245.6554 0.5474 0.3204 0.1134 0.1825 0.0104 0.0010 0.4906 0.3840 0.3730
1494720000.0000 66450.0000 1.5300 0.4026 0.3673 1.6716 255.2569 0.4785 0.2686 0.0913 0.0949 0.0175 -0.0002 0.4192 0.3255 0.3154
1494720000.0000 66750.0000 0.5389 0.3430 0.2414 0.9380 237.5244 0.4776 0.3427 0.1304 0.1017 -0.0498 0.0160 0.4753 0.8243 0.8185
1494720000.0000 67050.0000 1.1959 0.5121 0.3091 1.4330 246.8167 0.7140 0.2444 0.1198 0.1188 0.0231 0.0028 0.5391 0.4484 0.4345
1494720000.0000 67350.0000 0.9756 0.5196 0.3455 1.2458 241.9599 0.3758 0.2989 0.1191 0.0458 -0.0166 0.0258 0.3969 0.4442 0.4290
1494720000.0000 67650.0000 0.9309 0.3889 0.3581 1.1821 247.3278 0.4261 0.3323 0.1139 0.0954 -0.0170 -0.0094 0.4361 0.5037 0.4984
1494720000.0000 67950.0000 1.0019 0.5930 0.3499 1.2584 239.3773 0.2694 0.2639 0.0720 0.0936 -0.0106 -0.0071 0.3027 0.3695 0.3622
1494720000.0000 68250.0000 0.8919 0.4543 0.2781 1.0580 243.0095 0.2358 0.1531 0.0467 0.0754 0.0069 0.0008 0.2178 0.3668 0.3597
1494720000.0000 68550.0000 1.1898 0.3952 0.3368 1.3526 251.6281 0.4710 0.2493 0.0773 0.1626 0.0172 0.0243 0.3988 0.3972 0.3908
1494720000.0000 68850.0000 0.5575 0.1458 0.1804 0.6999 255.3407 0.1305 0.1368 0.0451 0.0503 0.0119 0.0071 0.1562 0.5344 0.5179
1494720000.0000 69150.0000 0.1534 -0.0717 -0.0824 0.4105 295.0573 0.1255 0.0713 0.0554 0.0444 -0.0110 0.0010 0.1261 1.5401 1.5130
1494720000.0000 69450.0000 0.9060 0.1228 0.1548 0.9680 262.2801 0.1991 0.0664 0.0312 0.0299 -0.0122 -0.0010 0.1484 0.3391 0.3254
1494720000.0000 69750.0000 1.1968 0.1726 0.2352 1.2516 261.7930 0.2013 0.0944 0.0423 0.0290 -0.0018 0.0044 0.1690 0.2724 0.2596
1494720000.0000 70050.0000 0.9322 0.1600 0.2346 1.0206 260.2609 0.2131 0.1335 0.0482 0.0358 0.0053 0.0008 0.1974 0.3723 0.3594
1494720000.0000 70350.0000 0.7496 0.1682 0.2080 0.8459 257.3540 0.2881 0.0886 0.0549 0.0433 0.0182 -0.0082 0.2158 0.4766 0.4612
1494720000.0000 70650.0000 0.5304 -0.1363 0.0768 0.6288 284.4085 0.1734 0.0884 0.0587 -0.0105 -0.0018 -0.0015 0.1602 0.5910 0.5394
1494720000.0000 70950.0000 1.3398 -0.4082 0.0726 1.4817 286.9445 0.4201 0.2313 0.1433 -0.0590 -0.0747 0.0585 0.3974 0.3670 0.3327
1494720000.0000 71250.0000 1.9339 -0.2286 0.1190 2.0027 276.7411 0.3043 0.2033 0.1290 -0.0247 -0.0630 0.0388 0.3183 0.2361 0.2112
1494720000.0000 71550.0000 2.0949 -0.3558 0.1039 2.1779 279.6384 0.2284 0.2095 0.1162 0.0512 -0.0326 0.0322 0.2770 0.2020 0.1798
1494720000.0000 71850.0000 2.2560 -0.4740 0.1055 2.3727 281.8663 0.3210 0.3114 0.1169 -0.0378 -0.0482 0.0401 0.3746 0.2165 0.1992
1494720000.0000 72150.0000 1.9573 -0.2898 0.1574 2.0573 278.4210 0.5798 0.2841 0.1497 -0.0153 -0.0384 0.0234 0.5068 0.2928 0.2712
1494720000.0000 72450.0000 1.6244 -0.6385 0.0441 1.8027 291.4578 0.2254 0.2505 0.0973 -0.0934 -0.0520 0.0434 0.2866 0.2504 0.2282
1494720000.0000 72750.0000 1.5831 -0.7720 0.0255 1.8123 295.9956 0.2334 0.2004 0.1040 -0.0343 -0.0412 0.0516 0.2689 0.2403 0.2159
1494720000.0000 73050.0000 1.1902 -0.6718 0.0353 1.4275 299.4400 0.2625 0.1811 0.1175 -0.0439 -0.0422 0.0444 0.2805 0.3163 0.2813
1494720000.0000 73350.0000 0.8613 -0.6326 0.1045 1.1589 306.2952 0.3369 0.1974 0.1187 -0.0735 -0.0192 0.0632 0.3265 0.4345 0.3949
1494720000.0000 73650.0000 0.4829 -1.1307 -0.0430 1.2601 336.8745 0.0747 0.0895 0.0320 0.0095 -0.0148 0.0009 0.0981 0.2079 0.1902
1494720000.0000 73950.0000 0.5023 -1.3034 -0.0736 1.4186 338.9243 0.0592 0.0598 0.0236 0.0064 -0.0072 0.0005 0.0713 0.1558 0.1426
1494720000.0000 74250.0000 1.1506 -0.9425 -0.0139 1.5398 309.3221 0.2221 0.1519 0.0608 -0.0330 -0.0164 0.0384 0.2174 0.2559 0.2374
1494720000.0000 74550.0000 1.4176 -0.7754 0.0073 1.6515 298.6776 0.2206 0.1362 0.0857 -0.0569 -0.0433 0.0441 0.2212 0.2377 0.2134
1494720000.0000 74850.0000 1.6852 -0.5873 -0.0003 1.8137 289.2128 0.1588 0.1004 0.0566 -0.0158 -0.0255 0.0191 0.1579 0.1818 0.1647
1494720000.0000 75150.0000 1.6974 -0.7249 -0.0112 1.8690 293.1246 0.1243 0.0961 0.0468 -0.0298 -0.0217 0.0153 0.1336 0.1617 0.1469
1494720000.0000 75450.0000 1.3899 -0.6452 -0.0194 1.5499 294.9017 0.0680 0.0596 0.0334 -0.0125 -0.0116 0.0170 0.0805 0.1512 0.1346
1494720000.0000 75750.0000 1.5501 -0.2413 0.0229 1.6113 278.8493 0.0693 0.1273 0.0230 0.0233 -0.0074 0.0081 0.1098 0.1725 0.1632
1494720000.0000 76050.0000 1.6313 -0.4222 -0.0167 1.7239 284.5101 0.0647 0.1412 0.0247 -0.0108 -0.0080 0.0014 0.1153 0.1645 0.1555
1494720000.0000 76350.0000 1.8420 -0.8084 -0.0156 2.0289 293.6938 0.0855 0.0656 0.0427 -0.0038 -0.0135 0.0165 0.0969 0.1263 0.1115
1494720000.0000 76650.0000 1.4899 -1.0245 -0.0570 1.8172 304.5122 0.0340 0.0504 0.0269 -0.0161 -0.0046 0.0129 0.0557 0.1065 0.0928
1494720000.0000 76950.0000 1.6775 -1.1213 -0.0235 2.0236 303.7604 0.0204 0.0258 0.0171 -0.0015 -0.0021 0.0050 0.0317 0.0720 0.0615
1494720000.0000 77250.0000 1.5372 -0.9943 -0.0428 1.8354 302.8953 0.0237 0.0313 0.0145 -0.0136 -0.0023 0.0047 0.0347 0.0831 0.0739
1494720000.0000 77550.0000 1.3297 -0.9743 -0.0185 1.6551 306.2323 0.0316 0.0212 0.0123 -0.0038 -0.0045 0.0048 0.0325 0.0893 0.0805
1494720000.0000 77850.0000 1.0509 -1.1689 -0.0230 1.5798 318.0417 0.0433 0.0281 0.0174 -0.0138 -0.0054 0.0059 0.0444 0.1095 0.0982
1494720000.0000 78150.0000 0.3509 -1.0075 -0.0143 1.0880 340.7972 0.0546 0.0192 0.0062 -0.0077 0.0027 -0.0007 0.0400 0.1530 0.1470
1494720000.0000 78450.0000 1.0586 -0.6643 -0.0169 1.3060 302.1079 0.1242 0.0614 0.0137 0.0564 0.0034 0.0011 0.0997 0.2062 0.1990
1494720000.0000 78750.0000 1.2570 -0.4167 -0.0373 1.3358 288.3398 0.0160 0.0336 0.0108 -0.0007 -0.0021 0.0057 0.0303 0.1072 0.0972
1494720000.0000 79050.0000 1.3116 -0.0304 -0.0339 1.3153 271.3290 0.0031 0.0087 0.0007 0.0023 -0.0002 0.0002 0.0063 0.0493 0.0479
1494720000.0000 79350.0000 1.4726 0.0572 -0.0369 1.4756 267.7747 0.0028 0.0054 0.0007 0.0004 -0.0003 0.0001 0.0045 0.0370 0.0355
1494720000.0000 79650.0000 1.4986 0.0150 -0.0290 1.4990 269.4278 0.0034 0.0009 0.0005 -0.0010 0.0004 -0.0000 0.0024 0.0268 0.0254
1494720000.0000 79950.0000 1.5934 -0.3363 0.0135 1.6323 281.9171 0.0059 0.0145 0.0009 -0.0042 0.0009 -0.0007 0.0106 0.0517 0.0505
1494720000.0000 80250.0000 1.5444 -0.5207 0.0093 1.6325 288.6325 0.0147 0.0059 0.0014 0.0039 0.0004 0.0007 0.0110 0.0526 0.0509
1494720000.0000 80550.0000 1.4471 -0.5916 0.0179 1.5647 292.2348 0.0100 0.0044 0.0038 -0.0017 -0.0013 0.0004 0.0091 0.0498 0.0443
1494720000.0000 80850.0000 0.9949 -0.6567 0.0242 1.2086 303.4283 0.0646 0.0092 0.0056 0.0122 0.0036 0.0023 0.0397 0.1364 0.1316
1494720000.0000 81150.0000 0.2680 -0.6745 -0.0016 0.7495 338.3341 0.0379 0.0084 0.0035 -0.0032 -0.0034 -0.0005 0.0249 0.1777 0.1713
1494720000.0000 81450.0000 -0.0267 -0.5801 -0.0436 0.6043 2.6385 0.0271 0.0111 0.0038 0.0057 -0.0024 -0.0004 0.0210 0.2031 0.1942
1494720000.0000 81750.0000 0.4421 -0.5233 -0.0131 0.6958 319.8091 0.0277 0.0087 0.0061 -0.0064 -0.0026 0.0005 0.0212 0.1735 0.1606
1494720000.0000 82050.0000 0.7352 -0.6232 -0.0192 0.9665 310.2863 0.0034 0.0041 0.0006 0.0013 0.0009 0.0005 0.0040 0.0539 0.0519
1494720000.0000 82350.0000 0.6442 -0.4779 -0.0059 0.8070 306.5688 0.0223 0.0011 0.0007 -0.0014 0.0013 0.0001 0.0120 0.1115 0.1099
1494720000.0000 82650.0000 0.2023 -0.7519 -0.0204 0.7936 344.9396 0.0094 0.0515 0.0018 0.0179 0.0008 0.0024 0.0314 0.1856 0.1830
1494720000.0000 82950.0000 0.1183 -0.9175 -0.0443 0.9259 352.6510 0.0017 0.0016 0.0006 -0.0004 -0.0002 -0.0001 0.0020 0.0390 0.0358
1494720000.0000 83250.0000 0.2579 -0.5980 -0.0030 0.6715 336.6697 0.0186 0.0305 0.0034 0.0121 0.0021 0.0019 0.0262 0.2030 0.1964
1494720000.0000 83550.0000 0.2410 -0.4292 -0.0133 0.5285 330.6885 0.0403 0.0046 0.0037 0.0057 0.0036 0.0008 0.0243 0.2584 0.2485
1494720000.0000 83850.0000 0.0453 -0.5640 -0.0261 0.5686 355.4120 0.0031 0.0030 0.0014 -0.0006 0.0001 -0.0001 0.0038 0.0885 0.0797
1494720000.0000 84150.0000 0.3109 -0.4385 0.0143 0.5728 324.6666 0.0368 0.0164 0.0069 0.0114 0.0076 0.0013 0.0301 0.2633 0.2478
1494720000.0000 84450.0000 0.5806 -0.4197 -0.0150 0.7223 305.8607 0.0033 0.0078 0.0018 0.0023 0.0005 0.0007 0.0064 0.0915 0.0849
1494720000.0000 84750.0000 0.5244 -0.5560 -0.0118 0.7964 316.6791 0.0447 0.0189 0.0018 0.0172 0.0033 0.0007 0.0327 0.1931 0.1905
1494720000.0000 85050.0000 -0.2682 -0.6904 -0.0656 0.8077 21.2275 0.0759 0.0437 0.0049 -0.0522 0.0042 -0.0037 0.0622 0.2740 0.2696
1494720000.0000 85350.0000 -0.2556 -0.5922 -0.0473 0.6571 23.3449 0.0122 0.0095 0.0064 -0.0050 -0.0010 0.0013 0.0140 0.1494 0.1318
1494720000.0000 85650.0000 0.0503 -0.6643 -0.0470 0.7165 355.6686 0.0619 0.0234 0.0254 0.0137 0.0143 0.0089 0.0553 0.2875 0.2530
1494720000.0000 85950.0000 -0.2119 -0.5656 -0.0304 0.6435 20.5359 0.0527 0.0104 0.0054 -0.0079 0.0020 -0.0004 0.0343 0.2499 0.2402
1494720000.0000 86250.0000 -0.4997 -0.4403 -0.0900 0.6695 48.6194 0.0104 0.0089 0.0017 0.0050 -0.0024 -0.0008 0.0105 0.1246 0.1205
1494806400.0000 86550.0000 -0.4750 -0.5992 -0.0683 0.7718 38.4016 0.0018 0.0174 0.0014 -0.0016 -0.0006 0.0007 0.0103 0.1079 0.1046
1494806400.0000 86850.0000 -0.4564 -0.5262 -0.0637 0.7019 40.9329 0.0120 0.0031 0.0044 0.0001 -0.0004 -0.0007 0.0098 0.1154 0.1019
1494806400.0000 87150.0000 -0.2229 -0.6037 -0.0361 0.6491 20.2671 0.0058 0.0093 0.0029 -0.0018 -0.0011 0.0016 0.0090 0.1200 0.1102
1494806400.0000 87450.0000 0.0399 -0.6549 -0.0469 0.6971 356.5118 0.0527 0.0075 0.0035 0.0084 0.0038 0.0011 0.0318 0.2215 0.2158
1494806400.0000 87750.0000 0.8069 -0.8820 0.0266 1.2091 317.5474 0.0694 0.0424 0.0148 -0.0278 -0.0093 0.0106 0.0633 0.1718 0.1615
1494806400.0000 88050.0000 0.1997 -0.8287 -0.0161 0.9344 346.4481 0.1604 0.0500 0.0135 -0.0626 -0.0069 0.0062 0.1120 0.3204 0.3107
1494806400.0000 88350.0000 -0.3234 -0.6863 -0.0743 0.7650 25.2291 0.0067 0.0067 0.0068 -0.0033 -0.0023 -0.0014 0.0101 0.1075 0.0878
1494806400.0000 88650.0000 -0.4715 -1.0490 -0.0311 1.1541 24.2035 0.0176 0.0333 0.0026 0.0146 0.0011 0.0021 0.0268 0.1162 0.1133
1494806400.0000 88950.0000 -0.7660 -0.9331 -0.0773 1.2168 39.3817 0.0064 0.0330 0.0036 -0.0062 0.0009 -0.0011 0.0215 0.0990 0.0950
1494806400.0000 89250.0000 -0.5354 -0.7505 -0.0457 0.9559 35.5038 0.0674 0.0098 0.0038 -0.0115 -0.0023 -0.0008 0.0406 0.1781 0.1741
1494806400.0000 89550.0000 -0.0515 -0.9146 -0.0135 0.9508 3.2249 0.0553 0.0277 0.0079 0.0164 0.0037 0.0054 0.0454 0.1900 0.1816
1494806400.0000 89850.0000 0.0394 -1.0469 -0.0490 1.0546 357.8422 0.0137 0.0132 0.0074 0.0016 0.0006 0.0042 0.0172 0.1020 0.0903
1494806400.0000 90150.0000 -0.0598 -1.0981 -0.0478 1.1032 3.1169 0.0075 0.0086 0.0016 -0.0029 -0.0009 0.0019 0.0089 0.0698 0.0667
1494806400.0000 90450.0000 -0.3603 -0.9314 -0.0503 1.0098 21.1472 0.0265 0.0064 0.0033 0.0039 -0.0005 -0.0001 0.0181 0.1098 0.1049
1494806400.0000 90750.0000 -0.5357 -0.9683 -0.0715 1.1116 28.9539 0.0085 0.0068 0.0039 -0.0034 0.0002 0.0003 0.0096 0.0721 0.0645
1494806400.0000 91050.0000 -0.5515 -0.9893 -0.0851 1.1398 29.1405 0.0088 0.0125 0.0043 -0.0074 -0.0011 0.0001 0.0128 0.0812 0.0743
1494806400.0000 91350.0000 -0.4964 -0.9934 -0.0806 1.1134 26.5530 0.0037 0.0075 0.0014 -0.0021 -0.0002 -0.0003 0.0063 0.0582 0.0550
1494806400.0000 91650.0000 -0.4031 -0.9676 -0.0707 1.0569 22.6173 0.0139 0.0078 0.0006 -0.0080 -0.0001 0.0003 0.0112 0.0822 0.0812
1494806400.0000 91950.0000 -0.9047 -0.7016 -0.0773 1.1491 52.2036 0.0122 0.0049 0.0006 -0.0019 -0.0002 -0.0001 0.0089 0.0670 0.0659
1494806400.0000 92250.0000 -0.9465 -0.8550 -0.0685 1.2771 47.9076 0.0020 0.0067 0.0008 0.0004 0.0001 -0.0001 0.0047 0.0438 0.0421
1494806400.0000 92550.0000 -1.1046 -0.9559 -0.0704 1.4662 49.1285 0.0158 0.0078 0.0028 -0.0047 0.0011 -0.0001 0.0132 0.0641 0.0607
1494806400.0000 92850.0000 -1.4619 -0.7061 -0.1351 1.6305 64.2194 0.0185 0.0178 0.0072 -0.0053 0.0001 -0.0005 0.0218 0.0739 0.0678
1494806400.0000 93150.0000 -1.3035 -0.9467 -0.0459 1.6372 54.0114 0.0147 0.0910 0.0154 -0.0197 0.0007 0.0038 0.0605 0.1246 0.1165
1494806400.0000 93450.0000 -1.7262 -0.8952 -0.0704 1.9570 62.5890 0.0367 0.0266 0.0038 -0.0228 -0.0010 -0.0007 0.0335 0.0769 0.0747
1494806400.0000 93750.0000 -1.9253 -0.9621 -0.0992 2.1575 63.4469 0.0142 0.0205 0.0089 -0.0045 -0.0031 0.0029 0.0218 0.0559 0.0500
1494806400.0000 94050.0000 -2.4226 -0.8733 -0.0466 2.5834 70.1757 0.1123 0.0252 0.0115 -0.0059 -0.0067 -0.0059 0.0745 0.0865 0.0831
1494806400.0000 94350.0000 -3.1164 -1.1400 -0.0888 3.3254 69.9078 0.0220 0.0389 0.0177 -0.0154 -0.0012 0.0057 0.0394 0.0488 0.0430
1494806400.0000 94650.0000 -2.8295 -1.4826 -0.1140 3.2080 62.3468 0.0469 0.0608 0.0203 -0.0344 -0.0030 -0.0009 0.0640 0.0646 0.0593
1494806400.0000 94950.0000 -2.4055 -1.3922 -0.1735 2.7835 59.9397 0.0182 0.0287 0.0254 0.0031 -0.0013 0.0009 0.0361 0.0557 0.0450
1494806400.0000 95250.0000 -2.1215 -1.4968 -0.0885 2.6090 54.7950 0.0174 0.0647 0.0221 -0.0177 0.0034 -0.0174 0.0521 0.0718 0.0637
1494806400.0000 95550.0000 -2.2229 -1.5157 -0.1314 2.6991 55.7117 0.0241 0.0335 0.0219 -0.0164 0.0000 0.0034 0.0397 0.0604 0.0515
1494806400.0000 95850.0000 -2.3239 -1.3368 -0.0970 2.6951 60.0909 0.1020 0.0477 0.0298 -0.0190 0.0033 -0.0008 0.0897 0.0912 0.0833
1494806400.0000 96150.0000 -2.3447 -1.6329 -0.0560 2.8624 55.1456 0.0499 0.0464 0.0202 0.0204 0.0043 0.0019 0.0583 0.0690 0.0627
1494806400.0000 96450.0000 -2.7788 -1.6007 -0.0528 3.2125 60.0561 0.0196 0.0295 0.0156 -0.0104 -0.0010 0.0001 0.0323 0.0458 0.0399
1494806400.0000 96750.0000 -2.6755 -1.4960 -0.0790 3.0706 60.7887 0.0481 0.0261 0.0148 -0.0009 0.0016 0.0028 0.0445 0.0562 0.0513
1494806400.0000 97050.0000 -2.3477 -1.7673 -0.0815 2.9615 53.0276 0.0577 0.1158 0.0422 -0.0420 -0.0148 0.0171 0.1079 0.0912 0.0818
1494806400.0000 97350.0000 -2.7492 -1.4809 -0.0791 3.1339 61.6909 0.0423 0.0717 0.0362 -0.0050 0.0002 -0.0011 0.0751 0.0716 0.0624
1494806400.0000 97650.0000 -2.9555 -1.4350 -0.0931 3.2944 64.1026 0.0591 0.0636 0.0290 0.0053 -0.0008 0.0002 0.0759 0.0684 0.0616
1494806400.0000 97950.0000 -3.2972 -2.0319 -0.0066 3.8862 58.3569 0.1168 0.0875 0.0567 -0.0060 -0.0022 -0.0006 0.1305 0.0762 0.0674
1494806400.0000 98250.0000 -3.3720 -2.1210 0.0210 4.0006 57.8301 0.1282 0.1810 0.0766 0.0345 0.0067 0.0195 0.1929 0.0900 0.0806
1494806400.0000 98550.0000 -3.6137 -2.6029 0.1114 4.4670 54.2359 0.1750 0.0965 0.0803 0.0025 -0.0117 0.0101 0.1759 0.0769 0.0676
1494806400.0000 98850.0000 -3.6725 -3.0670 0.0699 4.7973 50.1338 0.0585 0.1634 0.0490 0.0029 -0.0099 0.0117 0.1354 0.0628 0.0568
1494806400.0000 99150.0000 -3.6625 -2.6832 0.1058 4.5530 53.7725 0.0930 0.1309 0.0510 0.0011 0.0052 0.0111 0.1375 0.0667 0.0602
1494806400.0000 99450.0000 -3.8224 -2.6061 0.0724 4.6394 55.7136 0.0970 0.1199 0.0613 -0.0108 0.0013 0.0086 0.1391 0.0658 0.0581
1494806400.0000 99750.0000 -3.5973 -2.5324 0.0819 4.4045 54.8556 0.0424 0.0343 0.0226 -0.0093 0.0007 0.0032 0.0496 0.0413 0.0363
1494806400.0000 100050.0000 -3.7980 -2.5188 0.0688 4.5665 56.4480 0.0685 0.0674 0.0304 -0.0165 -0.0064 0.0055 0.0832 0.0517 0.0467
1494806400.0000 100350.0000 -3.7426 -2.6770 0.0930 4.6099 54.4252 0.0427 0.0925 0.0289 -0.0021 -0.0061 0.0041 0.0820 0.0508 0.0461
1494806400.0000 100650.0000 -4.1887 -2.8566 0.0639 5.0774 55.7067 0.0794 0.0702 0.0291 -0.0009 -0.0015 0.0001 0.0894 0.0481 0.0440
1494806400.0000 100950.0000 -4.0864 -3.1225 0.0771 5.1521 52.6158 0.0752 0.0790 0.0347 -0.0177 0.0072 0.0026 0.0945 0.0488 0.0441
1494806400.0000 101250.0000 -4.2742 -3.1753 0.0807 5.3398 53.3918 0.1867 0.1311 0.0792 -0.0158 -0.0115 0.0055 0.1985 0.0683 0.0611
1494806400.0000 101550.0000 -4.4032 -3.2034 0.0753 5.4579 53.9639 0.1011 0.1467 0.0689 -0.0078 0.0036 0.0117 0.1583 0.0597 0.0528
1494806400.0000 101850.0000 -4.9335 -3.1457 0.1236 5.8604 57.4776 0.1136 0.1039 0.0652 -0.0025 0.0004 0.0002 0.1413 0.0524 0.0460
1494806400.0000 102150.0000 -4.6951 -3.2045 0.0916 5.6944 55.6853 0.1107 0.1116 0.0640 -0.0005 0.0135 0.0114 0.1431 0.0543 0.0479
1494806400.0000 102450.0000 -4.6132 -3.3646 0.1148 5.7165 53.8958 0.0922 0.0878 0.0587 0.0143 0.0022 -0.0102 0.1194 0.0494 0.0429
1494806400.0000 102750.0000 -4.5357 -3.0892 0.0945 5.4946 55.7418 0.0624 0.0763 0.0462 -0.0035 0.0017 0.0074 0.0924 0.0452 0.0392
1494806400.0000 103050.0000 -4.5927 -3.3649 0.1283 5.6989 53.7710 0.0645 0.0804 0.0323 0.0146 -0.0019 0.0087 0.0886 0.0427 0.0386
1494806400.0000 103350.0000 -4.6850 -3.3023 0.1326 5.7419 54.8215 0.0928 0.0827 0.0459 -0.0314 -0.0091 0.0091 0.1107 0.0474 0.0422
1494806400.0000 103650.0000 -4.3664 -3.4638 0.0745 5.5872 51.5755 0.1210 0.1082 0.0440 -0.0432 -0.0057 0.0027 0.1366 0.0541 0.0496
1494806400.0000 103950.0000 -4.4777 -3.6056 0.0695 5.7544 51.1582 0.0732 0.0690 0.0517 0.0092 0.0038 0.0046 0.0970 0.0442 0.0379
1494806400.0000 104250.0000 -4.6556 -3.4273 0.0434 5.7881 53.6410 0.0708 0.0698 0.0572 -0.0111 -0.0099 0.0151 0.0989 0.0444 0.0375
1494806400.0000 104550.0000 -4.5874 -3.4700 0.0804 5.7632 52.8954 0.0713 0.1474 0.0573 -0.0090 0.0014 0.0139 0.1380 0.0527 0.0469
1494806400.0000 104850.0000 -4.5173 -3.0806 0.0814 5.4877 55.7076 0.0667 0.2086 0.0363 -0.0602 -0.0090 0.0226 0.1558 0.0589 0.0554
1494806400.0000 105150.0000 -4.5646 -3.3603 0.1182 5.6750 53.6408 0.0764 0.0832 0.0586 0.0032 -0.0017 0.0158 0.1091 0.0476 0.0407
1494806400.0000 105450.0000 -4.8712 -3.0402 0.1019 5.7543 58.0316 0.1105 0.1537 0.0562 -0.0001 -0.0019 0.0005 0.1602 0.0569 0.0517
1494806400.0000 105750.0000 -5.0159 -2.9775 0.1099 5.8438 59.3059 0.0722 0.1433 0.0706 -0.0018 0.0012 0.0202 0.1430 0.0529 0.0459
1494806400.0000 106050.0000 -4.6534 -4.0276 0.0705 6.1692 49.1233 0.3243 0.1217 0.1121 0.0211 0.0006 0.0056 0.2790 0.0701 0.0626
1494806400.0000 106350.0000 -5.0727 -3.7786 0.1478 6.3439 53.3182 0.1537 0.2238 0.1236 -0.0346 -0.0138 0.0250 0.2505 0.0646 0.0561
1494806400.0000 106650.0000 -5.1258 -3.7277 0.1936 6.3622 53.9736 0.3082 0.2389 0.1057 -0.0357 0.0028 0.0001 0.3264 0.0736 0.0674
1494806400.0000 106950.0000 -4.7383 -3.7310 0.1611 6.0461 51.7830 0.1175 0.1477 0.0814 -0.0471 -0.0140 0.0205 0.1733 0.0563 0.0493
1494806400.0000 107250.0000 -5.0586 -3.8912 0.1228 6.3951 52.4318 0.1578 0.2541 0.0967 0.0591 -0.0027 0.0177 0.2543 0.0645 0.0581
1494806400.0000 107550.0000 -5.2179 -4.0825 0.1694 6.6355 51.9607 0.1485 0.1465 0.1058 0.0122 0.0049 0.0152 0.2004 0.0552 0.0473
1494806400.0000 107850.0000 -5.2803 -3.8521 0.2041 6.5470 53.8885 0.1373 0.1923 0.0739 0.0312 0.0044 0.0031 0.2017 0.0561 0.0507
1494806400.0000 108150.0000 -5.3738 -3.6636 0.1627 6.5240 55.7154 0.1490 0.2322 0.1078 -0.0570 -0.0104 0.0135 0.2445 0.0621 0.0548
1494806400.0000 108450.0000 -5.5382 -3.5884 0.2169 6.6131 57.0592 0.1818 0.1718 0.0881 -0.0050 0.0334 0.0084 0.2209 0.0581 0.0520
1494806400.0000 108750.0000 -5.3313 -3.2086 0.2326 6.2550 58.9586 0.2349 0.3542 0.1252 -0.1020 0.0214 -0.0286 0.3571 0.0784 0.0712
1494806400.0000 109050.0000 -5.8070 -3.4958 0.1577 6.7875 58.9521 0.0980 0.1459 0.0688 0.0070 0.0116 0.0036 0.1564 0.0476 0.0421
1494806400.0000 109350.0000 -5.1255 -3.4326 0.0435 6.1848 56.1893 0.1246 0.2463 0.1289 0.0153 0.0044 -0.0197 0.2499 0.0662 0.0570
1494806400.0000 109650.0000 -5.0126 -2.9106 0.0577 5.8222 59.8581 0.1982 0.3041 0.1437 -0.0230 0.0010 -0.0038 0.3230 0.0800 0.0706
1494806400.0000 109950.0000 -4.3167 -3.0949 0.0312 5.3436 54.3611 0.2661 0.3388 0.2157 -0.0264 0.0327 -0.0631 0.4102 0.0985 0.0845
1494806400.0000 110250.0000 -4.7750 -3.3959 -0.0501 5.9102 54.5803 0.3425 0.5708 0.1884 -0.0907 0.0413 -0.0416 0.5508 0.1034 0.0942
1494806400.0000 110550.0000 -4.4057 -3.1091 -0.1440 5.4427 54.7887 0.3324 0.6509 0.2981 0.0046 -0.0053 0.0090 0.6407 0.1212 0.1062
1494806400.0000 110850.0000 -4.6380 -2.8788 0.0427 5.4893 58.1724 0.3970 0.2611 0.1795 -0.0229 0.0366 -0.0204 0.4188 0.0968 0.0858
1494806400.0000 111150.0000 -4.5152 -2.7161 0.2244 5.3064 58.9716 0.2839 0.3141 0.1679 -0.0975 0.0046 -0.0249 0.3829 0.0958 0.0847
1494806400.0000 111450.0000 -4.6455 -2.8925 0.1847 5.5507 58.0912 0.6342 0.7695 0.3395 -0.1362 0.0027 -0.0193 0.8716 0.1392 0.1250
1494806400.0000 111750.0000 -3.7758 -3.0775 0.0830 5.0156 50.8175 0.5066 1.4552 0.7047 -0.3549 0.0186 -0.2177 1.3333 0.1935 0.1660
1494806400.0000 112050.0000 -4.3460 -2.6813 -0.0785 5.1332 58.3269 0.2473 0.2312 0.1843 -0.0391 0.0468 0.0120 0.3314 0.0920 0.0782
1494806400.0000 112350.0000 -4.1581 -2.5870 -0.1134 4.9175 58.1125 0.1806 0.1732 0.1356 -0.0284 0.0141 -0.0133 0.2447 0.0825 0.0701
1494806400.0000 112650.0000 -3.9830 -2.4118 -0.0393 4.7131 58.8040 0.1956 0.4954 0.2099 -0.1100 0.0212 0.0052 0.4504 0.1177 0.1031
1494806400.0000 112950.0000 -3.9494 -2.0638 0.0544 4.4787 62.4104 0.0875 0.1927 0.1318 -0.0404 0.0170 -0.0038 0.2060 0.0832 0.0686
1494806400.0000 113250.0000 -4.0153 -2.6043 -0.0589 4.8121 57.0328 0.1596 0.2480 0.1318 -0.0320 0.0082 -0.0383 0.2697 0.0886 0.0770
1494806400.0000 113550.0000 -4.2330 -2.5702 -0.0507 4.9815 58.7342 0.3001 0.2040 0.1560 -0.0700 0.0233 -0.0224 0.3300 0.0947 0.0828
1494806400.0000 113850.0000 -3.8115 -2.9084 -0.1123 4.8319 52.6548 0.2498 0.3614 0.2651 -0.0270 0.0445 0.0168 0.4381 0.1127 0.0941
1494806400.0000 114150.0000 -3.7334 -1.8767 0.0172 4.2349 63.3117 0.3705 0.4848 0.2109 0.0086 0.1010 0.0649 0.5331 0.1427 0.1278
1494806400.0000 114450.0000 -3.4507 -1.5950 -0.0804 3.8657 65.1920 0.3031 0.4719 0.2366 -0.0769 -0.0709 0.0822 0.5058 0.1527 0.1337
1494806400.0000 114750.0000 -3.2563 -1.9249 -0.1032 3.8175 59.4110 0.1906 0.2065 0.1091 -0.0608 -0.0536 0.0239 0.2531 0.1086 0.0962
1494806400.0000 115050.0000 -3.1993 -2.0692 0.0023 3.8536 57.1064 0.2280 0.4194 0.1786 0.0407 0.0146 0.0349 0.4130 0.1377 0.1219
1494806400.0000 115350.0000 -4.1989 -2.5409 0.1119 4.9485 58.8211 0.2282 0.3819 0.2516 -0.0616 0.0325 0.0603 0.4309 0.1092 0.0919
1494806400.0000 115650.0000 -4.2221 -2.6871 -0.0310 5.0408 57.5263 0.2076 0.2889 0.1142 -0.1092 0.0056 -0.0459 0.3053 0.0902 0.0813
1494806400.0000 115950.0000 -4.6183 -2.8616 -0.0802 5.4635 58.2161 0.2619 0.3259 0.1698 -0.0243 -0.0088 -0.0004 0.3788 0.0925 0.0815
1494806400.0000 116250.0000 -4.9883 -3.0271 0.0864 5.8757 58.7489 0.5004 0.4139 0.1937 -0.0415 0.0402 -0.0185 0.5540 0.1041 0.0946
1494806400.0000 116550.0000 -4.7178 -3.1480 0.0761 5.7003 56.2863 0.3218 0.3386 0.1501 0.0183 0.0013 0.0235 0.4052 0.0916 0.0827
1494806400.0000 116850.0000 -4.8376 -3.3078 -0.0241 5.8911 55.6372 0.3133 0.3043 0.1759 -0.0564 -0.0288 0.0314 0.3967 0.0878 0.0774
1494806400.0000 117150.0000 -4.5261 -3.4327 0.0265 5.7049 52.8226 0.2876 0.2301 0.1735 -0.0263 -0.0191 0.0234 0.3456 0.0845 0.0731
1494806400.0000 117450.0000 -4.4406 -3.2453 0.0466 5.5391 53.8401 0.3412 0.4642 0.1653 -0.0095 0.0019 0.0103 0.4853 0.1034 0.0942
1494806400.0000 117750.0000 -4.0308 -3.5878 0.0123 5.4333 48.3280 0.2699 0.3471 0.1659 -0.0866 0.0083 0.0178 0.3915 0.0947 0.0840
1494806400.0000 118050.0000 -4.4179 -3.4662 0.1165 5.6657 51.8831 0.3040 0.5737 0.1582 -0.0873 -0.0025 0.0614 0.5179 0.1046 0.0963
1494806400.0000 118350.0000 -4.6105 -3.5504 0.0112 5.8486 52.4008 0.1552 0.3723 0.1253 -0.0520 -0.0184 0.0424 0.3264 0.0802 0.0721
1494806400.0000 118650.0000 -4.9238 -2.9237 0.0326 5.7771 59.2987 0.3235 0.4628 0.1868 -0.1703 0.0028 0.0256 0.4865 0.0995 0.0894
1494806400.0000 118950.0000 -4.6214 -2.6685 0.0637 5.3994 59.9967 0.3806 0.6240 0.2170 -0.1164 0.0315 0.0597 0.6108 0.1196 0.1084
1494806400.0000 119250.0000 -4.4451 -3.2577 0.0493 5.5371 53.7637 0.1672 0.2986 0.1130 -0.0375 -0.0044 0.0090 0.2894 0.0797 0.0715
1494806400.0000 119550.0000 -4.3148 -3.2261 0.1695 5.4324 53.2150 0.4070 0.4291 0.2319 -0.0577 0.0401 0.0424 0.5340 0.1107 0.0980
1494806400.0000 119850.0000 -4.6060 -3.1522 0.0494 5.6336 55.6135 0.4749 0.5236 0.2200 -0.0719 0.0347 -0.0366 0.6093 0.1142 0.1034
1494806400.0000 120150.0000 -4.6640 -3.1893 0.0830 5.6961 55.6351 0.5233 0.5193 0.1851 0.0016 0.0302 -0.0546 0.6138 0.1132 0.1043
1494806400.0000 120450.0000 -4.2111 -3.3855 0.0787 5.4435 51.2029 0.2784 0.5103 0.2170 -0.0148 -0.0297 0.0183 0.5028 0.1071 0.0949
1494806400.0000 120750.0000 -3.8180 -3.4213 0.2769 5.2029 48.1368 0.6284 0.5550 0.2418 -0.1958 0.0149 0.0633 0.7126 0.1343 0.1225
1494806400.0000 121050.0000 -4.3398 -3.0855 -0.0439 5.3596 54.5880 0.2505 0.3308 0.1985 -0.0680 0.0034 -0.0020 0.3899 0.0957 0.0827
1494806400.0000 121350.0000 -4.1807 -3.7211 -0.0259 5.6366 48.3291 0.3312 0.4550 0.1984 -0.0502 -0.0007 0.0734 0.4923 0.1024 0.0915
1494806400.0000 121650.0000 -3.9265 -3.5812 0.1167 5.3841 47.6335 0.5335 0.6196 0.3158 -0.1567 -0.0778 0.0704 0.7345 0.1316 0.1167
1494806400.0000 121950.0000 -3.9731 -3.4407 0.1073 5.3467 49.1070 0.8705 0.5398 0.2377 -0.2604 -0.0304 0.0937 0.8240 0.1410 0.1305
1494806400.0000 122250.0000 -4.1702 -2.7866 0.1273 5.0985 56.2478 0.5364 0.7701 0.2357 -0.1571 0.0212 -0.0537 0.7711 0.1429 0.1316
1494806400.0000 122550.0000 -4.1267 -2.9437 0.1412 5.2018 54.4988 0.6932 1.0963 0.1857 -0.4027 0.0506 -0.0312 0.9876 0.1600 0.1524
1494806400.0000 122850.0000 -3.5112 -2.8353 0.0621 4.5757 51.0785 0.3872 0.5498 0.2187 -0.0919 -0.0032 0.0087 0.5778 0.1375 0.1238
1494806400.0000 123150.0000 -4.0151 -3.1993 0.0479 5.1682 51.4516 0.3430 0.4052 0.1612 0.0406 -0.0241 0.0028 0.4547 0.1072 0.0973
1494806400.0000 123450.0000 -3.7251 -3.1599 0.1174 4.9183 49.6927 0.2475 0.3621 0.1443 -0.0049 0.0285 0.0212 0.3770 0.1026 0.0923
1494806400.0000 123750.0000 -3.1857 -2.6542 0.1877 4.2408 50.1997 0.2882 1.0281 0.2320 -0.1045 -0.0243 0.0214 0.7742 0.1731 0.1597
1494806400.0000 124050.0000 -3.0995 -2.6726 0.1755 4.2087 49.2297 0.9310 0.5315 0.2447 -0.1640 0.0187 0.0640 0.8536 0.1841 0.1706
1494806400.0000 124350.0000 -3.6973 -1.7148 0.2999 4.1921 65.1183 0.6795 0.8998 0.2707 -0.0990 0.0480 -0.0251 0.9250 0.1922 0.1780
1494806400.0000 124650.0000 -3.5685 -2.2206 0.1025 4.2843 58.1069 0.4924 0.8776 0.2703 0.1345 0.0028 0.1167 0.8201 0.1759 0.1608
1494806400.0000 124950.0000 -2.4846 -2.3775 0.1464 3.5381 46.2620 0.6332 0.8639 0.2956 0.0973 -0.0084 0.0896 0.8964 0.2246 0.2054
1494806400.0000 125250.0000 -3.6857 -2.5035 0.2967 4.5722 55.8145 0.8198 1.0977 0.3678 -0.0127 0.1468 -0.0093 1.1427 0.1955 0.1794
1494806400.0000 125550.0000 -2.9954 -2.6469 0.3110 4.0928 48.5348 0.8710 0.5808 0.2973 -0.0110 0.0290 0.0779 0.8745 0.1904 0.1740
1494806400.0000 125850.0000 -3.1429 -2.9134 0.3076 4.3545 47.1697 0.5115 0.8591 0.2511 0.1261 -0.0150 -0.0015 0.8109 0.1711 0.1577
1494806400.0000 126150.0000 -2.7951 -1.7556 0.2588 3.3862 57.8676 0.7310 0.7868 0.2060 0.2694 0.0712 0.0656 0.8619 0.2290 0.2155
1494806400.0000 126450.0000 -3.0283 -1.8954 0.1755 3.6577 57.9574 0.7465 0.6851 0.2308 0.1593 0.0651 -0.0067 0.8312 0.2081 0.1934
1494806400.0000 126750.0000 -3.1012 -1.5104 0.1871 3.5163 64.0313 0.9137 0.5652 0.2308 0.2340 0.0349 -0.0585 0.8549 0.2185 0.2035
1494806400.0000 127050.0000 -2.9215 -0.7757 0.0598 3.2876 75.1294 0.7095 1.6668 0.3456 -0.2207 0.0921 -0.0726 1.3609 0.3151 0.2944
1494806400.0000 127350.0000 -2.7704 -2.7229 0.2991 3.9334 45.4946 0.6740 0.6381 0.2255 0.2992 0.0512 0.0882 0.7688 0.1838 0.1703
1494806400.0000 127650.0000 -1.9534 0.1537 0.0656 2.1282 94.5001 0.3864 0.6929 0.2954 0.0499 0.0402 -0.1461 0.6874 0.3453 0.3061
1494806400.0000 127950.0000 -2.5832 -0.7577 0.1785 2.9151 73.6532 1.9398 0.7960 0.4014 0.1284 0.1924 -0.1226 1.5687 0.3790 0.3547
1494806400.0000 128250.0000 -3.5092 -0.4468 0.0342 3.6663 82.7445 1.0669 0.8838 0.2846 -0.0798 0.1114 -0.1544 1.1176 0.2440 0.2279
1494806400.0000 128550.0000 -2.6005 -0.8645 -0.0037 2.9031 71.6106 0.9866 0.7881 0.2173 -0.3205 0.0713 -0.0900 0.9960 0.2973 0.2807
1494806400.0000 128850.0000 -3.3144 -0.4200 -0.0850 3.4126 82.7773 0.7238 0.4559 0.1810 -0.0475 0.0444 -0.0441 0.6803 0.2015 0.1877
1494806400.0000 129150.0000 -2.2326 0.2974 -0.0263 2.4085 97.5887 0.5561 0.8161 0.2615 0.0833 0.1028 -0.1533 0.8168 0.3276 0.3003
1494806400.0000 129450.0000 -3.0974 -0.6896 0.0466 3.2826 77.4490 0.7966 0.6421 0.2237 -0.0371 0.0619 -0.1323 0.8312 0.2346 0.2182
1494806400.0000 129750.0000 -2.9468 -0.5583 0.1059 3.0948 79.2722 0.6714 0.5417 0.2894 0.0212 0.1030 -0.0935 0.7512 0.2358 0.2120
1494806400.0000 130050.0000 -2.5826 -0.5866 0.0300 2.7196 77.2023 0.5325 0.3784 0.1882 0.0361 -0.0045 -0.0522 0.5495 0.2285 0.2081
1494806400.0000 130350.0000 -2.4804 -0.5794 0.0109 2.6849 76.8530 0.6667 0.5964 0.1793 -0.0362 -0.0008 0.0565 0.7212 0.2722 0.2547
1494806400.0000 130650.0000 -2.6750 -0.6794 0.0152 2.7984 75.7491 0.3778 0.2412 0.1296 0.0835 -0.0367 -0.0773 0.3743 0.1810 0.1646
1494806400.0000 130950.0000 -2.4453 -1.4696 0.2620 2.9587 58.9945 0.4779 0.5314 0.1824 -0.0886 0.0957 0.0075 0.5958 0.2200 0.2033
1494806400.0000 131250.0000 -1.9558 -0.7762 0.3002 2.3340 68.3528 1.1287 0.6309 0.2154 -0.3466 0.0916 -0.0355 0.9875 0.3817 0.3640
1494806400.0000 131550.0000 -1.1464 -1.1453 0.0807 1.7562 45.0256 0.4284 0.2925 0.1483 -0.1158 -0.0092 0.0732 0.4346 0.3318 0.3025
1494806400.0000 131850.0000 -2.1986 0.2137 -0.2049 2.2998 95.5515 0.4043 0.4116 0.1757 0.0697 0.0336 -0.0515 0.4958 0.2592 0.2361
1494806400.0000 132150.0000 -1.9773 -0.5431 0.0386 2.1288 74.6424 0.6487 0.1994 0.1401 -0.0893 -0.0063 0.0150 0.4941 0.2799 0.2593
1494806400.0000 132450.0000 -1.1697 -1.1894 0.0156 1.7306 44.5217 0.4529 0.2245 0.1078 0.1684 -0.0276 -0.0413 0.3926 0.3067 0.2849
1494806400.0000 132750.0000 -1.6566 -0.9492 0.0122 1.9576 60.1870 0.1690 0.1780 0.0955 -0.0065 -0.0085 -0.0304 0.2213 0.2012 0.1781
1494806400.0000 133050.0000 -1.8428 -0.6154 -0.0389 1.9915 71.5343 0.4323 0.2687 0.0781 0.1963 0.0525 0.0156 0.3895 0.2622 0.2488
1494806400.0000 133350.0000 -1.3130 -0.3565 -0.0805 1.5027 74.8101 0.5473 0.4042 0.1996 -0.1408 0.1108 0.0222 0.5755 0.4545 0.4139
1494806400.0000 133650.0000 -1.7557 -0.2898 0.0744 1.8806 80.6280 0.8233 0.3010 0.1189 0.2212 -0.0385 -0.0605 0.6216 0.3614 0.3440
1494806400.0000 133950.0000 -1.7481 -0.8787 0.1957 2.0836 63.3131 0.4968 0.7143 0.1818 0.1733 0.0957 -0.0053 0.6965 0.3465 0.3247
1494806400.0000 134250.0000 -1.3624 -1.3468 0.0900 1.9840 45.3302 0.5630 0.7082 0.2314 0.3599 -0.0694 -0.0266 0.7513 0.3690 0.3398
1494806400.0000 134550.0000 -1.3944 -1.5056 0.0437 2.1206 42.8050 0.2279 0.5580 0.1596 0.1157 -0.0042 0.0847 0.4728 0.2735 0.2494
1494806400.0000 134850.0000 -0.8871 -1.2005 0.1096 1.7030 36.4613 0.4130 0.8730 0.2109 0.1230 -0.0182 0.0849 0.7484 0.4719 0.4386
1494806400.0000 135150.0000 -0.8426 -1.4639 0.0620 1.8701 29.9238 0.4522 0.7891 0.2085 -0.0280 0.0036 0.0832 0.7249 0.4113 0.3808
1494806400.0000 135450.0000 -1.1699 -0.7571 -0.1057 1.5738 57.0906 0.2207 0.5956 0.2330 0.0472 -0.0101 -0.1287 0.5246 0.4232 0.3743
1494806400.0000 135750.0000 -1.0523 -0.5062 -0.0262 1.4380 64.3104 0.2930 0.9426 0.2532 0.1097 -0.0534 -0.2716 0.7444 0.6031 0.5496
1494806400.0000 136050.0000 -0.3550 -1.0298 0.0373 1.4463 19.0187 0.7713 0.5072 0.2422 -0.2306 -0.0073 0.0048 0.7603 0.6532 0.5993
1494806400.0000 136350.0000 -0.7606 -1.0218 0.1982 1.4133 36.6635 0.3393 0.4944 0.1718 0.0558 -0.0186 0.0576 0.5028 0.4491 0.4139
1494806400.0000 136650.0000 -0.7593 -1.0541 0.0814 1.4429 35.7660 0.2948 0.4704 0.2093 0.0193 0.0213 0.0253 0.4872 0.4378 0.3888
1494806400.0000 136950.0000 -0.8294 -1.0251 0.0889 1.4915 38.9771 0.3717 0.3503 0.1655 -0.1041 -0.0546 0.0905 0.4437 0.4116 0.3720
1494806400.0000 137250.0000 -0.9816 -1.1266 0.0725 1.7245 41.0680 0.5137 0.5979 0.2269 -0.0838 0.0339 -0.0059 0.6693 0.4465 0.4074
1494806400.0000 137550.0000 -1.6246 -2.4550 0.0727 3.0130 33.4939 0.2293 0.8185 0.1548 0.0237 -0.0118 -0.0212 0.6013 0.2150 0.2007
1494806400.0000 137850.0000 -2.1181 -0.4935 0.0966 2.3493 76.8838 0.6837 0.7332 0.2108 -0.0012 0.0327 0.0241 0.8139 0.3384 0.3160
1494806400.0000 138150.0000 -1.5784 -0.8458 0.1162 1.9194 61.8134 0.8910 0.2491 0.1937 -0.1073 0.0031 0.0332 0.6669 0.3716 0.3443
1494806400.0000 138450.0000 -2.1638 -0.5913 0.0497 2.4182 74.7173 0.8552 0.6967 0.2335 -0.1350 0.0523 -0.0141 0.8927 0.3438 0.3206
1494806400.0000 138750.0000 -1.2635 0.4121 0.0668 1.5325 108.0638 0.3220 0.5328 0.1464 0.0550 0.0254 -0.0971 0.5006 0.4341 0.4016
1494806400.0000 139050.0000 -2.1525 -0.5038 0.1311 2.3906 76.8274 0.9186 0.6341 0.1484 -0.1606 -0.0336 -0.0492 0.8505 0.3400 0.3254
1494806400.0000 139350.0000 -0.7209 -1.5451 0.1813 1.8257 25.0139 0.3641 0.3911 0.1309 -0.0080 0.0147 0.0639 0.4431 0.3170 0.2943
1494806400.0000 139650.0000 -0.9136 -1.4549 0.0091 1.7662 32.1271 0.1823 0.1300 0.1316 0.0039 -0.0138 0.0441 0.2219 0.2239 0.1878
1494806400.0000 139950.0000 -0.1632 -0.9271 0.0713 1.2272 9.9819 0.5591 0.5346 0.1087 0.3703 -0.0936 -0.0301 0.6012 0.6706 0.6414
1494806400.0000 140250.0000 -1.4063 -1.0087 0.2097 1.8052 54.3495 0.1855 0.3019 0.0972 0.0029 -0.0009 0.0061 0.2923 0.2532 0.2329
1494806400.0000 140550.0000 -1.2085 0.0736 -0.0702 1.3224 93.4839 0.1636 0.2963 0.1132 -0.0992 0.0333 -0.1115 0.2866 0.3604 0.3234
1494806400.0000 140850.0000 -1.0094 0.7797 -0.2703 1.2992 127.6829 0.3002 0.0937 0.0716 -0.1145 0.0098 0.0029 0.2327 0.3021 0.2841
1494806400.0000 141150.0000 -1.7128 -0.1509 -0.0750 1.7784 84.9656 0.5272 0.1911 0.1312 0.1284 -0.0715 -0.0459 0.4248 0.3092 0.2846
1494806400.0000 141450.0000 -1.4003 -0.4543 0.0591 1.5338 72.0249 0.2622 0.1587 0.1054 -0.0020 0.0519 0.0056 0.2631 0.2843 0.2544
1494806400.0000 141750.0000 -1.3981 -0.8908 0.0573 1.7317 57.4968 0.1386 0.2747 0.1373 -0.0053 -0.0021 -0.0355 0.2753 0.2583 0.2239
1494806400.0000 142050.0000 -1.2736 -0.3211 -0.0761 1.3681 75.8496 0.6172 0.2485 0.0861 0.2776 -0.0473 -0.0280 0.4759 0.4281 0.4090
1494806400.0000 142350.0000 -1.1471 -0.2115 0.0746 1.2442 79.5537 0.3922 0.2249 0.0851 0.1246 0.0073 -0.0300 0.3511 0.4139 0.3888
1494806400.0000 142650.0000 -2.0308 -0.8096 -0.1111 2.2044 68.2638 0.1857 0.1020 0.1308 0.0510 -0.0548 -0.0328 0.2093 0.1706 0.1416
1494806400.0000 142950.0000 -0.6810 -0.6743 -0.1529 1.1200 45.2843 0.5037 0.0274 0.0723 -0.0111 -0.0408 0.0020 0.3017 0.4621 0.4390
1494806400.0000 143250.0000 -0.9359 -0.6083 -0.0821 1.3764 56.9751 0.4421 0.4705 0.1167 -0.1061 -0.0240 0.0865 0.5146 0.5234 0.4941
1494806400.0000 143550.0000 -0.4052 -1.7254 -0.0554 1.8810 13.2174 0.2986 0.5285 0.1759 -0.0861 -0.0406 -0.0004 0.5015 0.3261 0.2963
1494806400.0000 143850.0000 -0.6763 -1.7507 0.0895 2.0031 21.1231 0.4132 0.4181 0.1542 -0.0927 -0.0401 0.0819 0.4927 0.3050 0.2805
1494806400.0000 144150.0000 -1.9258 -0.4792 -0.0070 2.1476 76.0269 0.3467 0.5651 0.1296 -0.0953 0.0555 -0.0724 0.5207 0.2969 0.2778
1494806400.0000 144450.0000 -2.0415 -0.4955 0.1100 2.1797 76.3576 0.3053 0.2945 0.1074 -0.0533 0.0337 -0.0399 0.3536 0.2308 0.2128
1494806400.0000 144750.0000 -0.9727 -0.1186 -0.0836 1.0455 83.0479 0.2075 0.1087 0.0898 -0.0070 0.0203 -0.0177 0.2030 0.3741 0.3313
1494806400.0000 145050.0000 -0.7424 -0.2097 -0.0913 0.8504 74.2253 0.3190 0.2012 0.1230 0.1952 -0.0384 -0.0313 0.3216 0.5961 0.5398
1494806400.0000 145350.0000 -1.7446 -1.7399 -0.0044 2.5465 45.0784 0.3092 0.3855 0.1110 -0.0216 -0.0092 -0.0235 0.4029 0.2103 0.1953
1494806400.0000 145650.0000 -1.1296 -1.1575 -0.0333 1.7812 44.3008 0.6601 0.3848 0.0858 0.0518 -0.0632 0.0092 0.5654 0.3795 0.3649
1494806400.0000 145950.0000 -1.1826 -1.5212 0.0506 2.1406 37.8616 0.2169 1.1129 0.1289 -0.1455 -0.0043 0.0001 0.7293 0.3618 0.3455
1494806400.0000 146250.0000 -0.5595 -1.6893 -0.1439 1.8198 18.3238 0.1369 0.2222 0.0929 -0.0039 -0.0048 -0.0459 0.2260 0.2174 0.1944
1494806400.0000 146550.0000 -0.9944 -1.4803 -0.1046 1.8716 33.8907 0.2380 0.4763 0.1186 0.0173 -0.0857 -0.0160 0.4164 0.2950 0.2736
1494806400.0000 146850.0000 -1.2894 -0.8767 0.0585 1.6132 55.7858 0.1011 0.2210 0.0608 0.0181 -0.0193 0.0170 0.1915 0.2290 0.2102
1494806400.0000 147150.0000 -0.9001 -1.7190 0.0612 2.0037 27.6383 0.1781 0.5045 0.0740 0.0065 -0.0002 -0.0134 0.3783 0.2587 0.2458
1494806400.0000 147450.0000 -1.1770 -1.6345 0.1267 2.1190 35.7590 0.3588 0.5674 0.1775 0.0272 0.0642 0.1317 0.5518 0.3005 0.2759
1494806400.0000 147750.0000 -0.0898 -0.8334 -0.0167 0.9245 6.1492 0.1306 0.1349 0.0666 0.0090 -0.0059 0.0147 0.1660 0.3968 0.3548
1494806400.0000 148050.0000 -0.1407 -0.8523 0.0556 0.9723 9.3712 0.1226 0.3480 0.0720 0.0322 -0.0035 0.0521 0.2713 0.4913 0.4585
1494806400.0000 148350.0000 -0.0970 -0.7622 -0.0879 0.7982 7.2496 0.0337 0.0648 0.0224 -0.0247 -0.0002 -0.0023 0.0605 0.2596 0.2358
1494806400.0000 148650.0000 0.1250 -1.0929 -0.0258 1.1332 353.4752 0.0764 0.0611 0.0285 -0.0297 -0.0023 0.0017 0.0830 0.2138 0.1947
1494806400.0000 148950.0000 -0.5053 -0.3571 -0.2925 0.9113 54.7503 0.4611 0.2526 0.0659 -0.2600 0.0252 0.0119 0.3898 0.7448 0.7883
1494806400.0000 149250.0000 -0.1977 -1.7481 0.0751 1.9858 6.4538 0.6270 0.8338 0.1191 -0.0083 -0.0508 -0.0260 0.7899 0.4121 0.3967
1494806400.0000 149550.0000 -0.1820 -1.2554 -0.0448 1.3287 8.2491 0.0592 0.3535 0.0281 -0.0555 0.0065 -0.0455 0.2204 0.3020 0.2924
1494806400.0000 149850.0000 0.0199 -1.2241 -0.0158 1.3243 359.0689 0.1814 0.7407 0.0298 -0.1190 -0.0293 0.0786 0.4759 0.4600 0.4528
1494806400.0000 150150.0000 0.0363 -1.3772 -0.0573 1.4048 358.4898 0.0733 0.0903 0.0427 -0.0229 -0.0073 0.0175 0.1031 0.1902 0.1695
1494806400.0000 150450.0000 0.0281 -1.8524 0.0352 1.8873 359.1316 0.1201 0.1377 0.0400 -0.0308 -0.0054 0.0255 0.1489 0.1700 0.1582
1494806400.0000 150750.0000 -0.4135 -1.9523 -0.0242 2.0230 11.9595 0.0972 0.1024 0.0354 -0.0267 0.0110 0.0113 0.1175 0.1402 0.1292
1494806400.0000 151050.0000 -0.0965 -1.8542 -0.0218 1.8791 2.9783 0.0779 0.1349 0.0308 0.0202 0.0028 0.0185 0.1218 0.1535 0.1434
