1494720000.0000 150.0000 0.2362 0.0542 -0.0573 0.2539 257.0642 0.0024 0.0060 0.0035 -0.0013 -0.0003 0.0010 0.0060 0.2529 0.2182
1494720000.0000 450.0000 0.2567 0.0959 -0.1523 0.3010 249.5082 0.0089 0.0156 0.0060 -0.0001 -0.0033 0.0003 0.0153 0.3217 0.3300
1494720000.0000 750.0000 0.3542 0.2160 -0.1854 0.4224 238.6268 0.0067 0.0036 0.0035 -0.0014 -0.0011 -0.0007 0.0069 0.1491 0.1411
1494720000.0000 1050.0000 0.3827 0.2193 -0.2010 0.4471 240.1921 0.0122 0.0030 0.0085 0.0004 -0.0074 -0.0009 0.0119 0.1838 0.1618
1494720000.0000 1350.0000 0.3333 0.1786 -0.1748 0.3830 241.8217 0.0107 0.0029 0.0084 0.0013 -0.0065 -0.0020 0.0110 0.2056 0.1779
1494720000.0000 1650.0000 0.1797 0.3286 -0.1414 0.3929 208.6771 0.0107 0.0119 0.0106 -0.0035 -0.0026 0.0005 0.0166 0.2628 0.2316
1494720000.0000 1950.0000 0.0033 0.3773 -0.0016 0.4222 180.5029 0.0378 0.0293 0.0481 -0.0098 0.0048 -0.0070 0.0576 0.5193 0.3961
1494720000.0000 2250.0000 0.1209 0.2963 -0.0848 0.3343 202.1919 0.0115 0.0226 0.0282 0.0039 0.0011 -0.0104 0.0312 0.4354 0.3332
1494720000.0000 2550.0000 0.0235 0.2058 -0.0353 0.2787 186.5039 0.0189 0.0354 0.0180 0.0034 -0.0037 -0.0168 0.0362 0.7388 0.6493
1494720000.0000 2850.0000 0.2075 0.2212 -0.1326 0.3403 223.1690 0.0227 0.0103 0.0067 -0.0053 0.0010 -0.0016 0.0199 0.3478 0.3463
1494720000.0000 3150.0000 0.2065 0.2581 -0.1442 0.3758 218.6695 0.0245 0.0196 0.0165 0.0069 0.0030 0.0014 0.0303 0.3942 0.3669
1494720000.0000 3450.0000 0.2568 0.1253 -0.1116 0.3038 243.9910 0.0112 0.0093 0.0142 0.0006 0.0002 -0.0046 0.0173 0.3503 0.2891
1494720000.0000 3750.0000 0.2028 0.1535 -0.1155 0.2910 232.8784 0.0076 0.0208 0.0099 -0.0003 0.0003 0.0009 0.0191 0.4041 0.3821
1494720000.0000 4050.0000 0.1752 0.1943 -0.1009 0.2947 222.0436 0.0183 0.0083 0.0154 -0.0032 0.0017 -0.0046 0.0211 0.4226 0.3606
1494720000.0000 4350.0000 0.2331 0.1585 -0.0876 0.3081 235.7881 0.0133 0.0090 0.0160 -0.0048 0.0003 -0.0025 0.0192 0.3831 0.3060
1494720000.0000 4650.0000 0.1467 0.1005 -0.0690 0.2567 235.5841 0.0324 0.0202 0.0217 -0.0032 -0.0032 -0.0110 0.0372 0.8255 0.7452
1494720000.0000 4950.0000 0.2219 0.2464 -0.1528 0.3794 222.0040 0.0235 0.0334 0.0252 -0.0096 0.0067 -0.0134 0.0410 0.4531 0.4154
1494720000.0000 5250.0000 0.0940 0.1903 -0.1002 0.2660 206.2874 0.0220 0.0129 0.0179 -0.0062 0.0035 -0.0026 0.0264 0.5654 0.5083
1494720000.0000 5550.0000 0.1292 0.1439 -0.0716 0.2665 221.9281 0.0254 0.0317 0.0319 -0.0143 0.0183 -0.0206 0.0445 0.8352 0.7132
1494720000.0000 5850.0000 0.1598 0.1409 -0.0777 0.2389 228.5919 0.0123 0.0061 0.0152 -0.0006 -0.0020 0.0004 0.0168 0.4662 0.3672
1494720000.0000 6150.0000 0.2060 0.1947 -0.1352 0.3065 226.6108 0.0097 0.0094 0.0082 -0.0042 -0.0011 -0.0020 0.0136 0.3035 0.2813
1494720000.0000 6450.0000 0.2528 0.1439 -0.1158 0.2963 240.3571 0.0042 0.0025 0.0077 -0.0000 0.0013 -0.0019 0.0072 0.2210 0.1622
1494720000.0000 6750.0000 0.1958 0.2564 -0.1916 0.3622 217.3711 0.0203 0.0164 0.0098 -0.0031 -0.0014 -0.0040 0.0232 0.3318 0.3428
1494720000.0000 7050.0000 0.3231 0.2312 -0.2156 0.4114 234.4100 0.0194 0.0073 0.0159 0.0002 -0.0096 -0.0042 0.0213 0.2636 0.2375
1494720000.0000 7350.0000 0.2313 0.2364 -0.1425 0.3535 224.3833 0.0200 0.0079 0.0087 -0.0011 -0.0071 -0.0008 0.0183 0.3071 0.2918
1494720000.0000 7650.0000 0.2652 0.1657 -0.0767 0.3227 238.0053 0.0210 0.0023 0.0149 0.0015 -0.0123 -0.0012 0.0191 0.3503 0.2817
1494720000.0000 7950.0000 0.1861 0.1583 0.0198 0.2665 229.6223 0.0072 0.0108 0.0172 -0.0009 0.0004 0.0065 0.0176 0.4417 0.3170
1494720000.0000 8250.0000 -0.0907 -0.0644 0.0412 0.2307 54.6358 0.0259 0.0229 0.0047 0.0181 0.0030 0.0045 0.0268 1.1259 1.1468
1494720000.0000 8550.0000 -0.0087 0.0375 -0.0217 0.2204 166.8975 0.0331 0.0208 0.0120 0.0069 -0.0041 -0.0131 0.0329 3.3523 3.4786
1494720000.0000 8850.0000 -0.0491 -0.1296 -0.0210 0.3097 20.7432 0.0604 0.0643 0.0154 0.0529 -0.0180 -0.0206 0.0701 1.5425 1.4716
1494720000.0000 9150.0000 -0.0268 -0.0414 -0.0164 0.1841 32.9045 0.0150 0.0200 0.0051 0.0074 -0.0046 -0.0072 0.0201 2.2278 2.1950
1494720000.0000 9450.0000 0.1780 0.0992 -0.1092 0.2425 240.8767 0.0100 0.0103 0.0043 -0.0066 -0.0006 -0.0010 0.0123 0.3916 0.4035
1494720000.0000 9750.0000 0.1409 0.1282 -0.0884 0.2401 227.7213 0.0118 0.0231 0.0098 0.0019 -0.0032 -0.0110 0.0224 0.5814 0.5664
1494720000.0000 10050.0000 -0.2633 0.1137 0.0281 0.3283 113.3614 0.0370 0.0361 0.0035 -0.0223 -0.0002 -0.0052 0.0383 0.5547 0.5444
1494720000.0000 10350.0000 0.0345 -0.1425 -0.0496 0.2608 346.4044 0.0144 0.0712 0.0077 -0.0033 -0.0020 0.0116 0.0467 1.1394 1.1521
1494720000.0000 10650.0000 0.1677 0.0002 -0.0623 0.2677 269.9314 0.0043 0.0495 0.0082 0.0036 -0.0023 -0.0133 0.0310 0.8033 0.7985
1494720000.0000 10950.0000 0.1277 -0.0923 -0.0076 0.2897 305.8607 0.0185 0.0578 0.0136 0.0224 -0.0095 -0.0161 0.0449 1.0970 1.0119
1494720000.0000 11250.0000 0.0496 0.1387 -0.0504 0.2280 199.6931 0.0152 0.0286 0.0056 -0.0044 -0.0026 -0.0016 0.0247 0.8241 0.8203
1494720000.0000 11550.0000 0.1962 -0.0990 -0.0693 0.2445 296.7645 0.0086 0.0152 0.0110 -0.0026 -0.0043 0.0076 0.0174 0.4674 0.4057
1494720000.0000 11850.0000 0.1506 -0.0082 -0.0627 0.1881 273.1035 0.0160 0.0086 0.0104 -0.0067 -0.0065 0.0010 0.0175 0.6619 0.6013
1494720000.0000 12150.0000 0.1011 -0.1742 -0.0268 0.2948 329.8616 0.0280 0.0561 0.0133 -0.0130 -0.0133 0.0061 0.0487 0.8864 0.8309
1494720000.0000 12450.0000 0.1716 -0.0080 -0.0880 0.2360 272.6547 0.0170 0.0199 0.0122 0.0018 -0.0081 0.0006 0.0246 0.6635 0.6463
1494720000.0000 12750.0000 -0.0886 -0.0116 0.0051 0.2518 82.5197 0.0618 0.0175 0.0045 0.0204 -0.0086 -0.0041 0.0419 1.8689 1.8206
1494720000.0000 13050.0000 -0.0612 0.0406 -0.0392 0.1584 123.5660 0.0218 0.0050 0.0072 0.0052 -0.0051 -0.0020 0.0170 1.2798 1.2884
1494720000.0000 13350.0000 0.0262 -0.0173 -0.0095 0.1195 303.5055 0.0052 0.0128 0.0037 0.0052 -0.0010 -0.0048 0.0109 2.5982 2.4720
1494720000.0000 13650.0000 -0.1380 -0.0717 0.0016 0.1952 62.5481 0.0034 0.0156 0.0057 0.0014 -0.0007 -0.0073 0.0124 0.5840 0.5120
1494720000.0000 13950.0000 -0.0049 -0.1196 0.0006 0.1670 2.3315 0.0020 0.0337 0.0029 -0.0014 -0.0006 -0.0036 0.0193 0.9476 0.9111
1494720000.0000 14250.0000 -0.0417 0.0135 -0.0390 0.2602 107.9228 0.0526 0.0263 0.0087 0.0028 -0.0168 -0.0060 0.0438 2.9134 3.7001
1494720000.0000 14550.0000 -0.0611 0.1029 0.0153 0.1905 149.3019 0.0243 0.0076 0.0039 0.0095 -0.0065 -0.0027 0.0179 0.9054 0.8616
1494720000.0000 14850.0000 0.0941 0.0138 0.0071 0.1810 261.6551 0.0101 0.0171 0.0044 -0.0070 -0.0012 0.0004 0.0158 1.0758 1.0009
1494720000.0000 15150.0000 0.0429 0.0818 -0.0518 0.1406 207.6720 0.0092 0.0049 0.0026 -0.0051 -0.0012 0.0001 0.0084 0.7049 0.7431
1494720000.0000 15450.0000 0.1029 -0.0153 -0.0265 0.1973 278.4683 0.0286 0.0111 0.0024 -0.0146 -0.0061 0.0029 0.0211 1.1034 1.1061
1494720000.0000 15750.0000 0.1566 0.0530 -0.0107 0.2060 251.2879 0.0081 0.0139 0.0034 -0.0079 -0.0003 0.0004 0.0127 0.5564 0.5187
1494720000.0000 16050.0000 -0.2566 0.1742 -0.0117 0.3288 124.1730 0.0315 0.0073 0.0017 -0.0087 -0.0013 0.0001 0.0203 0.3747 0.3669
1494720000.0000 16350.0000 -0.1095 0.0528 -0.0159 0.2507 115.7417 0.0430 0.0145 0.0035 0.0033 -0.0092 -0.0023 0.0305 1.1635 1.1391
1494720000.0000 16650.0000 -0.2246 -0.0020 0.0417 0.3173 89.4796 0.0333 0.0344 0.0037 0.0188 -0.0030 -0.0070 0.0357 0.6757 0.6691
1494720000.0000 16950.0000 -0.1925 0.0389 -0.0360 0.2566 101.4215 0.0339 0.0155 0.0074 0.0144 -0.0086 -0.0038 0.0284 0.6893 0.6536
1494720000.0000 17250.0000 -0.3414 -0.0902 -0.0011 0.3819 75.2017 0.0708 0.0202 0.0185 0.0320 -0.0253 -0.0124 0.0547 0.5410 0.4932
1494720000.0000 17550.0000 0.0564 0.1054 -0.0730 0.1875 208.1626 0.0132 0.0147 0.0019 -0.0073 -0.0023 0.0024 0.0149 0.7110 0.8060
1494720000.0000 17850.0000 0.1041 0.0130 -0.0213 0.1496 262.8630 0.0037 0.0108 0.0024 -0.0028 0.0005 -0.0023 0.0085 0.7029 0.6635
1494720000.0000 18150.0000 0.0327 0.1053 -0.0522 0.1490 197.2766 0.0086 0.0034 0.0022 -0.0035 0.0017 -0.0017 0.0071 0.5623 0.5725
1494720000.0000 18450.0000 0.0564 0.0254 0.0123 0.1050 245.7879 0.0042 0.0046 0.0018 -0.0032 0.0002 -0.0005 0.0053 0.9473 0.8794
1494720000.0000 18750.0000 0.1005 0.0745 -0.0222 0.1457 233.4534 0.0028 0.0046 0.0043 -0.0010 -0.0012 0.0020 0.0058 0.4907 0.3965
1494720000.0000 19050.0000 -0.0343 -0.1008 0.0207 0.1667 18.8025 0.0117 0.0273 0.0031 0.0158 -0.0041 -0.0057 0.0210 1.0915 1.0698
1494720000.0000 19350.0000 -0.2221 -0.0779 0.0496 0.3287 70.6687 0.0588 0.0202 0.0051 -0.0028 -0.0020 0.0013 0.0420 0.6957 0.6891
1494720000.0000 19650.0000 -0.1315 -0.0319 0.0521 0.2519 76.3726 0.0643 0.0069 0.0052 0.0154 -0.0032 -0.0012 0.0382 1.1001 1.1380
1494720000.0000 19950.0000 -0.2045 -0.0864 0.0771 0.2566 67.1012 0.0374 0.0073 0.0057 0.0103 -0.0035 -0.0010 0.0252 0.5517 0.5497
1494720000.0000 20250.0000 -0.0176 -0.1560 -0.0231 0.1908 6.4345 0.0107 0.0082 0.0036 0.0025 -0.0032 0.0000 0.0112 0.5452 0.5048
1494720000.0000 20550.0000 -0.4934 0.0002 0.0360 0.5206 90.0289 0.0200 0.0240 0.0116 -0.0058 -0.0020 -0.0012 0.0278 0.2752 0.2454
1494720000.0000 20850.0000 -0.0264 0.1471 -0.0642 0.2416 169.8178 0.0512 0.0104 0.0158 -0.0024 -0.0022 -0.0028 0.0387 0.9880 0.9592
1494720000.0000 21150.0000 0.1363 -0.0173 -0.0851 0.1782 277.2528 0.0074 0.0172 0.0070 0.0015 -0.0049 -0.0034 0.0158 0.6353 0.6591
1494720000.0000 21450.0000 0.1885 -0.2727 -0.0622 0.3702 325.3500 0.0073 0.0321 0.0111 0.0026 -0.0017 0.0072 0.0253 0.3847 0.3457
1494720000.0000 21750.0000 0.2223 -0.1153 0.0135 0.2706 297.4080 0.0092 0.0098 0.0225 -0.0011 -0.0056 0.0006 0.0208 0.4690 0.3178
1494720000.0000 22050.0000 -0.4405 -0.0888 0.0501 0.5483 78.5987 0.0707 0.0637 0.0079 -0.0380 -0.0005 0.0020 0.0712 0.4817 0.4710
1494720000.0000 22350.0000 -0.0872 0.0763 -0.0225 0.2423 131.2066 0.0264 0.0328 0.0159 -0.0063 0.0008 -0.0116 0.0375 1.3397 1.2116
1494720000.0000 22650.0000 0.0221 0.0022 -0.0932 0.1246 264.3986 0.0061 0.0210 0.0076 -0.0052 0.0025 -0.0061 0.0174 1.1224 4.2802
1494720000.0000 22950.0000 -0.0845 0.0998 -0.0187 0.2479 139.7433 0.0604 0.0263 0.0259 -0.0122 -0.0046 -0.0144 0.0563 1.4667 1.2999
1494720000.0000 23250.0000 -0.4147 -0.0543 -0.0409 0.5036 82.5345 0.0480 0.0613 0.0209 -0.0185 0.0010 -0.0135 0.0651 0.4959 0.4565
1494720000.0000 23550.0000 -0.2476 -0.3016 0.0204 0.4638 39.3853 0.0663 0.0368 0.0472 -0.0240 -0.0204 0.0015 0.0751 0.5728 0.4750
1494720000.0000 23850.0000 -0.3984 -0.2653 0.2063 0.5359 56.3441 0.1115 0.0399 0.0179 0.0097 0.0129 -0.0014 0.0846 0.4557 0.4693
1494720000.0000 24150.0000 -0.3715 -0.2454 0.0787 0.4667 56.5487 0.0225 0.0172 0.0185 0.0015 0.0007 0.0028 0.0291 0.3080 0.2582
1494720000.0000 24450.0000 -0.6250 -0.4496 0.1068 0.7996 54.2676 0.0254 0.0527 0.0186 -0.0054 -0.0044 0.0016 0.0484 0.2310 0.2096
1494720000.0000 24750.0000 -0.4474 -0.3366 0.0350 0.5874 53.0465 0.0252 0.0303 0.0221 -0.0036 -0.0038 0.0014 0.0388 0.2866 0.2429
1494720000.0000 25050.0000 -0.4817 -0.2252 0.1044 0.5679 64.9429 0.0380 0.0332 0.0233 0.0008 0.0060 0.0025 0.0472 0.3275 0.2898
1494720000.0000 25350.0000 -0.5427 -0.0211 0.1223 0.5799 87.7687 0.0480 0.0459 0.0240 0.0125 0.0101 -0.0076 0.0590 0.3561 0.3258
1494720000.0000 25650.0000 -0.4230 -0.0924 0.1657 0.5402 77.6753 0.0677 0.0794 0.0395 0.0434 -0.0040 -0.0223 0.0933 0.5380 0.5114
1494720000.0000 25950.0000 -0.2958 0.0289 -0.0357 0.3591 95.5741 0.0212 0.0407 0.0242 0.0073 -0.0029 -0.0042 0.0431 0.5661 0.4834
1494720000.0000 26250.0000 -0.4793 -0.2174 0.0482 0.5493 65.5955 0.0251 0.0156 0.0160 -0.0050 -0.0013 0.0006 0.0284 0.2601 0.2212
1494720000.0000 26550.0000 -0.4486 -0.4056 0.1435 0.6369 47.8848 0.0485 0.0344 0.0218 0.0058 0.0063 0.0021 0.0524 0.3006 0.2749
1494720000.0000 26850.0000 -0.5189 0.0038 -0.0183 0.5948 90.4235 0.0847 0.0629 0.0341 0.0178 0.0025 -0.0012 0.0909 0.4740 0.4274
1494720000.0000 27150.0000 -0.3760 -0.0749 0.0283 0.4252 78.7335 0.0479 0.0267 0.0408 -0.0047 0.0124 -0.0042 0.0577 0.5101 0.4112
1494720000.0000 27450.0000 -0.2809 -0.3313 0.0792 0.4896 40.2947 0.0473 0.0228 0.0203 -0.0137 0.0045 -0.0013 0.0452 0.3931 0.3518
1494720000.0000 27750.0000 -0.4586 -0.3011 0.1201 0.5790 56.7129 0.0501 0.0423 0.0189 0.0127 0.0047 0.0064 0.0557 0.3431 0.3200
1494720000.0000 28050.0000 -0.5484 -0.2369 0.1580 0.6412 66.6385 0.0482 0.0556 0.0274 -0.0006 0.0164 -0.0019 0.0656 0.3384 0.3114
1494720000.0000 28350.0000 -0.2716 -0.3072 0.1507 0.5089 41.4844 0.1323 0.0381 0.0293 0.0136 -0.0190 0.0041 0.0999 0.5906 0.5812
1494720000.0000 28650.0000 -0.1684 -0.2935 0.0638 0.4098 29.8507 0.0449 0.0343 0.0251 -0.0151 -0.0050 0.0095 0.0522 0.5415 0.4803
1494720000.0000 28950.0000 -0.1714 -0.0699 0.0398 0.2387 67.8021 0.0127 0.0194 0.0593 -0.0043 -0.0015 0.0018 0.0457 0.9213 0.5580
1494720000.0000 29250.0000 -0.2203 -0.1959 0.0079 0.3432 48.3614 0.0216 0.0382 0.0230 0.0026 -0.0082 0.0099 0.0414 0.5633 0.4788
1494720000.0000 29550.0000 -0.1395 -0.4571 0.0171 0.5075 16.9754 0.0258 0.0242 0.0294 0.0001 -0.0055 0.0067 0.0397 0.3401 0.2700
1494720000.0000 29850.0000 -0.2106 -0.3087 -0.0914 0.4082 34.2953 0.0290 0.0196 0.0520 0.0007 -0.0087 0.0019 0.0503 0.4762 0.3408
1494720000.0000 30150.0000 -0.2446 -0.2285 0.0829 0.3725 46.9469 0.0365 0.0361 0.0358 0.0158 -0.0015 -0.0014 0.0542 0.5513 0.4647
1494720000.0000 30450.0000 -0.4546 -0.2348 0.1540 0.5627 62.6879 0.0924 0.0359 0.0526 0.0031 0.0231 -0.0046 0.0904 0.4595 0.4041
1494720000.0000 30750.0000 -0.5424 -0.0888 -0.0106 0.6655 80.7012 0.1159 0.1180 0.0583 0.0084 -0.0321 0.0072 0.1461 0.5676 0.5080
1494720000.0000 31050.0000 -0.4781 -0.1159 0.0270 0.5967 76.3735 0.0545 0.0985 0.0543 -0.0020 -0.0069 -0.0275 0.1037 0.5335 0.4590
1494720000.0000 31350.0000 -0.7364 -0.3671 0.1765 0.8912 63.4998 0.0994 0.1088 0.0589 0.0035 0.0176 -0.0071 0.1336 0.3546 0.3201
1494720000.0000 31650.0000 -0.7329 -0.3732 0.1336 0.8698 63.0172 0.0645 0.0993 0.0516 0.0106 0.0080 -0.0133 0.1077 0.3216 0.2841
1494720000.0000 31950.0000 -0.7176 -0.2378 0.1234 0.8178 71.6635 0.1178 0.0916 0.0788 -0.0030 -0.0231 -0.0128 0.1441 0.4046 0.3495
1494720000.0000 32250.0000 -0.8019 -0.2827 0.1397 0.8952 70.5816 0.1823 0.0561 0.0601 0.0098 0.0147 -0.0076 0.1493 0.3661 0.3316
1494720000.0000 32550.0000 -0.4853 -0.3304 -0.0906 0.6509 55.7542 0.1259 0.0456 0.0356 0.0298 -0.0034 -0.0168 0.1036 0.4423 0.4072
1494720000.0000 32850.0000 -0.0334 0.0543 -0.2015 0.3840 148.3780 0.0604 0.1281 0.0901 0.0046 -0.0025 -0.0021 0.1393 1.4420 3.9328
1494720000.0000 33150.0000 -0.4167 -0.5382 0.0925 0.7242 37.7492 0.0783 0.0929 0.0484 0.0385 -0.0036 -0.0138 0.1098 0.3938 0.3509
1494720000.0000 33450.0000 -0.4218 0.0464 -0.0509 0.4942 96.2782 0.0419 0.0643 0.0818 -0.0148 0.0173 0.0030 0.0940 0.5859 0.4435
1494720000.0000 33750.0000 0.0883 0.1103 -0.3088 0.2943 218.6855 0.0752 0.0218 0.0200 0.0132 -0.0033 -0.0049 0.0585 0.5815 1.2733
1494720000.0000 34050.0000 0.0636 -0.0952 -0.0502 0.2814 326.2674 0.0440 0.0568 0.0317 0.0115 -0.0103 -0.0035 0.0662 1.6812 1.6012
1494720000.0000 34350.0000 0.2906 -0.7850 -0.1838 0.9262 339.6830 0.1353 0.0797 0.0767 0.0445 -0.0203 -0.0144 0.1458 0.3638 0.3198
1494720000.0000 34650.0000 -0.1468 -0.9442 0.0786 1.0509 8.8385 0.1759 0.2666 0.1030 0.0863 -0.0209 0.0523 0.2728 0.4448 0.4019
1494720000.0000 34950.0000 -0.8505 -0.7918 0.1494 1.2381 47.0472 0.1896 0.1333 0.1318 -0.0354 -0.0626 0.0572 0.2274 0.3323 0.2823
1494720000.0000 35250.0000 -0.1618 -0.3391 0.0026 0.4907 25.5123 0.0860 0.1668 0.0603 0.0534 0.0099 -0.0060 0.1565 0.8597 0.7725
1494720000.0000 35550.0000 -0.2079 -0.5258 -0.1004 0.7429 21.5704 0.2405 0.1030 0.1187 0.0159 -0.1073 0.0124 0.2311 0.6835 0.5984
1494720000.0000 35850.0000 -0.5195 0.0626 0.2977 0.6196 96.8723 0.1443 0.0914 0.0556 -0.0209 0.0089 -0.0103 0.1457 0.5176 0.5357
1494720000.0000 36150.0000 -0.7610 0.1736 0.1061 0.8269 102.8497 0.0655 0.0708 0.0944 0.0061 0.0176 -0.0295 0.1154 0.3521 0.2731
1494720000.0000 36450.0000 -0.6283 -0.0660 0.0004 0.7352 84.0040 0.1895 0.1286 0.0995 0.0873 -0.0239 -0.0460 0.2088 0.5905 0.5154
1494720000.0000 36750.0000 -0.8988 0.1274 0.0608 1.0535 98.0664 0.1384 0.2868 0.1238 -0.0671 0.0329 -0.0210 0.2745 0.4702 0.4147
1494720000.0000 37050.0000 -1.1160 0.0008 0.1458 1.2386 90.0420 0.3246 0.2446 0.1232 -0.0282 0.0244 -0.0526 0.3462 0.4268 0.3903
1494720000.0000 37350.0000 -1.3193 0.0072 0.2608 1.4682 90.3125 0.3840 0.4132 0.2684 -0.0548 0.0930 -0.1097 0.5328 0.4431 0.3907
1494720000.0000 37650.0000 -1.4257 -0.5249 0.3356 1.7304 69.7890 0.5901 0.5785 0.1839 0.0726 0.0271 -0.0740 0.6763 0.4316 0.4108
1494720000.0000 37950.0000 -1.4633 -0.1897 0.3115 1.7110 82.6122 0.5208 0.7529 0.2423 0.0050 0.0785 -0.0442 0.7580 0.4714 0.4416
1494720000.0000 38250.0000 -0.8561 0.3496 0.1152 1.0799 112.2139 0.3492 0.2146 0.1732 0.0549 0.0280 -0.0783 0.3685 0.5319 0.4688
1494720000.0000 38550.0000 -0.9914 0.1128 0.1867 1.1035 96.4916 0.3001 0.1808 0.0881 0.0451 0.0497 -0.0128 0.2845 0.4290 0.4013
1494720000.0000 38850.0000 -0.8979 0.1137 0.0513 0.9885 97.2180 0.1624 0.1487 0.0625 -0.0457 0.0227 -0.0079 0.1868 0.3893 0.3558
1494720000.0000 39150.0000 -0.5267 0.1355 0.0527 0.6283 104.4259 0.1113 0.0861 0.1009 -0.0173 0.0372 -0.0444 0.1491 0.5770 0.4716
1494720000.0000 39450.0000 -0.5724 -0.3482 0.0384 0.8884 58.6896 0.4581 0.1723 0.1661 -0.1278 -0.0963 0.0328 0.3982 0.7679 0.6843
1494720000.0000 39750.0000 -1.5934 -0.2624 0.1396 1.6910 80.6495 0.3426 0.2293 0.1467 -0.0210 -0.0036 -0.0373 0.3593 0.3019 0.2704
1494720000.0000 40050.0000 -0.6084 -0.3016 0.0679 1.0903 63.6357 0.9008 0.2306 0.2061 -0.0173 -0.1644 -0.0446 0.6688 0.9784 0.9044
1494720000.0000 40350.0000 -1.1362 -0.3934 0.3167 1.3487 70.9020 0.4019 0.4812 0.1774 0.1951 0.0190 -0.0468 0.5303 0.4782 0.4512
1494720000.0000 40650.0000 -1.5690 0.1286 0.1890 1.6974 94.6865 0.7446 0.4228 0.2907 -0.1704 0.1975 -0.1566 0.7291 0.4397 0.3963
1494720000.0000 40950.0000 -0.7036 0.2519 -0.0743 1.0563 109.6982 0.3630 0.5139 0.3272 0.0316 0.0003 -0.1312 0.6020 0.8436 0.7235
1494720000.0000 41250.0000 -1.2039 -0.5179 0.2821 1.4178 66.7237 0.2627 0.2640 0.1168 -0.0075 0.0456 -0.0195 0.3218 0.3455 0.3197
1494720000.0000 41550.0000 -0.8265 -0.0447 0.0302 0.9949 86.9012 0.2361 0.3343 0.2061 0.0406 -0.0249 -0.0839 0.3882 0.6142 0.5268
1494720000.0000 41850.0000 -0.5337 -0.6019 0.2187 0.9079 41.5640 0.2355 0.0894 0.0982 -0.0189 0.0227 0.0069 0.2115 0.4505 0.4091
1494720000.0000 42150.0000 -0.4631 -0.7714 0.0942 1.0190 30.9767 0.3343 0.2894 0.1494 0.1339 -0.0526 -0.0125 0.3866 0.5612 0.5068
1494720000.0000 42450.0000 -0.5049 -0.7517 0.0164 1.0729 33.8893 0.4847 0.0830 0.0913 0.0430 -0.0564 -0.0160 0.3295 0.5175 0.4804
1494720000.0000 42750.0000 -0.9066 -0.6869 0.3120 1.4661 52.8486 0.9261 0.4136 0.1609 -0.2722 0.1046 -0.0371 0.7503 0.5997 0.5875
1494720000.0000 43050.0000 -1.1599 -0.0127 0.2609 1.3107 89.3725 0.4896 0.3206 0.1520 0.0807 0.0483 -0.0737 0.4810 0.4763 0.4480
1494720000.0000 43350.0000 -1.1842 0.2005 -0.0693 1.3559 99.6095 0.2867 0.3881 0.2718 -0.0705 0.0337 -0.1157 0.4733 0.4669 0.3949
1494720000.0000 43650.0000 -0.7033 -0.1207 0.2849 0.8696 80.2609 0.2856 0.2055 0.0667 0.0159 -0.0090 -0.0159 0.2789 0.5612 0.5670
1494720000.0000 43950.0000 -1.1013 0.2314 0.2215 1.2669 101.8643 0.2643 0.3773 0.1678 -0.0762 0.0516 -0.0921 0.4047 0.4529 0.4110
1494720000.0000 44250.0000 -1.3320 -0.1906 0.2174 1.4487 81.8569 0.2715 0.3115 0.1523 0.0503 0.0618 -0.0204 0.3677 0.3632 0.3276
1494720000.0000 44550.0000 -0.7513 -0.0215 0.1267 0.8800 88.3577 0.3113 0.2058 0.1781 0.0145 0.0313 -0.0417 0.3476 0.6316 0.5524
1494720000.0000 44850.0000 -0.4657 0.0185 0.2048 0.6500 92.2783 0.1941 0.1406 0.0987 0.0557 0.0075 -0.0133 0.2167 0.7466 0.7167
1494720000.0000 45150.0000 -0.2177 -0.2030 0.1178 0.6939 47.0132 0.2102 0.3197 0.0979 -0.1663 0.0055 -0.0077 0.3139 1.4289 1.4119
1494720000.0000 45450.0000 -1.0054 -0.6086 0.1001 1.7711 58.8131 1.5006 0.7288 0.2840 -0.4334 -0.0952 -0.0638 1.2567 0.7761 0.7335
1494720000.0000 45750.0000 -0.6998 0.5154 0.0596 1.3061 126.3707 1.1731 0.4751 0.3131 -0.3354 0.0896 -0.1567 0.9807 0.9281 0.8528
1494720000.0000 46050.0000 -1.3678 0.8313 -0.0484 1.7094 121.2894 0.3645 0.2959 0.1872 0.0458 0.0401 -0.0787 0.4238 0.3320 0.2931
1494720000.0000 46350.0000 -0.8694 -0.0514 0.0911 1.0085 86.6174 0.3419 0.1827 0.1328 -0.0215 0.0013 -0.0553 0.3287 0.5346 0.4802
1494720000.0000 46650.0000 -1.3553 0.0764 0.1435 1.5774 93.2273 0.5349 0.6812 0.2358 0.0035 0.0218 -0.1930 0.7260 0.5096 0.4690
1494720000.0000 46950.0000 -1.0843 -0.1207 0.2257 1.2352 83.6459 0.3832 0.2996 0.2491 -0.0557 0.1260 -0.1212 0.4660 0.5003 0.4373
1494720000.0000 47250.0000 -0.8119 0.0505 0.2056 1.0697 93.5567 0.6931 0.3412 0.1217 -0.0583 0.0303 -0.0874 0.5780 0.7398 0.7218
1494720000.0000 47550.0000 -1.1298 0.2991 0.1598 1.4815 104.8270 0.6365 0.7804 0.3175 0.0256 0.0470 -0.2790 0.8672 0.6446 0.5880
1494720000.0000 47850.0000 -1.1683 -0.6043 0.3030 1.4467 62.6484 0.4430 0.2495 0.0918 -0.1233 0.0345 -0.0256 0.3921 0.3788 0.3653
1494720000.0000 48150.0000 -1.3394 -0.3002 0.3251 1.5757 77.3678 0.4787 0.4655 0.2025 -0.2501 0.1399 -0.1181 0.5733 0.4383 0.4087
1494720000.0000 48450.0000 -0.3704 -0.2412 -0.1067 0.7412 56.9302 0.3018 0.2130 0.2160 0.0188 -0.0560 -0.0729 0.3654 1.0853 0.9371
1494720000.0000 48750.0000 -0.6992 0.4551 0.1893 1.2912 123.0604 1.2948 0.5375 0.2679 -0.2231 0.0093 -0.1629 1.0501 0.9780 0.9368
1494720000.0000 49050.0000 -1.2089 -0.2214 0.2976 1.3631 79.6202 0.4641 0.3282 0.1837 0.0347 0.0447 -0.0610 0.4880 0.4511 0.4181
1494720000.0000 49350.0000 -1.4125 0.2993 0.1984 1.5990 101.9631 0.6846 0.4052 0.1760 -0.1165 0.0512 -0.0994 0.6329 0.4457 0.4174
1494720000.0000 49650.0000 -1.4862 0.2137 0.1320 1.5919 98.1835 0.4548 0.2744 0.2160 0.0904 -0.0758 -0.1346 0.4726 0.3724 0.3284
1494720000.0000 49950.0000 -1.0463 -0.1637 0.2354 1.2408 81.1061 0.3404 0.4071 0.1341 -0.0368 0.0497 -0.0578 0.4408 0.4997 0.4714
1494720000.0000 50250.0000 -1.4666 0.0287 0.0815 1.6382 91.1219 0.7301 0.4743 0.1950 -0.0093 -0.0246 -0.1193 0.6997 0.4649 0.4319
1494720000.0000 50550.0000 -0.4774 -0.0744 0.2481 0.8320 81.1384 0.4926 0.2596 0.1738 -0.1039 0.1164 -0.0581 0.4630 1.0229 1.0364
1494720000.0000 50850.0000 -0.3845 0.2744 0.0228 0.8523 125.5123 0.3487 0.3197 0.1471 -0.0258 0.0291 -0.0648 0.4077 1.1024 0.9992
1494720000.0000 51150.0000 -1.1462 0.0659 0.1005 1.2536 93.2921 0.3423 0.2055 0.1754 -0.0697 0.0305 -0.0192 0.3616 0.4260 0.3722
1494720000.0000 51450.0000 -1.6197 0.0757 0.2293 1.7574 92.6742 0.6713 0.4126 0.2521 -0.0713 0.1020 -0.1166 0.6680 0.4075 0.3707
1494720000.0000 51750.0000 -1.2151 0.1332 0.0942 1.3835 96.2554 0.4086 0.4244 0.1732 -0.0848 0.0559 -0.1144 0.5031 0.4724 0.4311
1494720000.0000 52050.0000 -1.0820 0.5684 0.0294 1.3150 117.7135 0.3391 0.3048 0.1675 -0.0768 0.0538 -0.1022 0.4057 0.4254 0.3791
1494720000.0000 52350.0000 -0.3505 0.0755 0.0051 0.6524 102.1500 0.1722 0.2487 0.1303 -0.0291 -0.0190 -0.0901 0.2756 1.1954 1.0447
1494720000.0000 52650.0000 -0.7032 0.6893 -0.2555 1.0762 134.4283 0.2317 0.1368 0.1320 -0.0071 -0.0590 -0.0322 0.2502 0.4015 0.3559
1494720000.0000 52950.0000 -1.3012 0.3075 0.0654 1.4426 103.2947 0.4244 0.2856 0.1904 -0.0039 0.0106 -0.1051 0.4503 0.4093 0.3639
1494720000.0000 53250.0000 -1.2725 -0.2198 0.3469 1.4184 80.1988 0.3419 0.3814 0.1700 0.0535 0.0068 -0.0544 0.4467 0.4081 0.3802
1494720000.0000 53550.0000 -1.1622 -0.1559 0.2875 1.2883 82.3579 0.4011 0.2905 0.1144 -0.0481 0.0157 -0.0266 0.4030 0.4293 0.4095
1494720000.0000 53850.0000 -0.6992 -0.0928 0.0651 1.0034 82.4401 0.1144 0.4850 0.0870 -0.0468 0.0127 -0.0939 0.3432 0.6752 0.6337
1494720000.0000 54150.0000 0.0702 -0.1669 0.0645 0.4734 337.1877 0.0955 0.1788 0.0701 0.0873 -0.0477 -0.0730 0.1722 1.7630 1.6701
1494720000.0000 54450.0000 0.0144 0.1343 0.0171 0.2677 186.1275 0.0466 0.0452 0.0331 0.0122 -0.0033 -0.0063 0.0625 1.4984 1.2951
1494720000.0000 54750.0000 -0.4450 -0.1913 0.1332 0.6973 66.7362 0.2561 0.1298 0.0464 0.0334 -0.0234 -0.0100 0.2161 0.7556 0.7404
1494720000.0000 55050.0000 -0.0763 -0.3492 0.0153 0.5883 12.3212 0.0835 0.1963 0.0766 0.0413 -0.0504 -0.0576 0.1782 0.9635 0.8544
1494720000.0000 55350.0000 -0.2522 -0.8459 0.2888 1.2189 16.6042 0.5275 0.6168 0.2198 0.0892 -0.0992 -0.0494 0.6821 0.7261 0.6997
1494720000.0000 55650.0000 0.6714 -0.2498 -0.1809 1.0420 290.4048 0.4504 0.4281 0.3398 -0.1687 0.0225 -0.0859 0.6092 0.8625 0.7554
1494720000.0000 55950.0000 0.5252 -0.3932 -0.3045 1.5233 306.8229 0.6031 1.9155 0.4204 -0.4693 -0.1865 -0.0339 1.4695 1.3685 1.3966
1494720000.0000 56250.0000 -0.0962 -0.2283 0.0882 0.8902 22.8461 0.3340 0.8070 0.1875 0.0479 -0.1406 -0.1134 0.6643 2.5307 2.4894
1494720000.0000 56550.0000 0.1849 0.1417 -0.1111 0.5139 232.5451 0.1619 0.1339 0.1301 -0.0723 -0.0645 0.0254 0.2129 1.4596 1.3477
1494720000.0000 56850.0000 0.6000 -0.3883 -0.2396 0.9470 302.9133 0.4634 0.2261 0.1763 -0.1244 -0.0965 0.0265 0.4329 0.7127 0.6708
1494720000.0000 57150.0000 -0.0433 -0.6227 0.1252 1.2169 3.9758 0.7355 0.8465 0.3979 0.5231 -0.3271 -0.2037 0.9900 1.2761 1.1634
1494720000.0000 57450.0000 -0.2136 0.2098 -0.0264 0.7712 134.4832 0.5710 0.1981 0.2300 -0.0108 -0.0294 0.0518 0.4996 1.9200 1.6912
1494720000.0000 57750.0000 0.3934 -0.0534 -0.2331 0.6077 277.7232 0.1226 0.1757 0.1108 0.0012 0.0077 -0.0131 0.2045 0.8020 0.7943
1494720000.0000 58050.0000 0.1884 0.0941 -0.2665 1.1893 243.4577 0.7929 0.7771 0.2631 -0.2060 -0.1966 0.0384 0.9166 2.3014 3.4354
1494720000.0000 58350.0000 0.3413 -0.1969 -0.2579 1.1574 299.9815 0.7665 0.7552 0.4970 0.0291 -0.3137 -0.0708 1.0093 1.7419 1.8074
1494720000.0000 58650.0000 -0.0929 0.1270 -0.0432 0.6642 143.7981 0.1205 0.4035 0.1257 0.0713 -0.0583 -0.1086 0.3249 2.8522 2.6562
1494720000.0000 58950.0000 -0.6106 -0.8686 0.1485 1.2358 35.1059 0.4095 0.1893 0.1148 -0.0213 -0.0444 0.0078 0.3568 0.4549 0.4208
1494720000.0000 59250.0000 0.0995 -0.1700 0.1388 0.6055 329.6525 0.1276 0.3554 0.0847 -0.0047 -0.0454 -0.0066 0.2839 1.8053 2.0372
1494720000.0000 59550.0000 -0.0509 0.5180 -0.1453 0.5973 174.3912 0.0509 0.0950 0.0793 -0.0200 0.0052 -0.0385 0.1126 0.5070 0.4237
1494720000.0000 59850.0000 -0.0379 -0.2621 0.0875 0.4478 8.2368 0.1019 0.1415 0.0332 0.0850 0.0097 0.0247 0.1383 1.0886 1.0755
1494720000.0000 60150.0000 0.2519 -0.4872 -0.1379 0.8651 332.6652 0.1672 0.6884 0.1071 0.0315 -0.0225 -0.0223 0.4813 1.0016 0.9736
1494720000.0000 60450.0000 -0.1471 -0.7045 0.1108 0.8307 11.7957 0.1611 0.3284 0.1004 0.0398 -0.0562 -0.0257 0.2950 0.6090 0.5613
1494720000.0000 60750.0000 0.0302 -0.8175 0.1196 0.9908 357.8846 0.3091 0.3328 0.1094 0.1984 -0.0953 -0.0512 0.3757 0.6053 0.5655
1494720000.0000 61050.0000 -0.1805 -0.6812 0.1538 0.8375 14.8393 0.2258 0.2908 0.0551 0.1044 -0.0335 -0.0222 0.2858 0.6051 0.5888
1494720000.0000 61350.0000 0.1459 -0.3938 0.0518 0.5573 339.6763 0.1240 0.0734 0.0442 0.0210 -0.0022 -0.0001 0.1208 0.6706 0.6108
1494720000.0000 61650.0000 -0.2937 -0.6150 0.1461 0.7753 25.5245 0.1366 0.1508 0.0622 0.0442 -0.0230 -0.0192 0.1748 0.4898 0.4541
1494720000.0000 61950.0000 -0.5968 -0.6609 0.2006 0.9920 42.0806 0.2447 0.0895 0.0987 -0.0239 -0.0232 0.0363 0.2165 0.4162 0.3748
1494720000.0000 62250.0000 0.1606 -0.6665 -0.0090 0.7819 346.4543 0.1355 0.1529 0.1035 -0.0269 -0.0391 0.0532 0.1960 0.5272 0.4523
1494720000.0000 62550.0000 -0.0760 -0.6940 -0.0598 0.8798 6.2493 0.2823 0.1091 0.1066 -0.0009 -0.0712 0.0201 0.2490 0.5814 0.5174
1494720000.0000 62850.0000 -0.2374 -0.9782 0.2404 1.1298 13.6403 0.2541 0.2857 0.1531 0.0031 -0.0550 0.0195 0.3465 0.4644 0.4214
1494720000.0000 63150.0000 -0.5869 0.1166 0.0780 0.7742 101.2393 0.2546 0.2001 0.0507 0.0280 -0.0341 0.0044 0.2527 0.6801 0.6506
1494720000.0000 63450.0000 0.0351 0.1969 -0.0835 0.3103 190.1082 0.0497 0.0228 0.0259 0.0119 -0.0093 -0.0140 0.0492 0.8357 0.7775
1494720000.0000 63750.0000 -0.0910 -0.0386 0.0724 0.3831 67.0333 0.0718 0.1158 0.0452 0.0073 0.0223 -0.0114 0.1164 2.2741 2.5300
1494720000.0000 64050.0000 -0.1669 0.2547 0.0378 0.4184 146.7728 0.0754 0.0689 0.0271 -0.0330 0.0050 -0.0204 0.0857 0.7788 0.7201
1494720000.0000 64350.0000 0.2003 0.1679 -0.1756 0.3711 230.0335 0.0625 0.0240 0.0480 -0.0088 0.0213 -0.0066 0.0672 0.6724 0.6498
1494720000.0000 64650.0000 0.0599 -0.0229 -0.0300 0.3574 290.9059 0.1085 0.0354 0.0247 -0.0078 0.0003 0.0005 0.0843 3.3491 3.4165
1494720000.0000 64950.0000 0.2967 0.2037 -0.1340 0.4011 235.5334 0.0161 0.0339 0.0094 -0.0079 -0.0002 0.0045 0.0297 0.3664 0.3587
1494720000.0000 65250.0000 0.2703 0.2371 -0.1699 0.3676 228.7419 0.0067 0.0045 0.0102 -0.0007 -0.0021 -0.0017 0.0107 0.2125 0.1699
1494720000.0000 65550.0000 0.2688 0.1369 -0.1332 0.3435 243.0036 0.0385 0.0223 0.0173 0.0184 -0.0118 -0.0042 0.0390 0.4891 0.4718
1494720000.0000 65850.0000 -0.1049 0.3999 -0.1226 0.7152 165.2969 0.3603 0.0443 0.0525 -0.0059 -0.0856 -0.0122 0.2285 0.9050 0.8881
1494720000.0000 66150.0000 0.1927 0.2249 -0.1082 0.5314 220.5908 0.1887 0.1201 0.0675 -0.0903 -0.0182 -0.0037 0.1882 1.1231 1.0831
1494720000.0000 66450.0000 0.2083 0.1489 -0.0777 0.4453 234.4535 0.0741 0.1106 0.0494 -0.0508 0.0014 -0.0056 0.1171 1.0439 0.9689
1494720000.0000 66750.0000 0.3359 -0.1035 -0.1209 0.4763 287.1347 0.0418 0.1428 0.0862 -0.0250 -0.0162 -0.0260 0.1354 0.8084 0.7058
1494720000.0000 67050.0000 0.2943 0.1713 -0.0774 0.4027 239.7981 0.0340 0.0421 0.0334 -0.0154 -0.0149 0.0127 0.0547 0.5470 0.4677
1494720000.0000 67350.0000 0.4590 0.1446 -0.1721 0.5341 252.5153 0.0343 0.0497 0.0302 -0.0149 -0.0064 0.0134 0.0571 0.3819 0.3478
1494720000.0000 67650.0000 0.3219 0.1958 -0.1403 0.4112 238.6926 0.0406 0.0131 0.0212 0.0120 -0.0172 -0.0067 0.0375 0.3932 0.3553
1494720000.0000 67950.0000 0.3496 0.1961 -0.1727 0.4121 240.7049 0.0096 0.0084 0.0096 -0.0001 -0.0048 -0.0015 0.0138 0.2196 0.1928
1494720000.0000 68250.0000 0.3416 0.1214 -0.1314 0.4448 250.4395 0.0422 0.0552 0.0174 -0.0098 -0.0087 0.0007 0.0574 0.5074 0.4970
1494720000.0000 68550.0000 0.3358 0.2267 -0.1038 0.4238 235.9811 0.0088 0.0198 0.0223 0.0007 -0.0034 -0.0029 0.0255 0.3117 0.2412
1494720000.0000 68850.0000 0.2382 0.1853 -0.0854 0.3777 232.1174 0.0295 0.0358 0.0138 -0.0144 -0.0005 0.0014 0.0396 0.5178 0.4889
1494720000.0000 69150.0000 0.3562 0.2791 -0.2354 0.4808 231.9158 0.0154 0.0226 0.0198 -0.0066 -0.0060 -0.0025 0.0289 0.2720 0.2487
1494720000.0000 69450.0000 0.3654 0.2366 -0.1840 0.4434 237.0764 0.0091 0.0041 0.0078 -0.0017 -0.0037 -0.0008 0.0105 0.1771 0.1522
1494720000.0000 69750.0000 0.3561 0.2875 -0.1780 0.4718 231.0847 0.0107 0.0123 0.0115 -0.0028 -0.0042 -0.0001 0.0172 0.2182 0.1911
1494720000.0000 70050.0000 0.3418 0.2338 -0.1860 0.4347 235.6259 0.0111 0.0178 0.0119 -0.0018 -0.0042 -0.0063 0.0204 0.2572 0.2374
1494720000.0000 70350.0000 0.4663 0.2548 -0.2202 0.5455 241.3406 0.0179 0.0159 0.0241 0.0027 -0.0098 0.0005 0.0290 0.2415 0.1998
1494720000.0000 70650.0000 0.4307 0.2286 -0.2315 0.5221 242.0413 0.0267 0.0323 0.0600 -0.0088 -0.0163 0.0175 0.0595 0.3688 0.2875
1494720000.0000 70950.0000 0.4286 0.1615 -0.2103 0.5145 249.3480 0.0324 0.0550 0.0538 -0.0113 -0.0169 0.0200 0.0706 0.4305 0.3726
1494720000.0000 71250.0000 0.4369 0.1751 -0.1810 0.5235 248.1667 0.0427 0.0535 0.0467 -0.0157 -0.0142 0.0152 0.0714 0.4327 0.3803
1494720000.0000 71550.0000 0.3953 0.1793 -0.1927 0.4774 245.5983 0.0224 0.0348 0.0284 0.0009 -0.0110 0.0032 0.0428 0.3556 0.3181
1494720000.0000 71850.0000 0.4203 0.1417 -0.1643 0.5025 251.3672 0.0297 0.0573 0.0363 -0.0179 -0.0096 0.0185 0.0617 0.4287 0.3840
1494720000.0000 72150.0000 0.3710 0.2034 -0.1657 0.4635 241.2719 0.0240 0.0391 0.0369 -0.0032 -0.0099 0.0106 0.0500 0.4020 0.3430
1494720000.0000 72450.0000 0.3523 0.1663 -0.1354 0.4183 244.7246 0.0244 0.0196 0.0403 -0.0041 -0.0170 0.0104 0.0422 0.4066 0.3110
1494720000.0000 72750.0000 0.3847 0.1480 -0.1520 0.4574 248.9517 0.0198 0.0368 0.0322 -0.0084 -0.0071 0.0117 0.0444 0.3918 0.3334
1494720000.0000 73050.0000 0.4481 0.1341 -0.1583 0.5193 253.3360 0.0407 0.0524 0.0813 -0.0140 -0.0176 0.0268 0.0872 0.4883 0.3766
1494720000.0000 73350.0000 0.4611 0.0974 -0.2045 0.5722 258.0736 0.0948 0.1251 0.1130 -0.0459 -0.0544 0.0339 0.1665 0.6486 0.5746
1494720000.0000 73650.0000 0.3643 0.1980 -0.1221 0.4729 241.4716 0.0238 0.0559 0.0544 -0.0022 -0.0097 0.0161 0.0671 0.4893 0.3933
1494720000.0000 73950.0000 0.3625 0.2112 -0.1309 0.4483 239.7710 0.0251 0.0271 0.0479 0.0023 -0.0146 0.0069 0.0501 0.4158 0.3146
1494720000.0000 74250.0000 0.3441 0.2141 -0.1393 0.4393 238.1078 0.0211 0.0302 0.0418 0.0028 -0.0044 0.0124 0.0465 0.4110 0.3227
1494720000.0000 74550.0000 0.3142 0.2257 -0.1534 0.4263 234.3092 0.0203 0.0344 0.0362 -0.0039 -0.0112 0.0096 0.0454 0.4182 0.3492
1494720000.0000 74850.0000 0.2171 0.1592 -0.0815 0.2917 233.7499 0.0126 0.0181 0.0174 0.0005 -0.0004 0.0068 0.0241 0.4501 0.3756
1494720000.0000 75150.0000 0.2055 0.0720 -0.0471 0.3099 250.6848 0.0311 0.0345 0.0092 -0.0172 -0.0090 0.0064 0.0374 0.7084 0.6790
1494720000.0000 75450.0000 0.3525 0.1043 -0.1587 0.4255 253.5103 0.0164 0.0431 0.0134 -0.0065 -0.0004 0.0014 0.0364 0.3893 0.3830
1494720000.0000 75750.0000 0.3033 0.2172 -0.2354 0.3906 234.3939 0.0127 0.0097 0.0103 -0.0039 -0.0041 0.0009 0.0163 0.2365 0.2315
1494720000.0000 76050.0000 0.3252 0.2573 -0.1890 0.4313 231.6456 0.0150 0.0146 0.0191 0.0002 -0.0053 0.0024 0.0244 0.2796 0.2395
1494720000.0000 76350.0000 0.2698 0.2784 -0.1798 0.4002 224.1040 0.0076 0.0115 0.0099 -0.0013 -0.0007 0.0012 0.0144 0.2296 0.2054
1494720000.0000 76650.0000 0.3064 0.3034 -0.2147 0.4426 225.2809 0.0076 0.0142 0.0099 -0.0005 -0.0037 -0.0014 0.0158 0.2134 0.1979
1494720000.0000 76950.0000 0.3660 0.2625 -0.2354 0.4543 234.3503 0.0091 0.0043 0.0091 0.0023 -0.0067 -0.0029 0.0112 0.1702 0.1484
1494720000.0000 77250.0000 0.3675 0.2101 -0.1986 0.4405 240.2401 0.0183 0.0103 0.0193 -0.0015 -0.0090 0.0040 0.0239 0.2702 0.2306
1494720000.0000 77550.0000 0.3004 0.2873 -0.1993 0.4276 226.2706 0.0098 0.0094 0.0051 -0.0005 -0.0020 0.0011 0.0122 0.1954 0.1926
1494720000.0000 77850.0000 0.3078 0.2959 -0.1817 0.4352 226.1256 0.0047 0.0080 0.0090 -0.0012 -0.0015 -0.0020 0.0108 0.1830 0.1521
1494720000.0000 78150.0000 0.3127 0.3130 -0.2302 0.4514 224.9670 0.0074 0.0065 0.0072 -0.0019 -0.0027 0.0003 0.0105 0.1681 0.1536
1494720000.0000 78450.0000 0.3437 0.2782 -0.2153 0.4473 231.0190 0.0067 0.0025 0.0053 -0.0008 -0.0031 0.0001 0.0073 0.1417 0.1254
1494720000.0000 78750.0000 0.3402 0.3007 -0.2317 0.4574 228.5224 0.0026 0.0029 0.0036 -0.0005 -0.0008 -0.0007 0.0045 0.1077 0.0940
1494720000.0000 79050.0000 0.3259 0.2582 -0.1891 0.4202 231.6062 0.0044 0.0026 0.0036 -0.0006 -0.0012 -0.0000 0.0053 0.1306 0.1169
1494720000.0000 79350.0000 0.2766 0.2633 -0.1609 0.3852 226.4167 0.0021 0.0024 0.0035 -0.0004 -0.0011 -0.0007 0.0040 0.1253 0.1020
1494720000.0000 79650.0000 0.2353 0.2643 -0.1100 0.3568 221.6863 0.0015 0.0037 0.0034 0.0002 -0.0008 -0.0014 0.0043 0.1445 0.1172
1494720000.0000 79950.0000 0.3448 0.2252 -0.1897 0.4159 236.8496 0.0096 0.0022 0.0046 0.0006 -0.0049 -0.0010 0.0082 0.1632 0.1527
1494720000.0000 80250.0000 0.3318 0.2764 -0.2046 0.4357 230.2057 0.0078 0.0031 0.0039 0.0013 -0.0025 -0.0014 0.0074 0.1469 0.1397
1494720000.0000 80550.0000 0.2873 0.2392 -0.1252 0.3813 230.2180 0.0055 0.0053 0.0065 0.0006 -0.0005 -0.0025 0.0087 0.1928 0.1606
1494720000.0000 80850.0000 0.2148 0.2299 -0.1475 0.3212 223.0489 0.0027 0.0050 0.0057 -0.0006 -0.0010 -0.0012 0.0067 0.1919 0.1606
1494720000.0000 81150.0000 0.2798 0.1980 -0.1492 0.3466 234.7092 0.0052 0.0012 0.0023 -0.0002 -0.0016 0.0004 0.0043 0.1439 0.1342
1494720000.0000 81450.0000 0.2914 0.2045 -0.1928 0.3576 234.9307 0.0020 0.0009 0.0020 0.0001 -0.0008 0.0000 0.0025 0.0998 0.0880
1494720000.0000 81750.0000 0.2387 0.2281 -0.1121 0.3369 226.2948 0.0060 0.0031 0.0072 0.0001 0.0005 -0.0005 0.0082 0.2115 0.1669
1494720000.0000 82050.0000 0.3295 0.1781 -0.1639 0.3816 241.6061 0.0119 0.0017 0.0031 -0.0009 -0.0004 -0.0006 0.0084 0.1828 0.1799
1494720000.0000 82350.0000 0.2895 0.2572 -0.1835 0.3984 228.3885 0.0094 0.0038 0.0050 -0.0033 -0.0042 0.0005 0.0091 0.1821 0.1715
1494720000.0000 82650.0000 0.3688 0.2025 -0.1714 0.4264 241.2239 0.0136 0.0020 0.0061 0.0002 -0.0053 -0.0005 0.0109 0.1873 0.1713
1494720000.0000 82950.0000 0.3123 0.2456 -0.1968 0.4055 231.8207 0.0109 0.0036 0.0071 -0.0007 -0.0050 -0.0012 0.0108 0.1910 0.1747
1494720000.0000 83250.0000 0.1672 0.1779 -0.0739 0.2506 223.2101 0.0030 0.0074 0.0034 0.0022 -0.0011 -0.0008 0.0069 0.2657 0.2412
1494720000.0000 83550.0000 0.2740 0.1765 -0.0980 0.3457 237.2108 0.0185 0.0054 0.0042 -0.0033 -0.0031 0.0007 0.0140 0.2843 0.2739
1494720000.0000 83850.0000 0.3730 0.2130 -0.1969 0.4363 240.2737 0.0058 0.0029 0.0019 -0.0022 -0.0005 -0.0004 0.0053 0.1258 0.1253
1494720000.0000 84150.0000 0.3032 0.3120 -0.2165 0.4406 224.1765 0.0033 0.0061 0.0045 -0.0005 -0.0015 -0.0004 0.0069 0.1399 0.1285
1494720000.0000 84450.0000 0.1404 0.2167 -0.0447 0.2852 212.9337 0.0128 0.0170 0.0142 0.0062 -0.0013 -0.0030 0.0220 0.4623 0.3861
1494720000.0000 84750.0000 0.2761 0.1519 -0.1269 0.3604 241.1882 0.0102 0.0319 0.0158 0.0048 0.0032 0.0034 0.0289 0.4088 0.3756
1494720000.0000 85050.0000 0.3044 0.2390 -0.1893 0.4086 231.8714 0.0094 0.0162 0.0145 -0.0033 -0.0028 -0.0061 0.0201 0.2684 0.2385
1494720000.0000 85350.0000 0.2796 0.1587 -0.1778 0.3461 240.4211 0.0110 0.0146 0.0073 -0.0027 -0.0040 -0.0007 0.0165 0.2852 0.2874
1494720000.0000 85650.0000 0.2881 0.2808 -0.2051 0.4110 225.7316 0.0083 0.0052 0.0063 -0.0015 -0.0040 -0.0007 0.0099 0.1796 0.1667
1494720000.0000 85950.0000 0.2638 0.2310 -0.1416 0.3636 228.7910 0.0052 0.0193 0.0124 0.0029 -0.0029 -0.0050 0.0185 0.2933 0.2580
1494720000.0000 86250.0000 0.2910 0.1659 -0.1193 0.3524 240.3151 0.0093 0.0129 0.0122 0.0016 -0.0009 0.0044 0.0172 0.3010 0.2566
1494806400.0000 86550.0000 0.3127 0.2165 -0.1901 0.3998 235.3060 0.0132 0.0148 0.0165 -0.0011 -0.0065 0.0031 0.0223 0.2864 0.2540
1494806400.0000 86850.0000 0.2700 0.2584 -0.2035 0.3797 226.2514 0.0028 0.0047 0.0041 -0.0012 -0.0004 -0.0003 0.0058 0.1461 0.1337
1494806400.0000 87150.0000 0.2620 0.2642 -0.2024 0.3784 224.7536 0.0039 0.0064 0.0073 0.0004 -0.0020 -0.0016 0.0088 0.1807 0.1574
1494806400.0000 87450.0000 0.3280 0.1813 -0.1817 0.3865 241.0707 0.0132 0.0067 0.0076 0.0011 -0.0052 -0.0012 0.0138 0.2300 0.2174
1494806400.0000 87750.0000 0.2314 0.1869 -0.1268 0.3073 231.0771 0.0041 0.0045 0.0059 -0.0014 0.0018 -0.0014 0.0072 0.2144 0.1792
1494806400.0000 88050.0000 0.1851 0.1977 -0.1539 0.2792 223.1269 0.0045 0.0040 0.0035 -0.0008 -0.0005 -0.0003 0.0060 0.2032 0.1971
1494806400.0000 88350.0000 0.2205 0.1921 -0.1559 0.3058 228.9424 0.0101 0.0078 0.0084 0.0017 -0.0045 0.0008 0.0131 0.2825 0.2643
1494806400.0000 88650.0000 0.3465 0.2352 -0.1813 0.4339 235.8342 0.0128 0.0110 0.0127 -0.0011 -0.0054 -0.0002 0.0182 0.2416 0.2127
1494806400.0000 88950.0000 0.3544 0.2492 -0.2072 0.4481 234.8913 0.0126 0.0120 0.0148 -0.0014 -0.0070 -0.0015 0.0197 0.2388 0.2093
1494806400.0000 89250.0000 0.2615 0.2697 -0.1855 0.3898 224.1090 0.0083 0.0105 0.0091 -0.0024 -0.0036 0.0016 0.0139 0.2301 0.2107
1494806400.0000 89550.0000 0.2833 0.2128 -0.1703 0.3652 233.0887 0.0113 0.0058 0.0075 -0.0007 -0.0043 0.0008 0.0123 0.2306 0.2132
1494806400.0000 89850.0000 0.3030 0.2473 -0.2102 0.4050 230.7772 0.0092 0.0094 0.0100 -0.0016 -0.0043 -0.0004 0.0143 0.2200 0.2015
1494806400.0000 90150.0000 0.2720 0.2392 -0.1855 0.3783 228.6677 0.0075 0.0103 0.0067 -0.0029 -0.0018 0.0015 0.0123 0.2226 0.2130
1494806400.0000 90450.0000 0.3055 0.2144 -0.1895 0.3838 234.9454 0.0088 0.0061 0.0087 -0.0010 -0.0033 -0.0006 0.0118 0.2119 0.1890
1494806400.0000 90750.0000 0.2682 0.1963 -0.1176 0.3415 233.8029 0.0063 0.0047 0.0058 -0.0010 -0.0026 0.0006 0.0084 0.2124 0.1825
1494806400.0000 91050.0000 0.2768 0.2158 -0.1722 0.3662 232.0566 0.0099 0.0073 0.0068 -0.0024 -0.0018 0.0004 0.0120 0.2290 0.2159
1494806400.0000 91350.0000 0.2708 0.2295 -0.1871 0.3639 229.7176 0.0053 0.0060 0.0040 -0.0010 -0.0019 -0.0001 0.0077 0.1781 0.1730
1494806400.0000 91650.0000 0.1907 0.2217 -0.1364 0.3107 220.6980 0.0108 0.0056 0.0042 -0.0027 -0.0028 0.0007 0.0103 0.2565 0.2522
1494806400.0000 91950.0000 0.0533 0.3018 -0.0305 0.3234 190.0191 0.0109 0.0108 0.0130 0.0049 -0.0025 -0.0011 0.0173 0.3487 0.2771
1494806400.0000 92250.0000 0.1126 0.1845 -0.0964 0.2721 211.4039 0.0272 0.0051 0.0082 -0.0002 -0.0038 -0.0017 0.0202 0.4908 0.4800
1494806400.0000 92550.0000 0.2959 0.1978 -0.1984 0.3592 236.2440 0.0025 0.0020 0.0026 -0.0003 -0.0010 0.0004 0.0035 0.1192 0.1091
1494806400.0000 92850.0000 0.2167 0.2287 -0.1304 0.3280 223.4562 0.0072 0.0051 0.0046 -0.0020 0.0001 0.0001 0.0084 0.2193 0.2025
1494806400.0000 93150.0000 0.2624 0.1758 -0.1449 0.3191 236.1831 0.0032 0.0015 0.0032 -0.0000 -0.0008 -0.0005 0.0039 0.1470 0.1246
1494806400.0000 93450.0000 0.2360 0.2355 -0.1725 0.3371 225.0605 0.0021 0.0022 0.0029 -0.0004 -0.0013 -0.0006 0.0036 0.1309 0.1139
1494806400.0000 93750.0000 0.2280 0.2989 -0.2181 0.3833 217.3366 0.0036 0.0085 0.0090 0.0001 -0.0014 -0.0051 0.0106 0.1931 0.1691
1494806400.0000 94050.0000 0.2734 0.2177 -0.1610 0.3545 231.4654 0.0046 0.0028 0.0036 -0.0002 0.0004 -0.0006 0.0055 0.1573 0.1419
1494806400.0000 94350.0000 0.2342 0.2476 -0.1612 0.3461 223.4102 0.0018 0.0062 0.0057 -0.0001 -0.0000 -0.0039 0.0068 0.1791 0.1513
1494806400.0000 94650.0000 0.3577 0.2133 -0.1895 0.4231 239.1942 0.0170 0.0031 0.0064 0.0015 -0.0036 -0.0005 0.0133 0.2054 0.1967
1494806400.0000 94950.0000 0.4192 0.2551 -0.2604 0.4950 238.6759 0.0104 0.0015 0.0024 -0.0002 -0.0011 0.0001 0.0072 0.1245 0.1285
1494806400.0000 95250.0000 0.3397 0.2800 -0.2125 0.4456 230.5056 0.0048 0.0039 0.0041 -0.0008 -0.0005 -0.0012 0.0064 0.1333 0.1221
1494806400.0000 95550.0000 0.3364 0.3809 -0.2425 0.5316 221.4552 0.0327 0.0107 0.0145 -0.0064 -0.0131 0.0015 0.0289 0.2467 0.2366
1494806400.0000 95850.0000 0.4056 0.2775 -0.2540 0.5005 235.6229 0.0149 0.0043 0.0077 -0.0015 -0.0025 -0.0025 0.0134 0.1711 0.1628
1494806400.0000 96150.0000 0.2971 0.1752 -0.1521 0.3578 239.4821 0.0149 0.0116 0.0121 0.0049 -0.0066 -0.0053 0.0193 0.3009 0.2723
1494806400.0000 96450.0000 0.3484 0.1716 -0.1620 0.4217 243.7817 0.0070 0.0261 0.0103 -0.0014 -0.0002 -0.0097 0.0217 0.2859 0.2704
1494806400.0000 96750.0000 0.3772 0.2948 -0.2562 0.4907 231.9838 0.0157 0.0066 0.0071 -0.0023 -0.0032 -0.0015 0.0147 0.1823 0.1801
1494806400.0000 97050.0000 0.3398 0.2499 -0.2540 0.4264 233.6677 0.0034 0.0029 0.0035 -0.0010 -0.0018 -0.0002 0.0049 0.1164 0.1088
1494806400.0000 97350.0000 0.2925 0.2632 -0.1707 0.4004 228.0129 0.0052 0.0041 0.0050 -0.0009 -0.0002 -0.0011 0.0072 0.1611 0.1416
1494806400.0000 97650.0000 0.2420 0.2326 -0.1412 0.3392 226.1333 0.0025 0.0026 0.0026 0.0003 -0.0002 -0.0000 0.0039 0.1395 0.1233
1494806400.0000 97950.0000 0.2870 0.2050 -0.1319 0.3563 234.4626 0.0043 0.0022 0.0027 0.0005 -0.0011 -0.0003 0.0046 0.1469 0.1322
1494806400.0000 98250.0000 0.4349 0.2544 -0.2611 0.5073 239.6767 0.0132 0.0031 0.0066 0.0023 -0.0060 -0.0017 0.0114 0.1537 0.1460
1494806400.0000 98550.0000 0.3548 0.2477 -0.2079 0.4382 235.0752 0.0104 0.0023 0.0030 0.0001 -0.0022 -0.0007 0.0078 0.1502 0.1499
1494806400.0000 98850.0000 0.2187 0.2284 -0.1282 0.3260 223.7466 0.0071 0.0060 0.0079 0.0002 -0.0005 -0.0005 0.0105 0.2454 0.2089
1494806400.0000 99150.0000 0.1010 0.1320 0.0108 0.2096 217.4074 0.0152 0.0053 0.0070 -0.0009 -0.0039 0.0014 0.0138 0.5748 0.4975
1494806400.0000 99450.0000 0.2291 0.1413 -0.0569 0.2754 238.3401 0.0039 0.0031 0.0101 0.0001 -0.0015 -0.0022 0.0086 0.2745 0.1793
1494806400.0000 99750.0000 0.1765 0.2144 -0.0958 0.3019 219.4560 0.0037 0.0196 0.0083 0.0002 -0.0028 -0.0040 0.0158 0.3499 0.3176
1494806400.0000 100050.0000 0.3363 0.0048 -0.1227 0.3580 269.1765 0.0086 0.0165 0.0084 -0.0058 -0.0041 0.0012 0.0168 0.2956 0.2724
1494806400.0000 100350.0000 0.2167 0.2142 -0.1768 0.3124 225.3241 0.0038 0.0049 0.0038 -0.0008 -0.0009 -0.0007 0.0063 0.1833 0.1768
1494806400.0000 100650.0000 0.2566 0.2066 -0.1287 0.3579 231.1632 0.0135 0.0177 0.0101 -0.0034 -0.0045 0.0062 0.0207 0.3318 0.3097
1494806400.0000 100950.0000 0.1226 0.2395 -0.0790 0.3184 207.1131 0.0241 0.0103 0.0076 -0.0078 -0.0021 0.0032 0.0210 0.4220 0.3978
1494806400.0000 101250.0000 0.2872 0.1715 -0.1347 0.3647 239.1538 0.0100 0.0241 0.0124 0.0017 -0.0053 -0.0021 0.0233 0.3454 0.3187
1494806400.0000 101550.0000 0.2570 0.2288 -0.1144 0.3755 228.3262 0.0089 0.0271 0.0124 -0.0004 -0.0008 0.0078 0.0242 0.3502 0.3182
1494806400.0000 101850.0000 0.1900 0.1459 -0.0852 0.2525 232.4812 0.0053 0.0067 0.0048 0.0010 -0.0001 -0.0004 0.0084 0.2939 0.2635
1494806400.0000 102150.0000 0.2180 0.1485 -0.1476 0.2774 235.7453 0.0086 0.0081 0.0037 0.0028 -0.0016 -0.0024 0.0102 0.2732 0.2829
1494806400.0000 102450.0000 0.1895 0.2490 -0.1077 0.3233 217.2746 0.0034 0.0077 0.0052 -0.0014 -0.0012 0.0018 0.0082 0.2228 0.1943
1494806400.0000 102750.0000 0.2039 0.2472 -0.1554 0.3378 219.5231 0.0073 0.0099 0.0062 -0.0031 -0.0029 0.0023 0.0117 0.2476 0.2359
1494806400.0000 103050.0000 0.1649 0.1963 -0.0912 0.2719 220.0251 0.0062 0.0068 0.0045 -0.0016 -0.0008 0.0013 0.0087 0.2804 0.2563
1494806400.0000 103350.0000 0.1857 0.1919 -0.1161 0.2755 224.0598 0.0051 0.0044 0.0041 0.0001 -0.0019 0.0011 0.0068 0.2317 0.2111
1494806400.0000 103650.0000 0.1896 0.1926 -0.0823 0.2956 224.5552 0.0090 0.0129 0.0087 -0.0028 -0.0021 0.0032 0.0153 0.3577 0.3166
1494806400.0000 103950.0000 0.1903 0.1107 -0.1101 0.2667 239.8258 0.0088 0.0217 0.0104 0.0009 -0.0019 -0.0031 0.0204 0.4739 0.4577
1494806400.0000 104250.0000 0.1776 0.0409 -0.0291 0.2187 257.0433 0.0089 0.0133 0.0115 -0.0009 -0.0039 -0.0005 0.0169 0.5747 0.4728
1494806400.0000 104550.0000 0.2389 0.0831 -0.0720 0.3362 250.8104 0.0188 0.0465 0.0204 -0.0116 -0.0044 0.0051 0.0429 0.6429 0.5833
1494806400.0000 104850.0000 0.2912 0.1799 -0.1019 0.3928 238.2916 0.0169 0.0342 0.0243 -0.0073 -0.0039 0.0005 0.0377 0.4438 0.3812
1494806400.0000 105150.0000 0.2852 0.2372 -0.1686 0.3866 230.2473 0.0116 0.0130 0.0147 0.0008 -0.0051 0.0022 0.0197 0.2812 0.2444
1494806400.0000 105450.0000 0.0846 0.1490 -0.0670 0.1951 209.5683 0.0093 0.0089 0.0122 0.0035 -0.0014 -0.0035 0.0152 0.5469 0.4544
1494806400.0000 105750.0000 -0.0453 0.0251 0.0013 0.1887 118.9772 0.0314 0.0203 0.0107 0.0171 -0.0113 -0.0075 0.0312 2.7812 2.5329
1494806400.0000 106050.0000 0.2422 -0.0183 -0.1133 0.3845 274.3091 0.0506 0.1050 0.0170 -0.0565 -0.0127 0.0215 0.0863 0.8949 0.9376
1494806400.0000 106350.0000 0.0041 0.1983 -0.0495 0.3045 181.1826 0.0495 0.0128 0.0166 -0.0049 -0.0171 0.0022 0.0395 0.7933 0.7266
1494806400.0000 106650.0000 0.1840 0.1969 -0.1159 0.2843 223.0654 0.0057 0.0059 0.0037 -0.0031 0.0010 -0.0011 0.0076 0.2433 0.2307
1494806400.0000 106950.0000 0.2954 0.1988 -0.1611 0.3950 236.0569 0.0102 0.0293 0.0096 -0.0086 -0.0032 0.0034 0.0245 0.3271 0.3222
1494806400.0000 107250.0000 0.1089 0.0363 0.0125 0.1858 251.5451 0.0058 0.0202 0.0099 -0.0004 -0.0022 0.0033 0.0179 0.9468 0.8100
1494806400.0000 107550.0000 0.1104 0.1357 -0.0606 0.1878 219.1359 0.0026 0.0057 0.0017 -0.0010 -0.0003 0.0010 0.0050 0.3123 0.3011
1494806400.0000 107850.0000 0.0724 0.1151 -0.0448 0.1534 212.1757 0.0092 0.0022 0.0036 0.0014 -0.0028 -0.0002 0.0075 0.4935 0.4534
1494806400.0000 108150.0000 -0.0536 0.2536 -0.0214 0.2987 168.0684 0.0159 0.0190 0.0036 -0.0007 -0.0037 0.0002 0.0192 0.4352 0.4161
1494806400.0000 108450.0000 0.1026 0.1407 -0.0610 0.2107 216.1015 0.0172 0.0023 0.0035 -0.0027 -0.0054 0.0001 0.0115 0.4743 0.4627
1494806400.0000 108750.0000 0.0658 0.1001 -0.0420 0.1292 213.3092 0.0024 0.0040 0.0054 0.0011 -0.0012 -0.0036 0.0060 0.4963 0.3884
1494806400.0000 109050.0000 -0.1539 -0.2147 0.0320 0.2756 35.6378 0.0064 0.0048 0.0027 -0.0003 0.0008 0.0011 0.0069 0.2556 0.2314
1494806400.0000 109350.0000 0.2247 -0.2652 -0.0552 0.3765 319.7292 0.0188 0.0104 0.0083 0.0050 -0.0025 -0.0008 0.0187 0.3176 0.2837
1494806400.0000 109650.0000 -0.0081 -0.2697 0.0137 0.3488 1.7228 0.0286 0.0374 0.0185 -0.0127 -0.0059 0.0101 0.0422 0.6209 0.5494
1494806400.0000 109950.0000 0.0974 -0.0806 -0.0487 0.2643 309.6132 0.0451 0.0272 0.0150 -0.0041 -0.0063 0.0042 0.0436 1.2588 1.2280
1494806400.0000 110250.0000 0.1008 -0.1412 0.0047 0.3838 324.4879 0.0833 0.0910 0.0233 0.0241 -0.0068 0.0182 0.0988 1.4785 1.3893
1494806400.0000 110550.0000 -0.2851 -0.6551 0.0122 0.7718 23.5160 0.0677 0.0983 0.0496 0.0014 -0.0100 0.0257 0.1078 0.3751 0.3292
1494806400.0000 110850.0000 -0.5671 -0.3822 0.0920 0.7419 56.0204 0.0563 0.0607 0.0328 -0.0217 -0.0018 -0.0052 0.0749 0.3238 0.2888
1494806400.0000 111150.0000 -0.0817 -0.2974 -0.0078 0.4067 15.3561 0.0579 0.0490 0.0286 -0.0063 -0.0174 -0.0021 0.0677 0.6888 0.6120
1494806400.0000 111450.0000 -0.8491 -0.2629 0.1109 0.9037 72.7964 0.1014 0.0289 0.0420 0.0299 0.0185 0.0080 0.0861 0.2675 0.2344
1494806400.0000 111750.0000 -0.6271 -0.2186 0.0053 0.7117 70.7779 0.0760 0.0382 0.0496 -0.0065 -0.0184 -0.0025 0.0819 0.3518 0.2937
1494806400.0000 112050.0000 -0.6742 -0.4838 0.2500 0.8942 54.3391 0.1874 0.1041 0.0667 0.0412 -0.0043 -0.0045 0.1791 0.3987 0.3756
1494806400.0000 112350.0000 -0.8411 -0.6190 0.0313 1.0966 53.6486 0.1126 0.0897 0.1116 -0.0056 -0.0341 -0.0024 0.1569 0.3095 0.2486
1494806400.0000 112650.0000 -0.7790 -0.7296 0.1716 1.1129 46.8752 0.0954 0.0925 0.0541 0.0062 -0.0161 0.0276 0.1210 0.2627 0.2345
1494806400.0000 112950.0000 -0.4869 -0.4852 0.0771 0.7782 45.1001 0.0947 0.1011 0.0815 -0.0180 -0.0199 0.0074 0.1386 0.4395 0.3717
1494806400.0000 113250.0000 -0.3243 -0.4885 -0.0042 0.6979 33.5806 0.1040 0.1160 0.0752 -0.0293 0.0167 -0.0335 0.1476 0.5349 0.4618
1494806400.0000 113550.0000 -1.0108 -0.1792 0.2127 1.1509 79.9454 0.1949 0.2179 0.0893 -0.0335 -0.0172 -0.0032 0.2510 0.3902 0.3613
1494806400.0000 113850.0000 -0.9240 -0.0708 0.2078 0.9743 85.6167 0.1243 0.0838 0.0630 -0.0035 0.0024 -0.0064 0.1356 0.3165 0.2842
1494806400.0000 114150.0000 -0.8300 -0.1652 0.1123 0.9260 78.7449 0.1260 0.1522 0.0695 0.0008 0.0139 0.0219 0.1739 0.3988 0.3598
1494806400.0000 114450.0000 -0.8113 0.0138 0.0317 0.9037 90.9750 0.1160 0.1491 0.0757 0.0477 0.0185 -0.0177 0.1704 0.4151 0.3664
1494806400.0000 114750.0000 -0.5781 0.1690 0.0148 0.7067 106.2931 0.0790 0.1273 0.1117 0.0246 -0.0083 -0.0399 0.1590 0.5403 0.4354
1494806400.0000 115050.0000 -0.3004 -0.1077 0.0945 0.5676 70.2767 0.2020 0.0969 0.0846 0.0644 -0.0319 -0.0411 0.1917 1.0742 0.9890
1494806400.0000 115350.0000 -0.7378 -0.2252 0.1325 0.8626 73.0274 0.1046 0.1347 0.0709 0.0042 0.0104 -0.0310 0.1551 0.4108 0.3661
1494806400.0000 115650.0000 -0.6425 0.1347 -0.0463 0.7276 101.8379 0.1379 0.0860 0.0890 -0.0297 -0.0074 -0.0431 0.1565 0.4908 0.4162
1494806400.0000 115950.0000 -0.5600 -0.1592 0.2069 0.7315 74.1278 0.0761 0.1735 0.0757 -0.0497 0.0137 -0.0323 0.1626 0.5328 0.4954
1494806400.0000 116250.0000 -0.7060 -0.0075 -0.0329 0.7554 89.3909 0.0716 0.0683 0.0476 0.0296 -0.0203 -0.0240 0.0937 0.3536 0.3058
1494806400.0000 116550.0000 -0.5962 -0.0707 0.1115 0.6673 83.2394 0.0671 0.0806 0.0638 -0.0002 0.0110 0.0048 0.1057 0.4348 0.3695
1494806400.0000 116850.0000 -0.5735 -0.1370 0.1230 0.6489 76.5622 0.1220 0.0600 0.0869 0.0045 0.0129 0.0088 0.1345 0.4971 0.4177
1494806400.0000 117150.0000 -0.4123 -0.7871 0.0352 1.0645 27.6455 0.1858 0.2573 0.0653 -0.1630 -0.0302 0.0461 0.2542 0.4630 0.4325
1494806400.0000 117450.0000 -0.7748 -0.6556 0.0769 1.1362 49.7643 0.1997 0.1848 0.0966 -0.0578 -0.0016 0.0169 0.2406 0.3935 0.3528
1494806400.0000 117750.0000 -1.0308 -0.4993 0.1092 1.2530 64.1578 0.1777 0.1822 0.0751 -0.0777 -0.0038 0.0128 0.2175 0.3310 0.3024
1494806400.0000 118050.0000 -0.8351 -0.2580 0.1920 0.9438 72.8292 0.0927 0.1213 0.1039 0.0069 0.0228 -0.0074 0.1589 0.3637 0.3055
1494806400.0000 118350.0000 -0.8335 -0.4406 0.1325 1.0841 62.1421 0.1955 0.1768 0.0946 -0.0514 0.0260 0.0260 0.2334 0.4143 0.3736
1494806400.0000 118650.0000 -1.1420 -0.3920 0.2085 1.2773 71.0554 0.1654 0.1735 0.1110 0.0451 0.0297 0.0305 0.2249 0.3160 0.2783
1494806400.0000 118950.0000 -1.3102 -0.1397 0.0972 1.3971 83.9128 0.4848 0.2231 0.0988 0.0131 0.0530 -0.0092 0.4034 0.3925 0.3687
1494806400.0000 119250.0000 -0.9554 -0.3018 0.1302 1.0765 72.4705 0.1503 0.1830 0.0711 0.0581 -0.0319 -0.0366 0.2022 0.3634 0.3327
1494806400.0000 119550.0000 -0.9532 -1.0255 0.1870 1.5037 42.9079 0.4283 0.1777 0.1285 0.0532 -0.0145 0.0149 0.3673 0.3503 0.3210
1494806400.0000 119850.0000 -0.7345 -0.9613 0.2640 1.4178 37.3834 0.4241 0.4979 0.1325 -0.0260 0.0398 0.0617 0.5272 0.4788 0.4583
1494806400.0000 120150.0000 -1.1174 -1.0834 0.2632 1.6972 45.8850 0.2439 0.5119 0.1092 -0.0166 0.0266 0.0449 0.4325 0.3402 0.3225
1494806400.0000 120450.0000 -0.9268 -0.8754 0.2684 1.4961 46.6325 0.5481 0.3145 0.1094 -0.0725 -0.0262 -0.0000 0.4860 0.4369 0.4206
1494806400.0000 120750.0000 -1.1688 -0.8223 0.2165 1.6069 54.8712 0.3924 0.5464 0.1787 -0.0580 -0.0289 0.0320 0.5587 0.4222 0.3914
1494806400.0000 121050.0000 -0.7616 -0.6271 0.2314 1.1680 50.5287 0.2704 0.3283 0.1438 -0.0525 -0.0115 0.0060 0.3713 0.4910 0.4528
1494806400.0000 121350.0000 -1.0618 -0.8223 0.3098 1.4374 52.2441 0.3213 0.1881 0.1192 -0.0105 -0.0513 0.0385 0.3143 0.3321 0.3068
1494806400.0000 121650.0000 0.1377 -1.1875 0.0713 1.3081 353.3859 0.2717 0.2801 0.1297 -0.1053 -0.0321 0.0629 0.3407 0.3980 0.3588
1494806400.0000 121950.0000 -0.1605 -0.8754 0.2446 1.0925 10.3865 0.3602 0.2119 0.1436 -0.0399 -0.0698 0.0720 0.3579 0.5292 0.4907
1494806400.0000 122250.0000 -0.5690 -0.9782 0.1776 1.3179 30.1842 0.3770 0.4147 0.1111 -0.0827 -0.0635 0.0488 0.4514 0.4789 0.4540
1494806400.0000 122550.0000 -1.1434 -0.7628 0.2576 1.6394 56.2916 0.4675 0.6138 0.1566 -0.2159 -0.0293 0.0036 0.6190 0.4594 0.4368
1494806400.0000 122850.0000 -1.0169 -0.4408 0.2962 1.2454 66.5657 0.3434 0.4347 0.1132 0.1636 -0.0049 -0.0308 0.4456 0.4751 0.4595
1494806400.0000 123150.0000 -0.8795 -0.9444 0.1990 1.4684 42.9626 0.4575 0.3920 0.1791 0.0649 0.0384 -0.0458 0.5143 0.4484 0.4124
1494806400.0000 123450.0000 -0.5906 0.1260 0.0037 0.9822 102.0410 0.3720 0.4104 0.2079 -0.1154 0.0145 -0.0535 0.4952 0.9514 0.8457
1494806400.0000 123750.0000 -1.1400 -0.5256 0.3507 1.3880 65.2484 0.2920 0.4398 0.1068 0.1638 0.0155 0.0491 0.4193 0.4057 0.3935
1494806400.0000 124050.0000 -1.2485 -0.7003 0.2660 1.6070 60.7118 0.4635 0.4962 0.1301 -0.0088 -0.0483 -0.0084 0.5449 0.4140 0.3951
1494806400.0000 124350.0000 -0.9068 -0.0943 0.1293 1.0000 84.0633 0.3237 0.1345 0.1629 -0.0759 0.0602 -0.0348 0.3105 0.4941 0.4287
1494806400.0000 124650.0000 -1.2984 -0.9213 0.3298 1.7822 54.6431 0.9302 0.5154 0.1718 0.1406 -0.0400 -0.0448 0.8087 0.4516 0.4360
1494806400.0000 124950.0000 -0.8622 -1.1127 0.3142 1.5889 37.7705 0.4541 0.4635 0.1799 -0.0720 0.0182 0.0988 0.5487 0.4194 0.3929
1494806400.0000 125250.0000 -1.0459 -0.4987 0.2637 1.3898 64.5069 0.4413 0.8044 0.2590 0.2001 0.0208 -0.0938 0.7524 0.5960 0.5561
1494806400.0000 125550.0000 -1.1872 0.2582 0.0192 1.7941 102.2703 0.6467 1.7908 0.3136 0.4959 -0.1754 -0.4655 1.3756 0.7881 0.7419
1494806400.0000 125850.0000 -1.1065 -0.1749 0.2128 1.2959 81.0174 0.4960 0.2781 0.1472 0.0583 0.0007 -0.0126 0.4607 0.4860 0.4535
1494806400.0000 126150.0000 -0.5502 -0.0265 0.1281 0.8761 87.2437 0.2362 0.3883 0.1232 0.0819 -0.0088 -0.0419 0.3738 0.8827 0.8283
1494806400.0000 126450.0000 -1.4098 -0.4899 0.2901 1.6193 70.8365 0.7414 0.3657 0.1157 0.1301 0.0268 -0.0210 0.6114 0.4199 0.4070
1494806400.0000 126750.0000 -1.7498 0.2283 0.1851 1.8956 97.4322 0.5696 0.4609 0.3113 0.0014 0.0701 -0.1575 0.6709 0.3769 0.3321
1494806400.0000 127050.0000 -1.3961 0.1916 0.2346 1.5776 97.8147 0.4373 0.5148 0.2989 0.0935 -0.0215 -0.2011 0.6255 0.4520 0.3998
1494806400.0000 127350.0000 -1.2252 0.6114 0.2273 1.5632 116.5196 0.4902 0.5095 0.3115 0.0139 0.1480 -0.1785 0.6556 0.4763 0.4216
1494806400.0000 127650.0000 -0.6434 -0.1425 0.1620 1.0361 77.5134 0.6821 0.4249 0.1773 0.2272 -0.0524 -0.1324 0.6422 0.9641 0.9217
1494806400.0000 127950.0000 -2.0483 0.0798 0.2278 2.2476 92.2315 0.6133 0.8990 0.2551 -0.0101 0.1053 -0.1375 0.8837 0.3722 0.3464
1494806400.0000 128250.0000 -1.2558 -0.0628 0.1139 1.3622 87.1364 0.4742 0.2363 0.1948 -0.0090 -0.0413 -0.0018 0.4526 0.4351 0.3870
1494806400.0000 128550.0000 -1.0845 -0.8081 0.3115 1.5288 53.3089 0.6626 0.3815 0.2708 0.0736 -0.0671 -0.0935 0.6575 0.4770 0.4362
1494806400.0000 128850.0000 -0.8600 -0.1432 0.2546 1.2829 80.5496 0.5932 0.8754 0.2023 0.2255 -0.0134 -0.1035 0.8355 0.8217 0.8025
1494806400.0000 129150.0000 -1.2324 -0.5305 0.2164 1.5552 66.7099 0.6750 0.5321 0.1624 0.1268 0.0366 -0.0425 0.6847 0.4971 0.4728
1494806400.0000 129450.0000 -1.0179 -0.0922 0.1515 1.1960 84.8263 0.4229 0.4133 0.1705 -0.0821 0.0254 -0.1217 0.5034 0.5607 0.5166
1494806400.0000 129750.0000 -0.8725 0.7634 -0.0119 1.2930 131.1862 0.5403 0.3119 0.2575 -0.1706 0.1189 -0.1133 0.5549 0.5246 0.4597
1494806400.0000 130050.0000 -1.1386 0.2341 0.1630 1.3343 101.6173 0.4363 0.4032 0.2700 0.0041 0.0464 -0.1485 0.5548 0.5181 0.4551
1494806400.0000 130350.0000 -1.1811 0.4100 0.1847 1.3870 109.1437 0.6200 0.2896 0.2374 -0.0429 0.0835 -0.1295 0.5735 0.4892 0.4404
1494806400.0000 130650.0000 -1.0376 0.3061 0.1628 1.1736 106.4366 0.5610 0.1927 0.1588 -0.0743 0.1179 -0.0664 0.4563 0.5041 0.4633
1494806400.0000 130950.0000 -0.8709 0.1290 0.1816 1.0202 98.4243 0.2271 0.2522 0.1555 0.0491 0.0196 -0.0839 0.3174 0.5117 0.4540
1494806400.0000 131250.0000 -0.7201 -0.1718 0.2265 0.8453 76.5843 0.2346 0.1510 0.1303 -0.0010 -0.0616 -0.0087 0.2579 0.5356 0.4843
1494806400.0000 131550.0000 -0.7477 0.0512 0.0762 0.9001 93.9198 0.1764 0.2343 0.1411 -0.0546 0.0253 -0.0878 0.2759 0.5694 0.4938
1494806400.0000 131850.0000 -1.1042 -0.2285 0.1999 1.2635 78.3066 0.2757 0.3151 0.1404 0.0379 -0.0042 -0.0519 0.3656 0.4311 0.3936
1494806400.0000 132150.0000 -1.1482 0.4954 0.1182 1.3798 113.3374 0.5492 0.4146 0.2206 -0.1207 0.1193 -0.1778 0.5922 0.5002 0.4533
1494806400.0000 132450.0000 -0.5539 -0.0214 0.3317 0.7014 87.7914 0.2526 0.1033 0.0646 -0.0118 0.0096 -0.0268 0.2103 0.5796 0.6214
1494806400.0000 132750.0000 0.3438 -0.0388 -0.1012 0.4441 276.4442 0.0265 0.0988 0.0638 -0.0071 -0.0054 -0.0184 0.0946 0.6964 0.5906
1494806400.0000 133050.0000 -0.4872 -0.0589 0.2098 0.6007 83.1013 0.1273 0.1038 0.0480 0.0122 0.0058 -0.0060 0.1395 0.5715 0.5655
1494806400.0000 133350.0000 -0.3524 0.4350 -0.1448 0.7974 140.9874 0.1981 0.4579 0.1424 -0.1913 0.0786 -0.1619 0.3992 0.8921 0.8353
1494806400.0000 133650.0000 0.2311 0.3084 -0.0408 0.4431 216.8475 0.0437 0.0326 0.0601 -0.0043 -0.0228 -0.0030 0.0682 0.5501 0.4137
1494806400.0000 133950.0000 0.3619 -0.7410 -0.1181 0.9548 333.9697 0.1748 0.2934 0.1288 0.0451 -0.0673 0.0080 0.2985 0.5355 0.4791
1494806400.0000 134250.0000 -0.6016 -0.4995 0.1555 1.0864 50.2963 0.4105 0.4433 0.1630 -0.1128 -0.0060 0.0023 0.5084 0.7302 0.6822
1494806400.0000 134550.0000 -1.2081 0.1319 0.1843 1.3283 96.2299 0.2852 0.3056 0.1587 -0.0553 0.0488 -0.1027 0.3748 0.4067 0.3652
1494806400.0000 134850.0000 0.2224 0.1144 -0.2116 0.7224 242.7737 0.2544 0.2808 0.1692 -0.1733 0.0013 -0.0928 0.3522 1.4794 1.6891
1494806400.0000 135150.0000 0.4367 -0.3559 -0.0840 0.6988 309.1804 0.1739 0.2021 0.1423 -0.1377 -0.0485 0.0137 0.2592 0.7298 0.6284
1494806400.0000 135450.0000 0.3368 -0.0244 -0.0806 0.6804 274.1496 0.1857 0.2915 0.1366 -0.1824 -0.0806 0.0701 0.3069 1.3028 1.1810
1494806400.0000 135750.0000 0.0385 -0.2979 -0.0246 0.7122 352.6386 0.4681 0.1077 0.1517 -0.0154 -0.0725 -0.0151 0.3638 1.6339 1.4584
1494806400.0000 136050.0000 -0.9899 -0.1642 0.2390 1.1671 80.5812 0.6411 0.1675 0.1443 -0.0836 -0.0790 -0.0121 0.4764 0.5464 0.5174
1494806400.0000 136350.0000 -0.4464 -0.3063 0.2053 0.7704 55.5448 0.1739 0.3239 0.1028 -0.0383 0.0003 0.0217 0.3003 0.7728 0.7525
1494806400.0000 136650.0000 -0.7304 -0.5292 0.2976 1.1422 54.0759 0.4654 0.2656 0.1092 -0.0028 0.0062 -0.0188 0.4201 0.5572 0.5473
1494806400.0000 136950.0000 0.0998 -0.8769 0.0868 1.1022 353.5038 0.3663 0.4459 0.1522 -0.0091 -0.0756 0.0766 0.4822 0.6394 0.5896
1494806400.0000 137250.0000 -0.6112 -0.5362 0.2919 1.0159 48.7396 0.4173 0.2687 0.1192 0.0925 -0.0286 -0.0329 0.4026 0.5997 0.5881
1494806400.0000 137550.0000 -0.6506 -1.0479 0.2404 1.3716 31.8330 0.3293 0.3248 0.1661 0.0347 -0.0173 0.0672 0.4101 0.4161 0.3786
1494806400.0000 137850.0000 -0.0085 -0.6916 -0.0010 0.8504 0.7046 0.1556 0.2248 0.1286 -0.0417 -0.0297 0.0276 0.2545 0.5955 0.5148
1494806400.0000 138150.0000 -0.0514 -0.7228 0.0420 0.8982 4.0660 0.2525 0.1435 0.1627 -0.0716 -0.0957 0.0311 0.2794 0.5946 0.5014
1494806400.0000 138450.0000 0.5435 -0.3321 -0.0991 0.8541 301.4273 0.1378 0.4160 0.1382 -0.0653 -0.0234 -0.0540 0.3460 0.7451 0.6745
1494806400.0000 138750.0000 0.3255 -0.0867 -0.1487 0.4914 284.9207 0.0779 0.0990 0.0882 -0.0053 0.0330 -0.0311 0.1326 0.8072 0.7209
1494806400.0000 139050.0000 0.1564 -0.0134 -0.0662 0.4602 274.8999 0.1079 0.1446 0.1208 -0.0037 0.0009 -0.0400 0.1866 2.0700 1.8479
1494806400.0000 139350.0000 0.1088 0.3870 -0.1539 0.4602 195.6980 0.0422 0.0404 0.0847 -0.0098 -0.0132 -0.0123 0.0837 0.5487 0.4127
1494806400.0000 139650.0000 0.0640 0.4055 -0.1617 0.4435 188.9640 0.0279 0.0461 0.0383 -0.0075 0.0071 -0.0241 0.0562 0.4386 0.3826
1494806400.0000 139950.0000 0.1770 0.2058 -0.1297 0.3078 220.6929 0.0287 0.0167 0.0250 -0.0040 -0.0074 -0.0026 0.0352 0.5090 0.4531
1494806400.0000 140250.0000 0.0633 0.0968 -0.0459 0.2474 213.1624 0.0292 0.0313 0.0068 -0.0199 -0.0043 0.0024 0.0337 1.2036 1.2273
1494806400.0000 140550.0000 0.0949 0.1267 0.0248 0.2637 216.8514 0.0259 0.0293 0.0144 -0.0089 0.0022 -0.0060 0.0348 0.9503 0.8564
1494806400.0000 140850.0000 -0.2338 -0.1547 0.1412 0.7069 56.5085 0.4481 0.2853 0.0516 0.1931 -0.0765 -0.0083 0.3925 1.6293 1.7634
1494806400.0000 141150.0000 -0.2343 -0.7721 0.1741 0.9782 16.8793 0.3402 0.1547 0.0902 0.0784 -0.0537 0.0225 0.2925 0.5350 0.5034
1494806400.0000 141450.0000 -1.0987 -0.9863 0.3156 1.5337 48.0858 0.3750 0.2974 0.1026 0.1637 -0.0206 0.0133 0.3875 0.3366 0.3207
1494806400.0000 141750.0000 0.1032 -0.2778 0.0733 0.3608 339.6285 0.0393 0.0631 0.0196 0.0242 -0.0023 0.0045 0.0610 0.6606 0.6235
1494806400.0000 142050.0000 -0.0211 -0.2593 0.0852 0.3388 4.6537 0.0402 0.0586 0.0146 0.0216 -0.0022 0.0028 0.0567 0.7102 0.6976
1494806400.0000 142350.0000 0.2033 -0.2914 0.0184 0.5329 325.1007 0.2500 0.0627 0.0515 -0.0556 -0.0748 0.0173 0.1821 0.9794 0.9088
1494806400.0000 142650.0000 0.4112 -0.2712 -0.1680 0.5728 303.4056 0.2048 0.0645 0.0833 -0.0604 -0.0752 0.0131 0.1763 0.6586 0.6082
1494806400.0000 142950.0000 0.2367 -0.3535 -0.0138 0.5614 326.1882 0.2651 0.2086 0.1289 -0.1421 -0.1452 0.1022 0.3013 1.0529 0.9340
1494806400.0000 143250.0000 0.5053 -0.5974 -0.1224 1.0639 319.7732 0.2973 0.4611 0.1796 0.0685 -0.1073 0.0051 0.4690 0.7060 0.6426
1494806400.0000 143550.0000 -0.5257 -0.6815 0.2253 1.1960 37.6482 0.5999 0.3726 0.1812 -0.0831 -0.1187 0.0099 0.5769 0.6970 0.6615
1494806400.0000 143850.0000 -0.4795 -0.9652 0.2372 1.2215 26.4158 0.2852 0.5255 0.1151 0.0994 -0.0219 0.0776 0.4629 0.5034 0.4823
1494806400.0000 144150.0000 -0.8307 -1.1775 0.2619 1.5364 35.2010 0.3719 0.3977 0.1124 0.1503 0.0182 0.0701 0.4410 0.3702 0.3515
1494806400.0000 144450.0000 -0.7959 -1.2247 0.2698 1.5656 33.0191 0.3173 0.2974 0.1020 0.0100 -0.0364 0.0506 0.3584 0.3291 0.3099
1494806400.0000 144750.0000 0.1955 -0.6191 0.0910 0.7855 342.4750 0.1824 0.1577 0.0724 0.0521 -0.0057 0.0187 0.2063 0.5657 0.5187
1494806400.0000 145050.0000 0.6975 -0.2558 -0.2728 0.7897 290.1392 0.0847 0.1059 0.0566 -0.0619 -0.0313 0.0212 0.1236 0.3627 0.3393
1494806400.0000 145350.0000 0.2751 -0.6673 -0.0086 0.8917 337.5927 0.2237 0.2237 0.0860 -0.0066 -0.0693 0.0408 0.2667 0.5842 0.5350
1494806400.0000 145650.0000 0.3455 -0.1487 -0.0262 0.4762 293.2878 0.0582 0.1280 0.0300 -0.0590 -0.0096 0.0038 0.1081 0.7121 0.6624
1494806400.0000 145950.0000 0.1459 0.1522 -0.0426 0.2719 223.7894 0.0133 0.0215 0.0101 -0.0095 -0.0021 -0.0031 0.0225 0.5691 0.5114
1494806400.0000 146250.0000 0.5437 -0.1389 -0.1230 0.6271 284.3331 0.1048 0.0932 0.1056 -0.0437 -0.0356 0.0291 0.1518 0.5538 0.4579
1494806400.0000 146550.0000 0.1030 0.1126 -0.0397 0.2114 222.4523 0.0119 0.0234 0.0149 0.0042 -0.0033 -0.0023 0.0251 0.8209 0.7117
1494806400.0000 146850.0000 -0.1113 0.1837 0.0086 0.3722 148.7890 0.1306 0.0751 0.0209 -0.0017 0.0071 -0.0129 0.1133 1.2785 1.2191
1494806400.0000 147150.0000 0.1095 0.1560 0.0258 0.3507 215.0511 0.0850 0.0579 0.0296 -0.0218 -0.0089 0.0100 0.0863 1.2469 1.1451
1494806400.0000 147450.0000 -0.0403 -0.1959 -0.0088 0.4527 11.6236 0.1394 0.1077 0.0404 0.0195 -0.0046 0.0226 0.1438 1.5462 1.4348
1494806400.0000 147750.0000 -0.0691 -0.2052 0.0375 0.4216 18.6181 0.1562 0.0923 0.0643 0.0586 -0.0325 -0.0088 0.1564 1.4693 1.3292
1494806400.0000 148050.0000 0.5694 -0.3471 -0.1592 0.7456 301.3645 0.1015 0.1237 0.0676 -0.0260 -0.0312 0.0136 0.1464 0.4557 0.4109
1494806400.0000 148350.0000 0.4614 -0.2364 -0.1485 0.6134 297.1230 0.0790 0.1516 0.0455 -0.0500 -0.0269 0.0111 0.1381 0.5625 0.5348
1494806400.0000 148650.0000 0.4029 -0.1621 -0.1369 0.5083 291.9182 0.0654 0.0897 0.0352 -0.0292 -0.0186 0.0146 0.0951 0.5530 0.5235
1494806400.0000 148950.0000 0.5041 -0.0441 -0.1800 0.5736 275.0009 0.0823 0.0823 0.0380 -0.0473 -0.0245 0.0243 0.1012 0.4838 0.4628
1494806400.0000 149250.0000 0.3520 0.0775 -0.1510 0.4163 257.5785 0.0359 0.0401 0.0290 -0.0118 -0.0125 0.0065 0.0525 0.4789 0.4417
1494806400.0000 149550.0000 0.3852 0.0938 -0.1893 0.4566 256.3078 0.0276 0.0514 0.0322 -0.0141 -0.0135 0.0111 0.0556 0.4382 0.4094
1494806400.0000 149850.0000 0.5744 -0.0170 -0.2041 0.6500 271.6941 0.0648 0.1092 0.0538 -0.0314 -0.0273 0.0174 0.1139 0.4519 0.4191
1494806400.0000 150150.0000 0.5333 0.0964 -0.2592 0.6213 259.7520 0.1187 0.0922 0.0815 -0.0339 -0.0678 0.0204 0.1462 0.5197 0.4892
1494806400.0000 150450.0000 0.4140 0.1929 -0.2276 0.4886 245.0152 0.0199 0.0287 0.0245 -0.0045 -0.0096 0.0015 0.0366 0.3059 0.2787
1494806400.0000 150750.0000 0.4591 0.1718 -0.1774 0.5370 249.4795 0.0413 0.0406 0.0338 -0.0213 -0.0197 0.0151 0.0578 0.3767 0.3371
1494806400.0000 151050.0000 0.4024 0.2279 -0.2015 0.4967 240.4707 0.0211 0.0305 0.0273 -0.0023 -0.0067 0.0042 0.0394 0.3213 0.2834
