1494720000.0000 150.0000 1.1473 1.0949 0.1591 1.5943 226.3392 0.0245 0.0365 0.0107 0.0032 -0.0041 -0.0007 0.0358 0.0970 0.0899
1494720000.0000 450.0000 1.0960 1.1340 0.1335 1.5892 224.0236 0.0378 0.0351 0.0098 -0.0012 -0.0043 -0.0023 0.0413 0.1049 0.0988
1494720000.0000 750.0000 0.9701 1.0762 0.1402 1.4614 222.0331 0.0444 0.0429 0.0175 0.0089 -0.0015 -0.0084 0.0524 0.1284 0.1178
1494720000.0000 1050.0000 1.1836 1.3977 0.1220 1.8499 220.2578 0.0824 0.1141 0.0308 0.0300 -0.0038 -0.0129 0.1137 0.1500 0.1397
1494720000.0000 1350.0000 1.4307 1.3333 0.1724 1.9760 227.0186 0.0643 0.1037 0.0325 0.0056 0.0006 -0.0191 0.1003 0.1317 0.1210
1494720000.0000 1650.0000 1.3106 1.5981 0.1710 2.0891 219.3559 0.0751 0.1493 0.0466 0.0169 -0.0053 -0.0156 0.1355 0.1449 0.1323
1494720000.0000 1950.0000 0.7896 1.2503 0.1465 1.5210 212.2731 0.1291 0.1272 0.0461 0.0024 -0.0055 -0.0203 0.1512 0.2137 0.1977
1494720000.0000 2250.0000 0.6302 1.4317 0.1780 1.5990 203.7594 0.1221 0.1353 0.0601 0.0224 0.0021 -0.0296 0.1587 0.2066 0.1872
1494720000.0000 2550.0000 0.7364 1.5666 0.1595 1.7674 205.1768 0.1397 0.1294 0.0657 0.0281 0.0110 -0.0235 0.1674 0.1922 0.1730
1494720000.0000 2850.0000 0.5178 1.4148 0.1354 1.5521 200.1030 0.1513 0.1772 0.0775 0.0248 0.0042 -0.0454 0.2030 0.2432 0.2197
1494720000.0000 3150.0000 0.2297 1.4892 0.0551 1.5583 188.7697 0.1610 0.2871 0.1024 0.0269 -0.0035 -0.0837 0.2753 0.2841 0.2565
1494720000.0000 3450.0000 0.6320 1.7241 0.1323 1.8827 200.1322 0.1848 0.1672 0.1078 0.0178 0.0143 -0.0493 0.2299 0.2126 0.1865
1494720000.0000 3750.0000 0.5296 1.7801 0.1399 1.9055 196.5694 0.2207 0.3880 0.1121 0.1113 -0.0068 -0.0888 0.3604 0.2632 0.2425
1494720000.0000 4050.0000 0.1090 1.7225 0.0764 1.7817 183.6194 0.1858 0.3289 0.1210 0.0487 0.0020 -0.0912 0.3178 0.2664 0.2400
1494720000.0000 4350.0000 0.0264 1.7341 0.0576 1.8128 180.8706 0.2663 0.4317 0.1612 0.0852 0.0007 -0.0989 0.4296 0.3084 0.2781
1494720000.0000 4650.0000 0.2308 1.4098 0.1694 1.4891 189.2963 0.1855 0.3117 0.1314 0.0389 0.0110 -0.0895 0.3143 0.3182 0.2850
1494720000.0000 4950.0000 0.3856 1.3612 0.1362 1.4717 195.8165 0.1982 0.2474 0.1106 0.0724 -0.0009 -0.0517 0.2781 0.3029 0.2724
1494720000.0000 5250.0000 0.4577 1.5638 0.1974 1.6872 196.3131 0.2022 0.2610 0.1297 0.0457 0.0175 -0.0636 0.2965 0.2709 0.2411
1494720000.0000 5550.0000 0.2566 1.4146 0.1239 1.4878 190.2822 0.1443 0.2482 0.0985 0.0313 -0.0035 -0.0780 0.2455 0.2803 0.2516
1494720000.0000 5850.0000 0.4922 1.4028 0.1711 1.5298 199.3327 0.1541 0.1971 0.0904 0.0433 -0.0086 -0.0561 0.2208 0.2564 0.2302
1494720000.0000 6150.0000 0.4120 1.4579 0.1596 1.5626 195.7799 0.1764 0.2833 0.1112 0.0736 -0.0116 -0.0708 0.2854 0.2863 0.2584
1494720000.0000 6450.0000 0.4346 1.4674 0.1054 1.5798 196.4990 0.1849 0.2182 0.0909 0.0693 0.0015 -0.0579 0.2470 0.2645 0.2395
1494720000.0000 6750.0000 0.4696 1.4418 0.1482 1.5597 198.0391 0.1626 0.1739 0.0768 0.0679 -0.0018 -0.0400 0.2066 0.2436 0.2209
1494720000.0000 7050.0000 0.7528 1.3313 0.1453 1.5855 209.4848 0.2134 0.1699 0.0703 0.0369 -0.0016 -0.0297 0.2268 0.2531 0.2337
1494720000.0000 7350.0000 1.0150 1.6642 0.2269 1.9823 211.3786 0.1351 0.1618 0.0572 0.0189 -0.0113 -0.0368 0.1771 0.1751 0.1614
1494720000.0000 7650.0000 1.2681 1.9284 0.1816 2.3805 213.3298 0.3722 0.4150 0.1516 0.0654 -0.0261 -0.0921 0.4694 0.2416 0.2219
1494720000.0000 7950.0000 1.1992 1.6346 0.2254 2.1004 216.2661 0.4206 0.4162 0.1473 0.1803 0.0032 -0.0916 0.4921 0.2808 0.2605
1494720000.0000 8250.0000 0.9815 1.8902 0.2365 2.2246 207.4417 0.3704 0.5610 0.1951 0.0517 -0.0015 -0.1327 0.5633 0.2860 0.2616
1494720000.0000 8550.0000 0.8778 1.4481 0.1914 1.7393 211.2230 0.2227 0.2211 0.1023 0.0808 -0.0012 -0.0517 0.2731 0.2504 0.2272
1494720000.0000 8850.0000 0.7381 1.3782 0.1397 1.6397 208.1734 0.2461 0.3942 0.1478 0.0771 -0.0116 -0.1028 0.3941 0.3265 0.2955
1494720000.0000 9150.0000 0.7483 1.6725 0.1847 1.8964 204.1042 0.2664 0.3826 0.1605 0.0815 -0.0266 -0.1149 0.4047 0.2821 0.2539
1494720000.0000 9450.0000 1.3734 1.5939 0.2428 2.1795 220.7496 0.3655 0.3184 0.1531 0.0709 -0.0220 -0.0957 0.4185 0.2494 0.2269
1494720000.0000 9750.0000 1.3390 1.5605 0.2772 2.1410 220.6315 0.3372 0.3799 0.1375 0.0095 0.0275 -0.0675 0.4273 0.2572 0.2378
1494720000.0000 10050.0000 1.8139 1.6951 0.3674 2.5491 226.9398 0.3443 0.3187 0.1664 -0.0027 -0.0411 -0.0791 0.4147 0.2095 0.1893
1494720000.0000 10350.0000 1.7813 1.6102 0.1526 2.4370 227.8887 0.2421 0.3930 0.0766 0.1590 -0.0214 -0.0576 0.3558 0.2024 0.1916
1494720000.0000 10650.0000 1.1824 1.2739 0.2912 1.8179 222.8663 0.3007 0.3612 0.1180 0.0672 -0.0056 -0.0589 0.3900 0.2893 0.2703
1494720000.0000 10950.0000 1.0339 1.5178 0.1848 1.8975 214.2619 0.2440 0.2497 0.0832 0.0290 -0.0003 -0.0419 0.2885 0.2376 0.2209
1494720000.0000 11250.0000 1.2281 1.1923 0.2475 1.7896 225.8490 0.2519 0.2582 0.1031 -0.0392 -0.0091 -0.0695 0.3066 0.2614 0.2409
1494720000.0000 11550.0000 0.8302 1.3160 0.1749 1.6042 212.2464 0.1607 0.1637 0.0653 0.0208 0.0097 -0.0306 0.1948 0.2302 0.2113
1494720000.0000 11850.0000 0.6984 1.3721 0.2152 1.5901 206.9760 0.1646 0.1753 0.0846 0.0260 -0.0002 -0.0393 0.2123 0.2420 0.2186
1494720000.0000 12150.0000 0.6724 1.4736 0.1393 1.6681 204.5286 0.1733 0.2776 0.0712 0.0659 0.0002 -0.0545 0.2611 0.2566 0.2394
1494720000.0000 12450.0000 0.5363 1.4089 0.1318 1.5528 200.8388 0.1640 0.1909 0.0804 0.0478 -0.0052 -0.0304 0.2177 0.2517 0.2282
1494720000.0000 12750.0000 0.6917 1.5248 0.1434 1.7245 204.4001 0.2256 0.2089 0.1064 0.0805 0.0048 -0.0450 0.2705 0.2527 0.2273
1494720000.0000 13050.0000 0.5994 1.4988 0.1348 1.6649 201.7991 0.1855 0.1826 0.0870 0.0371 -0.0033 -0.0590 0.2276 0.2405 0.2170
1494720000.0000 13350.0000 0.7128 1.3683 0.1620 1.6057 207.5176 0.1785 0.2539 0.0955 0.0077 -0.0069 -0.0767 0.2639 0.2704 0.2461
1494720000.0000 13650.0000 0.6051 1.3405 0.1104 1.5104 204.2948 0.1333 0.1352 0.0597 0.0306 0.0043 -0.0280 0.1641 0.2243 0.2034
1494720000.0000 13950.0000 0.6516 1.3098 0.1639 1.5149 206.4487 0.1778 0.1493 0.0835 0.0321 0.0183 -0.0416 0.2053 0.2513 0.2257
1494720000.0000 14250.0000 0.4771 1.2538 0.1302 1.3931 200.8335 0.1642 0.1609 0.0695 0.0645 -0.0021 -0.0397 0.1973 0.2691 0.2454
1494720000.0000 14550.0000 0.1907 0.6913 0.1299 0.7742 195.4193 0.1000 0.1391 0.0504 0.0289 0.0104 -0.0200 0.1448 0.4263 0.3937
1494720000.0000 14850.0000 0.5299 1.2675 0.1421 1.4282 202.6871 0.2259 0.1636 0.0688 0.0674 0.0079 -0.0321 0.2291 0.2830 0.2623
1494720000.0000 15150.0000 0.2965 1.2164 0.1425 1.3098 193.7004 0.1590 0.1757 0.0835 0.0478 -0.0052 -0.0484 0.2091 0.2963 0.2668
1494720000.0000 15450.0000 0.8917 1.5176 0.1797 1.8074 210.4361 0.1908 0.1851 0.1176 0.0408 -0.0072 -0.0592 0.2468 0.2293 0.2011
1494720000.0000 15750.0000 1.5196 1.7150 0.2169 2.3844 221.5425 0.5350 0.3892 0.1786 0.0628 -0.0066 -0.1037 0.5513 0.2634 0.2422
1494720000.0000 16050.0000 0.9838 1.5329 0.2006 1.9168 212.6918 0.3280 0.3368 0.1422 -0.0138 -0.0008 -0.0840 0.4035 0.2830 0.2584
1494720000.0000 16350.0000 1.5054 1.2958 0.2736 2.0866 229.2794 0.3441 0.3733 0.1257 -0.0672 0.0111 -0.0644 0.4215 0.2644 0.2462
1494720000.0000 16650.0000 1.0661 0.9099 0.1881 1.4852 229.5196 0.4301 0.1944 0.0789 0.0366 -0.0042 -0.0231 0.3517 0.3424 0.3255
1494720000.0000 16950.0000 0.5562 1.2646 0.1240 1.4729 203.7430 0.3001 0.3279 0.1140 0.1391 -0.0207 -0.0997 0.3710 0.3586 0.3312
1494720000.0000 17250.0000 0.4789 0.9285 0.1223 1.1584 207.2815 0.3431 0.1125 0.0623 0.0667 0.0228 -0.0193 0.2589 0.3950 0.3730
1494720000.0000 17550.0000 0.2046 0.6773 0.0403 0.7840 196.8084 0.1413 0.1100 0.0447 0.0274 0.0180 -0.0245 0.1480 0.4433 0.4091
1494720000.0000 17850.0000 -0.2889 0.5856 0.0484 0.7136 153.7366 0.0837 0.0880 0.0536 -0.0008 0.0116 -0.0317 0.1127 0.4186 0.3664
1494720000.0000 18150.0000 -0.3239 0.5562 -0.0294 0.7056 149.7908 0.0959 0.2842 0.0521 -0.0892 0.0304 -0.0708 0.2161 0.5891 0.5530
1494720000.0000 18450.0000 -0.4056 0.7916 -0.0665 0.9691 152.8703 0.1526 0.1999 0.0896 -0.0432 0.0388 -0.0622 0.2211 0.4304 0.3854
1494720000.0000 18750.0000 0.0448 0.6818 0.0338 0.7273 183.7583 0.0615 0.1246 0.0489 0.0261 0.0051 -0.0278 0.1175 0.4091 0.3645
1494720000.0000 19050.0000 0.1782 0.9042 0.0795 0.9675 191.1495 0.0912 0.1732 0.0644 0.0517 -0.0085 -0.0521 0.1644 0.3578 0.3221
1494720000.0000 19350.0000 0.2397 0.6320 0.0842 0.7209 200.7711 0.0796 0.0791 0.0329 0.0255 0.0031 -0.0193 0.0958 0.3711 0.3403
1494720000.0000 19650.0000 -0.3029 0.6959 -0.0543 0.8094 156.4781 0.1014 0.0935 0.0552 -0.0359 0.0238 -0.0378 0.1250 0.3794 0.3358
1494720000.0000 19950.0000 -0.1046 0.6646 -0.0177 0.7257 171.0560 0.0655 0.1525 0.0518 0.0073 0.0049 -0.0238 0.1349 0.4455 0.4006
1494720000.0000 20250.0000 -0.2980 0.7163 -0.0585 0.8287 157.4083 0.0866 0.1344 0.0815 -0.0132 0.0119 -0.0460 0.1512 0.4081 0.3498
1494720000.0000 20550.0000 -0.4974 0.5398 -0.0480 0.7788 137.3431 0.0890 0.1002 0.0631 -0.0304 0.0375 -0.0197 0.1261 0.3943 0.3422
1494720000.0000 20850.0000 -0.2138 0.4677 0.0100 0.6413 155.4353 0.1062 0.1552 0.0505 -0.0201 0.0210 -0.0274 0.1559 0.6269 0.5740
1494720000.0000 21150.0000 0.0982 0.4298 0.1197 0.5019 192.8765 0.0539 0.0670 0.0462 0.0189 0.0026 -0.0273 0.0836 0.5167 0.4553
1494720000.0000 21450.0000 0.0864 0.7967 0.0242 0.8863 186.1925 0.1459 0.1642 0.0692 0.0430 0.0046 -0.0632 0.1896 0.4435 0.4011
1494720000.0000 21750.0000 -0.1901 0.6374 0.0708 0.7432 163.3951 0.1041 0.1313 0.0613 -0.0027 0.0121 -0.0253 0.1484 0.4702 0.4212
1494720000.0000 22050.0000 -0.7855 0.2455 -0.1327 0.9574 107.3582 0.2003 0.1271 0.0740 0.0697 0.0332 -0.0076 0.2007 0.4388 0.4014
1494720000.0000 22350.0000 -0.8100 0.2634 -0.1692 0.8914 108.0135 0.0679 0.0612 0.0625 -0.0081 0.0374 -0.0150 0.0958 0.2910 0.2435
1494720000.0000 22650.0000 -0.8346 0.3248 -0.1111 0.9489 111.2641 0.1112 0.0977 0.0792 -0.0027 0.0303 -0.0143 0.1440 0.3434 0.2946
1494720000.0000 22950.0000 -0.1397 1.1427 0.0282 1.2237 173.0320 0.1346 0.4183 0.1012 0.1008 0.0065 -0.0648 0.3271 0.4055 0.3729
1494720000.0000 23250.0000 0.1896 0.9347 0.1480 1.0785 191.4655 0.2539 0.2616 0.1050 0.0420 0.0388 -0.0636 0.3102 0.4712 0.4346
1494720000.0000 23550.0000 0.0258 0.8430 0.1149 0.9097 181.7531 0.1192 0.1933 0.0849 0.0165 0.0109 -0.0555 0.1987 0.4276 0.3827
1494720000.0000 23850.0000 0.0322 1.2427 0.0208 1.3321 181.4854 0.2154 0.2006 0.1197 -0.0016 0.0332 -0.0608 0.2678 0.3399 0.2995
1494720000.0000 24150.0000 0.0656 1.1691 0.0465 1.2691 183.2110 0.2358 0.3795 0.1269 0.0741 0.0006 -0.0840 0.3711 0.4245 0.3868
1494720000.0000 24450.0000 -0.1857 0.6256 0.0687 0.7498 163.4695 0.1632 0.1467 0.0631 -0.0173 0.0166 -0.0410 0.1865 0.5374 0.4925
1494720000.0000 24750.0000 -0.2881 1.0715 -0.0107 1.1999 164.9489 0.2279 0.2286 0.1118 -0.0313 0.0412 -0.0813 0.2841 0.3922 0.3516
1494720000.0000 25050.0000 -0.4892 0.2235 0.0021 0.7143 114.5588 0.1779 0.1391 0.0807 0.0931 0.0513 0.0103 0.1988 0.6770 0.6044
1494720000.0000 25350.0000 -0.6474 0.1124 -0.0779 0.9168 99.8528 0.2153 0.3090 0.1351 -0.0686 0.0859 -0.0463 0.3297 0.7085 0.6362
1494720000.0000 25650.0000 -0.4665 0.2534 -0.1218 0.8016 118.5106 0.2896 0.1859 0.1384 0.0916 0.0342 0.0166 0.3070 0.8305 0.7499
1494720000.0000 25950.0000 0.0322 0.5065 0.0658 0.6998 183.6347 0.1946 0.2039 0.0738 0.0890 -0.0040 -0.0360 0.2361 0.7752 0.7180
1494720000.0000 26250.0000 -0.2926 0.9537 0.1227 1.1022 162.9438 0.2435 0.2546 0.1757 -0.0341 0.0430 -0.0938 0.3369 0.4715 0.4085
1494720000.0000 26550.0000 -0.2292 1.1264 0.0556 1.3136 168.4971 0.3449 0.4298 0.1326 0.1206 0.0298 -0.1182 0.4536 0.4779 0.4421
1494720000.0000 26850.0000 -0.3190 0.8575 0.0108 1.0284 159.5949 0.2391 0.2346 0.1209 -0.0090 0.0331 -0.0714 0.2973 0.4866 0.4343
1494720000.0000 27150.0000 -0.2585 1.0188 -0.0496 1.1536 165.7648 0.2224 0.2686 0.1379 -0.0231 0.0207 -0.0952 0.3144 0.4351 0.3849
1494720000.0000 27450.0000 -0.4108 1.0435 -0.1308 1.2173 158.5121 0.2606 0.2042 0.1431 -0.0830 0.0938 -0.0913 0.3039 0.3987 0.3510
1494720000.0000 27750.0000 -0.5189 0.3760 -0.0955 0.8081 125.9280 0.1379 0.3002 0.0717 0.0558 0.0209 0.0076 0.2549 0.6362 0.5963
1494720000.0000 28050.0000 -0.7082 -0.1497 -0.0466 1.1810 78.0645 0.3451 0.6630 0.1725 0.2765 0.0668 0.1571 0.5903 0.8648 0.8008
1494720000.0000 28350.0000 -0.9248 -0.7355 -0.2103 1.2134 51.5036 0.0959 0.0666 0.0725 0.0003 0.0383 0.0138 0.1175 0.2332 0.1969
1494720000.0000 28650.0000 -1.0425 -0.7126 -0.1942 1.3082 55.6485 0.0679 0.1502 0.0643 0.0163 0.0291 0.0193 0.1412 0.2401 0.2135
1494720000.0000 28950.0000 -0.8790 -0.5226 -0.2047 1.1220 59.2641 0.1226 0.2573 0.0884 0.0301 0.0316 0.0014 0.2342 0.3789 0.3480
1494720000.0000 29250.0000 -1.2892 -0.8323 -0.3006 1.5797 57.1541 0.1207 0.1152 0.0623 -0.0179 0.0443 -0.0043 0.1491 0.2016 0.1827
1494720000.0000 29550.0000 -0.8936 -0.3814 -0.0545 1.0160 66.8844 0.1464 0.0873 0.0953 0.0070 0.0791 0.0239 0.1645 0.3403 0.2872
1494720000.0000 29850.0000 -0.8522 -0.4726 -0.1856 1.0315 60.9905 0.1013 0.1080 0.0741 -0.0009 0.0305 0.0276 0.1417 0.3098 0.2711
1494720000.0000 30150.0000 -0.8678 -0.1372 -0.1646 1.0741 81.0155 0.1458 0.3616 0.0808 0.1152 0.0469 0.0127 0.2940 0.4953 0.4681
1494720000.0000 30450.0000 -0.4032 0.6464 -0.1614 0.8164 148.0437 0.0724 0.1340 0.0847 -0.0165 0.0220 -0.0146 0.1456 0.4000 0.3443
1494720000.0000 30750.0000 -0.1384 0.5317 -0.1240 0.7951 165.4072 0.2782 0.2380 0.1467 0.1270 0.0176 -0.0168 0.3314 0.8345 0.7549
1494720000.0000 31050.0000 -0.0215 0.7674 0.0729 0.8937 178.3969 0.1839 0.2056 0.1217 0.0589 0.0002 -0.0317 0.2556 0.5353 0.4694
1494720000.0000 31350.0000 -0.2616 1.0633 0.0418 1.2111 166.1775 0.2232 0.2491 0.1628 0.0865 0.0253 -0.0635 0.3176 0.4199 0.3624
1494720000.0000 31650.0000 -0.6883 0.6504 0.0604 1.1726 133.3763 0.3255 0.3782 0.1867 0.1251 0.0832 0.0033 0.4452 0.5742 0.5115
1494720000.0000 31950.0000 -0.5848 0.3254 -0.1225 0.8397 119.0911 0.1510 0.3171 0.1663 -0.0381 -0.0025 -0.1051 0.3172 0.6758 0.5902
1494720000.0000 32250.0000 -0.5372 -0.0882 -0.0821 0.6935 80.6757 0.1075 0.1569 0.1016 0.0001 0.0388 0.0076 0.1830 0.6345 0.5454
1494720000.0000 32550.0000 -0.6486 -0.4560 -0.2039 0.9844 54.8927 0.1582 0.3314 0.1721 -0.0223 0.0577 0.0558 0.3309 0.5737 0.5095
1494720000.0000 32850.0000 -0.6153 -0.2511 0.0233 0.8091 67.8028 0.1278 0.2023 0.1452 0.0290 0.0618 0.0788 0.2377 0.5986 0.4992
1494720000.0000 33150.0000 -0.1053 -0.0909 0.0863 0.3832 49.2082 0.0468 0.1272 0.0742 0.0028 0.0067 0.0231 0.1241 1.7564 1.7306
1494720000.0000 33450.0000 0.1435 0.4218 -0.0141 0.5700 198.7855 0.1038 0.1177 0.0942 0.0203 0.0291 0.0199 0.1579 0.7277 0.6098
1494720000.0000 33750.0000 0.5199 0.9080 0.1286 1.1455 209.7931 0.1771 0.2010 0.0936 0.0162 0.0180 -0.0557 0.2358 0.3762 0.3393
1494720000.0000 34050.0000 0.9587 0.1043 0.0519 1.1275 263.7890 0.2003 0.3163 0.1223 -0.0157 -0.0201 0.0005 0.3195 0.4778 0.4303
1494720000.0000 34350.0000 0.5017 -0.2513 0.2146 0.6679 296.6092 0.1211 0.0975 0.0871 -0.0009 -0.0158 0.0404 0.1528 0.5313 0.4810
1494720000.0000 34650.0000 0.8310 0.0365 0.0884 0.9124 267.4880 0.0992 0.1222 0.0960 0.0223 0.0010 0.0176 0.1587 0.3889 0.3266
1494720000.0000 34950.0000 1.0261 -0.0547 0.0137 1.1143 273.0490 0.2058 0.1802 0.0711 0.1285 -0.0113 -0.0121 0.2285 0.3798 0.3491
1494720000.0000 35250.0000 0.7144 0.4856 0.0292 0.9521 235.7960 0.0775 0.1406 0.0939 -0.0267 0.0024 -0.0201 0.1560 0.3731 0.3121
1494720000.0000 35550.0000 0.0542 0.6604 -0.0915 0.7960 184.6918 0.1623 0.1144 0.1182 0.0098 0.0187 0.0033 0.1975 0.5424 0.4584
1494720000.0000 35850.0000 -0.5980 0.6282 0.0655 1.1742 136.4103 0.4990 0.3719 0.2253 -0.0577 0.0633 -0.0311 0.5481 0.6950 0.6212
1494720000.0000 36150.0000 -0.4742 0.2991 -0.0131 0.8133 122.2437 0.1540 0.3104 0.1276 0.0425 0.0387 0.0022 0.2960 0.7920 0.7017
1494720000.0000 36450.0000 0.3821 1.3769 0.0080 1.5633 195.5112 0.3612 0.2805 0.2389 -0.0494 0.0704 -0.1200 0.4403 0.3792 0.3237
1494720000.0000 36750.0000 -0.0780 0.6140 0.0667 0.8389 172.7554 0.2576 0.2673 0.2003 0.0348 0.0074 -0.0942 0.3626 0.7898 0.6758
1494720000.0000 37050.0000 -0.6908 -0.2659 -0.0128 0.9296 68.9473 0.2807 0.4387 0.2417 0.1599 0.0954 0.0148 0.4806 0.7645 0.6616
1494720000.0000 37350.0000 -0.9734 -0.2464 -0.0691 1.2092 75.7961 0.3453 0.4613 0.2976 0.1039 0.1266 0.0988 0.5521 0.6028 0.5164
1494720000.0000 37650.0000 -0.5683 -0.6650 -0.2122 1.1000 40.5178 0.5153 0.2994 0.2356 0.0661 0.1101 0.0633 0.5252 0.6574 0.5958
1494720000.0000 37950.0000 -1.0776 0.0036 -0.1144 1.2816 90.1922 0.3460 0.4175 0.2741 -0.1644 0.1442 -0.0455 0.5188 0.5427 0.4682
1494720000.0000 38250.0000 -1.0778 0.4255 -0.1405 1.3045 111.5425 0.2407 0.3812 0.2308 -0.0457 0.1150 -0.0377 0.4263 0.4567 0.3929
1494720000.0000 38550.0000 -0.7317 0.4514 -0.1288 0.9285 121.6718 0.3161 0.1090 0.1273 -0.0911 0.0984 -0.0287 0.2762 0.4936 0.4379
1494720000.0000 38850.0000 -0.6438 0.2500 -0.1148 0.9127 111.2243 0.1911 0.3662 0.1347 -0.0690 0.0678 -0.0871 0.3460 0.6860 0.6241
1494720000.0000 39150.0000 0.5322 0.6692 -0.0084 1.1586 218.4957 0.4260 0.3138 0.1325 -0.1729 0.0192 -0.0782 0.4361 0.6306 0.5807
1494720000.0000 39450.0000 -0.3626 -0.0378 -0.0398 0.9254 84.0433 0.7250 0.1818 0.2316 0.0184 0.0726 -0.0163 0.5692 1.6799 1.5082
1494720000.0000 39750.0000 -0.8281 -0.4741 -0.1020 1.1608 60.2091 0.4971 0.5118 0.2714 0.2014 0.1320 0.0913 0.6402 0.6808 0.6078
1494720000.0000 40050.0000 -0.7061 0.1763 0.0111 1.1434 104.0175 0.7230 0.5322 0.2616 0.1343 0.1681 0.0032 0.7584 0.9770 0.8888
1494720000.0000 40350.0000 -0.0467 0.5711 0.0138 0.8523 175.3248 0.2551 0.3018 0.2694 -0.0247 -0.1155 0.0104 0.4132 0.9157 0.7520
1494720000.0000 40650.0000 -0.6456 0.7653 0.0032 1.1719 139.8493 0.3203 0.3034 0.2536 0.0599 0.1077 -0.0489 0.4387 0.5402 0.4554
1494720000.0000 40950.0000 -0.3068 0.5744 0.1309 1.0381 151.8900 0.5997 0.3780 0.4229 -0.0449 0.1867 -0.0943 0.7003 1.0286 0.8766
1494720000.0000 41250.0000 -0.6936 0.5941 0.1057 1.1150 130.5827 0.3603 0.3904 0.2077 -0.0472 0.0885 -0.0880 0.4792 0.6148 0.5477
1494720000.0000 41550.0000 -0.2785 0.1587 0.0963 0.7737 119.6816 0.4855 0.3118 0.2707 0.0763 0.1304 -0.0685 0.5340 1.7828 1.6084
1494720000.0000 41850.0000 -0.4345 0.5045 0.1430 0.9342 139.2596 0.3325 0.3954 0.3301 -0.0469 0.0330 -0.1318 0.5290 0.8720 0.7398
1494720000.0000 42150.0000 -0.2295 1.0275 0.0817 1.2487 167.4113 0.4560 0.2851 0.2144 -0.0299 0.0418 -0.0800 0.4777 0.5344 0.4721
1494720000.0000 42450.0000 -0.3780 1.1325 -0.0239 1.3767 161.5428 0.5681 0.3210 0.2588 -0.1060 0.1567 -0.1063 0.5739 0.5180 0.4560
1494720000.0000 42750.0000 -0.3087 0.4766 0.1909 1.0836 147.0678 0.7172 0.6382 0.3048 0.1232 0.0955 0.0756 0.8301 1.2418 1.1838
1494720000.0000 43050.0000 -0.9824 0.2980 -0.1954 1.4472 106.8737 0.6198 0.8382 0.4055 0.0093 0.1988 -0.0728 0.9317 0.7542 0.6791
1494720000.0000 43350.0000 -0.2678 0.5289 0.0511 0.8547 153.1414 0.3804 0.2969 0.2443 -0.1121 0.1127 -0.0457 0.4608 0.9315 0.8015
1494720000.0000 43650.0000 0.0085 0.2300 0.0462 0.9043 182.1195 0.6523 0.2845 0.2224 0.1255 0.1453 -0.0537 0.5797 2.6484 2.4284
1494720000.0000 43950.0000 -0.3334 1.1865 -0.1060 1.3631 164.3046 0.2802 0.5994 0.2315 -0.1179 0.0231 -0.1184 0.5556 0.4920 0.4393
1494720000.0000 44250.0000 -0.1774 1.3084 -0.0710 1.4872 172.2770 0.4814 0.5979 0.2340 -0.2127 0.0831 -0.1017 0.6566 0.5004 0.4543
1494720000.0000 44550.0000 -0.1334 1.4665 -0.0813 1.6137 174.8019 0.3909 0.6647 0.1874 0.1696 -0.0010 -0.0953 0.6215 0.4364 0.4028
1494720000.0000 44850.0000 0.6003 1.7827 0.0321 2.0253 198.6094 0.6358 0.7604 0.2643 0.1097 -0.0166 -0.1851 0.8302 0.3955 0.3627
1494720000.0000 45150.0000 1.3853 1.2089 0.0840 1.9522 228.8898 0.2951 0.3773 0.1578 -0.1002 0.0627 -0.0796 0.4151 0.2858 0.2575
1494720000.0000 45450.0000 0.2855 1.5593 0.1546 1.7715 190.3749 0.6434 0.6983 0.3427 0.0356 0.0411 -0.1693 0.8422 0.4704 0.4219
1494720000.0000 45750.0000 -0.7874 1.5082 -0.2314 1.8223 152.4335 0.4802 0.3572 0.2108 -0.0644 0.1055 -0.0655 0.5241 0.3443 0.3105
1494720000.0000 46050.0000 1.1296 1.3835 0.1353 2.0188 219.2311 0.8134 0.8348 0.3909 -0.0350 -0.0051 -0.1033 1.0196 0.4603 0.4150
1494720000.0000 46350.0000 0.4145 1.9188 0.1769 2.0908 192.1901 0.5604 0.7348 0.2745 0.0990 0.0039 -0.1770 0.7849 0.3670 0.3347
1494720000.0000 46650.0000 0.1147 1.8942 0.0977 2.0892 183.4652 0.7193 0.7317 0.3061 0.0534 0.0486 -0.2370 0.8785 0.4028 0.3665
1494720000.0000 46950.0000 1.1777 1.6262 0.2097 2.1118 215.9118 0.4208 0.3973 0.1761 0.0158 -0.0166 -0.0828 0.4971 0.2852 0.2601
1494720000.0000 47250.0000 0.8621 1.3868 0.1875 1.7235 211.8663 0.2812 0.3604 0.1679 0.0537 0.0305 -0.0719 0.4047 0.3160 0.2832
1494720000.0000 47550.0000 1.0731 0.4316 0.0508 1.2277 248.0882 0.2567 0.1962 0.1118 0.0644 -0.0501 -0.0183 0.2824 0.3747 0.3359
1494720000.0000 47850.0000 0.5230 1.2863 0.0091 1.6470 202.1251 0.6268 0.8751 0.2037 -0.2489 0.0388 -0.1056 0.8528 0.5430 0.5096
1494720000.0000 48150.0000 -0.0683 1.9733 -0.0280 2.1370 178.0175 0.6273 0.8474 0.3097 0.1763 -0.0014 -0.1771 0.8922 0.3906 0.3551
1494720000.0000 48450.0000 0.0330 1.7296 -0.0350 1.8934 181.0932 0.5847 0.5018 0.2804 0.0013 0.0275 -0.1300 0.6834 0.3901 0.3479
1494720000.0000 48750.0000 -0.5209 1.6113 -0.0059 1.9813 162.0855 0.9434 0.8193 0.3989 0.1127 0.0774 -0.1625 1.0808 0.5013 0.4527
1494720000.0000 49050.0000 -0.5626 1.6246 -0.0216 1.8535 160.8982 0.5155 0.7093 0.3084 -0.0296 0.0109 -0.1843 0.7665 0.4158 0.3716
1494720000.0000 49350.0000 0.0392 1.1668 0.0814 1.4147 181.9244 0.6547 0.4965 0.3013 -0.0456 0.0898 -0.1372 0.7262 0.5946 0.5306
1494720000.0000 49650.0000 0.8204 1.2927 0.2810 1.7697 212.4000 0.9214 0.5276 0.3456 0.0663 0.0613 -0.1380 0.8973 0.4969 0.4539
1494720000.0000 49950.0000 0.6058 1.9963 0.1264 2.2124 196.8807 0.5930 0.7146 0.2845 0.2210 0.0037 -0.1797 0.7961 0.3486 0.3165
1494720000.0000 50250.0000 1.3200 1.6889 0.2413 2.3389 218.0114 0.7400 0.6022 0.2561 -0.1547 0.0302 -0.1328 0.7992 0.3384 0.3121
1494720000.0000 50550.0000 1.3999 1.5601 0.2013 2.2018 221.9018 0.5511 0.5750 0.2017 0.1117 0.0311 -0.0613 0.6639 0.3159 0.2923
1494720000.0000 50850.0000 0.9751 2.0772 0.0926 2.4217 205.1469 0.6116 0.3818 0.2293 0.0154 -0.0423 -0.1485 0.6114 0.2780 0.2508
1494720000.0000 51150.0000 1.4374 1.2616 0.1486 2.0262 228.7268 0.3314 0.4366 0.1306 -0.0579 0.0112 -0.0827 0.4493 0.2853 0.2646
1494720000.0000 51450.0000 -0.4204 1.0588 0.0122 1.3389 158.3445 0.3820 0.3982 0.1532 0.1365 0.0428 -0.0499 0.4666 0.4896 0.4476
1494720000.0000 51750.0000 -0.0799 1.3439 0.0045 1.4458 176.5961 0.2316 0.3242 0.1599 0.0257 0.0051 -0.1183 0.3579 0.3628 0.3197
1494720000.0000 52050.0000 0.2426 1.1408 0.0046 1.2180 192.0053 0.1279 0.4415 0.1283 0.0190 0.0050 -0.0329 0.3488 0.4135 0.3735
1494720000.0000 52350.0000 0.6302 1.5233 0.1845 1.7840 202.4753 0.4349 0.5181 0.2115 0.0502 0.0747 -0.1525 0.5822 0.3756 0.3419
1494720000.0000 52650.0000 0.3914 1.6166 0.1500 1.7958 193.6103 0.4256 0.4162 0.2374 -0.0125 0.0239 -0.1590 0.5396 0.3592 0.3185
1494720000.0000 52950.0000 1.0603 1.8351 0.1020 2.2138 210.0179 0.4089 0.3747 0.1693 -0.0048 -0.0008 -0.1102 0.4764 0.2656 0.2411
1494720000.0000 53250.0000 1.0140 1.3579 0.1034 1.8197 216.7518 0.4718 0.3355 0.1428 0.0080 0.0194 -0.0568 0.4751 0.3315 0.3061
1494720000.0000 53550.0000 0.6827 1.4549 0.1315 1.7738 205.1377 0.6108 0.6139 0.2325 0.1090 0.0852 -0.1421 0.7286 0.4322 0.3976
1494720000.0000 53850.0000 1.4644 1.9007 0.2906 2.5546 217.6132 0.5654 0.7049 0.2341 -0.1466 0.0273 -0.1150 0.7522 0.2930 0.2712
1494720000.0000 54150.0000 2.2265 1.0558 0.3159 2.5393 244.6302 0.5378 0.4156 0.1657 0.0878 -0.0998 -0.0673 0.5596 0.2458 0.2288
1494720000.0000 54450.0000 1.4643 0.5237 0.2159 1.6397 250.3198 0.3785 0.2759 0.1404 -0.0084 -0.0052 -0.0449 0.3974 0.3278 0.3003
1494720000.0000 54750.0000 1.4017 0.8047 0.2505 1.7797 240.1408 0.6509 0.3280 0.1411 -0.1695 -0.0310 -0.0381 0.5600 0.3736 0.3534
1494720000.0000 55050.0000 2.1274 0.8905 0.3066 2.3824 247.2866 0.3827 0.4126 0.1966 0.0931 -0.0668 -0.0476 0.4959 0.2471 0.2232
1494720000.0000 55350.0000 1.5369 0.7966 0.1811 1.7939 242.6015 0.3085 0.2028 0.0698 -0.0013 0.0007 -0.0208 0.2905 0.2529 0.2385
1494720000.0000 55650.0000 1.6518 0.9545 0.2620 2.0709 239.9787 0.4054 0.4697 0.1313 -0.2525 0.0124 -0.0106 0.5032 0.3008 0.2831
1494720000.0000 55950.0000 2.0527 1.4765 0.2455 2.6215 234.2726 0.7087 0.4347 0.1241 0.0128 -0.0086 -0.0457 0.6337 0.2559 0.2442
1494720000.0000 56250.0000 2.1683 0.9347 0.2193 2.4055 246.6806 0.6548 0.1952 0.0880 0.1230 -0.0380 -0.0050 0.4690 0.2358 0.2254
1494720000.0000 56550.0000 1.8326 0.8176 0.2835 2.1033 245.9567 0.4464 0.3303 0.2043 -0.0932 -0.0594 -0.0364 0.4905 0.2822 0.2536
1494720000.0000 56850.0000 2.0790 1.2201 0.2513 2.6533 239.5918 0.9311 0.8494 0.2009 -0.3885 0.0104 -0.0818 0.9907 0.3353 0.3196
1494720000.0000 57150.0000 1.2388 0.1821 0.1403 1.6464 261.6396 0.6710 1.1249 0.2158 -0.2574 -0.1146 0.0063 1.0058 0.6499 0.6179
1494720000.0000 57450.0000 2.2191 1.0524 0.2657 2.7041 244.6285 0.8080 1.3986 0.2798 0.0652 -0.0842 0.0563 1.2432 0.3685 0.3492
1494720000.0000 57750.0000 1.5526 1.9375 0.2460 2.5863 218.7071 0.6898 0.8601 0.2006 0.2818 -0.0739 -0.1297 0.8752 0.3062 0.2895
1494720000.0000 58050.0000 1.6422 0.9779 0.1548 2.0072 239.2286 0.3807 0.4077 0.1722 0.0292 -0.0167 0.0381 0.4803 0.2951 0.2682
1494720000.0000 58350.0000 2.0165 0.6670 0.1551 2.2931 251.6969 0.7749 0.6389 0.1826 0.0022 -0.0108 -0.0544 0.7982 0.3425 0.3232
1494720000.0000 58650.0000 1.5097 -0.0221 0.1764 1.6397 270.8371 0.4942 0.4032 0.1294 0.0673 -0.0360 0.0618 0.5134 0.3849 0.3622
1494720000.0000 58950.0000 1.9560 0.5862 0.1755 2.1878 253.3179 0.6413 0.5918 0.2198 0.0420 -0.0416 0.0408 0.7265 0.3396 0.3140
1494720000.0000 59250.0000 2.4096 -0.0303 0.2144 2.6589 270.7206 0.8193 1.1649 0.3607 -0.0477 -0.1324 0.1874 1.1725 0.3654 0.3375
1494720000.0000 59550.0000 2.4168 0.1311 0.0930 2.5655 266.8961 1.0016 0.5904 0.2131 -0.0825 0.0370 -0.0028 0.9025 0.3202 0.3010
1494720000.0000 59850.0000 2.1954 0.3328 0.1732 2.3478 261.3810 0.8588 0.5031 0.2409 0.0326 -0.0998 0.0379 0.8014 0.3282 0.3034
1494720000.0000 60150.0000 3.0910 0.8355 0.3153 3.3540 254.8751 1.1361 0.7741 0.3217 -0.0713 -0.0308 -0.1314 1.1159 0.2681 0.2492
1494720000.0000 60450.0000 1.7941 0.4011 0.2639 2.0831 257.3990 0.7754 0.8431 0.2126 -0.2355 -0.1555 0.0415 0.9155 0.4206 0.3995
1494720000.0000 60750.0000 2.1494 0.9047 0.2500 2.6047 247.1740 0.5859 1.3462 0.1804 -0.1371 -0.0460 -0.0990 1.0563 0.3578 0.3441
1494720000.0000 61050.0000 2.1231 0.3638 0.3492 2.2980 260.2755 0.6442 0.5896 0.1945 0.0219 -0.0748 0.0084 0.7142 0.3162 0.2977
1494720000.0000 61350.0000 2.2399 0.1759 0.1854 2.3261 265.5093 0.4148 0.3452 0.2194 0.0220 -0.0441 0.0613 0.4897 0.2535 0.2240
1494720000.0000 61650.0000 1.9726 0.2805 0.2809 2.0900 261.9075 0.4137 0.3681 0.1817 0.0034 -0.0453 0.0478 0.4817 0.2816 0.2562
1494720000.0000 61950.0000 1.8112 0.3768 0.1906 2.0996 258.2473 0.5445 0.8460 0.2699 -0.1667 -0.0470 0.0534 0.8302 0.4000 0.3680
1494720000.0000 62250.0000 1.9262 0.1842 0.2715 2.1329 264.5387 0.4305 0.8961 0.1909 0.0629 -0.0695 0.0442 0.7588 0.3640 0.3437
1494720000.0000 62550.0000 1.9571 0.7781 0.1961 2.1676 248.3184 0.2011 0.2319 0.1018 -0.0660 -0.0312 -0.0247 0.2674 0.1996 0.1804
1494720000.0000 62850.0000 1.8856 0.7529 0.2165 2.0989 248.2343 0.5081 0.2239 0.1375 -0.0120 -0.0372 -0.0213 0.4347 0.2637 0.2433
1494720000.0000 63150.0000 2.0246 0.9565 0.2867 2.3582 244.7126 0.4411 0.4903 0.2040 -0.1010 -0.0726 -0.0539 0.5677 0.2725 0.2488
1494720000.0000 63450.0000 1.9545 0.9364 0.1399 2.2817 244.4013 0.3415 0.5291 0.1172 0.0014 -0.0060 -0.0162 0.4939 0.2642 0.2486
1494720000.0000 63750.0000 1.9104 0.9460 0.2086 2.2360 243.6548 0.6122 0.5055 0.1841 0.0984 0.0132 -0.0642 0.6509 0.3075 0.2863
1494720000.0000 64050.0000 1.4532 1.3724 0.1678 2.0391 226.6393 0.2512 0.1193 0.0827 0.0255 -0.0357 -0.0052 0.2266 0.1938 0.1758
1494720000.0000 64350.0000 1.5389 1.1638 0.1365 2.0057 232.9032 0.2527 0.3364 0.1625 0.0431 -0.0079 -0.0032 0.3758 0.2588 0.2297
1494720000.0000 64650.0000 2.1081 0.7373 0.2390 2.2986 250.7238 0.2621 0.3077 0.1183 0.0065 -0.0130 -0.0512 0.3441 0.2132 0.1951
1494720000.0000 64950.0000 1.9322 1.3787 0.2326 2.4803 234.4903 0.3797 0.5381 0.1162 -0.0229 -0.0297 0.0013 0.5170 0.2461 0.2330
1494720000.0000 65250.0000 1.5911 1.3560 0.1831 2.1346 229.5606 0.1723 0.2160 0.0969 0.0048 -0.0086 -0.0330 0.2426 0.1916 0.1721
1494720000.0000 65550.0000 1.6581 0.9450 0.1933 2.0495 240.3204 0.3353 0.4360 0.1506 -0.1777 -0.0220 -0.0393 0.4609 0.2890 0.2657
1494720000.0000 65850.0000 1.3188 1.4298 0.1282 2.0308 222.6875 0.2245 0.4640 0.0983 -0.0026 -0.0066 -0.0739 0.3933 0.2627 0.2463
1494720000.0000 66150.0000 1.6904 1.2125 0.2329 2.1228 234.3483 0.2359 0.2223 0.1088 0.0557 -0.0181 -0.0598 0.2835 0.2077 0.1879
1494720000.0000 66450.0000 1.3315 1.2778 0.1875 1.9100 226.1798 0.1627 0.2831 0.0829 -0.0138 -0.0257 -0.0343 0.2643 0.2263 0.2089
1494720000.0000 66750.0000 1.5340 0.8112 0.2524 1.8031 242.1276 0.2119 0.2252 0.0759 -0.0121 -0.0230 -0.0243 0.2565 0.2358 0.2200
1494720000.0000 67050.0000 1.6752 0.9039 0.1257 1.9415 241.6488 0.1170 0.1098 0.0527 -0.0447 0.0095 -0.0261 0.1398 0.1600 0.1444
1494720000.0000 67350.0000 1.6124 0.8760 0.2054 1.8669 241.4859 0.1110 0.1270 0.0765 0.0118 -0.0252 -0.0181 0.1572 0.1753 0.1535
1494720000.0000 67650.0000 2.0865 0.3466 0.2114 2.2053 260.5696 0.3460 0.3577 0.1321 0.0680 -0.0613 -0.0008 0.4179 0.2483 0.2290
1494720000.0000 67950.0000 1.5287 0.3157 0.2215 1.6723 258.3327 0.3451 0.3185 0.1070 -0.0862 -0.0742 0.0190 0.3853 0.3215 0.3013
1494720000.0000 68250.0000 1.5200 0.1028 0.2498 1.6192 266.1311 0.3906 0.2825 0.0957 0.0244 -0.0394 0.0138 0.3844 0.3279 0.3109
1494720000.0000 68550.0000 1.0916 -0.0316 0.1633 1.1616 271.6606 0.4252 0.1342 0.0699 0.0600 0.0011 0.0235 0.3146 0.4148 0.3954
1494720000.0000 68850.0000 0.9814 0.1365 0.1437 1.0794 262.0805 0.2038 0.1630 0.0735 -0.0024 -0.0240 0.0103 0.2202 0.3826 0.3529
1494720000.0000 69150.0000 0.2598 -0.3303 -0.0049 0.5434 321.8128 0.0716 0.0983 0.0370 0.0161 0.0025 0.0274 0.1034 0.6248 0.5662
1494720000.0000 69450.0000 0.1131 -0.3225 -0.0802 0.4328 340.6780 0.0595 0.0385 0.0285 0.0197 -0.0004 0.0071 0.0633 0.5852 0.5292
1494720000.0000 69750.0000 0.8616 -0.0271 0.1530 0.8963 271.7999 0.1933 0.0613 0.0310 0.0241 0.0172 0.0198 0.1428 0.3524 0.3379
1494720000.0000 70050.0000 0.9823 -0.1216 0.1599 1.0371 277.0568 0.2902 0.0625 0.0346 -0.0322 0.0095 0.0042 0.1936 0.3583 0.3464
1494720000.0000 70350.0000 0.6556 -0.0981 0.1117 0.7252 278.5094 0.1958 0.0583 0.0337 -0.0006 -0.0116 0.0080 0.1439 0.4607 0.4390
1494720000.0000 70650.0000 0.5399 -0.1439 0.0882 0.6175 284.9284 0.1261 0.0599 0.0448 -0.0130 -0.0132 0.0175 0.1154 0.4903 0.4456
1494720000.0000 70950.0000 1.2897 -0.2438 0.1544 1.3748 280.7063 0.2347 0.1212 0.0493 0.0152 0.0048 0.0245 0.2026 0.2781 0.2624
1494720000.0000 71250.0000 1.4910 0.0032 0.1407 1.5156 269.8784 0.1535 0.0711 0.0558 -0.0264 -0.0173 0.0190 0.1402 0.2041 0.1835
1494720000.0000 71550.0000 1.5672 -0.0619 0.1104 1.5913 272.2608 0.1203 0.0641 0.0247 0.0121 0.0022 0.0066 0.1046 0.1679 0.1581
1494720000.0000 71850.0000 1.4553 -0.3719 0.0584 1.5177 284.3335 0.0788 0.0509 0.0315 -0.0205 -0.0067 0.0107 0.0806 0.1542 0.1384
1494720000.0000 72150.0000 1.4113 -0.4166 0.0643 1.4942 286.4453 0.1450 0.0513 0.0347 -0.0009 -0.0056 0.0118 0.1155 0.1884 0.1739
1494720000.0000 72450.0000 1.7226 -0.2934 0.1002 1.7661 279.6663 0.1129 0.0602 0.0355 -0.0109 -0.0124 0.0136 0.1043 0.1507 0.1375
1494720000.0000 72750.0000 1.6569 -0.0792 0.0464 1.6740 272.7356 0.0555 0.0540 0.0233 -0.0175 -0.0019 0.0091 0.0664 0.1268 0.1152
1494720000.0000 73050.0000 1.7130 -0.0148 0.1243 1.7372 270.4943 0.0693 0.0840 0.0315 -0.0128 0.0009 0.0056 0.0924 0.1445 0.1320
1494720000.0000 73350.0000 1.4133 -0.1422 0.0951 1.4502 275.7470 0.1159 0.0779 0.0386 0.0017 -0.0088 0.0096 0.1162 0.1955 0.1789
1494720000.0000 73650.0000 1.1087 -0.5170 0.0109 1.2594 294.9993 0.1132 0.0746 0.0404 0.0148 0.0006 0.0154 0.1141 0.2255 0.2045
1494720000.0000 73950.0000 1.6301 -0.2665 0.0538 1.6682 279.2857 0.0974 0.0581 0.0313 -0.0208 -0.0109 0.0161 0.0934 0.1510 0.1379
1494720000.0000 74250.0000 1.5664 -0.0988 0.0796 1.5921 273.6080 0.1014 0.0664 0.0375 -0.0017 0.0006 0.0121 0.1026 0.1664 0.1507
1494720000.0000 74550.0000 1.2383 0.1755 0.0841 1.2649 261.9311 0.0406 0.0339 0.0182 0.0025 -0.0004 0.0109 0.0464 0.1403 0.1260
1494720000.0000 74850.0000 1.2022 0.1949 0.1048 1.2303 260.7902 0.0472 0.0291 0.0164 -0.0014 -0.0049 0.0063 0.0464 0.1438 0.1310
1494720000.0000 75150.0000 1.2532 0.0248 0.0881 1.2619 268.8648 0.0539 0.0202 0.0085 -0.0208 -0.0057 0.0042 0.0413 0.1320 0.1254
1494720000.0000 75450.0000 1.1876 -0.0393 0.0880 1.1973 271.8974 0.0569 0.0213 0.0107 0.0072 -0.0002 0.0027 0.0445 0.1446 0.1359
1494720000.0000 75750.0000 0.7275 -0.1957 0.0365 0.7665 285.0585 0.0533 0.0154 0.0094 -0.0022 -0.0047 0.0039 0.0390 0.2139 0.2009
1494720000.0000 76050.0000 -0.0006 -0.9015 -0.1491 0.9396 0.0393 0.0458 0.0793 0.0156 0.0382 0.0129 0.0207 0.0704 0.2370 0.2265
1494720000.0000 76350.0000 -0.0278 -0.9375 -0.1737 0.9439 1.6975 0.0099 0.0129 0.0055 -0.0060 -0.0041 0.0038 0.0141 0.1018 0.0929
1494720000.0000 76650.0000 0.0677 -1.0742 -0.2013 1.0785 356.3928 0.0060 0.0252 0.0045 -0.0064 -0.0007 0.0034 0.0178 0.0995 0.0947
1494720000.0000 76950.0000 -0.0305 -1.2693 -0.2360 1.2736 1.3749 0.0098 0.0063 0.0070 -0.0014 -0.0018 0.0023 0.0115 0.0679 0.0577
1494720000.0000 77250.0000 -0.2811 -1.0682 -0.1807 1.1107 14.7434 0.0080 0.0299 0.0062 -0.0092 -0.0018 0.0053 0.0220 0.1083 0.1018
1494720000.0000 77550.0000 -0.3157 -1.1201 -0.1876 1.1713 15.7408 0.0152 0.0238 0.0131 -0.0030 -0.0009 0.0052 0.0261 0.1118 0.0980
1494720000.0000 77850.0000 -0.1397 -1.3474 -0.2529 1.3598 5.9191 0.0119 0.0215 0.0083 -0.0108 -0.0035 0.0054 0.0209 0.0856 0.0779
1494720000.0000 78150.0000 -0.2084 -1.1905 -0.2124 1.2110 9.9300 0.0060 0.0196 0.0055 0.0012 -0.0011 0.0024 0.0155 0.0829 0.0764
1494720000.0000 78450.0000 0.2753 -0.5750 -0.0452 0.7571 334.4116 0.1382 0.0588 0.0144 0.0629 0.0203 0.0186 0.1057 0.4153 0.4019
1494720000.0000 78750.0000 0.7441 -0.2339 0.0587 0.7922 287.4486 0.0164 0.0137 0.0052 0.0076 -0.0003 0.0007 0.0176 0.1386 0.1283
1494720000.0000 79050.0000 0.6994 -0.2638 0.0277 0.7563 290.6637 0.0174 0.0075 0.0045 0.0066 0.0032 0.0028 0.0147 0.1323 0.1219
1494720000.0000 79350.0000 0.2417 -0.6743 -0.0735 0.8152 340.2809 0.1285 0.0536 0.0052 0.0621 0.0110 0.0078 0.0937 0.3470 0.3439
1494720000.0000 79650.0000 -0.3590 -1.0008 -0.1911 1.0690 19.7339 0.0163 0.0092 0.0043 0.0056 0.0001 0.0003 0.0149 0.0924 0.0868
1494720000.0000 79950.0000 0.2938 -0.5669 -0.0708 0.7156 332.6048 0.0798 0.0525 0.0109 0.0395 0.0113 0.0090 0.0716 0.3400 0.3288
1494720000.0000 80250.0000 0.4966 -0.2336 -0.0113 0.5546 295.1917 0.0131 0.0066 0.0038 -0.0017 -0.0016 0.0010 0.0117 0.1612 0.1476
1494720000.0000 80550.0000 0.7231 -0.1897 0.0634 0.7497 284.6963 0.0102 0.0021 0.0025 0.0006 0.0014 0.0009 0.0074 0.0937 0.0856
1494720000.0000 80850.0000 0.1472 -0.4082 -0.0552 0.5112 340.1698 0.0720 0.0154 0.0041 -0.0073 0.0074 0.0008 0.0457 0.3992 0.3933
1494720000.0000 81150.0000 -0.4513 -0.6453 -0.1078 0.7907 34.9684 0.0070 0.0174 0.0034 0.0066 0.0026 0.0034 0.0139 0.1212 0.1146
1494720000.0000 81450.0000 -0.5127 -0.4116 -0.1391 0.6651 51.2439 0.0071 0.0054 0.0009 -0.0043 -0.0006 0.0005 0.0067 0.0992 0.0981
1494720000.0000 81750.0000 -0.6082 -0.4323 -0.1559 0.7515 54.5957 0.0042 0.0181 0.0022 0.0054 0.0019 0.0040 0.0123 0.1186 0.1156
1494720000.0000 82050.0000 -0.4833 -0.7451 -0.1561 0.8906 32.9718 0.0024 0.0036 0.0010 -0.0018 0.0003 -0.0003 0.0035 0.0536 0.0503
1494720000.0000 82350.0000 -0.4978 -0.5683 -0.1536 0.7678 41.2135 0.0076 0.0171 0.0009 -0.0086 0.0001 0.0013 0.0128 0.1198 0.1200
1494720000.0000 82650.0000 -0.6875 -0.6415 -0.2105 0.9501 46.9791 0.0034 0.0227 0.0006 -0.0045 0.0001 -0.0008 0.0133 0.0978 0.0990
1494720000.0000 82950.0000 -0.8130 -0.9211 -0.2273 1.2293 41.4338 0.0048 0.0022 0.0010 0.0018 0.0007 0.0001 0.0040 0.0414 0.0393
1494720000.0000 83250.0000 -0.9512 -0.9045 -0.2668 1.3143 46.4429 0.0051 0.0028 0.0020 -0.0006 0.0004 -0.0001 0.0049 0.0427 0.0389
1494720000.0000 83550.0000 -0.7920 -0.7618 -0.2435 1.1009 46.1137 0.0042 0.0105 0.0014 0.0031 0.0007 -0.0001 0.0080 0.0650 0.0636
1494720000.0000 83850.0000 -0.6332 -0.8268 -0.2083 1.0430 37.4485 0.0029 0.0014 0.0003 -0.0010 0.0001 -0.0001 0.0023 0.0366 0.0362
1494720000.0000 84150.0000 -0.6446 -1.0252 -0.2125 1.2128 32.1593 0.0011 0.0091 0.0006 -0.0013 -0.0002 -0.0000 0.0054 0.0487 0.0479
1494720000.0000 84450.0000 -0.5606 -1.3422 -0.2479 1.4588 22.6693 0.0054 0.0228 0.0053 -0.0052 -0.0001 0.0027 0.0167 0.0716 0.0666
1494720000.0000 84750.0000 -0.5046 -1.2958 -0.2260 1.3925 21.2758 0.0041 0.0065 0.0020 -0.0014 0.0001 0.0006 0.0063 0.0460 0.0428
1494720000.0000 85050.0000 -0.3776 -1.3108 -0.2034 1.3647 16.0680 0.0018 0.0038 0.0015 0.0010 0.0002 0.0003 0.0035 0.0351 0.0316
1494720000.0000 85350.0000 -0.4161 -1.0590 -0.2163 1.1393 21.4483 0.0040 0.0024 0.0006 0.0005 0.0007 -0.0001 0.0035 0.0416 0.0404
1494720000.0000 85650.0000 -0.1877 -1.0603 -0.2152 1.0820 10.0366 0.0114 0.0032 0.0013 -0.0014 -0.0012 0.0003 0.0079 0.0661 0.0647
1494720000.0000 85950.0000 -0.2020 -1.0868 -0.2094 1.1123 10.5285 0.0149 0.0043 0.0013 -0.0030 -0.0019 0.0006 0.0102 0.0735 0.0724
1494720000.0000 86250.0000 -0.5124 -1.1764 -0.2240 1.2840 23.5375 0.0056 0.0106 0.0019 0.0056 0.0002 0.0007 0.0090 0.0596 0.0573
1494806400.0000 86550.0000 -0.6479 -1.3810 -0.2523 1.5268 25.1343 0.0041 0.0145 0.0045 0.0025 0.0006 0.0019 0.0115 0.0567 0.0516
1494806400.0000 86850.0000 -0.4289 -1.2699 -0.2285 1.3416 18.6638 0.0082 0.0231 0.0057 0.0102 0.0021 0.0039 0.0185 0.0817 0.0762
1494806400.0000 87150.0000 -0.2290 -1.1925 -0.2251 1.2167 10.8718 0.0043 0.0098 0.0021 -0.0044 -0.0010 0.0016 0.0081 0.0594 0.0564
1494806400.0000 87450.0000 -0.0931 -1.3092 -0.2671 1.3145 4.0681 0.0052 0.0072 0.0059 0.0003 -0.0026 0.0025 0.0091 0.0582 0.0489
1494806400.0000 87750.0000 -0.1946 -1.3819 -0.2415 1.3979 8.0145 0.0059 0.0094 0.0074 -0.0015 -0.0016 0.0036 0.0114 0.0615 0.0512
1494806400.0000 88050.0000 -0.3455 -1.3676 -0.2396 1.4142 14.1767 0.0096 0.0088 0.0072 -0.0015 -0.0017 0.0035 0.0128 0.0645 0.0555
1494806400.0000 88350.0000 -0.6729 -1.3139 -0.2812 1.4780 27.1195 0.0045 0.0078 0.0020 0.0003 0.0005 0.0012 0.0072 0.0460 0.0435
1494806400.0000 88650.0000 -0.5695 -1.5223 -0.2948 1.6288 20.5106 0.0120 0.0095 0.0106 0.0004 0.0010 0.0019 0.0160 0.0626 0.0521
1494806400.0000 88950.0000 -0.2184 -1.5175 -0.3123 1.5376 8.1907 0.0125 0.0121 0.0168 -0.0031 -0.0025 0.0026 0.0208 0.0752 0.0592
1494806400.0000 89250.0000 -0.1495 -1.6221 -0.3229 1.6351 5.2671 0.0182 0.0201 0.0235 -0.0045 -0.0074 0.0114 0.0309 0.0864 0.0694
1494806400.0000 89550.0000 -0.1822 -1.5488 -0.2879 1.5717 6.7109 0.0324 0.0417 0.0270 -0.0154 -0.0078 0.0177 0.0505 0.1157 0.1008
1494806400.0000 89850.0000 0.3259 -1.5201 -0.2619 1.5619 347.9005 0.0196 0.0227 0.0184 0.0074 0.0029 0.0071 0.0303 0.0902 0.0763
1494806400.0000 90150.0000 0.1245 -1.5677 -0.2933 1.5855 355.4595 0.0390 0.0263 0.0257 -0.0095 -0.0037 0.0144 0.0455 0.1089 0.0938
1494806400.0000 90450.0000 -0.1533 -1.4991 -0.2898 1.5154 5.8401 0.0237 0.0355 0.0313 -0.0026 -0.0067 0.0157 0.0453 0.1132 0.0932
1494806400.0000 90750.0000 -0.1208 -1.5059 -0.3030 1.5131 4.5881 0.0069 0.0094 0.0094 0.0005 -0.0022 0.0026 0.0129 0.0601 0.0489
1494806400.0000 91050.0000 -0.1148 -1.3888 -0.2792 1.3958 4.7262 0.0059 0.0135 0.0065 -0.0016 -0.0010 0.0028 0.0129 0.0653 0.0577
1494806400.0000 91350.0000 0.0024 -1.4442 -0.2993 1.4477 359.9032 0.0097 0.0090 0.0095 -0.0008 -0.0008 0.0028 0.0141 0.0658 0.0548
1494806400.0000 91650.0000 -0.0199 -1.4338 -0.2874 1.4375 0.7957 0.0100 0.0110 0.0136 -0.0004 -0.0018 0.0051 0.0173 0.0734 0.0584
1494806400.0000 91950.0000 -0.4530 -1.4051 -0.2867 1.4971 17.8682 0.0572 0.0135 0.0073 -0.0162 -0.0014 0.0033 0.0391 0.1073 0.1041
1494806400.0000 92250.0000 -0.8497 -1.3482 -0.2990 1.5969 32.2226 0.0089 0.0118 0.0027 -0.0005 0.0009 0.0016 0.0117 0.0544 0.0520
1494806400.0000 92550.0000 -1.0115 -1.0968 -0.2805 1.4969 42.6807 0.0097 0.0074 0.0016 -0.0061 0.0001 -0.0003 0.0093 0.0519 0.0506
1494806400.0000 92850.0000 -1.2335 -0.9433 -0.3051 1.5560 52.5925 0.0088 0.0139 0.0068 0.0025 0.0020 0.0034 0.0148 0.0627 0.0561
1494806400.0000 93150.0000 -1.2285 -1.0838 -0.2907 1.6490 48.5816 0.0351 0.0416 0.0239 0.0044 0.0094 0.0129 0.0503 0.1101 0.0976
1494806400.0000 93450.0000 -1.3622 -0.9774 -0.2805 1.6920 54.3403 0.0579 0.0665 0.0364 0.0141 0.0225 0.0187 0.0804 0.1362 0.1214
1494806400.0000 93750.0000 -1.5777 -0.8337 -0.2917 1.7971 62.1482 0.0525 0.0410 0.0300 -0.0014 0.0162 0.0081 0.0617 0.1122 0.0989
1494806400.0000 94050.0000 -1.8108 -0.7901 -0.3325 1.9844 66.4262 0.0364 0.0356 0.0240 0.0021 0.0094 0.0033 0.0480 0.0893 0.0784
1494806400.0000 94350.0000 -1.9092 -0.7352 -0.3089 2.0526 68.9387 0.0388 0.0252 0.0244 -0.0001 0.0153 0.0014 0.0442 0.0829 0.0714
1494806400.0000 94650.0000 -1.9731 -0.7084 -0.3286 2.1103 70.2502 0.0682 0.0668 0.0410 0.0125 0.0243 0.0024 0.0880 0.1141 0.1012
1494806400.0000 94950.0000 -2.0143 -0.7287 -0.3756 2.1609 70.1114 0.0798 0.0792 0.0581 -0.0011 0.0360 0.0073 0.1085 0.1237 0.1075
1494806400.0000 95250.0000 -1.7885 -1.3321 -0.3417 2.2611 53.3208 0.0996 0.1491 0.0665 -0.0082 0.0320 0.0281 0.1576 0.1437 0.1291
1494806400.0000 95550.0000 -1.5616 -1.5143 -0.3486 2.1950 45.8804 0.0781 0.0905 0.0550 0.0021 0.0188 0.0259 0.1119 0.1240 0.1090
1494806400.0000 95850.0000 -1.4093 -1.4293 -0.3073 2.0164 44.5966 0.0394 0.0444 0.0329 0.0073 0.0111 0.0150 0.0583 0.0971 0.0833
1494806400.0000 96150.0000 -1.4768 -1.3953 -0.3000 2.0432 46.6264 0.0455 0.0660 0.0422 0.0116 0.0137 0.0191 0.0769 0.1102 0.0949
1494806400.0000 96450.0000 -1.5862 -1.3901 -0.3079 2.1220 48.7699 0.0505 0.0570 0.0345 0.0015 0.0146 0.0115 0.0710 0.1021 0.0898
1494806400.0000 96750.0000 -1.5392 -1.0646 -0.2582 1.8874 55.3305 0.0607 0.0880 0.0427 0.0214 0.0180 0.0205 0.0957 0.1337 0.1189
1494806400.0000 97050.0000 -1.5902 -0.8259 -0.2382 1.8084 62.5532 0.0869 0.0716 0.0474 0.0204 0.0304 0.0193 0.1029 0.1449 0.1283
1494806400.0000 97350.0000 -1.5343 -0.9159 -0.2494 1.8098 59.1651 0.0901 0.0897 0.0469 0.0079 0.0282 0.0192 0.1134 0.1524 0.1370
1494806400.0000 97650.0000 -1.5118 -0.9704 -0.1874 1.8170 57.3045 0.1590 0.1135 0.0669 0.0559 0.0453 0.0299 0.1697 0.1862 0.1678
1494806400.0000 97950.0000 -1.7375 -1.0925 -0.2164 2.0852 57.8400 0.2208 0.1709 0.1101 0.0546 0.0734 0.0432 0.2509 0.1982 0.1760
1494806400.0000 98250.0000 -1.4742 -1.3123 -0.2287 2.0135 48.3246 0.2006 0.1997 0.1264 0.0432 0.0609 0.0641 0.2633 0.2109 0.1851
1494806400.0000 98550.0000 -1.1375 -1.6108 -0.2350 2.0209 35.2278 0.1858 0.2301 0.1070 0.0097 0.0247 0.0647 0.2614 0.2102 0.1888
1494806400.0000 98850.0000 -1.2950 -1.7139 -0.2967 2.1977 37.0738 0.2037 0.2223 0.1334 0.0109 0.0259 0.0651 0.2797 0.1991 0.1754
1494806400.0000 99150.0000 -1.4432 -1.6179 -0.2798 2.2174 41.7330 0.2435 0.2455 0.1687 0.0317 0.0724 0.0849 0.3288 0.2142 0.1862
1494806400.0000 99450.0000 -1.3381 -1.4598 -0.2429 2.0240 42.5088 0.1628 0.1762 0.1002 -0.0072 0.0295 0.0499 0.2196 0.1918 0.1698
1494806400.0000 99750.0000 -1.4389 -1.4609 -0.2768 2.0772 44.5642 0.1250 0.1129 0.0979 0.0105 0.0327 0.0461 0.1679 0.1617 0.1373
1494806400.0000 100050.0000 -1.3926 -1.5435 -0.2661 2.1083 42.0595 0.1569 0.1208 0.1039 0.0177 0.0436 0.0427 0.1908 0.1702 0.1463
1494806400.0000 100350.0000 -1.6902 -1.5082 -0.2910 2.2910 48.2565 0.1329 0.1457 0.0947 0.0259 0.0461 0.0412 0.1867 0.1545 0.1345
1494806400.0000 100650.0000 -1.7491 -1.6851 -0.2824 2.4512 46.0677 0.1200 0.1223 0.0893 0.0157 0.0363 0.0422 0.1658 0.1360 0.1170
1494806400.0000 100950.0000 -1.5632 -1.7829 -0.3041 2.4015 41.2421 0.1426 0.1541 0.1149 0.0028 0.0325 0.0489 0.2058 0.1549 0.1326
1494806400.0000 101250.0000 -1.4939 -2.0511 -0.3340 2.5715 36.0677 0.1500 0.1945 0.1367 -0.0021 0.0422 0.0635 0.2406 0.1565 0.1336
1494806400.0000 101550.0000 -1.3588 -1.4323 -0.2167 2.0155 43.4919 0.1489 0.2148 0.1098 0.0159 0.0302 0.0648 0.2368 0.2000 0.1764
1494806400.0000 101850.0000 -1.2456 -1.4899 -0.2161 1.9853 39.8954 0.1624 0.2217 0.1116 0.0145 0.0344 0.0510 0.2479 0.2080 0.1843
1494806400.0000 102150.0000 -1.3102 -1.7526 -0.2721 2.2312 36.7801 0.1812 0.2259 0.1269 0.0128 0.0395 0.0640 0.2670 0.1913 0.1684
1494806400.0000 102450.0000 -1.2242 -1.6679 -0.2186 2.1183 36.2782 0.1680 0.2388 0.1479 -0.0071 0.0418 0.0654 0.2773 0.2067 0.1780
1494806400.0000 102750.0000 -1.0204 -1.4111 -0.1388 1.7800 35.8711 0.1225 0.1579 0.0863 -0.0011 0.0203 0.0356 0.1834 0.2001 0.1756
1494806400.0000 103050.0000 -1.0263 -1.4798 -0.1751 1.8345 34.7421 0.1298 0.1636 0.1013 0.0214 0.0343 0.0590 0.1973 0.2004 0.1736
1494806400.0000 103350.0000 -1.0714 -1.2539 -0.1536 1.6924 40.5137 0.1272 0.1594 0.0828 -0.0005 0.0309 0.0335 0.1847 0.2119 0.1874
1494806400.0000 103650.0000 -1.1102 -1.1817 -0.1397 1.6629 43.2131 0.1549 0.1321 0.0890 0.0090 0.0307 0.0384 0.1880 0.2175 0.1908
1494806400.0000 103950.0000 -1.0453 -1.0196 -0.1030 1.4924 45.7119 0.1236 0.1262 0.0769 0.0299 0.0316 0.0380 0.1634 0.2254 0.1976
1494806400.0000 104250.0000 -1.2002 -1.1455 -0.1085 1.7056 46.3353 0.2149 0.1907 0.1135 0.0459 0.0664 0.0422 0.2596 0.2502 0.2216
1494806400.0000 104550.0000 -1.3701 -1.2689 -0.1565 1.9028 47.1958 0.1885 0.2109 0.1286 0.0702 0.0715 0.0667 0.2640 0.2239 0.1954
1494806400.0000 104850.0000 -0.9254 -0.9501 -0.0805 1.3590 44.2445 0.0998 0.1088 0.0605 0.0171 0.0298 0.0215 0.1345 0.2254 0.1988
1494806400.0000 105150.0000 -0.8907 -1.2735 -0.1076 1.6070 34.9673 0.1771 0.2066 0.1136 0.0226 0.0353 0.0655 0.2486 0.2614 0.2301
1494806400.0000 105450.0000 -1.3567 -1.3397 -0.1791 1.9480 45.3614 0.1776 0.1825 0.1202 0.0231 0.0336 0.0489 0.2401 0.2089 0.1817
1494806400.0000 105750.0000 -1.3633 -1.5601 -0.1801 2.1152 41.1487 0.2111 0.2172 0.1483 0.0324 0.0552 0.0735 0.2883 0.2108 0.1824
1494806400.0000 106050.0000 -1.0996 -1.7218 -0.1729 2.0902 32.5639 0.2023 0.2171 0.1344 0.0186 0.0454 0.0672 0.2769 0.2096 0.1830
1494806400.0000 106350.0000 -1.0786 -1.1589 -0.1047 1.6370 42.9458 0.1477 0.2658 0.1259 0.0282 0.0311 0.0643 0.2697 0.2673 0.2345
1494806400.0000 106650.0000 -0.8499 -0.7423 -0.0473 1.1704 48.8629 0.1386 0.1196 0.0732 0.0258 0.0302 0.0326 0.1657 0.2943 0.2600
1494806400.0000 106950.0000 -0.9898 -0.8103 -0.0605 1.3267 50.6942 0.2070 0.1859 0.0980 0.0692 0.0545 0.0666 0.2455 0.3159 0.2829
1494806400.0000 107250.0000 -1.3003 -1.1527 -0.1205 1.7779 48.4436 0.2066 0.1835 0.1146 0.0567 0.0597 0.0551 0.2524 0.2355 0.2075
1494806400.0000 107550.0000 -1.4328 -1.3360 -0.1570 2.0012 47.0033 0.2206 0.2380 0.1552 0.0611 0.0897 0.0596 0.3069 0.2302 0.1996
1494806400.0000 107850.0000 -1.3754 -1.2564 -0.1182 1.9173 47.5890 0.2353 0.3146 0.1568 0.0816 0.0773 0.0714 0.3534 0.2600 0.2298
1494806400.0000 108150.0000 -1.5044 -1.2113 -0.1607 1.9894 51.1603 0.3279 0.3161 0.1702 0.0906 0.1164 0.0672 0.4071 0.2688 0.2399
1494806400.0000 108450.0000 -1.4483 -1.0990 -0.0644 1.8898 52.8092 0.3627 0.3208 0.1894 0.0609 0.1241 0.0630 0.4365 0.2965 0.2626
1494806400.0000 108750.0000 -1.7499 -1.2242 -0.1662 2.1918 55.0232 0.3169 0.2714 0.1933 0.0441 0.1250 0.0569 0.3908 0.2383 0.2073
1494806400.0000 109050.0000 -1.8603 -1.2988 -0.1668 2.3245 55.0788 0.2858 0.3119 0.2199 0.0478 0.1095 0.0605 0.4088 0.2295 0.1967
1494806400.0000 109350.0000 -1.8189 -1.4876 -0.2139 2.3968 50.7216 0.2076 0.2752 0.1673 0.0290 0.0777 0.0546 0.3250 0.1973 0.1707
1494806400.0000 109650.0000 -1.7592 -1.6022 -0.2264 2.4218 47.6752 0.2239 0.2490 0.1552 0.0384 0.0694 0.0575 0.3141 0.1914 0.1669
1494806400.0000 109950.0000 -1.6627 -1.5539 -0.1812 2.3197 46.9365 0.2737 0.2469 0.1625 0.0639 0.0913 0.0663 0.3415 0.2090 0.1830
1494806400.0000 110250.0000 -1.5902 -1.5930 -0.1931 2.2952 44.9502 0.2779 0.1936 0.1362 0.0371 0.0592 0.0513 0.3038 0.1992 0.1761
1494806400.0000 110550.0000 -1.4456 -1.5396 -0.1638 2.1626 43.1967 0.3758 0.3312 0.1693 0.1279 0.1057 0.0825 0.4381 0.2551 0.2299
1494806400.0000 110850.0000 -1.3922 -1.5135 -0.1472 2.1027 42.6092 0.2833 0.2436 0.1635 0.0731 0.0965 0.0783 0.3452 0.2327 0.2038
1494806400.0000 111150.0000 -1.2294 -1.2255 -0.1360 1.7865 45.0924 0.1884 0.2189 0.1140 0.0314 0.0489 0.0607 0.2607 0.2394 0.2123
1494806400.0000 111450.0000 -1.6237 -1.4557 -0.1975 2.2553 48.1230 0.4405 0.4704 0.2416 0.1357 0.1510 0.1188 0.5762 0.2831 0.2527
1494806400.0000 111750.0000 -1.3719 -1.3158 -0.1177 1.9627 46.1959 0.3099 0.2746 0.1861 0.0490 0.1132 0.0684 0.3853 0.2661 0.2322
1494806400.0000 112050.0000 -1.3126 -1.0798 -0.0170 1.7639 50.5574 0.5558 0.3234 0.2184 0.1833 0.1768 0.1199 0.5488 0.3559 0.3185
1494806400.0000 112350.0000 -1.3280 -1.1453 0.0090 1.8333 49.2264 0.4878 0.3664 0.3059 0.1295 0.1994 0.1346 0.5800 0.3546 0.3043
1494806400.0000 112650.0000 -1.5357 -1.5426 -0.1515 2.2682 44.8714 0.5190 0.4611 0.2860 0.0806 0.1460 0.1266 0.6331 0.2977 0.2626
1494806400.0000 112950.0000 -1.6994 -1.7121 -0.2275 2.4818 44.7866 0.3998 0.4082 0.2299 0.0629 0.1106 0.1075 0.5190 0.2428 0.2151
1494806400.0000 113250.0000 -1.4344 -1.5947 -0.1305 2.2216 41.9717 0.4318 0.5277 0.2705 0.1427 0.1563 0.1571 0.6150 0.2980 0.2637
1494806400.0000 113550.0000 -1.4765 -1.1555 -0.0562 1.9559 51.9539 0.5224 0.3656 0.2389 0.1063 0.1380 0.0819 0.5634 0.3267 0.2902
1494806400.0000 113850.0000 -1.7115 -1.4041 -0.1376 2.2993 50.6351 0.5412 0.4878 0.3309 0.1019 0.2000 0.1347 0.6799 0.3036 0.2646
1494806400.0000 114150.0000 -1.8521 -1.5980 -0.1828 2.5224 49.2123 0.4537 0.3905 0.2441 0.0364 0.1409 0.0927 0.5442 0.2455 0.2168
1494806400.0000 114450.0000 -1.8138 -1.7042 -0.1980 2.5654 46.7836 0.4547 0.3855 0.2632 0.0268 0.1227 0.0816 0.5517 0.2429 0.2126
1494806400.0000 114750.0000 -1.4538 -1.5551 -0.1601 2.1847 43.0726 0.3631 0.3931 0.1890 0.1354 0.1048 0.1164 0.4726 0.2629 0.2358
1494806400.0000 115050.0000 -1.2056 -1.3161 -0.0775 1.8363 42.4920 0.3599 0.3381 0.1754 0.1612 0.1121 0.0938 0.4367 0.3020 0.2703
1494806400.0000 115350.0000 -1.1385 -1.1669 -0.1016 1.6845 44.2949 0.2349 0.2320 0.1456 0.0544 0.0744 0.0689 0.3062 0.2766 0.2420
1494806400.0000 115650.0000 -1.0521 -1.0002 0.0067 1.5085 46.4478 0.3243 0.3143 0.2547 0.1341 0.1448 0.1014 0.4466 0.3759 0.3178
1494806400.0000 115950.0000 -0.9841 -1.1146 -0.0681 1.5503 41.4423 0.2811 0.2696 0.1647 0.0777 0.0874 0.0709 0.3576 0.3281 0.2881
1494806400.0000 116250.0000 -1.1433 -1.1922 -0.0861 1.7271 43.8004 0.3283 0.3686 0.2176 0.0987 0.1147 0.1193 0.4573 0.3338 0.2918
1494806400.0000 116550.0000 -1.2608 -1.3931 -0.0147 1.9604 42.1449 0.4507 0.5475 0.2257 0.2009 0.1465 0.1273 0.6120 0.3399 0.3070
1494806400.0000 116850.0000 -1.4279 -1.4691 -0.1032 2.1297 44.1851 0.3674 0.4275 0.2450 0.0546 0.1272 0.0773 0.5200 0.2870 0.2513
1494806400.0000 117150.0000 -1.3854 -1.3235 -0.0994 1.9802 46.3108 0.3632 0.3712 0.2318 0.1125 0.1336 0.0892 0.4831 0.2958 0.2582
1494806400.0000 117450.0000 -1.8698 -1.8043 -0.2004 2.6718 46.0220 0.5141 0.4220 0.3361 0.0911 0.1803 0.1173 0.6361 0.2499 0.2150
1494806400.0000 117750.0000 -1.9239 -2.0265 -0.2496 2.8693 43.5119 0.5325 0.5499 0.3148 0.1234 0.1734 0.1532 0.6986 0.2433 0.2150
1494806400.0000 118050.0000 -1.9288 -1.7463 -0.2153 2.7050 47.8432 0.6588 0.5966 0.3652 0.1114 0.2241 0.1686 0.8103 0.2815 0.2486
1494806400.0000 118350.0000 -1.8696 -1.8493 -0.2047 2.7353 45.3125 0.6294 0.9760 0.4693 0.2176 0.2275 0.3248 1.0373 0.3153 0.2782
1494806400.0000 118650.0000 -1.8315 -1.6777 -0.2210 2.5709 47.5108 0.5501 0.5352 0.3442 0.1092 0.1936 0.1270 0.7147 0.2768 0.2422
1494806400.0000 118950.0000 -1.5403 -1.3675 -0.0741 2.1485 48.3997 0.4745 0.5884 0.2933 0.1402 0.1648 0.1184 0.6781 0.3262 0.2890
1494806400.0000 119250.0000 -2.1142 -1.7586 -0.2621 2.8322 50.2450 0.5790 0.6315 0.3530 0.1624 0.2198 0.1418 0.7817 0.2613 0.2310
1494806400.0000 119550.0000 -1.6948 -1.7420 -0.2047 2.5161 44.2127 0.6669 0.6141 0.3688 0.2161 0.2351 0.2050 0.8249 0.3041 0.2689
1494806400.0000 119850.0000 -1.6427 -1.5156 -0.1382 2.3300 47.3047 0.6568 0.5347 0.3707 0.1695 0.1932 0.1796 0.7811 0.3223 0.2820
1494806400.0000 120150.0000 -1.3133 -1.3908 -0.0176 2.0248 43.3576 0.4939 0.7539 0.3418 0.1490 0.1638 0.1677 0.7948 0.3805 0.3371
1494806400.0000 120450.0000 -0.9832 -1.4595 -0.0594 1.8953 33.9660 0.5248 0.8196 0.2907 0.1209 0.1327 0.2158 0.8176 0.4193 0.3804
1494806400.0000 120750.0000 -1.2327 -1.5982 -0.1439 2.1354 37.6442 0.6056 0.6823 0.3499 0.1630 0.1475 0.1694 0.8189 0.3651 0.3246
1494806400.0000 121050.0000 -1.1015 -1.3645 -0.0537 1.8740 38.9124 0.4668 0.5597 0.2664 0.0646 0.1389 0.1328 0.6464 0.3742 0.3336
1494806400.0000 121350.0000 -1.0185 -1.2992 -0.1005 1.7675 38.0954 0.3971 0.3664 0.2411 0.0027 0.1000 0.0781 0.5023 0.3499 0.3056
1494806400.0000 121650.0000 -1.1340 -1.5444 -0.1800 2.0513 36.2877 0.5265 0.5554 0.2792 -0.0234 0.1252 0.0845 0.6805 0.3500 0.3134
1494806400.0000 121950.0000 -0.3184 -0.9698 0.0795 1.2026 18.1738 0.4159 0.3837 0.3010 0.0843 0.0148 0.1229 0.5503 0.5916 0.5058
1494806400.0000 122250.0000 -0.8743 -1.0019 -0.0878 1.4800 41.1092 0.4546 0.4237 0.2380 0.1308 0.1349 0.1126 0.5582 0.4578 0.4069
1494806400.0000 122550.0000 -1.9368 -1.5381 -0.2910 2.5856 51.5450 0.5392 0.6313 0.4054 0.0397 0.1818 0.1289 0.7880 0.2910 0.2526
1494806400.0000 122850.0000 -0.9731 -1.3094 -0.1061 1.7598 36.6193 0.4929 0.4695 0.3045 0.0726 0.0974 0.1725 0.6334 0.3975 0.3472
1494806400.0000 123150.0000 -1.0851 -1.2556 -0.0129 1.7931 40.8344 0.5960 0.5301 0.3482 0.1387 0.1738 0.1463 0.7371 0.4224 0.3692
1494806400.0000 123450.0000 -0.8929 -1.1599 -0.0738 1.6208 37.5908 0.5930 0.5979 0.3405 0.1195 0.1734 0.2038 0.7657 0.4875 0.4304
1494806400.0000 123750.0000 -1.2218 -1.3752 -0.1351 1.9818 41.6184 0.6165 0.4903 0.3401 0.0172 0.2042 0.0834 0.7235 0.3765 0.3302
1494806400.0000 124050.0000 -1.2212 -1.0628 -0.1383 1.8046 48.9672 0.6944 0.6241 0.3854 0.0098 0.2516 0.1012 0.8520 0.4638 0.4095
1494806400.0000 124350.0000 -1.5495 -1.2089 -0.2312 2.1061 52.0389 0.8313 0.7218 0.4064 0.2274 0.3141 0.1923 0.9797 0.4084 0.3661
1494806400.0000 124650.0000 -1.7637 -0.9453 -0.1859 2.1533 61.8086 0.6526 0.5997 0.4277 -0.0330 0.2711 0.0470 0.8400 0.3724 0.3229
1494806400.0000 124950.0000 -1.3585 -1.3174 -0.2341 2.0542 45.8801 0.4997 0.7190 0.3990 0.0111 0.1237 0.1697 0.8089 0.3851 0.3368
1494806400.0000 125250.0000 -1.5892 -0.3992 -0.3249 1.7980 75.8999 0.9094 0.3974 0.5428 -0.1161 0.4005 -0.1434 0.9248 0.4701 0.4028
1494806400.0000 125550.0000 -0.9596 -0.1831 0.0533 1.2377 79.1989 0.5465 0.4667 0.2815 -0.1912 0.1106 0.0473 0.6473 0.6714 0.5949
1494806400.0000 125850.0000 -1.5743 -0.4766 -0.1025 1.8430 73.1556 0.6703 0.8204 0.4784 0.1360 0.2940 0.1367 0.9846 0.4916 0.4286
1494806400.0000 126150.0000 -1.3841 -0.6667 -0.1027 1.6568 64.2812 0.5498 0.4621 0.3454 0.1139 0.2043 0.0388 0.6786 0.4368 0.3780
1494806400.0000 126450.0000 -0.3102 -0.3559 0.1518 0.8146 41.0752 0.3364 0.3217 0.1624 -0.0106 0.1046 0.0141 0.4102 1.0547 0.9922
1494806400.0000 126750.0000 -0.9993 -0.7706 -0.0381 1.4861 52.3614 0.6371 0.5088 0.3449 0.1068 0.2034 0.0731 0.7454 0.5584 0.4898
1494806400.0000 127050.0000 -0.9174 -0.7003 0.0189 1.3571 52.6427 0.5091 0.4311 0.3135 -0.0151 0.1813 0.0671 0.6269 0.5601 0.4851
1494806400.0000 127350.0000 -1.1557 -0.3314 0.0972 1.5309 74.0002 0.8787 0.6219 0.4724 -0.1625 0.3581 -0.0973 0.9865 0.6723 0.5883
1494806400.0000 127650.0000 -1.4429 -0.1404 -0.1424 1.6300 84.4418 0.4578 0.5450 0.4232 -0.0158 0.2652 -0.0985 0.7130 0.4733 0.3988
1494806400.0000 127950.0000 -0.3013 0.0699 0.0026 0.9190 103.0549 0.4460 0.8713 0.3094 0.0737 0.1792 0.0668 0.8134 2.3809 2.1426
1494806400.0000 128250.0000 -1.4786 -0.1479 -0.1842 1.7530 84.2890 0.6975 0.8814 0.6156 0.1150 0.3253 -0.0218 1.0973 0.5712 0.4882
1494806400.0000 128550.0000 -1.3107 0.2944 -0.0830 1.6129 102.6579 0.9858 0.5656 0.3054 -0.2870 0.3312 -0.0737 0.9284 0.5845 0.5353
1494806400.0000 128850.0000 -0.7584 0.1270 -0.0475 1.0051 99.5035 0.3113 0.3860 0.2100 0.1296 0.0380 0.0146 0.4537 0.7139 0.6270
1494806400.0000 129150.0000 -1.5259 -0.3349 -0.3324 1.7295 77.6215 0.8976 0.5510 0.3235 0.1365 0.2487 0.0538 0.8861 0.4812 0.4448
1494806400.0000 129450.0000 -1.1455 0.4617 -0.1989 1.4691 111.9502 0.4150 0.6472 0.3165 0.0477 0.1705 -0.0614 0.6893 0.5419 0.4818
1494806400.0000 129750.0000 -1.3492 -0.3905 -0.1712 1.6374 73.8567 0.7721 0.4654 0.4293 0.0277 0.2195 0.0045 0.8334 0.5268 0.4573
1494806400.0000 130050.0000 -1.4873 0.3025 -0.1524 1.6864 101.4971 0.7400 0.4238 0.4893 -0.0308 0.3611 0.0015 0.8266 0.4866 0.4104
1494806400.0000 130350.0000 -1.5001 0.0979 -0.1428 1.6355 93.7323 0.3268 0.3664 0.2497 -0.0180 0.1232 -0.0378 0.4715 0.3713 0.3197
1494806400.0000 130650.0000 -1.0779 -0.0207 -0.1965 1.2249 88.9004 0.2491 0.3091 0.2370 -0.0413 0.1126 -0.0348 0.3977 0.4698 0.4001
1494806400.0000 130950.0000 -0.9428 -0.6784 -0.0901 1.2689 54.2627 0.4342 0.3018 0.2408 0.1162 0.1846 0.0348 0.4884 0.4898 0.4264
1494806400.0000 131250.0000 -0.4222 -0.1570 0.0488 0.6655 69.5969 0.2631 0.2392 0.1577 0.0709 0.0894 0.0413 0.3300 1.0353 0.9085
1494806400.0000 131550.0000 -1.3434 0.2554 -0.1880 1.5223 100.7633 0.4690 0.4232 0.2805 -0.0196 0.2201 -0.0192 0.5863 0.4529 0.3988
1494806400.0000 131850.0000 -1.1632 -0.0823 -0.1011 1.4004 85.9525 0.4488 0.5129 0.3302 -0.0183 0.0958 -0.1022 0.6459 0.5607 0.4855
1494806400.0000 132150.0000 -1.1545 -0.2245 -0.1455 1.4088 78.9936 0.2541 0.5731 0.3251 -0.0047 0.0854 0.0318 0.5761 0.5230 0.4465
1494806400.0000 132450.0000 -0.7989 0.0763 -0.0843 0.9418 95.4569 0.4558 0.1509 0.2070 -0.0239 0.1734 -0.0292 0.4068 0.6454 0.5604
1494806400.0000 132750.0000 -0.3890 -0.7590 0.0712 1.0122 27.1387 0.3058 0.1854 0.1122 -0.0011 0.0134 0.0387 0.3017 0.5240 0.4745
1494806400.0000 133050.0000 -0.4181 -0.1852 -0.0824 0.8122 66.1086 0.2639 0.3024 0.1377 -0.1991 0.0142 0.0019 0.3520 1.0427 0.9502
1494806400.0000 133350.0000 -0.7587 0.4679 -0.0777 1.1179 121.6639 0.5171 0.2801 0.1428 0.0835 0.1642 -0.0049 0.4700 0.6256 0.5783
1494806400.0000 133650.0000 -0.7242 -0.0428 0.1210 0.8672 86.6160 0.2796 0.1932 0.2365 0.0380 0.1698 0.0227 0.3546 0.6611 0.5472
1494806400.0000 133950.0000 -0.7131 -0.6722 -0.1242 1.1358 46.6926 0.1689 0.3302 0.2152 -0.0710 0.0156 0.0354 0.3572 0.4940 0.4162
1494806400.0000 134250.0000 -0.6672 -0.7795 -0.1324 1.1567 40.5625 0.3189 0.3827 0.2220 0.1266 0.0616 0.0879 0.4618 0.5363 0.4713
1494806400.0000 134550.0000 -1.0574 -0.6597 -0.1794 1.4233 58.0423 0.2909 0.5319 0.2504 -0.0249 0.0630 0.1104 0.5366 0.4750 0.4202
1494806400.0000 134850.0000 -0.2258 -0.8040 -0.0604 0.9773 15.6857 0.1443 0.4723 0.1938 -0.0183 -0.0085 0.1543 0.4052 0.6208 0.5429
1494806400.0000 135150.0000 -0.5596 -0.2044 -0.1749 0.8877 69.9383 0.1291 0.5122 0.3967 -0.0272 0.0599 0.0608 0.5190 0.9475 0.7762
1494806400.0000 135450.0000 -0.9362 0.0648 -0.0636 1.1921 93.9569 0.2610 0.5035 0.2642 -0.0866 0.0740 -0.0185 0.5144 0.6226 0.5380
1494806400.0000 135750.0000 -1.4524 0.1457 -0.4140 1.5705 95.7285 0.3757 0.3005 0.2506 -0.0078 0.1303 -0.0536 0.4634 0.3663 0.3253
1494806400.0000 136050.0000 -0.7042 0.3060 0.0780 1.0290 113.4863 0.3322 0.4269 0.2704 0.0999 0.1543 -0.0209 0.5148 0.7590 0.6551
1494806400.0000 136350.0000 -0.9052 -0.1081 -0.0023 1.1152 83.1908 0.3528 0.3775 0.2307 -0.0103 0.1289 -0.0228 0.4805 0.6208 0.5412
1494806400.0000 136650.0000 -0.9316 -0.2258 -0.0334 1.0161 76.3780 0.1604 0.1164 0.2884 0.0454 0.1148 0.0324 0.2826 0.4525 0.3169
1494806400.0000 136950.0000 -0.6890 -0.2440 -0.0200 0.8773 70.4992 0.1108 0.2485 0.1968 0.0105 0.0507 0.0476 0.2780 0.5888 0.4734
1494806400.0000 137250.0000 -0.0455 0.3869 -0.1312 0.8224 173.2960 0.3504 0.2644 0.1186 -0.1211 0.0461 0.0147 0.3667 1.2029 1.1621
1494806400.0000 137550.0000 -0.2122 -0.7727 -0.0735 0.9931 15.3538 0.2630 0.3326 0.2035 -0.0438 0.0236 0.0435 0.3995 0.6414 0.5560
1494806400.0000 137850.0000 -1.3379 -0.1401 -0.2171 1.5158 84.0202 0.3853 0.5113 0.2621 0.0492 0.1529 0.0504 0.5793 0.4561 0.4064
1494806400.0000 138150.0000 -0.6215 0.4340 -0.3153 0.9092 124.9253 0.3816 0.2667 0.1546 -0.1868 0.0059 -0.0112 0.4014 0.6301 0.6133
1494806400.0000 138450.0000 -0.3785 -0.3879 0.0632 0.7683 44.2974 0.2114 0.1706 0.1769 -0.0254 0.0084 0.0145 0.2794 0.7909 0.6583
1494806400.0000 138750.0000 -1.2609 0.0654 -0.1393 1.4586 92.9706 0.7141 0.3747 0.3004 0.0196 0.2618 -0.0313 0.6947 0.5357 0.4772
1494806400.0000 139050.0000 -0.1595 -0.1196 -0.2072 0.8326 53.1446 0.5181 0.4585 0.1488 -0.3982 0.0115 0.0379 0.5627 2.1301 2.8615
1494806400.0000 139350.0000 0.7226 -0.5429 -0.0220 0.9875 306.9168 0.1701 0.1636 0.1155 -0.0325 -0.0348 0.0229 0.2246 0.4280 0.3690
1494806400.0000 139650.0000 -0.0960 0.1198 -0.0011 0.4625 141.3004 0.0909 0.1556 0.0808 -0.0402 -0.0155 0.0265 0.1636 2.1511 1.8670
1494806400.0000 139950.0000 -0.9676 -0.0254 -0.2105 1.1684 88.4936 0.2813 0.3702 0.2248 0.0041 0.1439 -0.0679 0.4381 0.5456 0.4814
1494806400.0000 140250.0000 -0.9504 0.2218 -0.1807 1.1114 103.1349 0.1607 0.3268 0.1425 -0.0300 0.0508 -0.0488 0.3150 0.4617 0.4131
1494806400.0000 140550.0000 -1.0420 -0.4714 -0.2088 1.1882 65.6575 0.1237 0.0941 0.0739 0.0062 0.0420 0.0086 0.1458 0.2682 0.2356
1494806400.0000 140850.0000 -0.4753 -0.6548 -0.1753 0.8781 35.9730 0.1173 0.1177 0.0626 0.0334 0.0195 0.0320 0.1488 0.3804 0.3459
1494806400.0000 141150.0000 -0.0307 -0.5452 -0.0413 0.7189 3.2278 0.1957 0.1186 0.1586 -0.0192 -0.0134 0.0370 0.2364 0.7250 0.5928
1494806400.0000 141450.0000 -0.1500 -0.5966 -0.0418 1.0186 14.1101 0.6654 0.2547 0.1893 0.1579 0.1683 0.1214 0.5547 0.9862 0.9002
1494806400.0000 141750.0000 -0.4373 -0.4430 -0.1102 0.7098 44.6306 0.1035 0.1828 0.0822 0.0418 0.0119 0.0289 0.1843 0.5544 0.4963
1494806400.0000 142050.0000 -0.0850 -0.6348 -0.0467 0.7948 7.6239 0.1896 0.1620 0.0905 -0.0021 0.0050 0.0490 0.2210 0.5977 0.5345
1494806400.0000 142350.0000 -0.1922 -0.5487 -0.0517 0.7400 19.3016 0.1658 0.2553 0.1106 -0.0023 -0.0203 0.0828 0.2658 0.7213 0.6444
1494806400.0000 142650.0000 -0.3464 -0.5307 -0.1246 0.9859 33.1339 0.4819 0.2478 0.1516 -0.1680 0.0288 0.0160 0.4406 0.8391 0.7781
1494806400.0000 142950.0000 -1.0210 0.0812 -0.0511 1.2097 94.5473 0.3275 0.4255 0.2584 0.0539 0.1381 -0.0371 0.5057 0.5662 0.4892
1494806400.0000 143250.0000 -1.2946 -0.2030 -0.1545 1.4796 81.0896 0.4794 0.5236 0.2600 0.2137 0.1189 0.0611 0.6315 0.4918 0.4413
1494806400.0000 143550.0000 -0.3571 -1.8215 -0.4493 2.2512 11.0924 1.4767 0.9938 0.4188 -0.1094 -0.0116 0.2675 1.4446 0.5139 0.4889
1494806400.0000 143850.0000 -0.1714 -0.5707 0.0173 0.9495 16.7216 0.4775 0.3047 0.1685 0.0779 0.0483 0.1154 0.4753 0.9444 0.8569
1494806400.0000 144150.0000 0.0634 -0.5258 0.0008 0.7425 353.1224 0.2014 0.2734 0.1448 0.0379 0.0198 0.0890 0.3098 0.8581 0.7511
1494806400.0000 144450.0000 0.2026 -0.5328 0.1643 0.7894 339.1781 0.2202 0.1935 0.1361 -0.0091 -0.0276 0.0602 0.2749 0.7216 0.6515
1494806400.0000 144750.0000 -0.2425 -0.5861 0.0120 0.9690 22.4789 0.4181 0.3447 0.1948 0.0859 0.1026 0.0676 0.4788 0.8906 0.7950
1494806400.0000 145050.0000 -0.1326 -1.2453 -0.2945 1.4486 6.0771 0.5252 0.2814 0.2040 0.0599 0.0308 0.1016 0.5053 0.4511 0.4140
1494806400.0000 145350.0000 -0.1648 -0.7351 -0.0609 0.8518 12.6374 0.1322 0.1254 0.1477 -0.0317 0.0008 0.0461 0.2027 0.4863 0.3890
1494806400.0000 145650.0000 -0.2370 -0.5856 0.0129 0.8127 22.0363 0.2427 0.2102 0.1575 0.0162 -0.0044 0.0411 0.3053 0.7140 0.6151
1494806400.0000 145950.0000 -0.9417 -0.4467 -0.0875 1.1456 64.6245 0.1447 0.3014 0.0867 0.0509 0.0427 0.0337 0.2664 0.4029 0.3700
1494806400.0000 146250.0000 -0.0063 -0.4619 -0.0093 0.5767 0.7761 0.1083 0.0812 0.1111 0.0147 0.0236 0.0424 0.1503 0.6851 0.5440
1494806400.0000 146550.0000 -0.5459 -0.7217 -0.1256 1.0540 37.1038 0.1786 0.3548 0.1502 -0.0285 0.0021 -0.0070 0.3418 0.5225 0.4660
1494806400.0000 146850.0000 0.3495 -0.9930 -0.0677 1.1572 340.6077 0.1683 0.3308 0.1621 0.0360 -0.0003 0.1189 0.3306 0.4450 0.3875
1494806400.0000 147150.0000 -0.0189 -0.4517 -0.1791 0.7601 2.3916 0.1181 0.5828 0.1211 -0.0295 -0.0094 0.0596 0.4110 1.0765 1.0692
1494806400.0000 147450.0000 -0.3886 -0.6456 -0.1890 0.8118 31.0443 0.0910 0.1043 0.0936 0.0103 0.0007 0.0257 0.1445 0.3995 0.3386
1494806400.0000 147750.0000 -0.1877 -0.9870 -0.2032 1.0978 10.7690 0.1870 0.0849 0.0867 0.0313 0.0247 0.0441 0.1793 0.3373 0.2996
1494806400.0000 148050.0000 -0.1217 -0.5144 -0.0343 0.6709 13.3144 0.1484 0.1405 0.1448 0.0185 -0.0037 0.0579 0.2169 0.7178 0.5870
1494806400.0000 148350.0000 -0.3086 -0.3446 -0.1306 0.6575 41.8494 0.1759 0.1141 0.0661 -0.0591 0.0198 0.0136 0.1781 0.7168 0.6721
1494806400.0000 148650.0000 0.4417 -1.1336 -0.1571 1.2891 338.7102 0.2232 0.3535 0.1517 -0.1332 -0.0536 0.1252 0.3642 0.4017 0.3604
1494806400.0000 148950.0000 0.5714 -1.1750 -0.1618 1.4094 334.0689 0.2963 0.3057 0.1254 -0.0988 -0.0279 0.0971 0.3637 0.3740 0.3428
1494806400.0000 149250.0000 0.2956 -0.7870 -0.0425 0.9231 339.4135 0.1462 0.1895 0.1163 -0.0764 -0.0424 0.0591 0.2260 0.4611 0.3979
1494806400.0000 149550.0000 0.2983 -0.7387 -0.0828 0.8784 338.0076 0.1104 0.1957 0.0858 -0.0325 -0.0248 0.0599 0.1960 0.4512 0.4010
1494806400.0000 149850.0000 0.2578 -0.6291 -0.0200 0.7815 337.7178 0.1393 0.1201 0.1027 -0.0047 -0.0090 0.0564 0.1810 0.5108 0.4325
1494806400.0000 150150.0000 0.4221 -0.8982 -0.0233 1.0648 334.8304 0.1664 0.2871 0.1186 -0.1117 -0.0474 0.1097 0.2861 0.4399 0.3918
1494806400.0000 150450.0000 0.3358 -0.7609 -0.0562 0.9304 336.1867 0.1613 0.2415 0.1086 -0.0320 -0.0188 0.0898 0.2557 0.4953 0.4406
1494806400.0000 150750.0000 0.1101 -0.4721 -0.0664 0.5781 346.8777 0.0799 0.1176 0.0932 -0.0079 -0.0127 0.0574 0.1453 0.6362 0.5293
1494806400.0000 151050.0000 0.1465 -0.5858 -0.0957 0.7000 345.9622 0.1049 0.1626 0.1064 -0.0213 -0.0196 0.0783 0.1869 0.5775 0.4945
