1494720000.0000 150.0000 0.2705 0.0510 -0.0904 0.3081 259.3335 0.0054 0.0233 0.0051 -0.0001 -0.0023 0.0008 0.0169 0.3664 0.3552
1494720000.0000 450.0000 0.1455 0.0522 -0.1028 0.2544 250.2580 0.0191 0.0364 0.0149 0.0045 -0.0079 -0.0031 0.0352 0.8254 0.8802
1494720000.0000 750.0000 0.3926 0.1791 -0.1799 0.4419 245.4828 0.0179 0.0095 0.0053 0.0054 -0.0056 -0.0023 0.0164 0.2233 0.2215
1494720000.0000 1050.0000 0.4416 0.2158 -0.2297 0.5001 243.9547 0.0142 0.0085 0.0070 0.0028 -0.0058 -0.0014 0.0149 0.1834 0.1770
1494720000.0000 1350.0000 0.3887 0.2304 -0.1948 0.4626 239.3452 0.0066 0.0098 0.0078 -0.0011 -0.0027 -0.0018 0.0121 0.1826 0.1635
1494720000.0000 1650.0000 0.3191 0.4371 -0.2201 0.5615 216.1298 0.0319 0.0171 0.0251 0.0046 -0.0172 -0.0057 0.0370 0.2690 0.2361
1494720000.0000 1950.0000 0.0772 0.4963 -0.0600 0.5425 188.8452 0.0415 0.0691 0.0908 -0.0154 -0.0020 -0.0398 0.1007 0.5122 0.3822
1494720000.0000 2250.0000 0.2120 0.3752 -0.1503 0.4649 209.4688 0.0422 0.0347 0.0492 0.0099 -0.0186 -0.0213 0.0631 0.4493 0.3715
1494720000.0000 2550.0000 -0.1421 0.2461 0.0006 0.3707 149.9927 0.0450 0.0379 0.0265 0.0161 -0.0126 -0.0162 0.0547 0.6721 0.5852
1494720000.0000 2850.0000 0.1744 0.2446 -0.1366 0.3609 215.4855 0.0421 0.0130 0.0144 -0.0000 -0.0085 -0.0031 0.0347 0.4610 0.4511
1494720000.0000 3150.0000 0.2307 0.3550 -0.1904 0.4814 213.0139 0.0547 0.0306 0.0318 0.0226 -0.0164 -0.0170 0.0585 0.4255 0.3982
1494720000.0000 3450.0000 0.2365 0.2177 -0.1687 0.3580 227.3768 0.0244 0.0185 0.0244 -0.0008 -0.0014 -0.0092 0.0337 0.4126 0.3721
1494720000.0000 3750.0000 0.1677 0.1964 -0.1303 0.3633 220.4913 0.0405 0.0399 0.0174 0.0126 -0.0074 -0.0083 0.0489 0.6242 0.6340
1494720000.0000 4050.0000 0.1697 0.3354 -0.1567 0.4285 206.8451 0.0489 0.0251 0.0295 -0.0003 -0.0078 -0.0162 0.0518 0.4562 0.4178
1494720000.0000 4350.0000 0.2552 0.2371 -0.1273 0.4227 227.1021 0.0551 0.0196 0.0195 -0.0187 -0.0083 -0.0021 0.0471 0.4777 0.4528
1494720000.0000 4650.0000 0.0634 0.1256 -0.0890 0.2980 206.7728 0.0596 0.0494 0.0492 0.0193 -0.0252 -0.0361 0.0791 1.3795 1.3552
1494720000.0000 4950.0000 0.2366 0.2683 -0.1806 0.4219 221.4097 0.0417 0.0387 0.0245 -0.0054 0.0023 -0.0140 0.0524 0.4666 0.4576
1494720000.0000 5250.0000 0.0849 0.2048 -0.1081 0.3105 202.5223 0.0487 0.0127 0.0286 -0.0054 0.0024 -0.0059 0.0450 0.7025 0.6454
1494720000.0000 5550.0000 0.0520 0.1637 -0.0870 0.2455 197.6166 0.0323 0.0392 0.0382 -0.0178 0.0192 -0.0288 0.0548 0.9928 0.8985
1494720000.0000 5850.0000 0.0896 0.1675 -0.0926 0.2594 208.1469 0.0258 0.0195 0.0190 0.0047 -0.0064 -0.0038 0.0321 0.6925 0.6467
1494720000.0000 6150.0000 0.1839 0.2654 -0.1413 0.3630 214.7112 0.0256 0.0134 0.0134 -0.0010 -0.0057 -0.0080 0.0262 0.3748 0.3530
1494720000.0000 6450.0000 0.3349 0.1781 -0.1646 0.3880 241.9944 0.0112 0.0051 0.0068 0.0008 -0.0022 -0.0030 0.0116 0.2123 0.1942
1494720000.0000 6750.0000 0.1416 0.2980 -0.1707 0.3953 205.4146 0.0414 0.0179 0.0178 0.0011 -0.0139 -0.0043 0.0386 0.4316 0.4263
1494720000.0000 7050.0000 0.2625 0.3035 -0.2339 0.4357 220.8557 0.0355 0.0203 0.0212 0.0004 -0.0091 -0.0075 0.0385 0.3449 0.3399
1494720000.0000 7350.0000 0.2027 0.3045 -0.1581 0.4505 213.6494 0.0789 0.0119 0.0167 -0.0011 -0.0262 -0.0031 0.0538 0.4752 0.4758
1494720000.0000 7650.0000 0.3134 0.2084 -0.1151 0.3856 236.3695 0.0268 0.0083 0.0173 0.0073 -0.0161 -0.0075 0.0262 0.3359 0.2873
1494720000.0000 7950.0000 0.1235 0.1521 0.0269 0.2286 219.0691 0.0095 0.0093 0.0181 -0.0019 -0.0005 0.0063 0.0185 0.5609 0.4040
1494720000.0000 8250.0000 -0.0755 -0.0568 0.0453 0.1970 53.0391 0.0191 0.0166 0.0049 0.0086 -0.0031 0.0020 0.0203 1.1100 1.1547
1494720000.0000 8550.0000 -0.0017 0.0522 -0.0408 0.2466 178.1076 0.0410 0.0283 0.0166 0.0119 -0.0128 -0.0192 0.0430 2.5550 2.9101
1494720000.0000 8850.0000 -0.0433 -0.1619 -0.0094 0.3410 14.9660 0.0641 0.0644 0.0178 0.0535 -0.0219 -0.0240 0.0732 1.3156 1.2350
1494720000.0000 9150.0000 -0.0482 -0.0460 -0.0094 0.2174 46.3374 0.0207 0.0277 0.0079 0.0161 -0.0098 -0.0107 0.0282 2.0368 1.9063
1494720000.0000 9450.0000 0.1917 0.1743 -0.1220 0.2888 227.7171 0.0149 0.0148 0.0095 0.0026 -0.0068 -0.0075 0.0196 0.3994 0.3842
1494720000.0000 9750.0000 0.1354 0.0559 -0.0657 0.2191 247.5697 0.0145 0.0249 0.0092 0.0000 -0.0029 -0.0111 0.0243 0.7926 0.7822
1494720000.0000 10050.0000 -0.2163 0.1132 0.0466 0.3013 117.6199 0.0401 0.0311 0.0043 -0.0189 -0.0023 -0.0042 0.0377 0.6379 0.6306
1494720000.0000 10350.0000 0.0552 -0.1818 -0.0392 0.2747 343.1005 0.0134 0.0692 0.0066 -0.0058 -0.0022 0.0084 0.0446 0.8886 0.8732
1494720000.0000 10650.0000 0.2142 0.0153 -0.0778 0.3157 265.9167 0.0102 0.0574 0.0112 0.0078 -0.0056 -0.0151 0.0394 0.7095 0.6987
1494720000.0000 10950.0000 0.1770 -0.1312 -0.0006 0.3251 306.5396 0.0292 0.0426 0.0177 0.0215 -0.0144 -0.0169 0.0448 0.7842 0.7025
1494720000.0000 11250.0000 0.0557 0.1222 -0.0248 0.2142 204.5138 0.0214 0.0151 0.0098 -0.0010 -0.0070 0.0019 0.0231 0.9090 0.8206
1494720000.0000 11550.0000 0.2033 -0.2307 -0.0396 0.3238 318.6041 0.0075 0.0180 0.0122 -0.0037 -0.0039 0.0031 0.0188 0.3614 0.2994
1494720000.0000 11850.0000 0.1741 -0.0661 -0.0616 0.2341 290.7997 0.0195 0.0154 0.0123 -0.0027 -0.0092 0.0019 0.0236 0.6396 0.5792
1494720000.0000 12150.0000 0.1111 -0.2541 -0.0236 0.3377 336.3905 0.0249 0.0625 0.0110 -0.0090 -0.0085 0.0033 0.0492 0.6507 0.6154
1494720000.0000 12450.0000 0.2308 -0.0957 -0.0893 0.3003 292.5141 0.0273 0.0238 0.0155 -0.0000 -0.0113 0.0020 0.0333 0.5619 0.5226
1494720000.0000 12750.0000 -0.0538 -0.0288 0.0186 0.2557 61.8995 0.0640 0.0214 0.0053 0.0109 -0.0104 -0.0034 0.0454 2.7261 2.7645
1494720000.0000 13050.0000 -0.0423 0.0435 -0.0547 0.1574 135.7986 0.0250 0.0044 0.0041 0.0029 -0.0069 -0.0006 0.0168 1.2959 1.6338
1494720000.0000 13350.0000 0.0380 -0.0176 -0.0091 0.1354 294.9155 0.0065 0.0164 0.0070 0.0064 -0.0038 -0.0082 0.0149 2.3278 2.0850
1494720000.0000 13650.0000 -0.1043 -0.0682 0.0108 0.1729 56.8327 0.0050 0.0150 0.0067 0.0026 -0.0024 -0.0083 0.0134 0.7549 0.6555
1494720000.0000 13950.0000 -0.0056 -0.1145 -0.0122 0.1787 2.7957 0.0033 0.0367 0.0033 -0.0020 0.0002 -0.0072 0.0216 1.0423 1.0070
1494720000.0000 14250.0000 -0.0299 -0.0150 -0.0351 0.2714 63.2900 0.0569 0.0281 0.0106 0.0132 -0.0203 -0.0095 0.0478 3.6811 5.0279
1494720000.0000 14550.0000 -0.1094 0.0324 0.0356 0.1863 106.4833 0.0283 0.0134 0.0076 0.0124 -0.0074 -0.0045 0.0246 1.0727 1.0336
1494720000.0000 14850.0000 0.0276 -0.0218 0.0028 0.1636 308.2483 0.0092 0.0220 0.0039 -0.0096 -0.0014 0.0026 0.0175 3.0639 2.8962
1494720000.0000 15150.0000 0.0342 0.0578 -0.0342 0.1289 210.5962 0.0073 0.0077 0.0040 -0.0061 -0.0006 -0.0015 0.0095 1.0555 1.0534
1494720000.0000 15450.0000 0.0939 -0.0854 -0.0101 0.2148 312.3150 0.0339 0.0117 0.0029 -0.0172 -0.0069 0.0040 0.0242 0.9975 0.9706
1494720000.0000 15750.0000 0.1515 -0.0189 -0.0281 0.2452 277.1069 0.0104 0.0374 0.0049 -0.0109 0.0016 -0.0064 0.0264 0.8541 0.8267
1494720000.0000 16050.0000 -0.2382 0.1135 0.0133 0.2889 115.4641 0.0305 0.0094 0.0023 -0.0014 -0.0018 -0.0003 0.0211 0.4488 0.4367
1494720000.0000 16350.0000 -0.0951 0.1115 -0.0139 0.2511 139.5454 0.0394 0.0079 0.0044 0.0031 -0.0099 -0.0015 0.0259 0.8918 0.8567
1494720000.0000 16650.0000 -0.2083 -0.0139 0.0530 0.2929 86.1879 0.0360 0.0270 0.0026 0.0161 -0.0046 -0.0046 0.0328 0.6860 0.6937
1494720000.0000 16950.0000 -0.2037 0.0522 -0.0210 0.2729 104.3810 0.0331 0.0147 0.0105 0.0162 -0.0119 -0.0046 0.0292 0.6599 0.6003
1494720000.0000 17250.0000 -0.3881 -0.0565 0.0163 0.4364 81.7231 0.0867 0.0251 0.0196 0.0336 -0.0345 -0.0152 0.0657 0.5331 0.4922
1494720000.0000 17550.0000 0.0985 0.1200 -0.0733 0.2086 219.3747 0.0116 0.0191 0.0017 -0.0016 -0.0022 -0.0006 0.0162 0.6045 0.6512
1494720000.0000 17850.0000 0.0526 0.0529 0.0023 0.1682 224.8850 0.0133 0.0142 0.0033 -0.0060 0.0006 -0.0044 0.0154 1.3583 1.2830
1494720000.0000 18150.0000 0.0601 0.0803 -0.0536 0.1496 216.8294 0.0095 0.0038 0.0016 -0.0036 -0.0003 -0.0005 0.0075 0.6214 0.6648
1494720000.0000 18450.0000 0.0632 0.0319 -0.0048 0.1317 243.2173 0.0052 0.0081 0.0019 -0.0040 -0.0001 -0.0001 0.0076 1.0035 0.9413
1494720000.0000 18750.0000 0.1298 0.0532 -0.0401 0.1558 247.7330 0.0020 0.0043 0.0045 0.0001 -0.0019 -0.0009 0.0054 0.4108 0.3249
1494720000.0000 19050.0000 -0.0244 -0.1333 0.0178 0.2057 10.3549 0.0160 0.0318 0.0056 0.0196 -0.0079 -0.0101 0.0267 0.9765 0.9315
1494720000.0000 19350.0000 -0.1818 -0.1595 0.0642 0.3448 48.7466 0.0482 0.0375 0.0071 -0.0179 -0.0046 -0.0003 0.0464 0.7031 0.6991
1494720000.0000 19650.0000 -0.1571 -0.0791 0.0534 0.2565 63.2701 0.0511 0.0100 0.0055 0.0186 -0.0044 -0.0014 0.0333 0.8107 0.8116
1494720000.0000 19950.0000 -0.1764 -0.0524 0.0791 0.2120 73.4656 0.0249 0.0072 0.0051 0.0090 -0.0032 -0.0017 0.0186 0.5565 0.5625
1494720000.0000 20250.0000 0.0153 -0.1471 -0.0405 0.1738 354.0537 0.0100 0.0074 0.0038 -0.0001 -0.0012 -0.0015 0.0107 0.5499 0.5162
1494720000.0000 20550.0000 -0.5158 0.0336 0.0506 0.5463 93.7294 0.0303 0.0288 0.0087 -0.0129 -0.0053 -0.0017 0.0339 0.2895 0.2716
1494720000.0000 20850.0000 0.0053 0.2323 -0.1051 0.2931 181.2988 0.0392 0.0110 0.0125 0.0028 -0.0014 -0.0068 0.0313 0.5669 0.5568
1494720000.0000 21150.0000 0.1318 -0.0457 -0.0855 0.1863 289.1088 0.0107 0.0131 0.0054 -0.0003 -0.0034 -0.0028 0.0146 0.6024 0.6373
1494720000.0000 21450.0000 0.1993 -0.2923 -0.0531 0.3771 325.7189 0.0057 0.0187 0.0108 0.0045 -0.0021 0.0053 0.0176 0.3027 0.2548
1494720000.0000 21750.0000 0.2248 -0.1308 0.0068 0.2799 300.2011 0.0093 0.0130 0.0182 -0.0029 -0.0063 0.0076 0.0202 0.4464 0.3315
1494720000.0000 22050.0000 -0.4229 -0.0786 0.0749 0.5169 79.4702 0.0845 0.0462 0.0066 -0.0389 -0.0058 0.0004 0.0687 0.4900 0.4853
1494720000.0000 22350.0000 -0.0411 0.0744 0.0179 0.2228 151.0850 0.0376 0.0215 0.0145 -0.0078 0.0044 -0.0086 0.0368 1.8026 1.6511
1494720000.0000 22650.0000 0.0551 -0.0104 -0.0850 0.1749 280.6708 0.0102 0.0406 0.0092 -0.0119 0.0046 -0.0096 0.0300 1.3882 2.3195
1494720000.0000 22950.0000 -0.0411 0.1501 -0.0295 0.2908 164.6930 0.0710 0.0382 0.0324 -0.0162 -0.0084 -0.0157 0.0708 1.3715 1.2257
1494720000.0000 23250.0000 -0.4243 0.0127 -0.0275 0.5092 91.7107 0.0518 0.0619 0.0216 -0.0344 0.0045 -0.0116 0.0676 0.4992 0.4585
1494720000.0000 23550.0000 -0.2736 -0.3086 -0.0013 0.4943 41.5529 0.0867 0.0326 0.0479 -0.0225 -0.0298 -0.0026 0.0836 0.5724 0.4835
1494720000.0000 23850.0000 -0.4353 -0.2619 0.2709 0.5535 58.9684 0.1011 0.0252 0.0218 0.0047 0.0176 -0.0035 0.0740 0.3859 0.4039
1494720000.0000 24150.0000 -0.3645 -0.2182 0.0806 0.4550 59.0962 0.0215 0.0263 0.0234 -0.0009 -0.0058 0.0000 0.0356 0.3563 0.2971
1494720000.0000 24450.0000 -0.6083 -0.4792 0.1370 0.7993 51.7722 0.0234 0.0398 0.0196 -0.0052 -0.0011 -0.0013 0.0414 0.2112 0.1874
1494720000.0000 24750.0000 -0.4581 -0.3445 0.0461 0.5918 53.0561 0.0253 0.0204 0.0235 0.0012 -0.0089 -0.0013 0.0346 0.2640 0.2151
1494720000.0000 25050.0000 -0.5069 -0.2144 0.1347 0.5836 67.0717 0.0395 0.0275 0.0291 -0.0057 0.0057 0.0001 0.0481 0.3160 0.2716
1494720000.0000 25350.0000 -0.5988 -0.0163 0.1394 0.6333 88.4402 0.0487 0.0435 0.0287 0.0099 0.0053 -0.0097 0.0604 0.3264 0.2927
1494720000.0000 25650.0000 -0.4400 0.0503 0.1800 0.5540 96.5194 0.0794 0.0702 0.0355 0.0488 -0.0055 -0.0200 0.0925 0.5196 0.5043
1494720000.0000 25950.0000 -0.2797 0.0829 -0.0360 0.3525 106.5039 0.0170 0.0407 0.0313 0.0049 0.0016 -0.0039 0.0445 0.5858 0.4752
1494720000.0000 26250.0000 -0.4848 -0.1847 0.0670 0.5431 69.1424 0.0201 0.0210 0.0158 -0.0043 -0.0029 -0.0010 0.0284 0.2632 0.2256
1494720000.0000 26550.0000 -0.5095 -0.3727 0.1678 0.6565 53.8178 0.0334 0.0273 0.0302 -0.0024 0.0059 -0.0022 0.0455 0.2666 0.2255
1494720000.0000 26850.0000 -0.5563 0.0482 -0.0059 0.6264 94.9530 0.0700 0.0576 0.0391 0.0219 0.0031 -0.0066 0.0833 0.4221 0.3693
1494720000.0000 27150.0000 -0.3976 -0.0944 0.0527 0.4444 76.6390 0.0533 0.0232 0.0373 -0.0063 0.0088 -0.0008 0.0569 0.4728 0.3908
1494720000.0000 27450.0000 -0.3066 -0.3624 0.1104 0.5180 40.2303 0.0411 0.0209 0.0208 -0.0088 -0.0015 -0.0004 0.0413 0.3406 0.3026
1494720000.0000 27750.0000 -0.4291 -0.3195 0.1448 0.5658 53.3271 0.0498 0.0430 0.0240 0.0166 -0.0007 0.0014 0.0584 0.3560 0.3287
1494720000.0000 28050.0000 -0.6698 -0.2732 0.2022 0.7593 67.8074 0.0476 0.0433 0.0323 -0.0076 0.0104 -0.0048 0.0616 0.2699 0.2407
1494720000.0000 28350.0000 -0.2857 -0.3716 0.2026 0.5927 37.5587 0.1665 0.0537 0.0382 0.0130 -0.0301 0.0116 0.1292 0.5747 0.5780
1494720000.0000 28650.0000 -0.1551 -0.2816 0.0923 0.3970 28.8488 0.0437 0.0351 0.0322 -0.0123 -0.0035 0.0095 0.0555 0.5752 0.5042
1494720000.0000 28950.0000 -0.1659 -0.0534 0.0296 0.2367 72.1682 0.0122 0.0206 0.0712 -0.0041 -0.0036 0.0045 0.0520 1.0532 0.5998
1494720000.0000 29250.0000 -0.1684 -0.2136 0.0390 0.3205 38.2504 0.0231 0.0379 0.0187 0.0051 -0.0033 0.0036 0.0398 0.5931 0.5240
1494720000.0000 29550.0000 -0.1454 -0.4906 0.0017 0.5418 16.5129 0.0289 0.0283 0.0288 -0.0076 -0.0076 0.0082 0.0430 0.3309 0.2698
1494720000.0000 29850.0000 -0.2470 -0.3295 -0.0938 0.4444 36.8541 0.0210 0.0266 0.0559 -0.0035 -0.0093 0.0056 0.0518 0.4399 0.3060
1494720000.0000 30150.0000 -0.2641 -0.2333 0.1206 0.3878 48.5408 0.0366 0.0359 0.0431 0.0181 0.0011 -0.0003 0.0578 0.5271 0.4413
1494720000.0000 30450.0000 -0.4983 -0.2481 0.1662 0.6043 63.5311 0.1108 0.0375 0.0564 0.0089 0.0133 -0.0092 0.1024 0.4497 0.3995
1494720000.0000 30750.0000 -0.5377 -0.0284 0.0082 0.6369 86.9735 0.0889 0.1002 0.0735 0.0104 -0.0307 -0.0068 0.1313 0.5494 0.4663
1494720000.0000 31050.0000 -0.4866 -0.0730 0.0932 0.5706 81.4739 0.0605 0.0743 0.0462 -0.0057 -0.0079 -0.0128 0.0905 0.4904 0.4307
1494720000.0000 31350.0000 -0.8351 -0.3336 0.2459 0.9795 68.2255 0.1224 0.1336 0.0460 -0.0129 0.0063 0.0016 0.1510 0.3404 0.3249
1494720000.0000 31650.0000 -0.7876 -0.3019 0.1701 0.8790 69.0261 0.0671 0.0785 0.0621 0.0202 0.0052 -0.0143 0.1038 0.3058 0.2612
1494720000.0000 31950.0000 -0.7076 -0.1888 0.1925 0.8166 75.0608 0.1221 0.1360 0.0888 -0.0019 -0.0268 -0.0175 0.1734 0.4491 0.4005
1494720000.0000 32250.0000 -0.9009 -0.2296 0.1552 0.9730 75.7002 0.1216 0.0579 0.0710 -0.0134 -0.0009 -0.0179 0.1253 0.3066 0.2631
1494720000.0000 32550.0000 -0.5064 -0.2023 -0.1051 0.6231 68.2203 0.1351 0.0478 0.0455 0.0082 0.0029 -0.0285 0.1142 0.4970 0.4529
1494720000.0000 32850.0000 -0.1165 0.0149 -0.2330 0.4014 97.2745 0.0713 0.1644 0.0799 0.0217 -0.0225 -0.0238 0.1578 1.2429 2.3868
1494720000.0000 33150.0000 -0.4888 -0.4958 0.1206 0.7437 44.5941 0.0948 0.0840 0.0561 0.0327 -0.0088 -0.0125 0.1174 0.3960 0.3506
1494720000.0000 33450.0000 -0.4555 0.1164 -0.0370 0.5302 104.3312 0.0513 0.0617 0.0839 -0.0019 0.0148 -0.0003 0.0985 0.5433 0.4128
1494720000.0000 33750.0000 0.0820 0.1013 -0.3129 0.2905 218.9743 0.0769 0.0264 0.0215 0.0074 -0.0043 -0.0045 0.0624 0.6017 1.4233
1494720000.0000 34050.0000 0.1309 -0.1627 -0.0301 0.3436 321.1780 0.0593 0.0974 0.0474 -0.0114 -0.0142 -0.0093 0.1020 1.2365 1.0946
1494720000.0000 34350.0000 0.3555 -0.9047 -0.1947 1.0405 338.5450 0.1126 0.0892 0.0790 0.0457 -0.0184 -0.0129 0.1404 0.3086 0.2668
1494720000.0000 34650.0000 -0.0885 -1.0586 0.1140 1.1487 4.7773 0.1715 0.2196 0.1007 0.0574 -0.0180 0.0547 0.2459 0.3790 0.3399
1494720000.0000 34950.0000 -0.8769 -0.8914 0.1781 1.3338 44.5278 0.2986 0.1338 0.1448 -0.0135 -0.1071 0.0569 0.2886 0.3473 0.3036
1494720000.0000 35250.0000 -0.2687 -0.3506 0.0539 0.5387 37.4647 0.0692 0.1647 0.0890 0.0488 0.0063 0.0095 0.1615 0.7373 0.6322
1494720000.0000 35550.0000 -0.2075 -0.5625 -0.0988 0.7637 20.2453 0.2339 0.1017 0.1373 0.0231 -0.1107 0.0041 0.2365 0.6534 0.5578
1494720000.0000 35850.0000 -0.7084 0.0811 0.3127 0.8074 96.5342 0.1946 0.1174 0.0924 -0.0093 0.0086 -0.0252 0.2022 0.4715 0.4522
1494720000.0000 36150.0000 -0.7988 0.2589 0.0969 0.8914 107.9553 0.0643 0.0864 0.1079 0.0095 -0.0025 -0.0380 0.1293 0.3473 0.2669
1494720000.0000 36450.0000 -0.6761 -0.0363 -0.0014 0.7825 86.9237 0.1552 0.1289 0.1208 0.0731 -0.0322 -0.0278 0.2024 0.5426 0.4545
1494720000.0000 36750.0000 -1.0069 0.1435 0.1283 1.1575 98.1119 0.1355 0.2971 0.1058 -0.0966 0.0109 -0.0307 0.2692 0.4132 0.3734
1494720000.0000 37050.0000 -1.2500 0.0698 0.1903 1.3428 93.1958 0.3469 0.2077 0.1515 -0.0161 0.0278 -0.0312 0.3531 0.3831 0.3434
1494720000.0000 37350.0000 -1.5258 0.0625 0.3086 1.6989 92.3453 0.4542 0.5515 0.2996 -0.0481 0.0558 -0.1390 0.6526 0.4234 0.3791
1494720000.0000 37650.0000 -1.7180 -0.4695 0.4625 1.9686 74.7142 0.6695 0.5959 0.1944 0.0614 0.0057 -0.0808 0.7299 0.3791 0.3647
1494720000.0000 37950.0000 -1.6513 -0.1684 0.4060 1.8917 84.1770 0.4923 0.7980 0.2755 0.0281 0.0597 -0.0308 0.7829 0.4228 0.3951
1494720000.0000 38250.0000 -0.9604 0.4311 0.1614 1.1991 114.1759 0.3884 0.2168 0.1906 0.0588 0.0322 -0.0961 0.3979 0.4836 0.4266
1494720000.0000 38550.0000 -1.2258 0.1696 0.2472 1.2983 97.8790 0.3047 0.1278 0.0912 0.0085 0.0402 -0.0261 0.2618 0.3311 0.3068
1494720000.0000 38850.0000 -0.9179 0.2200 0.0803 1.0218 103.4761 0.1813 0.1642 0.0563 -0.0632 0.0054 -0.0067 0.2009 0.3863 0.3595
1494720000.0000 39150.0000 -0.5217 0.2384 0.0784 0.6747 114.5605 0.1154 0.1171 0.0976 -0.0089 0.0322 -0.0423 0.1651 0.5730 0.4853
1494720000.0000 39450.0000 -0.6095 -0.2524 0.0170 0.9190 67.5075 0.5715 0.1933 0.1716 -0.1532 -0.1372 0.0308 0.4682 0.8466 0.7654
1494720000.0000 39750.0000 -1.7435 -0.1865 0.2223 1.8199 83.8944 0.3300 0.2132 0.1476 -0.0561 -0.0437 -0.0468 0.3454 0.2715 0.2427
1494720000.0000 40050.0000 -0.7201 -0.2784 0.0637 1.1395 68.8592 1.0276 0.2456 0.2641 0.0384 -0.2450 -0.0816 0.7687 0.9241 0.8438
1494720000.0000 40350.0000 -1.2451 -0.2561 0.3803 1.4394 78.3781 0.5483 0.4947 0.1882 0.2370 -0.0382 -0.0625 0.6156 0.4828 0.4638
1494720000.0000 40650.0000 -1.6943 0.2143 0.2690 1.8492 97.2097 0.7634 0.4851 0.2724 -0.1099 0.1785 -0.1132 0.7604 0.4118 0.3777
1494720000.0000 40950.0000 -0.8312 0.3179 -0.0295 1.2516 110.9290 0.4287 0.6850 0.3364 0.1430 -0.0240 -0.1802 0.7250 0.7808 0.6847
1494720000.0000 41250.0000 -1.4152 -0.4652 0.3385 1.5902 71.8032 0.2944 0.2944 0.1440 0.0285 0.0276 -0.0380 0.3664 0.3235 0.2974
1494720000.0000 41550.0000 -0.9403 0.0114 0.0739 1.0806 90.6916 0.2860 0.3038 0.1854 0.0099 -0.0450 -0.0683 0.3876 0.5389 0.4715
1494720000.0000 41850.0000 -0.6151 -0.6634 0.2452 1.0079 42.8348 0.2811 0.1189 0.1225 -0.0058 -0.0053 0.0268 0.2613 0.4452 0.4036
1494720000.0000 42150.0000 -0.5914 -0.7674 0.1239 1.1067 37.6206 0.4483 0.2539 0.1582 0.1208 -0.0874 -0.0117 0.4302 0.5483 0.4994
1494720000.0000 42450.0000 -0.5747 -0.7450 0.0888 1.1152 37.6439 0.5170 0.0950 0.0946 0.0308 -0.0419 -0.0281 0.3533 0.5135 0.4800
1494720000.0000 42750.0000 -1.0549 -0.7420 0.3994 1.6498 54.8773 0.9233 0.5285 0.1708 -0.4441 0.0997 -0.0511 0.8113 0.5447 0.5394
1494720000.0000 43050.0000 -1.2830 0.0572 0.3519 1.4370 92.5539 0.4906 0.3292 0.1737 0.0629 0.0286 -0.0753 0.4967 0.4322 0.4070
1494720000.0000 43350.0000 -1.3467 0.3003 -0.0362 1.5302 102.5697 0.3456 0.4200 0.3366 -0.0959 -0.0101 -0.1221 0.5511 0.4392 0.3661
1494720000.0000 43650.0000 -0.8921 -0.0825 0.3428 1.0575 84.7173 0.2803 0.3003 0.0840 -0.0179 0.0128 -0.0273 0.3323 0.4907 0.4910
1494720000.0000 43950.0000 -1.1972 0.3490 0.2727 1.3707 106.2532 0.3557 0.3557 0.1516 -0.0753 0.0454 -0.1075 0.4315 0.4202 0.3905
1494720000.0000 44250.0000 -1.3921 -0.1152 0.3066 1.5194 85.2680 0.3073 0.3664 0.1975 0.0800 0.0116 -0.0589 0.4356 0.3768 0.3392
1494720000.0000 44550.0000 -0.7140 0.0622 0.1355 0.9317 94.9809 0.3816 0.2445 0.2174 0.0262 0.0237 -0.0102 0.4218 0.7270 0.6375
1494720000.0000 44850.0000 -0.6227 0.0670 0.2161 0.7787 96.1443 0.2623 0.1574 0.1056 0.0395 0.0171 0.0066 0.2627 0.6316 0.5972
1494720000.0000 45150.0000 -0.1230 -0.2117 0.0927 0.7036 30.1595 0.2136 0.4081 0.1142 -0.1384 0.0068 -0.0304 0.3680 1.8913 1.8589
1494720000.0000 45450.0000 -0.9882 -0.6122 0.1703 1.8818 58.2238 1.6593 1.0405 0.3026 -0.5463 -0.1210 -0.1067 1.5012 0.8515 0.8161
1494720000.0000 45750.0000 -0.7560 0.7364 0.0910 1.3593 134.2478 1.0745 0.5085 0.3885 -0.3190 0.0879 -0.2228 0.9857 0.7653 0.6883
1494720000.0000 46050.0000 -1.4612 1.0347 -0.0508 1.8976 125.3028 0.3921 0.3176 0.1780 0.0510 0.0126 -0.0765 0.4439 0.3037 0.2717
1494720000.0000 46350.0000 -0.9614 -0.0538 0.1131 1.0907 86.7992 0.3480 0.1911 0.1685 -0.0113 -0.0329 -0.0767 0.3538 0.5009 0.4402
1494720000.0000 46650.0000 -1.5421 0.2414 0.1890 1.7609 98.8970 0.5995 0.7499 0.2644 -0.0029 -0.0081 -0.2095 0.8069 0.4665 0.4297
1494720000.0000 46950.0000 -1.3423 -0.1060 0.2944 1.4585 85.4864 0.4314 0.3154 0.2468 -0.0378 0.1021 -0.1081 0.4968 0.4175 0.3705
1494720000.0000 47250.0000 -0.9418 0.1390 0.2831 1.1874 98.3938 0.7401 0.3898 0.1743 -0.1600 0.0495 -0.1276 0.6521 0.6638 0.6446
1494720000.0000 47550.0000 -1.3274 0.3488 0.2179 1.6873 104.7221 0.6443 0.9832 0.3527 0.0786 -0.0382 -0.3482 0.9901 0.5847 0.5367
1494720000.0000 47850.0000 -1.3154 -0.6020 0.3524 1.5731 65.4090 0.4363 0.2355 0.0907 -0.1392 0.0104 -0.0288 0.3813 0.3386 0.3271
1494720000.0000 48150.0000 -1.4612 -0.2710 0.3825 1.6764 79.4929 0.3814 0.5386 0.2057 -0.2191 0.1090 -0.1364 0.5628 0.3992 0.3726
1494720000.0000 48450.0000 -0.3930 -0.2409 -0.0902 0.7187 58.4961 0.2856 0.2027 0.2074 -0.0214 -0.0621 -0.0617 0.3479 1.0253 0.8753
1494720000.0000 48750.0000 -0.7077 0.6177 0.1435 1.3598 131.1160 1.1542 0.7201 0.3574 -0.2663 -0.0290 -0.2499 1.1158 0.9076 0.8414
1494720000.0000 49050.0000 -1.3960 -0.0853 0.3707 1.5842 86.5039 0.5641 0.4805 0.1872 0.0295 0.0389 -0.0848 0.6159 0.4429 0.4219
1494720000.0000 49350.0000 -1.5540 0.4652 0.2434 1.7803 106.6636 0.8234 0.4278 0.1984 -0.1360 0.0612 -0.1262 0.7248 0.4238 0.3981
1494720000.0000 49650.0000 -1.5629 0.3857 0.1975 1.6983 103.8624 0.4297 0.2542 0.2339 0.0517 -0.0752 -0.1227 0.4589 0.3410 0.2966
1494720000.0000 49950.0000 -1.2050 -0.0674 0.2696 1.3801 86.7986 0.3056 0.4360 0.1390 -0.0504 0.0506 -0.0816 0.4403 0.4381 0.4120
1494720000.0000 50250.0000 -1.6611 0.2060 0.1183 1.8505 97.0681 0.6842 0.5653 0.2377 0.0480 -0.0616 -0.1906 0.7436 0.4196 0.3856
1494720000.0000 50550.0000 -0.6295 -0.0619 0.3144 0.9595 84.3880 0.6095 0.3058 0.1719 -0.1104 0.0753 -0.0780 0.5436 0.8522 0.8732
1494720000.0000 50850.0000 -0.4335 0.3539 0.0793 0.8978 129.2276 0.4465 0.3269 0.1834 0.0593 -0.0477 -0.0793 0.4784 0.9993 0.9074
1494720000.0000 51150.0000 -1.2984 0.1369 0.1322 1.4116 96.0175 0.3364 0.2564 0.1805 -0.0784 -0.0054 -0.0283 0.3867 0.3869 0.3405
1494720000.0000 51450.0000 -1.9082 0.2310 0.3094 2.0572 96.9021 0.6747 0.5087 0.2400 -0.1355 0.0902 -0.1493 0.7117 0.3538 0.3268
1494720000.0000 51750.0000 -1.3750 0.2726 0.1535 1.5455 101.2155 0.3958 0.4346 0.1678 -0.0716 0.0213 -0.1110 0.4991 0.4091 0.3753
1494720000.0000 52050.0000 -1.1945 0.7111 0.0567 1.4969 120.7673 0.3611 0.3955 0.1971 -0.0961 0.0475 -0.1196 0.4769 0.4053 0.3613
1494720000.0000 52350.0000 -0.3856 0.1901 0.0012 0.7133 116.2371 0.1816 0.3247 0.1504 -0.0562 -0.0145 -0.1119 0.3283 1.0882 0.9555
1494720000.0000 52650.0000 -0.6566 0.7538 -0.2521 1.0935 138.9424 0.2440 0.1597 0.1398 -0.0161 -0.0595 -0.0288 0.2718 0.4129 0.3670
1494720000.0000 52950.0000 -1.4383 0.4193 0.1355 1.6133 106.2518 0.5537 0.3132 0.1877 0.0112 -0.0577 -0.0891 0.5273 0.3942 0.3588
1494720000.0000 53250.0000 -1.5971 -0.1456 0.4483 1.7211 84.7906 0.4210 0.4179 0.2045 0.0630 0.0132 -0.0699 0.5217 0.3542 0.3297
1494720000.0000 53550.0000 -1.4242 -0.0782 0.3283 1.5504 86.8575 0.3342 0.3742 0.1474 -0.0351 0.0221 -0.0581 0.4279 0.3649 0.3407
1494720000.0000 53850.0000 -0.6786 -0.0078 0.0213 1.0105 89.3396 0.1289 0.5326 0.1263 0.0323 -0.0191 -0.1492 0.3939 0.7547 0.6919
1494720000.0000 54150.0000 0.0374 -0.1601 0.0747 0.5902 346.8404 0.2203 0.2060 0.1005 0.1377 -0.0989 -0.0983 0.2634 2.3204 2.2927
1494720000.0000 54450.0000 -0.0458 0.1717 0.0251 0.4021 165.0516 0.1239 0.0716 0.0547 0.0028 -0.0211 -0.0019 0.1251 1.6088 1.4361
1494720000.0000 54750.0000 -0.5296 -0.1709 0.1786 0.7466 72.1168 0.2789 0.1453 0.0440 0.0164 -0.0337 -0.0221 0.2341 0.6758 0.6756
1494720000.0000 55050.0000 -0.1413 -0.4016 0.0853 0.5899 19.3821 0.1054 0.1506 0.0771 0.0635 -0.0610 -0.0492 0.1665 0.7673 0.6860
1494720000.0000 55350.0000 -0.1970 -0.8424 0.3307 1.2297 13.1605 0.5532 0.5976 0.2539 0.0808 -0.0861 -0.0770 0.7024 0.7388 0.7159
1494720000.0000 55650.0000 0.7411 -0.0999 -0.2725 1.0719 277.6784 0.4433 0.4488 0.3754 -0.1566 -0.0285 -0.0706 0.6338 0.8167 0.7293
1494720000.0000 55950.0000 0.6983 -0.4089 -0.4155 1.6480 300.3507 0.7174 2.1051 0.4251 -0.2074 -0.2982 -0.1320 1.6238 1.1438 1.1986
1494720000.0000 56250.0000 0.0005 -0.2130 0.0890 0.9378 359.8672 0.3012 0.9573 0.2559 0.0677 -0.1704 -0.1681 0.7572 3.0774 3.0406
1494720000.0000 56550.0000 0.3428 0.2157 -0.1561 0.7035 237.8238 0.2207 0.3035 0.1662 -0.1189 -0.0729 -0.0069 0.3452 1.1052 1.0321
1494720000.0000 56850.0000 0.5858 -0.4976 -0.2947 1.0453 310.3470 0.6368 0.2637 0.2045 -0.2217 -0.1563 0.0596 0.5525 0.7373 0.7128
1494720000.0000 57150.0000 0.0357 -0.7783 0.1018 1.3236 357.3713 0.7499 0.9718 0.4905 0.6250 -0.3840 -0.3213 1.1061 1.0929 0.9724
1494720000.0000 57450.0000 -0.1052 0.0954 -0.0832 0.7615 132.1999 0.5217 0.2768 0.2619 -0.0332 -0.0541 0.0725 0.5302 3.6122 3.6325
1494720000.0000 57750.0000 0.4720 -0.1794 -0.2746 0.6999 290.8097 0.1875 0.2016 0.1709 0.0168 -0.0415 -0.0306 0.2800 0.7517 0.7132
1494720000.0000 58050.0000 0.3288 0.0668 -0.3607 1.3058 258.5234 1.0569 0.7601 0.2827 -0.1271 -0.2734 0.0066 1.0498 1.6983 2.3197
1494720000.0000 58350.0000 0.5593 -0.3892 -0.3155 1.3598 304.8354 0.9958 0.7252 0.5998 -0.1608 -0.4557 0.0246 1.1604 1.1713 1.1115
1494720000.0000 58650.0000 0.0288 0.0935 -0.0613 0.6944 197.0955 0.2065 0.4015 0.1734 0.0962 -0.1215 -0.1333 0.3907 4.4216 4.6022
1494720000.0000 58950.0000 -0.6938 -0.9598 0.1630 1.3429 35.8639 0.3647 0.2068 0.1400 -0.0892 -0.0403 0.0249 0.3558 0.4074 0.3685
1494720000.0000 59250.0000 0.1296 -0.2472 0.1215 0.6801 332.3264 0.1941 0.3847 0.1273 0.0664 -0.0827 -0.0271 0.3530 1.5938 1.5739
1494720000.0000 59550.0000 0.0221 0.6173 -0.1970 0.6777 182.0514 0.0444 0.1179 0.0850 -0.0242 0.0059 -0.0467 0.1237 0.4429 0.3766
1494720000.0000 59850.0000 -0.0516 -0.3027 0.0977 0.4524 9.6767 0.0952 0.1308 0.0371 0.0670 0.0073 0.0261 0.1315 0.9188 0.8937
1494720000.0000 60150.0000 0.2724 -0.5134 -0.1366 0.9107 332.0469 0.1982 0.6981 0.1310 0.0290 -0.0383 -0.0527 0.5136 0.9801 0.9405
1494720000.0000 60450.0000 -0.1513 -0.8519 0.1290 0.9875 10.0700 0.1734 0.3932 0.1232 0.0593 -0.0558 -0.0339 0.3449 0.5482 0.5023
1494720000.0000 60750.0000 0.0527 -0.9387 0.1132 1.1463 356.7865 0.4144 0.4380 0.1235 0.2554 -0.1385 -0.0828 0.4879 0.6023 0.5670
1494720000.0000 61050.0000 -0.2338 -0.8670 0.1837 1.0157 15.0898 0.2673 0.3111 0.0600 0.1465 -0.0460 -0.0333 0.3192 0.5033 0.4890
1494720000.0000 61350.0000 0.0651 -0.5105 0.0954 0.6343 352.7341 0.1213 0.0716 0.0352 0.0182 0.0171 0.0030 0.1140 0.5267 0.4927
1494720000.0000 61650.0000 -0.3187 -0.6857 0.1657 0.8529 24.9278 0.1630 0.1574 0.0798 0.0490 -0.0446 -0.0192 0.2001 0.4718 0.4322
1494720000.0000 61950.0000 -0.6311 -0.7257 0.2679 1.0677 41.0135 0.2518 0.1084 0.0906 -0.0201 -0.0265 0.0388 0.2254 0.3883 0.3603
1494720000.0000 62250.0000 0.1495 -0.7608 0.0180 0.8781 348.8820 0.1472 0.1340 0.1136 -0.0266 -0.0504 0.0498 0.1974 0.4678 0.3949
1494720000.0000 62550.0000 -0.0978 -0.8965 -0.0810 1.0323 6.2278 0.2176 0.2091 0.1178 -0.0096 -0.0427 0.0403 0.2722 0.4705 0.4182
1494720000.0000 62850.0000 -0.2348 -1.1156 0.2469 1.2410 11.8859 0.2277 0.3708 0.1730 0.0329 -0.0526 -0.0147 0.3858 0.4347 0.3918
1494720000.0000 63150.0000 -0.5940 0.0708 0.1360 0.7581 96.7963 0.2450 0.2007 0.0464 0.0069 -0.0398 0.0082 0.2461 0.6602 0.6443
1494720000.0000 63450.0000 -0.0469 0.1908 -0.0427 0.3674 166.1897 0.0926 0.0283 0.0339 0.0140 -0.0257 -0.0125 0.0774 1.1296 1.0217
1494720000.0000 63750.0000 -0.1817 -0.1098 0.1188 0.4302 58.8454 0.1019 0.1237 0.0743 0.0168 0.0141 0.0015 0.1500 1.2998 1.2917
1494720000.0000 64050.0000 -0.3171 0.1915 0.1063 0.5354 121.1292 0.1120 0.1395 0.0373 -0.0610 -0.0013 -0.0303 0.1444 0.8051 0.7817
1494720000.0000 64350.0000 0.1259 0.0060 -0.1570 0.3842 267.2538 0.0895 0.0675 0.0699 0.0148 0.0057 -0.0340 0.1135 1.3661 1.8154
1494720000.0000 64650.0000 0.0908 -0.1574 -0.0094 0.4079 330.0202 0.1206 0.0603 0.0245 -0.0434 0.0040 0.0018 0.1027 1.4379 1.3513
1494720000.0000 64950.0000 0.3099 0.0716 -0.1335 0.4010 256.9923 0.0193 0.0620 0.0114 -0.0091 -0.0025 -0.0008 0.0463 0.5094 0.5175
1494720000.0000 65250.0000 0.3073 0.2941 -0.2065 0.4467 226.2532 0.0134 0.0218 0.0138 -0.0005 -0.0050 -0.0024 0.0245 0.2703 0.2546
1494720000.0000 65550.0000 0.2694 0.0615 -0.1637 0.4076 257.1415 0.1037 0.0519 0.0289 0.0526 -0.0348 -0.0163 0.0923 0.7722 0.8243
1494720000.0000 65850.0000 -0.1384 0.3591 -0.1205 0.7232 158.9278 0.3672 0.0632 0.0690 -0.0037 -0.1119 -0.0183 0.2497 1.0118 0.9843
1494720000.0000 66150.0000 0.2544 0.1534 -0.1050 0.6267 238.9103 0.2219 0.2234 0.1161 -0.1227 -0.0426 -0.0255 0.2807 1.3731 1.2970
1494720000.0000 66450.0000 0.2445 0.1758 -0.1305 0.5016 234.2822 0.0701 0.1614 0.0632 -0.0477 -0.0037 -0.0289 0.1473 0.9551 0.9226
1494720000.0000 66750.0000 0.4090 -0.1119 -0.1403 0.5628 285.3057 0.0488 0.1574 0.1112 -0.0001 -0.0232 -0.0621 0.1587 0.7281 0.6181
1494720000.0000 67050.0000 0.4110 0.1746 -0.1465 0.5147 246.9857 0.0649 0.0651 0.0743 -0.0094 -0.0386 0.0041 0.1022 0.5553 0.4662
1494720000.0000 67350.0000 0.6379 -0.0378 -0.2241 0.7256 273.3884 0.0585 0.1241 0.0428 -0.0309 -0.0203 0.0025 0.1127 0.4048 0.3861
1494720000.0000 67650.0000 0.4198 0.1746 -0.1856 0.5843 247.4130 0.1060 0.0705 0.0474 0.0687 -0.0556 -0.0324 0.1120 0.5564 0.5335
1494720000.0000 67950.0000 0.4536 0.1397 -0.1969 0.5090 252.8850 0.0258 0.0386 0.0152 0.0184 -0.0121 -0.0121 0.0399 0.3172 0.3089
1494720000.0000 68250.0000 0.4436 0.0412 -0.1434 0.5945 264.6935 0.1020 0.1196 0.0494 0.0360 -0.0520 -0.0314 0.1355 0.6422 0.6101
1494720000.0000 68550.0000 0.3985 0.1920 -0.1279 0.4665 244.2775 0.0193 0.0257 0.0228 0.0023 -0.0057 -0.0052 0.0339 0.3264 0.2767
1494720000.0000 68850.0000 0.3237 0.1485 -0.1129 0.4615 245.3467 0.0394 0.0733 0.0316 -0.0137 -0.0051 -0.0017 0.0721 0.5870 0.5441
1494720000.0000 69150.0000 0.5401 0.2412 -0.2939 0.6158 245.9384 0.0443 0.0316 0.0302 0.0096 -0.0213 -0.0035 0.0531 0.2848 0.2689
1494720000.0000 69450.0000 0.5775 0.2853 -0.2648 0.6547 243.7089 0.0239 0.0087 0.0149 -0.0005 -0.0106 -0.0000 0.0237 0.1806 0.1619
1494720000.0000 69750.0000 0.5618 0.2899 -0.2469 0.6425 242.7040 0.0274 0.0152 0.0191 0.0055 -0.0119 -0.0027 0.0309 0.2114 0.1885
1494720000.0000 70050.0000 0.5123 0.2223 -0.2323 0.5873 246.5430 0.0210 0.0331 0.0190 0.0023 -0.0110 -0.0030 0.0366 0.2581 0.2405
1494720000.0000 70350.0000 0.5998 0.0372 -0.2437 0.6588 266.4492 0.0348 0.0766 0.0347 -0.0039 -0.0091 0.0116 0.0731 0.3404 0.3207
1494720000.0000 70650.0000 0.6130 0.0520 -0.2690 0.6543 265.1513 0.0653 0.0601 0.0673 -0.0149 -0.0257 0.0176 0.0964 0.3776 0.3324
1494720000.0000 70950.0000 0.6957 -0.0232 -0.2958 0.7620 271.9068 0.0850 0.1143 0.0697 -0.0409 -0.0256 0.0238 0.1345 0.3959 0.3703
1494720000.0000 71250.0000 0.6953 -0.0247 -0.2697 0.7740 272.0355 0.1016 0.1402 0.0866 -0.0484 -0.0317 0.0155 0.1642 0.4434 0.4081
1494720000.0000 71550.0000 0.5926 0.0107 -0.2104 0.6560 268.9642 0.0363 0.0861 0.0415 0.0002 -0.0062 0.0012 0.0819 0.3716 0.3408
1494720000.0000 71850.0000 0.6667 -0.0165 -0.2211 0.7264 271.4196 0.0711 0.0931 0.0740 -0.0355 -0.0336 0.0253 0.1190 0.4010 0.3507
1494720000.0000 72150.0000 0.5607 0.1220 -0.2057 0.6296 257.7275 0.0547 0.0717 0.0654 0.0046 -0.0187 0.0070 0.0959 0.4149 0.3578
1494720000.0000 72450.0000 0.5394 0.1123 -0.1815 0.5992 258.2371 0.0455 0.0614 0.0547 -0.0029 -0.0201 0.0138 0.0808 0.4001 0.3427
1494720000.0000 72750.0000 0.5430 0.1049 -0.2170 0.6037 259.0694 0.0436 0.0683 0.0504 -0.0062 -0.0142 0.0139 0.0812 0.3915 0.3492
1494720000.0000 73050.0000 0.7178 0.0032 -0.2408 0.7868 269.7415 0.1198 0.1179 0.1339 -0.0113 -0.0647 0.0131 0.1858 0.4649 0.3922
1494720000.0000 73350.0000 0.6925 0.0455 -0.2394 0.7763 266.2391 0.1131 0.1397 0.1411 -0.0404 -0.0558 0.0426 0.1969 0.4935 0.4182
1494720000.0000 73650.0000 0.5447 0.1348 -0.1715 0.6304 256.0990 0.0530 0.0798 0.0752 -0.0129 -0.0164 0.0209 0.1040 0.4487 0.3749
1494720000.0000 73950.0000 0.5732 0.2244 -0.2263 0.6607 248.6183 0.0626 0.0672 0.0734 0.0195 -0.0296 0.0013 0.1016 0.3969 0.3380
1494720000.0000 74250.0000 0.5674 0.1744 -0.2211 0.6472 252.9135 0.0562 0.0745 0.0809 0.0102 -0.0232 0.0101 0.1058 0.4193 0.3516
1494720000.0000 74550.0000 0.5526 0.1841 -0.2167 0.6259 251.5756 0.0546 0.0569 0.0646 -0.0027 -0.0243 0.0026 0.0880 0.3899 0.3310
1494720000.0000 74850.0000 0.3501 0.1718 -0.1486 0.4210 243.8659 0.0382 0.0246 0.0371 0.0066 -0.0165 -0.0000 0.0499 0.4372 0.3710
1494720000.0000 75150.0000 0.1113 0.0339 -0.0270 0.2775 253.0678 0.0402 0.0538 0.0099 -0.0263 -0.0024 0.0032 0.0519 1.5584 1.5217
1494720000.0000 75450.0000 0.5004 -0.1306 -0.1662 0.5755 284.6278 0.0230 0.0684 0.0212 -0.0106 -0.0052 -0.0039 0.0563 0.3566 0.3374
1494720000.0000 75750.0000 0.4396 0.0956 -0.2186 0.4869 257.7295 0.0223 0.0343 0.0172 -0.0080 -0.0054 -0.0002 0.0369 0.3137 0.3055
1494720000.0000 76050.0000 0.4836 0.1152 -0.2354 0.5331 256.6010 0.0322 0.0369 0.0246 0.0010 -0.0119 0.0028 0.0468 0.3213 0.3052
1494720000.0000 76350.0000 0.4061 0.2381 -0.2113 0.4977 239.6140 0.0193 0.0258 0.0150 -0.0024 -0.0064 0.0017 0.0301 0.2743 0.2604
1494720000.0000 76650.0000 0.4043 0.3027 -0.2389 0.5235 233.1808 0.0122 0.0188 0.0090 -0.0019 -0.0038 -0.0010 0.0200 0.2066 0.2013
1494720000.0000 76950.0000 0.5056 0.2747 -0.2903 0.5893 241.4829 0.0215 0.0137 0.0087 0.0015 -0.0076 -0.0029 0.0220 0.1879 0.1884
1494720000.0000 77250.0000 0.4293 0.0219 -0.1826 0.4729 267.0745 0.0306 0.0393 0.0222 -0.0010 -0.0106 0.0046 0.0460 0.3751 0.3550
1494720000.0000 77550.0000 0.5589 0.2582 -0.2679 0.6377 245.2068 0.0224 0.0315 0.0137 0.0103 -0.0072 -0.0033 0.0338 0.2237 0.2177
1494720000.0000 77850.0000 0.5992 0.3359 -0.2880 0.6962 240.7251 0.0300 0.0111 0.0155 0.0045 -0.0128 -0.0026 0.0283 0.1843 0.1703
1494720000.0000 78150.0000 0.5480 0.2772 -0.2742 0.6278 243.1660 0.0204 0.0174 0.0146 0.0041 -0.0082 -0.0015 0.0262 0.1965 0.1827
1494720000.0000 78450.0000 0.6557 0.3182 -0.3240 0.7346 244.1172 0.0156 0.0085 0.0082 0.0026 -0.0036 -0.0006 0.0161 0.1300 0.1229
1494720000.0000 78750.0000 0.6740 0.3319 -0.3282 0.7550 243.7834 0.0127 0.0041 0.0078 0.0006 -0.0055 -0.0004 0.0123 0.1103 0.0994
1494720000.0000 79050.0000 0.6161 0.2681 -0.2741 0.6784 246.4784 0.0155 0.0101 0.0093 0.0047 -0.0056 -0.0012 0.0174 0.1486 0.1376
1494720000.0000 79350.0000 0.3464 0.3706 -0.1927 0.5204 223.0648 0.0102 0.0130 0.0088 -0.0035 -0.0025 -0.0019 0.0160 0.1903 0.1733
1494720000.0000 79650.0000 0.2624 0.3539 -0.1366 0.4479 216.5611 0.0037 0.0146 0.0063 0.0011 -0.0006 -0.0041 0.0123 0.1966 0.1775
1494720000.0000 79950.0000 0.4030 0.3130 -0.2546 0.5230 232.1605 0.0163 0.0084 0.0083 -0.0034 -0.0068 -0.0008 0.0165 0.1841 0.1781
1494720000.0000 80250.0000 0.4841 0.2621 -0.2398 0.5605 241.5686 0.0169 0.0098 0.0075 0.0029 -0.0040 -0.0022 0.0171 0.1780 0.1715
1494720000.0000 80550.0000 0.2895 0.0760 -0.1138 0.3308 255.2840 0.0262 0.0208 0.0081 0.0133 -0.0077 -0.0066 0.0276 0.4234 0.4184
1494720000.0000 80850.0000 0.2076 0.2184 -0.1427 0.3181 223.5470 0.0063 0.0173 0.0053 0.0024 -0.0023 -0.0041 0.0144 0.2938 0.2940
1494720000.0000 81150.0000 0.3610 0.2361 -0.1848 0.4412 236.8087 0.0172 0.0022 0.0066 -0.0005 -0.0074 0.0001 0.0130 0.1981 0.1862
1494720000.0000 81450.0000 0.4265 0.2688 -0.2442 0.5095 237.7839 0.0084 0.0026 0.0040 -0.0007 -0.0025 -0.0001 0.0075 0.1262 0.1202
1494720000.0000 81750.0000 0.1623 0.2878 -0.1054 0.3661 209.4243 0.0234 0.0092 0.0107 -0.0058 -0.0007 -0.0011 0.0216 0.3464 0.3155
1494720000.0000 82050.0000 0.3862 0.2079 -0.1937 0.4504 241.7031 0.0220 0.0037 0.0052 -0.0008 -0.0012 -0.0003 0.0154 0.2114 0.2108
1494720000.0000 82350.0000 0.3159 0.2920 -0.2025 0.4668 227.2565 0.0308 0.0136 0.0060 -0.0071 -0.0077 0.0029 0.0252 0.2728 0.2830
1494720000.0000 82650.0000 0.3351 0.3060 -0.2085 0.4895 227.5965 0.0385 0.0104 0.0105 -0.0084 -0.0088 0.0014 0.0297 0.2818 0.2813
1494720000.0000 82950.0000 0.3904 0.1551 -0.1932 0.4258 248.3363 0.0103 0.0058 0.0066 0.0031 -0.0048 -0.0015 0.0113 0.1881 0.1742
1494720000.0000 83250.0000 0.1101 0.1630 -0.0567 0.2283 214.0468 0.0152 0.0089 0.0063 0.0035 -0.0029 0.0002 0.0152 0.4918 0.4558
1494720000.0000 83550.0000 0.2798 0.1405 -0.1193 0.3291 243.3255 0.0414 0.0077 0.0071 0.0119 -0.0133 -0.0043 0.0282 0.4089 0.4089
1494720000.0000 83850.0000 0.6125 0.2530 -0.2871 0.6661 247.5548 0.0061 0.0055 0.0049 0.0018 -0.0024 -0.0005 0.0083 0.1028 0.0938
1494720000.0000 84150.0000 0.5250 0.2674 -0.2524 0.5967 243.0130 0.0230 0.0092 0.0111 0.0067 -0.0115 -0.0033 0.0217 0.1875 0.1759
1494720000.0000 84450.0000 0.1102 0.0232 -0.0250 0.2550 258.0974 0.0289 0.0318 0.0201 0.0139 0.0036 0.0042 0.0404 1.4226 1.2632
1494720000.0000 84750.0000 0.3449 -0.0047 -0.1415 0.4163 270.7729 0.0169 0.0568 0.0179 -0.0016 -0.0019 -0.0010 0.0458 0.4686 0.4544
1494720000.0000 85050.0000 0.4077 0.2162 -0.2088 0.4819 242.0650 0.0148 0.0194 0.0191 0.0005 -0.0091 -0.0024 0.0267 0.2633 0.2314
1494720000.0000 85350.0000 0.3106 0.1372 -0.2015 0.4233 246.1748 0.0139 0.0618 0.0101 -0.0117 -0.0043 -0.0014 0.0429 0.4285 0.4679
1494720000.0000 85650.0000 0.2910 0.3451 -0.2320 0.4694 220.1346 0.0146 0.0109 0.0107 -0.0040 -0.0041 0.0009 0.0181 0.2166 0.2043
1494720000.0000 85950.0000 0.2463 0.1412 -0.1101 0.3224 240.1735 0.0120 0.0310 0.0149 0.0078 -0.0046 -0.0089 0.0289 0.4560 0.4215
1494720000.0000 86250.0000 0.2833 -0.0028 -0.1154 0.3279 270.5687 0.0243 0.0290 0.0194 0.0084 -0.0062 0.0052 0.0364 0.5092 0.4709
1494806400.0000 86550.0000 0.4968 0.0316 -0.2361 0.5389 266.3568 0.0307 0.0457 0.0260 -0.0112 -0.0150 0.0102 0.0512 0.3354 0.3207
1494806400.0000 86850.0000 0.3416 0.2454 -0.2055 0.4440 234.3061 0.0103 0.0219 0.0095 0.0005 -0.0027 -0.0054 0.0209 0.2520 0.2464
1494806400.0000 87150.0000 0.2420 0.2740 -0.1950 0.3817 221.4574 0.0144 0.0208 0.0098 0.0081 -0.0067 -0.0072 0.0225 0.2958 0.2965
1494806400.0000 87450.0000 0.3040 0.0322 -0.1488 0.3316 263.9490 0.0189 0.0183 0.0057 0.0067 -0.0032 -0.0017 0.0214 0.3515 0.3641
1494806400.0000 87750.0000 0.2771 0.0862 -0.1090 0.3184 252.7183 0.0109 0.0174 0.0059 0.0018 -0.0007 -0.0003 0.0170 0.3439 0.3342
1494806400.0000 88050.0000 0.1764 0.1089 -0.0885 0.2262 238.3188 0.0069 0.0063 0.0045 -0.0016 0.0001 -0.0014 0.0088 0.3404 0.3200
1494806400.0000 88350.0000 0.2239 0.1489 -0.1526 0.2888 236.3747 0.0140 0.0132 0.0082 0.0063 -0.0053 -0.0023 0.0176 0.3507 0.3535
1494806400.0000 88650.0000 0.4081 0.0732 -0.1666 0.4482 259.8286 0.0259 0.0331 0.0194 0.0091 -0.0119 -0.0080 0.0392 0.3618 0.3381
1494806400.0000 88950.0000 0.4680 0.1643 -0.2096 0.5133 250.6521 0.0224 0.0187 0.0159 0.0091 -0.0105 -0.0028 0.0285 0.2562 0.2361
1494806400.0000 89250.0000 0.3376 0.1345 -0.1661 0.3886 248.2858 0.0189 0.0192 0.0102 0.0012 -0.0073 -0.0009 0.0241 0.3175 0.3099
1494806400.0000 89550.0000 0.3961 0.0660 -0.1538 0.4347 260.5340 0.0138 0.0291 0.0086 0.0028 -0.0021 -0.0032 0.0257 0.3046 0.2975
1494806400.0000 89850.0000 0.3962 0.0960 -0.2112 0.4277 256.3764 0.0183 0.0193 0.0132 0.0072 -0.0054 -0.0032 0.0254 0.2832 0.2743
1494806400.0000 90150.0000 0.3214 0.0721 -0.1568 0.3674 257.3564 0.0104 0.0273 0.0097 0.0022 -0.0042 -0.0006 0.0237 0.3447 0.3404
1494806400.0000 90450.0000 0.4127 0.1216 -0.1933 0.4605 253.5773 0.0203 0.0310 0.0129 0.0072 -0.0087 -0.0043 0.0321 0.3102 0.3039
1494806400.0000 90750.0000 0.3467 0.0408 -0.1226 0.3873 263.2872 0.0076 0.0292 0.0077 0.0021 -0.0014 -0.0003 0.0223 0.3292 0.3172
1494806400.0000 91050.0000 0.3273 0.0287 -0.1489 0.3586 264.9944 0.0126 0.0217 0.0106 0.0030 -0.0036 0.0004 0.0225 0.3395 0.3258
1494806400.0000 91350.0000 0.2751 0.1652 -0.1764 0.3548 239.0205 0.0070 0.0277 0.0061 0.0007 -0.0026 -0.0048 0.0204 0.3183 0.3349
1494806400.0000 91650.0000 0.0963 0.0727 -0.0699 0.1529 232.9503 0.0089 0.0086 0.0055 0.0042 -0.0039 -0.0002 0.0115 0.6268 0.6322
1494806400.0000 91950.0000 -0.1446 0.2128 0.0164 0.2938 145.8056 0.0198 0.0140 0.0103 0.0002 0.0018 0.0032 0.0220 0.4703 0.4128
1494806400.0000 92250.0000 0.1207 0.2823 -0.1149 0.3785 203.1549 0.0468 0.0109 0.0157 0.0038 -0.0160 -0.0014 0.0367 0.4768 0.4514
1494806400.0000 92550.0000 0.3271 0.2802 -0.2249 0.4379 229.4198 0.0028 0.0080 0.0022 -0.0013 -0.0012 0.0004 0.0065 0.1357 0.1394
1494806400.0000 92850.0000 0.0678 0.3354 -0.1443 0.3753 191.4287 0.0231 0.0173 0.0091 0.0053 -0.0027 -0.0023 0.0248 0.3460 0.3390
1494806400.0000 93150.0000 0.2322 0.2451 -0.1799 0.3459 223.4578 0.0068 0.0054 0.0061 0.0012 -0.0028 -0.0029 0.0092 0.2043 0.1888
1494806400.0000 93450.0000 0.2936 0.3201 -0.2016 0.4398 222.5250 0.0041 0.0052 0.0059 -0.0003 -0.0023 -0.0015 0.0076 0.1486 0.1284
1494806400.0000 93750.0000 0.0922 0.4170 -0.2003 0.4472 192.4633 0.0172 0.0086 0.0074 -0.0025 -0.0016 -0.0002 0.0166 0.2231 0.2173
1494806400.0000 94050.0000 0.2539 0.4533 -0.2229 0.5328 209.2524 0.0120 0.0089 0.0098 -0.0027 -0.0002 -0.0028 0.0154 0.1789 0.1606
1494806400.0000 94350.0000 0.2116 0.3890 -0.1837 0.4539 208.5412 0.0088 0.0063 0.0086 -0.0018 0.0011 -0.0027 0.0118 0.1853 0.1601
1494806400.0000 94650.0000 0.3314 0.3506 -0.2259 0.5034 223.3799 0.0191 0.0145 0.0112 -0.0042 0.0003 -0.0041 0.0224 0.2294 0.2193
1494806400.0000 94950.0000 0.5076 0.3282 -0.3182 0.6129 237.1106 0.0097 0.0070 0.0040 -0.0028 0.0000 -0.0008 0.0103 0.1214 0.1233
1494806400.0000 95250.0000 0.3937 0.3578 -0.2693 0.5726 227.7298 0.0504 0.0143 0.0087 -0.0060 -0.0067 -0.0021 0.0367 0.2623 0.2760
1494806400.0000 95550.0000 0.2550 0.4295 -0.2285 0.5398 210.6955 0.0548 0.0151 0.0158 -0.0025 -0.0166 0.0002 0.0428 0.3076 0.3055
1494806400.0000 95850.0000 0.5782 0.3152 -0.3210 0.6655 241.4017 0.0256 0.0060 0.0114 0.0027 -0.0094 -0.0033 0.0215 0.1634 0.1558
1494806400.0000 96150.0000 0.2624 0.0610 -0.1537 0.3295 256.9030 0.0290 0.0347 0.0141 0.0207 -0.0098 -0.0120 0.0389 0.5191 0.5407
1494806400.0000 96450.0000 0.2752 0.0170 -0.0923 0.3374 266.4697 0.0167 0.0384 0.0127 0.0118 -0.0056 -0.0146 0.0339 0.5170 0.4916
1494806400.0000 96750.0000 0.3450 0.2835 -0.2390 0.4774 230.5922 0.0735 0.0120 0.0189 0.0120 -0.0274 -0.0055 0.0522 0.3683 0.3781
1494806400.0000 97050.0000 0.4129 0.3116 -0.2695 0.5300 232.9587 0.0147 0.0060 0.0065 -0.0043 -0.0076 0.0018 0.0136 0.1635 0.1609
1494806400.0000 97350.0000 0.1891 0.3540 -0.1608 0.4216 208.1124 0.0186 0.0214 0.0057 0.0122 -0.0026 -0.0041 0.0229 0.2855 0.2876
1494806400.0000 97650.0000 0.1979 0.2294 -0.1214 0.3159 220.7773 0.0099 0.0058 0.0045 0.0019 -0.0010 -0.0014 0.0101 0.2510 0.2385
1494806400.0000 97950.0000 0.2327 0.2926 -0.1584 0.3956 218.4946 0.0176 0.0076 0.0072 -0.0017 -0.0025 -0.0018 0.0162 0.2562 0.2454
1494806400.0000 98250.0000 0.5383 0.2637 -0.2975 0.6024 243.9045 0.0156 0.0024 0.0081 0.0021 -0.0078 -0.0013 0.0131 0.1396 0.1295
1494806400.0000 98550.0000 0.4071 0.3032 -0.2394 0.5215 233.3187 0.0227 0.0066 0.0055 -0.0025 -0.0075 0.0012 0.0174 0.1918 0.1946
1494806400.0000 98850.0000 0.0527 0.1797 -0.1136 0.2389 196.3592 0.0249 0.0109 0.0075 0.0039 -0.0038 -0.0017 0.0217 0.5489 0.5835
1494806400.0000 99150.0000 0.1213 0.1064 0.0091 0.1929 228.7276 0.0124 0.0049 0.0084 -0.0031 -0.0060 0.0014 0.0128 0.5719 0.4703
1494806400.0000 99450.0000 0.3117 0.1611 -0.1347 0.3596 242.6709 0.0072 0.0087 0.0088 0.0035 -0.0042 -0.0057 0.0123 0.2413 0.2074
1494806400.0000 99750.0000 0.1875 0.1266 -0.0562 0.2662 235.9838 0.0086 0.0231 0.0082 0.0030 -0.0054 0.0007 0.0199 0.4944 0.4542
1494806400.0000 100050.0000 0.3710 -0.2062 -0.0919 0.4376 299.0585 0.0224 0.0191 0.0071 -0.0093 -0.0072 0.0005 0.0243 0.2929 0.2771
1494806400.0000 100350.0000 0.3131 0.1108 -0.1679 0.3504 250.5145 0.0121 0.0130 0.0059 0.0053 -0.0043 -0.0026 0.0155 0.2729 0.2753
1494806400.0000 100650.0000 0.3332 0.0254 -0.1301 0.3743 265.6409 0.0230 0.0266 0.0128 -0.0092 -0.0067 0.0093 0.0313 0.4025 0.3851
1494806400.0000 100950.0000 0.0293 0.1562 -0.0533 0.2019 190.6346 0.0160 0.0085 0.0072 -0.0003 -0.0036 0.0035 0.0159 0.6133 0.5693
1494806400.0000 101250.0000 0.3635 0.0072 -0.1350 0.4185 268.8606 0.0252 0.0443 0.0178 0.0062 -0.0096 -0.0003 0.0436 0.4397 0.4186
1494806400.0000 101550.0000 0.3453 0.0652 -0.1245 0.4027 259.3012 0.0175 0.0388 0.0175 0.0018 -0.0049 0.0077 0.0369 0.4206 0.3897
1494806400.0000 101850.0000 0.1375 -0.0056 -0.0590 0.2001 272.3406 0.0085 0.0248 0.0032 0.0060 0.0001 0.0014 0.0183 0.7374 0.7663
1494806400.0000 102150.0000 0.2992 0.1368 -0.1721 0.3516 245.4345 0.0166 0.0143 0.0072 0.0087 -0.0061 -0.0040 0.0191 0.3037 0.3086
1494806400.0000 102450.0000 0.0453 0.2634 -0.0965 0.3038 189.7664 0.0176 0.0170 0.0044 0.0015 -0.0027 -0.0007 0.0195 0.4016 0.4022
1494806400.0000 102750.0000 0.2001 0.1729 -0.1575 0.2808 229.1693 0.0065 0.0129 0.0070 0.0019 -0.0037 -0.0021 0.0132 0.3044 0.3040
1494806400.0000 103050.0000 0.0964 0.2255 -0.0794 0.3055 203.1501 0.0258 0.0216 0.0070 0.0075 -0.0054 -0.0024 0.0272 0.5223 0.5126
1494806400.0000 103350.0000 0.2312 0.1895 -0.1334 0.3181 230.6595 0.0066 0.0128 0.0045 -0.0003 -0.0012 -0.0009 0.0120 0.2732 0.2694
1494806400.0000 103650.0000 0.1191 0.1424 -0.0665 0.2280 219.9113 0.0110 0.0148 0.0049 -0.0020 0.0004 -0.0001 0.0153 0.5126 0.4993
1494806400.0000 103950.0000 0.1810 0.0248 -0.1095 0.2410 262.2127 0.0130 0.0222 0.0113 -0.0078 -0.0026 0.0008 0.0232 0.5844 0.5930
1494806400.0000 104250.0000 0.1842 -0.0596 -0.0090 0.2292 287.9275 0.0119 0.0172 0.0142 -0.0020 -0.0048 0.0035 0.0217 0.6205 0.5091
1494806400.0000 104550.0000 0.3342 -0.0707 -0.0797 0.4258 281.9405 0.0282 0.0767 0.0296 -0.0150 -0.0104 0.0103 0.0673 0.6037 0.5476
1494806400.0000 104850.0000 0.3456 -0.0175 -0.1238 0.4405 272.8997 0.0399 0.0666 0.0341 0.0025 -0.0115 0.0016 0.0703 0.5889 0.5442
1494806400.0000 105150.0000 0.4821 0.1791 -0.2257 0.5335 249.6181 0.0392 0.0248 0.0203 0.0152 -0.0131 -0.0061 0.0421 0.2983 0.2839
1494806400.0000 105450.0000 0.0857 0.0398 -0.0480 0.2057 245.0958 0.0285 0.0220 0.0162 0.0118 -0.0120 -0.0075 0.0333 1.4066 1.3730
1494806400.0000 105750.0000 -0.0073 0.0051 0.0045 0.1690 124.9137 0.0290 0.0186 0.0136 0.0158 -0.0125 -0.0077 0.0306 14.2266 14.0642
1494806400.0000 106050.0000 0.2509 -0.0868 -0.1093 0.3743 289.0793 0.0562 0.1042 0.0190 -0.0561 -0.0152 0.0234 0.0897 0.8517 0.8710
1494806400.0000 106350.0000 0.0515 0.1790 -0.0315 0.2942 196.0496 0.0531 0.0166 0.0277 -0.0066 -0.0294 0.0052 0.0487 0.9537 0.8184
1494806400.0000 106650.0000 0.2600 0.2635 -0.1646 0.3833 224.6177 0.0119 0.0105 0.0089 0.0015 -0.0023 -0.0042 0.0156 0.2519 0.2333
1494806400.0000 106950.0000 0.4603 0.1197 -0.1909 0.5366 255.4164 0.0240 0.0637 0.0182 -0.0037 -0.0100 -0.0028 0.0529 0.3666 0.3596
1494806400.0000 107250.0000 0.1065 -0.0205 0.0188 0.1837 280.8957 0.0187 0.0146 0.0098 0.0002 -0.0023 0.0037 0.0216 1.0897 0.9718
1494806400.0000 107550.0000 0.1162 0.1857 -0.0779 0.2443 212.0483 0.0112 0.0086 0.0026 0.0024 -0.0016 0.0012 0.0112 0.3718 0.3705
1494806400.0000 107850.0000 0.0551 0.0787 -0.0353 0.1635 215.0066 0.0203 0.0044 0.0036 0.0024 -0.0025 -0.0005 0.0142 0.9497 0.9448
1494806400.0000 108150.0000 -0.1306 0.2832 0.0153 0.3419 155.2410 0.0135 0.0174 0.0038 0.0043 0.0003 0.0019 0.0174 0.3445 0.3257
1494806400.0000 108450.0000 0.1695 0.1738 -0.1063 0.2689 224.2707 0.0199 0.0023 0.0069 -0.0004 -0.0098 -0.0007 0.0146 0.3716 0.3547
1494806400.0000 108750.0000 0.0298 0.1147 -0.0357 0.1400 194.5511 0.0046 0.0087 0.0055 0.0004 -0.0003 -0.0056 0.0094 0.6398 0.5611
1494806400.0000 109050.0000 -0.1785 -0.2520 0.0440 0.3246 35.3179 0.0123 0.0158 0.0030 0.0031 0.0010 0.0008 0.0155 0.3263 0.3133
1494806400.0000 109350.0000 0.2660 -0.3208 -0.0585 0.4409 320.3388 0.0250 0.0136 0.0085 -0.0006 -0.0061 0.0018 0.0235 0.2977 0.2720
1494806400.0000 109650.0000 0.0289 -0.3745 0.0271 0.4325 355.5805 0.0366 0.0420 0.0187 -0.0112 -0.0114 0.0172 0.0486 0.4782 0.4309
1494806400.0000 109950.0000 0.1564 -0.1265 -0.0366 0.2755 308.9609 0.0472 0.0257 0.0183 -0.0122 -0.0146 0.0061 0.0456 0.8526 0.7748
1494806400.0000 110250.0000 0.1493 -0.2923 -0.0001 0.4432 332.9479 0.0582 0.0870 0.0250 0.0127 -0.0011 0.0141 0.0851 0.7256 0.6702
1494806400.0000 110550.0000 -0.2982 -0.7313 0.0334 0.8450 22.1845 0.0716 0.0909 0.0494 -0.0207 -0.0097 0.0381 0.1059 0.3362 0.2947
1494806400.0000 110850.0000 -0.5348 -0.3682 0.1113 0.7211 55.4480 0.0585 0.0771 0.0331 -0.0269 0.0011 -0.0068 0.0843 0.3599 0.3274
1494806400.0000 111150.0000 -0.0590 -0.3282 0.0032 0.4071 10.1938 0.0519 0.0499 0.0274 0.0053 -0.0152 -0.0057 0.0646 0.6222 0.5523
1494806400.0000 111450.0000 -0.8635 -0.2117 0.1414 0.9057 76.2235 0.0951 0.0314 0.0356 0.0211 0.0149 0.0049 0.0810 0.2582 0.2309
1494806400.0000 111750.0000 -0.6304 -0.2520 0.0201 0.7424 68.2135 0.0753 0.0552 0.0618 -0.0254 -0.0199 0.0018 0.0962 0.3728 0.3072
1494806400.0000 112050.0000 -0.7113 -0.5214 0.3110 0.9318 53.7571 0.1479 0.0852 0.0774 0.0305 0.0010 0.0125 0.1552 0.3440 0.3160
1494806400.0000 112350.0000 -0.8645 -0.6705 0.0493 1.1515 52.2048 0.0942 0.1519 0.1133 0.0033 -0.0288 -0.0082 0.1797 0.3160 0.2618
1494806400.0000 112650.0000 -0.8113 -0.7991 0.2108 1.1830 45.4368 0.1043 0.0724 0.0718 -0.0074 -0.0385 0.0228 0.1242 0.2485 0.2131
1494806400.0000 112950.0000 -0.5380 -0.5212 0.1198 0.8343 45.9081 0.0887 0.0919 0.0956 -0.0359 -0.0219 0.0213 0.1381 0.3999 0.3275
1494806400.0000 113250.0000 -0.3763 -0.5098 -0.0051 0.7386 36.4333 0.0688 0.1465 0.0782 -0.0443 0.0124 -0.0262 0.1468 0.4936 0.4228
1494806400.0000 113550.0000 -1.1280 -0.1404 0.2661 1.2616 82.9048 0.1806 0.2414 0.1033 -0.0158 -0.0282 -0.0124 0.2626 0.3584 0.3299
1494806400.0000 113850.0000 -0.9747 -0.0503 0.2482 1.0336 87.0449 0.1136 0.1085 0.0755 -0.0147 -0.0034 -0.0126 0.1488 0.3128 0.2788
1494806400.0000 114150.0000 -0.8270 -0.1609 0.1280 0.8970 78.9888 0.1211 0.0997 0.0675 -0.0132 -0.0008 0.0160 0.1441 0.3637 0.3220
1494806400.0000 114450.0000 -0.8936 0.0211 0.0462 0.9708 91.3515 0.0986 0.1384 0.0846 0.0322 0.0064 -0.0200 0.1608 0.3658 0.3145
1494806400.0000 114750.0000 -0.6022 0.2169 0.0587 0.7584 109.8046 0.1021 0.1389 0.1593 0.0302 -0.0104 -0.0460 0.2001 0.5683 0.4428
1494806400.0000 115050.0000 -0.2855 -0.0645 0.1010 0.5518 77.2606 0.2176 0.0933 0.0849 0.0769 -0.0316 -0.0397 0.1979 1.1730 1.0998
1494806400.0000 115350.0000 -0.7472 -0.1108 0.2255 0.8696 81.5664 0.1089 0.1694 0.0584 0.0152 0.0110 -0.0173 0.1684 0.4250 0.4033
1494806400.0000 115650.0000 -0.6554 0.1789 -0.0220 0.7519 105.2663 0.1342 0.1064 0.0938 -0.0112 -0.0178 -0.0457 0.1672 0.4911 0.4168
1494806400.0000 115950.0000 -0.6293 -0.1784 0.2489 0.7654 74.1722 0.0700 0.1512 0.0861 -0.0285 0.0042 -0.0416 0.1536 0.4572 0.4150
1494806400.0000 116250.0000 -0.7168 0.0588 -0.0056 0.7570 94.6872 0.0761 0.0497 0.0594 0.0268 -0.0216 -0.0247 0.0926 0.3455 0.2847
1494806400.0000 116550.0000 -0.6843 -0.0475 0.1145 0.7410 86.0322 0.0623 0.0744 0.0664 -0.0089 0.0002 0.0035 0.1016 0.3742 0.3113
1494806400.0000 116850.0000 -0.6138 -0.1318 0.1052 0.6806 77.8780 0.1178 0.0592 0.0942 0.0034 0.0175 0.0076 0.1356 0.4723 0.3869
1494806400.0000 117150.0000 -0.4524 -0.8354 0.0653 1.1224 28.4401 0.2036 0.2525 0.0940 -0.1533 -0.0353 0.0547 0.2750 0.4497 0.4104
1494806400.0000 117450.0000 -0.8503 -0.7080 0.0879 1.2292 50.2181 0.2177 0.1968 0.1088 -0.0680 0.0048 0.0199 0.2616 0.3762 0.3359
1494806400.0000 117750.0000 -1.1524 -0.5093 0.1231 1.3561 66.1580 0.1703 0.1851 0.0884 -0.0777 -0.0146 0.0166 0.2219 0.3038 0.2732
1494806400.0000 118050.0000 -0.9099 -0.2477 0.1961 1.0117 74.7733 0.0632 0.1366 0.1091 0.0110 0.0081 0.0297 0.1545 0.3332 0.2737
1494806400.0000 118350.0000 -0.8522 -0.4371 0.1557 1.0751 62.8468 0.1743 0.1543 0.1060 -0.0351 0.0177 0.0304 0.2173 0.3923 0.3456
1494806400.0000 118650.0000 -1.2149 -0.3685 0.2746 1.3589 73.1281 0.1910 0.1982 0.1124 -0.0319 0.0021 0.0033 0.2508 0.3148 0.2837
1494806400.0000 118950.0000 -1.3886 -0.1289 0.1391 1.4711 84.6982 0.4403 0.2159 0.1141 -0.0623 0.0396 -0.0169 0.3851 0.3615 0.3354
1494806400.0000 119250.0000 -1.0273 -0.2594 0.1815 1.1348 75.8270 0.1195 0.1828 0.0964 0.0551 -0.0223 -0.0199 0.1993 0.3391 0.2996
1494806400.0000 119550.0000 -1.0143 -1.0231 0.2433 1.5341 44.7523 0.3662 0.1765 0.1408 0.0279 0.0127 0.0040 0.3418 0.3267 0.2952
1494806400.0000 119850.0000 -0.8579 -1.0740 0.3106 1.5886 38.6166 0.4533 0.5068 0.1412 -0.0954 0.0357 0.0533 0.5507 0.4299 0.4116
1494806400.0000 120150.0000 -1.2067 -1.1593 0.3132 1.8090 46.1487 0.2358 0.5282 0.1214 -0.0097 0.0282 0.0553 0.4427 0.3191 0.3016
1494806400.0000 120450.0000 -1.0824 -0.9101 0.3314 1.6304 49.9398 0.5807 0.3443 0.1210 -0.1088 -0.0800 -0.0062 0.5230 0.4065 0.3927
1494806400.0000 120750.0000 -1.3147 -0.9348 0.2726 1.7696 54.5857 0.2980 0.5983 0.1660 -0.0794 -0.0691 0.0151 0.5312 0.3637 0.3388
1494806400.0000 121050.0000 -0.8864 -0.6806 0.3063 1.3126 52.4827 0.3395 0.3600 0.1523 -0.0853 -0.0215 0.0420 0.4259 0.4599 0.4321
1494806400.0000 121350.0000 -1.0905 -1.0312 0.3572 1.6002 46.6028 0.3404 0.2115 0.1390 -0.0395 -0.0831 0.0295 0.3454 0.3110 0.2858
1494806400.0000 121650.0000 0.0549 -1.4415 0.0994 1.5383 357.8190 0.2581 0.2799 0.1489 -0.0867 -0.0327 0.0684 0.3434 0.3309 0.2936
1494806400.0000 121950.0000 -0.2817 -1.0451 0.3296 1.2786 15.0864 0.4368 0.2379 0.1481 -0.0640 -0.1196 0.0663 0.4114 0.4628 0.4381
1494806400.0000 122250.0000 -0.6397 -1.0784 0.1973 1.4504 30.6777 0.3955 0.4096 0.1204 -0.1255 -0.0861 0.0635 0.4628 0.4376 0.4132
1494806400.0000 122550.0000 -1.2389 -0.8496 0.3051 1.8088 55.5563 0.5353 0.7305 0.1770 -0.3466 -0.0794 -0.0121 0.7214 0.4524 0.4324
1494806400.0000 122850.0000 -1.2249 -0.5222 0.3366 1.4388 66.9116 0.3211 0.4081 0.1428 0.1202 -0.0290 -0.0248 0.4360 0.3925 0.3702
1494806400.0000 123150.0000 -0.9387 -0.9605 0.2788 1.4945 44.3451 0.4279 0.4113 0.2034 0.0888 0.0153 -0.0032 0.5213 0.4298 0.3938
1494806400.0000 123450.0000 -0.6471 0.1752 0.0375 1.0559 105.1455 0.3703 0.5428 0.2228 -0.1330 0.0249 -0.0703 0.5679 0.9164 0.8229
1494806400.0000 123750.0000 -1.4082 -0.5594 0.4347 1.6476 68.3348 0.3778 0.4629 0.1327 0.1478 -0.0387 0.0157 0.4866 0.3613 0.3494
1494806400.0000 124050.0000 -1.3339 -0.6567 0.3089 1.6858 63.7893 0.4524 0.5550 0.1609 -0.0508 -0.0748 0.0186 0.5842 0.4109 0.3898
1494806400.0000 124350.0000 -0.9425 -0.0884 0.1566 1.0362 84.6407 0.3180 0.1413 0.1902 -0.0845 0.0391 -0.0396 0.3248 0.4849 0.4133
1494806400.0000 124650.0000 -1.5196 -1.0653 0.4332 2.0615 54.9667 0.8545 0.6780 0.2050 0.0452 -0.0402 -0.0415 0.8687 0.3993 0.3851
1494806400.0000 124950.0000 -0.9106 -1.2615 0.4068 1.7240 35.8223 0.4759 0.4320 0.2242 -0.0889 0.0033 0.1070 0.5660 0.3820 0.3536
1494806400.0000 125250.0000 -1.1195 -0.6001 0.3127 1.5085 61.8068 0.4356 0.9855 0.2704 0.2552 -0.0424 -0.1491 0.8457 0.5740 0.5419
1494806400.0000 125550.0000 -1.3149 0.3986 0.0440 1.9791 106.8644 0.6955 1.9721 0.3519 0.6756 -0.2801 -0.4954 1.5098 0.7298 0.6863
1494806400.0000 125850.0000 -1.2630 -0.1581 0.2734 1.4415 82.8633 0.5957 0.2810 0.1723 0.0278 -0.0333 -0.0301 0.5245 0.4542 0.4247
1494806400.0000 126150.0000 -0.6071 0.0351 0.1636 0.9674 93.3097 0.2602 0.4857 0.1521 0.0957 -0.0053 -0.0525 0.4490 0.8687 0.8199
1494806400.0000 126450.0000 -1.5354 -0.4292 0.3583 1.7547 74.3809 0.7335 0.4735 0.1461 0.1561 -0.0196 -0.0450 0.6765 0.4110 0.3979
1494806400.0000 126750.0000 -1.9777 0.3559 0.2911 2.1557 100.2007 0.5671 0.5856 0.3261 0.0784 0.0352 -0.1772 0.7394 0.3458 0.3085
1494806400.0000 127050.0000 -1.5814 0.3762 0.2791 1.7974 103.3801 0.6901 0.5667 0.3234 0.2471 -0.1175 -0.2456 0.7901 0.4400 0.3982
1494806400.0000 127350.0000 -1.4888 0.7766 0.2538 1.8478 117.5466 0.5111 0.5357 0.3242 0.0371 0.0851 -0.2135 0.6855 0.3981 0.3518
1494806400.0000 127650.0000 -0.8440 -0.0616 0.1583 1.1941 85.8254 0.7830 0.4307 0.1983 0.2663 -0.1411 -0.1755 0.7060 0.7968 0.7516
1494806400.0000 127950.0000 -2.2418 0.1988 0.3554 2.4505 95.0683 0.6214 0.9766 0.2992 -0.0413 0.1264 -0.1606 0.9486 0.3490 0.3243
1494806400.0000 128250.0000 -1.4271 0.0205 0.1965 1.5420 90.8249 0.6981 0.2269 0.2179 -0.0609 -0.1123 -0.0093 0.5714 0.4284 0.3890
1494806400.0000 128550.0000 -1.2237 -0.6802 0.3521 1.6233 60.9327 0.7767 0.4727 0.3593 0.0271 -0.1001 -0.0981 0.8044 0.5073 0.4610
1494806400.0000 128850.0000 -1.0492 -0.0476 0.2763 1.4663 87.4037 0.4827 1.0258 0.2239 0.2730 -0.0546 -0.0588 0.8662 0.6997 0.6752
1494806400.0000 129150.0000 -1.3486 -0.5338 0.2911 1.6859 68.4062 0.6262 0.6433 0.2160 0.0833 0.0307 -0.0511 0.7427 0.4757 0.4485
1494806400.0000 129450.0000 -1.1279 0.0402 0.1869 1.3425 92.0415 0.4415 0.5613 0.2041 -0.0996 0.0283 -0.1600 0.6035 0.5544 0.5123
1494806400.0000 129750.0000 -1.0302 1.0172 -0.0718 1.5612 134.6363 0.5307 0.4154 0.2986 -0.1953 0.1136 -0.1294 0.6224 0.4444 0.3879
1494806400.0000 130050.0000 -1.3215 0.3767 0.2222 1.5595 105.9115 0.4530 0.5259 0.2811 -0.0322 0.0510 -0.1953 0.6300 0.4656 0.4157
1494806400.0000 130350.0000 -1.1793 0.6471 0.2021 1.5116 118.7540 0.7340 0.3158 0.2512 -0.0047 0.0612 -0.1176 0.6505 0.4841 0.4398
1494806400.0000 130650.0000 -1.1510 0.3470 0.1930 1.3077 106.7768 0.5282 0.2674 0.1754 -0.1347 0.1052 -0.0930 0.4855 0.4673 0.4284
1494806400.0000 130950.0000 -0.9489 0.3017 0.1922 1.1330 107.6359 0.2433 0.2899 0.1413 0.0392 0.0218 -0.0924 0.3372 0.4676 0.4234
1494806400.0000 131250.0000 -0.7782 -0.0803 0.2208 0.8897 84.1105 0.2551 0.1621 0.1141 -0.0303 -0.0459 -0.0072 0.2657 0.5177 0.4767
1494806400.0000 131550.0000 -0.8300 0.1190 0.1115 0.9943 98.1588 0.1998 0.3045 0.1531 -0.0309 0.0013 -0.1145 0.3287 0.5534 0.4889
1494806400.0000 131850.0000 -1.2175 -0.1759 0.2572 1.3507 81.7773 0.3405 0.3128 0.1325 0.0213 -0.0004 -0.0436 0.3929 0.4072 0.3793
1494806400.0000 132150.0000 -1.2905 0.6267 0.1709 1.5732 115.9004 0.6048 0.4540 0.2139 -0.1531 0.1038 -0.1617 0.6364 0.4508 0.4141
1494806400.0000 132450.0000 -0.7383 0.0493 0.3874 0.8772 93.8178 0.3827 0.1507 0.0787 -0.0650 0.0241 -0.0433 0.3060 0.5408 0.5698
1494806400.0000 132750.0000 0.2980 -0.1530 -0.0523 0.4116 297.1714 0.0301 0.0971 0.0579 -0.0216 0.0006 -0.0244 0.0926 0.7328 0.6149
1494806400.0000 133050.0000 -0.5405 -0.1125 0.2604 0.6782 78.2432 0.1671 0.1208 0.0535 0.0297 -0.0002 -0.0073 0.1707 0.5527 0.5612
1494806400.0000 133350.0000 -0.3095 0.4788 -0.1132 0.7703 147.1229 0.2036 0.4360 0.1440 -0.2139 0.0697 -0.1599 0.3917 0.8793 0.8099
1494806400.0000 133650.0000 0.2570 0.3670 -0.1168 0.5016 215.0005 0.0514 0.0327 0.0836 -0.0043 -0.0238 -0.0167 0.0839 0.5107 0.3737
1494806400.0000 133950.0000 0.3552 -0.7869 -0.1174 0.9916 335.7045 0.1899 0.2582 0.1477 0.0443 -0.0667 0.0084 0.2979 0.5115 0.4477
1494806400.0000 134250.0000 -0.6384 -0.4393 0.1487 1.1707 55.4663 0.6138 0.4935 0.1705 -0.2394 0.0208 -0.0231 0.6389 0.8271 0.7840
1494806400.0000 134550.0000 -1.3998 0.2289 0.2502 1.5243 99.2881 0.2748 0.3427 0.1874 -0.0475 0.0071 -0.1368 0.4024 0.3596 0.3199
1494806400.0000 134850.0000 0.1880 0.1914 -0.2192 0.6885 224.4835 0.2038 0.2923 0.1669 -0.1345 -0.0267 -0.0550 0.3315 1.3571 1.5160
1494806400.0000 135150.0000 0.4498 -0.3769 -0.1060 0.7002 309.9625 0.1669 0.2058 0.1585 -0.1343 -0.0450 0.0236 0.2656 0.7056 0.6006
1494806400.0000 135450.0000 0.3476 -0.0320 -0.0751 0.6530 275.2573 0.1611 0.2701 0.1384 -0.1600 -0.0580 0.0830 0.2848 1.2203 1.0861
1494806400.0000 135750.0000 0.0232 -0.2434 -0.0137 0.7388 354.5572 0.4994 0.1068 0.1740 -0.0367 -0.0791 -0.0031 0.3901 2.0826 1.8387
1494806400.0000 136050.0000 -1.1406 -0.0640 0.2590 1.2521 86.7878 0.5566 0.1686 0.1800 -0.1016 -0.0929 0.0128 0.4526 0.4689 0.4304
1494806400.0000 136350.0000 -0.5232 -0.3369 0.2780 0.8900 57.2250 0.2209 0.3600 0.1292 -0.0975 0.0020 0.0252 0.3550 0.7138 0.7071
1494806400.0000 136650.0000 -0.8999 -0.6721 0.3487 1.3790 53.2442 0.5486 0.3714 0.1637 -0.1386 0.0076 -0.0300 0.5419 0.5111 0.4930
1494806400.0000 136950.0000 0.0151 -1.0328 0.1672 1.2249 359.1651 0.3878 0.4338 0.1589 -0.0203 -0.1023 0.0846 0.4903 0.5463 0.5066
1494806400.0000 137250.0000 -0.7320 -0.5913 0.3218 1.1367 51.0680 0.4056 0.2815 0.1245 0.0609 -0.0410 0.0113 0.4058 0.5230 0.5086
1494806400.0000 137550.0000 -0.7234 -1.1265 0.3011 1.4726 32.7064 0.3622 0.3731 0.1612 0.0682 -0.0039 0.0774 0.4483 0.3984 0.3698
1494806400.0000 137850.0000 0.0713 -0.7715 -0.0267 0.9505 354.7214 0.1809 0.2796 0.1477 -0.0825 -0.0155 0.0086 0.3041 0.5809 0.5057
1494806400.0000 138150.0000 0.0291 -0.8769 0.0633 1.0332 358.1019 0.2855 0.1245 0.1637 -0.0887 -0.0836 0.0384 0.2869 0.4971 0.4213
1494806400.0000 138450.0000 0.7708 -0.3349 -0.1845 1.0092 293.4835 0.1635 0.3951 0.1542 -0.0879 -0.0321 -0.0538 0.3564 0.5666 0.5135
1494806400.0000 138750.0000 0.3494 -0.1153 -0.1796 0.5278 288.2658 0.0893 0.1170 0.0942 0.0027 0.0350 -0.0244 0.1502 0.7728 0.7126
1494806400.0000 139050.0000 0.2023 -0.0740 -0.0914 0.4963 290.0808 0.1166 0.1670 0.1605 -0.0223 -0.0187 -0.0760 0.2221 1.6443 1.4273
1494806400.0000 139350.0000 0.1696 0.4451 -0.1887 0.5297 200.8638 0.0480 0.0440 0.0808 -0.0080 -0.0201 -0.0032 0.0864 0.4684 0.3676
1494806400.0000 139650.0000 0.0912 0.4534 -0.1755 0.5000 191.3694 0.0420 0.0732 0.0465 -0.0005 -0.0086 -0.0322 0.0808 0.4692 0.4236
1494806400.0000 139950.0000 0.2970 0.3231 -0.2238 0.4742 222.5925 0.0820 0.0236 0.0490 0.0155 -0.0346 -0.0173 0.0773 0.4607 0.4274
1494806400.0000 140250.0000 0.0123 0.0283 -0.0327 0.2417 203.4955 0.0517 0.0249 0.0101 -0.0192 -0.0071 0.0018 0.0434 3.7777 5.1749
1494806400.0000 140550.0000 -0.0109 0.0335 0.0524 0.2611 161.9649 0.0394 0.0507 0.0228 -0.0156 0.0004 -0.0036 0.0565 3.0713 4.9194
1494806400.0000 140850.0000 -0.3703 -0.2524 0.1946 0.8641 55.7173 0.5776 0.3369 0.0785 0.1541 -0.1360 -0.0080 0.4965 1.1776 1.2321
1494806400.0000 141150.0000 -0.1903 -0.8209 0.2324 1.0265 13.0524 0.4018 0.1661 0.0893 0.0453 -0.0637 0.0433 0.3286 0.5354 0.5163
1494806400.0000 141450.0000 -1.2018 -1.0499 0.3673 1.6677 48.8580 0.4179 0.3107 0.0883 0.1517 -0.0174 0.0012 0.4085 0.3187 0.3088
1494806400.0000 141750.0000 0.1167 -0.3779 0.0860 0.4389 342.8329 0.0388 0.0554 0.0214 0.0137 -0.0005 0.0096 0.0578 0.4849 0.4480
1494806400.0000 142050.0000 -0.0540 -0.2937 0.1183 0.3627 10.4124 0.0427 0.0602 0.0159 0.0233 0.0006 0.0101 0.0594 0.6195 0.6201
1494806400.0000 142350.0000 0.2392 -0.4147 0.0264 0.6495 330.0215 0.3011 0.0761 0.0737 -0.0634 -0.1043 0.0291 0.2254 0.8086 0.7407
1494806400.0000 142650.0000 0.5222 -0.2954 -0.1925 0.6553 299.4959 0.1908 0.0660 0.0872 -0.0585 -0.0709 0.0087 0.1720 0.5373 0.4876
1494806400.0000 142950.0000 0.2568 -0.3898 0.0129 0.5862 326.6281 0.2868 0.1983 0.1241 -0.1615 -0.1494 0.1014 0.3046 0.9650 0.8615
1494806400.0000 143250.0000 0.6515 -0.8359 -0.1089 1.2597 322.0681 0.3165 0.5083 0.1680 0.0307 -0.0808 -0.0193 0.4964 0.5400 0.4948
1494806400.0000 143550.0000 -0.6491 -0.7914 0.2787 1.3883 39.3581 0.7856 0.4394 0.2081 -0.0709 -0.1549 0.0370 0.7166 0.6516 0.6244
1494806400.0000 143850.0000 -0.4977 -1.1750 0.2604 1.4169 22.9566 0.3727 0.6418 0.1410 0.1686 -0.0097 0.0492 0.5778 0.4765 0.4557
1494806400.0000 144150.0000 -0.9905 -1.3038 0.3438 1.7407 37.2240 0.4110 0.4507 0.0975 0.1119 0.0067 0.0653 0.4796 0.3380 0.3273
1494806400.0000 144450.0000 -0.9155 -1.3218 0.3373 1.7189 34.7055 0.3711 0.2601 0.1062 -0.0196 -0.0558 0.0587 0.3687 0.3018 0.2853
1494806400.0000 144750.0000 0.2308 -0.8378 0.0814 1.0133 344.5987 0.2834 0.1650 0.0921 0.0514 -0.0223 0.0276 0.2702 0.4863 0.4449
1494806400.0000 145050.0000 0.8059 -0.4088 -0.3119 0.9435 296.8977 0.1040 0.1108 0.0576 -0.0608 -0.0294 0.0119 0.1362 0.3152 0.2961
1494806400.0000 145350.0000 0.2275 -0.8159 0.0207 0.9964 344.4216 0.2739 0.1964 0.1028 -0.0053 -0.0752 0.0444 0.2866 0.5159 0.4675
1494806400.0000 145650.0000 0.3251 -0.2569 -0.0003 0.5193 308.3208 0.0522 0.1708 0.0334 -0.0487 -0.0055 0.0097 0.1282 0.7056 0.6579
1494806400.0000 145950.0000 0.1467 0.2302 -0.0734 0.3302 212.5034 0.0222 0.0300 0.0201 -0.0048 -0.0089 -0.0037 0.0361 0.5491 0.4830
1494806400.0000 146250.0000 0.6335 -0.2833 -0.1421 0.7462 294.0946 0.1299 0.1118 0.1079 -0.0540 -0.0479 0.0189 0.1748 0.4819 0.4090
1494806400.0000 146550.0000 0.1180 0.0626 -0.0275 0.2071 242.0703 0.0272 0.0170 0.0220 0.0084 -0.0146 -0.0076 0.0331 1.0887 0.9082
1494806400.0000 146850.0000 -0.2378 0.1362 0.0414 0.4291 119.8115 0.1647 0.0784 0.0287 -0.0155 -0.0102 -0.0055 0.1359 1.0862 1.0388
1494806400.0000 147150.0000 -0.0551 0.0421 0.0444 0.4181 127.3959 0.1413 0.1227 0.0616 -0.0693 -0.0223 0.0518 0.1628 4.0008 4.2764
1494806400.0000 147450.0000 -0.1600 -0.3033 0.0731 0.5499 27.8154 0.1765 0.1234 0.0468 0.0170 -0.0193 0.0298 0.1734 0.9697 0.9221
1494806400.0000 147750.0000 -0.2260 -0.3744 0.0770 0.5925 31.1179 0.1919 0.1230 0.0686 0.0648 -0.0340 -0.0113 0.1918 0.8051 0.7407
1494806400.0000 148050.0000 0.5622 -0.6046 -0.1129 0.9291 317.0798 0.1615 0.1437 0.0820 -0.0013 -0.0389 0.0154 0.1935 0.4311 0.3863
1494806400.0000 148350.0000 0.5454 -0.3919 -0.1582 0.7415 305.7043 0.0989 0.1708 0.0470 -0.0625 -0.0337 0.0272 0.1583 0.4708 0.4464
1494806400.0000 148650.0000 0.4724 -0.4060 -0.1558 0.6625 310.6782 0.0735 0.0851 0.0322 -0.0280 -0.0202 0.0245 0.0954 0.3928 0.3692
1494806400.0000 148950.0000 0.6297 -0.2758 -0.1920 0.7325 293.6533 0.0696 0.0986 0.0444 -0.0491 -0.0169 0.0267 0.1063 0.3730 0.3444
1494806400.0000 149250.0000 0.5021 -0.1872 -0.1148 0.5836 290.4444 0.0513 0.0631 0.0304 -0.0186 -0.0134 0.0090 0.0724 0.4008 0.3643
1494806400.0000 149550.0000 0.5148 -0.1045 -0.1681 0.5913 281.4766 0.0482 0.0802 0.0471 -0.0211 -0.0208 0.0104 0.0877 0.4386 0.3938
1494806400.0000 149850.0000 0.7870 -0.3461 -0.2208 0.9045 293.7366 0.0743 0.1022 0.0578 -0.0269 -0.0152 0.0124 0.1171 0.3148 0.2821
1494806400.0000 150150.0000 0.7161 -0.2175 -0.2779 0.8101 286.8945 0.1587 0.1268 0.0888 -0.0647 -0.0808 0.0309 0.1871 0.4424 0.4122
1494806400.0000 150450.0000 0.5746 -0.0589 -0.2369 0.6300 275.8520 0.0384 0.0776 0.0305 -0.0197 -0.0111 0.0066 0.0732 0.3539 0.3404
1494806400.0000 150750.0000 0.6187 -0.0546 -0.2177 0.6833 275.0444 0.0691 0.0922 0.0454 -0.0389 -0.0298 0.0230 0.1034 0.3988 0.3733
1494806400.0000 151050.0000 0.5869 0.0361 -0.2242 0.6432 266.4773 0.0410 0.0718 0.0426 -0.0022 -0.0149 -0.0002 0.0777 0.3616 0.3297
