1494720000.0000 150.0000 -0.2420 0.1879 -0.0229 0.3252 127.8235 0.0144 0.0098 0.0032 0.0011 -0.0001 -0.0017 0.0137 0.3112 0.2931
1494720000.0000 450.0000 -0.4335 0.2288 -0.0242 0.5055 117.8232 0.0113 0.0126 0.0048 0.0039 -0.0010 -0.0026 0.0144 0.1994 0.1823
1494720000.0000 750.0000 -0.2681 0.2551 0.0080 0.4339 133.5810 0.0329 0.0320 0.0061 0.0201 0.0015 0.0053 0.0355 0.4158 0.3975
1494720000.0000 1050.0000 0.3706 0.2573 0.0403 0.5165 235.2292 0.0423 0.0787 0.0138 0.0239 -0.0034 -0.0020 0.0674 0.4680 0.4452
1494720000.0000 1350.0000 0.2662 0.0107 0.0623 0.3505 267.6921 0.0309 0.0523 0.0034 0.0200 -0.0011 -0.0039 0.0433 0.6210 0.6250
1494720000.0000 1650.0000 -0.5239 -0.2974 -0.1673 0.6461 60.4153 0.1013 0.0408 0.0061 0.0208 0.0180 0.0095 0.0741 0.3556 0.3613
1494720000.0000 1950.0000 -0.3692 0.1405 0.0478 0.4334 110.8344 0.0615 0.0184 0.0108 -0.0154 0.0074 -0.0027 0.0453 0.4368 0.4130
1494720000.0000 2250.0000 -0.5654 0.5192 -0.0375 0.9080 132.5633 0.2841 0.0485 0.0073 0.0831 0.0294 0.0091 0.1700 0.4380 0.4338
1494720000.0000 2550.0000 -1.3210 0.6420 -0.0691 1.4931 115.9206 0.0897 0.0508 0.0148 0.0104 -0.0112 -0.0018 0.0777 0.1548 0.1474
1494720000.0000 2850.0000 -1.0696 0.5361 -0.1766 1.2327 116.6236 0.0506 0.0799 0.0296 0.0114 -0.0023 -0.0123 0.0801 0.1911 0.1744
1494720000.0000 3150.0000 -0.4760 0.3555 0.0701 0.7452 126.7595 0.2796 0.0482 0.0316 0.0171 0.0313 -0.0056 0.1797 0.5786 0.5564
1494720000.0000 3450.0000 -0.3540 0.1408 -0.0721 0.5058 111.6957 0.0767 0.0978 0.0242 0.0089 0.0206 0.0246 0.0993 0.6637 0.6331
1494720000.0000 3750.0000 -0.5207 0.4150 0.0187 0.6828 128.5544 0.0170 0.0226 0.0123 0.0007 -0.0015 -0.0052 0.0259 0.1974 0.1725
1494720000.0000 4050.0000 -0.3748 0.5089 0.0391 0.6430 143.6289 0.0211 0.0188 0.0097 -0.0065 0.0068 -0.0019 0.0248 0.2031 0.1826
1494720000.0000 4350.0000 -0.1481 0.1694 0.0118 0.2745 138.8477 0.0219 0.0230 0.0062 -0.0168 0.0014 -0.0041 0.0256 0.5793 0.5436
1494720000.0000 4650.0000 -0.3723 -0.0678 -0.1032 0.5472 79.6828 0.1289 0.1031 0.0142 -0.0743 0.0163 -0.0072 0.1231 0.7303 0.7348
1494720000.0000 4950.0000 -0.8422 0.3481 -0.0666 0.9753 112.4583 0.0675 0.1147 0.0346 0.0213 0.0077 -0.0180 0.1084 0.2942 0.2704
1494720000.0000 5250.0000 -1.0287 0.5382 -0.0711 1.2046 117.6172 0.0946 0.1221 0.0486 -0.0156 0.0280 -0.0172 0.1326 0.2556 0.2315
1494720000.0000 5550.0000 -0.8671 0.3904 -0.0573 0.9873 114.2374 0.0787 0.0520 0.0289 0.0128 0.0075 -0.0028 0.0798 0.2422 0.2195
1494720000.0000 5850.0000 -1.0906 0.4865 -0.0722 1.2355 114.0409 0.0868 0.1245 0.0458 -0.0102 0.0190 -0.0304 0.1285 0.2447 0.2222
1494720000.0000 6150.0000 -1.0341 0.4636 -0.0549 1.1768 114.1468 0.0562 0.1012 0.0332 0.0055 0.0100 -0.0123 0.0953 0.2222 0.2021
1494720000.0000 6450.0000 -0.0063 0.1801 0.0266 0.6933 178.0035 0.3528 0.2140 0.0529 -0.1779 0.0229 0.0000 0.3099 2.4943 2.4115
1494720000.0000 6750.0000 -0.5919 -0.2375 -0.1230 0.7311 68.1338 0.1106 0.0483 0.0097 -0.0494 0.0165 -0.0127 0.0843 0.3650 0.3608
1494720000.0000 7050.0000 -0.7386 0.3822 -0.0648 0.8999 117.3591 0.0667 0.0965 0.0114 0.0400 -0.0001 0.0011 0.0873 0.2893 0.2805
1494720000.0000 7350.0000 -0.6085 -0.0010 0.0822 0.6319 89.9019 0.0384 0.0282 0.0208 -0.0035 0.0000 0.0098 0.0437 0.2780 0.2449
1494720000.0000 7650.0000 -0.6307 0.1760 0.0874 0.6776 105.5919 0.0709 0.0264 0.0216 0.0007 0.0126 0.0052 0.0595 0.3014 0.2751
1494720000.0000 7950.0000 -0.7904 0.1810 -0.0878 0.8460 102.8994 0.0740 0.0690 0.0197 -0.0423 0.0085 -0.0107 0.0813 0.2855 0.2692
1494720000.0000 8250.0000 -1.0030 0.2021 -0.0909 1.0423 101.3916 0.0483 0.0380 0.0220 0.0001 0.0094 -0.0047 0.0542 0.1850 0.1657
1494720000.0000 8550.0000 -1.0957 0.0740 -0.0183 1.1460 93.8627 0.1153 0.1098 0.0570 -0.0473 0.0302 -0.0045 0.1411 0.2792 0.2495
1494720000.0000 8850.0000 -0.6420 0.5035 0.1037 0.8856 128.1050 0.1504 0.0469 0.0223 -0.0095 0.0001 -0.0045 0.1098 0.3289 0.3143
1494720000.0000 9150.0000 -0.3300 0.3630 0.0619 0.5424 137.7263 0.0559 0.0359 0.0126 -0.0105 0.0010 0.0017 0.0522 0.3774 0.3567
1494720000.0000 9450.0000 -0.4869 0.4855 0.0478 0.7278 134.9179 0.0345 0.0651 0.0208 0.0083 0.0031 -0.0083 0.0602 0.2906 0.2649
1494720000.0000 9750.0000 -0.5284 0.0148 -0.1055 0.6399 91.6069 0.2468 0.0563 0.0292 0.0366 0.0650 0.0202 0.1661 0.6174 0.6012
1494720000.0000 10050.0000 -1.6180 0.2724 -0.2438 1.6759 99.5573 0.0748 0.1156 0.0354 0.0029 0.0038 -0.0308 0.1129 0.1654 0.1535
1494720000.0000 10350.0000 -1.2930 0.2491 -0.0625 1.3318 100.9056 0.3062 0.0421 0.0564 -0.0606 0.0956 -0.0262 0.2024 0.2786 0.2588
1494720000.0000 10650.0000 -0.0907 0.2408 -0.0314 0.3334 159.3565 0.0310 0.0378 0.0201 0.0042 -0.0033 0.0121 0.0444 0.6639 0.5884
1494720000.0000 10950.0000 -0.4140 0.0387 -0.0113 0.4392 95.3440 0.0244 0.0195 0.0086 -0.0076 -0.0021 0.0001 0.0262 0.3179 0.2907
1494720000.0000 11250.0000 -0.2913 0.2987 0.0778 0.4956 135.7117 0.0542 0.0366 0.0185 0.0291 0.0058 -0.0026 0.0547 0.4498 0.4170
1494720000.0000 11550.0000 0.0159 0.1514 0.0726 0.2382 186.0016 0.0275 0.0224 0.0113 0.0119 0.0060 0.0039 0.0306 0.8471 0.8477
1494720000.0000 11850.0000 -0.1916 0.4697 0.0180 0.5732 157.8120 0.0719 0.0142 0.0056 -0.0061 0.0009 0.0006 0.0459 0.3445 0.3340
1494720000.0000 12150.0000 -0.2091 0.3377 0.0162 0.4806 148.2347 0.0666 0.0598 0.0116 -0.0421 0.0070 0.0059 0.0690 0.5397 0.5169
1494720000.0000 12450.0000 -0.0774 -0.1688 -0.0234 0.2145 24.6474 0.0147 0.0188 0.0034 0.0094 0.0006 0.0022 0.0185 0.5932 0.5694
1494720000.0000 12750.0000 -0.0151 0.1812 -0.0273 0.3848 175.2203 0.1262 0.0354 0.0099 -0.0433 0.0154 -0.0076 0.0857 1.3003 1.2764
1494720000.0000 13050.0000 -0.5100 0.6411 0.0181 0.8458 141.4995 0.0391 0.0183 0.0070 0.0126 0.0060 0.0016 0.0322 0.1789 0.1689
1494720000.0000 13350.0000 0.1415 0.5476 0.1027 0.6374 194.4872 0.0682 0.0381 0.0092 -0.0345 0.0025 -0.0022 0.0577 0.3413 0.3328
1494720000.0000 13650.0000 -0.0861 -0.0468 -0.0638 0.2448 61.5003 0.0579 0.0216 0.0055 0.0049 0.0135 0.0000 0.0425 1.4397 1.6608
1494720000.0000 13950.0000 -1.1450 0.2468 -0.1707 1.1872 102.1612 0.0479 0.0488 0.0142 -0.0206 -0.0027 -0.0058 0.0555 0.1624 0.1533
1494720000.0000 14250.0000 -1.3557 0.5394 -0.1334 1.4837 111.6982 0.0664 0.0828 0.0337 -0.0101 0.0146 -0.0137 0.0914 0.1685 0.1528
1494720000.0000 14550.0000 -0.6089 0.2069 0.0478 0.6681 108.7696 0.1939 0.0509 0.0303 -0.0560 -0.0081 -0.0046 0.1375 0.4696 0.4442
1494720000.0000 14850.0000 -0.0799 0.1390 0.0511 0.2235 150.1063 0.0214 0.0293 0.0121 0.0007 -0.0008 0.0023 0.0314 0.8602 0.8109
1494720000.0000 15150.0000 -0.2558 0.4876 0.0151 0.5599 152.3227 0.0089 0.0205 0.0098 -0.0007 0.0007 0.0036 0.0196 0.2076 0.1799
1494720000.0000 15450.0000 -0.3957 0.3863 0.0102 0.5653 134.3126 0.0161 0.0194 0.0163 -0.0051 0.0074 -0.0018 0.0259 0.2376 0.1968
1494720000.0000 15750.0000 -0.2695 0.5897 -0.0478 0.7732 155.4433 0.1744 0.0361 0.0274 0.0178 0.0432 -0.0080 0.1189 0.4331 0.4085
1494720000.0000 16050.0000 -0.9514 0.3425 -0.1247 1.0416 109.7975 0.0526 0.0678 0.0334 -0.0054 0.0056 -0.0150 0.0769 0.2222 0.1981
1494720000.0000 16350.0000 -0.4044 0.3014 0.0190 0.5255 126.7019 0.0407 0.0393 0.0121 -0.0183 -0.0003 -0.0031 0.0460 0.3471 0.3238
1494720000.0000 16650.0000 -0.5096 0.4379 -0.0868 0.7010 130.6713 0.1296 0.0846 0.0446 -0.0584 0.0513 -0.0327 0.1294 0.4336 0.3977
1494720000.0000 16950.0000 -0.6383 0.2612 -0.0584 0.7314 112.2552 0.1253 0.0777 0.0556 -0.0304 0.0449 -0.0139 0.1293 0.4243 0.3772
1494720000.0000 17250.0000 -0.8251 0.7811 -0.1679 1.1922 133.4308 0.1766 0.2330 0.0471 -0.0710 0.0132 -0.0144 0.2283 0.3397 0.3252
1494720000.0000 17550.0000 -0.4623 0.4643 0.0914 0.8435 135.1242 0.3007 0.0265 0.0370 0.0001 0.0120 -0.0029 0.1821 0.5267 0.5041
1494720000.0000 17850.0000 -0.5462 0.8584 -0.0178 1.0644 147.5293 0.2606 0.2866 0.0279 -0.2233 0.0085 -0.0184 0.2875 0.4302 0.4197
1494720000.0000 18150.0000 -0.9351 1.2109 -0.0052 1.5710 142.3229 0.1823 0.2077 0.0628 -0.0770 0.0397 -0.0458 0.2264 0.2539 0.2357
1494720000.0000 18450.0000 -0.6835 1.0656 0.0332 1.3088 147.3231 0.1764 0.1338 0.0457 -0.0576 0.0168 -0.0142 0.1779 0.2720 0.2540
1494720000.0000 18750.0000 -0.9336 1.2372 -0.0566 1.5836 142.9607 0.1072 0.0871 0.0490 -0.0027 0.0082 -0.0215 0.1217 0.1836 0.1642
1494720000.0000 19050.0000 -0.7926 0.9689 -0.0288 1.3082 140.7149 0.0548 0.1701 0.0434 0.0247 0.0054 -0.0154 0.1341 0.2388 0.2187
1494720000.0000 19350.0000 -0.6802 0.9904 -0.0617 1.2495 145.5167 0.1256 0.0605 0.0247 0.0082 -0.0113 -0.0040 0.1053 0.2203 0.2073
1494720000.0000 19650.0000 -0.6997 0.6688 -0.0689 1.0025 133.7066 0.0546 0.0670 0.0346 0.0087 0.0069 -0.0154 0.0781 0.2351 0.2080
1494720000.0000 19950.0000 0.0417 0.5123 0.0841 0.5841 184.6525 0.0553 0.1263 0.0328 0.0042 0.0058 -0.0127 0.1072 0.5133 0.4787
1494720000.0000 20250.0000 -0.1087 0.1179 -0.0958 0.2337 137.3333 0.0076 0.0330 0.0117 -0.0045 0.0011 -0.0012 0.0262 0.7076 0.7262
1494720000.0000 20550.0000 -0.1000 0.0970 -0.1523 0.1962 134.1405 0.0072 0.0207 0.0042 -0.0011 0.0007 -0.0016 0.0160 0.5010 0.6922
1494720000.0000 20850.0000 -0.2995 0.0978 -0.0625 0.3527 108.0794 0.0614 0.0282 0.0106 -0.0258 0.0122 -0.0053 0.0501 0.5691 0.5488
1494720000.0000 21150.0000 -0.4097 0.5974 0.0050 0.7702 145.5566 0.0575 0.0610 0.0356 0.0107 0.0250 0.0105 0.0770 0.3129 0.2743
1494720000.0000 21450.0000 -0.7408 1.5660 0.0818 1.7932 154.6819 0.2158 0.1890 0.0710 -0.0331 0.0567 -0.0499 0.2379 0.2296 0.2120
1494720000.0000 21750.0000 -0.9589 1.4321 -0.0263 1.7477 146.1944 0.0894 0.1306 0.0663 -0.0254 0.0213 -0.0237 0.1431 0.1792 0.1571
1494720000.0000 22050.0000 -1.1312 1.2396 -0.0692 1.7443 137.6166 0.1678 0.2923 0.0664 -0.0148 0.0331 -0.0202 0.2633 0.2494 0.2334
1494720000.0000 22350.0000 -0.8331 0.9739 0.0310 1.3327 139.4547 0.1249 0.1614 0.0578 -0.0200 0.0308 -0.0292 0.1720 0.2642 0.2410
1494720000.0000 22650.0000 -0.8484 1.2250 -0.0089 1.5292 145.2943 0.1146 0.1621 0.0796 -0.0145 0.0384 -0.0493 0.1781 0.2313 0.2038
1494720000.0000 22950.0000 -0.4183 1.3113 0.0726 1.4281 162.3058 0.1619 0.2210 0.0953 -0.0563 0.0437 -0.0787 0.2391 0.2897 0.2596
1494720000.0000 23250.0000 -0.4778 1.1580 0.0492 1.2881 157.5772 0.0992 0.1212 0.0725 -0.0207 0.0175 -0.0227 0.1464 0.2492 0.2163
1494720000.0000 23550.0000 -0.3277 0.6050 0.1772 0.7420 151.5560 0.0927 0.0894 0.0372 -0.0286 0.0266 -0.0193 0.1097 0.3806 0.3581
1494720000.0000 23850.0000 -0.3542 1.6783 0.1284 1.7679 168.0842 0.1705 0.3165 0.0895 -0.0065 0.0425 -0.0527 0.2882 0.2548 0.2349
1494720000.0000 24150.0000 -0.3909 1.5010 0.0372 1.6119 165.4019 0.2048 0.1784 0.0996 -0.0394 0.0521 -0.0229 0.2414 0.2586 0.2304
1494720000.0000 24450.0000 -0.5863 1.4858 0.1008 1.6831 158.4661 0.3193 0.2593 0.1034 -0.0474 0.0728 -0.0568 0.3410 0.2979 0.2749
1494720000.0000 24750.0000 -0.6172 1.2948 -0.0312 1.4978 154.5134 0.2111 0.1797 0.0917 -0.0419 0.0620 -0.0193 0.2412 0.2795 0.2516
1494720000.0000 25050.0000 -1.0068 1.0648 -0.2105 1.5748 136.6045 0.2277 0.2098 0.0718 0.1065 0.0562 0.0273 0.2547 0.2783 0.2606
1494720000.0000 25350.0000 -0.4851 1.4909 0.0739 1.6202 161.9749 0.1771 0.1616 0.0694 -0.0121 0.0284 -0.0106 0.2041 0.2350 0.2143
1494720000.0000 25650.0000 0.1683 1.4139 0.2923 1.4732 186.7892 0.1289 0.1563 0.0808 -0.0292 0.0338 -0.0321 0.1830 0.2403 0.2165
1494720000.0000 25950.0000 -0.3062 2.0628 0.1109 2.1078 171.5572 0.0858 0.1071 0.0606 -0.0301 0.0257 -0.0345 0.1268 0.1392 0.1216
1494720000.0000 26250.0000 -0.7207 1.3239 -0.0147 1.5911 151.4377 0.1206 0.3596 0.0785 0.0708 0.0004 -0.0155 0.2793 0.2863 0.2654
1494720000.0000 26550.0000 -0.6194 0.5990 -0.0267 0.9278 134.0448 0.0753 0.1079 0.0654 0.0207 -0.0077 -0.0102 0.1243 0.3339 0.2868
1494720000.0000 26850.0000 -0.0632 0.9679 0.0978 1.0040 176.2652 0.0646 0.1190 0.0580 0.0118 0.0035 -0.0024 0.1208 0.2911 0.2551
1494720000.0000 27150.0000 -0.1027 0.7682 -0.0305 0.8131 172.3864 0.0657 0.0550 0.0442 -0.0187 0.0281 -0.0166 0.0825 0.3024 0.2589
1494720000.0000 27450.0000 0.1062 0.6642 0.1314 0.7154 189.0837 0.0558 0.0590 0.0430 0.0086 -0.0049 -0.0116 0.0789 0.3347 0.2908
1494720000.0000 27750.0000 0.0174 0.5790 0.0610 0.6405 181.7175 0.0675 0.0414 0.0407 0.0034 0.0218 -0.0076 0.0748 0.3835 0.3290
1494720000.0000 28050.0000 -0.2023 0.6783 -0.0282 0.7376 163.3926 0.0457 0.0780 0.0340 -0.0074 0.0160 -0.0049 0.0789 0.3237 0.2869
1494720000.0000 28350.0000 0.0347 1.0735 0.1472 1.1072 181.8517 0.0666 0.1637 0.0767 -0.0037 0.0167 -0.0265 0.1535 0.2951 0.2580
1494720000.0000 28650.0000 0.4168 1.2426 0.2307 1.3539 198.5438 0.1227 0.1152 0.0721 0.0198 0.0263 -0.0320 0.1550 0.2416 0.2149
1494720000.0000 28950.0000 0.4109 1.6900 0.2886 1.8184 193.6652 0.2422 0.3159 0.1326 -0.0961 0.0210 -0.0376 0.3454 0.2722 0.2480
1494720000.0000 29250.0000 -0.0997 1.4409 0.1160 1.5025 176.0407 0.1562 0.5927 0.1225 -0.0616 0.0363 -0.0467 0.4357 0.3719 0.3459
1494720000.0000 29550.0000 -0.0232 1.8080 0.1499 1.8477 179.2643 0.1413 0.2934 0.0794 -0.0259 0.0292 -0.0388 0.2570 0.2282 0.2105
1494720000.0000 29850.0000 -0.0842 1.7670 0.1217 1.8322 177.2703 0.2123 0.3267 0.1252 -0.0329 0.0478 -0.0568 0.3321 0.2654 0.2396
1494720000.0000 30150.0000 -0.2655 1.6793 0.0930 1.7648 171.0163 0.1803 0.4768 0.1121 -0.1381 0.0624 -0.0975 0.3847 0.2974 0.2753
1494720000.0000 30450.0000 -0.4329 1.6611 0.0643 1.7791 165.3931 0.1922 0.3180 0.1474 0.0130 0.0526 -0.0659 0.3288 0.2726 0.2403
1494720000.0000 30750.0000 -0.5716 2.0231 0.0679 2.1573 164.2233 0.2273 0.1514 0.1129 0.0283 0.0344 -0.0198 0.2457 0.1924 0.1690
1494720000.0000 31050.0000 -0.8936 1.2626 -0.0057 1.6673 144.7120 0.3644 0.3530 0.1703 -0.0276 0.1359 -0.0492 0.4439 0.3517 0.3161
1494720000.0000 31350.0000 -0.2177 1.4907 0.1925 1.6283 171.6907 0.4400 0.3093 0.1400 -0.1589 0.0864 -0.0998 0.4447 0.3585 0.3317
1494720000.0000 31650.0000 0.2811 1.4229 0.3165 1.5815 191.1750 0.3777 0.4464 0.1708 -0.0404 0.0491 -0.0207 0.4975 0.3879 0.3614
1494720000.0000 31950.0000 0.2194 0.5201 0.2190 0.8877 202.8722 0.4962 0.1394 0.1043 -0.1202 -0.0082 -0.0291 0.3699 0.8202 0.8154
1494720000.0000 32250.0000 0.3198 0.6842 0.1221 0.8205 205.0511 0.0836 0.1126 0.0649 0.0025 0.0109 0.0119 0.1305 0.3856 0.3386
1494720000.0000 32550.0000 0.1645 0.7387 0.2106 0.9088 192.5522 0.2631 0.1370 0.0788 -0.0208 0.0438 -0.0479 0.2395 0.5087 0.4826
1494720000.0000 32850.0000 0.6236 0.8771 0.2026 1.1413 215.4152 0.2230 0.1416 0.1079 0.0959 0.0315 -0.0134 0.2363 0.3624 0.3239
1494720000.0000 33150.0000 0.6650 0.9560 0.0912 1.2154 214.8214 0.0627 0.1569 0.1154 -0.0027 0.0093 -0.0334 0.1675 0.2861 0.2323
1494720000.0000 33450.0000 0.8581 0.7477 0.1864 1.2793 228.9324 0.3149 0.2601 0.0923 -0.1182 0.0269 -0.0518 0.3337 0.4090 0.3847
1494720000.0000 33750.0000 1.5793 0.1993 0.0148 1.6289 262.8062 0.2078 0.1155 0.1907 -0.0360 0.0833 0.0019 0.2570 0.2600 0.2062
1494720000.0000 34050.0000 0.9072 0.0133 -0.0096 1.1029 269.1573 0.1550 0.3480 0.1278 -0.0247 0.0157 0.0512 0.3154 0.5054 0.4513
1494720000.0000 34350.0000 0.2295 0.1105 0.1421 0.5826 244.2848 0.1596 0.2036 0.0691 -0.0538 -0.0539 0.0562 0.2161 1.3013 1.3657
1494720000.0000 34650.0000 -0.0784 0.0944 -0.1012 0.4537 140.2631 0.1104 0.1326 0.0963 0.0103 -0.0082 -0.0054 0.1696 2.1139 2.3191
1494720000.0000 34950.0000 -0.1403 -0.0559 -0.1665 0.4454 68.2564 0.0624 0.1736 0.0486 -0.0185 0.0066 0.0319 0.1423 1.3700 1.8571
1494720000.0000 35250.0000 -0.8656 0.2918 -0.1496 1.0402 108.6296 0.2864 0.1971 0.1613 0.0873 0.0633 0.0591 0.3224 0.5009 0.4395
1494720000.0000 35550.0000 -0.0939 0.7987 0.1512 0.9407 173.2977 0.1852 0.2294 0.1290 -0.0517 0.0756 -0.0502 0.2718 0.5202 0.4623
1494720000.0000 35850.0000 0.3331 0.4227 0.0946 0.6918 218.2417 0.2106 0.1346 0.1480 0.0432 0.0811 -0.0231 0.2466 0.7420 0.6303
1494720000.0000 36150.0000 0.6646 0.8560 0.3730 1.1872 217.8285 0.1965 0.4272 0.1396 0.0632 0.0283 -0.0759 0.3817 0.4401 0.4207
1494720000.0000 36450.0000 0.6690 0.9170 0.3104 1.1834 216.1121 0.2058 0.1885 0.1677 0.0959 -0.0086 0.0114 0.2810 0.3678 0.3194
1494720000.0000 36750.0000 1.1095 0.2373 0.0149 1.2925 257.9261 0.4480 0.3697 0.1916 -0.1290 -0.0426 -0.0266 0.5046 0.5112 0.4601
1494720000.0000 37050.0000 1.9497 0.1340 0.2736 2.0828 266.0688 0.6476 0.5240 0.2936 0.1636 0.0729 0.1467 0.7326 0.3541 0.3198
1494720000.0000 37350.0000 1.0169 -0.7635 0.0347 1.6068 306.8984 0.5820 0.8365 0.1774 0.3785 0.0346 0.1874 0.7980 0.5734 0.5408
1494720000.0000 37650.0000 0.5003 -0.6774 -0.0761 1.1076 323.5530 0.4776 0.2187 0.1383 0.1206 0.0955 0.0686 0.4173 0.6238 0.5721
1494720000.0000 37950.0000 0.4868 -0.4532 -0.1191 0.7166 312.9531 0.2068 0.2200 0.0415 -0.1665 -0.0366 0.0499 0.2341 0.5848 0.5671
1494720000.0000 38250.0000 0.5083 0.0094 0.0780 0.6186 268.9405 0.0704 0.1220 0.0471 -0.0336 -0.0069 0.0382 0.1197 0.5493 0.4981
1494720000.0000 38550.0000 0.1380 -0.0299 -0.0367 0.3656 282.2404 0.1089 0.0499 0.0249 -0.0424 -0.0279 0.0232 0.0919 1.6961 1.6291
1494720000.0000 38850.0000 -1.1725 0.2518 -0.0833 1.2821 102.1202 0.4852 0.1927 0.1438 -0.0684 0.1466 -0.0420 0.4109 0.4354 0.3964
1494720000.0000 39150.0000 -1.2395 0.6194 -0.0783 1.6380 116.5513 0.3814 0.8783 0.2724 0.0484 0.1674 0.0258 0.7660 0.5149 0.4676
1494720000.0000 39450.0000 -0.3858 1.3451 -0.0761 1.5843 163.9947 0.5444 0.4752 0.2279 0.0488 0.1769 -0.0395 0.6238 0.4602 0.4166
1494720000.0000 39750.0000 -0.5001 1.8092 0.0906 2.0729 164.5467 0.8311 0.8913 0.4366 -0.4453 0.1435 -0.0393 1.0795 0.4514 0.4037
1494720000.0000 40050.0000 -0.5229 2.2731 0.2235 2.5231 167.0448 0.8059 1.0673 0.4123 -0.1949 0.1389 -0.1521 1.1427 0.3725 0.3388
1494720000.0000 40350.0000 -0.6490 1.5755 0.0310 1.8543 157.6125 0.6382 0.9426 0.1747 -0.4118 0.0762 0.0692 0.8778 0.4489 0.4260
1494720000.0000 40650.0000 -0.7025 2.1735 0.2078 2.3951 162.0890 0.4614 0.3657 0.2411 0.1256 0.1196 0.0477 0.5341 0.2602 0.2299
1494720000.0000 40950.0000 -0.1864 1.4146 -0.0952 1.4993 172.4934 0.2348 0.2679 0.1056 -0.1141 0.0012 0.0135 0.3042 0.3149 0.2869
1494720000.0000 41250.0000 -0.2071 0.4270 0.1435 0.5636 154.1241 0.0634 0.1499 0.0616 0.0077 0.0124 -0.0309 0.1375 0.6106 0.5619
1494720000.0000 41550.0000 -1.2415 0.4286 -0.2807 1.5219 109.0475 0.3204 0.6715 0.3250 0.0074 -0.0017 0.0479 0.6584 0.4933 0.4378
1494720000.0000 41850.0000 -0.1543 2.2246 0.3741 2.3977 176.0335 0.6082 1.0393 0.2175 0.1200 0.0593 -0.0967 0.9325 0.3487 0.3323
1494720000.0000 42150.0000 -0.2920 2.2560 0.2056 2.4030 172.6263 0.5300 0.4896 0.2073 0.0924 0.0933 -0.0206 0.6134 0.2800 0.2563
1494720000.0000 42450.0000 0.3816 1.1589 0.0914 1.4446 198.2262 0.5072 0.3182 0.1723 0.0344 0.0164 -0.0747 0.4989 0.4713 0.4299
1494720000.0000 42750.0000 0.4888 1.5646 0.1924 1.7558 197.3488 0.4692 0.2722 0.1335 0.1162 0.0755 -0.0122 0.4375 0.3272 0.3033
1494720000.0000 43050.0000 -0.7760 2.0292 0.1474 2.2494 159.0725 0.4003 0.5966 0.2504 -0.1274 0.1161 -0.0849 0.6236 0.2961 0.2653
1494720000.0000 43350.0000 -0.0392 0.4547 -0.1821 1.0734 175.0766 0.1336 1.2571 0.1733 -0.0570 -0.0234 0.0988 0.7820 1.4695 1.4919
1494720000.0000 43650.0000 -0.4384 0.7055 0.1904 1.1182 148.1394 0.2444 0.5648 0.1236 0.1406 0.0524 0.0227 0.4664 0.6544 0.6253
1494720000.0000 43950.0000 -0.0732 1.0166 0.0880 1.6931 175.8803 0.8518 2.2260 0.3612 0.8952 0.2624 0.4658 1.7195 1.0466 0.9938
1494720000.0000 44250.0000 0.4319 1.6911 0.3322 1.8608 194.3266 0.4435 0.5627 0.2240 0.1163 0.0197 0.0183 0.6151 0.3604 0.3318
1494720000.0000 44550.0000 -1.1415 1.9877 -0.0002 2.4381 150.1313 0.4700 0.8926 0.2404 0.1117 0.0736 -0.0108 0.8015 0.3189 0.2940
1494720000.0000 44850.0000 -1.4944 0.5508 -0.3808 1.7718 110.2332 0.2403 0.5338 0.1347 0.1367 0.0404 -0.0500 0.4544 0.3361 0.3189
1494720000.0000 45150.0000 -0.8158 1.7221 0.0250 2.2012 154.6510 1.0886 0.7912 0.2790 0.0923 0.1650 -0.0130 1.0794 0.4451 0.4154
1494720000.0000 45450.0000 -0.8285 0.4649 0.0414 1.4812 119.3007 0.8571 0.8978 0.2981 -0.3322 0.1975 -0.1021 1.0265 0.8700 0.8051
1494720000.0000 45750.0000 0.5247 1.1084 0.4077 1.4208 205.3343 0.5410 0.5113 0.2466 -0.0860 -0.1242 0.0102 0.6495 0.5092 0.4830
1494720000.0000 46050.0000 1.3001 1.7224 0.4810 2.2391 217.0460 0.3293 0.5981 0.2299 0.1265 -0.0205 -0.0357 0.5786 0.2809 0.2576
1494720000.0000 46350.0000 0.4740 1.1830 0.1874 1.3494 201.8358 0.2103 0.1592 0.1120 0.0403 0.0234 -0.0374 0.2407 0.3110 0.2754
1494720000.0000 46650.0000 0.8900 0.2965 0.1552 1.1259 251.5751 0.6988 0.2078 0.1223 -0.0081 0.0249 -0.0154 0.5144 0.6159 0.5860
1494720000.0000 46950.0000 1.4037 0.2005 0.2994 1.5425 261.8702 0.2372 0.3233 0.1630 -0.0854 0.0052 0.0415 0.3618 0.3389 0.3048
1494720000.0000 47250.0000 1.2451 0.6544 0.1995 1.4651 242.2743 0.2963 0.1904 0.1563 0.0836 -0.0022 -0.0219 0.3215 0.3259 0.2863
1494720000.0000 47550.0000 1.3736 0.1397 0.1441 1.5866 264.1922 0.1833 0.6437 0.1603 -0.1039 -0.0400 0.0759 0.4936 0.4132 0.3803
1494720000.0000 47850.0000 0.6381 1.9531 0.2237 2.1841 198.0935 0.4326 0.7705 0.2624 -0.1720 -0.0421 -0.0083 0.7327 0.3382 0.3082
1494720000.0000 48150.0000 -0.7176 1.9258 0.1190 2.2509 159.5627 0.9644 1.1320 0.3203 -0.6014 0.2448 -0.1471 1.2084 0.4360 0.4068
1494720000.0000 48450.0000 -1.5333 0.6185 0.0008 2.0654 111.9697 0.7341 1.1800 0.4888 0.3657 0.2550 0.2607 1.2014 0.5413 0.4831
1494720000.0000 48750.0000 -0.6353 2.8205 0.1806 3.1021 167.3073 0.9170 1.1730 0.3562 0.4388 0.2367 -0.0036 1.2231 0.3117 0.2887
1494720000.0000 49050.0000 -0.4056 1.4185 -0.0654 1.6048 164.0431 0.3213 0.4946 0.1832 0.0496 0.0831 -0.0019 0.4995 0.3908 0.3535
1494720000.0000 49350.0000 0.8900 1.4849 0.3076 1.8346 210.9384 0.2095 0.5948 0.2141 0.0138 0.0228 -0.0628 0.5092 0.3314 0.2991
1494720000.0000 49650.0000 0.3646 1.7081 0.3028 1.9647 192.0506 0.6833 0.9952 0.2675 -0.3032 0.1536 -0.2985 0.9730 0.4544 0.4283
1494720000.0000 49950.0000 0.3924 2.2494 0.4758 2.5331 189.8959 1.0635 0.6450 0.4119 -0.1085 0.2494 -0.1722 1.0602 0.3605 0.3305
1494720000.0000 50250.0000 1.2959 0.9246 0.2835 1.8265 234.4941 0.3157 0.9473 0.2003 0.0688 0.0202 0.1079 0.7317 0.4319 0.4076
1494720000.0000 50550.0000 1.3030 0.7897 0.1318 1.6287 238.7811 0.3757 0.2419 0.1433 0.0451 -0.0628 -0.0175 0.3804 0.3293 0.2978
1494720000.0000 50850.0000 0.4026 0.8910 0.0225 1.0559 204.3148 0.1812 0.2078 0.1570 0.0392 0.0049 0.0221 0.2730 0.4362 0.3683
1494720000.0000 51150.0000 0.7777 0.2859 0.2451 0.9855 249.8173 0.3169 0.2401 0.1650 0.0334 -0.0498 -0.0107 0.3610 0.5678 0.5200
1494720000.0000 51450.0000 0.7620 0.4637 0.2320 1.1406 238.6791 0.1639 0.4797 0.1339 -0.1118 -0.0363 0.1036 0.3888 0.5524 0.5193
1494720000.0000 51750.0000 1.0478 1.1648 0.3495 1.7032 221.9737 0.3043 0.5066 0.2051 -0.0097 -0.0582 0.0098 0.5080 0.3625 0.3319
1494720000.0000 52050.0000 0.7125 0.8200 0.0619 1.2562 220.9871 0.3037 0.3190 0.1429 -0.1281 -0.0129 -0.0080 0.3828 0.4643 0.4194
1494720000.0000 52350.0000 -0.2778 2.0399 0.2331 2.2539 172.2441 0.6487 0.8064 0.2670 0.1888 -0.0297 -0.0957 0.8610 0.3657 0.3383
1494720000.0000 52650.0000 -0.2486 2.1446 0.2691 2.2546 173.3876 0.3666 0.4626 0.2322 0.0003 0.0538 -0.1143 0.5307 0.2734 0.2435
1494720000.0000 52950.0000 -0.6983 2.2187 0.1766 2.4599 162.5296 0.5366 0.5833 0.3002 0.1068 0.1443 -0.0901 0.7101 0.2949 0.2627
1494720000.0000 53250.0000 -0.8018 2.0882 0.1095 2.3418 158.9958 0.4639 0.3257 0.2337 0.0114 0.1161 -0.0578 0.5116 0.2608 0.2293
1494720000.0000 53550.0000 -0.5987 1.5999 0.2617 1.8572 159.4816 0.5550 0.4037 0.1877 -0.0223 0.0746 -0.0644 0.5732 0.3577 0.3309
1494720000.0000 53850.0000 -0.4347 0.9616 0.2546 1.1989 155.6720 0.3194 0.1934 0.1038 0.0122 0.0505 -0.0512 0.3083 0.4176 0.3918
1494720000.0000 54150.0000 0.1344 1.6401 0.3873 1.8218 184.6845 0.5979 0.2866 0.1915 0.0327 0.0456 -0.0078 0.5380 0.3543 0.3300
1494720000.0000 54450.0000 0.8507 1.7187 0.4971 2.0897 206.3346 0.7005 0.3993 0.1274 -0.0062 0.0333 -0.0736 0.6136 0.3228 0.3157
1494720000.0000 54750.0000 1.3236 1.4617 0.3941 2.0191 222.1599 0.2403 0.2520 0.1107 0.0602 -0.0113 -0.0373 0.3015 0.2229 0.2054
1494720000.0000 55050.0000 1.4085 0.9846 0.2194 1.8106 235.0449 0.2462 0.2521 0.1126 -0.1033 -0.0493 0.0322 0.3055 0.2605 0.2372
1494720000.0000 55350.0000 0.6397 1.3452 0.2775 1.5591 205.4319 0.1731 0.4760 0.0942 0.0482 -0.0204 0.0139 0.3716 0.3285 0.3123
1494720000.0000 55650.0000 0.9981 1.4297 0.2994 1.8162 214.9184 0.2124 0.1860 0.1139 -0.0249 0.0021 -0.0363 0.2561 0.2336 0.2090
1494720000.0000 55950.0000 2.1365 1.1007 0.1895 2.5108 242.7419 0.5290 0.4834 0.2491 -0.0584 -0.0721 -0.0518 0.6307 0.2690 0.2417
1494720000.0000 56250.0000 3.2119 0.5903 0.3803 3.3306 259.5856 0.6504 0.3932 0.2513 0.1055 -0.0542 -0.0518 0.6474 0.1998 0.1806
1494720000.0000 56550.0000 2.3676 0.4735 0.3771 2.4920 258.6895 0.6294 0.3609 0.2155 0.0635 -0.0202 -0.0252 0.6029 0.2594 0.2380
1494720000.0000 56850.0000 1.0840 0.1835 0.1777 1.1945 260.3910 0.2621 0.2418 0.0560 0.1330 -0.0293 -0.0121 0.2800 0.3879 0.3728
1494720000.0000 57150.0000 1.9466 0.8401 0.2814 2.1826 246.6567 0.5282 0.2887 0.1223 0.0958 -0.0610 -0.0378 0.4696 0.2616 0.2461
1494720000.0000 57450.0000 1.3900 0.3880 0.2450 1.7126 254.4032 0.5765 0.8371 0.1095 0.0445 -0.0302 -0.0502 0.7616 0.4868 0.4757
1494720000.0000 57750.0000 1.9400 0.0309 0.1968 2.0333 269.0868 0.2101 0.3492 0.1527 0.0736 0.0069 0.0423 0.3560 0.2498 0.2225
1494720000.0000 58050.0000 2.9470 1.1690 0.4629 3.2257 248.3636 0.6781 0.5569 0.1884 0.3428 0.0457 0.1000 0.7117 0.2150 0.2024
1494720000.0000 58350.0000 1.4835 0.8595 0.4658 1.7964 239.9126 0.3326 0.3620 0.1084 0.1147 -0.0637 0.0255 0.4015 0.2912 0.2807
1494720000.0000 58650.0000 2.3011 0.9164 0.2955 2.5534 248.2852 0.4388 0.3538 0.1473 -0.0819 -0.0354 0.0029 0.4699 0.2244 0.2075
1494720000.0000 58950.0000 2.5716 -1.0104 0.0367 2.8444 291.4502 0.4160 0.4550 0.2221 -0.0225 -0.0864 0.0609 0.5466 0.2185 0.1950
1494720000.0000 59250.0000 1.5571 -0.9266 0.0693 1.9983 300.7566 0.5844 0.7200 0.2571 -0.0426 -0.1548 0.2430 0.7808 0.3979 0.3639
1494720000.0000 59550.0000 1.7804 -1.0851 -0.1916 2.1786 301.3622 0.6075 0.2647 0.1835 0.1298 -0.0435 0.0195 0.5278 0.2833 0.2586
1494720000.0000 59850.0000 0.5781 -1.4043 -0.2359 1.6783 337.6249 0.6116 0.2721 0.1591 -0.0539 0.0121 0.0688 0.5214 0.3836 0.3574
1494720000.0000 60150.0000 1.0426 -1.0834 0.0224 1.6272 316.0989 0.5123 0.3197 0.1948 -0.0465 0.0017 0.0803 0.5134 0.3890 0.3502
1494720000.0000 60450.0000 1.8822 -1.0439 0.0735 2.2645 299.0146 1.2249 0.6830 0.2325 -0.5879 -0.3147 0.1824 1.0702 0.3922 0.3705
1494720000.0000 60750.0000 0.9971 -0.6461 -0.0277 1.2462 302.9438 0.2043 0.1856 0.0825 -0.0775 -0.0340 0.0256 0.2361 0.3339 0.3034
1494720000.0000 61050.0000 0.9663 0.0256 0.1520 1.1498 268.4827 0.5162 0.2146 0.0873 0.0428 0.0146 0.0390 0.4091 0.5337 0.5106
1494720000.0000 61350.0000 2.1829 -0.1842 0.1536 2.2757 274.8228 0.3520 0.3587 0.1795 0.0407 -0.0191 0.0924 0.4451 0.2481 0.2222
1494720000.0000 61650.0000 1.4437 0.5403 0.3589 1.8593 249.4828 0.3237 0.9825 0.2753 -0.1704 -0.0773 0.2686 0.7907 0.4587 0.4280
1494720000.0000 61950.0000 1.3600 1.6512 0.5213 2.3015 219.4772 0.7542 0.4532 0.2444 0.1000 -0.0975 -0.0023 0.7259 0.3159 0.2966
1494720000.0000 62250.0000 0.3635 1.2959 0.5525 1.5428 195.6697 0.5645 0.5540 0.1227 0.0494 0.0213 -0.0472 0.6206 0.4421 0.4537
1494720000.0000 62550.0000 1.6969 1.7347 0.6125 2.5340 224.3704 1.0376 0.6533 0.1580 0.2563 -0.0689 -0.0595 0.9244 0.3137 0.3094
1494720000.0000 62850.0000 0.9893 1.9284 0.3950 2.2277 207.1582 0.3634 0.3929 0.1384 0.1495 0.0500 -0.0371 0.4473 0.2479 0.2317
1494720000.0000 63150.0000 0.5917 1.2522 0.2990 1.6063 205.2939 0.4693 0.3937 0.1782 -0.1766 0.0084 -0.0549 0.5206 0.4158 0.3873
1494720000.0000 63450.0000 1.2303 0.0188 -0.0403 1.3353 269.1260 0.6125 0.1688 0.1340 -0.0132 0.0163 -0.0570 0.4577 0.4487 0.4148
1494720000.0000 63750.0000 0.7510 -0.2676 0.0611 0.9402 289.6123 0.1840 0.2041 0.1553 0.0222 -0.0601 -0.0017 0.2717 0.5322 0.4511
1494720000.0000 64050.0000 0.6393 1.3112 0.3458 1.5709 205.9929 0.2376 0.4348 0.1325 0.0223 0.0002 -0.0237 0.4025 0.3455 0.3245
1494720000.0000 64350.0000 0.7844 1.7179 0.4301 1.9364 204.5405 0.1305 0.3626 0.1138 -0.0167 0.0024 -0.0460 0.3034 0.2322 0.2147
1494720000.0000 64650.0000 1.5837 0.9925 0.3707 1.9165 237.9236 0.5977 0.1947 0.0795 0.1518 -0.0316 -0.0201 0.4360 0.2829 0.2750
1494720000.0000 64950.0000 1.8627 0.6235 0.3672 2.0520 251.4931 0.1465 0.3854 0.1286 0.0159 -0.0278 0.0897 0.3303 0.2348 0.2144
1494720000.0000 65250.0000 1.1393 1.3213 0.3581 1.9600 220.7690 0.4267 0.5362 0.0681 -0.2659 -0.0062 -0.0089 0.5155 0.3292 0.3247
1494720000.0000 65550.0000 0.3147 1.1521 0.2226 1.3093 195.2789 0.2299 0.1868 0.0479 -0.0932 0.0034 -0.0255 0.2323 0.3239 0.3121
1494720000.0000 65850.0000 1.7245 0.2907 0.3575 1.7976 260.4304 0.5548 0.1573 0.0699 0.0292 -0.0144 -0.0174 0.3910 0.2860 0.2786
1494720000.0000 66150.0000 1.5623 0.2255 0.1670 1.6292 261.7850 0.2402 0.1507 0.0740 0.0291 -0.0178 -0.0101 0.2325 0.2480 0.2287
1494720000.0000 66450.0000 1.3851 -0.1701 0.1564 1.4665 277.0028 0.2685 0.1905 0.1032 -0.0342 -0.0889 0.0565 0.2811 0.3083 0.2803
1494720000.0000 66750.0000 1.2795 0.3015 0.2394 1.4063 256.7390 0.1367 0.2558 0.0696 -0.0473 -0.0066 0.0253 0.2311 0.2937 0.2752
1494720000.0000 67050.0000 2.0075 -0.8065 0.1096 2.2014 291.8889 0.2400 0.1264 0.0681 0.0166 -0.0178 0.0386 0.2173 0.1757 0.1615
1494720000.0000 67350.0000 1.9971 -0.5871 0.1869 2.1213 286.3815 0.2236 0.1641 0.0776 -0.0115 -0.0241 0.0094 0.2327 0.1884 0.1727
1494720000.0000 67650.0000 1.4809 -0.4519 0.1264 1.5897 286.9703 0.3087 0.0851 0.0564 -0.0011 -0.0174 0.0046 0.2251 0.2494 0.2340
1494720000.0000 67950.0000 0.5530 0.1450 0.1647 0.6233 255.3095 0.0674 0.0541 0.0247 -0.0096 -0.0056 0.0106 0.0731 0.3711 0.3521
1494720000.0000 68250.0000 0.5973 -0.0506 0.0695 0.6300 274.8447 0.0554 0.0375 0.0193 -0.0015 0.0014 0.0040 0.0561 0.3205 0.2936
1494720000.0000 68550.0000 0.4144 -0.2015 0.0125 0.4948 295.9324 0.0344 0.0229 0.0142 0.0020 0.0039 0.0010 0.0358 0.3350 0.3000
1494720000.0000 68850.0000 0.2622 -0.3288 -0.0367 0.5243 321.4286 0.0921 0.0408 0.0186 0.0250 0.0114 0.0076 0.0757 0.5322 0.5004
1494720000.0000 69150.0000 0.2171 -0.5689 -0.1248 0.6443 339.1151 0.0354 0.0426 0.0119 0.0003 -0.0023 -0.0003 0.0450 0.2786 0.2648
1494720000.0000 69450.0000 0.4368 -0.6834 -0.1004 0.8343 327.4117 0.0449 0.0380 0.0182 -0.0014 -0.0089 -0.0042 0.0506 0.2247 0.2050
1494720000.0000 69750.0000 0.6528 -0.7855 -0.1250 1.0476 320.2714 0.0578 0.0486 0.0177 0.0030 -0.0155 -0.0014 0.0620 0.1976 0.1843
1494720000.0000 70050.0000 0.6687 -1.0911 -0.1914 1.3087 328.4974 0.0708 0.0828 0.0302 0.0031 -0.0139 -0.0024 0.0919 0.1913 0.1768
1494720000.0000 70350.0000 0.8520 -1.5379 -0.2487 1.7811 331.0127 0.0811 0.1107 0.0423 -0.0095 -0.0151 -0.0033 0.1170 0.1573 0.1438
1494720000.0000 70650.0000 0.8788 -1.4982 -0.1447 1.7656 329.6058 0.1456 0.1753 0.0563 -0.0558 -0.0184 0.0102 0.1886 0.2034 0.1883
1494720000.0000 70950.0000 0.9258 -1.7184 -0.2483 2.0037 331.6867 0.1946 0.1857 0.0535 0.0001 -0.0217 -0.0062 0.2169 0.1932 0.1824
1494720000.0000 71250.0000 0.4513 -1.2802 -0.2117 1.4007 340.5820 0.0943 0.1078 0.0378 0.0218 -0.0048 0.0172 0.1200 0.2059 0.1912
1494720000.0000 71550.0000 0.5069 -1.6791 -0.3240 1.8405 343.2027 0.3016 0.1506 0.0557 0.0421 -0.0180 0.0080 0.2540 0.2307 0.2214
1494720000.0000 71850.0000 0.5971 -1.4120 -0.1807 1.5926 337.0768 0.1477 0.2254 0.0830 0.0289 -0.0127 0.0439 0.2280 0.2526 0.2300
1494720000.0000 72150.0000 0.8343 -1.5813 -0.2011 1.8706 332.1832 0.2552 0.1933 0.0747 0.0864 0.0087 0.0619 0.2616 0.2321 0.2163
1494720000.0000 72450.0000 0.3822 -1.3973 -0.1822 1.4756 344.7023 0.0791 0.1193 0.0244 -0.0093 -0.0017 0.0157 0.1114 0.1867 0.1775
1494720000.0000 72750.0000 0.5880 -2.1539 -0.2966 2.2647 344.7312 0.1129 0.1889 0.1013 0.0290 -0.0084 0.0411 0.2016 0.1627 0.1421
1494720000.0000 73050.0000 0.7089 -2.3125 -0.3963 2.4574 342.9572 0.1883 0.1724 0.0548 -0.0114 -0.0116 0.0169 0.2077 0.1518 0.1434
1494720000.0000 73350.0000 0.7110 -1.8671 -0.2396 2.0560 339.1547 0.2292 0.4361 0.1128 -0.0509 -0.0447 0.0933 0.3891 0.2531 0.2357
1494720000.0000 73650.0000 0.4217 -1.5974 -0.2614 1.6922 345.2135 0.1264 0.0900 0.0418 0.0140 -0.0134 0.0177 0.1291 0.1754 0.1626
1494720000.0000 73950.0000 0.5766 -1.6397 -0.2526 1.7701 340.6250 0.1149 0.0841 0.0396 -0.0105 -0.0073 0.0015 0.1193 0.1606 0.1482
1494720000.0000 74250.0000 0.6138 -1.2588 -0.1304 1.4271 334.0034 0.0741 0.0749 0.0444 -0.0040 -0.0035 0.0211 0.0967 0.1805 0.1591
1494720000.0000 74550.0000 0.2409 -0.1905 -0.0255 0.4292 308.3402 0.0673 0.1250 0.0149 -0.0500 -0.0046 -0.0071 0.1036 0.8527 0.8242
1494720000.0000 74850.0000 -0.0541 0.2418 0.0042 0.2859 167.3998 0.0208 0.0072 0.0102 -0.0047 -0.0057 0.0022 0.0191 0.4558 0.3901
1494720000.0000 75150.0000 -0.0486 0.0899 -0.0439 0.2281 151.5744 0.0359 0.0187 0.0075 0.0015 -0.0018 0.0005 0.0311 1.2941 1.3206
1494720000.0000 75450.0000 0.0376 0.0089 -0.0352 0.1763 256.6239 0.0331 0.0128 0.0116 -0.0003 0.0097 0.0067 0.0287 2.6474 3.1983
1494720000.0000 75750.0000 -0.0367 -0.1029 -0.0222 0.2409 19.6427 0.0141 0.0695 0.0053 0.0008 0.0019 0.0103 0.0445 1.5447 1.5282
1494720000.0000 76050.0000 -0.0593 -0.5074 -0.0700 0.5318 6.6617 0.0216 0.0307 0.0064 0.0109 0.0023 0.0034 0.0294 0.2715 0.2585
1494720000.0000 76350.0000 0.1908 -0.6202 -0.1282 0.6800 342.9023 0.0325 0.0379 0.0070 0.0064 -0.0001 0.0005 0.0387 0.2428 0.2360
1494720000.0000 76650.0000 0.0354 -0.3310 -0.0853 0.3677 353.8943 0.0237 0.0122 0.0074 0.0006 0.0017 -0.0011 0.0217 0.3496 0.3285
1494720000.0000 76950.0000 0.2525 -0.0345 -0.0350 0.2823 277.7690 0.0165 0.0096 0.0052 0.0067 0.0049 0.0024 0.0156 0.3968 0.3656
1494720000.0000 77250.0000 0.0782 -0.0134 -0.0204 0.1037 279.6928 0.0060 0.0036 0.0018 -0.0024 0.0015 -0.0013 0.0057 0.7537 0.7127
1494720000.0000 77550.0000 -0.0934 -0.1067 -0.0564 0.1517 41.2060 0.0036 0.0073 0.0008 0.0039 0.0003 0.0001 0.0059 0.4099 0.4250
1494720000.0000 77850.0000 0.0433 -0.1638 -0.0133 0.2363 345.1874 0.0180 0.0138 0.0026 0.0094 0.0038 0.0014 0.0172 0.6300 0.6080
1494720000.0000 78150.0000 0.4545 0.2213 0.0210 0.5075 244.0393 0.0040 0.0025 0.0013 0.0010 0.0011 0.0004 0.0039 0.1011 0.0925
1494720000.0000 78450.0000 0.3462 -0.1789 -0.0311 0.4149 297.3347 0.0045 0.0194 0.0021 0.0037 -0.0002 0.0004 0.0130 0.2377 0.2287
1494720000.0000 78750.0000 0.2706 -0.2698 -0.0532 0.3952 314.9112 0.0068 0.0095 0.0024 0.0011 -0.0009 -0.0019 0.0094 0.2051 0.1933
1494720000.0000 79050.0000 0.2512 -0.3495 -0.0628 0.4392 324.2935 0.0025 0.0139 0.0032 0.0001 -0.0011 0.0015 0.0098 0.1856 0.1714
1494720000.0000 79350.0000 0.0609 -0.4385 -0.0651 0.4705 352.0949 0.0269 0.0054 0.0018 0.0012 0.0007 0.0009 0.0171 0.2384 0.2344
1494720000.0000 79650.0000 -0.2216 -0.6689 -0.1552 0.7133 18.3284 0.0125 0.0058 0.0037 -0.0006 0.0016 -0.0002 0.0110 0.1188 0.1109
1494720000.0000 79950.0000 0.2357 -0.3838 -0.0113 0.5284 328.4475 0.0622 0.0341 0.0103 0.0299 0.0174 0.0091 0.0533 0.4184 0.3977
1494720000.0000 80250.0000 0.3226 0.1543 -0.0263 0.4614 244.4433 0.0241 0.0893 0.0132 0.0179 0.0113 0.0021 0.0633 0.5729 0.5437
1494720000.0000 80550.0000 0.2287 -0.3263 -0.0209 0.4182 324.9761 0.0240 0.0056 0.0056 -0.0025 0.0013 -0.0000 0.0176 0.2712 0.2491
1494720000.0000 80850.0000 0.3204 -0.2440 0.0578 0.4220 307.2911 0.0234 0.0089 0.0135 -0.0011 0.0058 0.0003 0.0229 0.3036 0.2575
1494720000.0000 81150.0000 -0.0364 -0.1168 -0.0535 0.1971 17.2936 0.0159 0.0154 0.0029 0.0120 0.0034 0.0037 0.0171 0.7990 0.8343
1494720000.0000 81450.0000 0.2244 0.1539 0.0227 0.2892 235.5681 0.0038 0.0123 0.0019 0.0026 0.0012 0.0015 0.0090 0.2831 0.2688
1494720000.0000 81750.0000 -0.0625 -0.3139 -0.0996 0.3310 11.2625 0.0065 0.0059 0.0011 0.0043 0.0001 -0.0001 0.0068 0.2002 0.2006
1494720000.0000 82050.0000 0.3558 -0.0696 0.0547 0.4291 281.0696 0.0519 0.0238 0.0056 0.0310 0.0114 0.0075 0.0407 0.4491 0.4381
1494720000.0000 82350.0000 0.0101 -0.1101 -0.0506 0.2855 354.7715 0.0759 0.0081 0.0065 0.0115 0.0140 0.0038 0.0453 1.4283 1.5134
1494720000.0000 82650.0000 0.0414 0.1787 -0.0203 0.2799 193.0294 0.0411 0.0061 0.0011 0.0071 0.0020 0.0002 0.0242 0.6877 0.6837
1494720000.0000 82950.0000 0.3612 -0.0974 -0.0333 0.4215 285.0912 0.0219 0.0253 0.0034 0.0163 0.0052 0.0059 0.0253 0.3457 0.3352
1494720000.0000 83250.0000 0.1363 0.1236 0.0162 0.2357 227.8164 0.0200 0.0221 0.0021 0.0188 0.0036 0.0047 0.0221 0.6573 0.6436
1494720000.0000 83550.0000 -0.0040 0.0969 -0.0014 0.1397 177.6164 0.0118 0.0052 0.0015 0.0034 0.0023 0.0013 0.0092 0.8080 0.7741
1494720000.0000 83850.0000 0.1424 0.0487 0.0057 0.1589 251.1051 0.0078 0.0026 0.0020 0.0024 0.0010 0.0007 0.0062 0.4253 0.3903
1494720000.0000 84150.0000 0.1129 -0.1010 -0.0301 0.1950 311.8076 0.0124 0.0058 0.0006 0.0066 0.0014 0.0007 0.0094 0.5128 0.5142
1494720000.0000 84450.0000 0.2181 -0.0987 0.0049 0.2697 294.3428 0.0292 0.0126 0.0011 -0.0047 0.0012 0.0013 0.0214 0.4991 0.4929
1494720000.0000 84750.0000 0.1648 -0.2548 0.0348 0.3308 327.1031 0.0059 0.0288 0.0057 0.0011 -0.0019 -0.0048 0.0202 0.3803 0.3545
1494720000.0000 85050.0000 0.1828 0.0552 0.0040 0.2319 253.1990 0.0063 0.0187 0.0036 0.0052 -0.0021 0.0002 0.0143 0.5108 0.4780
1494720000.0000 85350.0000 0.1518 -0.0415 0.0274 0.1761 285.2922 0.0067 0.0054 0.0039 0.0003 0.0006 0.0028 0.0080 0.4566 0.4024
1494720000.0000 85650.0000 0.3774 0.0512 0.0358 0.3877 262.2676 0.0156 0.0065 0.0029 0.0032 0.0009 0.0021 0.0125 0.2387 0.2255
1494720000.0000 85950.0000 0.0238 -0.0982 -0.0356 0.1839 346.3979 0.0271 0.0055 0.0012 -0.0087 0.0018 -0.0009 0.0169 0.9904 1.0319
1494720000.0000 86250.0000 0.1611 0.1817 0.0255 0.3211 221.5497 0.0612 0.0067 0.0048 0.0181 0.0080 0.0028 0.0363 0.6374 0.6194
1494806400.0000 86550.0000 0.0786 0.0370 -0.0107 0.1626 244.7640 0.0174 0.0114 0.0011 0.0131 0.0022 0.0014 0.0149 1.1394 1.1274
1494806400.0000 86850.0000 -0.0693 0.0949 -0.0151 0.1656 143.8526 0.0027 0.0165 0.0021 0.0050 0.0001 -0.0010 0.0106 0.7104 0.6803
1494806400.0000 87150.0000 -0.1619 0.2791 0.0250 0.3817 149.8807 0.0450 0.0143 0.0040 0.0004 0.0003 -0.0021 0.0316 0.4487 0.4357
1494806400.0000 87450.0000 -0.0370 0.0103 -0.0736 0.1301 105.6266 0.0120 0.0082 0.0036 0.0060 0.0025 0.0037 0.0119 1.0718 2.1364
1494806400.0000 87750.0000 -0.1340 0.0146 -0.0210 0.2262 96.2207 0.0327 0.0196 0.0058 0.0157 0.0095 0.0048 0.0290 1.0197 0.9792
1494806400.0000 88050.0000 -0.0231 0.0709 -0.0218 0.2185 161.9310 0.0376 0.0160 0.0020 0.0212 0.0063 0.0040 0.0278 1.7515 1.7909
1494806400.0000 88350.0000 0.2395 -0.0663 -0.0027 0.3712 285.4825 0.0067 0.0840 0.0065 -0.0058 -0.0016 0.0033 0.0486 0.7243 0.6997
1494806400.0000 88650.0000 0.1310 -0.4763 0.0030 0.5281 344.6244 0.0220 0.0234 0.0031 0.0123 0.0026 0.0019 0.0243 0.2575 0.2491
1494806400.0000 88950.0000 0.4126 -0.0282 0.0678 0.4363 273.9153 0.0140 0.0187 0.0082 -0.0072 -0.0053 0.0057 0.0205 0.2787 0.2524
1494806400.0000 89250.0000 0.1071 -0.2677 -0.0403 0.3823 338.1906 0.0692 0.0062 0.0077 -0.0124 0.0185 -0.0029 0.0416 0.5717 0.5500
1494806400.0000 89550.0000 -0.0413 0.1470 -0.0153 0.2418 164.3037 0.0131 0.0459 0.0049 -0.0084 -0.0009 0.0087 0.0319 0.9509 0.9180
1494806400.0000 89850.0000 -0.0676 0.1482 0.0109 0.3017 155.4780 0.0399 0.0513 0.0053 0.0297 -0.0029 0.0067 0.0482 1.0985 1.0704
1494806400.0000 90150.0000 -0.1598 -0.0731 -0.0338 0.2218 65.4144 0.0126 0.0163 0.0026 0.0068 -0.0007 0.0016 0.0157 0.5720 0.5583
1494806400.0000 90450.0000 -0.1445 0.6383 0.0611 0.6667 167.2432 0.0215 0.0335 0.0051 -0.0129 -0.0012 -0.0034 0.0300 0.2152 0.2068
1494806400.0000 90750.0000 -0.4414 0.3777 -0.0857 0.6884 130.5549 0.0254 0.1929 0.0053 -0.0431 0.0019 0.0038 0.1118 0.4649 0.4644
1494806400.0000 91050.0000 -0.3269 0.4121 0.0107 0.5861 141.5795 0.0468 0.0314 0.0056 0.0222 0.0066 0.0058 0.0419 0.3177 0.3069
1494806400.0000 91350.0000 0.1526 0.0739 -0.0310 0.3078 244.1675 0.0092 0.0759 0.0053 -0.0072 0.0016 0.0068 0.0452 1.0075 0.9935
1494806400.0000 91650.0000 -0.0295 -0.0339 -0.0460 0.1654 41.0446 0.0177 0.0223 0.0060 0.0144 0.0058 0.0079 0.0230 1.9258 2.5709
1494806400.0000 91950.0000 -0.1894 0.0030 -0.0174 0.2362 90.9065 0.0106 0.0260 0.0043 0.0101 0.0026 0.0065 0.0205 0.6145 0.5837
1494806400.0000 92250.0000 0.0609 0.0990 0.0164 0.1983 211.5943 0.0303 0.0087 0.0029 0.0052 0.0015 -0.0001 0.0209 1.0062 0.9802
1494806400.0000 92550.0000 -0.3294 -0.0171 -0.0600 0.3891 87.0341 0.0131 0.0415 0.0032 -0.0127 0.0003 0.0058 0.0289 0.4138 0.4088
1494806400.0000 92850.0000 -0.0368 0.2270 0.0524 0.3456 170.7923 0.0652 0.0573 0.0058 -0.0133 -0.0010 0.0072 0.0642 0.8770 0.8788
1494806400.0000 93150.0000 -0.1382 -0.0805 -0.0048 0.3067 59.7984 0.0176 0.0595 0.0037 -0.0281 -0.0026 0.0059 0.0404 1.0250 1.0018
1494806400.0000 93450.0000 -0.1965 0.2680 0.0316 0.3586 143.7521 0.0278 0.0081 0.0079 -0.0040 -0.0040 -0.0007 0.0219 0.3618 0.3289
1494806400.0000 93750.0000 0.1414 0.2260 -0.0040 0.3323 212.0421 0.0264 0.0277 0.0080 -0.0119 0.0052 -0.0028 0.0310 0.5392 0.5034
1494806400.0000 94050.0000 -0.4321 0.4543 -0.0058 0.6556 136.4383 0.0658 0.0958 0.0197 -0.0509 0.0031 -0.0039 0.0907 0.3921 0.3702
1494806400.0000 94350.0000 -0.9693 -0.3104 -0.0388 1.1522 72.2403 0.1881 0.2984 0.0775 0.0817 0.0407 0.0232 0.2820 0.4257 0.3957
1494806400.0000 94650.0000 -0.0137 0.0836 0.0882 0.7894 170.7113 0.6112 0.1354 0.0353 0.1899 0.0206 0.0110 0.3910 4.1729 5.8864
1494806400.0000 94950.0000 -0.0387 -0.1186 -0.0087 0.1809 18.0797 0.0086 0.0176 0.0073 0.0056 0.0006 -0.0040 0.0168 0.8454 0.7497
1494806400.0000 95250.0000 -0.5009 0.4441 -0.0466 0.6910 131.5646 0.0380 0.0643 0.0090 -0.0306 -0.0029 0.0068 0.0556 0.2870 0.2758
1494806400.0000 95550.0000 -0.2561 0.6564 -0.0418 0.7376 158.6861 0.0551 0.0282 0.0311 -0.0088 0.0099 0.0013 0.0572 0.2767 0.2366
1494806400.0000 95850.0000 0.0467 0.3281 -0.0162 0.3560 188.0991 0.0106 0.0453 0.0052 0.0023 0.0006 -0.0057 0.0306 0.4302 0.4119
1494806400.0000 96150.0000 -0.0524 -0.1310 -0.0002 0.2093 21.8023 0.0081 0.0381 0.0094 0.0040 0.0035 0.0050 0.0278 0.9654 0.8804
1494806400.0000 96450.0000 -0.4293 0.2785 -0.0642 0.5916 122.9697 0.0335 0.1476 0.0269 -0.0136 0.0109 0.0078 0.1040 0.5105 0.4801
1494806400.0000 96750.0000 0.0453 0.3801 0.0429 0.4802 186.7973 0.0628 0.0790 0.0077 -0.0452 -0.0001 0.0000 0.0748 0.5796 0.5680
1494806400.0000 97050.0000 -0.0121 -0.0849 -0.0338 0.2516 8.1274 0.0400 0.0248 0.0057 -0.0084 0.0057 0.0041 0.0353 1.6645 1.7148
1494806400.0000 97350.0000 -0.1361 0.1197 -0.0188 0.2625 131.3174 0.0372 0.0255 0.0104 0.0031 0.0003 -0.0011 0.0366 0.8566 0.7975
1494806400.0000 97650.0000 -0.1745 0.0509 -0.0409 0.2858 106.2627 0.0349 0.0473 0.0227 -0.0059 0.0065 0.0044 0.0524 1.0034 0.9106
1494806400.0000 97950.0000 0.0067 0.1251 0.0369 0.2005 183.0765 0.0179 0.0147 0.0076 -0.0073 0.0010 -0.0005 0.0201 0.8871 0.8327
1494806400.0000 98250.0000 0.0479 -0.3776 -0.0173 0.5210 352.7768 0.1363 0.1570 0.0466 0.0518 -0.0104 0.0120 0.1700 0.8836 0.8216
1494806400.0000 98550.0000 0.5446 -0.4734 -0.0248 0.7392 310.9958 0.0302 0.0652 0.0269 -0.0183 -0.0078 0.0126 0.0612 0.2797 0.2472
1494806400.0000 98850.0000 -0.1378 -0.5425 0.0920 0.7750 14.2517 0.2931 0.1277 0.0633 0.0304 0.0331 -0.0038 0.2421 0.7081 0.6691
1494806400.0000 99150.0000 -0.2652 -0.4442 0.0635 0.7853 30.8415 0.2496 0.2401 0.0998 -0.0038 0.0086 0.0290 0.2948 0.8505 0.7810
1494806400.0000 99450.0000 -0.2808 -0.2512 0.1254 0.9365 48.1826 0.5155 0.5190 0.1045 -0.0261 0.0698 0.0148 0.5695 1.5518 1.5586
1494806400.0000 99750.0000 0.3041 -0.5198 0.0622 0.7101 329.6761 0.1701 0.1536 0.0912 0.0677 -0.0017 -0.0013 0.2075 0.6143 0.5454
1494806400.0000 100050.0000 -0.7939 -0.2578 -0.0377 1.0020 72.0108 0.6203 0.2283 0.1199 0.0994 -0.0240 0.0890 0.4842 0.6800 0.6372
1494806400.0000 100350.0000 -1.0599 -0.6478 -0.0632 1.3505 58.5677 0.3158 0.3026 0.2517 0.0569 0.1452 0.1381 0.4351 0.4330 0.3655
1494806400.0000 100650.0000 -1.6881 -0.8763 -0.3729 1.9870 62.5678 0.3532 0.3788 0.2101 0.0609 0.1222 0.1441 0.4711 0.2891 0.2597
1494806400.0000 100950.0000 -1.6691 -0.6090 -0.0485 1.9247 69.9540 0.5854 0.4568 0.3602 -0.0697 0.1403 0.1721 0.7012 0.3847 0.3317
1494806400.0000 101250.0000 -2.2383 -1.0915 -0.5340 2.6382 64.0043 0.7675 0.6179 0.3583 -0.0645 0.2024 0.0772 0.8718 0.2993 0.2729
1494806400.0000 101550.0000 -2.0835 -1.2053 -0.4378 2.6007 59.9498 0.9716 0.8952 0.4014 0.0576 0.2944 0.2949 1.1341 0.3554 0.3277
1494806400.0000 101850.0000 -2.4219 -1.3336 -0.6133 2.9399 61.1609 0.9745 0.9461 0.5625 0.0037 0.2112 0.3263 1.2416 0.3213 0.2894
1494806400.0000 102150.0000 -2.4500 -1.6468 -0.6688 3.0906 56.0918 0.9742 0.7044 0.4301 -0.0467 0.3258 0.1484 1.0543 0.2770 0.2534
1494806400.0000 102450.0000 -2.8694 -2.3733 -0.9971 3.8454 50.4056 0.9915 0.8029 0.5098 0.0447 0.3148 0.2423 1.1521 0.2273 0.2077
1494806400.0000 102750.0000 -2.7984 -1.9771 -0.8173 3.5366 54.7578 0.8090 0.8956 0.5270 0.1703 0.3323 0.3866 1.1158 0.2448 0.2200
1494806400.0000 103050.0000 -2.3946 -1.8453 -0.7300 3.1499 52.3811 0.9475 0.5865 0.4721 -0.0139 0.2408 0.2414 1.0030 0.2629 0.2365
1494806400.0000 103350.0000 -2.3547 -1.8333 -0.5823 3.1191 52.0969 0.7449 0.9017 0.4996 0.1074 0.3118 0.2914 1.0731 0.2782 0.2483
1494806400.0000 103650.0000 -1.8493 -1.6655 -0.5947 2.6422 47.9938 0.9931 0.5708 0.4297 0.0458 0.3044 0.1559 0.9968 0.3186 0.2901
1494806400.0000 103950.0000 -1.5841 -1.1868 -0.3791 2.1320 53.1606 0.6339 0.7882 0.4810 0.1216 0.2974 0.3108 0.9516 0.3952 0.3478
1494806400.0000 104250.0000 -1.9658 -1.8170 -0.6113 2.7899 47.2529 0.7569 0.7898 0.4268 0.2112 0.2385 0.2877 0.9867 0.2954 0.2682
1494806400.0000 104550.0000 -1.8125 -1.6658 -0.5483 2.5907 47.4156 0.6860 0.8358 0.3392 0.1360 0.1442 0.1695 0.9305 0.3123 0.2893
1494806400.0000 104850.0000 -0.9847 -0.3182 0.0484 1.2810 72.0943 0.8129 0.4519 0.2480 0.0785 0.0086 0.0521 0.7564 0.6854 0.6274
1494806400.0000 105150.0000 -1.6385 -1.1210 -0.3095 2.1895 55.6213 0.5123 0.9742 0.4309 0.0115 0.1512 0.2367 0.9587 0.3979 0.3546
1494806400.0000 105450.0000 -2.1612 -1.8838 -0.5667 3.0095 48.9234 0.9119 0.8004 0.4638 0.0443 0.2962 0.2605 1.0880 0.2914 0.2635
1494806400.0000 105750.0000 -2.0442 -1.5299 -0.4673 2.7191 53.1890 0.8981 0.8459 0.6157 0.0510 0.3709 0.2685 1.1799 0.3417 0.2986
1494806400.0000 106050.0000 -2.0074 -1.5850 -0.5041 2.8036 51.7065 1.3631 1.0783 0.5903 -0.0449 0.3955 0.2447 1.5158 0.3856 0.3527
1494806400.0000 106350.0000 -2.7273 -2.0772 -0.9232 3.5692 52.7055 1.2940 0.7721 0.6099 0.0027 0.4245 0.1556 1.3380 0.2660 0.2421
1494806400.0000 106650.0000 -2.8323 -2.1393 -0.8718 3.7671 52.9353 1.2362 1.3885 0.7198 -0.0947 0.4498 0.3574 1.6722 0.2889 0.2635
1494806400.0000 106950.0000 -2.0266 -1.5901 -0.3904 2.8181 51.8817 1.4301 1.2795 0.8060 0.1017 0.5427 0.4790 1.7578 0.4155 0.3689
1494806400.0000 107250.0000 -3.0484 -2.5003 -0.9368 4.0567 50.6411 1.1499 0.7760 0.6437 0.0717 0.5163 0.2703 1.2848 0.2284 0.2032
1494806400.0000 107550.0000 -2.7156 -2.1431 -0.9722 3.5630 51.7198 1.0112 0.8079 0.5005 0.2279 0.2836 0.2214 1.1598 0.2447 0.2251
1494806400.0000 107850.0000 -2.4961 -1.9330 -0.7860 3.3424 52.2461 1.0559 1.1216 0.5621 -0.1214 0.3607 0.2114 1.3698 0.2937 0.2699
1494806400.0000 108150.0000 -2.2705 -1.6244 -0.5602 2.9461 54.4184 0.9324 1.0263 0.6256 0.1000 0.3732 0.1923 1.2921 0.3260 0.2894
1494806400.0000 108450.0000 -2.6811 -1.0793 -0.4158 3.0824 68.0718 1.0410 1.2445 0.8011 0.2048 0.4973 0.4325 1.5433 0.3474 0.3020
1494806400.0000 108750.0000 -2.3404 -0.5958 -0.2300 2.6239 75.7171 0.9093 1.0021 0.4996 0.0656 0.2998 0.2344 1.2055 0.3695 0.3305
1494806400.0000 109050.0000 -2.8919 -1.4021 -0.6456 3.3827 64.1348 1.0982 1.2732 0.6198 0.1743 0.4235 0.2812 1.4956 0.3046 0.2766
1494806400.0000 109350.0000 -2.8300 -1.4998 -0.7127 3.3366 62.0783 0.8509 0.9863 0.6481 0.1371 0.4056 0.3921 1.2427 0.2774 0.2443
1494806400.0000 109650.0000 -3.0406 -1.6168 -0.8013 3.5603 61.9990 0.8814 0.9016 0.5679 0.1153 0.4012 0.2275 1.1755 0.2504 0.2239
1494806400.0000 109950.0000 -2.6637 -1.2886 -0.6419 3.1131 64.1833 0.8286 1.1045 0.5619 0.1705 0.3034 0.3315 1.2475 0.3012 0.2713
1494806400.0000 110250.0000 -2.6064 -1.6707 -0.6706 3.2366 57.3390 0.8829 0.9022 0.5974 0.0658 0.3450 0.2388 1.1912 0.2813 0.2492
1494806400.0000 110550.0000 -2.2576 -0.8289 -0.5035 2.5802 69.8386 0.4702 0.8941 0.4036 -0.0583 0.1761 0.2555 0.8840 0.3124 0.2804
1494806400.0000 110850.0000 -0.8797 -0.4534 -0.1388 1.3429 62.7357 0.6720 0.7045 0.2679 0.2378 0.1867 0.1741 0.8223 0.7408 0.6844
1494806400.0000 111150.0000 0.7193 -0.0181 0.1862 0.8668 271.4384 0.1885 0.2142 0.1629 -0.0267 0.0162 -0.0174 0.2828 0.5843 0.5092
1494806400.0000 111450.0000 -0.9588 0.3290 -0.2153 1.3553 108.9363 1.0774 0.4457 0.3311 0.1362 0.2588 0.0709 0.9271 0.7586 0.7029
1494806400.0000 111750.0000 -0.2238 0.0774 0.0678 0.9014 109.0810 0.3324 0.6363 0.1992 0.0791 0.1282 0.1444 0.5839 2.5330 2.3995
1494806400.0000 112050.0000 -0.7448 0.3892 -0.0591 1.2169 117.5900 1.1762 0.2448 0.1396 0.1549 0.1915 0.0615 0.7803 0.8562 0.8190
1494806400.0000 112350.0000 -1.4611 -0.0713 -0.2416 1.6236 87.2067 0.4552 0.4738 0.2477 0.0062 0.0450 0.1283 0.5883 0.4224 0.3804
1494806400.0000 112650.0000 -1.8753 -0.2187 -0.3459 2.0956 83.3490 1.3001 0.6973 0.3622 0.4200 0.4290 0.1975 1.1798 0.4620 0.4322
1494806400.0000 112950.0000 -1.7872 -0.7311 -0.3039 2.0944 67.7512 0.5787 0.5461 0.3509 -0.0689 0.1321 0.2090 0.7378 0.3588 0.3171
1494806400.0000 113250.0000 -2.0772 -0.8616 -0.5959 2.3717 67.4714 0.9560 0.4912 0.4078 0.0532 0.2735 0.1786 0.9275 0.3380 0.3088
1494806400.0000 113550.0000 -2.5465 -1.0769 -0.6606 2.8614 67.0768 0.7257 0.5357 0.4877 0.0668 0.2264 0.2058 0.8745 0.2686 0.2345
1494806400.0000 113850.0000 -1.7586 -0.7558 -0.3900 2.0374 66.7426 0.6961 0.4547 0.4737 0.0361 0.2644 0.1707 0.8122 0.3767 0.3236
1494806400.0000 114150.0000 -1.0971 -0.4704 -0.2778 1.5120 66.7942 0.8284 0.7375 0.3622 0.0210 0.2271 0.1916 0.9640 0.6541 0.6052
1494806400.0000 114450.0000 -1.3216 -0.5722 -0.3251 1.7623 66.5914 0.5990 0.7368 0.2210 -0.3768 0.0914 -0.0276 0.7784 0.4879 0.4633
1494806400.0000 114750.0000 -0.8693 -1.2395 -0.2201 1.7617 35.0446 0.9392 0.7992 0.3383 0.2327 0.2682 0.2303 1.0384 0.5438 0.5028
1494806400.0000 115050.0000 -0.9866 -0.7097 -0.4183 1.6822 54.2724 0.8950 1.3039 0.5487 -0.2663 0.1421 0.3396 1.3738 0.7446 0.7044
1494806400.0000 115350.0000 0.3715 -0.2514 0.1091 1.0917 304.0803 0.9614 0.2625 0.2107 -0.0074 0.1066 0.0800 0.7173 1.4979 1.4239
1494806400.0000 115650.0000 0.8584 0.4626 0.4803 1.4921 241.6791 0.4796 1.1933 0.1919 -0.4476 0.0166 0.0624 0.9324 0.7253 0.7658
1494806400.0000 115950.0000 0.3610 0.3903 0.0599 1.2420 222.7651 0.7561 0.8486 0.4423 -0.1717 0.1533 0.1245 1.0235 1.5438 1.3755
1494806400.0000 116250.0000 0.8540 0.6345 0.1466 1.3933 233.3868 0.6001 0.4459 0.4066 -0.2528 0.0536 0.0712 0.7263 0.6479 0.5550
1494806400.0000 116550.0000 -0.4945 -0.1635 -0.3693 1.5408 71.7005 1.6834 1.0166 0.6538 -0.0338 0.0671 0.1393 1.6769 1.6559 1.8214
1494806400.0000 116850.0000 -0.4413 -0.3536 -0.3020 1.2603 51.2987 1.0847 0.9228 0.7804 -0.1343 -0.0007 0.5461 1.3940 1.5037 1.4466
1494806400.0000 117150.0000 -1.6224 -0.7123 -0.6166 2.0059 66.2979 0.7790 0.8113 0.5263 -0.0200 0.1782 0.1935 1.0583 0.4477 0.4109
1494806400.0000 117450.0000 -1.3834 -1.5495 -0.5531 2.3827 41.7576 1.3559 1.2011 0.4750 0.1275 0.4195 0.2704 1.5160 0.4677 0.4445
1494806400.0000 117750.0000 -1.1034 -2.0436 -0.6488 2.5574 28.3652 1.2091 0.7876 0.6633 0.0370 0.4052 0.2108 1.3300 0.3905 0.3513
1494806400.0000 118050.0000 -1.3758 -1.8213 -0.4894 2.6526 37.0673 1.3976 1.3413 0.7544 -0.1359 0.3617 0.4774 1.7467 0.4623 0.4186
1494806400.0000 118350.0000 -2.6574 -1.7954 -0.9194 3.3959 55.9561 1.2774 0.9760 0.6130 -0.1399 0.5175 0.1234 1.4332 0.2930 0.2702
1494806400.0000 118650.0000 -3.0041 -1.8298 -0.8719 3.6823 58.6542 1.4682 1.1766 0.8868 0.1718 0.6464 0.4857 1.7658 0.2994 0.2669
1494806400.0000 118950.0000 -3.1835 -2.1757 -1.2477 3.9901 55.6504 0.9174 0.8532 0.4272 -0.1384 0.2535 0.1764 1.0989 0.2112 0.1992
1494806400.0000 119250.0000 -2.1354 -0.8798 -0.3880 2.6170 67.6087 0.8287 1.6519 0.6441 0.0540 0.2887 0.4123 1.5624 0.4358 0.3937
1494806400.0000 119550.0000 -2.6114 -0.1630 -0.5399 2.8022 86.4287 1.0588 1.0441 0.5678 -0.0682 0.2669 0.3079 1.3354 0.3532 0.3200
1494806400.0000 119850.0000 -3.2012 -0.9396 -0.9498 3.5152 73.6415 0.8185 1.1768 0.5881 0.0133 0.2623 0.2534 1.2917 0.2675 0.2444
1494806400.0000 120150.0000 -3.6223 -1.5629 -1.1126 4.0515 66.6613 1.1010 0.8744 0.6989 0.0880 0.3139 0.3049 1.3371 0.2303 0.2057
1494806400.0000 120450.0000 -1.2109 -1.2859 -0.1162 1.9749 43.2785 0.5701 1.3578 0.4728 0.2840 0.1877 0.4923 1.2004 0.5054 0.4539
1494806400.0000 120750.0000 -1.7289 -1.1348 -0.4564 2.3099 56.7192 1.2848 1.0888 0.5569 0.1515 0.4169 0.3804 1.4653 0.4667 0.4301
1494806400.0000 121050.0000 -2.1587 -1.7403 -0.8054 3.0400 51.1248 1.8690 0.9717 0.6122 -0.2065 0.4359 0.2881 1.7265 0.3716 0.3509
1494806400.0000 121350.0000 -2.3282 -1.7838 -0.9872 3.3751 52.5419 3.1368 1.2443 0.5854 -0.7518 0.5793 0.1431 2.4833 0.4158 0.4120
1494806400.0000 121650.0000 -2.8071 -1.9759 -1.0493 3.7288 54.8580 1.5911 1.4764 0.7249 -0.4942 0.1829 0.3066 1.8963 0.3132 0.2946
1494806400.0000 121950.0000 -1.9713 -1.5333 -0.7163 2.8258 52.1251 1.2368 1.7783 0.8094 0.1646 0.4062 0.3839 1.9122 0.4346 0.4014
1494806400.0000 122250.0000 -1.8718 -1.2167 -0.7014 2.5837 56.9752 0.9339 2.0176 0.5410 0.1530 0.2502 0.5036 1.7462 0.4611 0.4443
1494806400.0000 122550.0000 -1.1738 -1.2984 -0.4594 2.1863 42.1154 1.0866 1.2717 0.5739 -0.4733 0.2817 0.1289 1.4661 0.5463 0.5065
1494806400.0000 122850.0000 -1.1719 0.1091 -0.2162 1.7267 95.3177 1.8293 0.8736 0.4320 -0.6250 0.1442 -0.0031 1.5675 0.8542 0.8065
1494806400.0000 123150.0000 -0.9753 0.3399 -0.2975 1.7789 109.2159 2.0812 1.2226 0.6011 -0.8031 0.4133 -0.0452 1.9524 1.0614 1.0160
1494806400.0000 123450.0000 -2.0383 -0.0514 -0.5140 2.4034 88.5562 1.3205 1.1134 0.3893 -0.7167 -0.0263 0.1887 1.4116 0.4613 0.4418
1494806400.0000 123750.0000 -0.1396 0.6377 -0.0427 1.1795 167.6508 0.4897 0.7419 0.3650 -0.1217 -0.1099 -0.0208 0.7984 1.1151 0.9815
1494806400.0000 124050.0000 -0.7704 -0.0046 -0.1601 1.0415 89.6595 0.6430 0.3556 0.2753 -0.0356 0.1606 -0.1041 0.6370 0.8281 0.7488
1494806400.0000 124350.0000 -0.7601 0.4306 0.2683 1.3481 119.5317 0.9708 0.6542 0.3194 0.1072 0.1920 0.1320 0.9722 0.8809 0.8425
1494806400.0000 124650.0000 -2.1881 -0.2864 -0.5408 2.3922 82.5429 1.5069 0.6877 0.5501 0.1049 0.5055 0.2217 1.3723 0.4210 0.3876
1494806400.0000 124950.0000 -1.6806 -0.5738 -0.6500 2.1611 71.1479 1.0351 1.2350 0.4346 -0.4164 0.0505 0.2424 1.3523 0.5021 0.4898
1494806400.0000 125250.0000 -1.1963 0.4675 0.1824 1.7638 111.3447 1.2006 1.0449 0.6592 0.0021 0.3314 0.1980 1.4523 0.7585 0.6736
1494806400.0000 125550.0000 -0.0896 0.6976 -0.1809 1.4422 172.6794 1.3622 0.8934 0.5626 0.0143 0.0366 0.0995 1.4091 1.3345 1.2328
1494806400.0000 125850.0000 0.3162 1.0961 0.2027 1.5802 196.0895 1.2174 0.2988 0.2314 -0.2645 0.3110 -0.1051 0.8738 0.6587 0.6232
1494806400.0000 126150.0000 -0.9015 1.7267 -0.0572 2.3146 152.4327 2.0686 0.8721 0.5238 -0.4445 0.2739 -0.0883 1.7322 0.5515 0.5083
1494806400.0000 126450.0000 0.3401 0.3909 -0.0955 1.3257 221.0262 0.9754 0.8421 0.5479 -0.0787 -0.0287 0.3113 1.1827 1.6854 1.5023
1494806400.0000 126750.0000 -2.0933 0.5960 -0.6396 2.4637 105.8931 0.9487 1.1191 0.5308 0.1852 0.0710 0.3101 1.2993 0.4103 0.3815
1494806400.0000 127050.0000 -1.2388 0.9394 -0.6426 2.1498 127.1724 2.5122 1.2520 0.2862 -0.5408 0.4087 -0.1867 2.0252 0.6907 0.7205
1494806400.0000 127350.0000 -0.4105 -0.1957 -0.3431 1.4990 64.5070 1.0036 1.9980 0.6624 0.0373 0.3209 -0.5121 1.8320 1.9399 2.1994
1494806400.0000 127650.0000 1.0506 1.1722 0.4320 1.7859 221.8669 0.6657 0.7179 0.3381 0.1521 -0.1404 -0.0112 0.8609 0.4641 0.4314
1494806400.0000 127950.0000 -0.6083 1.2281 -0.1018 2.2714 153.6506 2.9647 1.1362 0.9482 -0.3668 0.4022 0.4225 2.5246 0.9440 0.8531
1494806400.0000 128250.0000 -0.1617 0.5394 -0.0734 1.4514 163.3161 0.9846 1.4324 0.4717 0.3021 0.2730 0.4316 1.4444 1.7279 1.5939
1494806400.0000 128550.0000 -0.3848 -1.5854 -0.4649 1.8535 13.6416 0.6418 1.0912 0.3823 0.2404 0.2800 0.3409 1.0576 0.4950 0.4659
1494806400.0000 128850.0000 0.2470 1.9777 0.1952 2.6827 187.1185 2.6104 2.0165 0.5096 -0.4763 0.4726 0.1579 2.5682 0.6534 0.6231
1494806400.0000 129150.0000 -0.1270 1.3929 0.1273 1.6641 174.7898 0.5781 0.6907 0.2866 0.2938 0.1522 0.1736 0.7777 0.5127 0.4650
1494806400.0000 129450.0000 -0.8120 0.8268 0.0454 1.6888 135.5146 1.0984 0.8425 0.4159 0.4236 0.3798 0.1460 1.1784 0.7642 0.6941
1494806400.0000 129750.0000 -0.5803 2.5958 0.1945 2.9116 167.3984 1.5131 1.0877 0.4838 -0.5339 0.1803 -0.1479 1.5423 0.3802 0.3500
1494806400.0000 130050.0000 -0.2759 2.3859 0.4412 2.5825 173.4032 1.0096 0.7669 0.3589 -0.4301 0.1970 -0.1148 1.0677 0.3455 0.3204
1494806400.0000 130350.0000 -0.4840 1.8841 0.0575 2.1730 165.5918 0.7657 0.7532 0.3173 0.0374 0.1844 0.0150 0.9181 0.4020 0.3658
1494806400.0000 130650.0000 -0.8030 0.7973 0.1011 1.3207 134.7961 0.4958 0.7512 0.2551 -0.3979 0.1235 -0.1551 0.7511 0.6229 0.5698
1494806400.0000 130950.0000 -0.0254 1.9734 -0.0388 2.2923 179.2613 1.2236 0.8093 0.5472 -0.4913 0.1462 -0.1524 1.2900 0.4698 0.4171
1494806400.0000 131250.0000 0.2057 0.1030 -0.2132 1.5554 243.4076 0.8493 2.3510 0.6906 -0.6317 0.2174 0.5477 1.9454 3.6312 4.4899
1494806400.0000 131550.0000 0.9497 0.2930 0.0213 1.3908 252.8552 0.8683 0.5026 0.3370 0.1314 -0.1380 -0.1327 0.8540 0.7590 0.6801
1494806400.0000 131850.0000 -0.1188 -0.3626 0.0762 0.7614 18.1392 0.4221 0.2831 0.1863 0.1131 0.1354 -0.0033 0.4457 1.4010 1.2706
1494806400.0000 132150.0000 0.9178 1.2539 0.3989 1.7183 216.2026 0.4843 0.5803 0.3154 -0.0487 -0.0702 0.0538 0.6900 0.4228 0.3834
1494806400.0000 132450.0000 -0.0534 1.4055 0.1102 1.4938 177.8228 0.2082 0.4650 0.2359 -0.0363 0.0115 -0.0932 0.4546 0.3902 0.3368
1494806400.0000 132750.0000 -0.4262 1.7786 0.2602 1.9688 166.5254 0.5470 0.2694 0.2806 0.0074 0.0803 -0.0302 0.5485 0.3273 0.2852
1494806400.0000 133050.0000 -0.3654 2.1576 0.3444 2.3600 170.3883 0.8806 0.4146 0.2585 -0.1345 0.2402 -0.1527 0.7769 0.3249 0.3003
1494806400.0000 133350.0000 -0.8057 0.9544 -0.3318 1.6527 139.8273 0.6506 1.0809 0.2066 0.4263 0.0630 0.1835 0.9691 0.6220 0.6083
1494806400.0000 133650.0000 0.0102 0.8133 0.0112 0.9335 180.7153 0.2046 0.4594 0.1493 -0.1611 -0.0078 0.1088 0.4066 0.6401 0.5784
1494806400.0000 133950.0000 0.1195 1.2597 0.0102 1.3630 185.4186 0.2455 0.3451 0.1943 -0.0664 0.0340 -0.0844 0.3924 0.4042 0.3506
1494806400.0000 134250.0000 0.0493 0.0837 -0.2012 0.6866 210.4796 0.3025 0.3800 0.1184 0.1078 -0.0712 -0.0132 0.4004 2.3124 4.9094
1494806400.0000 134550.0000 1.4310 0.2084 0.1974 1.6513 261.7144 0.8788 0.4966 0.2852 0.0300 -0.1030 0.0999 0.8303 0.5098 0.4682
1494806400.0000 134850.0000 0.3124 0.0417 -0.1550 0.7613 262.4050 0.2803 0.3330 0.1616 -0.1740 -0.0570 0.0060 0.3875 1.4470 1.4346
1494806400.0000 135150.0000 1.0131 1.7640 0.3171 2.1057 209.8680 0.2946 0.2811 0.2120 0.0542 0.0493 -0.0172 0.3939 0.2489 0.2153
1494806400.0000 135450.0000 0.0251 0.6606 0.2996 1.2277 182.1785 0.9866 0.4756 0.3344 0.3257 0.1664 0.0594 0.8983 1.0662 1.0561
1494806400.0000 135750.0000 -0.3666 0.3626 0.0411 0.8066 134.6838 0.2814 0.2917 0.2319 0.1075 0.0745 0.0607 0.4025 1.0014 0.8477
1494806400.0000 136050.0000 0.7779 -0.5371 -0.1704 1.1888 304.6217 0.3324 0.3381 0.1912 0.1276 -0.0042 0.0543 0.4308 0.5579 0.5001
1494806400.0000 136350.0000 1.4937 0.1140 -0.0059 1.6526 265.6352 0.5466 0.4407 0.3017 0.2896 0.1065 0.1324 0.6445 0.4376 0.3830
1494806400.0000 136650.0000 1.6774 0.4467 0.4291 1.8968 255.0890 0.5859 0.5443 0.2838 -0.1175 -0.1049 0.0577 0.7070 0.3839 0.3536
1494806400.0000 136950.0000 0.5121 -0.0842 0.0063 0.9106 279.3324 0.6585 0.3280 0.3355 0.1024 0.0168 0.1677 0.6610 1.2790 1.1049
1494806400.0000 137250.0000 1.2781 -0.6427 -0.0359 1.5409 296.6952 0.7387 0.4128 0.2829 -0.2781 -0.1917 0.0769 0.7172 0.4832 0.4331
1494806400.0000 137550.0000 0.0204 -0.4958 -0.2370 1.1075 357.6393 0.7215 0.7372 0.2398 0.2760 0.0210 0.0261 0.8493 1.3683 1.4053
1494806400.0000 137850.0000 0.7793 2.7408 0.3480 2.9795 195.8714 0.4269 1.8190 0.3715 0.3166 0.0311 0.2295 1.3087 0.3254 0.3036
1494806400.0000 138150.0000 -0.4547 0.6323 0.2006 1.3280 144.2764 0.4434 1.0688 0.4052 0.2676 0.2585 0.2630 0.9587 0.9940 0.9116
1494806400.0000 138450.0000 0.9666 -0.9468 0.0449 1.5255 314.4055 0.7731 0.4170 0.2780 -0.2542 -0.0370 0.0589 0.7340 0.5167 0.4655
1494806400.0000 138750.0000 0.0895 -0.8208 -0.0463 1.5272 353.7801 1.6134 0.2647 0.2484 -0.2616 0.1726 -0.0358 1.0633 1.0181 0.9583
1494806400.0000 139050.0000 -0.4570 -1.0801 -0.2749 1.3745 22.9341 0.3380 0.6439 0.2830 0.0416 0.0590 0.1048 0.6324 0.5390 0.4878
1494806400.0000 139350.0000 0.9100 -0.2002 0.0393 1.2010 282.4062 0.5497 0.2994 0.1518 0.0140 0.0244 0.0157 0.5004 0.6194 0.5710
1494806400.0000 139650.0000 0.0256 -0.4825 -0.0791 1.3261 356.9610 0.7722 0.9793 0.1741 -0.5594 -0.1182 0.1686 0.9628 1.6365 1.5815
1494806400.0000 139950.0000 -0.9306 0.1794 -0.2211 1.1538 100.9135 0.4136 0.4345 0.2725 0.0472 0.1701 0.0243 0.5603 0.6280 0.5610
1494806400.0000 140250.0000 -0.0466 0.4945 -0.1366 0.7872 174.6202 0.0798 0.6229 0.0605 -0.0496 -0.0091 0.0281 0.3816 0.9790 0.9743
1494806400.0000 140550.0000 0.1813 -0.0192 -0.1730 0.5254 276.0360 0.1231 0.1686 0.0388 0.0672 0.0077 -0.0043 0.1653 1.3206 1.7101
1494806400.0000 140850.0000 1.3688 -0.3200 0.1017 1.5967 283.1588 0.2710 0.6063 0.1519 -0.0809 -0.0632 0.0479 0.5146 0.4156 0.3847
1494806400.0000 141150.0000 1.0594 0.4214 -0.1356 1.3920 248.3090 0.5765 0.3240 0.3168 -0.2938 -0.1099 0.0890 0.6087 0.5548 0.4805
1494806400.0000 141450.0000 0.8623 0.9463 0.2361 1.3941 222.3407 0.1038 0.3636 0.1368 -0.0778 0.0418 -0.0225 0.3021 0.3447 0.3083
1494806400.0000 141750.0000 0.6947 1.0450 0.0889 1.3134 213.6138 0.2118 0.2084 0.1194 0.0828 0.0225 0.0075 0.2698 0.3371 0.2982
1494806400.0000 142050.0000 0.2833 1.0533 0.2754 1.2946 195.0536 0.5213 0.2005 0.1964 -0.0227 0.0172 0.0472 0.4591 0.4918 0.4497
1494806400.0000 142350.0000 0.7276 0.6977 0.0294 1.2509 226.2009 0.5047 0.3583 0.2364 -0.1373 -0.1473 0.0735 0.5497 0.6003 0.5321
1494806400.0000 142650.0000 0.0384 0.9257 -0.3089 1.3617 182.3747 0.4985 0.6711 0.1825 -0.4734 -0.0133 0.0838 0.6761 0.6874 0.6740
1494806400.0000 142950.0000 0.9708 1.0715 0.1973 1.6656 222.1756 0.7458 0.1386 0.3324 -0.1207 0.0868 -0.0246 0.6084 0.4364 0.3755
1494806400.0000 143250.0000 1.0391 0.8487 -0.0868 1.5521 230.7617 0.7839 0.1390 0.2018 0.0302 0.1398 -0.0322 0.5624 0.4554 0.4134
1494806400.0000 143550.0000 -0.5046 0.0320 -0.1261 1.1623 93.6274 0.4400 0.8558 0.2282 0.3926 -0.0904 -0.1325 0.7620 1.3679 1.2999
1494806400.0000 143850.0000 0.0050 0.7712 0.4029 1.2040 180.3711 0.7634 0.3629 0.4307 0.0916 0.1774 0.0568 0.7785 0.8280 0.7945
1494806400.0000 144150.0000 -1.7569 0.5194 -0.3050 2.0150 106.4695 0.3503 0.6131 0.2534 0.0550 0.0034 -0.0019 0.6084 0.3429 0.3093
1494806400.0000 144450.0000 0.7443 -0.3413 -0.1954 1.2287 294.6351 0.7633 0.3472 0.0754 -0.0440 -0.0114 -0.0603 0.5930 0.7469 0.7431
1494806400.0000 144750.0000 0.7601 -0.0424 -0.0704 0.9021 273.1897 0.1390 0.1935 0.0993 0.0803 0.0331 0.0566 0.2159 0.4962 0.4373
1494806400.0000 145050.0000 0.1557 -0.9162 -0.0383 1.0409 350.3568 0.1920 0.1827 0.1606 0.0227 0.0487 -0.0222 0.2676 0.4541 0.3803
1494806400.0000 145350.0000 0.3424 0.6946 0.0714 1.1811 206.2382 0.2626 0.7552 0.1536 -0.0486 0.0160 0.0773 0.5857 0.8034 0.7521
1494806400.0000 145650.0000 0.5179 1.0523 0.4474 1.5835 206.2059 0.6165 0.9516 0.1703 -0.5372 0.0619 -0.0633 0.8692 0.6064 0.6164
1494806400.0000 145950.0000 2.7824 -1.7853 0.5772 3.8744 302.6860 3.0373 5.4912 0.8674 -1.1709 0.3976 0.6881 4.6980 0.5273 0.5100
1494806400.0000 146250.0000 0.5012 -0.2561 1.0447 2.0710 297.0637 3.9966 1.7019 2.0782 -1.0388 2.2198 -0.6929 3.8883 1.3568 2.4486
1494806400.0000 146550.0000 1.0227 -1.3025 -0.1854 1.8549 321.8602 0.7846 0.4639 0.1944 -0.3101 0.0875 0.0193 0.7215 0.4162 0.3895
1494806400.0000 146850.0000 1.1669 -0.9034 -0.1402 1.5963 307.7476 0.3138 0.4084 0.2281 -0.0084 0.0481 0.0069 0.4751 0.3797 0.3325
1494806400.0000 147150.0000 0.3587 -0.3949 0.0645 0.7654 317.7500 0.1467 0.3409 0.0998 -0.0284 0.0010 -0.0410 0.2937 0.8235 0.7558
1494806400.0000 147450.0000 0.8681 -1.2320 -0.1064 1.5787 324.8309 0.1674 0.3084 0.1898 -0.0117 -0.0417 0.0594 0.3328 0.3118 0.2642
1494806400.0000 147750.0000 0.0723 0.2120 -0.2072 0.9666 198.8257 0.3580 0.7671 0.1845 -0.3642 0.0218 0.0589 0.6548 2.1653 2.7340
1494806400.0000 148050.0000 0.5159 0.3055 0.2553 1.6013 239.3680 1.3996 1.2203 0.2722 -1.0820 -0.0715 0.1277 1.4461 1.5066 1.5585
1494806400.0000 148350.0000 1.9663 -0.1311 0.4627 2.7298 273.8156 0.8245 3.4549 0.5293 -0.2192 0.2460 0.2190 2.4044 0.6254 0.6061
1494806400.0000 148650.0000 1.9891 -0.0989 0.1309 2.1567 272.8470 0.6887 0.5787 0.1594 -0.0012 0.0620 0.1050 0.7134 0.3455 0.3264
1494806400.0000 148950.0000 0.0809 -0.3444 0.1063 0.9339 346.7871 0.2773 0.7596 0.2030 0.1519 0.0510 0.1860 0.6200 1.7402 1.6617
1494806400.0000 149250.0000 0.7515 -0.2385 0.1270 1.1082 287.6089 0.9851 0.2950 0.1814 0.0088 0.1658 0.1187 0.7307 0.8740 0.8285
1494806400.0000 149550.0000 1.3396 -1.6166 -0.1349 2.1536 320.3541 0.3151 0.2962 0.2323 -0.0784 0.0224 0.0468 0.4218 0.2520 0.2150
1494806400.0000 149850.0000 0.0498 -1.0839 -0.2543 1.2369 357.3702 0.3553 0.2883 0.1574 -0.0641 -0.0327 0.1246 0.4005 0.4636 0.4269
1494806400.0000 150150.0000 1.2540 -0.5726 0.1145 1.4381 294.5423 0.1560 0.1726 0.1221 -0.0042 -0.0319 0.0444 0.2253 0.2802 0.2401
1494806400.0000 150450.0000 0.8324 -0.9658 -0.0762 1.3030 319.2399 0.0748 0.0665 0.0574 -0.0003 0.0042 0.0167 0.0993 0.2015 0.1702
1494806400.0000 150750.0000 0.3279 -1.3306 -0.1829 1.4157 346.1563 0.0849 0.3148 0.0913 0.0345 0.0108 0.1131 0.2455 0.2926 0.2664
1494806400.0000 151050.0000 0.2339 -0.7963 -0.1084 0.9065 343.6304 0.1696 0.2683 0.0908 -0.0676 -0.0193 0.0969 0.2643 0.5015 0.4603
