1494720000.0000 150.0000 1.1153 1.1094 -0.2179 1.6022 225.1533 0.0624 0.1401 0.0737 0.0226 0.0132 0.0444 0.1381 0.1910 0.1651
1494720000.0000 450.0000 0.9998 1.3205 -0.1645 1.6724 217.1299 0.0792 0.0351 0.0457 0.0137 0.0300 0.0138 0.0800 0.1388 0.1179
1494720000.0000 750.0000 1.0824 1.2751 -0.1679 1.6885 220.3270 0.0662 0.0383 0.0511 0.0005 0.0133 0.0143 0.0778 0.1355 0.1116
1494720000.0000 1050.0000 1.0946 1.3047 -0.2310 1.7688 219.9958 0.1839 0.2559 0.1576 0.0229 0.0391 0.0847 0.2987 0.2596 0.2248
1494720000.0000 1350.0000 1.2759 1.4693 -0.2323 1.9813 220.9698 0.1572 0.1264 0.1131 0.0172 -0.0274 -0.0077 0.1983 0.1856 0.1580
1494720000.0000 1650.0000 1.1345 1.2889 -0.3908 1.7556 221.3559 0.2982 0.1072 0.0746 0.1136 0.0116 0.0311 0.2400 0.2272 0.2141
1494720000.0000 1950.0000 0.3526 1.3512 -0.4136 1.4270 194.6269 0.0865 0.0463 0.0759 -0.0065 -0.0242 -0.0012 0.1044 0.1811 0.1507
1494720000.0000 2250.0000 0.0332 1.3231 -0.3063 1.4197 181.4372 0.2630 0.0646 0.0616 0.0175 -0.0558 -0.0141 0.1946 0.2651 0.2497
1494720000.0000 2550.0000 -0.8451 1.3443 -0.1410 1.6208 147.8427 0.0823 0.0812 0.1194 0.0281 -0.0136 -0.0299 0.1415 0.1926 0.1470
1494720000.0000 2850.0000 -0.3005 1.5268 -0.1446 1.5714 168.8642 0.0456 0.0465 0.0157 0.0055 -0.0039 -0.0018 0.0539 0.1213 0.1126
1494720000.0000 3150.0000 -0.3674 1.8338 -0.1727 1.8831 168.6708 0.0484 0.0604 0.0312 -0.0064 0.0018 -0.0099 0.0700 0.1150 0.1018
1494720000.0000 3450.0000 -0.3012 1.6767 -0.1970 1.7166 169.8166 0.0423 0.0626 0.0430 -0.0010 -0.0054 -0.0094 0.0739 0.1295 0.1098
1494720000.0000 3750.0000 -0.6448 1.4640 -0.0450 1.6458 156.2291 0.1475 0.0567 0.0746 0.0224 -0.0434 -0.0050 0.1394 0.1905 0.1631
1494720000.0000 4050.0000 -0.3118 1.4434 -0.1896 1.5085 167.8089 0.1026 0.1377 0.0724 -0.0280 0.0117 -0.0287 0.1563 0.2168 0.1916
1494720000.0000 4350.0000 -0.7546 1.5823 0.0101 1.7931 154.5016 0.1537 0.0862 0.0784 -0.0008 -0.0103 -0.0160 0.1592 0.1858 0.1613
1494720000.0000 4650.0000 -0.7197 1.2398 0.0060 1.4674 149.8661 0.0969 0.1138 0.0643 -0.0137 0.0032 -0.0027 0.1375 0.2112 0.1849
1494720000.0000 4950.0000 -0.7095 1.0364 -0.0152 1.2832 145.6065 0.0627 0.0612 0.0384 0.0039 0.0022 -0.0030 0.0811 0.1851 0.1618
1494720000.0000 5250.0000 -0.5856 1.5259 -0.1936 1.6807 159.0050 0.1925 0.1115 0.0986 -0.0334 -0.0137 -0.0261 0.2013 0.2226 0.1948
1494720000.0000 5550.0000 -0.6139 0.5243 0.0730 0.8782 130.4996 0.0818 0.0805 0.0330 0.0321 0.0079 -0.0012 0.0977 0.3148 0.2882
1494720000.0000 5850.0000 -0.5484 0.2657 -0.0464 0.6861 115.8535 0.1892 0.1418 0.0379 -0.1099 0.0400 -0.0271 0.1845 0.5738 0.5451
1494720000.0000 6150.0000 -0.3910 0.7284 -0.0369 0.8660 151.7741 0.0759 0.0355 0.0349 -0.0076 -0.0047 0.0058 0.0731 0.2668 0.2331
1494720000.0000 6450.0000 -0.5530 0.3945 -0.0493 0.7408 125.5024 0.0517 0.0823 0.0514 -0.0181 -0.0314 0.0004 0.0927 0.3650 0.3112
1494720000.0000 6750.0000 -0.5835 0.0278 0.0704 0.6212 92.7300 0.0294 0.0451 0.0155 -0.0055 0.0017 -0.0004 0.0451 0.2946 0.2699
1494720000.0000 7050.0000 -0.5672 0.2936 0.1320 0.6998 117.3728 0.0799 0.0830 0.0869 -0.0008 0.0054 -0.0456 0.1249 0.4425 0.3649
1494720000.0000 7350.0000 -0.5046 0.3690 -0.0154 0.7789 126.1807 0.1970 0.1515 0.1743 0.0111 0.0340 -0.0809 0.2614 0.6676 0.5452
1494720000.0000 7650.0000 -0.7110 -0.1927 0.1091 0.7732 74.8357 0.0505 0.0564 0.0317 0.0092 -0.0029 -0.0053 0.0693 0.2886 0.2562
1494720000.0000 7950.0000 -0.5042 0.2791 0.0270 0.6591 118.9671 0.2047 0.0575 0.0330 -0.0263 0.0142 -0.0154 0.1476 0.5436 0.5129
1494720000.0000 8250.0000 -0.4175 0.0641 -0.0971 0.4498 98.7275 0.0346 0.0218 0.0358 -0.0018 0.0178 -0.0123 0.0461 0.4045 0.3247
1494720000.0000 8550.0000 -0.5740 0.3055 -0.0314 0.7002 118.0221 0.0522 0.0440 0.0355 0.0241 -0.0159 -0.0230 0.0658 0.3218 0.2753
1494720000.0000 8850.0000 -0.6951 0.5140 -0.1248 0.9466 126.4841 0.0864 0.1371 0.1118 0.0437 -0.0306 -0.0292 0.1677 0.3828 0.3158
1494720000.0000 9150.0000 -0.6415 0.6846 -0.0424 0.9939 136.8613 0.1064 0.0615 0.0868 0.0222 0.0188 -0.0142 0.1273 0.3102 0.2521
1494720000.0000 9450.0000 -0.8202 0.1272 -0.0267 0.8493 98.8166 0.0197 0.0304 0.0391 0.0019 0.0026 0.0018 0.0446 0.2076 0.1556
1494720000.0000 9750.0000 -0.8979 -0.3862 0.1264 1.0715 66.7253 0.1130 0.2354 0.0556 0.0761 -0.0069 -0.0099 0.2020 0.3724 0.3487
1494720000.0000 10050.0000 -0.5038 0.0750 0.0519 0.5682 98.4646 0.0357 0.0611 0.0262 -0.0031 -0.0074 -0.0046 0.0615 0.3954 0.3526
1494720000.0000 10350.0000 -0.1486 0.5757 -0.0804 0.6252 165.5229 0.0517 0.0615 0.0179 -0.0216 -0.0049 0.0003 0.0655 0.3484 0.3267
1494720000.0000 10650.0000 -0.9719 0.7578 0.1501 1.2616 127.9457 0.0978 0.0492 0.0405 0.0058 0.0034 0.0096 0.0938 0.2014 0.1796
1494720000.0000 10950.0000 -0.5152 0.7250 -0.0001 0.9627 144.6012 0.1691 0.0545 0.0339 -0.0062 0.0031 -0.0039 0.1288 0.3294 0.3069
1494720000.0000 11250.0000 -0.9382 0.5736 0.0410 1.1673 121.4413 0.1596 0.0735 0.0572 0.0294 -0.0267 -0.0318 0.1451 0.2827 0.2535
1494720000.0000 11550.0000 -0.5684 0.6167 -0.0618 0.8861 137.3370 0.1172 0.0470 0.0213 -0.0007 -0.0031 -0.0007 0.0927 0.2957 0.2789
1494720000.0000 11850.0000 -0.6437 0.8504 -0.0677 1.0964 142.8774 0.0579 0.1025 0.0368 -0.0166 0.0230 -0.0221 0.0986 0.2399 0.2168
1494720000.0000 12150.0000 -0.9105 0.9122 0.1149 1.3142 135.0532 0.0859 0.1242 0.0446 -0.0399 0.0144 -0.0099 0.1274 0.2252 0.2053
1494720000.0000 12450.0000 -0.8330 0.8814 -0.0072 1.2454 136.6171 0.0826 0.0771 0.0431 0.0002 -0.0053 -0.0130 0.1014 0.2144 0.1903
1494720000.0000 12750.0000 -0.5429 0.5351 0.0585 0.8095 134.5864 0.1433 0.0803 0.0457 -0.0409 0.0041 -0.0038 0.1346 0.3918 0.3581
1494720000.0000 13050.0000 -0.6572 0.5424 0.0811 0.9005 129.5368 0.1377 0.0521 0.0322 -0.0109 0.0227 0.0008 0.1110 0.3178 0.2952
1494720000.0000 13350.0000 -0.6217 0.9126 -0.0611 1.1418 145.7383 0.0821 0.0508 0.0298 0.0090 -0.0096 -0.0035 0.0814 0.2106 0.1906
1494720000.0000 13650.0000 -0.2293 0.4857 -0.0162 0.6173 154.7227 0.0759 0.0814 0.0743 0.0136 -0.0144 -0.0340 0.1158 0.5170 0.4263
1494720000.0000 13950.0000 -0.9613 0.6361 0.0792 1.2262 123.4925 0.1305 0.1033 0.0499 0.0532 -0.0076 -0.0079 0.1418 0.2661 0.2422
1494720000.0000 14250.0000 -1.1338 0.5892 0.0448 1.3211 117.4591 0.1343 0.0780 0.0333 0.0040 -0.0080 -0.0181 0.1228 0.2238 0.2082
1494720000.0000 14550.0000 -0.4106 0.9562 -0.1353 1.0739 156.7604 0.0690 0.0375 0.0253 0.0053 0.0034 0.0014 0.0659 0.1997 0.1811
1494720000.0000 14850.0000 -0.2534 1.0111 -0.2495 1.0720 165.9309 0.0695 0.0510 0.0428 -0.0005 0.0145 -0.0080 0.0817 0.2177 0.1923
1494720000.0000 15150.0000 -0.5170 1.0240 -0.0928 1.2584 153.2096 0.2117 0.1744 0.2297 0.0721 -0.0753 -0.0236 0.3079 0.3937 0.3127
1494720000.0000 15450.0000 -1.1133 0.8678 0.0512 1.4477 127.9371 0.0902 0.1444 0.0715 -0.0465 -0.0015 0.0143 0.1530 0.2261 0.1981
1494720000.0000 15750.0000 -0.8111 1.0418 -0.0732 1.4432 142.0957 0.3172 0.2224 0.2453 0.0467 -0.0406 -0.0565 0.3924 0.3868 0.3212
1494720000.0000 16050.0000 -0.6588 0.7184 0.0552 1.1176 137.4769 0.2725 0.2356 0.1826 -0.0077 -0.0617 -0.0580 0.3454 0.4915 0.4222
1494720000.0000 16350.0000 -0.5449 0.7208 -0.2211 0.9561 142.9110 0.1002 0.1770 0.0815 -0.0242 -0.0047 0.0414 0.1793 0.3717 0.3364
1494720000.0000 16650.0000 -0.3643 1.1227 -0.3091 1.3511 162.0247 0.3982 0.2014 0.2757 0.0715 -0.1933 -0.0126 0.4376 0.4427 0.3788
1494720000.0000 16950.0000 -1.1254 0.4154 0.0158 1.2660 110.2575 0.0987 0.1187 0.1180 0.0457 -0.0302 -0.0704 0.1678 0.2788 0.2244
1494720000.0000 17250.0000 -0.9430 0.4355 0.1330 1.0845 114.7861 0.1659 0.1447 0.0407 -0.0876 0.0072 -0.0174 0.1756 0.3268 0.3098
1494720000.0000 17550.0000 -0.4441 0.5199 -0.0132 0.7295 139.4955 0.0865 0.0356 0.0209 -0.0024 0.0026 -0.0049 0.0715 0.3192 0.2950
1494720000.0000 17850.0000 -0.9701 0.9190 0.0170 1.3546 133.4514 0.1478 0.0932 0.0415 -0.0713 -0.0362 0.0221 0.1412 0.2296 0.2121
1494720000.0000 18150.0000 -1.6240 1.2089 0.1085 2.0657 126.6643 0.0769 0.2267 0.0517 -0.0116 0.0101 -0.0046 0.1776 0.1697 0.1571
1494720000.0000 18450.0000 -0.8946 1.2457 0.0014 1.5526 144.3141 0.1115 0.0890 0.0365 -0.0540 -0.0048 -0.0012 0.1185 0.1833 0.1685
1494720000.0000 18750.0000 -0.3558 1.0006 -0.0408 1.0964 160.4270 0.0716 0.0543 0.0340 0.0161 -0.0112 -0.0002 0.0800 0.2173 0.1929
1494720000.0000 19050.0000 -0.4895 1.5376 -0.2810 1.6694 162.3422 0.1569 0.2178 0.0986 -0.0047 -0.0250 -0.0528 0.2366 0.2425 0.2190
1494720000.0000 19350.0000 -0.1578 0.9644 -0.2007 1.0846 170.7065 0.2936 0.0973 0.1386 -0.0610 0.0324 -0.0398 0.2647 0.4211 0.3694
1494720000.0000 19650.0000 -0.5605 0.5423 0.1598 0.8496 134.0555 0.1094 0.0739 0.0526 0.0060 0.0145 -0.0117 0.1179 0.3522 0.3170
1494720000.0000 19950.0000 -0.6869 0.5187 0.0815 0.9322 127.0567 0.1366 0.0800 0.0531 0.0224 0.0194 -0.0075 0.1348 0.3468 0.3122
1494720000.0000 20250.0000 -0.6834 0.4666 -0.0046 0.8501 124.3217 0.0792 0.0363 0.0401 -0.0194 0.0114 -0.0118 0.0778 0.2752 0.2371
1494720000.0000 20550.0000 -0.8131 0.3497 0.1064 0.9092 113.2719 0.0338 0.0405 0.0152 0.0018 0.0113 -0.0023 0.0448 0.1938 0.1778
1494720000.0000 20850.0000 -0.9018 0.2982 0.0687 0.9781 108.2978 0.0556 0.0427 0.0381 0.0098 -0.0029 -0.0075 0.0682 0.2239 0.1906
1494720000.0000 21150.0000 -0.4091 0.3309 0.0651 0.5984 128.9710 0.0731 0.0574 0.0338 0.0163 0.0074 0.0019 0.0821 0.4414 0.3963
1494720000.0000 21450.0000 -1.0219 1.0126 -0.0088 1.4835 134.7377 0.1705 0.0945 0.0781 -0.0021 -0.0186 -0.0301 0.1716 0.2351 0.2066
1494720000.0000 21750.0000 -1.4180 1.2443 -0.0160 1.9432 131.2672 0.1825 0.1469 0.0826 0.0501 -0.0349 -0.0105 0.2060 0.1964 0.1756
1494720000.0000 22050.0000 -1.2462 1.3531 0.0081 1.8583 137.3547 0.1172 0.1020 0.0657 -0.0412 0.0021 -0.0138 0.1424 0.1675 0.1469
1494720000.0000 22350.0000 -1.4653 1.8098 -0.0776 2.3377 141.0046 0.0810 0.0723 0.0451 -0.0381 -0.0075 0.0018 0.0992 0.1104 0.0971
1494720000.0000 22650.0000 -0.9910 1.3966 -0.0110 1.7794 144.6407 0.1662 0.1630 0.1008 0.0720 -0.0321 -0.0504 0.2150 0.2211 0.1934
1494720000.0000 22950.0000 -1.2091 1.7687 -0.0944 2.1710 145.6431 0.1753 0.2709 0.1395 -0.1032 0.0272 -0.0337 0.2928 0.2060 0.1800
1494720000.0000 23250.0000 -1.2509 1.1642 0.0140 1.7507 132.9449 0.2272 0.1453 0.0829 -0.0522 0.0157 -0.0386 0.2277 0.2280 0.2062
1494720000.0000 23550.0000 -1.5758 1.2253 0.0101 2.0405 127.8694 0.1420 0.1887 0.1028 -0.0042 0.0065 -0.0351 0.2168 0.1904 0.1663
1494720000.0000 23850.0000 -1.7082 1.5198 0.0501 2.3125 131.6601 0.1287 0.1437 0.1038 -0.0180 -0.0141 -0.0095 0.1881 0.1548 0.1318
1494720000.0000 24150.0000 -1.4430 1.2832 0.0203 1.9631 131.6460 0.0849 0.1262 0.0784 0.0157 0.0046 -0.0163 0.1448 0.1609 0.1374
1494720000.0000 24450.0000 -1.1665 0.9185 0.0759 1.5355 128.2173 0.1689 0.1497 0.1591 -0.0078 -0.0417 -0.0520 0.2389 0.2684 0.2195
1494720000.0000 24750.0000 -1.4001 0.8132 0.1028 1.6651 120.1475 0.1320 0.1634 0.1064 -0.0195 0.0310 -0.0188 0.2009 0.2256 0.1938
1494720000.0000 25050.0000 -1.6299 1.2502 0.0098 2.0833 127.4886 0.1229 0.1367 0.1265 -0.0151 -0.0358 0.0034 0.1930 0.1746 0.1432
1494720000.0000 25350.0000 -1.6999 1.3328 0.0376 2.1946 128.0987 0.1613 0.2354 0.1004 -0.0739 0.0255 -0.0007 0.2485 0.1884 0.1683
1494720000.0000 25650.0000 -1.6311 1.8735 -0.0329 2.5123 138.9562 0.1588 0.1381 0.1324 -0.0137 0.0181 -0.0398 0.2147 0.1523 0.1266
1494720000.0000 25950.0000 -1.8156 1.9641 0.0419 2.7114 137.2507 0.2868 0.1768 0.1052 -0.0507 -0.0002 -0.0143 0.2844 0.1628 0.1470
1494720000.0000 26250.0000 -1.5930 1.6125 -0.0348 2.3314 135.3492 0.1971 0.3215 0.1570 0.0372 -0.0157 -0.0315 0.3378 0.2093 0.1834
1494720000.0000 26550.0000 -1.8939 1.2153 0.0941 2.2740 122.6874 0.1535 0.1605 0.0751 -0.0707 -0.0057 -0.0047 0.1945 0.1599 0.1438
1494720000.0000 26850.0000 -1.8991 1.6163 0.0375 2.5102 130.4007 0.0940 0.0879 0.0407 -0.0125 0.0029 -0.0073 0.1113 0.1092 0.0987
1494720000.0000 27150.0000 -1.3584 0.9861 0.1161 1.7198 125.9759 0.1280 0.1716 0.0741 -0.0330 0.0118 -0.0053 0.1868 0.2097 0.1883
1494720000.0000 27450.0000 -1.8824 1.3751 0.0037 2.3662 126.1476 0.1559 0.1581 0.1257 0.0004 -0.0131 -0.0142 0.2199 0.1642 0.1388
1494720000.0000 27750.0000 -1.6532 1.2361 0.0628 2.0884 126.7851 0.0676 0.1227 0.0687 -0.0072 0.0151 -0.0193 0.1295 0.1423 0.1220
1494720000.0000 28050.0000 -1.7400 1.4176 0.0833 2.2683 129.1714 0.1281 0.1295 0.0482 -0.0221 0.0196 -0.0069 0.1529 0.1422 0.1306
1494720000.0000 28350.0000 -1.4727 1.1531 0.0059 1.8972 128.0599 0.1209 0.0545 0.0576 0.0218 -0.0162 -0.0173 0.1165 0.1490 0.1293
1494720000.0000 28650.0000 -1.1951 1.6773 0.0765 2.0982 144.5289 0.2181 0.3607 0.1066 -0.1255 0.0463 -0.1029 0.3427 0.2319 0.2133
1494720000.0000 28950.0000 -0.9949 1.5642 0.0433 1.9315 147.5438 0.2273 0.3558 0.0779 -0.0139 0.0335 -0.0525 0.3305 0.2531 0.2378
1494720000.0000 29250.0000 -0.8296 1.9445 -0.0563 2.1441 156.8952 0.1429 0.1513 0.0982 -0.0307 0.0261 -0.0437 0.1962 0.1710 0.1481
1494720000.0000 29550.0000 -1.2269 1.1879 -0.0226 1.7908 134.0751 0.2925 0.1735 0.0821 0.0488 0.0161 -0.0381 0.2741 0.2503 0.2308
1494720000.0000 29850.0000 -1.5143 0.9342 0.1058 1.8361 121.6728 0.2138 0.2472 0.0897 -0.0694 0.0746 -0.0696 0.2753 0.2404 0.2203
1494720000.0000 30150.0000 -1.6533 1.1852 0.1414 2.0891 125.6351 0.2137 0.1531 0.0700 0.0220 -0.0145 -0.0281 0.2184 0.1871 0.1719
1494720000.0000 30450.0000 -1.5567 1.0744 -0.0284 1.9533 124.6120 0.1263 0.2468 0.1425 0.0215 0.0172 -0.0946 0.2578 0.2192 0.1865
1494720000.0000 30750.0000 -1.4064 1.0868 -0.0962 1.8508 127.6942 0.3002 0.1426 0.1061 0.0311 -0.0367 -0.0470 0.2745 0.2403 0.2162
1494720000.0000 31050.0000 -1.4729 1.5613 0.1914 2.2134 136.6693 0.3034 0.2584 0.1472 -0.0029 0.0482 -0.0360 0.3545 0.2256 0.2016
1494720000.0000 31350.0000 -2.0805 2.4454 -0.0330 3.2684 139.6095 0.2760 0.3732 0.1735 0.0251 0.0450 -0.0866 0.4113 0.1631 0.1449
1494720000.0000 31650.0000 -1.8350 1.8769 -0.0780 2.6730 135.6461 0.2690 0.3662 0.1468 -0.0647 0.0502 -0.0503 0.3910 0.1944 0.1753
1494720000.0000 31950.0000 -1.1191 1.7297 0.1123 2.1331 147.0970 0.2715 0.4730 0.2103 -0.0633 0.0479 -0.0405 0.4774 0.2734 0.2418
1494720000.0000 32250.0000 -1.0577 0.6402 0.1111 1.4319 121.1874 0.4282 0.5201 0.1727 -0.0196 0.0203 -0.1428 0.5605 0.4924 0.4547
1494720000.0000 32550.0000 -0.7343 0.8498 -0.0618 1.2412 139.1714 0.1800 0.5399 0.1071 -0.1115 0.0260 0.0089 0.4135 0.4668 0.4362
1494720000.0000 32850.0000 0.8156 0.1725 0.0762 0.9250 258.0566 0.3116 0.1164 0.1422 0.0497 -0.1288 -0.0493 0.2851 0.5208 0.4531
1494720000.0000 33150.0000 1.7812 0.5236 -0.3979 1.8959 253.6198 0.1404 0.1435 0.1624 -0.0022 0.0323 -0.0600 0.2232 0.2031 0.1657
1494720000.0000 33450.0000 1.1439 0.1413 -0.4720 1.2549 262.9594 0.1379 0.2199 0.1149 -0.0198 0.0221 -0.0375 0.2364 0.3187 0.2996
1494720000.0000 33750.0000 0.2652 -0.8444 -0.1240 0.9842 342.5630 0.1852 0.1213 0.1556 0.0187 -0.0360 -0.0428 0.2310 0.4391 0.3611
1494720000.0000 34050.0000 -0.1623 -0.5690 -0.2928 0.7585 15.9202 0.1748 0.1478 0.1182 -0.0037 0.0310 -0.0272 0.2204 0.5806 0.5542
1494720000.0000 34350.0000 0.0354 -0.2280 -0.0349 0.5049 351.1747 0.2599 0.0670 0.1255 0.0160 -0.0507 -0.0233 0.2262 1.6643 1.4307
1494720000.0000 34650.0000 0.3524 0.3639 -0.2007 0.9617 224.0797 0.4477 0.3234 0.3329 -0.2273 -0.1878 0.1286 0.5520 1.1133 1.0008
1494720000.0000 34950.0000 0.0943 0.8705 -0.0052 1.0203 186.1839 0.2815 0.0753 0.1286 0.0404 0.0195 -0.0111 0.2427 0.4594 0.3939
1494720000.0000 35250.0000 -0.0980 0.1177 0.3195 0.6539 140.2261 0.3731 0.1633 0.0982 0.1035 -0.0048 -0.0431 0.3173 1.2981 2.7615
1494720000.0000 35550.0000 -1.4140 0.8734 -0.0972 1.7227 121.7027 0.1425 0.2836 0.1972 -0.0565 0.0409 -0.1115 0.3117 0.2738 0.2268
1494720000.0000 35850.0000 -1.1000 0.3826 0.0739 1.3208 109.1777 0.1073 0.4113 0.2019 -0.0335 0.0319 -0.1269 0.3602 0.4199 0.3570
1494720000.0000 36150.0000 -1.0938 -0.1307 0.1408 1.1867 83.1880 0.1321 0.1890 0.2012 -0.0190 0.0695 -0.0378 0.2612 0.3758 0.2970
1494720000.0000 36450.0000 -1.8782 0.8594 0.0263 2.1456 114.5864 0.4099 0.2871 0.2326 0.0342 -0.0048 -0.0971 0.4648 0.2695 0.2334
1494720000.0000 36750.0000 -2.2137 0.7570 0.2077 2.4454 108.8782 0.6736 0.5164 0.3168 -0.1379 0.2119 -0.1173 0.7534 0.3017 0.2692
1494720000.0000 37050.0000 -2.0924 1.6782 -0.1480 2.8612 128.7309 0.9576 0.4508 0.4200 0.1767 -0.0147 -0.1034 0.9142 0.2906 0.2554
1494720000.0000 37350.0000 -1.2714 1.6322 -0.2883 2.1412 142.0829 0.3802 0.9311 0.3423 -0.2371 0.0075 0.1358 0.8268 0.3554 0.3195
1494720000.0000 37650.0000 0.0653 0.6749 -0.1191 1.0838 185.5300 0.4628 0.6630 0.2009 -0.2506 -0.0052 0.0016 0.6633 0.9660 0.9035
1494720000.0000 37950.0000 1.3491 0.4615 -0.2939 1.5604 251.1153 0.4098 0.3429 0.1956 0.0140 -0.0824 0.0435 0.4742 0.3862 0.3513
1494720000.0000 38250.0000 1.3800 0.2414 -0.3199 1.5488 260.0793 0.2198 0.4160 0.3003 -0.0766 0.0170 -0.0782 0.4681 0.3887 0.3286
1494720000.0000 38550.0000 1.1839 0.7371 -0.2995 1.4611 238.0914 0.1372 0.1922 0.1772 0.0333 -0.0340 -0.0779 0.2533 0.2881 0.2376
1494720000.0000 38850.0000 0.4079 0.3310 -0.2894 1.0158 230.9405 0.6199 0.4808 0.1591 0.3938 -0.0397 -0.1276 0.6299 1.0804 1.1530
1494720000.0000 39150.0000 -0.3090 -0.5686 0.0981 0.7477 28.5248 0.1350 0.1511 0.2204 0.0107 -0.0916 0.0144 0.2533 0.6278 0.4772
1494720000.0000 39450.0000 -0.7346 -0.5447 0.0010 1.1302 53.4412 0.2905 0.2875 0.2877 -0.1355 0.0526 -0.0207 0.4329 0.5874 0.4800
1494720000.0000 39750.0000 -1.5795 0.1733 0.0995 1.9200 96.2621 0.3488 1.4528 0.3044 -0.2579 0.0165 0.0059 1.0530 0.5263 0.4877
1494720000.0000 40050.0000 -1.4244 1.0989 -0.0254 2.1239 127.6498 0.4052 1.3250 0.4945 0.2236 0.0113 -0.3612 1.1124 0.4786 0.4221
1494720000.0000 40350.0000 -1.9508 -0.0745 0.2146 2.0609 87.8131 0.2319 0.4399 0.2897 0.0056 0.0278 -0.1320 0.4808 0.2883 0.2424
1494720000.0000 40650.0000 -1.5946 1.3195 0.3323 2.1962 129.6061 0.4527 0.5845 0.3737 -0.0722 0.1481 -0.0751 0.7055 0.3272 0.2841
1494720000.0000 40950.0000 -1.9678 0.4830 0.1974 2.2402 103.7899 0.6467 0.8052 0.2318 0.2399 0.0166 -0.0402 0.8419 0.3680 0.3433
1494720000.0000 41250.0000 -0.5487 -0.2793 0.1729 0.8492 63.0205 0.1428 0.4472 0.2889 0.1239 -0.0032 -0.1362 0.4395 0.8464 0.7203
1494720000.0000 41550.0000 -1.8284 -0.4357 0.0432 2.1673 76.5975 1.0804 0.7786 0.5264 -0.3753 -0.0963 -0.0180 1.1927 0.4743 0.4188
1494720000.0000 41850.0000 -1.8751 0.9292 0.0889 2.2390 116.3598 0.4974 0.7713 0.3859 -0.1394 0.1151 -0.1865 0.8273 0.3546 0.3107
1494720000.0000 42150.0000 -0.8867 0.5479 0.2702 1.1486 121.7108 0.2087 0.3126 0.2239 -0.0925 0.0503 -0.0432 0.3726 0.4629 0.3999
1494720000.0000 42450.0000 -1.2616 -0.1435 0.2411 1.4865 83.5106 0.4297 0.5269 0.3792 0.0634 0.0874 0.1115 0.6679 0.5163 0.4447
1494720000.0000 42750.0000 -1.0516 0.4043 -0.0951 1.2744 111.0277 0.3394 0.3175 0.3183 0.0363 0.0601 0.0468 0.4876 0.5043 0.4153
1494720000.0000 43050.0000 -0.3827 -0.0527 0.2056 0.8847 82.1664 0.3047 0.4648 0.1683 0.1138 0.0041 -0.0005 0.4689 1.2777 1.3111
1494720000.0000 43350.0000 -0.3599 1.2270 -0.0884 1.4628 163.6536 0.3605 0.3166 0.3088 0.1316 -0.1133 -0.0613 0.4929 0.4472 0.3715
1494720000.0000 43650.0000 -1.3831 0.7736 -0.1307 1.7442 119.2190 0.3600 0.3930 0.2867 0.1361 0.0128 0.0280 0.5199 0.3702 0.3162
1494720000.0000 43950.0000 -1.6798 1.0633 0.0726 2.3090 122.3344 0.7074 1.0469 0.3385 0.0033 0.0253 -0.1827 1.0464 0.4198 0.3846
1494720000.0000 44250.0000 -1.4027 0.3116 0.0084 1.5117 102.5252 0.4579 0.2103 0.3610 -0.0475 0.1160 -0.0893 0.5146 0.4076 0.3284
1494720000.0000 44550.0000 -0.7001 0.6977 0.2077 1.4737 134.9036 1.0531 0.6974 0.4560 -0.2243 0.0672 -0.2305 1.1033 0.8491 0.7728
1494720000.0000 44850.0000 -0.6016 0.3033 0.2403 1.1331 116.7518 0.3096 0.9621 0.2046 -0.0123 0.1011 -0.1183 0.7381 0.9807 0.9664
1494720000.0000 45150.0000 -0.6102 -0.1305 0.2987 0.9114 77.9317 0.2465 0.3504 0.3694 -0.0985 0.0169 -0.0417 0.4832 0.8204 0.7148
1494720000.0000 45450.0000 -0.8674 1.9871 -0.1506 2.3191 156.4181 0.3812 2.2677 0.5035 -0.4256 0.1396 -0.5833 1.5762 0.4717 0.4334
1494720000.0000 45750.0000 -0.2056 1.4723 -0.2277 1.6625 172.0516 0.2775 1.2682 0.3816 0.0024 -0.0016 -0.2229 0.9636 0.5329 0.4828
1494720000.0000 46050.0000 -1.3755 1.8903 -0.3528 2.4874 143.9588 0.9748 0.6582 0.5821 -0.2229 -0.0387 -0.2879 1.1075 0.3634 0.3156
1494720000.0000 46350.0000 -2.0175 2.2524 -0.1075 3.0862 138.1494 0.4635 0.4341 0.2152 -0.0953 -0.0212 -0.0361 0.5564 0.2013 0.1809
1494720000.0000 46650.0000 -0.2923 2.4208 -0.3872 2.6206 173.1163 0.8790 0.5947 0.4050 0.1470 -0.1659 -0.1138 0.9393 0.3205 0.2874
1494720000.0000 46950.0000 -1.4296 1.5746 -0.2297 2.2208 137.7641 0.3187 0.5161 0.5877 -0.0291 0.0936 -0.1822 0.7112 0.3219 0.2480
1494720000.0000 47250.0000 -0.0827 0.5189 -0.1323 0.8900 170.9496 0.3989 0.3180 0.4042 -0.0347 -0.1553 0.0050 0.5606 1.1281 0.9303
1494720000.0000 47550.0000 0.7494 0.6512 0.0545 1.1686 229.0088 0.2152 0.3718 0.3188 -0.0841 -0.0633 -0.0173 0.4529 0.5526 0.4456
1494720000.0000 47850.0000 1.0104 -0.0922 -0.0709 1.1692 275.2134 0.2807 0.2559 0.4019 0.0820 -0.1531 -0.0298 0.4692 0.5499 0.4168
1494720000.0000 48150.0000 0.3963 1.2855 -0.2199 1.6313 197.1324 0.8004 0.6523 0.5555 0.1577 -0.3140 -0.1677 1.0041 0.6002 0.5173
1494720000.0000 48450.0000 0.0248 1.1767 -0.2893 1.3286 181.2098 0.3435 0.3613 0.3609 -0.0030 -0.0032 -0.0701 0.5328 0.4918 0.4118
1494720000.0000 48750.0000 0.9668 0.2316 -0.1568 1.6178 256.5279 1.4890 0.7748 0.3855 -0.2549 0.0088 -0.1022 1.3247 0.9337 0.8738
1494720000.0000 49050.0000 -1.9027 1.1275 -0.2524 2.7017 120.6505 1.9070 1.5142 0.9326 0.0914 -0.4268 -0.4720 2.1769 0.5412 0.4828
1494720000.0000 49350.0000 -0.9234 2.1540 -0.0690 2.7845 156.7954 1.9602 0.7403 0.2811 0.5853 -0.3112 -0.1639 1.4908 0.4252 0.4048
1494720000.0000 49650.0000 -0.4429 1.4225 0.0194 1.9280 162.7045 1.4438 0.5189 0.3651 0.3583 -0.0744 -0.0036 1.1639 0.5912 0.5429
1494720000.0000 49950.0000 -1.0804 2.2553 -0.4010 2.6315 154.4029 0.3694 1.1532 0.4083 0.0082 -0.1395 -0.2655 0.9654 0.3168 0.2849
1494720000.0000 50250.0000 -1.5797 1.4543 -0.1065 2.2858 132.6326 0.4433 0.8854 0.5246 -0.0964 -0.0380 -0.1423 0.9267 0.3656 0.3099
1494720000.0000 50550.0000 -1.8633 1.5266 -0.1225 2.7239 129.3289 0.9520 1.1352 0.5535 0.4622 -0.1992 -0.2315 1.3204 0.3890 0.3463
1494720000.0000 50850.0000 -1.8754 1.1885 -0.0917 2.4021 122.3651 0.5010 0.8125 0.4356 0.1103 -0.0721 -0.2412 0.8745 0.3436 0.2980
1494720000.0000 51150.0000 -1.0664 1.1177 -0.0829 1.7985 136.3464 0.4607 0.8869 0.2917 0.1464 -0.0660 -0.2837 0.8196 0.4778 0.4339
1494720000.0000 51450.0000 -1.7872 1.6393 -0.0789 2.4743 132.5282 0.3006 0.5686 0.1676 -0.2180 0.0443 -0.1515 0.5184 0.2423 0.2219
1494720000.0000 51750.0000 -1.3111 1.5738 -0.1070 2.1217 140.2027 0.7171 0.5384 0.2258 -0.3157 -0.1009 -0.0985 0.7406 0.3426 0.3158
1494720000.0000 52050.0000 -2.3517 1.5582 0.0717 2.8622 123.5275 0.1673 0.2080 0.1765 0.0371 -0.0029 -0.0561 0.2759 0.1520 0.1254
1494720000.0000 52350.0000 -1.0327 1.4788 0.0437 1.9154 145.0710 0.2744 0.5045 0.4512 -0.0184 -0.0522 -0.1899 0.6150 0.3549 0.2825
1494720000.0000 52650.0000 -1.2266 1.6406 -0.0680 2.1037 143.2158 0.2027 0.2094 0.2129 0.0210 0.0196 -0.0636 0.3125 0.2227 0.1809
1494720000.0000 52950.0000 -1.4132 1.3631 -0.0015 2.0830 133.9656 0.2707 0.7934 0.1565 -0.1925 0.0402 -0.1780 0.6103 0.3249 0.3033
1494720000.0000 53250.0000 -1.0963 0.4625 0.1272 1.3428 112.8722 0.4406 0.4130 0.2748 -0.1169 0.1042 -0.1614 0.5642 0.5125 0.4483
1494720000.0000 53550.0000 -0.8080 1.0487 0.0428 1.6812 142.3866 0.8023 0.6606 0.3049 0.0998 0.0272 -0.1390 0.8839 0.5795 0.5275
1494720000.0000 53850.0000 -0.4452 1.8884 -0.3897 2.0981 166.7354 0.6807 0.5018 0.4027 -0.2003 -0.1283 0.0484 0.7926 0.3673 0.3236
1494720000.0000 54150.0000 -0.8311 1.3280 -0.2642 1.7027 147.9594 0.5062 0.8721 0.3526 -0.3103 0.0018 -0.1134 0.8654 0.4781 0.4327
1494720000.0000 54450.0000 -1.1766 1.0956 0.0088 1.8655 132.9586 0.7755 0.7019 0.5191 -0.0380 -0.0431 -0.2651 0.9983 0.5074 0.4365
1494720000.0000 54750.0000 -0.5775 0.2567 -0.3077 1.2587 113.9624 0.9057 0.5943 0.4538 0.1192 -0.2478 -0.1907 0.9769 1.1481 1.1188
1494720000.0000 55050.0000 -1.0712 0.2100 0.2743 1.4523 101.0915 0.3761 0.9992 0.4841 0.0575 -0.1848 -0.3514 0.9297 0.6995 0.6202
1494720000.0000 55350.0000 -0.4020 0.3141 -0.1306 1.6610 128.0015 0.5287 2.7468 0.4892 -0.1057 -0.1384 -0.3928 1.8823 2.1271 2.0480
1494720000.0000 55650.0000 -0.0619 -0.8552 0.0758 1.2050 4.1421 0.6085 0.5351 0.4944 0.0577 -0.2222 0.0532 0.8190 0.8585 0.7201
1494720000.0000 55950.0000 -0.6797 -0.6174 -0.1640 1.1298 47.7478 0.4879 0.2217 0.2502 -0.0342 -0.2187 -0.0064 0.4799 0.6064 0.5296
1494720000.0000 56250.0000 -0.6116 -0.7138 -0.0433 1.5109 40.5896 1.0442 0.8645 0.3570 0.6990 -0.0585 0.0405 1.1328 0.9236 0.8486
1494720000.0000 56550.0000 0.1177 -0.8642 0.0999 1.1336 352.2444 0.2919 0.7444 0.4106 0.0009 -0.1005 0.0109 0.7235 0.7911 0.6739
1494720000.0000 56850.0000 0.3335 -1.4137 0.2163 1.6517 346.7263 0.5056 0.3333 0.2733 0.1570 0.0039 0.0171 0.5561 0.4146 0.3641
1494720000.0000 57150.0000 0.1237 -1.2654 0.3201 1.3740 354.4177 0.2451 0.2502 0.3094 0.0003 -0.0795 -0.0533 0.4023 0.3950 0.3196
1494720000.0000 57450.0000 -0.3973 -1.2401 0.1263 1.4197 17.7624 0.3001 0.2853 0.1977 0.0519 -0.0884 -0.0371 0.3915 0.3905 0.3392
1494720000.0000 57750.0000 -0.2617 -1.6466 0.2151 1.7194 9.0312 0.1858 0.1711 0.1800 0.0504 -0.0304 -0.0021 0.2684 0.2516 0.2069
1494720000.0000 58050.0000 0.0375 -1.3181 -0.3320 1.5967 358.3717 0.5949 0.6201 0.5258 0.1273 -0.1888 -0.3506 0.8704 0.5602 0.4826
1494720000.0000 58350.0000 -0.4558 -0.9886 0.0120 1.4138 24.7553 0.4961 0.9219 0.7819 0.2757 -0.4359 -0.4774 1.0999 0.7866 0.6315
1494720000.0000 58650.0000 -0.4971 -0.3087 0.3874 0.7698 58.1540 0.1665 0.2447 0.2139 0.0587 -0.0602 -0.0272 0.3126 0.6505 0.6327
1494720000.0000 58950.0000 -0.2492 -1.1901 0.3266 1.4309 11.8246 0.4990 0.1700 0.1677 -0.1051 -0.0295 0.0357 0.4183 0.4195 0.3884
1494720000.0000 59250.0000 0.3903 -1.4150 0.2852 1.6985 344.5793 0.6023 0.4633 0.3355 0.2468 -0.1888 -0.1069 0.7006 0.4570 0.4060
1494720000.0000 59550.0000 1.8791 -1.6570 0.0338 2.6377 311.4064 0.8233 0.3183 0.4075 0.1476 -0.1953 -0.0822 0.7745 0.2868 0.2462
1494720000.0000 59850.0000 1.2233 -1.1350 -0.0390 1.8174 312.8542 0.6963 0.2701 0.3411 0.0774 -0.1788 -0.0699 0.6538 0.3955 0.3401
1494720000.0000 60150.0000 0.5216 -0.8817 -0.4807 1.1820 329.3915 0.2907 0.3548 0.2029 -0.0857 -0.0856 0.0048 0.4242 0.4699 0.4528
1494720000.0000 60450.0000 1.1810 -0.5394 0.0743 1.4373 294.5491 0.6961 0.4559 0.2049 -0.1497 -0.1568 -0.1094 0.6784 0.5171 0.4773
1494720000.0000 60750.0000 0.2550 -0.4663 -0.1204 0.7841 331.3284 0.1846 0.2761 0.1136 0.1344 -0.0824 -0.1186 0.2871 0.8030 0.7374
1494720000.0000 61050.0000 0.5047 -1.5206 -0.0506 1.7097 341.6396 0.2838 0.3564 0.1621 0.0702 -0.0580 -0.0490 0.4011 0.3226 0.2883
1494720000.0000 61350.0000 0.0874 -1.9633 0.4210 2.0445 357.4505 0.3120 0.3197 0.2518 -0.0060 -0.0555 -0.0569 0.4418 0.2700 0.2335
1494720000.0000 61650.0000 -0.0749 -1.4678 0.1303 1.5565 2.9228 0.2537 0.1660 0.2844 -0.0106 -0.1114 -0.0186 0.3521 0.3283 0.2545
1494720000.0000 61950.0000 -0.5805 -1.0646 0.1070 1.2714 28.6029 0.1291 0.1577 0.1460 -0.0145 -0.0250 -0.0057 0.2164 0.3120 0.2550
1494720000.0000 62250.0000 -0.6694 -0.6833 0.4408 1.0576 44.4104 0.2166 0.1043 0.1349 -0.0356 0.0637 -0.0278 0.2279 0.3701 0.3419
1494720000.0000 62550.0000 -0.2809 -1.2821 0.1339 1.4314 12.3583 0.3098 0.1736 0.3510 -0.0449 -0.0550 -0.0651 0.4172 0.3997 0.3058
1494720000.0000 62850.0000 -0.4890 -1.4407 0.2683 1.6451 18.7495 0.3338 0.3547 0.2382 -0.0824 -0.1074 0.0077 0.4634 0.3598 0.3149
1494720000.0000 63150.0000 -0.2551 -1.0429 0.1470 1.2474 13.7467 0.3408 0.2555 0.2452 -0.1373 -0.0437 0.0773 0.4208 0.4887 0.4153
1494720000.0000 63450.0000 1.0910 -0.8916 0.0104 1.6227 309.2562 0.4112 0.6103 0.2986 -0.1995 -0.0207 -0.0284 0.6600 0.4708 0.4142
1494720000.0000 63750.0000 0.0880 -0.0187 -0.2181 0.7339 282.0017 0.3223 0.3311 0.3988 -0.0420 -0.0335 -0.2217 0.5261 2.5105 5.1871
1494720000.0000 64050.0000 -0.1702 -0.5573 0.2481 0.7004 16.9825 0.1727 0.0650 0.0954 0.0372 -0.0638 -0.0247 0.1665 0.5261 0.4830
1494720000.0000 64350.0000 -0.7295 -0.5276 0.3015 1.0226 54.1237 0.3159 0.2350 0.2309 0.0767 0.0242 -0.0581 0.3909 0.5377 0.4760
1494720000.0000 64650.0000 -0.6490 -0.5120 -0.0797 1.0871 51.7261 0.2577 0.5746 0.3902 0.0686 -0.1292 -0.3068 0.6112 0.7687 0.6372
1494720000.0000 64950.0000 -0.4627 0.0843 0.0687 0.8543 100.3288 0.1824 0.4366 0.1586 -0.0438 -0.0392 -0.0652 0.3888 1.0712 0.9659
1494720000.0000 65250.0000 -0.2131 -0.4268 0.1754 0.5868 26.5341 0.0810 0.0902 0.0513 0.0212 -0.0179 -0.0141 0.1113 0.5358 0.5008
1494720000.0000 65550.0000 -0.3256 0.1663 -0.1469 0.6771 117.0618 0.4190 0.0496 0.0703 -0.0442 -0.0101 -0.0216 0.2695 1.0758 1.0811
1494720000.0000 65850.0000 0.2384 -0.1540 -0.2719 0.5645 302.8649 0.2127 0.1257 0.1741 0.0799 -0.0957 -0.0749 0.2562 1.0515 1.1832
1494720000.0000 66150.0000 0.0883 -0.0757 -0.0931 0.3401 310.6104 0.0951 0.0352 0.0634 0.0252 0.0062 0.0126 0.0969 1.7059 1.7927
1494720000.0000 66450.0000 -0.2844 -0.5024 0.0789 0.7218 29.5077 0.0899 0.1950 0.1186 -0.0423 -0.0164 0.0684 0.2018 0.6294 0.5338
1494720000.0000 66750.0000 -0.2361 -0.0794 -0.0377 0.5405 71.4094 0.0580 0.2158 0.0628 0.0292 0.0145 -0.0297 0.1683 1.3293 1.2126
1494720000.0000 67050.0000 0.1415 -0.6334 0.0520 0.6965 347.4112 0.0403 0.1682 0.0581 0.0090 -0.0047 -0.0473 0.1333 0.4578 0.4061
1494720000.0000 67350.0000 0.2666 -0.3628 -0.0051 0.7471 323.6925 0.2477 0.2107 0.1559 0.0026 -0.0019 -0.1175 0.3072 1.0050 0.8682
1494720000.0000 67650.0000 0.0138 -0.8158 0.1403 1.1047 359.0301 0.3388 0.3601 0.1560 0.2003 -0.0256 -0.0390 0.4274 0.6448 0.5916
1494720000.0000 67950.0000 0.3017 -1.0546 0.1010 1.2133 344.0351 0.2534 0.1105 0.1121 0.0434 -0.0177 0.0140 0.2380 0.3616 0.3175
1494720000.0000 68250.0000 0.0650 -0.9665 0.1383 1.0005 356.1538 0.0564 0.0947 0.0763 -0.0023 0.0048 -0.0194 0.1137 0.2814 0.2317
1494720000.0000 68550.0000 0.0500 -0.6886 -0.0930 0.8031 355.8473 0.1765 0.0497 0.0358 0.0180 0.0122 0.0044 0.1310 0.4242 0.3978
1494720000.0000 68850.0000 0.1494 -0.3418 -0.0663 0.4931 336.3901 0.0683 0.1062 0.0411 0.0373 -0.0028 -0.0121 0.1077 0.7074 0.6465
1494720000.0000 69150.0000 0.1133 -0.5935 0.0910 0.6232 349.1888 0.0216 0.0341 0.0125 0.0054 -0.0030 -0.0020 0.0341 0.2468 0.2254
1494720000.0000 69450.0000 0.5281 -0.4589 -0.2173 0.7980 310.9867 0.1610 0.0743 0.0627 0.0437 0.0146 0.0238 0.1490 0.4302 0.4003
1494720000.0000 69750.0000 0.4242 -0.6477 0.0667 0.8249 326.7759 0.0986 0.0377 0.0187 -0.0024 -0.0056 0.0004 0.0775 0.2926 0.2754
1494720000.0000 70050.0000 0.3117 -0.9655 0.0866 1.0639 342.1065 0.0766 0.1107 0.0330 0.0419 -0.0057 -0.0421 0.1101 0.2661 0.2463
1494720000.0000 70350.0000 0.7337 -1.0354 0.0664 1.3106 324.6802 0.1580 0.0868 0.0343 -0.0383 -0.0171 0.0143 0.1395 0.2400 0.2251
1494720000.0000 70650.0000 2.1285 -1.4702 -0.0351 2.6056 304.6336 0.1613 0.0956 0.0446 -0.0277 -0.0026 0.0029 0.1507 0.1225 0.1131
1494720000.0000 70950.0000 2.4380 -1.5118 -0.0737 2.8806 301.8029 0.0838 0.0771 0.0711 -0.0127 -0.0176 0.0118 0.1160 0.0969 0.0807
1494720000.0000 71250.0000 2.1616 -1.1438 -0.0644 2.4583 297.8848 0.0595 0.0738 0.0481 -0.0113 -0.0179 -0.0063 0.0907 0.1005 0.0862
1494720000.0000 71550.0000 2.2258 -1.3405 -0.0705 2.6123 301.0598 0.0575 0.0840 0.0361 -0.0045 -0.0046 -0.0026 0.0888 0.0936 0.0836
1494720000.0000 71850.0000 2.3224 -1.6767 -0.0513 2.8876 305.8270 0.1852 0.0850 0.0691 0.0058 -0.0229 0.0058 0.1696 0.1174 0.1048
1494720000.0000 72150.0000 2.4143 -1.5792 -0.0204 2.9053 303.1888 0.1888 0.0937 0.0665 -0.0108 -0.0231 0.0256 0.1745 0.1182 0.1064
1494720000.0000 72450.0000 1.5594 -1.5747 0.0118 2.2307 315.2799 0.1103 0.0462 0.0269 -0.0124 -0.0015 0.0097 0.0917 0.1115 0.1031
1494720000.0000 72750.0000 1.2504 -1.3789 0.0453 1.8745 317.7998 0.0732 0.0278 0.0174 -0.0028 0.0062 0.0016 0.0592 0.1067 0.0986
1494720000.0000 73050.0000 0.9283 -1.2038 0.0597 1.5297 322.3634 0.0446 0.0248 0.0150 -0.0075 0.0030 0.0012 0.0422 0.1102 0.1000
1494720000.0000 73350.0000 0.7733 -1.0877 0.0404 1.3438 324.5885 0.0284 0.0361 0.0124 -0.0052 0.0029 0.0020 0.0384 0.1199 0.1098
1494720000.0000 73650.0000 0.9050 -0.9489 0.0416 1.3234 316.3554 0.0625 0.0407 0.0108 -0.0192 0.0047 0.0011 0.0570 0.1485 0.1414
1494720000.0000 73950.0000 0.7995 -0.9062 0.0073 1.2213 318.5800 0.0452 0.0149 0.0115 0.0002 -0.0014 0.0025 0.0358 0.1278 0.1171
1494720000.0000 74250.0000 0.9247 -0.8822 0.0045 1.2848 313.6528 0.0202 0.0082 0.0073 0.0038 0.0014 0.0006 0.0178 0.0854 0.0762
1494720000.0000 74550.0000 1.2626 -1.0202 0.0206 1.6300 308.9386 0.0874 0.0389 0.0146 -0.0365 -0.0059 0.0082 0.0704 0.1334 0.1264
1494720000.0000 74850.0000 1.2443 -1.0567 0.0389 1.6381 310.3387 0.0372 0.0098 0.0105 -0.0034 0.0057 0.0008 0.0287 0.0848 0.0767
1494720000.0000 75150.0000 1.1194 -1.0973 0.0291 1.5728 314.4280 0.0241 0.0112 0.0068 -0.0004 0.0033 0.0008 0.0211 0.0756 0.0692
1494720000.0000 75450.0000 1.3059 -0.9702 0.0010 1.6357 306.6104 0.0159 0.0272 0.0093 0.0050 0.0015 0.0053 0.0262 0.0812 0.0737
1494720000.0000 75750.0000 1.7907 -1.0448 0.0261 2.1051 300.2616 0.0826 0.1388 0.0226 0.0096 0.0007 -0.0019 0.1220 0.1375 0.1310
1494720000.0000 76050.0000 2.5115 -0.7409 -0.1096 2.6413 286.4372 0.0464 0.1030 0.0082 0.0337 -0.0039 -0.0068 0.0788 0.0875 0.0852
1494720000.0000 76350.0000 1.7907 -0.8361 0.1297 1.9886 295.0280 0.1153 0.0894 0.0226 -0.0661 -0.0290 0.0243 0.1136 0.1390 0.1322
1494720000.0000 76650.0000 0.3745 -0.5013 -0.0766 0.7035 323.2392 0.1466 0.0270 0.0505 0.0224 0.0491 0.0105 0.1120 0.4335 0.3844
1494720000.0000 76950.0000 0.2790 -0.4290 0.0192 0.5320 326.9628 0.0211 0.0118 0.0074 0.0047 -0.0049 -0.0040 0.0201 0.2261 0.2045
1494720000.0000 77250.0000 0.3636 -0.5191 -0.0083 0.6437 324.9910 0.0104 0.0101 0.0035 0.0030 -0.0007 -0.0003 0.0120 0.1408 0.1302
1494720000.0000 77550.0000 -0.0089 -0.5622 0.0133 0.5750 0.9025 0.0153 0.0045 0.0035 -0.0024 0.0044 -0.0010 0.0117 0.1567 0.1444
1494720000.0000 77850.0000 -0.1515 -0.4012 0.0089 0.4371 20.6877 0.0062 0.0102 0.0035 0.0001 -0.0012 -0.0011 0.0100 0.1900 0.1725
1494720000.0000 78150.0000 -0.0476 -0.3333 -0.0200 0.3484 8.1204 0.0091 0.0185 0.0019 0.0101 0.0022 0.0018 0.0148 0.2943 0.2849
1494720000.0000 78450.0000 0.3841 -0.1180 -0.0815 0.4085 287.0820 0.0145 0.0065 0.0018 -0.0030 -0.0000 0.0006 0.0114 0.2129 0.2083
1494720000.0000 78750.0000 0.3397 -0.2455 -0.0150 0.4253 305.8541 0.0095 0.0012 0.0058 0.0009 0.0009 0.0002 0.0083 0.1775 0.1430
1494720000.0000 79050.0000 1.3420 -0.7342 0.1253 1.5418 298.6836 0.1143 0.0449 0.0144 -0.0273 0.0051 0.0060 0.0868 0.1567 0.1506
1494720000.0000 79350.0000 1.2774 -0.4379 0.0878 1.4024 288.9236 0.0668 0.1338 0.0317 0.0102 -0.0020 -0.0017 0.1161 0.2056 0.1915
1494720000.0000 79650.0000 0.9982 -0.0044 0.1474 1.0595 270.2541 0.1408 0.1136 0.0356 0.0517 -0.0262 -0.0145 0.1450 0.3082 0.2918
1494720000.0000 79950.0000 0.4178 -0.7456 0.0287 0.8877 330.7387 0.0399 0.0467 0.0237 0.0105 -0.0057 0.0025 0.0551 0.2241 0.1988
1494720000.0000 80250.0000 0.5573 -0.6111 0.0026 0.8337 317.6385 0.0329 0.0097 0.0088 -0.0102 -0.0016 0.0017 0.0257 0.1582 0.1440
1494720000.0000 80550.0000 0.2940 -0.6379 0.1172 0.7053 335.2551 0.0033 0.0083 0.0024 -0.0003 -0.0005 -0.0015 0.0070 0.0958 0.0885
1494720000.0000 80850.0000 0.1592 -0.4152 0.0573 0.4509 339.0155 0.0103 0.0159 0.0035 -0.0094 0.0042 -0.0056 0.0148 0.2219 0.2103
1494720000.0000 81150.0000 0.0976 -0.0329 -0.0013 0.1475 288.6189 0.0015 0.0116 0.0011 0.0024 0.0001 -0.0007 0.0071 0.6699 0.6427
1494720000.0000 81450.0000 0.0942 0.2014 -0.0143 0.2252 205.0588 0.0008 0.0013 0.0008 -0.0005 0.0002 -0.0006 0.0015 0.1399 0.1198
1494720000.0000 81750.0000 0.0146 0.0805 -0.0428 0.0938 190.3150 0.0017 0.0051 0.0006 0.0025 -0.0008 -0.0013 0.0037 0.5391 0.5841
1494720000.0000 82050.0000 0.0923 -0.1349 -0.0526 0.1671 325.6135 0.0010 0.0037 0.0009 -0.0008 0.0003 -0.0003 0.0029 0.2543 0.2446
1494720000.0000 82350.0000 0.0512 -0.1823 -0.0323 0.2137 344.3085 0.0099 0.0046 0.0009 -0.0059 -0.0017 0.0013 0.0078 0.3744 0.3680
1494720000.0000 82650.0000 -0.0928 -0.1462 0.0108 0.2166 32.3968 0.0189 0.0045 0.0058 0.0022 -0.0090 -0.0014 0.0146 0.5687 0.5098
1494720000.0000 82950.0000 0.3396 -0.1669 -0.0454 0.3824 296.1689 0.0037 0.0024 0.0006 0.0006 0.0002 0.0005 0.0033 0.1232 0.1188
1494720000.0000 83250.0000 0.2078 -0.1049 -0.0613 0.2409 296.7903 0.0131 0.0037 0.0007 -0.0045 -0.0000 -0.0000 0.0088 0.3183 0.3221
1494720000.0000 83550.0000 -0.1625 -0.0752 -0.0007 0.2045 65.1538 0.0126 0.0063 0.0068 0.0033 0.0005 0.0029 0.0129 0.5170 0.4433
1494720000.0000 83850.0000 -0.1563 -0.2441 0.0351 0.3092 32.6294 0.0172 0.0051 0.0021 0.0046 -0.0022 -0.0004 0.0122 0.3089 0.2972
1494720000.0000 84150.0000 0.1950 -0.2344 -0.0476 0.3063 320.2440 0.0012 0.0012 0.0008 -0.0003 0.0003 -0.0003 0.0016 0.1044 0.0917
1494720000.0000 84450.0000 0.0659 -0.3790 -0.0005 0.4202 350.1358 0.0252 0.0149 0.0020 0.0172 -0.0042 -0.0034 0.0210 0.3077 0.3004
1494720000.0000 84750.0000 -0.1400 -0.4938 0.0466 0.5215 15.8323 0.0093 0.0380 0.0062 0.0057 0.0020 -0.0023 0.0267 0.2591 0.2447
1494720000.0000 85050.0000 0.1078 -0.2387 -0.0472 0.3157 335.7061 0.0315 0.0041 0.0024 0.0084 -0.0063 -0.0017 0.0190 0.4225 0.4156
1494720000.0000 85350.0000 0.5431 -0.1916 -0.0710 0.5922 289.4321 0.0167 0.0152 0.0045 0.0048 0.0024 0.0038 0.0182 0.1901 0.1792
1494720000.0000 85650.0000 0.3195 -0.3958 0.0078 0.5289 321.0875 0.0167 0.0137 0.0050 0.0072 0.0004 -0.0024 0.0177 0.2134 0.1978
1494720000.0000 85950.0000 0.0416 -0.3522 -0.0096 0.4169 353.2611 0.0431 0.0136 0.0012 -0.0203 -0.0023 0.0011 0.0289 0.3914 0.3876
1494720000.0000 86250.0000 -0.2112 -0.1474 -0.0179 0.2641 55.0901 0.0098 0.0051 0.0015 0.0037 -0.0016 -0.0004 0.0082 0.2862 0.2732
1494806400.0000 86550.0000 -0.0478 0.0031 -0.0120 0.0932 93.6983 0.0068 0.0009 0.0015 0.0019 -0.0018 -0.0002 0.0046 1.1168 1.0546
1494806400.0000 86850.0000 0.1450 -0.0054 0.0110 0.1512 272.1463 0.0017 0.0017 0.0015 -0.0012 -0.0002 0.0002 0.0025 0.2799 0.2341
1494806400.0000 87150.0000 0.2897 -0.0833 -0.0154 0.3052 286.0470 0.0263 0.0038 0.0027 -0.0052 -0.0024 0.0002 0.0164 0.3466 0.3326
1494806400.0000 87450.0000 0.4064 -0.3096 0.0019 0.5246 307.2999 0.0131 0.0058 0.0025 0.0056 -0.0025 -0.0027 0.0107 0.1654 0.1554
1494806400.0000 87750.0000 0.0915 -0.4071 -0.0060 0.4322 347.3360 0.0125 0.0034 0.0031 -0.0000 -0.0010 -0.0003 0.0095 0.1907 0.1742
1494806400.0000 88050.0000 -0.1283 -0.1887 0.0241 0.2485 34.2282 0.0071 0.0259 0.0034 0.0077 0.0008 -0.0031 0.0181 0.4793 0.4591
1494806400.0000 88350.0000 0.1422 0.0001 -0.0328 0.1514 269.9413 0.0052 0.0014 0.0016 -0.0012 -0.0009 0.0002 0.0041 0.3593 0.3306
1494806400.0000 88650.0000 0.0635 -0.2192 -0.0140 0.2613 343.8512 0.0111 0.0100 0.0026 0.0078 0.0010 0.0007 0.0118 0.3883 0.3670
1494806400.0000 88950.0000 -0.0255 -0.2489 0.0154 0.2731 5.8383 0.0097 0.0070 0.0199 -0.0029 0.0027 -0.0002 0.0183 0.4409 0.2983
1494806400.0000 89250.0000 -0.0135 -0.2780 0.0313 0.3169 2.7788 0.0186 0.0154 0.0157 -0.0085 -0.0040 0.0017 0.0248 0.4591 0.3821
1494806400.0000 89550.0000 -0.1570 -0.3228 0.0106 0.3677 25.9337 0.0077 0.0023 0.0022 0.0014 0.0014 0.0000 0.0061 0.1781 0.1612
1494806400.0000 89850.0000 -0.1700 -0.3581 0.0327 0.4017 25.3978 0.0055 0.0038 0.0035 0.0016 -0.0015 -0.0013 0.0064 0.1648 0.1411
1494806400.0000 90150.0000 -0.1744 -0.1362 -0.0133 0.2381 52.0250 0.0014 0.0101 0.0020 -0.0013 -0.0003 -0.0013 0.0067 0.3021 0.2795
1494806400.0000 90450.0000 -0.2430 0.2267 -0.0526 0.3380 133.0126 0.0032 0.0051 0.0014 -0.0008 0.0006 -0.0016 0.0049 0.1692 0.1587
1494806400.0000 90750.0000 -0.1285 0.3944 -0.0787 0.4166 161.9527 0.0012 0.0033 0.0012 -0.0000 -0.0006 0.0003 0.0028 0.1032 0.0934
1494806400.0000 91050.0000 -0.0534 0.5529 -0.0411 0.5595 174.4803 0.0045 0.0006 0.0012 -0.0006 -0.0020 0.0002 0.0031 0.0820 0.0740
1494806400.0000 91350.0000 0.3208 0.1199 -0.0505 0.3952 249.5042 0.0071 0.0366 0.0031 -0.0067 0.0007 -0.0007 0.0234 0.3608 0.3524
1494806400.0000 91650.0000 0.1340 -0.0582 -0.0294 0.1789 293.4703 0.0191 0.0081 0.0026 -0.0097 -0.0018 0.0002 0.0149 0.6695 0.6519
1494806400.0000 91950.0000 -0.2195 0.0694 0.0002 0.2486 107.5460 0.0054 0.0146 0.0026 -0.0041 0.0011 -0.0040 0.0113 0.3776 0.3551
1494806400.0000 92250.0000 -0.6832 0.5681 -0.0438 0.8904 129.7430 0.0020 0.0038 0.0008 0.0001 -0.0006 0.0006 0.0033 0.0524 0.0492
1494806400.0000 92550.0000 -0.6672 -0.1183 -0.0117 0.7007 79.9466 0.0071 0.0336 0.0037 0.0074 -0.0009 -0.0037 0.0222 0.1796 0.1720
1494806400.0000 92850.0000 -0.3189 -0.2625 -0.0790 0.5134 50.5464 0.0621 0.0400 0.0162 -0.0395 0.0045 -0.0006 0.0592 0.4723 0.4467
1494806400.0000 93150.0000 0.0718 -0.2225 0.0165 0.3211 342.1122 0.0369 0.0353 0.0105 -0.0064 0.0109 0.0014 0.0414 0.7086 0.6639
1494806400.0000 93450.0000 -0.1128 -0.0376 0.0000 0.2040 71.5465 0.0103 0.0217 0.0039 -0.0061 -0.0002 0.0029 0.0180 0.9203 0.8688
1494806400.0000 93750.0000 -0.1285 0.1154 -0.0436 0.1826 131.9388 0.0026 0.0042 0.0013 -0.0005 0.0004 -0.0004 0.0040 0.2911 0.2755
1494806400.0000 94050.0000 -0.3726 0.1793 0.0149 0.4231 115.6966 0.0151 0.0127 0.0038 -0.0055 0.0038 -0.0048 0.0158 0.2482 0.2329
1494806400.0000 94350.0000 -0.5320 0.3627 -0.0779 0.6544 124.2903 0.0179 0.0193 0.0066 -0.0070 0.0009 -0.0016 0.0219 0.1862 0.1728
1494806400.0000 94650.0000 -0.4305 0.5893 -0.0813 0.7432 143.8510 0.0112 0.0240 0.0110 0.0027 0.0045 0.0014 0.0231 0.1689 0.1484
1494806400.0000 94950.0000 -0.3215 0.5876 -0.1122 0.6966 151.3147 0.0474 0.0130 0.0091 -0.0094 0.0026 0.0041 0.0347 0.2241 0.2119
1494806400.0000 95250.0000 -0.2681 0.2990 -0.0445 0.4465 138.1143 0.0258 0.0342 0.0146 0.0028 0.0032 0.0006 0.0373 0.3903 0.3523
1494806400.0000 95550.0000 -0.4941 0.0903 -0.0003 0.5364 100.3534 0.0222 0.0302 0.0087 0.0068 -0.0046 -0.0067 0.0306 0.2843 0.2633
1494806400.0000 95850.0000 -0.3603 -0.4488 -0.0001 0.5849 38.7554 0.0258 0.0206 0.0103 0.0137 0.0028 0.0026 0.0284 0.2389 0.2163
1494806400.0000 96150.0000 -0.4662 0.1314 -0.2412 0.5493 105.7379 0.0355 0.0685 0.0554 -0.0242 0.0113 -0.0037 0.0797 0.4259 0.3843
1494806400.0000 96450.0000 -0.3981 0.0474 0.0071 0.4426 96.7941 0.0188 0.0346 0.0130 -0.0030 0.0012 -0.0115 0.0332 0.3710 0.3328
1494806400.0000 96750.0000 -0.2386 0.4528 0.0608 0.5210 152.2147 0.0068 0.0102 0.0185 0.0015 0.0005 -0.0079 0.0177 0.2110 0.1471
1494806400.0000 97050.0000 -0.2449 0.6717 -0.1410 0.7468 159.9672 0.0347 0.0405 0.0298 0.0145 0.0004 -0.0062 0.0525 0.2567 0.2214
1494806400.0000 97350.0000 -0.2296 0.6366 -0.1258 0.7029 160.1640 0.0209 0.0420 0.0175 0.0035 0.0028 0.0013 0.0402 0.2379 0.2140
1494806400.0000 97650.0000 -0.4621 0.2945 0.0382 0.6876 122.5111 0.0808 0.1351 0.0644 0.0390 0.0198 -0.0127 0.1402 0.5565 0.4896
1494806400.0000 97950.0000 -0.7241 -0.1936 0.0452 0.8513 75.0312 0.1604 0.1760 0.0512 0.0873 0.0141 0.0131 0.1938 0.4787 0.4468
1494806400.0000 98250.0000 -0.3417 -0.8234 -0.1034 1.0222 22.5375 0.2184 0.1208 0.0779 -0.0302 0.0282 -0.0205 0.2085 0.4155 0.3772
1494806400.0000 98550.0000 -0.4449 -0.9103 -0.3284 1.1005 26.0465 0.1787 0.1934 0.1720 0.0226 0.0407 0.0375 0.2721 0.3999 0.3476
1494806400.0000 98850.0000 -0.6342 -0.6233 0.0640 0.9756 45.4943 0.2143 0.1051 0.1460 0.0070 0.0333 0.0142 0.2327 0.4418 0.3669
1494806400.0000 99150.0000 -0.5332 -0.8390 -0.0265 1.0235 32.4366 0.0888 0.0913 0.0723 0.0435 -0.0020 0.0266 0.1262 0.2917 0.2464
1494806400.0000 99450.0000 -0.0450 -0.7945 -0.0849 0.8852 3.2440 0.1396 0.0486 0.0755 -0.0210 0.0589 -0.0043 0.1318 0.3704 0.3147
1494806400.0000 99750.0000 -0.4869 -0.7634 0.1590 0.9508 32.5306 0.1116 0.0647 0.0315 0.0182 0.0221 0.0083 0.1039 0.2863 0.2677
1494806400.0000 100050.0000 -0.4811 -1.3133 0.1372 1.4466 20.1196 0.1327 0.2120 0.0975 0.0353 0.0082 -0.0197 0.2211 0.2732 0.2424
1494806400.0000 100350.0000 -0.9125 -1.4489 0.2412 1.7467 32.2018 0.1030 0.0658 0.0451 -0.0320 0.0168 -0.0017 0.1069 0.1544 0.1385
1494806400.0000 100650.0000 -0.7335 -1.5984 0.1523 1.7764 24.6507 0.0699 0.0747 0.0924 0.0079 0.0144 0.0132 0.1185 0.1592 0.1249
1494806400.0000 100950.0000 -0.4175 -0.9294 0.2711 1.0670 24.1904 0.0838 0.1649 0.0452 0.0180 0.0049 0.0011 0.1470 0.2969 0.2826
1494806400.0000 101250.0000 -0.9941 -2.0320 0.2570 2.2781 26.0701 0.0743 0.0881 0.0413 0.0094 -0.0078 -0.0131 0.1019 0.1145 0.1029
1494806400.0000 101550.0000 -0.5306 -1.5509 0.1679 1.6715 18.8873 0.1092 0.0772 0.0869 -0.0049 0.0374 -0.0162 0.1367 0.1832 0.1521
1494806400.0000 101850.0000 -0.6500 -1.2543 0.2109 1.5086 27.3951 0.2419 0.2293 0.0974 -0.0745 -0.0166 -0.0251 0.2843 0.3048 0.2805
1494806400.0000 102150.0000 -0.5914 -0.5367 0.0595 0.8996 47.7767 0.1524 0.0867 0.0573 -0.0504 -0.0219 0.0223 0.1482 0.3925 0.3535
1494806400.0000 102450.0000 -0.4350 -0.3228 0.1417 0.6879 53.4220 0.1402 0.1151 0.1348 -0.0291 0.0347 -0.0279 0.1951 0.6441 0.5386
1494806400.0000 102750.0000 -0.2461 -0.4493 -0.1637 0.6068 28.7118 0.0784 0.1268 0.1057 -0.0057 0.0165 0.0373 0.1554 0.5984 0.5104
1494806400.0000 103050.0000 -0.5547 -1.1384 -0.1219 1.3665 25.9764 0.2549 0.1437 0.1131 -0.0328 0.0434 0.0579 0.2559 0.3246 0.2878
1494806400.0000 103350.0000 -0.4444 -0.9507 -0.0482 1.1000 25.0564 0.0975 0.1324 0.0612 -0.0220 0.0057 0.0351 0.1456 0.2965 0.2638
1494806400.0000 103650.0000 -0.3182 -0.3413 0.1376 0.5014 42.9898 0.0420 0.0264 0.0204 -0.0002 0.0078 -0.0073 0.0444 0.3537 0.3236
1494806400.0000 103950.0000 -0.5224 -0.6715 -0.0082 0.8972 37.8795 0.0848 0.0499 0.0351 -0.0216 0.0092 -0.0120 0.0849 0.2796 0.2491
1494806400.0000 104250.0000 -0.2375 -0.5842 0.0945 0.7346 22.1275 0.1187 0.0704 0.0686 -0.0515 0.0402 -0.0177 0.1289 0.4596 0.3981
1494806400.0000 104550.0000 -0.1922 -0.2966 0.0724 0.4082 32.9360 0.0370 0.0280 0.0234 0.0034 -0.0009 0.0043 0.0442 0.4757 0.4164
1494806400.0000 104850.0000 -0.5591 -0.4296 -0.0644 0.7660 52.4621 0.0662 0.0664 0.0441 -0.0289 -0.0230 0.0264 0.0883 0.3428 0.2981
1494806400.0000 105150.0000 -0.7348 -0.9498 0.0103 1.2317 37.7295 0.0828 0.1170 0.0578 0.0169 -0.0256 0.0123 0.1288 0.2440 0.2149
1494806400.0000 105450.0000 -0.6828 -0.9223 -0.0416 1.1689 36.5131 0.0824 0.0454 0.0352 0.0196 -0.0156 -0.0046 0.0815 0.2030 0.1798
1494806400.0000 105750.0000 -0.0437 -0.5053 -0.0135 0.5349 4.9440 0.0266 0.0226 0.0113 -0.0074 0.0021 0.0023 0.0303 0.2800 0.2525
1494806400.0000 106050.0000 -0.0502 -0.2881 0.0491 0.5214 9.8822 0.0790 0.2202 0.0499 -0.0179 -0.0324 0.0362 0.1745 1.1503 1.0799
1494806400.0000 106350.0000 0.3956 -0.7508 0.1440 0.9698 332.2116 0.3112 0.1171 0.1161 -0.0926 -0.0460 0.0310 0.2722 0.4949 0.4453
1494806400.0000 106650.0000 0.3565 -0.8267 -0.0000 0.9826 336.6715 0.1098 0.3353 0.1981 -0.0560 0.0119 -0.0513 0.3216 0.5143 0.4279
1494806400.0000 106950.0000 0.2764 -0.3963 0.1147 0.5983 325.1105 0.0421 0.1728 0.0362 -0.0412 0.0051 0.0213 0.1256 0.5826 0.5540
1494806400.0000 107250.0000 -0.2312 -0.9242 -0.0192 1.0331 14.0431 0.1697 0.0578 0.1133 -0.0069 0.0456 -0.0087 0.1704 0.3537 0.2890
1494806400.0000 107550.0000 -0.1406 -0.2675 -0.3143 0.6900 27.7348 0.2329 0.2162 0.1456 0.0777 0.1264 0.0974 0.2974 1.0212 1.2803
1494806400.0000 107850.0000 0.2693 0.2794 -0.2401 0.6453 223.9418 0.3118 0.0680 0.2302 -0.0123 0.1659 -0.0086 0.3050 0.9882 0.9169
1494806400.0000 108150.0000 0.4781 0.6093 0.0648 0.8819 218.1206 0.2271 0.1221 0.0644 0.0868 0.0392 0.0225 0.2068 0.4777 0.4405
1494806400.0000 108450.0000 -0.2864 0.9949 -0.1951 1.0852 163.9410 0.0889 0.1569 0.0981 0.0199 0.0510 -0.0036 0.1720 0.3214 0.2765
1494806400.0000 108750.0000 -0.4533 -0.2780 -0.2715 0.7380 58.4855 0.1557 0.1627 0.1015 -0.0922 0.0053 0.0359 0.2100 0.6267 0.6127
1494806400.0000 109050.0000 -0.2387 -0.5254 0.1344 0.6106 24.4322 0.0371 0.0301 0.0138 -0.0042 -0.0102 0.0038 0.0404 0.2771 0.2592
1494806400.0000 109350.0000 0.1165 -0.7681 0.1488 0.7908 351.3749 0.0218 0.0304 0.0041 -0.0057 0.0016 -0.0035 0.0282 0.1733 0.1699
1494806400.0000 109650.0000 0.1680 -0.7044 0.1178 0.7425 346.5858 0.0218 0.0278 0.0110 0.0062 0.0019 -0.0021 0.0303 0.1937 0.1775
1494806400.0000 109950.0000 0.4022 -0.5771 0.1063 0.7231 325.1273 0.0373 0.0422 0.0139 -0.0107 0.0097 -0.0042 0.0467 0.2480 0.2314
1494806400.0000 110250.0000 0.4507 -0.9544 -0.1142 1.0872 334.7197 0.0418 0.0767 0.0416 0.0172 0.0137 -0.0099 0.0801 0.2176 0.1883
1494806400.0000 110550.0000 0.0595 -0.7149 -0.2570 0.8968 355.2394 0.1963 0.2481 0.1043 0.1175 -0.0602 -0.0662 0.2743 0.5612 0.5365
1494806400.0000 110850.0000 0.3575 -0.1077 -0.0678 0.5160 286.7704 0.1405 0.0595 0.1353 -0.0089 -0.0431 0.0099 0.1677 0.8809 0.6915
1494806400.0000 111150.0000 0.2866 0.1886 -0.0527 0.5082 236.6617 0.1406 0.0660 0.0962 0.0067 0.0320 0.0009 0.1514 0.9153 0.7649
1494806400.0000 111450.0000 0.0241 -0.0545 -0.1051 0.4853 336.1187 0.1319 0.1435 0.1193 0.0545 0.0225 0.0014 0.1973 3.0025 5.0858
1494806400.0000 111750.0000 0.4134 -0.0531 -0.0224 0.5403 277.3188 0.0664 0.1060 0.2016 -0.0094 0.0453 -0.0364 0.1870 0.8459 0.5751
1494806400.0000 112050.0000 0.2696 -0.5467 0.0395 0.7998 333.7517 0.2278 0.1402 0.1825 0.0356 -0.0222 0.0404 0.2752 0.7013 0.5746
1494806400.0000 112350.0000 -0.6724 -0.5738 0.0767 0.9453 49.5200 0.2154 0.1087 0.1869 0.0539 0.0221 -0.0041 0.2555 0.4652 0.3718
1494806400.0000 112650.0000 -0.7215 -0.4601 0.0487 0.9208 57.4714 0.1201 0.0926 0.1528 -0.0105 0.0241 0.0059 0.1827 0.4072 0.3112
1494806400.0000 112950.0000 -0.6670 -0.6648 0.1977 0.9975 45.0969 0.1335 0.0895 0.1043 0.0069 0.0166 0.0377 0.1636 0.3432 0.2895
1494806400.0000 113250.0000 -0.9186 -0.4929 0.1516 1.1084 61.7845 0.1232 0.1653 0.1985 0.0326 -0.0068 -0.0219 0.2435 0.3825 0.2975
1494806400.0000 113550.0000 -0.9817 -0.5721 0.0073 1.1660 59.7668 0.0826 0.0811 0.0673 0.0229 0.0017 0.0211 0.1155 0.2442 0.2056
1494806400.0000 113850.0000 -1.0093 -0.6232 0.0780 1.2463 58.3048 0.1731 0.1635 0.1044 0.0468 0.0152 -0.0250 0.2205 0.3225 0.2824
1494806400.0000 114150.0000 -1.2324 -0.8733 0.1238 1.5808 54.6787 0.2081 0.2494 0.1350 0.0097 -0.0239 -0.0439 0.2963 0.2933 0.2586
1494806400.0000 114450.0000 -1.7303 -1.0385 0.1206 2.0507 59.0293 0.1815 0.1419 0.1288 0.0134 -0.0534 -0.0188 0.2261 0.1920 0.1627
1494806400.0000 114750.0000 -0.7369 -0.4013 -0.0825 0.9736 61.4302 0.3112 0.2147 0.1546 0.0662 -0.0288 0.0138 0.3403 0.5649 0.4990
1494806400.0000 115050.0000 -0.3438 -0.2293 -0.1264 0.4940 56.2986 0.0978 0.0447 0.1072 -0.0099 -0.0557 0.0187 0.1248 0.6675 0.5273
1494806400.0000 115350.0000 -0.5427 -0.2990 -0.0572 0.8244 61.1461 0.3918 0.1225 0.1692 -0.0089 0.0103 -0.0107 0.3418 0.7671 0.6682
1494806400.0000 115650.0000 -1.4131 -1.1257 0.0107 1.9403 51.4590 0.3431 0.3441 0.1275 -0.0879 -0.0428 0.0064 0.4073 0.2884 0.2649
1494806400.0000 115950.0000 -1.2567 -1.2991 -0.0394 1.8748 44.0500 0.1887 0.2560 0.2289 -0.0247 0.0028 0.0279 0.3368 0.2621 0.2130
1494806400.0000 116250.0000 -1.0189 -1.3229 0.2225 1.7283 37.6042 0.1847 0.2519 0.1291 0.0264 -0.0115 0.0426 0.2829 0.2578 0.2285
1494806400.0000 116550.0000 -1.4079 -0.8432 0.1677 1.7595 59.0809 0.3936 0.5153 0.2539 0.0931 0.0632 -0.0071 0.5814 0.3774 0.3354
1494806400.0000 116850.0000 -1.4116 -0.8317 0.2164 1.7585 59.4939 0.8190 0.3706 0.3102 0.1945 0.0678 0.0225 0.7499 0.4278 0.3843
1494806400.0000 117150.0000 -1.1842 -0.8792 0.2741 1.5873 53.4088 0.3173 0.3989 0.3151 0.0460 -0.0980 -0.0392 0.5157 0.3909 0.3313
1494806400.0000 117450.0000 -1.6866 -0.8077 0.1514 1.9434 64.4105 0.6643 0.3296 0.2748 0.1472 0.1002 -0.0138 0.6343 0.3466 0.3078
1494806400.0000 117750.0000 -1.3609 -0.8324 0.1738 1.6714 58.5480 0.3018 0.2036 0.2498 0.0023 0.0912 0.0120 0.3776 0.3127 0.2573
1494806400.0000 118050.0000 -1.3859 -0.9488 0.1019 1.7997 55.6030 0.3822 0.5301 0.3772 0.1331 -0.0372 0.0458 0.6448 0.3896 0.3283
1494806400.0000 118350.0000 -1.9921 -0.6257 0.0542 2.1598 72.5626 0.3663 0.4703 0.1823 0.2251 0.0172 -0.0697 0.5094 0.2790 0.2529
1494806400.0000 118650.0000 -1.9842 -1.1311 0.4792 2.4088 60.3149 0.2970 0.7631 0.1667 0.1285 0.0408 -0.0405 0.6134 0.2740 0.2603
1494806400.0000 118950.0000 -2.0816 -1.3421 0.4498 2.5546 57.1881 0.4043 0.5948 0.2554 0.2240 -0.0442 -0.1684 0.6273 0.2569 0.2330
1494806400.0000 119250.0000 -2.4505 -1.3248 0.3523 2.9007 61.6041 0.7073 0.9287 0.2430 0.4520 -0.0676 -0.0819 0.9395 0.2818 0.2651
1494806400.0000 119550.0000 -1.9888 -1.2212 0.2473 2.4032 58.4477 0.3909 0.3653 0.2315 0.1028 0.0498 -0.0184 0.4938 0.2445 0.2151
1494806400.0000 119850.0000 -1.8365 -0.9985 0.1008 2.1258 61.4669 0.2782 0.2161 0.2089 0.0955 -0.0463 -0.0353 0.3516 0.2313 0.1942
1494806400.0000 120150.0000 -1.5768 -0.6902 0.2588 1.8893 66.3594 0.5570 0.4620 0.1832 -0.1106 0.0806 -0.0355 0.6011 0.3637 0.3386
1494806400.0000 120450.0000 -1.0665 -0.7297 0.4372 1.4182 55.6197 0.2123 0.3934 0.2211 -0.0024 0.0723 -0.0601 0.4134 0.3848 0.3477
1494806400.0000 120750.0000 -1.2842 -0.2887 -0.1545 1.4219 77.3317 0.3863 0.2597 0.3332 -0.0167 -0.0121 -0.1164 0.4896 0.4311 0.3526
1494806400.0000 121050.0000 -1.0895 -1.4986 0.3253 1.9784 36.0176 0.3741 0.5220 0.3400 -0.0474 0.0446 0.0166 0.6180 0.3412 0.2950
1494806400.0000 121350.0000 -1.3624 -0.7123 0.1093 1.9473 62.3969 0.7509 1.0180 0.2768 -0.5557 0.2102 -0.1831 1.0229 0.5358 0.4995
1494806400.0000 121650.0000 -1.6713 -1.4916 0.0806 2.3390 48.2525 0.3198 0.3649 0.3119 -0.0928 -0.0200 -0.0242 0.4983 0.2571 0.2133
1494806400.0000 121950.0000 -0.8442 -1.0393 0.2030 1.4698 39.0841 0.4772 0.3398 0.3351 0.1229 0.1187 0.0649 0.5761 0.4576 0.3898
1494806400.0000 122250.0000 -1.5311 -1.6683 0.0189 2.3591 42.5447 0.3748 0.7065 0.3588 0.1210 0.0215 -0.0065 0.7200 0.3060 0.2651
1494806400.0000 122550.0000 -0.7175 -1.4869 0.1938 1.7391 25.7582 0.4126 0.3214 0.2324 0.0831 -0.0885 -0.0817 0.4832 0.3414 0.2996
1494806400.0000 122850.0000 -0.8950 -1.3057 0.4185 1.7759 34.4290 0.4450 0.5416 0.2048 -0.1640 -0.0405 0.1180 0.5957 0.3849 0.3623
1494806400.0000 123150.0000 -0.9719 -0.7552 0.2288 1.5224 52.1525 0.2588 1.1708 0.2101 0.0587 0.0108 -0.1195 0.8199 0.5905 0.5609
1494806400.0000 123450.0000 -1.7738 -1.5919 0.3421 2.5317 48.0927 0.5810 1.2676 0.2465 0.3578 -0.0079 -0.1194 1.0475 0.3471 0.3293
1494806400.0000 123750.0000 -2.1258 -1.3243 0.1908 2.5815 58.0791 0.4233 0.4507 0.2195 0.1105 -0.0017 0.0295 0.5468 0.2404 0.2155
1494806400.0000 124050.0000 -1.4829 -2.3584 0.4960 2.9639 32.1615 0.8765 1.0205 0.4078 -0.2319 0.0744 0.1101 1.1524 0.3098 0.2854
1494806400.0000 124350.0000 -1.7206 -0.3947 0.1045 1.8545 77.0801 0.3691 0.3581 0.2229 0.1277 -0.0501 -0.0007 0.4751 0.3182 0.2789
1494806400.0000 124650.0000 -1.6063 -1.0518 0.2108 2.0314 56.7824 0.5801 0.7859 0.2398 0.4307 -0.0324 -0.1126 0.8029 0.3788 0.3514
1494806400.0000 124950.0000 -2.5884 -1.2428 0.2815 2.9604 64.3518 0.4829 0.6357 0.2697 0.1747 0.0888 -0.0667 0.6941 0.2358 0.2127
1494806400.0000 125250.0000 -2.5721 -0.0838 0.1729 2.7720 88.1328 0.5572 1.0587 0.4143 -0.1388 -0.0283 0.1196 1.0151 0.3189 0.2852
1494806400.0000 125550.0000 -3.2545 0.0596 0.0841 3.3680 91.0490 0.7244 0.6996 0.3145 0.2438 0.0794 -0.0806 0.8693 0.2338 0.2117
1494806400.0000 125850.0000 -3.1859 0.1292 0.1101 3.3276 92.3231 0.9511 0.7827 0.3940 -0.0971 0.0747 0.0057 1.0639 0.2640 0.2384
1494806400.0000 126150.0000 -2.3978 -0.7764 0.3552 2.7651 72.0571 0.9604 1.0225 0.3370 0.0860 0.1300 -0.0005 1.1600 0.3455 0.3226
1494806400.0000 126450.0000 -1.5965 -1.3398 0.4854 2.2845 49.9967 0.9629 0.5239 0.2617 -0.2295 0.1940 -0.0165 0.8743 0.3567 0.3378
1494806400.0000 126750.0000 -2.7214 -1.4452 0.1379 3.1600 62.0288 0.5326 0.5627 0.3301 0.0876 0.0241 -0.1930 0.7127 0.2235 0.1961
1494806400.0000 127050.0000 -2.7254 -0.2739 0.1736 2.8540 84.2603 0.6243 0.5678 0.2669 -0.0043 0.1198 -0.0592 0.7295 0.2541 0.2301
1494806400.0000 127350.0000 -0.8165 -1.2365 0.4317 1.9417 33.4397 1.2866 0.8812 0.2803 0.6128 0.0597 -0.0522 1.2240 0.5853 0.5737
1494806400.0000 127650.0000 -2.3271 -3.0051 0.3849 3.9056 37.7532 1.3258 0.4075 0.3997 0.1499 -0.1548 -0.1173 1.0665 0.2207 0.2000
1494806400.0000 127950.0000 -0.9853 -0.8878 0.3189 1.7245 47.9781 0.7872 1.2948 0.5785 0.0330 0.1664 0.0317 1.3303 0.6904 0.6281
1494806400.0000 128250.0000 -1.4207 0.2943 0.4467 1.7965 101.7049 0.5296 1.3533 0.1943 -0.1225 0.1164 -0.1190 1.0386 0.5481 0.5460
1494806400.0000 128550.0000 -2.6802 -0.4328 0.2154 2.9335 80.8263 0.9980 1.2543 0.2369 0.3416 0.1028 -0.0660 1.2446 0.3345 0.3191
1494806400.0000 128850.0000 -1.0299 -0.7807 0.0888 1.6335 52.8378 0.3479 1.2263 0.2264 0.0769 -0.0092 -0.1553 0.9003 0.5980 0.5605
1494806400.0000 129150.0000 -1.5802 1.0780 0.3742 2.0926 124.3004 0.4957 1.0884 0.1669 -0.2590 0.0864 -0.0528 0.8755 0.3920 0.3799
1494806400.0000 129450.0000 -1.9745 1.5350 0.3525 2.6639 127.8617 0.8381 0.9463 0.3432 -0.1623 0.2623 -0.1119 1.0638 0.3334 0.3084
1494806400.0000 129750.0000 -2.1274 1.3158 0.1559 2.6525 121.7363 1.1949 0.7583 0.2699 -0.2343 0.0834 -0.1458 1.1116 0.3435 0.3226
1494806400.0000 130050.0000 -1.9441 1.4184 0.2241 2.4772 126.1147 0.4907 0.5117 0.2838 -0.2328 0.1102 -0.0728 0.6431 0.2709 0.2402
1494806400.0000 130350.0000 -1.9542 0.9563 0.0769 2.3648 116.0749 0.3345 0.8365 0.1987 0.1460 0.0269 -0.0319 0.6849 0.3104 0.2872
1494806400.0000 130650.0000 -2.1155 -0.0008 0.0568 2.3245 89.9775 0.8289 0.8620 0.3237 -0.3329 0.1861 -0.1114 1.0073 0.3872 0.3549
1494806400.0000 130950.0000 -1.6465 -0.7129 0.2018 1.8710 66.5892 0.2429 0.3069 0.1634 0.0841 0.0666 0.0363 0.3566 0.2700 0.2386
1494806400.0000 131250.0000 -1.2887 -0.4317 0.3642 1.6601 71.4802 0.3278 0.9074 0.1230 0.0588 0.0634 0.0102 0.6791 0.4782 0.4721
1494806400.0000 131550.0000 -1.1348 -0.1163 0.4459 1.3245 84.1479 0.4244 0.3852 0.1396 -0.0185 -0.0304 -0.0388 0.4746 0.4592 0.4554
1494806400.0000 131850.0000 -1.1862 -0.8529 0.4616 1.6423 54.2848 0.6723 0.3815 0.2827 0.0552 0.1332 -0.0181 0.6683 0.4356 0.4057
1494806400.0000 132150.0000 -0.8282 -0.6980 0.5760 1.3856 49.8775 0.7258 0.8050 0.1853 0.4331 -0.0869 -0.1172 0.8581 0.6165 0.6595
1494806400.0000 132450.0000 -0.7175 0.8160 0.0604 1.1866 138.6764 0.2576 0.2152 0.2173 -0.0255 0.0519 0.0036 0.3451 0.4407 0.3654
1494806400.0000 132750.0000 -0.5003 -0.1412 0.4356 0.7426 74.2394 0.1725 0.2265 0.1196 0.0168 -0.0144 -0.0183 0.2593 0.6131 0.7016
1494806400.0000 133050.0000 -0.5011 0.1500 0.5267 0.8258 106.6614 0.1771 0.3699 0.1272 0.0451 0.0425 -0.0023 0.3371 0.6386 0.8163
1494806400.0000 133350.0000 -0.2657 -1.0389 0.3190 1.1572 14.3449 0.0997 0.3947 0.1050 0.0772 -0.0185 0.0817 0.2997 0.3996 0.3786
1494806400.0000 133650.0000 -1.5015 -0.0683 -0.0384 1.6695 87.3945 0.6261 0.3764 0.3785 -0.2416 0.3465 -0.1423 0.6905 0.4513 0.3846
1494806400.0000 133950.0000 -1.0190 0.5197 0.2788 1.3873 117.0222 0.2809 0.6330 0.2953 -0.0173 0.1159 0.0420 0.6046 0.5392 0.4825
1494806400.0000 134250.0000 -2.2141 0.0003 -0.0611 2.2902 90.0086 0.2907 0.3040 0.2846 0.0958 -0.0558 -0.0977 0.4396 0.2444 0.2011
1494806400.0000 134550.0000 -1.8529 -0.1722 0.1050 2.1746 84.6899 0.2383 1.2393 0.3484 0.1241 -0.0119 -0.0077 0.9130 0.4186 0.3771
1494806400.0000 134850.0000 -1.1357 -0.6898 0.0290 1.4584 58.7288 0.4373 0.3156 0.2356 0.1224 0.1289 -0.0094 0.4942 0.4319 0.3770
1494806400.0000 135150.0000 -0.5088 0.2492 -0.0845 0.9051 116.0923 0.1898 0.4540 0.4351 0.0524 0.1101 -0.0281 0.5395 1.0469 0.8177
1494806400.0000 135450.0000 -0.4586 -0.4664 0.1364 1.3214 44.5195 0.8838 1.0646 0.4458 0.3377 -0.0393 -0.2559 1.1971 1.3370 1.2321
1494806400.0000 135750.0000 -1.5042 -1.6533 0.3105 2.3851 42.2979 0.8828 0.3581 0.3665 0.0585 -0.2098 -0.1155 0.8037 0.3244 0.2877
1494806400.0000 136050.0000 -0.9623 -1.2317 0.1815 1.7970 37.9989 0.8708 0.2300 0.2799 -0.0017 0.0811 -0.0302 0.6904 0.4311 0.3876
1494806400.0000 136350.0000 -1.8547 -0.9218 0.3837 2.1420 63.5712 0.4072 0.3450 0.2762 0.1041 0.0635 -0.0598 0.5142 0.2780 0.2418
1494806400.0000 136650.0000 -1.5098 -1.4609 0.1188 2.1495 45.9439 0.2756 0.2799 0.2410 0.0536 -0.0759 -0.0351 0.3983 0.2449 0.2048
1494806400.0000 136950.0000 -1.2909 -0.8823 -0.1958 1.6158 55.6486 0.2369 0.1916 0.3970 0.0535 0.0029 0.0192 0.4128 0.3329 0.2417
1494806400.0000 137250.0000 -1.2464 -0.9423 0.1530 1.6335 52.9094 0.2779 0.2756 0.2565 0.0581 -0.0380 -0.0416 0.4050 0.3310 0.2749
1494806400.0000 137550.0000 -0.3828 -1.0870 0.1413 1.4239 19.4008 0.6979 0.2023 0.4213 0.1564 0.0545 0.0261 0.6607 0.5716 0.4753
1494806400.0000 137850.0000 -0.1730 -0.2503 0.1341 1.0574 34.6532 1.1049 0.3257 0.2215 -0.1552 -0.0755 0.0098 0.8261 2.2315 2.2692
1494806400.0000 138150.0000 -1.9406 -0.2956 0.0504 2.0463 81.3384 0.3838 0.2882 0.2001 -0.0731 -0.0415 -0.0176 0.4360 0.2746 0.2411
1494806400.0000 138450.0000 -1.2923 -1.1943 0.3007 2.0338 47.2565 0.5136 1.3301 0.3236 0.2221 0.0529 -0.1986 1.0836 0.4761 0.4455
1494806400.0000 138750.0000 -0.2727 -1.6481 0.1229 1.8813 9.3952 0.6835 0.4609 0.2321 -0.2636 0.0216 -0.0521 0.6883 0.4044 0.3697
1494806400.0000 139050.0000 -2.4685 0.1143 0.1507 2.8465 92.6500 1.8715 0.9291 0.2295 -0.9851 0.2245 -0.1056 1.5151 0.4059 0.3910
1494806400.0000 139350.0000 -1.2823 -0.7894 0.0126 1.6790 58.3816 0.4748 0.4215 0.1644 -0.1414 -0.0052 -0.1102 0.5304 0.3949 0.3630
1494806400.0000 139650.0000 -0.7740 -0.4814 -0.0523 1.0152 58.1159 0.1923 0.2143 0.2179 -0.0122 0.0273 -0.0904 0.3123 0.4998 0.4039
1494806400.0000 139950.0000 -0.0454 -0.4606 0.2384 0.5326 5.6348 0.0642 0.0794 0.1102 0.0395 -0.0136 0.0100 0.1269 0.5588 0.4728
1494806400.0000 140250.0000 -1.1089 -1.5615 0.3842 1.9414 35.3807 0.2600 0.2562 0.1076 0.1771 0.0214 0.0013 0.3119 0.2334 0.2166
1494806400.0000 140550.0000 -0.4078 -1.4671 0.3196 1.5855 15.5344 0.1565 0.6072 0.0394 0.0443 -0.0180 0.0281 0.4015 0.3325 0.3313
1494806400.0000 140850.0000 -0.8567 -0.4022 0.1816 0.9969 64.8512 0.1568 0.1308 0.0822 0.0472 0.0077 -0.0208 0.1849 0.3643 0.3271
1494806400.0000 141150.0000 -0.9723 -0.1694 0.3482 1.2551 80.1177 0.1604 0.6054 0.1767 0.0364 0.0379 -0.1314 0.4712 0.5356 0.5119
1494806400.0000 141450.0000 -0.9150 0.2351 0.1105 1.0196 104.4076 0.3089 0.1426 0.1397 -0.0749 0.0743 -0.0590 0.2956 0.4667 0.4106
1494806400.0000 141750.0000 -1.0575 0.3864 0.0069 1.2166 110.0689 0.3314 0.1386 0.1273 0.0504 0.0477 0.0181 0.2986 0.3963 0.3515
1494806400.0000 142050.0000 -0.5519 -0.6086 0.4471 1.0783 42.2024 0.2298 0.4571 0.1301 -0.0241 0.0177 -0.1274 0.4085 0.5579 0.5824
1494806400.0000 142350.0000 -0.2011 -1.0039 0.3456 1.1006 11.3268 0.1355 0.2242 0.1101 -0.0280 -0.0208 0.0014 0.2349 0.3662 0.3382
1494806400.0000 142650.0000 -0.2565 -1.2166 0.0837 1.2871 11.9037 0.1167 0.2426 0.0771 0.0290 -0.0255 -0.0209 0.2182 0.3061 0.2784
1494806400.0000 142950.0000 0.3430 -1.6220 0.1967 1.7001 348.0608 0.1037 0.1795 0.1494 0.0447 -0.0209 -0.0286 0.2163 0.2275 0.1853
1494806400.0000 143250.0000 0.0205 -1.1119 0.1144 1.2330 358.9461 0.2665 0.1452 0.3328 0.0118 -0.1598 -0.0040 0.3723 0.4456 0.3331
1494806400.0000 143550.0000 0.8814 -1.1498 -0.0430 1.6830 322.5271 0.9760 0.2385 0.4827 0.1720 0.2879 0.0348 0.8486 0.5189 0.4392
1494806400.0000 143850.0000 0.3382 -1.1802 -0.1032 1.5449 344.0107 0.3961 1.0179 0.2659 0.4691 -0.0658 -0.2925 0.8400 0.6074 0.5592
1494806400.0000 144150.0000 0.4855 0.1769 -0.0230 0.7720 249.9832 0.3001 0.1339 0.1064 -0.0666 -0.1036 0.0007 0.2702 0.8206 0.7361
1494806400.0000 144450.0000 -0.7084 0.1448 0.0028 0.8309 101.5492 0.1212 0.1658 0.1322 -0.0563 0.0033 -0.0107 0.2096 0.5169 0.4277
1494806400.0000 144750.0000 -0.8616 -0.7237 0.2865 1.2555 49.9734 0.2275 0.2014 0.1304 -0.0333 0.0230 -0.0256 0.2796 0.3719 0.3360
1494806400.0000 145050.0000 -1.1198 -1.1280 0.0907 1.7551 44.7915 0.7792 0.3969 0.2918 0.1323 0.0970 0.0043 0.7340 0.4394 0.3939
1494806400.0000 145350.0000 -0.5485 -1.3975 0.0458 1.6202 21.4287 0.4004 0.5650 0.2959 0.0966 0.0267 -0.0308 0.6306 0.4317 0.3778
1494806400.0000 145650.0000 0.1925 -1.8951 0.0048 1.9985 354.2007 0.2881 0.5338 0.1498 0.2241 -0.0274 -0.0786 0.4859 0.2988 0.2748
1494806400.0000 145950.0000 0.9113 -0.2076 -0.0651 1.0046 282.8311 0.1019 0.1326 0.1529 0.0074 0.0378 0.0518 0.1937 0.3835 0.2991
1494806400.0000 146250.0000 -0.6037 -1.8519 0.1679 2.1181 18.0543 0.6384 0.2905 0.1586 -0.1238 -0.0895 -0.0029 0.5438 0.3080 0.2857
1494806400.0000 146550.0000 0.2328 -1.5292 0.1771 1.6917 351.3431 0.4844 0.2577 0.2069 -0.0396 0.0007 -0.0299 0.4745 0.3613 0.3215
1494806400.0000 146850.0000 -0.1451 -1.0916 0.2149 1.4675 7.5732 0.7676 0.3206 0.1747 0.2596 0.0292 -0.0353 0.6314 0.5783 0.5469
1494806400.0000 147150.0000 -1.2457 0.8910 -0.0963 1.6307 125.5750 0.1876 0.3367 0.1344 -0.0149 -0.0616 0.0304 0.3293 0.3053 0.2729
1494806400.0000 147450.0000 0.0793 0.4662 -0.1218 0.6831 189.6509 0.2447 0.1406 0.0884 -0.1169 0.1008 -0.0732 0.2368 0.8136 0.7577
1494806400.0000 147750.0000 0.9214 -0.3193 0.1320 1.0668 289.1160 0.0646 0.2004 0.1356 0.0053 -0.0140 -0.0614 0.2003 0.3714 0.3048
1494806400.0000 148050.0000 0.8581 -0.1370 -0.2004 0.8990 279.0727 0.0653 0.0624 0.0434 -0.0146 0.0126 -0.0141 0.0855 0.2678 0.2374
1494806400.0000 148350.0000 1.0188 -0.1332 -0.0448 1.1504 277.4487 0.2640 0.2196 0.1206 0.0874 0.0456 0.0467 0.3021 0.4364 0.3908
1494806400.0000 148650.0000 0.8235 0.2319 0.0433 0.8747 254.2714 0.1114 0.0424 0.0404 0.0341 -0.0350 -0.0189 0.0971 0.2970 0.2646
1494806400.0000 148950.0000 0.9360 -0.5293 0.0116 1.1121 299.4846 0.0669 0.1104 0.0361 -0.0494 -0.0115 0.0286 0.1067 0.2480 0.2261
1494806400.0000 149250.0000 1.3331 0.0258 -0.2497 1.4031 268.8901 0.1098 0.1901 0.1035 -0.0033 -0.0122 0.0371 0.2017 0.2703 0.2371
1494806400.0000 149550.0000 0.8904 -0.4300 0.0569 1.0232 295.7760 0.0643 0.0546 0.0230 0.0106 0.0050 0.0007 0.0710 0.2196 0.2013
1494806400.0000 149850.0000 0.5871 -0.5895 0.1048 0.8525 315.1168 0.0930 0.0709 0.0337 -0.0516 0.0146 -0.0094 0.0988 0.3061 0.2810
1494806400.0000 150150.0000 0.4616 -0.8305 0.1721 0.9929 330.9346 0.0720 0.0934 0.0227 0.0161 -0.0024 -0.0004 0.0941 0.2594 0.2472
1494806400.0000 150450.0000 0.6510 -0.9226 0.1445 1.1793 324.7933 0.1333 0.0824 0.0557 -0.0000 0.0189 0.0009 0.1357 0.2642 0.2375
1494806400.0000 150750.0000 0.7079 -1.3760 0.1208 1.5872 332.7745 0.0698 0.1755 0.0535 0.0487 0.0066 0.0039 0.1494 0.2033 0.1848
1494806400.0000 151050.0000 0.3990 -1.3404 0.1560 1.4527 343.4240 0.1259 0.1734 0.0588 0.0287 0.0020 0.0256 0.1791 0.2455 0.2259
