1494720000.0000 150.0000 0.0377 0.3762 0.0768 0.4285 185.7188 0.0323 0.0300 0.0144 -0.0083 -0.0103 0.0088 0.0383 0.4143 0.3811
1494720000.0000 450.0000 0.1639 -0.0159 -0.0026 0.2120 275.5537 0.0114 0.0153 0.0072 -0.0031 -0.0007 0.0041 0.0170 0.6462 0.5733
1494720000.0000 750.0000 0.2650 0.1496 0.0389 0.3356 240.5433 0.0208 0.0111 0.0082 -0.0009 -0.0082 -0.0010 0.0201 0.3770 0.3389
1494720000.0000 1050.0000 0.1818 0.6121 0.1666 0.6511 196.5405 0.0313 0.0624 0.0144 0.0315 0.0092 0.0189 0.0540 0.2876 0.2767
1494720000.0000 1350.0000 0.2107 0.9152 0.1900 0.9641 192.9652 0.0575 0.0406 0.0152 0.0265 -0.0083 -0.0074 0.0567 0.2028 0.1925
1494720000.0000 1650.0000 0.6859 0.7198 0.2897 1.0495 223.6207 0.1083 0.1094 0.0349 -0.0121 -0.0092 -0.0133 0.1263 0.2802 0.2709
1494720000.0000 1950.0000 0.3754 0.7547 0.2664 0.9493 206.4469 0.1776 0.0995 0.0778 -0.0614 -0.0637 0.0191 0.1775 0.3891 0.3606
1494720000.0000 2250.0000 0.3948 1.0439 0.2862 1.2243 200.7179 0.2001 0.1063 0.0268 -0.0915 -0.0056 0.0070 0.1666 0.2892 0.2863
1494720000.0000 2550.0000 -0.1727 1.6269 0.2556 1.6502 173.9408 0.0487 0.0775 0.0288 -0.0064 -0.0128 0.0096 0.0775 0.1373 0.1254
1494720000.0000 2850.0000 -0.1751 1.6691 0.2540 1.6980 174.0127 0.0636 0.0680 0.0287 0.0164 -0.0067 0.0016 0.0802 0.1362 0.1248
1494720000.0000 3150.0000 -0.0185 1.9769 0.3922 1.9917 179.4634 0.0570 0.0631 0.0332 0.0094 -0.0161 -0.0036 0.0766 0.1122 0.1012
1494720000.0000 3450.0000 -0.0932 1.5774 0.2737 1.6035 176.6186 0.0788 0.2359 0.0430 -0.0595 -0.0205 0.0189 0.1789 0.2153 0.2050
1494720000.0000 3750.0000 -0.0515 1.5137 0.2316 1.5490 178.0532 0.1080 0.0966 0.0224 0.0469 -0.0029 -0.0057 0.1135 0.1796 0.1725
1494720000.0000 4050.0000 -0.4403 1.5638 0.2233 1.6527 164.2738 0.0918 0.0558 0.0269 0.0054 -0.0109 0.0038 0.0872 0.1471 0.1365
1494720000.0000 4350.0000 -0.2298 1.7240 0.2753 1.7547 172.4089 0.0561 0.0654 0.0175 -0.0059 -0.0008 -0.0060 0.0695 0.1222 0.1157
1494720000.0000 4650.0000 -0.3404 1.7323 0.2835 1.7888 168.8824 0.0799 0.0917 0.0497 0.0025 -0.0009 -0.0162 0.1107 0.1519 0.1355
1494720000.0000 4950.0000 0.3706 2.1936 0.5168 2.2572 189.5889 0.1708 0.1482 0.0585 0.0937 0.0225 0.0170 0.1887 0.1553 0.1466
1494720000.0000 5250.0000 0.4437 2.2498 0.5143 2.3125 191.1571 0.0961 0.1103 0.0418 0.0235 0.0028 -0.0075 0.1241 0.1224 0.1144
1494720000.0000 5550.0000 0.4429 1.9939 0.4867 2.0765 192.5246 0.1445 0.1720 0.0726 0.0347 0.0125 -0.0289 0.1946 0.1715 0.1590
1494720000.0000 5850.0000 0.4065 1.8230 0.4669 1.8933 192.5699 0.1178 0.1610 0.0490 0.0709 0.0150 0.0198 0.1639 0.1717 0.1632
1494720000.0000 6150.0000 0.4515 2.0065 0.5071 2.1112 192.6814 0.2081 0.1975 0.0466 -0.0372 0.0089 -0.0084 0.2261 0.1833 0.1788
1494720000.0000 6450.0000 0.3175 1.7663 0.5202 1.8550 190.1899 0.2387 0.1630 0.0497 0.0652 0.0190 -0.0001 0.2257 0.2076 0.2039
1494720000.0000 6750.0000 0.4516 2.0512 0.4952 2.1395 192.4154 0.1733 0.0701 0.0343 -0.0052 0.0074 -0.0032 0.1389 0.1410 0.1356
1494720000.0000 7050.0000 0.6419 2.3185 0.6187 2.4423 195.4763 0.1911 0.1328 0.0905 0.0050 0.0126 0.0255 0.2072 0.1496 0.1366
1494720000.0000 7350.0000 0.8015 2.3475 0.6403 2.5070 198.8527 0.1370 0.1111 0.0527 0.0193 0.0030 -0.0194 0.1504 0.1236 0.1159
1494720000.0000 7650.0000 0.7524 1.8173 0.5112 1.9917 202.4913 0.0992 0.1106 0.0507 0.0047 0.0048 -0.0232 0.1303 0.1450 0.1345
1494720000.0000 7950.0000 0.6507 1.8563 0.5158 2.0461 199.3170 0.3353 0.1339 0.0518 0.0016 0.0227 0.0064 0.2605 0.2049 0.2011
1494720000.0000 8250.0000 0.5217 1.8013 0.4207 1.9382 196.1520 0.2320 0.2034 0.1668 -0.0252 -0.0285 -0.0115 0.3011 0.2331 0.2031
1494720000.0000 8550.0000 0.4940 1.7500 0.4085 1.9004 195.7649 0.3658 0.1411 0.0823 0.0260 -0.0277 -0.0096 0.2946 0.2378 0.2261
1494720000.0000 8850.0000 0.5651 1.7543 0.4191 1.9573 197.8552 0.4112 0.2413 0.0700 -0.0391 0.0044 0.0184 0.3613 0.2596 0.2531
1494720000.0000 9150.0000 0.4514 2.0113 0.4700 2.0987 192.6488 0.1539 0.0870 0.0599 0.0001 0.0113 -0.0025 0.1504 0.1498 0.1375
1494720000.0000 9450.0000 0.7552 1.6222 0.4224 1.8453 204.9639 0.2082 0.0760 0.0445 -0.0250 0.0144 -0.0100 0.1643 0.1800 0.1720
1494720000.0000 9750.0000 0.8251 1.8145 0.5332 2.0482 204.4524 0.2764 0.0598 0.0483 -0.0053 0.0107 -0.0095 0.1922 0.1735 0.1679
1494720000.0000 10050.0000 0.9216 1.5492 0.5031 1.8619 210.7490 0.1459 0.1900 0.0643 -0.0479 -0.0105 -0.0001 0.2001 0.1952 0.1856
1494720000.0000 10350.0000 0.8089 1.3682 0.2904 1.6515 210.5918 0.1532 0.2212 0.1219 -0.0082 -0.0054 0.0210 0.2482 0.2518 0.2223
1494720000.0000 10650.0000 0.9837 1.5844 0.2998 1.9263 211.8354 0.1359 0.3884 0.1827 -0.0334 -0.0127 0.0470 0.3535 0.2570 0.2242
1494720000.0000 10950.0000 0.6415 1.2200 0.4588 1.4150 207.7354 0.0586 0.1257 0.0700 -0.0252 -0.0077 0.0295 0.1271 0.2004 0.1798
1494720000.0000 11250.0000 0.7405 1.1661 0.3208 1.4123 212.4148 0.0618 0.0710 0.0252 -0.0216 -0.0022 -0.0023 0.0790 0.1618 0.1523
1494720000.0000 11550.0000 0.1766 1.8157 0.4929 1.8757 185.5547 0.1465 0.2557 0.0433 -0.0951 -0.0300 0.0275 0.2227 0.2039 0.2007
1494720000.0000 11850.0000 0.2014 1.6546 0.2980 1.7246 186.9411 0.2053 0.1225 0.0712 -0.0055 -0.0274 -0.0173 0.1995 0.2154 0.1983
1494720000.0000 12150.0000 -0.0712 1.5743 0.3529 1.6211 177.4106 0.1377 0.2566 0.0499 0.0439 0.0094 -0.0048 0.2221 0.2383 0.2301
1494720000.0000 12450.0000 -0.4594 2.1372 0.3597 2.2080 167.8676 0.1097 0.1457 0.0758 -0.0406 0.0042 -0.0051 0.1656 0.1500 0.1335
1494720000.0000 12750.0000 -0.5781 2.2352 0.2965 2.3376 165.4991 0.1471 0.1594 0.0873 -0.0204 -0.0209 0.0005 0.1969 0.1556 0.1385
1494720000.0000 13050.0000 0.0434 1.5524 0.3810 1.6824 181.6029 0.3656 0.2238 0.0577 -0.1975 0.0293 -0.0147 0.3236 0.2904 0.2854
1494720000.0000 13350.0000 -0.2145 1.7600 0.3617 1.7954 173.0518 0.0872 0.1738 0.0488 -0.0446 -0.0058 0.0054 0.1549 0.1776 0.1664
1494720000.0000 13650.0000 0.2025 1.7211 0.3936 1.7691 186.7104 0.1237 0.0472 0.0344 -0.0168 -0.0107 -0.0067 0.1027 0.1472 0.1378
1494720000.0000 13950.0000 0.5616 1.6237 0.4168 1.7463 199.0782 0.0728 0.1056 0.0229 -0.0412 0.0035 0.0037 0.1007 0.1465 0.1419
1494720000.0000 14250.0000 0.1941 1.7335 0.3888 1.8539 186.3890 0.3576 0.2415 0.0887 -0.1515 -0.0325 0.0389 0.3439 0.2679 0.2562
1494720000.0000 14550.0000 0.1958 1.7551 0.3538 1.8112 186.3642 0.1631 0.1022 0.0482 -0.0311 -0.0391 0.0184 0.1568 0.1795 0.1684
1494720000.0000 14850.0000 0.4122 1.5136 0.3924 1.6011 195.2323 0.1175 0.0511 0.0261 0.0211 0.0005 -0.0033 0.0974 0.1576 0.1511
1494720000.0000 15150.0000 0.2171 1.8580 0.3955 1.8894 186.6639 0.0636 0.0742 0.0303 -0.0267 -0.0025 0.0112 0.0840 0.1238 0.1145
1494720000.0000 15450.0000 -0.0863 1.7616 0.3757 1.7809 177.1968 0.0585 0.0546 0.0311 -0.0010 -0.0074 0.0031 0.0721 0.1216 0.1101
1494720000.0000 15750.0000 0.5219 1.8813 0.4676 2.0018 195.5045 0.1876 0.0781 0.0519 -0.0255 0.0167 0.0092 0.1588 0.1621 0.1524
1494720000.0000 16050.0000 1.0307 2.1230 0.6836 2.4072 205.8958 0.1645 0.1911 0.0697 -0.0562 -0.0235 -0.0043 0.2127 0.1533 0.1459
1494720000.0000 16350.0000 0.9409 1.6814 0.7819 2.0399 209.2301 0.3149 0.3481 0.1286 -0.1792 -0.0651 0.0536 0.3958 0.2470 0.2440
1494720000.0000 16650.0000 1.2480 1.3138 0.3515 1.9677 223.5294 0.3909 0.3278 0.1538 -0.1914 0.0333 -0.0542 0.4362 0.2922 0.2701
1494720000.0000 16950.0000 0.0232 1.5157 0.2267 1.5589 180.8782 0.1226 0.2411 0.1200 -0.0023 -0.0122 -0.0109 0.2419 0.2620 0.2297
1494720000.0000 17250.0000 -0.1109 0.8819 0.1895 0.9544 172.8334 0.1060 0.2407 0.0586 -0.0393 0.0067 0.0047 0.2026 0.4044 0.3824
1494720000.0000 17550.0000 -0.2279 1.0592 0.1533 1.2097 167.8593 0.3206 0.1746 0.0704 -0.0835 0.0142 0.0125 0.2828 0.3968 0.3750
1494720000.0000 17850.0000 -0.4685 1.6036 0.2286 1.7324 163.7134 0.2345 0.2758 0.0925 -0.0443 -0.0273 -0.0038 0.3014 0.2658 0.2469
1494720000.0000 18150.0000 -0.2274 0.9689 0.1880 1.0207 166.7947 0.0508 0.0540 0.0209 -0.0064 0.0032 0.0010 0.0628 0.2021 0.1878
1494720000.0000 18450.0000 -0.5736 1.1397 0.1070 1.3106 153.2841 0.0971 0.0724 0.0465 -0.0153 0.0162 -0.0135 0.1080 0.2096 0.1863
1494720000.0000 18750.0000 -0.1668 1.4537 0.2390 1.4830 173.4544 0.0558 0.0584 0.0289 0.0029 0.0043 0.0025 0.0715 0.1473 0.1333
1494720000.0000 19050.0000 -0.2180 1.6866 0.3742 1.7320 172.6336 0.1181 0.1612 0.0311 -0.0693 0.0049 -0.0126 0.1552 0.1847 0.1794
1494720000.0000 19350.0000 0.0286 1.7555 0.3912 1.7792 180.9342 0.0791 0.0620 0.0329 -0.0111 0.0053 -0.0112 0.0870 0.1339 0.1235
1494720000.0000 19650.0000 -0.2094 1.6955 0.3021 1.7405 172.9595 0.1217 0.1011 0.0246 -0.0668 -0.0090 0.0115 0.1237 0.1655 0.1595
1494720000.0000 19950.0000 -0.3885 1.8959 0.2030 1.9606 168.4189 0.1196 0.1170 0.0627 -0.0745 0.0160 -0.0330 0.1496 0.1623 0.1451
1494720000.0000 20250.0000 -0.4518 1.0972 0.0570 1.2164 157.6199 0.0650 0.2346 0.0701 -0.0296 0.0061 0.0003 0.1848 0.2955 0.2663
1494720000.0000 20550.0000 -0.2649 0.3426 0.0289 0.5308 142.2890 0.1214 0.0319 0.0686 0.0031 0.0363 0.0040 0.1110 0.6266 0.5220
1494720000.0000 20850.0000 -0.7593 0.8473 0.0711 1.1868 138.1338 0.0725 0.1153 0.0427 0.0179 0.0139 -0.0137 0.1152 0.2431 0.2199
1494720000.0000 21150.0000 -0.5142 0.3608 0.0320 0.7233 125.0565 0.1356 0.1099 0.0732 0.0112 0.0500 0.0032 0.1593 0.5182 0.4554
1494720000.0000 21450.0000 -0.5103 1.3122 0.1852 1.4660 158.7509 0.1336 0.2291 0.0885 0.0289 0.0023 0.0277 0.2256 0.2731 0.2470
1494720000.0000 21750.0000 -0.3648 1.2969 0.1757 1.4186 164.2897 0.2033 0.1526 0.0501 -0.0232 0.0251 -0.0237 0.2030 0.2708 0.2557
1494720000.0000 22050.0000 -0.8381 0.9579 -0.0302 1.3563 138.8165 0.1793 0.1704 0.0971 0.0157 0.0516 -0.0267 0.2234 0.3031 0.2682
1494720000.0000 22350.0000 -1.1158 0.1335 -0.1246 1.2735 96.8203 0.1429 0.3309 0.1120 0.0000 0.0642 0.0246 0.2929 0.3908 0.3536
1494720000.0000 22650.0000 -1.6728 0.0879 -0.3854 1.7373 93.0087 0.1906 0.1860 0.0902 0.0310 0.0623 -0.0048 0.2334 0.2295 0.2115
1494720000.0000 22950.0000 -0.6488 0.9714 0.0717 1.2828 146.2630 0.2175 0.1585 0.0931 0.0871 0.0575 0.0094 0.2345 0.3379 0.3031
1494720000.0000 23250.0000 -0.3795 1.5837 0.2580 1.6788 166.5253 0.1712 0.2586 0.1207 -0.0326 0.0456 -0.0514 0.2752 0.2598 0.2324
1494720000.0000 23550.0000 -0.4329 1.6244 0.2273 1.7387 165.0766 0.2375 0.1893 0.0818 -0.0989 -0.0065 -0.0001 0.2543 0.2427 0.2244
1494720000.0000 23850.0000 -0.5414 1.5219 0.2635 1.6386 160.4169 0.1026 0.1136 0.0504 -0.0500 0.0073 -0.0092 0.1333 0.1822 0.1662
1494720000.0000 24150.0000 -0.6803 1.8127 0.2585 1.9756 159.4307 0.1818 0.1849 0.0963 -0.0604 0.0250 -0.0304 0.2315 0.2011 0.1806
1494720000.0000 24450.0000 -0.6143 1.5201 0.1900 1.6878 157.9944 0.1670 0.1282 0.0778 -0.0076 0.0232 -0.0281 0.1865 0.2136 0.1913
1494720000.0000 24750.0000 -0.5451 1.2944 0.1278 1.4354 157.1625 0.1076 0.0565 0.0836 -0.0170 0.0154 -0.0013 0.1238 0.2037 0.1665
1494720000.0000 25050.0000 -0.8384 1.0115 0.1064 1.3936 140.3475 0.2143 0.1183 0.1010 0.0283 0.0682 0.0026 0.2168 0.2884 0.2534
1494720000.0000 25350.0000 -1.0579 1.0395 0.0862 1.5445 134.4971 0.2035 0.1744 0.1605 -0.0121 0.1040 -0.0018 0.2692 0.2852 0.2393
1494720000.0000 25650.0000 -0.4528 0.7782 0.1941 1.0490 149.8056 0.2482 0.2447 0.1591 -0.0974 0.0698 0.0064 0.3260 0.5062 0.4502
1494720000.0000 25950.0000 -0.5682 1.9550 0.3286 2.1060 163.7945 0.2975 0.2829 0.0991 -0.1154 0.0493 0.0107 0.3398 0.2308 0.2161
1494720000.0000 26250.0000 -0.4480 1.5969 0.2317 1.7083 164.3281 0.1869 0.1623 0.2053 -0.0573 0.0863 -0.0377 0.2773 0.2567 0.2057
1494720000.0000 26550.0000 -0.5054 1.2843 0.3009 1.4363 158.5189 0.1824 0.1738 0.0861 -0.0818 0.0160 -0.0214 0.2211 0.2718 0.2496
1494720000.0000 26850.0000 -0.4999 1.7278 0.2307 1.8303 163.8617 0.0864 0.1649 0.0601 0.0301 0.0205 0.0210 0.1557 0.1777 0.1609
1494720000.0000 27150.0000 -0.8794 1.1609 0.0818 1.5035 142.8567 0.1089 0.1961 0.1004 -0.0138 0.0238 0.0119 0.2027 0.2520 0.2189
1494720000.0000 27450.0000 -0.6815 0.6422 0.1110 1.0010 133.3001 0.1237 0.1181 0.0954 0.0023 0.0463 0.0200 0.1686 0.3555 0.3032
1494720000.0000 27750.0000 -0.5900 1.1413 0.1783 1.3488 152.6621 0.2818 0.1256 0.0904 -0.0752 0.0800 -0.0503 0.2489 0.3141 0.2868
1494720000.0000 28050.0000 -1.2534 -0.2269 -0.3934 1.5066 79.7396 0.1387 0.6505 0.0772 0.0257 0.0355 0.0849 0.4332 0.4031 0.4026
1494720000.0000 28350.0000 -1.4095 -0.7502 -0.5077 1.6489 61.9749 0.1999 0.1282 0.1071 -0.0419 0.0326 -0.0020 0.2176 0.2273 0.2071
1494720000.0000 28650.0000 -1.4665 -0.7720 -0.5290 1.7108 62.2376 0.1916 0.0849 0.0704 -0.0722 0.0126 -0.0213 0.1735 0.1955 0.1832
1494720000.0000 28950.0000 -1.0119 -0.6359 -0.3629 1.2434 57.8513 0.1231 0.1538 0.0659 0.0424 0.0291 0.0115 0.1714 0.2706 0.2542
1494720000.0000 29250.0000 -1.3078 -0.8131 -0.5289 1.5726 58.1304 0.1071 0.0731 0.0653 -0.0211 0.0254 0.0031 0.1228 0.1757 0.1592
1494720000.0000 29550.0000 -1.2815 -1.1157 -0.5091 1.7461 48.9564 0.1519 0.1301 0.1105 -0.0205 0.0335 0.0152 0.1963 0.2039 0.1805
1494720000.0000 29850.0000 -1.5062 -0.7774 -0.4079 1.7333 62.7019 0.2556 0.1078 0.1541 0.0256 0.0777 0.0112 0.2587 0.2382 0.2053
1494720000.0000 30150.0000 -1.3736 -0.2695 -0.2724 1.4745 78.8994 0.1352 0.2118 0.1786 0.0363 0.0630 0.0255 0.2628 0.2935 0.2430
1494720000.0000 30450.0000 -1.0327 0.2051 -0.2666 1.2595 101.2353 0.2502 0.3867 0.3436 0.0025 0.0026 -0.1960 0.4903 0.5264 0.4376
1494720000.0000 30750.0000 -0.6085 -0.3236 -0.0238 0.8587 61.9947 0.1774 0.2488 0.1774 -0.0340 0.0527 0.0888 0.3018 0.6505 0.5469
1494720000.0000 31050.0000 -0.8068 1.3679 0.1566 1.6537 149.4661 0.2136 0.1983 0.1690 0.0280 0.0636 0.0470 0.2905 0.2758 0.2333
1494720000.0000 31350.0000 -1.1285 1.3931 0.0526 1.8757 140.9895 0.1944 0.2982 0.1642 0.0321 0.0713 -0.0316 0.3284 0.2609 0.2260
1494720000.0000 31650.0000 -1.0112 1.5454 0.0470 1.9120 146.8035 0.3312 0.2664 0.1192 -0.0959 0.0456 -0.0217 0.3584 0.2646 0.2417
1494720000.0000 31950.0000 -0.3581 1.1551 0.3723 1.3029 162.7742 0.1418 0.3622 0.1234 -0.0176 0.0488 0.0044 0.3137 0.3614 0.3389
1494720000.0000 32250.0000 -0.2978 0.2305 0.1087 0.8468 127.7473 0.2245 0.4903 0.3188 0.1606 0.1439 0.2394 0.5168 1.4975 1.2962
1494720000.0000 32550.0000 -0.0806 -0.2744 0.1458 0.5933 16.3676 0.1596 0.2356 0.1308 0.1221 0.0605 0.0803 0.2630 1.3047 1.2693
1494720000.0000 32850.0000 -1.0167 -0.4199 -0.2583 1.2156 67.5601 0.2521 0.1831 0.2243 -0.0330 0.0561 0.0658 0.3297 0.4149 0.3462
1494720000.0000 33150.0000 -1.1082 -0.4003 -0.4814 1.2100 70.1409 0.0979 0.0638 0.0506 -0.0024 0.0128 -0.0123 0.1062 0.2090 0.1970
1494720000.0000 33450.0000 0.5523 -0.5218 -0.1135 1.0051 313.3694 0.5667 0.0562 0.0981 0.0372 0.1526 0.0151 0.3605 0.6381 0.5997
1494720000.0000 33750.0000 1.2564 -0.4630 0.0651 1.3944 290.2273 0.1879 0.1067 0.0652 0.0469 -0.0066 0.0039 0.1799 0.2583 0.2340
1494720000.0000 34050.0000 0.9434 -0.1901 0.1232 1.0194 281.3925 0.1535 0.1134 0.1077 -0.0155 -0.0072 0.0118 0.1873 0.3642 0.3099
1494720000.0000 34350.0000 1.0735 0.2111 0.2528 1.1290 258.8732 0.0896 0.0707 0.1511 -0.0039 0.0167 -0.0217 0.1557 0.2869 0.2113
1494720000.0000 34650.0000 1.0397 0.6707 0.3971 1.3397 237.1764 0.2934 0.2383 0.3088 -0.0052 0.0700 -0.0354 0.4203 0.4074 0.3403
1494720000.0000 34950.0000 0.4791 0.9552 0.2086 1.1387 206.6358 0.0813 0.1470 0.0936 -0.0487 0.0073 -0.0104 0.1610 0.3009 0.2582
1494720000.0000 35250.0000 -0.1435 0.7194 0.1748 0.9538 168.7163 0.3600 0.0935 0.2067 0.0015 0.0376 -0.0346 0.3301 0.6221 0.5300
1494720000.0000 35550.0000 -0.7607 0.4019 -0.1674 0.9886 117.8452 0.2933 0.1734 0.1245 -0.0244 -0.0516 -0.0160 0.2955 0.5064 0.4584
1494720000.0000 35850.0000 -0.6964 0.7866 0.0521 1.1629 138.4803 0.2111 0.1999 0.2441 0.0236 0.0702 0.0102 0.3275 0.4442 0.3523
1494720000.0000 36150.0000 -0.7209 1.0220 0.0552 1.3328 144.8017 0.2189 0.1783 0.1663 -0.0113 -0.0222 0.0472 0.2817 0.3462 0.2909
1494720000.0000 36450.0000 -0.3211 0.9501 -0.0135 1.1038 161.3252 0.3175 0.4754 0.2243 -0.2569 -0.0511 0.1369 0.5086 0.5805 0.5126
1494720000.0000 36750.0000 -0.9465 2.0137 0.0565 2.2845 154.8242 0.2893 0.2689 0.2496 -0.0338 0.0694 0.0085 0.4039 0.2331 0.1939
1494720000.0000 37050.0000 -0.9124 1.5659 -0.0288 1.9527 149.7735 0.3737 0.8610 0.3409 -0.0523 0.0297 0.2201 0.7878 0.3998 0.3540
1494720000.0000 37350.0000 -0.0993 1.0708 0.0258 1.2153 174.6996 0.3147 0.3391 0.5118 -0.1467 -0.0679 0.0822 0.5828 0.5794 0.4341
1494720000.0000 37650.0000 -0.2769 -0.2903 -0.2085 1.1571 43.6518 0.7273 0.8627 0.5011 0.2855 0.1468 0.1208 1.0455 1.8465 1.8147
1494720000.0000 37950.0000 -0.0257 0.6918 0.6888 1.3126 177.8760 0.9953 0.5472 0.2158 0.3247 0.1347 -0.1170 0.8791 0.7839 1.0358
1494720000.0000 38250.0000 2.2120 0.8694 0.5862 2.4655 248.5440 0.3598 0.3153 0.1547 -0.1629 -0.0455 0.0688 0.4149 0.2149 0.1996
1494720000.0000 38550.0000 1.3656 -0.0709 0.2661 1.4533 272.9700 0.3567 0.2154 0.1711 -0.0520 -0.0700 0.0769 0.3716 0.3573 0.3194
1494720000.0000 38850.0000 1.1210 0.6426 0.3616 1.3298 240.1763 0.1397 0.0706 0.0603 -0.0014 0.0038 0.0195 0.1353 0.2238 0.2049
1494720000.0000 39150.0000 0.2890 0.4097 -0.0437 0.5957 215.1978 0.0962 0.0646 0.1168 -0.0011 0.0176 0.0369 0.1388 0.6045 0.4619
1494720000.0000 39450.0000 -0.4926 0.4944 0.2700 0.9173 135.1040 0.2014 0.2907 0.2113 0.0470 0.0777 0.0131 0.3517 0.6471 0.5803
1494720000.0000 39750.0000 -0.7526 0.3635 0.1115 1.3739 115.7834 1.3678 0.5794 0.5057 0.0510 0.3825 0.0994 1.2264 1.0724 0.9639
1494720000.0000 40050.0000 -1.6013 -0.6579 -0.6018 2.1204 67.6636 1.1917 1.0225 0.6550 -0.1237 0.4266 -0.2294 1.4346 0.5336 0.4962
1494720000.0000 40350.0000 -1.4164 0.5523 -0.2545 1.8916 111.3047 1.2117 0.7739 0.4959 0.3029 0.4227 0.2728 1.2407 0.5900 0.5351
1494720000.0000 40650.0000 -0.4371 1.6885 0.3514 1.8565 165.4873 0.3450 0.6300 0.2263 -0.0130 -0.0117 0.0122 0.6007 0.3557 0.3269
1494720000.0000 40950.0000 -0.9001 2.1707 0.3195 2.4350 157.4782 0.4031 0.6054 0.2815 -0.1076 0.0263 -0.0029 0.6450 0.2765 0.2467
1494720000.0000 41250.0000 -0.0569 1.6434 0.3222 1.8497 178.0163 0.7280 0.3188 0.2226 -0.1717 0.1644 0.0163 0.6347 0.3882 0.3592
1494720000.0000 41550.0000 0.1212 0.2510 0.2876 0.7246 205.7662 0.3351 0.3183 0.4156 0.0664 0.2389 0.1391 0.5345 1.4904 1.6744
1494720000.0000 41850.0000 -0.8288 0.0849 -0.2072 1.4498 95.8515 0.6818 1.3642 0.4055 0.1591 0.2669 0.3070 1.2257 1.0529 0.9912
1494720000.0000 42150.0000 -0.9177 1.4993 0.0289 1.9672 148.5301 0.5614 0.8313 0.4416 -0.0784 0.2269 0.2533 0.9172 0.4448 0.3876
1494720000.0000 42450.0000 -0.6414 1.1322 -0.2776 1.5274 150.4675 0.4005 1.1345 0.6254 -0.1474 0.0233 0.4181 1.0802 0.6378 0.5497
1494720000.0000 42750.0000 -0.2891 0.9151 0.3865 1.2076 162.4668 0.3997 0.5058 0.2863 -0.2115 0.0231 -0.0313 0.5959 0.6092 0.5725
1494720000.0000 43050.0000 0.9280 0.0220 -0.0745 1.1510 268.6437 0.4107 0.3114 0.5153 -0.1726 0.3408 -0.1788 0.6187 0.6897 0.5285
1494720000.0000 43350.0000 0.9921 0.5676 0.4593 1.2206 240.2230 0.1842 0.1689 0.1171 -0.0230 0.0192 -0.0609 0.2351 0.3214 0.3001
1494720000.0000 43650.0000 -0.2590 0.7638 0.1624 1.4068 161.2676 1.3001 0.4076 0.1641 -0.5135 0.2782 -0.0807 0.9359 0.9601 0.9355
1494720000.0000 43950.0000 -0.7237 1.4354 0.2495 1.7015 153.2433 0.2773 0.4295 0.2196 -0.0174 0.1063 -0.0002 0.4632 0.3416 0.3020
1494720000.0000 44250.0000 -1.0084 2.2980 0.1720 2.5896 156.3076 0.5759 0.8683 0.3003 -0.4678 -0.0447 0.1136 0.8723 0.3032 0.2765
1494720000.0000 44550.0000 -0.0724 0.8616 0.0197 1.0589 175.1944 0.2194 0.5693 0.0892 -0.2609 0.0098 -0.0077 0.4390 0.6255 0.5930
1494720000.0000 44850.0000 0.3155 1.9586 0.5740 2.0642 189.1517 0.2974 1.0610 0.2878 0.0484 0.0287 0.2558 0.8231 0.3587 0.3392
1494720000.0000 45150.0000 1.0332 0.8214 0.1235 1.5117 231.5152 0.8793 0.5964 0.2767 0.4241 0.2519 0.0698 0.8762 0.5765 0.5314
1494720000.0000 45450.0000 0.2193 1.0490 -0.1229 1.3771 191.8082 0.5709 0.4248 0.6225 -0.2167 -0.0747 0.0901 0.8091 0.6808 0.5376
1494720000.0000 45750.0000 0.3224 2.1122 0.7174 2.2891 188.6797 0.7569 0.7542 0.4396 0.0898 0.2351 -0.0636 0.9754 0.3578 0.3322
1494720000.0000 46050.0000 2.1618 2.3173 1.1559 3.3688 223.0117 1.1324 0.5465 0.1872 -0.3339 0.1425 -0.0122 0.9331 0.2338 0.2361
1494720000.0000 46350.0000 -0.0646 2.6792 0.5669 2.7462 178.6191 0.3433 0.4144 0.1883 -0.0577 0.0363 -0.0109 0.4730 0.2050 0.1875
1494720000.0000 46650.0000 -0.3671 2.3594 0.2659 2.5560 171.1561 0.8073 0.9662 0.2525 -0.6520 -0.1089 0.1838 1.0130 0.3421 0.3220
1494720000.0000 46950.0000 0.3718 2.0232 0.7504 2.2440 190.4138 0.7819 0.6896 0.2057 0.0958 0.1332 -0.0030 0.8386 0.3415 0.3405
1494720000.0000 47250.0000 0.1250 2.3935 0.6188 2.4571 182.9900 0.3329 0.8182 0.3488 0.2473 0.1295 0.2944 0.7500 0.2857 0.2584
1494720000.0000 47550.0000 0.6978 2.2776 0.5513 2.4152 197.0332 0.1812 0.5288 0.2435 0.1155 0.0565 0.1093 0.4768 0.2306 0.2042
1494720000.0000 47850.0000 0.2224 0.9556 0.2940 1.3557 193.1029 0.6428 0.7031 0.3555 -0.2624 0.1285 -0.0803 0.8507 0.7353 0.6827
1494720000.0000 48150.0000 1.1525 -0.1889 -0.0206 1.2673 279.3064 0.3292 0.2066 0.2639 0.0229 -0.0473 0.0839 0.3999 0.4420 0.3619
1494720000.0000 48450.0000 0.2451 1.3712 0.5440 1.6470 190.1326 0.5990 1.4520 0.2401 -0.0445 0.1142 0.1791 1.1456 0.5844 0.5936
1494720000.0000 48750.0000 1.7989 1.8695 0.9839 2.6795 223.8979 0.2865 0.4927 0.2266 -0.0491 0.0591 -0.0449 0.5029 0.2087 0.1964
1494720000.0000 49050.0000 2.2515 1.8298 0.8298 3.0475 230.8993 0.6878 0.5316 0.3664 -0.1765 0.1213 -0.1157 0.7930 0.2409 0.2198
1494720000.0000 49350.0000 0.7631 1.6343 0.2577 1.9408 205.0303 0.4218 0.3828 0.2814 -0.0791 0.0594 -0.0237 0.5430 0.3302 0.2871
1494720000.0000 49650.0000 0.8692 2.3980 0.7234 2.7119 199.9230 0.5195 0.8978 0.3217 -0.3841 0.0596 -0.0199 0.8695 0.2872 0.2695
1494720000.0000 49950.0000 0.2049 2.2678 0.4846 2.3972 185.1621 0.4856 1.8355 0.3475 0.2400 0.1457 0.4704 1.3343 0.4051 0.3863
1494720000.0000 50250.0000 0.8317 2.5664 0.7104 2.7763 197.9570 0.1919 0.7843 0.1060 -0.2539 -0.0067 -0.0015 0.5411 0.2153 0.2114
1494720000.0000 50550.0000 0.5261 1.5362 0.5240 1.7989 198.9034 0.5772 0.2595 0.2366 -0.0206 0.0718 0.0226 0.5366 0.3506 0.3252
1494720000.0000 50850.0000 0.5755 2.5900 0.7847 2.7911 192.5272 0.8225 0.5710 0.3054 0.1242 0.1774 0.1119 0.8494 0.2720 0.2569
1494720000.0000 51150.0000 0.2931 1.8805 0.4486 2.0538 188.8580 0.5537 0.2619 0.2030 -0.2109 0.0292 -0.0414 0.5093 0.2980 0.2740
1494720000.0000 51450.0000 -0.3127 2.4860 0.5050 2.5634 172.8302 0.2779 0.3558 0.1587 -0.0231 0.0362 -0.0421 0.3962 0.2011 0.1834
1494720000.0000 51750.0000 0.0728 1.9873 0.4325 2.1177 182.0988 0.5217 0.4782 0.2528 -0.0637 0.0956 -0.0143 0.6264 0.3175 0.2903
1494720000.0000 52050.0000 -0.7760 1.8282 0.2891 2.0412 157.0007 0.2247 0.3155 0.2165 -0.0754 0.0072 -0.0626 0.3784 0.2503 0.2137
1494720000.0000 52350.0000 -0.2624 1.6168 0.1022 1.8120 170.7816 0.6673 0.2382 0.1952 -0.0823 0.0855 0.0029 0.5503 0.3691 0.3354
1494720000.0000 52650.0000 -0.5778 2.4577 0.4133 2.5751 166.7702 0.2781 0.7453 0.1284 -0.0992 0.0324 0.0623 0.5759 0.2422 0.2313
1494720000.0000 52950.0000 -0.3560 2.6439 0.5256 2.7187 172.3323 0.2827 0.2923 0.1542 -0.0989 0.0476 -0.0668 0.3646 0.1813 0.1641
1494720000.0000 53250.0000 -0.0848 2.2152 0.5057 2.2686 177.8083 0.2193 0.5321 0.1523 -0.2111 0.0116 -0.0503 0.4519 0.2414 0.2258
1494720000.0000 53550.0000 -0.5114 1.5760 0.0279 1.7048 162.0215 0.1564 0.3457 0.1233 -0.0661 0.0227 0.0535 0.3127 0.2755 0.2469
1494720000.0000 53850.0000 -1.1634 3.8615 0.5396 4.0969 163.2336 0.4270 0.9405 0.2325 0.0742 0.0922 0.0293 0.8000 0.1795 0.1674
1494720000.0000 54150.0000 -0.3117 3.2968 0.8059 3.3622 174.5997 0.3148 0.4187 0.1611 -0.0210 -0.0108 -0.0749 0.4473 0.1602 0.1493
1494720000.0000 54450.0000 0.6359 2.1207 0.5087 2.2589 196.6913 0.1493 0.2049 0.0997 -0.0604 0.0234 0.0026 0.2270 0.1712 0.1552
1494720000.0000 54750.0000 0.4325 2.9910 0.7939 3.1384 188.2278 0.6198 0.5634 0.3381 -0.2067 0.0709 -0.0212 0.7606 0.2279 0.2078
1494720000.0000 55050.0000 2.2442 1.1871 0.6615 2.7467 242.1229 0.7386 0.6796 0.2474 -0.3685 -0.1585 0.0412 0.8328 0.2840 0.2708
1494720000.0000 55350.0000 2.2769 1.3131 0.3765 2.7339 240.0284 0.3651 0.6802 0.4364 0.0012 0.0241 0.0852 0.7408 0.2647 0.2246
1494720000.0000 55650.0000 2.0477 -0.0076 0.2439 2.2555 270.2137 0.8478 0.6634 0.2745 -0.3911 0.1017 0.0091 0.8928 0.3741 0.3466
1494720000.0000 55950.0000 1.7407 1.3410 0.8322 2.4937 232.3900 0.8158 0.9614 0.2987 -0.5444 -0.1086 0.1804 1.0379 0.3540 0.3503
1494720000.0000 56250.0000 1.1160 2.0331 0.8706 2.3623 208.7636 0.1096 0.2472 0.0813 -0.0592 0.0123 -0.0345 0.2191 0.1543 0.1487
1494720000.0000 56550.0000 2.3222 0.6539 0.6676 2.5762 254.2744 1.0144 0.5321 0.3266 -0.3354 -0.0732 0.1340 0.9366 0.3157 0.2976
1494720000.0000 56850.0000 3.6259 -0.5418 0.3323 3.7101 278.4992 0.5964 0.2874 0.3531 0.1009 -0.0124 0.1077 0.6185 0.1744 0.1481
1494720000.0000 57150.0000 3.2118 0.2966 0.5306 3.2897 264.7235 0.5414 0.3594 0.3426 -0.0664 0.1153 -0.0845 0.6217 0.1969 0.1699
1494720000.0000 57450.0000 2.5382 0.4702 0.3830 2.6580 259.5042 0.3409 0.4202 0.2331 0.0107 0.0510 0.0731 0.4971 0.2206 0.1951
1494720000.0000 57750.0000 2.3920 0.8890 0.6707 2.7264 249.6127 1.0605 0.5958 0.3175 -0.4814 -0.2006 0.1890 0.9869 0.3074 0.2912
1494720000.0000 58050.0000 2.9224 0.3353 0.5332 2.9682 263.4547 0.4242 0.1619 0.1623 0.0695 0.0057 0.0455 0.3742 0.1671 0.1502
1494720000.0000 58350.0000 1.8204 0.3715 0.3400 1.9683 258.4665 0.3943 0.3577 0.2228 -0.0271 -0.0408 0.0980 0.4873 0.3018 0.2695
1494720000.0000 58650.0000 2.8313 -0.2397 0.3678 2.8990 274.8398 0.7620 0.2560 0.2128 0.1621 0.0419 0.0514 0.6154 0.2236 0.2050
1494720000.0000 58950.0000 1.6373 0.6590 0.6111 1.9671 248.0757 0.8553 0.4555 0.3271 -0.1854 0.0079 0.1104 0.8189 0.3956 0.3745
1494720000.0000 59250.0000 2.5923 -0.1668 0.2151 2.6926 273.6817 0.4203 0.5101 0.3078 0.0952 -0.0591 0.0966 0.6190 0.2465 0.2144
1494720000.0000 59550.0000 1.9767 0.0066 -0.1392 2.1560 269.8080 1.0523 0.6371 0.5256 0.0699 0.1936 -0.0709 1.1075 0.4336 0.3796
1494720000.0000 59850.0000 2.4001 -0.1159 0.5437 2.5376 272.7637 0.9462 0.6005 0.4422 0.0743 0.1190 0.0052 0.9944 0.3305 0.2988
1494720000.0000 60150.0000 2.9598 0.4492 0.6413 3.0454 261.3711 0.5043 0.2929 0.2818 0.1780 -0.0213 0.0267 0.5395 0.1959 0.1722
1494720000.0000 60450.0000 2.9296 0.5915 0.6484 3.0690 258.5859 0.9780 0.5277 0.4060 0.1007 0.1643 0.1258 0.9559 0.2610 0.2370
1494720000.0000 60750.0000 2.7361 0.7994 0.5610 2.9602 253.7133 0.6839 0.3747 0.1963 -0.3122 -0.1244 0.0600 0.6274 0.2226 0.2084
1494720000.0000 61050.0000 2.3749 1.4813 0.7114 2.8415 238.0466 0.4152 0.1830 0.1048 0.0239 0.0194 0.0381 0.3515 0.1676 0.1595
1494720000.0000 61350.0000 1.9892 0.1818 0.3469 2.0950 264.7794 0.2793 0.3794 0.2181 0.0408 -0.0520 0.1056 0.4384 0.2667 0.2346
1494720000.0000 61650.0000 2.4939 0.4825 0.5105 2.5634 259.0507 0.2731 0.1144 0.1667 0.0020 -0.0176 -0.0101 0.2771 0.1659 0.1415
1494720000.0000 61950.0000 2.6496 0.6612 0.5915 2.7736 255.9872 0.4413 0.2639 0.3069 0.1188 0.0787 0.1263 0.5061 0.2079 0.1775
1494720000.0000 62250.0000 2.3764 0.5648 0.4769 2.5717 256.6308 0.5892 0.5337 0.2389 -0.2014 0.0121 0.0305 0.6809 0.2707 0.2505
1494720000.0000 62550.0000 2.8692 -0.5174 0.1937 2.9896 280.2231 0.4835 0.4039 0.1992 0.0900 0.1198 0.1261 0.5433 0.2060 0.1865
1494720000.0000 62850.0000 1.8281 -0.0728 0.2224 1.9337 272.2792 0.5429 0.3577 0.2535 0.0443 -0.0524 -0.0069 0.5771 0.3365 0.2995
1494720000.0000 63150.0000 1.7737 -0.6224 0.1837 2.0194 289.3369 0.5514 0.8337 0.4868 -0.3288 -0.0708 0.2431 0.9359 0.4182 0.3615
1494720000.0000 63450.0000 0.9126 1.7436 0.7381 2.2799 207.6262 0.6533 1.2585 0.2593 -0.5643 0.0137 0.0377 1.0856 0.4047 0.4056
1494720000.0000 63750.0000 0.2656 1.5705 0.5967 1.7438 189.5984 0.3879 0.4884 0.1706 -0.1442 -0.1053 0.0132 0.5235 0.3473 0.3393
1494720000.0000 64050.0000 0.6137 1.7471 0.5149 1.9558 199.3535 0.2617 0.3809 0.2179 -0.1546 -0.0173 0.0582 0.4303 0.2787 0.2499
1494720000.0000 64350.0000 0.8918 2.1800 0.7976 2.4463 202.2500 0.3459 0.2512 0.1017 -0.1286 0.0701 -0.0294 0.3494 0.1941 0.1894
1494720000.0000 64650.0000 1.8294 2.1488 0.8274 2.8685 220.4108 0.2681 0.1889 0.1726 -0.0105 0.0490 0.0447 0.3148 0.1558 0.1383
1494720000.0000 64950.0000 1.9322 1.4514 0.6071 2.4691 233.0887 0.2324 0.2131 0.1127 -0.0447 0.0455 -0.0580 0.2791 0.1731 0.1595
1494720000.0000 65250.0000 0.8220 1.2352 0.4540 1.6529 213.6432 0.5214 0.3038 0.2718 -0.0445 -0.1075 -0.1206 0.5485 0.3897 0.3535
1494720000.0000 65550.0000 1.2839 1.1943 0.7058 2.0706 227.0706 1.0961 0.3925 0.2007 -0.4364 -0.1556 0.0955 0.8446 0.3970 0.4017
1494720000.0000 65850.0000 2.0194 0.9878 0.5320 2.2852 243.9356 0.2852 0.1282 0.1036 -0.0144 0.0253 0.0217 0.2585 0.1797 0.1651
1494720000.0000 66150.0000 2.4476 -0.1460 0.2159 2.5379 273.4141 0.5045 0.3895 0.2579 -0.1312 0.1041 -0.0285 0.5759 0.2517 0.2226
1494720000.0000 66450.0000 2.5387 0.1116 0.4664 2.5752 267.4834 0.3018 0.1742 0.1649 0.0373 -0.0123 0.0375 0.3204 0.1789 0.1568
1494720000.0000 66750.0000 2.2367 0.4113 0.5328 2.3147 259.5816 0.1828 0.2128 0.1279 0.0688 0.0352 0.0801 0.2617 0.1788 0.1597
1494720000.0000 67050.0000 2.2646 0.3618 0.4122 2.3121 260.9236 0.1392 0.0790 0.0563 -0.0136 0.0009 0.0099 0.1372 0.1298 0.1176
1494720000.0000 67350.0000 2.7735 0.2919 0.5489 2.8249 263.9922 0.2976 0.2178 0.0933 0.1114 0.0201 0.0372 0.3044 0.1585 0.1486
1494720000.0000 67650.0000 2.7581 0.5984 0.6612 2.8477 257.7587 0.2921 0.1416 0.1184 0.0287 -0.0551 0.0272 0.2760 0.1480 0.1347
1494720000.0000 67950.0000 2.1882 0.1997 0.4927 2.2221 264.7842 0.3145 0.0974 0.0895 -0.0154 -0.0528 -0.0012 0.2507 0.1815 0.1686
1494720000.0000 68250.0000 2.0868 0.2969 0.4184 2.1401 261.9036 0.1492 0.1256 0.0487 -0.0183 -0.0214 0.0103 0.1617 0.1528 0.1436
1494720000.0000 68550.0000 2.0814 0.2386 0.3661 2.1200 263.4592 0.1679 0.1040 0.0597 0.0328 -0.0035 0.0116 0.1658 0.1563 0.1437
1494720000.0000 68850.0000 2.1325 0.2773 0.3853 2.1621 262.5912 0.1529 0.0482 0.0403 0.0054 -0.0066 0.0000 0.1207 0.1298 0.1204
1494720000.0000 69150.0000 1.1750 0.0864 0.2200 1.2021 265.7964 0.1744 0.0639 0.0314 0.0554 0.0232 0.0096 0.1349 0.2502 0.2392
1494720000.0000 69450.0000 1.3073 -0.1147 0.1557 1.3239 275.0122 0.0897 0.0256 0.0160 0.0098 0.0038 0.0047 0.0656 0.1583 0.1494
1494720000.0000 69750.0000 1.4593 -0.1785 0.1079 1.4925 276.9723 0.0832 0.0482 0.0229 0.0304 -0.0032 0.0051 0.0771 0.1538 0.1423
1494720000.0000 70050.0000 1.3456 -0.1260 0.1143 1.3607 275.3499 0.0520 0.0187 0.0097 0.0187 0.0117 0.0044 0.0402 0.1207 0.1136
1494720000.0000 70350.0000 1.3797 -0.5906 0.0505 1.5196 293.1758 0.1263 0.0681 0.0425 -0.0303 -0.0034 0.0156 0.1184 0.1871 0.1696
1494720000.0000 70650.0000 1.3621 -1.0749 -0.1108 1.7557 308.2774 0.0699 0.0940 0.0406 -0.0175 -0.0121 0.0084 0.1023 0.1502 0.1347
1494720000.0000 70950.0000 1.2584 -0.8611 -0.1003 1.5482 304.3848 0.0497 0.0883 0.0306 -0.0073 -0.0019 0.0115 0.0843 0.1551 0.1406
1494720000.0000 71250.0000 1.3250 -0.7696 -0.0429 1.5485 300.1493 0.0739 0.0805 0.0263 -0.0342 -0.0050 0.0093 0.0904 0.1601 0.1480
1494720000.0000 71550.0000 1.1328 -0.1639 0.0911 1.1531 278.2328 0.0630 0.0175 0.0144 -0.0004 0.0112 0.0039 0.0474 0.1548 0.1431
1494720000.0000 71850.0000 1.1317 -0.6418 -0.0757 1.3195 299.5595 0.0885 0.1025 0.0243 -0.0569 -0.0122 0.0149 0.1076 0.2056 0.1939
1494720000.0000 72150.0000 1.3431 -0.8727 -0.1111 1.6172 303.0153 0.0453 0.0608 0.0235 -0.0080 -0.0014 0.0038 0.0648 0.1295 0.1174
1494720000.0000 72450.0000 1.2385 -0.6270 -0.0424 1.4036 296.8509 0.0511 0.0476 0.0185 -0.0039 -0.0008 0.0065 0.0585 0.1423 0.1306
1494720000.0000 72750.0000 1.1900 -0.5512 -0.0172 1.3200 294.8524 0.0327 0.0287 0.0122 -0.0077 -0.0002 0.0039 0.0368 0.1194 0.1091
1494720000.0000 73050.0000 1.1172 -0.3483 0.0307 1.1881 287.3169 0.1014 0.0625 0.0153 -0.0556 -0.0065 0.0078 0.0896 0.2088 0.1997
1494720000.0000 73350.0000 0.9212 -0.6683 -0.0451 1.1635 305.9594 0.1851 0.1961 0.0277 -0.1432 -0.0078 0.0192 0.2044 0.3242 0.3132
1494720000.0000 73650.0000 1.6174 -1.0576 -0.1114 1.9538 303.1805 0.0631 0.1188 0.0453 -0.0243 -0.0093 0.0154 0.1136 0.1422 0.1274
1494720000.0000 73950.0000 1.2628 -0.9040 -0.1128 1.5681 305.5977 0.0695 0.0832 0.0337 -0.0372 -0.0119 0.0161 0.0932 0.1601 0.1453
1494720000.0000 74250.0000 1.3196 -0.8399 -0.0366 1.5714 302.4737 0.0300 0.0487 0.0157 -0.0235 -0.0033 0.0070 0.0472 0.1133 0.1035
1494720000.0000 74550.0000 0.6813 -0.0336 0.0039 0.7161 272.8207 0.0549 0.0612 0.0176 -0.0391 -0.0080 0.0081 0.0668 0.3094 0.2883
1494720000.0000 74850.0000 0.4480 0.1411 0.0756 0.4769 252.5237 0.0073 0.0074 0.0072 0.0019 -0.0008 0.0020 0.0109 0.1793 0.1488
1494720000.0000 75150.0000 0.3430 0.0623 -0.0070 0.3799 259.7088 0.0085 0.0233 0.0073 0.0013 -0.0002 0.0084 0.0195 0.3272 0.2950
1494720000.0000 75450.0000 0.3174 -0.2848 -0.1214 0.4426 311.8945 0.0097 0.0136 0.0043 0.0025 -0.0008 0.0012 0.0138 0.2161 0.2066
1494720000.0000 75750.0000 0.5201 -0.3623 -0.0954 0.6369 304.8623 0.0026 0.0053 0.0028 -0.0007 0.0001 0.0005 0.0054 0.0933 0.0812
1494720000.0000 76050.0000 0.4455 -0.2704 -0.0521 0.5233 301.2542 0.0047 0.0051 0.0019 -0.0032 -0.0001 0.0006 0.0058 0.1192 0.1096
1494720000.0000 76350.0000 0.3335 -0.2542 -0.0660 0.4320 307.3181 0.0072 0.0090 0.0066 0.0024 0.0009 0.0021 0.0113 0.2049 0.1748
1494720000.0000 76650.0000 -0.1802 -0.3554 -0.1473 0.4236 26.8898 0.0216 0.0048 0.0031 -0.0004 0.0028 0.0002 0.0147 0.2334 0.2356
1494720000.0000 76950.0000 -0.6690 -1.0956 -0.4149 1.2870 31.4082 0.0123 0.0322 0.0112 0.0110 0.0049 0.0138 0.0279 0.1010 0.0949
1494720000.0000 77250.0000 -0.7467 -1.2147 -0.4704 1.4287 31.5795 0.0042 0.0093 0.0036 -0.0029 -0.0014 0.0011 0.0085 0.0502 0.0470
1494720000.0000 77550.0000 -0.7222 -1.3191 -0.5000 1.5100 28.6997 0.0113 0.0190 0.0170 -0.0057 -0.0008 -0.0102 0.0236 0.0792 0.0668
1494720000.0000 77850.0000 -0.7730 -1.2153 -0.4990 1.4597 32.4587 0.0281 0.0584 0.0192 -0.0207 0.0022 -0.0015 0.0529 0.1232 0.1179
1494720000.0000 78150.0000 -0.5761 -1.0714 -0.4324 1.2430 28.2649 0.0744 0.0915 0.0632 0.0280 0.0109 0.0192 0.1146 0.2141 0.1933
1494720000.0000 78450.0000 0.0856 -0.5905 -0.1132 0.7766 351.7542 0.2276 0.0531 0.0389 0.0720 0.0487 0.0157 0.1598 0.5374 0.5126
1494720000.0000 78750.0000 0.7078 -0.1042 0.0155 0.7288 278.3776 0.0176 0.0176 0.0057 -0.0012 0.0044 -0.0000 0.0204 0.1631 0.1513
1494720000.0000 79050.0000 0.4044 -0.2376 -0.0451 0.4763 300.4330 0.0101 0.0047 0.0030 0.0021 -0.0010 -0.0003 0.0089 0.1637 0.1498
1494720000.0000 79350.0000 0.1653 -0.3283 -0.0698 0.3773 333.2768 0.0096 0.0071 0.0029 -0.0023 -0.0005 -0.0002 0.0098 0.2158 0.2029
1494720000.0000 79650.0000 -0.2008 -0.7656 -0.1918 0.8051 14.6937 0.0213 0.0110 0.0083 0.0004 0.0064 0.0037 0.0203 0.1429 0.1312
1494720000.0000 79950.0000 0.1960 -0.2243 -0.1394 0.3600 318.8502 0.0085 0.0780 0.0123 0.0113 0.0016 0.0202 0.0494 0.5518 0.5701
1494720000.0000 80250.0000 0.4230 -0.0606 0.0200 0.4294 278.1592 0.0208 0.0007 0.0006 0.0014 -0.0001 0.0002 0.0111 0.2009 0.1984
1494720000.0000 80550.0000 0.5664 -0.1299 -0.0138 0.5904 282.9170 0.0123 0.0075 0.0018 0.0061 0.0014 0.0018 0.0108 0.1459 0.1396
1494720000.0000 80850.0000 0.0284 -0.1500 -0.0434 0.2417 349.2853 0.0402 0.0034 0.0013 -0.0096 0.0006 0.0005 0.0224 0.7705 0.7892
1494720000.0000 81150.0000 -0.4936 -0.2350 -0.1396 0.5545 64.5438 0.0256 0.0276 0.0035 0.0232 0.0050 0.0052 0.0284 0.2437 0.2437
1494720000.0000 81450.0000 -0.5406 -0.5960 -0.2593 0.8131 42.2084 0.0156 0.0021 0.0018 -0.0032 -0.0020 0.0010 0.0097 0.0953 0.0954
1494720000.0000 81750.0000 -0.0525 -0.5235 -0.2101 0.6022 5.7280 0.0791 0.0222 0.0199 0.0175 0.0128 0.0013 0.0606 0.3548 0.3492
1494720000.0000 82050.0000 -0.7848 -0.6967 -0.3638 1.0619 48.4045 0.0406 0.0046 0.0048 -0.0040 0.0073 -0.0006 0.0250 0.1163 0.1170
1494720000.0000 82350.0000 -0.6965 -0.7119 -0.3806 1.0052 44.3725 0.0233 0.0095 0.0050 -0.0019 0.0020 0.0005 0.0189 0.1052 0.1049
1494720000.0000 82650.0000 -1.1366 -0.8177 -0.4669 1.4116 54.2680 0.0174 0.0578 0.0030 0.0098 0.0023 0.0101 0.0391 0.1093 0.1130
1494720000.0000 82950.0000 -1.0449 -1.0588 -0.5092 1.4934 44.6224 0.0085 0.0204 0.0058 -0.0033 -0.0029 0.0007 0.0173 0.0683 0.0660
1494720000.0000 83250.0000 -1.1974 -1.2730 -0.5725 1.7656 43.2488 0.0126 0.0709 0.0058 -0.0243 -0.0051 0.0172 0.0447 0.0938 0.0955
1494720000.0000 83550.0000 -1.2008 -1.1545 -0.5945 1.6752 46.1254 0.0062 0.0352 0.0046 -0.0116 -0.0026 0.0093 0.0230 0.0700 0.0705
1494720000.0000 83850.0000 -1.0177 -1.2361 -0.5853 1.6042 39.4658 0.0089 0.0033 0.0009 -0.0031 0.0014 -0.0012 0.0066 0.0388 0.0398
1494720000.0000 84150.0000 -0.9946 -1.1233 -0.5578 1.5024 41.5224 0.0043 0.0055 0.0026 -0.0016 0.0007 -0.0008 0.0062 0.0403 0.0382
1494720000.0000 84450.0000 -0.9072 -1.3235 -0.5327 1.6092 34.4283 0.0106 0.0066 0.0028 -0.0057 0.0033 -0.0028 0.0100 0.0484 0.0473
1494720000.0000 84750.0000 -0.6676 -1.4948 -0.5467 1.6395 24.0673 0.0104 0.0027 0.0010 0.0020 0.0003 0.0008 0.0071 0.0398 0.0404
1494720000.0000 85050.0000 -0.9368 -1.5577 -0.6159 1.8198 31.0217 0.0072 0.0026 0.0036 -0.0019 0.0016 -0.0001 0.0067 0.0348 0.0315
1494720000.0000 85350.0000 -0.5357 -1.4452 -0.4912 1.5442 20.3372 0.0119 0.0015 0.0064 0.0022 0.0073 0.0006 0.0099 0.0501 0.0432
1494720000.0000 85650.0000 -0.4310 -1.1879 -0.3883 1.2678 19.9407 0.0110 0.0107 0.0054 0.0008 -0.0043 -0.0021 0.0135 0.0719 0.0672
1494720000.0000 85950.0000 -0.8898 -1.0443 -0.4419 1.3741 40.4328 0.0121 0.0033 0.0034 0.0028 0.0028 0.0004 0.0094 0.0549 0.0522
1494720000.0000 86250.0000 -1.1030 -1.3576 -0.6073 1.7523 39.0940 0.0062 0.0315 0.0030 0.0052 0.0006 0.0071 0.0203 0.0629 0.0641
1494806400.0000 86550.0000 -0.8964 -1.8379 -0.6717 2.0487 25.9999 0.0147 0.0047 0.0019 -0.0038 -0.0007 0.0012 0.0106 0.0391 0.0392
1494806400.0000 86850.0000 -0.6040 -1.8215 -0.6197 1.9208 18.3459 0.0081 0.0028 0.0040 0.0015 0.0029 0.0002 0.0074 0.0349 0.0313
1494806400.0000 87150.0000 -0.4293 -1.6532 -0.5167 1.7087 14.5575 0.0029 0.0042 0.0011 0.0011 0.0007 0.0001 0.0041 0.0291 0.0284
1494806400.0000 87450.0000 -0.3524 -1.7012 -0.4982 1.7389 11.7050 0.0041 0.0102 0.0083 -0.0032 0.0025 -0.0062 0.0113 0.0481 0.0398
1494806400.0000 87750.0000 -0.4518 -1.8182 -0.5110 1.8766 13.9557 0.0110 0.0043 0.0034 -0.0024 0.0015 -0.0001 0.0093 0.0406 0.0381
1494806400.0000 88050.0000 -0.6005 -1.8560 -0.5974 1.9532 17.9294 0.0087 0.0087 0.0051 -0.0011 -0.0018 0.0015 0.0113 0.0425 0.0391
1494806400.0000 88350.0000 -0.6414 -1.9176 -0.6449 2.0234 18.4924 0.0058 0.0028 0.0022 0.0001 -0.0003 -0.0001 0.0054 0.0284 0.0266
1494806400.0000 88650.0000 -0.6940 -1.9069 -0.6323 2.0309 19.9974 0.0074 0.0046 0.0020 0.0012 0.0011 0.0010 0.0070 0.0322 0.0312
1494806400.0000 88950.0000 -0.5676 -2.0573 -0.6843 2.1396 15.4248 0.0239 0.0021 0.0022 -0.0016 0.0046 0.0002 0.0141 0.0433 0.0436
1494806400.0000 89250.0000 -0.2885 -2.2609 -0.6422 2.2797 7.2710 0.0020 0.0168 0.0021 0.0003 -0.0002 0.0003 0.0105 0.0353 0.0348
1494806400.0000 89550.0000 -0.3956 -2.2473 -0.5988 2.2836 9.9848 0.0070 0.0087 0.0026 -0.0032 -0.0006 0.0014 0.0091 0.0331 0.0317
1494806400.0000 89850.0000 -0.3135 -2.1445 -0.5900 2.1692 8.3170 0.0086 0.0025 0.0017 0.0010 0.0007 -0.0004 0.0064 0.0291 0.0281
1494806400.0000 90150.0000 -0.3446 -1.9516 -0.5027 1.9835 10.0143 0.0059 0.0053 0.0020 -0.0032 -0.0005 -0.0000 0.0066 0.0325 0.0308
1494806400.0000 90450.0000 -0.4336 -2.0608 -0.5705 2.1083 11.8822 0.0098 0.0035 0.0047 -0.0014 0.0038 -0.0004 0.0090 0.0355 0.0316
1494806400.0000 90750.0000 -0.4912 -2.0659 -0.6456 2.1269 13.3752 0.0094 0.0285 0.0038 -0.0080 -0.0007 0.0018 0.0208 0.0531 0.0529
1494806400.0000 91050.0000 -0.3132 -2.1991 -0.6588 2.2250 8.1061 0.0165 0.0041 0.0038 -0.0007 0.0032 -0.0004 0.0122 0.0389 0.0373
1494806400.0000 91350.0000 -0.1413 -2.0896 -0.5091 2.0953 3.8693 0.0036 0.0081 0.0045 -0.0008 0.0021 0.0024 0.0081 0.0340 0.0298
1494806400.0000 91650.0000 -0.0255 -1.8646 -0.2177 1.8667 0.7823 0.0068 0.0141 0.0145 0.0023 0.0031 0.0082 0.0177 0.0579 0.0448
1494806400.0000 91950.0000 -0.3346 -1.9349 -0.3326 1.9737 9.8119 0.0472 0.0092 0.0267 0.0171 0.0323 0.0128 0.0416 0.0836 0.0698
1494806400.0000 92250.0000 -0.8565 -2.0562 -0.7143 2.2316 22.6143 0.0198 0.0067 0.0060 -0.0000 0.0031 0.0006 0.0162 0.0445 0.0421
1494806400.0000 92550.0000 -0.9968 -2.1141 -0.7678 2.3398 25.2439 0.0096 0.0050 0.0038 -0.0037 0.0020 -0.0007 0.0092 0.0319 0.0299
1494806400.0000 92850.0000 -1.3660 -1.9671 -0.8239 2.3963 34.7770 0.0059 0.0041 0.0034 -0.0014 0.0015 0.0005 0.0067 0.0265 0.0242
1494806400.0000 93150.0000 -1.3273 -1.9633 -0.8203 2.3722 34.0599 0.0088 0.0099 0.0051 -0.0022 0.0003 0.0014 0.0119 0.0355 0.0333
1494806400.0000 93450.0000 -1.3624 -1.9384 -0.8109 2.3707 35.1005 0.0087 0.0027 0.0029 0.0003 0.0002 -0.0002 0.0071 0.0275 0.0260
1494806400.0000 93750.0000 -1.5106 -1.9866 -0.8580 2.4976 37.2500 0.0093 0.0050 0.0029 -0.0017 0.0008 0.0003 0.0086 0.0287 0.0277
1494806400.0000 94050.0000 -2.0110 -1.7084 -0.9441 2.6499 49.6502 0.0474 0.0214 0.0055 -0.0262 0.0007 -0.0001 0.0372 0.0562 0.0574
1494806400.0000 94350.0000 -2.2334 -1.5929 -0.9728 2.7457 54.5031 0.0140 0.0067 0.0039 -0.0042 0.0002 0.0003 0.0123 0.0311 0.0303
1494806400.0000 94650.0000 -2.2015 -1.7141 -0.9777 2.7930 52.0952 0.0110 0.0097 0.0050 -0.0062 -0.0009 0.0011 0.0128 0.0313 0.0297
1494806400.0000 94950.0000 -2.3595 -1.6134 -0.9388 2.8602 55.6371 0.0072 0.0074 0.0042 -0.0031 0.0005 -0.0005 0.0094 0.0263 0.0243
1494806400.0000 95250.0000 -2.2456 -1.6433 -0.9121 2.7845 53.8031 0.0128 0.0063 0.0063 -0.0019 0.0023 -0.0010 0.0127 0.0314 0.0287
1494806400.0000 95550.0000 -2.1736 -1.6312 -0.9087 2.7214 53.1130 0.0164 0.0154 0.0094 -0.0046 -0.0005 0.0040 0.0206 0.0409 0.0379
1494806400.0000 95850.0000 -1.9150 -1.7774 -0.8532 2.6210 47.1334 0.0280 0.0459 0.0232 -0.0049 0.0040 0.0106 0.0486 0.0655 0.0601
1494806400.0000 96150.0000 -1.8698 -1.6760 -0.8457 2.5188 48.1280 0.0249 0.0268 0.0133 -0.0130 0.0007 0.0039 0.0325 0.0555 0.0523
1494806400.0000 96450.0000 -1.9196 -1.9807 -0.9443 2.7644 44.1029 0.0222 0.0191 0.0098 -0.0133 -0.0035 0.0028 0.0256 0.0448 0.0426
1494806400.0000 96750.0000 -1.8227 -1.9402 -0.9038 2.6686 43.2124 0.0198 0.0238 0.0094 -0.0136 0.0015 -0.0034 0.0265 0.0473 0.0453
1494806400.0000 97050.0000 -2.0721 -1.4526 -0.7746 2.5541 54.9690 0.0561 0.0742 0.0152 -0.0554 -0.0107 0.0148 0.0728 0.0832 0.0824
1494806400.0000 97350.0000 -2.0466 -1.0291 -0.6231 2.3140 63.3063 0.0676 0.0712 0.0170 -0.0427 0.0008 0.0110 0.0779 0.0960 0.0939
1494806400.0000 97650.0000 -1.8156 -1.4754 -0.7847 2.3496 50.9030 0.0462 0.0340 0.0272 -0.0084 0.0142 0.0074 0.0537 0.0767 0.0699
1494806400.0000 97950.0000 -1.9893 -1.7719 -0.8820 2.6791 48.3081 0.0563 0.0677 0.0367 -0.0172 0.0127 0.0174 0.0804 0.0825 0.0763
1494806400.0000 98250.0000 -1.6024 -2.2257 -0.8741 2.7635 35.7519 0.0881 0.1090 0.0604 -0.0214 0.0013 0.0321 0.1288 0.1018 0.0935
1494806400.0000 98550.0000 -1.0213 -2.4045 -0.7653 2.6493 23.0132 0.1922 0.1777 0.1707 0.0040 0.0437 0.0755 0.2703 0.1559 0.1344
1494806400.0000 98850.0000 -1.1033 -2.5099 -0.8453 2.7768 23.7289 0.1659 0.2097 0.1912 -0.0161 0.0492 0.0899 0.2834 0.1515 0.1291
1494806400.0000 99150.0000 -1.4069 -2.5374 -0.9243 2.9279 29.0080 0.1508 0.1117 0.1184 -0.0126 0.0220 0.0344 0.1904 0.1170 0.1019
1494806400.0000 99450.0000 -1.1154 -2.4841 -0.8025 2.7573 24.1801 0.1712 0.1718 0.1523 -0.0116 0.0120 0.0697 0.2476 0.1431 0.1242
1494806400.0000 99750.0000 -0.9622 -2.6242 -0.8227 2.8243 20.1370 0.1476 0.1330 0.1401 -0.0175 0.0036 0.0677 0.2104 0.1285 0.1094
1494806400.0000 100050.0000 -1.1538 -2.4268 -0.8695 2.7156 25.4277 0.1295 0.1493 0.1307 -0.0194 0.0112 0.0581 0.2048 0.1308 0.1134
1494806400.0000 100350.0000 -1.5084 -2.6846 -1.0303 3.0916 29.3294 0.0796 0.0637 0.0675 0.0041 0.0086 0.0192 0.1054 0.0816 0.0710
1494806400.0000 100650.0000 -1.5090 -2.8767 -1.0792 3.2615 27.6799 0.0811 0.0931 0.1007 0.0030 0.0206 0.0295 0.1375 0.0884 0.0742
1494806400.0000 100950.0000 -1.5952 -2.9589 -1.1305 3.3767 28.3296 0.1147 0.1005 0.1316 0.0176 0.0334 0.0317 0.1734 0.0959 0.0797
1494806400.0000 101250.0000 -1.6226 -2.7987 -1.0448 3.2533 30.1042 0.1127 0.1162 0.1265 0.0004 0.0223 0.0524 0.1777 0.1012 0.0854
1494806400.0000 101550.0000 -1.1391 -2.1957 -0.7385 2.5365 27.4199 0.3241 0.3679 0.3549 0.0396 0.0759 0.1752 0.5235 0.2288 0.1942
1494806400.0000 101850.0000 -1.2784 -2.2160 -0.7989 2.6107 29.9801 0.2686 0.2431 0.2389 -0.0005 0.0489 0.1012 0.3753 0.1866 0.1614
1494806400.0000 102150.0000 -1.3451 -2.5454 -0.9747 2.9206 27.8546 0.2720 0.1799 0.2010 0.0340 0.0587 0.0726 0.3265 0.1535 0.1348
1494806400.0000 102450.0000 -1.6349 -2.4600 -0.9219 2.9907 33.6074 0.1822 0.2060 0.1865 -0.0231 0.0382 0.0774 0.2874 0.1415 0.1218
1494806400.0000 102750.0000 -1.4986 -2.2970 -0.8174 2.7752 33.1218 0.1999 0.2087 0.1721 0.0387 0.0585 0.0889 0.2904 0.1537 0.1346
1494806400.0000 103050.0000 -1.4464 -2.2127 -0.7594 2.6827 33.1727 0.2089 0.1985 0.1626 0.0091 0.0418 0.0608 0.2850 0.1585 0.1394
1494806400.0000 103350.0000 -1.5273 -2.0749 -0.7917 2.6091 36.3564 0.1310 0.1757 0.1479 -0.0135 0.0366 0.0607 0.2273 0.1444 0.1241
1494806400.0000 103650.0000 -1.5209 -1.8399 -0.7263 2.4300 39.5787 0.2331 0.2636 0.2102 0.0446 0.0839 0.1117 0.3535 0.1945 0.1705
1494806400.0000 103950.0000 -1.5507 -1.6988 -0.7075 2.3392 42.3905 0.1709 0.1890 0.1789 0.0058 0.0452 0.0896 0.2694 0.1761 0.1506
1494806400.0000 104250.0000 -1.4642 -1.6587 -0.6711 2.2591 41.4363 0.1645 0.1944 0.1851 -0.0288 0.0426 0.0615 0.2720 0.1842 0.1563
1494806400.0000 104550.0000 -1.4087 -1.8683 -0.6679 2.3810 37.0160 0.1949 0.1846 0.1592 0.0020 0.0615 0.0545 0.2693 0.1741 0.1520
1494806400.0000 104850.0000 -1.3508 -1.8333 -0.7191 2.3158 36.3824 0.1560 0.1759 0.1505 -0.0063 0.0501 0.0604 0.2412 0.1679 0.1461
1494806400.0000 105150.0000 -1.1766 -1.9041 -0.6697 2.2829 31.7134 0.1788 0.2177 0.1487 -0.0098 0.0304 0.0716 0.2726 0.1825 0.1624
1494806400.0000 105450.0000 -1.4965 -2.1729 -0.8274 2.6859 34.5563 0.2930 0.3137 0.2469 0.0654 0.0742 0.1357 0.4268 0.1929 0.1704
1494806400.0000 105750.0000 -1.5616 -2.7977 -1.0062 3.2597 29.1691 0.3266 0.3961 0.2769 0.0091 0.0419 0.1583 0.4998 0.1719 0.1532
1494806400.0000 106050.0000 -1.2021 -2.0945 -0.6808 2.5507 29.8522 0.7994 0.4673 0.5873 0.1049 0.1958 0.2390 0.9270 0.3133 0.2691
1494806400.0000 106350.0000 -1.0426 -1.5759 -0.5899 2.0219 33.4870 0.4631 0.4054 0.3554 -0.0213 0.0516 0.1393 0.6120 0.3227 0.2848
1494806400.0000 106650.0000 -1.2262 -1.4911 -0.5724 2.0241 39.4314 0.3034 0.4608 0.3034 0.0089 0.0792 0.1859 0.5338 0.2963 0.2614
1494806400.0000 106950.0000 -0.9570 -1.0698 -0.3467 1.5361 41.8144 0.2900 0.2821 0.2024 0.0013 0.0257 0.1125 0.3872 0.3441 0.3042
1494806400.0000 107250.0000 -1.6422 -1.6466 -0.6950 2.4064 44.9242 0.3388 0.3546 0.2493 -0.0260 0.0632 0.0994 0.4714 0.2310 0.2067
1494806400.0000 107550.0000 -1.7095 -1.6060 -0.6286 2.4367 46.7880 0.4431 0.3566 0.3125 -0.0162 0.1327 0.1055 0.5561 0.2507 0.2201
1494806400.0000 107850.0000 -1.8655 -1.6255 -0.6862 2.5312 48.9337 0.2606 0.2763 0.2353 -0.0110 0.0625 0.0991 0.3861 0.1976 0.1710
1494806400.0000 108150.0000 -1.8116 -1.6500 -0.7764 2.5238 47.6739 0.3970 0.3178 0.2908 0.0150 0.0769 0.1455 0.5028 0.2252 0.1992
1494806400.0000 108450.0000 -2.0448 -1.7024 -0.8551 2.7229 50.2211 0.4167 0.2916 0.2942 0.0392 0.1482 0.1346 0.5013 0.2068 0.1826
1494806400.0000 108750.0000 -2.0814 -1.7510 -0.8390 2.7659 49.9272 0.3807 0.2251 0.2474 0.0616 0.1488 0.1099 0.4266 0.1874 0.1652
1494806400.0000 109050.0000 -2.6444 -2.1320 -1.0915 3.4301 51.1237 0.3136 0.1925 0.2170 0.0288 0.1020 0.0757 0.3616 0.1376 0.1209
1494806400.0000 109350.0000 -2.1124 -2.4151 -1.0448 3.2562 41.1756 0.2883 0.3547 0.3111 0.0141 0.1169 0.1478 0.4770 0.1671 0.1443
1494806400.0000 109650.0000 -2.0940 -2.6593 -1.1087 3.4509 38.2175 0.3798 0.4376 0.3580 -0.0377 0.0838 0.1376 0.5877 0.1757 0.1542
1494806400.0000 109950.0000 -1.8730 -2.5751 -1.0347 3.2537 36.0302 0.3796 0.4811 0.3707 -0.0125 0.0686 0.1819 0.6157 0.1914 0.1682
1494806400.0000 110250.0000 -1.6606 -2.3763 -0.9292 2.9867 34.9470 0.4143 0.5326 0.4553 -0.0214 0.0856 0.2370 0.7011 0.2246 0.1938
1494806400.0000 110550.0000 -1.5231 -2.1747 -0.8064 2.7779 35.0066 0.4965 0.7178 0.5672 -0.0526 0.0551 0.2730 0.8908 0.2777 0.2396
1494806400.0000 110850.0000 -1.5189 -2.2437 -0.8204 2.7910 34.0954 0.5612 0.7570 0.5364 0.2488 0.2667 0.3780 0.9273 0.2777 0.2447
1494806400.0000 111150.0000 -1.6646 -2.2025 -0.8895 2.8455 37.0820 0.3524 0.5312 0.4282 -0.0048 0.1336 0.2612 0.6559 0.2280 0.1966
1494806400.0000 111450.0000 -1.8686 -1.5210 -0.7817 2.5591 50.8545 0.7300 0.4480 0.5071 -0.1405 0.2054 0.1384 0.8426 0.2959 0.2601
1494806400.0000 111750.0000 -1.7010 -1.7966 -0.7743 2.5692 43.4359 0.6378 0.4456 0.4777 0.0898 0.1923 0.2226 0.7806 0.2783 0.2429
1494806400.0000 112050.0000 -1.4837 -1.5520 -0.6265 2.2801 43.7123 0.5503 0.7037 0.4648 0.0757 0.1738 0.2354 0.8594 0.3384 0.3011
1494806400.0000 112350.0000 -1.0884 -1.2596 -0.3496 1.8838 40.8298 1.0582 0.8032 0.7493 0.2286 0.4597 0.3309 1.3054 0.5484 0.4732
1494806400.0000 112650.0000 -1.6754 -1.6447 -0.8102 2.5100 45.5284 0.6279 0.8516 0.7609 0.0318 0.2557 0.3272 1.1202 0.3480 0.2991
1494806400.0000 112950.0000 -2.1601 -1.9025 -0.8326 2.9962 48.6293 0.6950 0.7524 0.6976 0.0972 0.2438 0.3390 1.0725 0.2822 0.2413
1494806400.0000 113250.0000 -2.5392 -2.2293 -1.0338 3.4664 48.7183 0.6331 0.5054 0.6373 0.0208 0.2505 0.1711 0.8879 0.2177 0.1823
1494806400.0000 113550.0000 -2.8004 -1.8830 -0.9720 3.4730 56.0820 0.8340 0.5693 0.5796 0.0492 0.2148 0.2151 0.9915 0.2315 0.2027
1494806400.0000 113850.0000 -3.0237 -1.9514 -1.0105 3.6661 57.1629 0.7363 0.4055 0.4856 0.0619 0.2079 0.1467 0.8137 0.1970 0.1714
1494806400.0000 114150.0000 -3.2494 -2.1909 -1.1046 3.9780 56.0110 1.0479 0.2888 0.4192 0.2080 0.3936 0.1560 0.8779 0.1879 0.1703
1494806400.0000 114450.0000 -3.2025 -2.3062 -1.1970 4.0114 54.2414 0.5219 0.6513 0.4495 0.1902 0.2037 0.2548 0.8113 0.1783 0.1585
1494806400.0000 114750.0000 -2.4099 -1.9669 -0.8993 3.2048 50.7801 0.8727 0.4907 0.5374 0.1054 0.2955 0.2175 0.9504 0.2458 0.2167
1494806400.0000 115050.0000 -1.3640 -1.9483 -0.7559 2.4950 34.9963 0.5692 0.8361 0.6374 0.1636 0.2046 0.3895 1.0213 0.3306 0.2878
1494806400.0000 115350.0000 -1.0424 -0.9559 -0.3983 1.6001 47.4794 0.6895 0.5569 0.4540 0.0623 0.2022 0.2736 0.8502 0.5124 0.4558
1494806400.0000 115650.0000 -1.8835 -1.4495 -0.6308 2.5201 52.4180 1.4104 0.8997 0.6637 0.6264 0.5769 0.4538 1.4869 0.4049 0.3692
1494806400.0000 115950.0000 -2.3414 -1.7895 -0.9282 3.0733 52.6094 0.6386 0.7026 0.5896 -0.0285 0.1703 0.2417 0.9654 0.2597 0.2269
1494806400.0000 116250.0000 -2.4741 -1.5023 -0.8741 2.9816 58.7342 1.1689 0.5023 0.6015 0.3158 0.4101 0.2959 1.1364 0.2879 0.2579
1494806400.0000 116550.0000 -2.3521 -0.9976 -0.5050 2.6918 67.0174 1.0792 0.8056 0.5631 0.3376 0.3256 0.3262 1.2239 0.3468 0.3102
1494806400.0000 116850.0000 -3.1363 -1.8599 -1.0617 3.7244 59.3318 0.6780 0.5688 0.4499 0.0831 0.2015 0.2278 0.8483 0.1980 0.1768
1494806400.0000 117150.0000 -2.6623 -1.7011 -0.9124 3.2808 57.4230 0.9511 0.7283 0.5523 0.0603 0.1716 0.2401 1.1159 0.2623 0.2368
1494806400.0000 117450.0000 -2.3171 -1.8359 -0.8291 3.1158 51.6094 1.0075 0.8367 0.9681 0.0119 0.3576 0.4332 1.4061 0.3153 0.2652
1494806400.0000 117750.0000 -2.6321 -2.0937 -0.9877 3.4906 51.4994 1.1477 0.6528 0.9315 0.0559 0.4100 0.2794 1.3660 0.2722 0.2303
1494806400.0000 118050.0000 -2.7806 -2.0971 -1.1494 3.6160 52.9769 1.0623 0.6474 0.7680 0.0000 0.2769 0.1995 1.2389 0.2478 0.2168
1494806400.0000 118350.0000 -2.3035 -1.6303 -0.7080 3.0067 54.7119 1.4417 0.7152 0.9747 0.0279 0.5340 0.3172 1.5658 0.3512 0.3005
1494806400.0000 118650.0000 -2.8716 -1.7889 -1.0543 3.5228 58.0794 1.2983 0.8701 0.7572 0.1244 0.3535 0.4103 1.4628 0.2787 0.2513
1494806400.0000 118950.0000 -3.0640 -1.6925 -0.9074 3.6411 61.0835 1.2951 1.0281 1.0228 0.3573 0.5884 0.4871 1.6730 0.2921 0.2514
1494806400.0000 119250.0000 -2.9247 -1.8974 -0.9600 3.6072 57.0265 1.3406 0.7101 0.8268 0.1720 0.4237 0.2717 1.4387 0.2708 0.2372
1494806400.0000 119550.0000 -2.5698 -1.6814 -0.8047 3.2506 56.8041 1.2161 1.0109 1.0477 0.1203 0.4085 0.4715 1.6373 0.3291 0.2806
1494806400.0000 119850.0000 -2.3714 -2.0699 -1.0589 3.3132 48.8837 1.5505 1.0364 1.0791 0.3237 0.6435 0.4954 1.8330 0.3329 0.2950
1494806400.0000 120150.0000 -2.3481 -1.4319 -0.7343 2.9243 58.6252 1.2866 0.7689 0.7073 0.0332 0.4270 0.2317 1.3814 0.3371 0.3010
1494806400.0000 120450.0000 -2.2043 -1.5489 -0.7374 2.8760 54.9053 1.3264 0.9272 0.9732 0.3050 0.5732 0.4188 1.6134 0.3713 0.3217
1494806400.0000 120750.0000 -2.0526 -1.2790 -0.7290 2.6346 58.0724 1.4050 0.7107 0.9237 -0.1528 0.2526 0.2818 1.5197 0.3985 0.3472
1494806400.0000 121050.0000 -0.6767 -0.8125 -0.2352 1.4232 39.7893 0.9495 0.6004 0.5805 -0.1236 0.0957 0.1862 1.0652 0.7779 0.6798
1494806400.0000 121350.0000 -0.8777 -0.9480 -0.4059 1.8509 42.7965 1.9050 0.9243 0.9036 0.0432 0.5697 0.3272 1.8665 0.8237 0.7517
1494806400.0000 121650.0000 -1.9158 -1.5671 -0.6989 2.6819 50.7178 1.2151 0.8849 1.0730 0.0596 0.4472 0.3368 1.5865 0.3999 0.3380
1494806400.0000 121950.0000 -1.6571 -1.3055 -0.6320 2.3569 51.7677 0.8994 0.9216 0.8052 -0.0354 0.2061 0.2878 1.3131 0.4249 0.3693
1494806400.0000 122250.0000 -1.9963 -1.7260 -0.9077 2.8390 49.1540 1.1750 0.8849 0.6520 0.0316 0.2143 0.2751 1.3560 0.3407 0.3140
1494806400.0000 122550.0000 -2.1664 -0.7589 -0.8459 2.5197 70.6949 0.6736 1.1666 0.8313 -0.0113 0.2200 0.4589 1.3357 0.3857 0.3412
1494806400.0000 122850.0000 -1.1784 -0.0277 0.0329 1.5008 88.6536 0.7727 0.7438 1.0165 0.0703 0.1683 0.5200 1.2665 0.7793 0.6032
1494806400.0000 123150.0000 -0.0878 -0.8193 -0.3034 1.9223 6.1165 3.3975 1.1509 1.1785 0.8840 0.9088 0.6415 2.8635 1.5735 1.4943
1494806400.0000 123450.0000 -2.5665 -0.9814 -0.6337 2.9128 69.0733 1.0341 0.9517 0.7251 0.2318 0.4696 0.4817 1.3554 0.3371 0.2961
1494806400.0000 123750.0000 -2.1046 -0.8044 -0.6587 2.4064 69.0817 1.2193 0.5154 0.6249 0.2545 0.4780 0.2183 1.1798 0.3778 0.3375
1494806400.0000 124050.0000 -1.4967 -1.2426 -0.5115 2.2903 50.3004 1.8185 1.0854 0.8262 0.1953 0.5078 0.3517 1.8651 0.5544 0.5058
1494806400.0000 124350.0000 -2.0605 -0.8461 -0.3337 2.6347 67.6770 1.1905 2.0927 1.1397 0.1944 0.4551 0.8350 2.2114 0.5391 0.4697
1494806400.0000 124650.0000 -1.4336 -0.3502 -0.4071 2.1540 76.2744 1.5301 2.0297 0.6973 -0.3493 0.5233 0.1089 2.1285 0.7781 0.7381
1494806400.0000 124950.0000 -0.5791 0.8695 0.3247 1.5987 146.3351 1.1999 0.7846 0.5120 -0.2633 0.0006 0.0433 1.2483 0.8338 0.7785
1494806400.0000 125250.0000 -0.7992 -0.5265 -0.1120 1.4763 56.6237 1.3797 0.8184 0.6371 0.5784 0.5564 0.2990 1.4176 1.0088 0.8944
1494806400.0000 125550.0000 -1.6782 -0.3681 -0.5753 2.1403 77.6298 0.8245 1.3855 0.7007 0.0598 0.2798 0.5120 1.4553 0.5436 0.4996
1494806400.0000 125850.0000 -1.8347 -0.8929 -0.5293 2.2470 64.0497 1.0274 0.6992 0.4523 0.0330 0.2630 0.1185 1.0895 0.4043 0.3718
1494806400.0000 126150.0000 -1.2924 -0.5073 -0.3949 1.8146 68.5707 1.2658 0.8432 0.6230 -0.0912 0.3672 0.2576 1.3660 0.6611 0.6039
1494806400.0000 126450.0000 -0.1555 0.0404 0.1775 0.8602 104.5599 0.3890 0.5329 0.3731 0.1140 0.1974 0.0779 0.6475 2.7440 3.4495
1494806400.0000 126750.0000 -1.2769 -0.1019 -0.1274 1.7588 85.4392 1.2875 1.0881 0.6511 0.3114 0.3415 0.2946 1.5134 0.7803 0.6947
1494806400.0000 127050.0000 -0.4289 0.0812 0.1267 0.9714 100.7221 0.6266 0.5129 0.4748 0.1933 0.1961 0.1825 0.8071 1.6137 1.4118
1494806400.0000 127350.0000 -2.1777 -0.4095 -0.3770 2.5829 79.3495 1.7976 1.4761 0.8838 0.4910 0.8134 0.1477 2.0788 0.5237 0.4714
1494806400.0000 127650.0000 0.0523 -0.1875 -0.0649 1.2179 344.4040 0.3493 1.5186 0.5797 0.2270 0.1516 0.5520 1.2238 4.4025 4.0541
1494806400.0000 127950.0000 -0.4523 0.3671 0.2596 1.0713 129.0599 0.6911 0.5169 0.5243 -0.1539 0.2009 0.0835 0.8661 1.1915 1.0893
1494806400.0000 128250.0000 -1.5902 0.1344 -0.2830 1.8077 94.8295 1.0961 0.5493 0.6616 0.1102 0.4580 0.1198 1.1535 0.5411 0.4641
1494806400.0000 128550.0000 -1.0265 0.2366 -0.3784 1.7681 102.9771 1.6073 0.9544 0.6791 0.4496 0.4353 0.2062 1.6204 0.9286 0.8772
1494806400.0000 128850.0000 -0.9262 0.2202 -0.1428 1.3146 103.3706 0.5581 0.6895 0.4210 0.0673 0.2014 0.2647 0.8343 0.7747 0.6774
1494806400.0000 129150.0000 -1.3695 -0.0359 -0.4007 1.6740 88.4967 1.2699 0.4323 0.5353 0.3505 0.6059 0.2178 1.1187 0.6051 0.5499
1494806400.0000 129450.0000 -0.0695 -0.1700 -0.0588 1.4201 22.2292 1.3728 1.2234 0.3262 0.5197 0.2841 0.2778 1.4612 5.1191 5.0663
1494806400.0000 129750.0000 -1.0157 0.2462 0.1675 1.4701 103.6271 0.6018 0.9767 0.5250 0.0491 0.1211 0.1545 1.0518 0.7911 0.6940
1494806400.0000 130050.0000 -1.6095 0.1168 -0.2579 1.9502 94.1490 1.3779 0.7592 0.6802 0.2428 0.5748 0.1261 1.4086 0.5930 0.5230
1494806400.0000 130350.0000 -1.6476 -0.0057 -0.0166 1.9152 89.8011 1.2474 0.4767 0.6121 0.2515 0.5702 0.1379 1.1681 0.5356 0.4601
1494806400.0000 130650.0000 -0.9159 0.4966 0.2746 1.6099 118.4680 0.4037 1.5067 0.3335 0.2199 0.1229 0.0709 1.1219 0.8027 0.7659
1494806400.0000 130950.0000 -1.8018 0.0976 -0.3876 2.2464 93.1003 0.8038 1.6230 0.5035 0.5948 0.3458 0.4086 1.4652 0.5355 0.4984
1494806400.0000 131250.0000 -1.0388 -0.1057 0.1175 1.3319 84.1899 0.5987 0.5054 0.5670 0.3134 0.3431 0.2885 0.8355 0.7103 0.5810
1494806400.0000 131550.0000 -1.1774 -0.9748 -0.5179 1.6200 50.3796 0.3848 0.3398 0.3496 0.0940 0.1404 -0.0366 0.5371 0.3708 0.3215
1494806400.0000 131850.0000 0.0757 0.1716 -0.1612 1.0524 203.7962 0.5034 0.8191 0.3646 0.3398 0.2549 0.2322 0.8436 3.0322 3.5402
1494806400.0000 132150.0000 -0.0383 0.4145 0.1582 0.9646 174.7157 0.3634 0.7840 0.1994 -0.3959 -0.0843 0.1870 0.6734 1.5046 1.4856
1494806400.0000 132450.0000 -1.5713 -0.3677 -0.4782 1.7298 76.8276 0.4535 0.3924 0.3586 0.1050 0.2441 0.0825 0.6022 0.3765 0.3291
1494806400.0000 132750.0000 -0.5718 -0.2951 -0.0825 0.8656 62.7060 0.3240 0.1865 0.3704 0.0093 0.1826 -0.0175 0.4405 0.8353 0.6411
1494806400.0000 133050.0000 0.1014 -0.2356 -0.0475 0.7679 336.7059 0.2877 0.3564 0.1164 -0.0020 0.0523 -0.0051 0.3802 1.9302 1.8065
1494806400.0000 133350.0000 -0.6565 0.1987 0.0373 1.1898 106.8376 0.4774 0.7675 0.2417 0.0763 0.1804 0.1728 0.7433 1.0248 0.9392
1494806400.0000 133650.0000 -0.2481 -0.2261 0.1209 0.7596 47.6578 0.4017 0.2821 0.3211 0.0086 0.2024 -0.0085 0.5024 1.6223 1.4225
1494806400.0000 133950.0000 -0.8652 -0.8580 -0.6244 1.3702 45.2366 0.2709 0.4448 0.2167 -0.0172 -0.0700 0.0829 0.4662 0.4072 0.4008
1494806400.0000 134250.0000 0.2828 -0.8178 0.1520 1.2250 340.9219 0.6300 0.4854 0.3403 -0.1381 0.0259 0.1256 0.7279 0.7929 0.7047
1494806400.0000 134550.0000 -0.5792 0.5320 0.0817 1.3080 132.5674 0.7161 0.7636 0.3933 0.2372 0.2361 0.2672 0.9365 0.9993 0.8930
1494806400.0000 134850.0000 -1.6589 -0.5916 -0.6223 1.8102 70.3730 0.8208 0.2105 0.1873 0.1914 -0.0498 0.0284 0.6093 0.3412 0.3329
1494806400.0000 135150.0000 -0.1941 -1.2225 -0.3182 1.3859 9.0229 0.3865 0.2000 0.4182 0.0170 0.1127 -0.0420 0.5024 0.4528 0.3572
1494806400.0000 135450.0000 -0.0080 -0.5636 0.1582 0.9621 0.8153 0.2872 0.5407 0.4025 -0.0614 -0.0713 0.0863 0.6152 1.0939 0.9320
1494806400.0000 135750.0000 -0.5355 0.6256 0.2010 1.2516 139.4335 0.3287 0.8716 0.5320 0.2671 0.1833 0.3868 0.8662 0.8965 0.7681
1494806400.0000 136050.0000 -0.5156 1.7275 0.1802 1.9364 163.3817 0.3007 0.7605 0.4409 -0.0164 0.0023 0.1230 0.7510 0.3905 0.3299
1494806400.0000 136350.0000 -0.6674 1.3157 0.1562 1.5549 153.1031 0.2347 0.4831 0.2232 -0.1103 -0.0105 0.1056 0.4705 0.3775 0.3316
1494806400.0000 136650.0000 -1.3912 0.6836 0.1454 1.9111 116.1673 0.4056 1.0882 0.3737 0.3614 0.1530 0.3324 0.9337 0.5068 0.4552
1494806400.0000 136950.0000 -0.6222 -0.3276 0.5620 1.0613 62.2330 0.4470 0.4390 0.3251 -0.0625 0.1255 -0.0276 0.6055 0.7058 0.7728
1494806400.0000 137250.0000 -0.5718 -0.1492 -0.3035 1.0907 75.3738 0.4482 0.6940 0.5241 -0.0099 -0.0152 0.2158 0.8331 1.1219 1.0442
1494806400.0000 137550.0000 0.7126 -0.9979 -0.2921 1.6521 324.4712 0.5042 1.3466 0.8800 -0.0218 -0.2335 0.5775 1.3653 0.7569 0.6405
1494806400.0000 137850.0000 0.4750 -1.2924 -0.2677 1.5278 339.8209 0.3941 0.3664 0.4715 -0.0253 -0.0057 0.0703 0.6161 0.4569 0.3657
1494806400.0000 138150.0000 0.3402 -0.3936 0.2233 0.9663 319.1646 0.4646 0.4100 0.5296 -0.2103 -0.1681 0.2690 0.7021 1.2084 1.0378
1494806400.0000 138450.0000 -0.4764 -1.3755 -0.5768 1.5266 19.1032 0.2400 0.5044 0.3114 0.1070 0.0560 0.0331 0.5279 0.3789 0.3422
1494806400.0000 138750.0000 -0.7755 -1.1775 -0.3759 1.5413 33.3685 0.3285 0.3829 0.3292 0.0420 0.0252 0.1765 0.5203 0.4036 0.3454
1494806400.0000 139050.0000 -0.5633 -0.6423 -0.1133 0.9867 41.2484 0.1912 0.3534 0.2827 0.1198 0.0637 0.1032 0.4137 0.6093 0.4987
1494806400.0000 139350.0000 0.1349 -0.6184 -0.4652 0.9111 347.6923 0.1832 0.5907 0.2088 0.0061 -0.0937 0.0831 0.4913 0.7286 0.8024
1494806400.0000 139650.0000 -0.1238 -0.0896 0.1989 0.4947 54.1053 0.1028 0.1786 0.0640 0.0254 0.0092 0.0182 0.1727 1.3531 2.0047
1494806400.0000 139950.0000 -0.4448 -0.4606 -0.1206 0.7072 44.0017 0.0831 0.1267 0.1965 0.0427 0.0606 0.0561 0.2031 0.5648 0.4129
1494806400.0000 140250.0000 -0.0542 -0.1900 0.0423 0.3537 15.9153 0.0578 0.0615 0.1302 0.0041 -0.0191 -0.0096 0.1247 1.4270 1.0091
1494806400.0000 140550.0000 -0.7601 -0.3993 -0.3514 0.9623 62.2875 0.4005 0.0721 0.1778 0.0136 0.1196 0.0040 0.3252 0.5019 0.4623
1494806400.0000 140850.0000 -1.2635 -0.2653 -0.5051 1.3340 78.1436 0.1061 0.0975 0.1369 -0.0041 0.0229 -0.0165 0.1703 0.2430 0.2018
1494806400.0000 141150.0000 -0.8078 0.1409 -0.0782 1.0737 99.8919 0.3679 0.3784 0.2175 0.1411 0.1056 0.1247 0.4819 0.6881 0.6083
1494806400.0000 141450.0000 -0.4043 -0.7870 -0.0067 1.1661 27.1876 0.4383 0.5226 0.4016 -0.0204 0.0200 0.1728 0.6813 0.7617 0.6396
1494806400.0000 141750.0000 -1.7243 -0.7072 -0.3693 1.9396 67.7001 1.2088 0.3129 0.4805 0.4227 0.6164 0.2606 1.0011 0.4300 0.3822
1494806400.0000 142050.0000 -0.7747 -0.5010 -0.2052 1.0495 57.1076 0.2955 0.2229 0.3862 0.0524 0.2133 0.1146 0.4523 0.5810 0.4506
1494806400.0000 142350.0000 -0.2160 -0.2018 0.1026 0.8577 46.9583 0.3743 0.4945 0.2743 0.1691 0.1367 0.0940 0.5716 1.9729 1.8205
1494806400.0000 142650.0000 0.1038 -0.3838 0.1718 0.9383 344.8654 0.2749 0.7009 0.4765 0.1519 0.1247 0.4268 0.7261 1.6065 1.4346
1494806400.0000 142950.0000 0.2305 -0.8450 -0.2951 0.9913 344.7407 0.2028 0.2128 0.2299 -0.0420 0.0602 0.0363 0.3228 0.5019 0.4249
1494806400.0000 143250.0000 0.1888 -0.3158 -0.1109 1.1283 329.1266 0.6783 0.7687 0.8622 0.4755 0.4366 0.4918 1.1546 2.2829 1.8874
1494806400.0000 143550.0000 -0.0523 0.1440 0.3283 1.0824 160.0323 1.0063 0.4585 0.4601 0.3953 0.2383 0.1637 0.9624 2.2108 4.5615
1494806400.0000 143850.0000 0.4340 0.1380 0.1363 0.7170 252.3638 0.4088 0.1803 0.3505 0.0680 0.2262 0.0350 0.4698 1.1772 0.9730
1494806400.0000 144150.0000 0.5459 0.4003 0.3261 1.0501 233.7470 0.3724 0.4312 0.1468 -0.2261 0.0364 0.0251 0.4752 0.7491 0.7646
1494806400.0000 144450.0000 0.1092 0.3141 0.0745 0.9452 199.1682 0.5892 0.4512 0.3643 -0.0775 0.1400 -0.0291 0.7024 2.0078 1.7707
1494806400.0000 144750.0000 0.0225 -0.3792 0.3733 1.0480 356.5971 0.4618 0.8972 0.2886 -0.0788 -0.0301 0.1778 0.8238 1.3915 1.7718
1494806400.0000 145050.0000 -0.3469 -0.5415 0.1434 0.9775 32.6464 0.1815 0.6308 0.3234 -0.0523 -0.0502 0.3393 0.5678 0.9337 0.8091
1494806400.0000 145350.0000 -0.3602 -1.2040 -0.3224 1.3556 16.6552 0.1725 0.5021 0.3206 0.0564 0.0430 0.2414 0.4976 0.4439 0.3773
1494806400.0000 145650.0000 -0.5964 -0.7500 -0.4660 1.2714 38.4917 0.4963 0.4363 0.3190 -0.0650 0.0945 0.1040 0.6258 0.6062 0.5819
1494806400.0000 145950.0000 -0.1970 -0.3409 -0.1819 0.9534 30.0287 0.4693 0.6930 0.1268 -0.3633 0.0134 0.0369 0.6446 1.5114 1.5810
1494806400.0000 146250.0000 -0.1737 -1.4259 -0.5372 1.5009 6.9435 0.1921 0.2864 0.1864 0.0086 0.0036 0.0434 0.3324 0.3070 0.2780
1494806400.0000 146550.0000 0.4327 -0.3876 0.0444 0.8620 311.8540 0.4012 0.1144 0.1069 -0.0419 -0.0031 -0.0105 0.3113 0.7819 0.7137
1494806400.0000 146850.0000 1.0822 -0.0402 0.2262 1.1295 272.1298 0.3204 0.0738 0.1595 0.0038 0.1207 0.0140 0.2769 0.3883 0.3347
1494806400.0000 147150.0000 0.1196 -0.3469 -0.1945 0.5849 340.9785 0.1717 0.1365 0.1061 -0.0320 0.0703 -0.0228 0.2072 0.8949 0.8734
1494806400.0000 147450.0000 -0.5086 -1.3494 -0.7634 1.5470 20.6500 0.2909 0.3008 0.1676 0.0656 0.0473 0.0654 0.3797 0.3083 0.3080
1494806400.0000 147750.0000 -0.1640 -1.5834 -0.1009 2.0032 5.9127 1.2051 1.3857 0.5711 0.3827 0.5301 0.2718 1.5809 0.6436 0.5838
1494806400.0000 148050.0000 0.5767 0.1916 0.2189 0.8485 251.6222 0.3710 0.1667 0.2129 -0.0794 -0.1265 0.0385 0.3753 0.7745 0.6967
1494806400.0000 148350.0000 -0.1907 -1.1596 -0.3794 1.3176 9.3374 0.2279 0.4718 0.3449 -0.0132 0.0144 0.2598 0.5223 0.4778 0.4109
1494806400.0000 148650.0000 0.2336 -1.3547 -0.2026 1.5167 350.2172 0.3355 0.3722 0.1685 0.1285 -0.0246 0.0467 0.4381 0.3889 0.3533
1494806400.0000 148950.0000 0.0548 -0.8979 -0.0875 1.0963 356.5055 0.3483 0.2731 0.2430 -0.0697 -0.0406 0.1350 0.4322 0.5939 0.5059
1494806400.0000 149250.0000 -0.0586 -1.4050 -0.4068 1.5467 2.3888 0.2936 0.4147 0.2058 -0.0051 -0.0453 0.1516 0.4570 0.3771 0.3455
1494806400.0000 149550.0000 0.2342 -1.1715 -0.2171 1.3728 348.6953 0.3060 0.5088 0.2972 -0.0282 -0.0158 0.2628 0.5560 0.5014 0.4362
1494806400.0000 149850.0000 -0.0795 -1.3910 -0.4420 1.4549 3.2694 0.1719 0.1713 0.1988 -0.0202 -0.0003 0.0882 0.2710 0.2908 0.2428
1494806400.0000 150150.0000 0.1304 -1.3656 -0.2341 1.4327 354.5469 0.1630 0.2379 0.1333 -0.0317 0.0017 0.0935 0.2671 0.3033 0.2665
1494806400.0000 150450.0000 0.2097 -1.6488 -0.3762 1.6999 352.7534 0.1200 0.1036 0.1203 -0.0047 0.0127 0.0464 0.1719 0.1987 0.1643
1494806400.0000 150750.0000 0.2656 -1.7022 -0.3884 1.7531 351.1324 0.0933 0.2268 0.1079 0.0282 0.0056 0.1011 0.2140 0.2139 0.1896
1494806400.0000 151050.0000 0.1801 -1.2926 -0.2747 1.3575 352.0700 0.1168 0.2075 0.1198 0.0330 0.0230 0.0848 0.2220 0.2885 0.2519
