1494720000.0000 150.0000 1.8034 1.4576 0.0093 2.3529 231.0522 0.0847 0.0959 0.0099 -0.0692 -0.0048 0.0110 0.0952 0.1086 0.1058
1494720000.0000 450.0000 2.1526 1.1407 0.0119 2.4702 242.0804 0.1850 0.0625 0.0114 -0.0754 -0.0028 0.0035 0.1294 0.1206 0.1179
1494720000.0000 750.0000 2.1453 1.3240 0.0667 2.5342 238.3186 0.0561 0.0532 0.0153 -0.0143 -0.0094 0.0000 0.0623 0.0808 0.0757
1494720000.0000 1050.0000 1.7146 1.9106 0.0609 2.5735 221.9047 0.0296 0.0203 0.0073 -0.0070 -0.0059 0.0016 0.0286 0.0538 0.0503
1494720000.0000 1350.0000 1.8534 1.7452 0.1136 2.5523 226.7219 0.0353 0.0412 0.0129 0.0057 0.0014 0.0038 0.0447 0.0677 0.0627
1494720000.0000 1650.0000 1.6391 1.7004 0.1418 2.3646 223.9483 0.0765 0.0605 0.0088 0.0557 -0.0040 -0.0026 0.0729 0.0932 0.0905
1494720000.0000 1950.0000 1.4706 2.0430 0.1764 2.5215 215.7474 0.0347 0.1081 0.0125 0.0423 0.0082 0.0077 0.0777 0.0902 0.0867
1494720000.0000 2250.0000 1.1669 2.0144 0.1240 2.3493 210.0824 0.1137 0.0253 0.0129 -0.0054 0.0049 -0.0059 0.0760 0.0965 0.0925
1494720000.0000 2550.0000 0.4931 2.3982 -0.0447 2.4521 191.6193 0.0231 0.0837 0.0117 0.0195 -0.0042 -0.0158 0.0593 0.0812 0.0771
1494720000.0000 2850.0000 0.7038 3.0061 -0.0754 3.0920 193.1770 0.0241 0.0350 0.0048 -0.0086 0.0005 0.0021 0.0319 0.0473 0.0455
1494720000.0000 3150.0000 0.7909 3.2948 -0.0142 3.3973 193.4976 0.0503 0.0656 0.0090 -0.0161 0.0011 -0.0011 0.0625 0.0602 0.0580
1494720000.0000 3450.0000 0.8732 3.3465 -0.0108 3.4606 194.6247 0.0147 0.0317 0.0047 0.0030 0.0007 -0.0007 0.0255 0.0377 0.0360
1494720000.0000 3750.0000 0.8813 3.2494 0.0424 3.3745 195.1754 0.0705 0.0401 0.0089 0.0318 0.0050 -0.0001 0.0598 0.0593 0.0570
1494720000.0000 4050.0000 0.5040 3.2802 0.0213 3.3222 188.7354 0.0196 0.0413 0.0058 -0.0108 -0.0025 0.0007 0.0333 0.0449 0.0429
1494720000.0000 4350.0000 0.3915 3.5525 0.0401 3.5757 186.2890 0.0113 0.0119 0.0065 -0.0008 -0.0018 -0.0002 0.0149 0.0279 0.0246
1494720000.0000 4650.0000 0.4883 3.3790 0.0367 3.4225 188.2225 0.0583 0.0420 0.0241 -0.0021 -0.0034 0.0030 0.0622 0.0596 0.0536
1494720000.0000 4950.0000 0.7137 3.1397 0.0349 3.2279 192.8063 0.0522 0.0294 0.0242 -0.0036 -0.0081 -0.0064 0.0529 0.0583 0.0512
1494720000.0000 5250.0000 0.8120 2.9287 0.1261 3.0534 195.4957 0.0946 0.0394 0.0257 0.0055 0.0019 -0.0042 0.0799 0.0759 0.0695
1494720000.0000 5550.0000 0.9836 2.7152 0.1128 2.8961 199.9129 0.0485 0.0519 0.0163 0.0019 -0.0047 -0.0058 0.0584 0.0683 0.0634
1494720000.0000 5850.0000 1.2505 2.8922 0.1111 3.1567 203.3821 0.0346 0.0670 0.0104 0.0051 -0.0032 -0.0018 0.0560 0.0613 0.0584
1494720000.0000 6150.0000 0.9232 3.2870 0.1344 3.4255 195.6885 0.0822 0.0552 0.0198 0.0103 0.0003 -0.0023 0.0786 0.0670 0.0627
1494720000.0000 6450.0000 1.1284 3.1016 0.1884 3.3156 199.9923 0.1157 0.0770 0.0378 0.0188 0.0044 0.0009 0.1153 0.0838 0.0768
1494720000.0000 6750.0000 1.2026 2.7654 0.2156 3.0318 203.5036 0.0987 0.2295 0.0496 0.0417 0.0152 -0.0258 0.1889 0.1174 0.1097
1494720000.0000 7050.0000 1.3102 3.0061 0.2476 3.3100 203.5497 0.2608 0.1749 0.0769 0.0678 0.0606 0.0089 0.2563 0.1257 0.1162
1494720000.0000 7350.0000 1.4027 2.8107 0.2559 3.1671 206.5215 0.1719 0.2927 0.0957 0.0539 0.0007 -0.0156 0.2801 0.1371 0.1253
1494720000.0000 7650.0000 1.2157 3.1188 0.2033 3.3734 201.2964 0.1920 0.2008 0.0717 0.0331 -0.0151 -0.0412 0.2323 0.1173 0.1081
1494720000.0000 7950.0000 0.9969 3.4239 0.1636 3.5848 196.2338 0.1304 0.0943 0.0485 -0.0048 0.0028 -0.0299 0.1366 0.0845 0.0767
1494720000.0000 8250.0000 1.1129 2.9686 0.1013 3.1837 200.5511 0.1009 0.1256 0.0314 0.0290 -0.0005 -0.0177 0.1289 0.0924 0.0867
1494720000.0000 8550.0000 1.3966 2.8105 0.2260 3.1487 206.4241 0.1106 0.1091 0.0303 0.0567 0.0038 -0.0030 0.1250 0.0917 0.0862
1494720000.0000 8850.0000 1.2189 3.0844 0.1958 3.3347 201.5637 0.1346 0.1064 0.0371 0.0184 0.0148 -0.0148 0.1391 0.0917 0.0855
1494720000.0000 9150.0000 0.6537 3.1178 0.0714 3.2037 191.8423 0.1149 0.0704 0.0353 -0.0093 -0.0099 -0.0104 0.1103 0.0851 0.0780
1494720000.0000 9450.0000 1.4305 3.3079 0.3145 3.6267 203.3854 0.1969 0.0813 0.0443 0.0268 0.0188 0.0061 0.1612 0.0906 0.0845
1494720000.0000 9750.0000 1.3481 3.3354 0.2311 3.6189 202.0076 0.1569 0.0924 0.0480 -0.0088 0.0234 -0.0218 0.1486 0.0873 0.0801
1494720000.0000 10050.0000 1.8174 2.8134 0.4279 3.3635 212.8610 0.1061 0.0806 0.0230 0.0065 0.0036 -0.0038 0.1048 0.0783 0.0745
1494720000.0000 10350.0000 1.7136 2.3046 0.4001 2.8784 216.6324 0.0463 0.0235 0.0126 0.0016 0.0035 -0.0010 0.0412 0.0572 0.0531
1494720000.0000 10650.0000 1.4616 2.5715 0.2938 2.9694 209.6128 0.0884 0.0510 0.0292 0.0150 0.0139 -0.0046 0.0843 0.0798 0.0729
1494720000.0000 10950.0000 1.2767 2.4784 0.2281 2.7952 207.2548 0.0562 0.0290 0.0141 0.0126 0.0031 -0.0012 0.0497 0.0650 0.0604
1494720000.0000 11250.0000 1.3879 2.7608 0.1960 3.1085 206.6894 0.0948 0.0774 0.0464 -0.0308 0.0072 -0.0290 0.1093 0.0872 0.0775
1494720000.0000 11550.0000 0.7906 2.5792 0.1757 2.7110 197.0427 0.0816 0.1037 0.0519 0.0212 -0.0201 -0.0154 0.1186 0.1040 0.0921
1494720000.0000 11850.0000 0.5380 2.6203 0.1376 2.6893 191.6021 0.0837 0.0581 0.0213 0.0139 -0.0065 -0.0141 0.0815 0.0871 0.0813
1494720000.0000 12150.0000 0.4136 2.7717 0.1538 2.8129 188.4878 0.0613 0.0878 0.0248 0.0079 -0.0018 -0.0145 0.0869 0.0858 0.0796
1494720000.0000 12450.0000 0.2455 2.7031 0.1038 2.7313 185.1891 0.0930 0.0459 0.0358 0.0017 -0.0083 -0.0083 0.0874 0.0888 0.0793
1494720000.0000 12750.0000 0.5873 2.5165 0.1689 2.6154 193.1372 0.1353 0.1251 0.0266 -0.0555 0.0070 -0.0065 0.1435 0.1194 0.1140
1494720000.0000 13050.0000 0.6005 2.1702 0.1177 2.2666 195.4664 0.0629 0.0461 0.0137 -0.0120 -0.0062 -0.0051 0.0614 0.0897 0.0847
1494720000.0000 13350.0000 0.4272 2.4169 0.0884 2.4619 190.0245 0.0378 0.0407 0.0144 0.0022 -0.0033 -0.0049 0.0465 0.0717 0.0659
1494720000.0000 13650.0000 0.7192 2.6299 0.1242 2.7395 195.2939 0.0702 0.0466 0.0266 -0.0064 -0.0048 -0.0028 0.0717 0.0801 0.0724
1494720000.0000 13950.0000 0.8235 2.1578 0.2360 2.3326 200.8879 0.0939 0.0853 0.0462 -0.0143 0.0031 -0.0112 0.1127 0.1181 0.1058
1494720000.0000 14250.0000 0.9991 1.8332 0.1697 2.1273 208.5919 0.1516 0.1230 0.0501 -0.0147 -0.0112 -0.0023 0.1624 0.1571 0.1449
1494720000.0000 14550.0000 0.5575 2.2441 0.1295 2.3251 193.9523 0.0578 0.0397 0.0192 -0.0041 0.0072 -0.0034 0.0583 0.0852 0.0780
1494720000.0000 14850.0000 0.6907 2.6329 0.1392 2.7290 194.6989 0.0424 0.0363 0.0125 0.0081 0.0014 -0.0035 0.0456 0.0640 0.0595
1494720000.0000 15150.0000 0.8888 2.8268 0.1928 2.9792 197.4549 0.0777 0.0611 0.0157 -0.0315 -0.0050 0.0069 0.0772 0.0764 0.0726
1494720000.0000 15450.0000 1.3763 2.6967 0.2820 3.0630 207.0380 0.1704 0.1615 0.0370 -0.0518 0.0006 -0.0105 0.1845 0.1153 0.1099
1494720000.0000 15750.0000 1.1232 3.0995 0.2655 3.3211 199.9188 0.1611 0.0692 0.0411 -0.0201 0.0006 -0.0075 0.1357 0.0909 0.0840
1494720000.0000 16050.0000 1.5487 2.7534 0.3506 3.2093 209.3556 0.2456 0.2343 0.0770 -0.0622 0.0335 0.0065 0.2784 0.1355 0.1266
1494720000.0000 16350.0000 1.2707 1.7682 0.3802 2.2147 215.7030 0.1311 0.1631 0.0575 -0.0226 0.0123 -0.0173 0.1759 0.1549 0.1438
1494720000.0000 16650.0000 1.0900 1.8733 0.3434 2.2068 210.1920 0.1131 0.2528 0.0420 -0.0446 0.0257 0.0119 0.2040 0.1680 0.1611
1494720000.0000 16950.0000 0.3904 2.0678 0.1500 2.1568 190.6906 0.2101 0.2336 0.0555 -0.0060 -0.0182 0.0070 0.2496 0.1934 0.1828
1494720000.0000 17250.0000 0.4533 1.4077 0.2075 1.5544 197.8482 0.2421 0.2431 0.1058 0.0568 -0.0366 -0.0818 0.2955 0.2972 0.2719
1494720000.0000 17550.0000 -0.2586 1.8597 -0.1152 1.9332 172.0839 0.1965 0.0747 0.0556 0.0334 0.0157 -0.0059 0.1635 0.1755 0.1602
1494720000.0000 17850.0000 -0.6799 1.6907 -0.0403 1.8657 158.0943 0.1586 0.2241 0.0722 -0.0258 0.0178 -0.0360 0.2274 0.2136 0.1960
1494720000.0000 18150.0000 -0.5544 2.0077 -0.0897 2.1184 164.5639 0.1609 0.1377 0.0525 -0.0247 0.0171 -0.0318 0.1755 0.1641 0.1515
1494720000.0000 18450.0000 -0.0528 2.2065 0.0440 2.2383 178.6297 0.1252 0.2439 0.0843 -0.0303 0.0237 -0.0443 0.2267 0.1761 0.1589
1494720000.0000 18750.0000 0.0097 2.5375 0.1408 2.5553 180.2183 0.0796 0.1656 0.0579 -0.0244 0.0100 -0.0504 0.1515 0.1251 0.1127
1494720000.0000 19050.0000 0.2231 2.2398 0.1034 2.2646 185.6890 0.0519 0.0766 0.0318 -0.0160 0.0081 -0.0134 0.0802 0.1026 0.0919
1494720000.0000 19350.0000 0.0397 2.3058 0.1744 2.3262 180.9853 0.0866 0.1166 0.0384 0.0028 -0.0075 -0.0219 0.1208 0.1227 0.1128
1494720000.0000 19650.0000 0.3697 1.9319 0.1181 1.9998 190.8339 0.1154 0.1764 0.0849 -0.0236 0.0312 -0.0394 0.1884 0.1798 0.1586
1494720000.0000 19950.0000 0.5136 1.8736 0.0672 1.9998 195.3302 0.1893 0.2093 0.0627 -0.0561 0.0209 -0.0027 0.2306 0.2017 0.1876
1494720000.0000 20250.0000 0.8057 0.7766 0.1804 1.1563 226.0524 0.1150 0.0500 0.0348 0.0002 0.0239 -0.0132 0.0999 0.2276 0.2095
1494720000.0000 20550.0000 -0.2056 1.2342 0.0086 1.3403 170.5436 0.2168 0.2444 0.0838 -0.0686 0.0323 -0.0678 0.2725 0.3406 0.3134
1494720000.0000 20850.0000 0.0803 1.2385 0.1336 1.3086 183.7100 0.1666 0.0967 0.0529 0.0374 0.0118 -0.0254 0.1581 0.2601 0.2387
1494720000.0000 21150.0000 -0.3557 1.0543 0.0603 1.1784 161.3583 0.1025 0.1636 0.0620 0.0428 0.0102 -0.0621 0.1640 0.2967 0.2677
1494720000.0000 21450.0000 -0.2649 0.5718 0.2673 0.6711 155.1424 0.0689 0.1186 0.0518 -0.0278 0.0280 -0.0353 0.1196 0.4125 0.3967
1494720000.0000 21750.0000 -0.2082 0.9631 0.0762 1.0323 167.8010 0.0749 0.1920 0.0748 -0.0401 0.0325 -0.0630 0.1708 0.3415 0.3027
1494720000.0000 22050.0000 -0.4419 0.7919 0.1280 1.0133 150.8381 0.1905 0.1692 0.0532 0.0086 0.0034 -0.0369 0.2065 0.4051 0.3818
1494720000.0000 22350.0000 -0.7156 1.4865 0.0237 1.6913 154.2923 0.1431 0.3559 0.1181 -0.0782 0.0559 -0.1249 0.3086 0.2749 0.2472
1494720000.0000 22650.0000 -0.6520 1.7065 -0.0885 1.8504 159.0901 0.0920 0.1273 0.0662 -0.0156 0.0194 -0.0019 0.1428 0.1687 0.1480
1494720000.0000 22950.0000 -0.2901 1.9524 0.0041 2.0664 171.5487 0.3172 0.4152 0.0866 0.1851 0.0341 -0.0191 0.4095 0.2647 0.2503
1494720000.0000 23250.0000 -0.2742 1.0756 0.0760 1.1837 165.6985 0.1681 0.4087 0.0905 -0.0726 0.0254 -0.0579 0.3337 0.4239 0.3950
1494720000.0000 23550.0000 0.1441 1.8768 0.1480 1.9196 184.3903 0.1209 0.2753 0.0655 -0.0111 0.0297 -0.0496 0.2308 0.2078 0.1931
1494720000.0000 23850.0000 0.3731 1.8728 0.0846 1.9483 191.2663 0.1546 0.4141 0.0973 0.0743 0.0588 -0.0657 0.3330 0.2465 0.2280
1494720000.0000 24150.0000 0.0686 2.3428 0.1389 2.4009 181.6783 0.2723 0.3446 0.0849 -0.0073 0.0282 -0.0874 0.3509 0.2060 0.1935
1494720000.0000 24450.0000 -0.1212 2.0722 0.0116 2.1253 176.6539 0.2044 0.1386 0.0976 0.0031 0.0719 -0.0319 0.2203 0.1846 0.1629
1494720000.0000 24750.0000 -0.3260 1.8988 0.0249 1.9730 170.2588 0.1798 0.2826 0.1413 -0.0553 0.0863 -0.1049 0.3019 0.2328 0.2038
1494720000.0000 25050.0000 -0.7985 1.9596 -0.1570 2.1431 157.8304 0.1015 0.1371 0.0633 0.0023 0.0271 -0.0300 0.1509 0.1495 0.1333
1494720000.0000 25350.0000 -0.7996 1.5869 0.0864 1.8200 153.2573 0.1196 0.3815 0.1191 -0.0362 0.0384 -0.1119 0.3101 0.2556 0.2300
1494720000.0000 25650.0000 -0.2696 1.6440 0.0439 1.7847 170.6876 0.4107 0.2111 0.0990 -0.0521 0.1122 -0.0410 0.3604 0.2941 0.2733
1494720000.0000 25950.0000 0.6054 2.0151 0.1968 2.1323 196.7204 0.1105 0.1132 0.0623 -0.0198 0.0346 -0.0112 0.1430 0.1461 0.1298
1494720000.0000 26250.0000 0.2520 2.0120 0.0718 2.1035 187.1391 0.2682 0.1934 0.1367 -0.0524 0.0631 -0.0699 0.2992 0.2201 0.1935
1494720000.0000 26550.0000 -0.6492 1.9943 -0.0168 2.1550 161.9673 0.2054 0.4016 0.1237 -0.0072 0.0611 -0.0964 0.3654 0.2353 0.2145
1494720000.0000 26850.0000 -0.8065 1.9484 -0.0229 2.1671 157.5139 0.1973 0.3990 0.1271 0.0338 0.0316 -0.0734 0.3617 0.2329 0.2114
1494720000.0000 27150.0000 -0.4782 1.9911 0.0135 2.1082 166.4962 0.2639 0.5423 0.1169 -0.1183 0.0436 -0.1402 0.4615 0.2709 0.2531
1494720000.0000 27450.0000 -0.6414 1.7902 -0.0620 1.9629 160.2871 0.2197 0.1768 0.0656 0.0479 0.0174 -0.0174 0.2311 0.2063 0.1912
1494720000.0000 27750.0000 -0.7445 1.1433 0.1582 1.4255 146.9270 0.2015 0.2965 0.2088 -0.0835 0.0698 -0.1825 0.3534 0.3534 0.2986
1494720000.0000 28050.0000 -1.1740 0.5076 0.3268 1.3459 113.3806 0.2165 0.1555 0.0628 0.0179 0.0005 -0.0514 0.2174 0.2884 0.2753
1494720000.0000 28350.0000 -1.6768 0.5950 0.2389 1.8189 109.5362 0.2406 0.1224 0.1195 -0.0318 -0.0740 -0.0200 0.2413 0.2234 0.1955
1494720000.0000 28650.0000 -0.0040 0.5907 0.4998 0.8038 179.6120 0.2969 0.1810 0.0745 0.0884 -0.0330 -0.0543 0.2762 0.5545 0.6756
1494720000.0000 28950.0000 0.3238 0.6386 0.4860 0.8663 206.8843 0.2963 0.1158 0.0650 0.0915 0.0248 -0.0094 0.2385 0.4608 0.5176
1494720000.0000 29250.0000 0.1142 1.1533 0.3028 1.2699 185.6543 0.2603 0.2072 0.0939 0.0744 0.0311 -0.0192 0.2807 0.3611 0.3406
1494720000.0000 29550.0000 -0.2437 0.5622 0.5316 0.7592 156.5648 0.1747 0.1552 0.1161 0.0216 0.0171 -0.0610 0.2230 0.4753 0.5412
1494720000.0000 29850.0000 0.3900 1.5515 0.4436 1.6589 194.1114 0.1622 0.1847 0.0767 -0.0177 0.0328 -0.0434 0.2118 0.2263 0.2126
1494720000.0000 30150.0000 -0.0517 1.5634 0.3124 1.6427 178.1049 0.2333 0.3000 0.1059 -0.0574 0.0808 -0.1028 0.3196 0.2894 0.2695
1494720000.0000 30450.0000 0.1045 1.4424 0.4207 1.5047 184.1456 0.1661 0.3341 0.0886 0.0059 0.0153 -0.0672 0.2944 0.2941 0.2823
1494720000.0000 30750.0000 -0.1937 2.0975 0.2705 2.1521 174.7242 0.1707 0.2344 0.1478 -0.0213 0.0578 -0.0713 0.2764 0.2021 0.1745
1494720000.0000 31050.0000 -0.9391 1.3085 0.1174 1.7190 144.3329 0.2005 0.4646 0.2288 0.0565 0.0475 -0.1354 0.4469 0.3380 0.2923
1494720000.0000 31350.0000 -0.3798 0.5886 0.5627 0.9881 147.1661 0.6193 0.2460 0.1394 -0.0368 0.1245 -0.0215 0.5024 0.6441 0.7667
1494720000.0000 31650.0000 1.3169 0.9832 0.5044 1.7997 233.2561 0.2419 0.6143 0.1165 -0.0683 0.0203 -0.0994 0.4863 0.3312 0.3251
1494720000.0000 31950.0000 1.1140 1.3833 0.3767 1.8384 218.8447 0.2029 0.2662 0.1155 0.0002 0.0296 -0.0623 0.2923 0.2432 0.2227
1494720000.0000 32250.0000 0.2472 1.3850 0.0792 1.4588 190.1190 0.1469 0.1249 0.0624 -0.0010 0.0376 -0.0232 0.1671 0.2368 0.2139
1494720000.0000 32550.0000 0.2200 1.1656 0.0069 1.3353 190.6884 0.3828 0.3176 0.2204 0.1805 0.1037 -0.0193 0.4603 0.4670 0.4073
1494720000.0000 32850.0000 1.1139 1.2275 0.1754 1.7274 222.2216 0.2960 0.0724 0.0910 -0.0501 0.0230 -0.0163 0.2297 0.2348 0.2114
1494720000.0000 33150.0000 1.2121 1.8929 0.2140 2.3482 212.6324 0.3118 0.2361 0.1089 -0.1775 0.0705 -0.0326 0.3284 0.2072 0.1901
1494720000.0000 33450.0000 1.3965 1.6665 0.2235 2.2090 219.9619 0.1581 0.0949 0.1694 -0.0144 0.0310 0.0247 0.2111 0.1716 0.1335
1494720000.0000 33750.0000 1.0927 0.6496 -0.1643 1.3302 239.2666 0.2525 0.2198 0.2130 0.1334 0.1442 0.0854 0.3426 0.3729 0.3121
1494720000.0000 34050.0000 1.2665 0.9821 0.2359 1.6599 232.2081 0.1538 0.2548 0.1889 0.0258 0.0131 -0.0777 0.2987 0.2755 0.2303
1494720000.0000 34350.0000 0.3228 0.5568 0.1985 0.7546 210.0995 0.1552 0.1862 0.1043 0.0226 0.0284 -0.0088 0.2228 0.5723 0.5241
1494720000.0000 34650.0000 0.2431 0.7140 -0.0134 0.8571 198.8058 0.1551 0.0701 0.1462 0.0024 -0.0031 0.0122 0.1857 0.4664 0.3632
1494720000.0000 34950.0000 -0.3130 0.7099 0.1456 0.8786 156.2077 0.1686 0.1872 0.2163 -0.0386 0.0377 -0.0573 0.2861 0.5532 0.4439
1494720000.0000 35250.0000 -0.9474 0.8983 -0.1030 1.3907 133.4745 0.3631 0.3094 0.2297 -0.1267 -0.0757 -0.0045 0.4511 0.4188 0.3627
1494720000.0000 35550.0000 0.0032 1.5419 0.1629 1.6692 180.1186 0.4046 0.2372 0.1833 -0.0309 0.0970 -0.1062 0.4125 0.3382 0.3000
1494720000.0000 35850.0000 0.0799 1.4520 0.2087 1.5414 183.1515 0.2178 0.4148 0.2472 -0.0325 0.0696 -0.1354 0.4399 0.3686 0.3158
1494720000.0000 36150.0000 0.1141 0.8634 0.2293 0.9689 187.5261 0.1413 0.2699 0.2719 -0.0648 0.0281 -0.1865 0.3416 0.5299 0.4251
1494720000.0000 36450.0000 0.6889 0.6721 0.5094 1.0785 225.7048 0.4480 0.3904 0.1359 0.2356 -0.0051 -0.0224 0.4872 0.5234 0.5493
1494720000.0000 36750.0000 0.0658 1.0812 0.1801 1.3359 183.4813 0.5816 0.4312 0.3750 0.2384 0.1825 0.0026 0.6939 0.6194 0.5364
1494720000.0000 37050.0000 -0.1157 0.1835 0.3914 0.6022 147.7806 0.2041 0.2350 0.2484 0.0373 0.1048 -0.0624 0.3437 1.0697 1.7635
1494720000.0000 37350.0000 0.9673 0.9136 0.1102 1.4380 226.6353 0.2159 0.4055 0.3205 0.1269 0.1485 0.0290 0.4709 0.4197 0.3420
1494720000.0000 37650.0000 0.3020 0.6838 0.0133 0.8872 203.8261 0.2387 0.1295 0.2778 -0.0066 -0.0974 0.0493 0.3230 0.6207 0.4687
1494720000.0000 37950.0000 0.0710 1.3690 0.0861 1.4192 182.9702 0.1297 0.1036 0.1231 -0.0137 0.0006 -0.0399 0.1782 0.2510 0.2034
1494720000.0000 38250.0000 -0.1430 1.3504 -0.1819 1.3976 173.9531 0.1015 0.0805 0.0688 -0.0168 0.0559 -0.0216 0.1254 0.2110 0.1814
1494720000.0000 38550.0000 -0.0684 0.6282 0.2530 0.7143 173.7828 0.0884 0.1857 0.0867 0.0246 0.0054 -0.0661 0.1804 0.5096 0.4784
1494720000.0000 38850.0000 -1.2661 0.5322 0.4450 1.4588 112.8000 0.8185 0.1421 0.1726 -0.0805 -0.0704 -0.0565 0.5666 0.4257 0.4120
1494720000.0000 39150.0000 -2.5196 0.8887 0.2315 2.7136 109.4279 0.3101 0.2478 0.1809 -0.0620 -0.0231 -0.0749 0.3695 0.1851 0.1614
1494720000.0000 39450.0000 -1.8648 0.7189 0.6616 2.0875 111.0831 0.6808 0.3427 0.3045 -0.1103 0.0111 -0.0905 0.6639 0.3160 0.2922
1494720000.0000 39750.0000 -1.1525 0.5788 0.8050 1.5428 116.6648 0.8184 0.4193 0.2520 0.0579 0.1769 -0.1103 0.7448 0.4635 0.4980
1494720000.0000 40050.0000 -1.8913 0.8909 0.3005 2.2242 115.2225 0.9213 0.4928 0.4242 -0.0245 0.0012 -0.2445 0.9191 0.3706 0.3284
1494720000.0000 40350.0000 -0.1754 1.3753 0.5823 1.8306 172.7316 0.8376 1.8662 0.4799 -0.0865 0.1107 -0.3560 1.5918 0.6850 0.6847
1494720000.0000 40650.0000 -0.4174 0.4762 0.5743 0.9125 138.7677 0.1704 0.6586 0.3147 -0.0565 0.0511 -0.2931 0.5718 0.7223 0.8302
1494720000.0000 40950.0000 -0.1705 0.6872 0.7819 0.9170 166.0697 0.3760 0.2252 0.1751 0.0116 0.0710 -0.0676 0.3881 0.4822 0.6322
1494720000.0000 41250.0000 -0.5064 0.1754 0.7248 0.6836 109.1075 0.1773 0.1212 0.0764 0.0328 0.0307 -0.0008 0.1874 0.3922 0.5886
1494720000.0000 41550.0000 0.4822 0.7399 0.6454 1.0271 213.0938 0.2657 0.4184 0.1191 0.1604 -0.0530 -0.1158 0.4016 0.4730 0.5407
1494720000.0000 41850.0000 -0.5351 0.8158 0.4537 1.3984 146.7388 0.6534 0.8486 0.2820 0.1533 0.1243 -0.1260 0.8920 0.7167 0.7252
1494720000.0000 42150.0000 0.6840 2.0897 0.5985 2.3700 198.1254 0.4423 1.8317 0.1352 0.5264 -0.0072 -0.1741 1.2046 0.3932 0.3960
1494720000.0000 42450.0000 0.7887 1.6359 0.6086 1.9595 205.7388 0.4616 0.5544 0.2962 0.1941 0.1087 -0.0555 0.6561 0.3453 0.3204
1494720000.0000 42750.0000 0.0342 1.2503 0.4950 1.6795 181.5672 0.6955 1.1536 0.1737 0.5345 -0.0207 -0.1404 1.0114 0.6104 0.6277
1494720000.0000 43050.0000 0.5606 2.3936 0.5178 2.6110 193.1818 0.6633 0.5778 0.2445 -0.0650 0.0646 -0.1717 0.7428 0.2801 0.2616
1494720000.0000 43350.0000 -0.3250 2.4157 -0.1110 2.4728 172.3386 0.1602 0.2165 0.1497 -0.0054 0.0510 0.0040 0.2632 0.1717 0.1454
1494720000.0000 43650.0000 -0.2810 1.5628 0.0529 1.8146 169.8086 0.5503 0.5278 0.4316 0.2651 -0.0206 -0.1632 0.7549 0.4465 0.3775
1494720000.0000 43950.0000 -1.7076 1.0067 0.1558 2.1691 120.5205 0.5385 0.7119 0.6152 0.0115 0.0811 -0.3423 0.9328 0.3966 0.3257
1494720000.0000 44250.0000 -0.1395 2.6856 0.2706 2.9279 177.0266 1.2683 1.3572 0.4373 -0.1646 0.3333 -0.0790 1.5314 0.3738 0.3479
1494720000.0000 44550.0000 0.2624 2.6721 0.3084 2.9049 185.6083 1.0577 1.0027 0.2983 -0.5114 0.0853 -0.1683 1.1793 0.3281 0.3087
1494720000.0000 44850.0000 0.0458 2.0119 0.0256 2.1248 181.3053 0.4462 0.3740 0.1857 -0.0486 0.0515 -0.0111 0.5029 0.2877 0.2598
1494720000.0000 45150.0000 -0.2999 1.3936 0.0774 1.5782 167.8548 0.3646 0.6157 0.3663 -0.0755 0.0009 -0.1905 0.6733 0.4693 0.4010
1494720000.0000 45450.0000 0.1583 2.4210 0.0050 2.6618 183.7418 1.1456 0.7192 0.2335 -0.4405 0.0291 -0.0941 1.0492 0.3447 0.3250
1494720000.0000 45750.0000 1.5025 1.2833 0.3779 2.0394 229.4995 0.2523 0.3247 0.1184 0.0333 0.0202 -0.0502 0.3477 0.2393 0.2219
1494720000.0000 46050.0000 1.8015 1.8544 0.5655 2.7087 224.1712 0.2435 1.3111 0.1449 0.1760 0.0438 0.1344 0.8498 0.2844 0.2784
1494720000.0000 46350.0000 1.6477 2.3347 0.2745 2.8842 215.2125 0.1403 0.5472 0.1963 0.1589 0.0964 0.1411 0.4419 0.1891 0.1675
1494720000.0000 46650.0000 1.0258 1.2030 0.4743 1.6941 220.4560 0.3575 0.2325 0.1764 -0.0668 0.0686 -0.0385 0.3832 0.3062 0.2805
1494720000.0000 46950.0000 1.9293 1.3306 0.3933 2.3939 235.4076 0.2979 0.3359 0.2829 0.1065 0.1433 0.0468 0.4584 0.2326 0.1961
1494720000.0000 47250.0000 1.2090 1.6853 0.0546 2.2542 215.6542 0.4734 0.6434 0.4263 -0.2851 0.1893 -0.3059 0.7715 0.3457 0.2942
1494720000.0000 47550.0000 1.3385 1.1578 0.3834 1.9654 229.1399 0.5510 0.5014 0.5732 -0.2425 -0.0761 0.0282 0.8128 0.4065 0.3347
1494720000.0000 47850.0000 -0.5760 0.9882 0.5538 1.5817 149.7621 1.2682 0.5878 0.6339 0.0762 -0.1853 -0.2121 1.2449 0.7168 0.6876
1494720000.0000 48150.0000 0.0710 2.2414 0.7134 2.5538 181.8136 1.1614 1.6478 0.5497 -0.4601 0.4298 -0.5766 1.6795 0.4496 0.4315
1494720000.0000 48450.0000 -0.1248 2.3690 -0.1970 2.4433 176.9856 0.2986 0.7917 0.2548 -0.1399 0.0678 -0.0378 0.6725 0.2813 0.2541
1494720000.0000 48750.0000 0.2534 2.6358 0.4121 2.8453 185.4920 0.9444 1.0413 0.4769 -0.0304 0.2133 -0.2274 1.2313 0.3381 0.3072
1494720000.0000 49050.0000 0.5953 2.8450 0.1938 3.0194 191.8183 0.6062 0.6338 0.4470 -0.0831 0.0586 -0.1136 0.8435 0.2574 0.2212
1494720000.0000 49350.0000 1.6242 3.3597 -0.0324 3.7676 205.8017 0.2753 0.4888 0.4576 0.0491 0.1372 0.0822 0.6108 0.1710 0.1352
1494720000.0000 49650.0000 1.5576 1.9654 -0.0884 2.5729 218.3968 0.3645 0.6509 0.3528 0.1846 0.1834 -0.0189 0.6841 0.2691 0.2320
1494720000.0000 49950.0000 2.3654 2.0472 0.9444 3.2361 229.1236 0.6543 0.5068 0.2049 -0.0909 0.0746 -0.0614 0.6830 0.2065 0.1989
1494720000.0000 50250.0000 2.5667 1.3823 0.7122 2.9672 241.6951 0.4392 0.2502 0.1764 0.0273 0.0041 0.0048 0.4329 0.1790 0.1644
1494720000.0000 50550.0000 2.4788 1.5064 0.7284 3.0512 238.7122 0.8785 0.8138 0.3065 -0.0797 0.1220 -0.1022 0.9993 0.2729 0.2589
1494720000.0000 50850.0000 1.1179 1.0434 0.5838 1.9453 226.9747 0.5200 1.3222 0.3158 -0.4603 0.0735 -0.2319 1.0790 0.5182 0.5125
1494720000.0000 51150.0000 1.7251 0.7072 0.6649 1.9871 247.7100 0.3502 0.4587 0.1037 -0.0444 -0.0209 -0.0655 0.4563 0.2786 0.2785
1494720000.0000 51450.0000 2.2189 0.7229 0.7878 2.4057 251.9540 0.5830 0.3018 0.1511 0.0584 -0.0832 -0.0242 0.5180 0.2386 0.2327
1494720000.0000 51750.0000 1.6313 0.6786 0.4022 1.9059 247.4139 0.4549 0.5224 0.2613 0.0406 -0.0410 -0.0296 0.6193 0.3546 0.3230
1494720000.0000 52050.0000 0.6644 0.8347 0.1465 1.3639 218.5188 0.7630 1.0730 0.4542 0.5049 0.4148 0.4355 1.1451 0.8113 0.7333
1494720000.0000 52350.0000 0.3061 2.4789 0.3472 2.6171 187.0399 0.4719 0.9028 0.2791 -0.1170 0.0434 -0.0872 0.8269 0.2944 0.2710
1494720000.0000 52650.0000 0.3221 2.4808 0.3953 2.6876 187.3988 0.9265 0.7050 0.3299 -0.0680 0.3102 -0.1519 0.9806 0.3193 0.2948
1494720000.0000 52950.0000 -0.1842 2.5709 0.2173 2.6840 175.9029 0.4514 0.5752 0.2523 0.1310 0.0129 -0.1062 0.6394 0.2524 0.2270
1494720000.0000 53250.0000 -0.1628 2.4012 -0.0687 2.5717 176.1208 0.7045 0.5557 0.2291 -0.1644 -0.0147 0.0520 0.7446 0.2926 0.2693
1494720000.0000 53550.0000 0.4783 2.5648 0.3441 2.7036 190.5633 0.4027 2.2495 0.3090 -0.0375 0.1166 -0.0523 1.4806 0.3775 0.3604
1494720000.0000 53850.0000 0.3903 2.4708 0.2178 2.5312 188.9768 0.1472 0.1570 0.0660 -0.0069 0.0482 -0.0196 0.1851 0.1399 0.1273
1494720000.0000 54150.0000 0.5772 2.3707 0.3558 2.5429 193.6831 0.5237 0.4343 0.1329 0.0587 0.0321 -0.0878 0.5454 0.2446 0.2316
1494720000.0000 54450.0000 1.6451 2.8942 0.7216 3.4200 209.6143 0.6616 0.4568 0.2082 0.0628 0.0976 -0.0531 0.6633 0.1952 0.1834
1494720000.0000 54750.0000 2.3498 2.8142 0.7583 3.7141 219.8611 0.3230 0.2724 0.1334 -0.0500 0.0219 0.0027 0.3645 0.1317 0.1215
1494720000.0000 55050.0000 2.2756 3.1747 0.5160 3.9335 215.6329 0.1733 0.2096 0.1150 -0.0242 -0.0067 -0.0136 0.2490 0.1034 0.0915
1494720000.0000 55350.0000 1.7243 3.0605 0.4122 3.5323 209.3976 0.0810 0.1629 0.1035 -0.0357 0.0030 -0.0085 0.1737 0.0962 0.0812
1494720000.0000 55650.0000 2.7256 1.9526 0.7110 3.4457 234.3827 0.4483 0.5823 0.1501 -0.1001 0.0231 -0.1155 0.5904 0.1830 0.1748
1494720000.0000 55950.0000 2.8912 1.2483 0.9846 3.2115 246.6470 0.5537 0.4660 0.1570 0.1281 -0.0439 0.0217 0.5884 0.1898 0.1851
1494720000.0000 56250.0000 3.3100 0.9896 0.9076 3.5231 253.3552 0.4635 0.5741 0.1631 0.1154 -0.0375 0.0814 0.6003 0.1771 0.1702
1494720000.0000 56550.0000 3.7433 2.5372 0.7945 4.5403 235.8710 0.1470 0.1950 0.1133 0.0239 0.0198 0.0289 0.2276 0.0848 0.0747
1494720000.0000 56850.0000 2.9037 1.8991 0.3682 3.5096 236.8139 0.2927 0.5532 0.0925 0.2077 0.0861 0.0585 0.4692 0.1603 0.1530
1494720000.0000 57150.0000 2.8373 1.8598 0.5085 3.4666 236.7558 0.2838 1.0956 0.2771 0.3159 0.1227 0.3481 0.8283 0.2166 0.1999
1494720000.0000 57450.0000 3.4068 1.7498 0.6185 3.8667 242.8140 0.5844 0.3779 0.2002 0.1724 0.0894 0.0754 0.5812 0.1605 0.1479
1494720000.0000 57750.0000 3.2586 1.3404 0.5562 3.5921 247.6400 0.7217 0.2500 0.1255 -0.1951 -0.0501 -0.0046 0.5486 0.1695 0.1615
1494720000.0000 58050.0000 4.3639 0.9779 0.8369 4.5194 257.3692 0.4972 0.4894 0.1642 0.1918 -0.0573 0.0174 0.5754 0.1361 0.1282
1494720000.0000 58350.0000 4.4966 1.5820 0.5492 4.8049 250.6171 0.3842 0.3181 0.2397 -0.0655 -0.0650 -0.0100 0.4710 0.1168 0.1015
1494720000.0000 58650.0000 3.7417 1.1286 0.5178 4.1377 253.2148 0.8244 1.4441 0.2657 -0.8168 0.1229 -0.1495 1.2671 0.2331 0.2225
1494720000.0000 58950.0000 4.3264 0.3378 0.5223 4.3907 265.5352 0.6270 0.3967 0.2154 -0.1023 0.0094 0.1080 0.6195 0.1470 0.1346
1494720000.0000 59250.0000 3.9286 0.0742 0.2659 3.9823 268.9179 0.5411 0.4065 0.3660 -0.0321 -0.0348 0.1119 0.6568 0.1680 0.1430
1494720000.0000 59550.0000 3.1178 1.3351 0.4960 3.5676 246.8178 0.5273 1.1946 0.4123 0.0104 0.1128 0.0408 1.0671 0.2461 0.2234
1494720000.0000 59850.0000 2.6082 1.0205 0.2849 2.9791 248.6300 1.5190 0.6762 0.3065 -0.1502 0.0315 -0.0586 1.2509 0.3244 0.3054
1494720000.0000 60150.0000 3.4209 0.3547 0.4222 3.5391 264.0801 0.6285 0.6200 0.2290 0.2252 -0.0283 -0.0168 0.7387 0.2025 0.1876
1494720000.0000 60450.0000 3.8340 2.3974 0.3755 4.5980 237.9829 0.4373 0.6871 0.2158 -0.1117 0.0706 0.0858 0.6701 0.1473 0.1354
1494720000.0000 60750.0000 3.6490 0.9003 0.2166 3.8189 256.1398 0.6277 0.3916 0.2177 0.0175 0.0120 0.1047 0.6185 0.1706 0.1551
1494720000.0000 61050.0000 3.0036 0.8302 0.3572 3.1794 254.5493 0.2839 0.3547 0.1034 -0.0626 -0.0095 -0.0437 0.3710 0.1586 0.1481
1494720000.0000 61350.0000 3.2282 1.3739 0.6600 3.5633 246.9462 0.3361 0.4004 0.1189 0.0055 0.0158 -0.0088 0.4277 0.1496 0.1412
1494720000.0000 61650.0000 3.4826 2.1469 0.6081 4.1238 238.3478 0.1878 0.2635 0.1740 -0.0259 0.0005 0.0995 0.3126 0.1104 0.0948
1494720000.0000 61950.0000 3.0010 2.4003 0.8835 3.8958 231.3463 0.4400 0.4331 0.2792 0.0461 -0.0923 0.0511 0.5761 0.1572 0.1404
1494720000.0000 62250.0000 3.4370 1.6989 0.6914 3.9118 243.6974 0.3869 0.5856 0.2185 -0.0997 -0.0233 0.0823 0.5955 0.1617 0.1485
1494720000.0000 62550.0000 3.1414 1.7905 0.9595 3.6853 240.3178 0.4812 0.5557 0.3907 0.0560 0.0622 -0.0013 0.7138 0.1844 0.1626
1494720000.0000 62850.0000 2.3415 4.1026 0.7516 4.7648 209.7146 0.5201 0.3663 0.1314 0.1365 0.0751 -0.0495 0.5089 0.1218 0.1151
1494720000.0000 63150.0000 2.7634 2.7622 0.8115 3.9952 225.0130 0.5312 0.4397 0.2083 -0.2119 0.0497 -0.0503 0.5896 0.1571 0.1456
1494720000.0000 63450.0000 2.0753 2.2815 0.3211 3.1234 222.2903 0.2669 0.3244 0.1848 0.0620 0.0036 0.1034 0.3881 0.1640 0.1439
1494720000.0000 63750.0000 1.3289 1.8849 0.5183 2.3887 215.1857 0.3333 0.2579 0.1597 -0.0732 -0.0672 0.0185 0.3754 0.2116 0.1925
1494720000.0000 64050.0000 1.9758 1.4958 0.4904 2.5159 232.8726 0.2367 0.1950 0.1914 0.0261 0.0571 -0.0177 0.3116 0.1804 0.1531
1494720000.0000 64350.0000 2.6297 1.7029 0.9909 3.2004 237.0740 0.3380 0.5019 0.1379 0.0729 -0.0259 -0.0289 0.4890 0.1738 0.1689
1494720000.0000 64650.0000 2.4352 1.3178 0.9217 2.9325 241.5808 0.6533 0.8686 0.1369 -0.2377 -0.0383 -0.0433 0.8294 0.2548 0.2572
1494720000.0000 64950.0000 2.7963 1.6339 0.4824 3.2626 239.7011 0.1770 0.1381 0.1625 -0.0030 0.0347 0.0041 0.2388 0.1219 0.1001
1494720000.0000 65250.0000 2.2471 1.8814 0.7442 2.9499 230.0625 0.1403 0.1395 0.0702 0.0349 0.0049 -0.0172 0.1750 0.1130 0.1042
1494720000.0000 65550.0000 2.4925 1.9038 0.5771 3.1533 232.6264 0.1212 0.1294 0.0931 0.0230 0.0027 0.0117 0.1718 0.1061 0.0921
1494720000.0000 65850.0000 2.6956 1.9435 0.6008 3.3358 234.2083 0.1147 0.1090 0.0481 0.0292 0.0253 -0.0010 0.1359 0.0891 0.0822
1494720000.0000 66150.0000 2.7187 1.9262 0.6021 3.3430 234.6825 0.1093 0.0620 0.0557 0.0072 0.0001 0.0009 0.1135 0.0812 0.0717
1494720000.0000 66450.0000 2.5949 1.1782 0.5309 2.8755 245.5800 0.1362 0.1539 0.0830 0.0086 -0.0330 -0.0347 0.1866 0.1217 0.1091
1494720000.0000 66750.0000 2.8622 1.4250 0.4615 3.2142 243.5336 0.1380 0.0957 0.0755 -0.0025 0.0116 -0.0087 0.1546 0.0994 0.0873
1494720000.0000 67050.0000 3.2144 1.5900 0.5258 3.5956 243.6814 0.1407 0.0739 0.1190 0.0280 -0.0115 -0.0025 0.1668 0.0920 0.0746
1494720000.0000 67350.0000 3.3712 1.4655 0.6109 3.7023 246.5045 0.1348 0.1790 0.0518 -0.0220 -0.0175 -0.0036 0.1828 0.0937 0.0880
1494720000.0000 67650.0000 3.4162 0.7565 0.4677 3.5221 257.5136 0.1389 0.1497 0.0392 -0.0274 -0.0141 0.0096 0.1639 0.0937 0.0887
1494720000.0000 67950.0000 3.1868 0.6702 0.2573 3.2641 258.1241 0.1507 0.0300 0.0173 -0.0415 0.0103 -0.0057 0.0990 0.0786 0.0754
1494720000.0000 68250.0000 3.2530 0.5330 0.3702 3.3020 260.6943 0.0785 0.0420 0.0307 0.0169 0.0199 0.0049 0.0756 0.0677 0.0608
1494720000.0000 68550.0000 3.0794 0.9878 0.2560 3.2611 252.2151 0.1674 0.1097 0.0345 -0.1075 0.0285 -0.0216 0.1558 0.0994 0.0940
1494720000.0000 68850.0000 2.4374 1.0279 0.3609 2.6592 247.1340 0.0910 0.1096 0.0230 0.0470 -0.0078 -0.0062 0.1118 0.1022 0.0977
1494720000.0000 69150.0000 2.0731 0.6588 0.2260 2.1790 252.3697 0.0240 0.0182 0.0091 0.0045 0.0002 0.0002 0.0257 0.0598 0.0545
1494720000.0000 69450.0000 2.5126 0.6459 0.1880 2.5979 255.5831 0.0349 0.0257 0.0074 0.0139 0.0040 -0.0008 0.0340 0.0579 0.0548
1494720000.0000 69750.0000 2.9670 0.5146 0.2575 3.0132 260.1599 0.0320 0.0083 0.0041 -0.0056 -0.0034 0.0005 0.0222 0.0403 0.0385
1494720000.0000 70050.0000 3.1994 -0.2359 0.1893 3.2522 274.2164 0.0181 0.2935 0.0119 -0.0231 -0.0003 0.0337 0.1618 0.1022 0.1005
1494720000.0000 70350.0000 3.4035 -1.5207 -0.0012 3.7345 294.0760 0.0702 0.0702 0.0258 -0.0293 -0.0150 0.0188 0.0831 0.0631 0.0580
1494720000.0000 70650.0000 3.9772 -1.4252 0.0126 4.2296 289.7143 0.0584 0.0490 0.0211 -0.0180 -0.0064 0.0110 0.0643 0.0490 0.0448
1494720000.0000 70950.0000 3.9622 -1.1994 0.0535 4.1462 286.8422 0.0552 0.0538 0.0308 -0.0023 -0.0015 0.0171 0.0699 0.0521 0.0460
1494720000.0000 71250.0000 4.1695 -1.1489 0.0672 4.3296 285.4055 0.0766 0.0427 0.0285 -0.0133 -0.0089 0.0104 0.0739 0.0513 0.0461
1494720000.0000 71550.0000 4.1486 -1.3593 0.0729 4.3730 288.1416 0.0889 0.0489 0.0257 0.0202 -0.0025 0.0043 0.0818 0.0535 0.0491
1494720000.0000 71850.0000 3.6212 -1.8225 0.0130 4.0752 296.7155 0.1364 0.0992 0.0194 0.0786 0.0031 0.0137 0.1275 0.0719 0.0691
1494720000.0000 72150.0000 3.3961 -1.7857 0.0656 3.8526 297.7353 0.1219 0.1623 0.0399 -0.0482 -0.0183 0.0223 0.1620 0.0856 0.0802
1494720000.0000 72450.0000 2.9097 -1.6383 0.0547 3.3571 299.3816 0.1516 0.0832 0.0505 0.0196 -0.0058 0.0171 0.1426 0.0923 0.0838
1494720000.0000 72750.0000 2.8501 -1.6772 0.0583 3.3293 300.4752 0.3359 0.1196 0.0586 -0.0479 -0.0214 0.0199 0.2571 0.1252 0.1178
1494720000.0000 73050.0000 2.5576 -1.6851 0.1283 3.0842 303.3795 0.1408 0.1997 0.0630 -0.0588 -0.0291 0.0102 0.2018 0.1196 0.1100
1494720000.0000 73350.0000 2.3972 -1.9356 0.0880 3.1119 308.9188 0.3695 0.1173 0.0642 -0.0553 0.0033 0.0162 0.2755 0.1390 0.1307
1494720000.0000 73650.0000 2.7296 -2.0648 -0.0073 3.4358 307.1060 0.1737 0.0726 0.0532 -0.0224 -0.0009 0.0075 0.1498 0.0923 0.0837
1494720000.0000 73950.0000 2.0708 -2.0093 -0.0247 2.9318 314.1352 0.5078 0.1336 0.0967 -0.0743 -0.0125 0.0020 0.3691 0.1719 0.1603
1494720000.0000 74250.0000 2.7725 -2.0550 -0.0080 3.4596 306.5462 0.1743 0.0594 0.0364 -0.0493 -0.0250 0.0124 0.1350 0.0869 0.0809
1494720000.0000 74550.0000 2.8855 -2.0877 -0.0322 3.5624 305.8867 0.0253 0.0154 0.0045 -0.0137 -0.0018 0.0012 0.0226 0.0344 0.0327
1494720000.0000 74850.0000 2.4506 -1.8907 -0.0815 3.0965 307.6511 0.0071 0.0172 0.0039 -0.0060 -0.0019 0.0041 0.0141 0.0314 0.0291
1494720000.0000 75150.0000 2.0934 -1.8951 -0.0980 2.8325 312.1531 0.0635 0.0123 0.0050 0.0142 0.0026 0.0020 0.0404 0.0581 0.0563
1494720000.0000 75450.0000 1.7712 -1.6452 -0.1174 2.4285 312.8884 0.0246 0.0360 0.0026 0.0228 0.0019 0.0023 0.0315 0.0599 0.0588
1494720000.0000 75750.0000 2.5880 -1.2935 -0.0780 2.8967 296.5568 0.0385 0.0132 0.0041 0.0020 -0.0027 0.0012 0.0279 0.0471 0.0454
1494720000.0000 76050.0000 2.3831 -1.4314 -0.1111 2.7820 300.9910 0.0162 0.0172 0.0070 -0.0058 0.0015 0.0011 0.0202 0.0417 0.0380
1494720000.0000 76350.0000 2.5050 -1.1951 -0.0942 2.7795 295.5048 0.0080 0.0268 0.0032 -0.0004 -0.0003 0.0012 0.0190 0.0405 0.0388
1494720000.0000 76650.0000 2.1869 -1.5535 -0.0689 2.6890 305.3878 0.0640 0.0127 0.0047 0.0058 -0.0024 -0.0005 0.0407 0.0614 0.0596
1494720000.0000 76950.0000 1.6316 -1.6017 -0.0544 2.2903 314.4702 0.0201 0.0132 0.0052 0.0012 -0.0006 -0.0020 0.0192 0.0495 0.0461
1494720000.0000 77250.0000 1.5319 -1.3924 -0.0487 2.0777 312.2698 0.0086 0.0443 0.0069 0.0027 0.0006 0.0005 0.0299 0.0682 0.0642
1494720000.0000 77550.0000 1.3341 -1.0849 -0.0454 1.7231 309.1172 0.0131 0.0082 0.0024 0.0021 -0.0004 -0.0005 0.0118 0.0516 0.0489
1494720000.0000 77850.0000 1.0076 -1.1343 -0.0453 1.5221 318.3858 0.0277 0.0085 0.0041 -0.0042 -0.0021 -0.0012 0.0202 0.0764 0.0724
1494720000.0000 78150.0000 0.9148 -1.1309 0.0011 1.4605 321.0290 0.0104 0.0166 0.0046 0.0042 -0.0011 -0.0018 0.0158 0.0706 0.0653
1494720000.0000 78450.0000 1.3596 -0.7058 -0.0086 1.5403 297.4356 0.0358 0.0151 0.0050 0.0068 -0.0004 -0.0023 0.0279 0.0891 0.0850
1494720000.0000 78750.0000 1.7034 -0.6678 -0.0764 1.8322 291.4067 0.0095 0.0081 0.0039 0.0014 -0.0015 -0.0008 0.0107 0.0462 0.0419
1494720000.0000 79050.0000 1.8977 -0.6014 -0.0937 1.9929 287.5830 0.0044 0.0110 0.0010 -0.0025 0.0001 0.0010 0.0082 0.0371 0.0360
1494720000.0000 79350.0000 1.5078 -0.2935 -0.1442 1.5419 281.0161 0.0171 0.0202 0.0008 -0.0034 0.0014 0.0003 0.0191 0.0731 0.0726
1494720000.0000 79650.0000 1.4415 -0.5763 -0.1340 1.5551 291.7922 0.0034 0.0128 0.0008 -0.0053 -0.0005 0.0009 0.0085 0.0484 0.0474
1494720000.0000 79950.0000 1.5142 -0.2800 -0.1192 1.5422 280.4760 0.0128 0.0090 0.0015 -0.0051 0.0009 0.0006 0.0117 0.0571 0.0554
1494720000.0000 80250.0000 1.6741 -0.3963 -0.0844 1.7220 283.3170 0.0089 0.0064 0.0023 -0.0025 -0.0015 0.0008 0.0088 0.0444 0.0415
1494720000.0000 80550.0000 1.6226 -0.4313 -0.0519 1.6803 284.8858 0.0035 0.0040 0.0011 0.0007 -0.0007 -0.0001 0.0043 0.0320 0.0299
1494720000.0000 80850.0000 1.1354 -0.5605 -0.0455 1.2754 296.2742 0.0421 0.0064 0.0008 0.0128 -0.0007 0.0002 0.0246 0.1012 0.1004
1494720000.0000 81150.0000 0.5923 -0.5092 0.0076 0.7831 310.6858 0.0105 0.0054 0.0005 -0.0042 -0.0008 0.0002 0.0082 0.0945 0.0932
1494720000.0000 81450.0000 0.7178 -0.2030 0.0186 0.7537 285.7925 0.0282 0.0063 0.0019 0.0049 -0.0033 -0.0003 0.0182 0.1475 0.1437
1494720000.0000 81750.0000 0.6036 -0.2908 -0.0543 0.6740 295.7254 0.0305 0.0027 0.0027 -0.0027 0.0046 -0.0000 0.0180 0.1629 0.1571
1494720000.0000 82050.0000 0.6628 -0.3090 -0.0263 0.7381 294.9948 0.0315 0.0099 0.0031 -0.0033 -0.0034 -0.0006 0.0222 0.1663 0.1605
1494720000.0000 82350.0000 0.5380 -0.5654 -0.0021 0.8031 316.4232 0.0418 0.0123 0.0060 0.0070 -0.0014 -0.0032 0.0300 0.1813 0.1721
1494720000.0000 82650.0000 0.1134 -0.6866 -0.0557 0.7011 350.6221 0.0065 0.0077 0.0036 0.0015 -0.0024 -0.0018 0.0089 0.1103 0.0988
1494720000.0000 82950.0000 0.0518 -0.7865 -0.0424 0.7902 356.2322 0.0033 0.0025 0.0025 -0.0001 -0.0006 -0.0008 0.0042 0.0667 0.0560
1494720000.0000 83250.0000 0.0560 -0.6011 -0.0291 0.6056 354.6788 0.0022 0.0050 0.0018 0.0003 -0.0007 0.0000 0.0045 0.0903 0.0811
1494720000.0000 83550.0000 -0.1112 -0.3145 0.0195 0.3601 19.4645 0.0134 0.0106 0.0016 -0.0089 -0.0024 0.0015 0.0128 0.2766 0.2680
1494720000.0000 83850.0000 -0.3367 -0.2334 -0.0822 0.4173 55.2658 0.0109 0.0021 0.0032 -0.0013 -0.0043 0.0004 0.0081 0.1755 0.1602
1494720000.0000 84150.0000 0.0501 -0.2919 -0.0488 0.3438 350.2701 0.0294 0.0105 0.0052 0.0036 0.0041 0.0008 0.0225 0.4080 0.3891
1494720000.0000 84450.0000 0.7331 -0.2775 -0.0629 0.7891 290.7342 0.0437 0.0093 0.0042 -0.0099 -0.0038 0.0008 0.0286 0.1755 0.1695
1494720000.0000 84750.0000 0.9288 -0.4197 -0.0269 1.0324 294.3165 0.0187 0.0207 0.0060 0.0078 -0.0025 -0.0044 0.0227 0.1206 0.1124
1494720000.0000 85050.0000 0.5386 -0.7597 -0.0082 0.9671 324.6660 0.0641 0.0358 0.0277 0.0128 -0.0187 0.0011 0.0638 0.2214 0.1960
1494720000.0000 85350.0000 0.6361 -0.9433 -0.0964 1.1688 326.0090 0.0852 0.0258 0.0192 0.0036 -0.0216 -0.0026 0.0651 0.1825 0.1691
1494720000.0000 85650.0000 0.9747 -0.9050 -0.0472 1.3466 312.8787 0.0545 0.0392 0.0182 -0.0036 -0.0167 0.0063 0.0559 0.1451 0.1329
1494720000.0000 85950.0000 0.8154 -0.8536 -0.0326 1.1940 316.3138 0.0356 0.0230 0.0064 0.0031 -0.0050 0.0012 0.0325 0.1247 0.1184
1494720000.0000 86250.0000 0.0667 -0.7334 -0.0209 0.7614 354.8005 0.0387 0.0181 0.0106 -0.0063 -0.0092 0.0049 0.0337 0.2035 0.1869
1494806400.0000 86550.0000 0.2434 -0.8036 -0.0084 0.8788 343.1465 0.0613 0.0392 0.0187 0.0138 -0.0104 0.0022 0.0596 0.2375 0.2181
1494806400.0000 86850.0000 -0.1322 -0.6062 -0.0027 0.6560 12.3044 0.0426 0.0160 0.0093 -0.0111 -0.0014 -0.0007 0.0339 0.2424 0.2253
1494806400.0000 87150.0000 0.0018 -0.5894 -0.0529 0.6361 359.8215 0.0643 0.0224 0.0061 -0.0217 -0.0051 0.0047 0.0464 0.2972 0.2884
1494806400.0000 87450.0000 0.5245 -1.0170 -0.0858 1.1691 332.7188 0.0860 0.0186 0.0157 -0.0136 -0.0047 0.0033 0.0601 0.1745 0.1631
1494806400.0000 87750.0000 1.0104 -1.0909 -0.0473 1.5019 317.1929 0.0658 0.0147 0.0144 0.0010 -0.0107 -0.0034 0.0474 0.1195 0.1102
1494806400.0000 88050.0000 0.5802 -1.0770 -0.0541 1.2478 331.6889 0.0537 0.0383 0.0157 0.0158 0.0066 0.0113 0.0538 0.1547 0.1431
1494806400.0000 88350.0000 0.3514 -0.9752 -0.0534 1.0513 340.1815 0.0275 0.0246 0.0070 0.0036 0.0005 0.0072 0.0296 0.1353 0.1271
1494806400.0000 88650.0000 0.8292 -1.1877 0.0055 1.4630 325.0786 0.0803 0.0408 0.0180 -0.0281 0.0002 0.0002 0.0696 0.1487 0.1387
1494806400.0000 88950.0000 0.5921 -1.2295 0.0072 1.3946 334.2838 0.1086 0.0235 0.0121 -0.0103 0.0023 -0.0014 0.0721 0.1607 0.1538
1494806400.0000 89250.0000 0.2109 -1.1722 -0.0623 1.2073 349.8020 0.0382 0.0242 0.0061 -0.0015 -0.0009 0.0026 0.0343 0.1267 0.1211
1494806400.0000 89550.0000 0.7522 -1.4015 -0.0284 1.6170 331.7788 0.1452 0.0464 0.0197 -0.0357 0.0031 -0.0007 0.1056 0.1668 0.1589
1494806400.0000 89850.0000 0.7037 -1.5199 -0.0090 1.7064 335.1552 0.1179 0.0680 0.0255 -0.0035 -0.0085 0.0132 0.1057 0.1585 0.1486
1494806400.0000 90150.0000 0.6311 -1.4851 -0.0170 1.6374 336.9779 0.0836 0.0354 0.0207 0.0044 0.0015 0.0057 0.0698 0.1337 0.1234
1494806400.0000 90450.0000 0.3991 -1.5707 -0.0117 1.6494 345.7426 0.0991 0.0260 0.0152 -0.0036 -0.0063 0.0007 0.0701 0.1334 0.1260
1494806400.0000 90750.0000 -0.0737 -1.4406 -0.0672 1.4657 2.9300 0.0690 0.0243 0.0045 -0.0249 -0.0016 -0.0018 0.0490 0.1251 0.1223
1494806400.0000 91050.0000 -0.4903 -1.3954 -0.0726 1.4917 19.3582 0.0335 0.0112 0.0030 -0.0111 -0.0015 -0.0001 0.0239 0.0852 0.0825
1494806400.0000 91350.0000 -0.2564 -1.2241 -0.0843 1.2623 11.8287 0.0293 0.0122 0.0031 -0.0020 0.0013 0.0010 0.0223 0.0973 0.0940
1494806400.0000 91650.0000 0.0110 -1.3495 -0.0995 1.3584 359.5348 0.0252 0.0342 0.0053 -0.0146 -0.0045 0.0000 0.0324 0.1086 0.1043
1494806400.0000 91950.0000 -0.0861 -1.4099 -0.0526 1.4237 3.4946 0.0298 0.0161 0.0023 -0.0187 0.0012 -0.0008 0.0241 0.0896 0.0875
1494806400.0000 92250.0000 -0.7110 -1.0267 -0.0856 1.2664 34.7014 0.0335 0.0130 0.0011 -0.0188 0.0015 -0.0010 0.0238 0.1006 0.0996
1494806400.0000 92550.0000 -1.1404 -1.1082 -0.0946 1.5910 45.8210 0.0118 0.0092 0.0017 0.0075 0.0007 0.0006 0.0113 0.0546 0.0526
1494806400.0000 92850.0000 -1.3186 -1.1305 -0.0830 1.7397 49.3937 0.0055 0.0068 0.0027 -0.0036 0.0011 -0.0007 0.0075 0.0406 0.0368
1494806400.0000 93150.0000 -1.6705 -0.8998 -0.1565 1.9036 61.6926 0.0572 0.0183 0.0063 0.0043 -0.0070 0.0027 0.0409 0.0867 0.0836
1494806400.0000 93450.0000 -2.5236 -0.7520 -0.0868 2.6382 73.4062 0.0334 0.0345 0.0050 0.0157 0.0023 0.0002 0.0365 0.0592 0.0571
1494806400.0000 93750.0000 -2.5452 -1.0935 -0.1438 2.7742 66.7511 0.0167 0.0185 0.0128 -0.0054 0.0024 -0.0007 0.0240 0.0456 0.0391
1494806400.0000 94050.0000 -2.3879 -1.0206 -0.1788 2.6095 66.8573 0.0467 0.0819 0.0439 0.0205 -0.0041 0.0148 0.0862 0.0921 0.0797
1494806400.0000 94350.0000 -3.0710 -0.9321 -0.1652 3.2323 73.1163 0.1469 0.1482 0.0815 0.0157 -0.0199 0.0366 0.1883 0.1103 0.0977
1494806400.0000 94650.0000 -3.0107 -0.8646 -0.3708 3.1606 73.9783 0.1182 0.2187 0.1029 0.0580 -0.0151 0.0206 0.2199 0.1214 0.1070
1494806400.0000 94950.0000 -2.9498 -0.9616 -0.2707 3.1178 71.9443 0.0803 0.0959 0.1229 0.0006 0.0016 0.0040 0.1495 0.1014 0.0781
1494806400.0000 95250.0000 -2.8477 -1.0719 -0.1052 3.0752 69.3737 0.0930 0.2053 0.0761 -0.0069 -0.0045 0.0370 0.1872 0.1160 0.1036
1494806400.0000 95550.0000 -3.0816 -0.9690 0.0329 3.2654 72.5447 0.0909 0.2333 0.0756 -0.0146 -0.0194 0.0159 0.1999 0.1130 0.1018
1494806400.0000 95850.0000 -2.9450 -0.9700 -0.0635 3.1134 71.7699 0.0805 0.0691 0.0392 -0.0173 -0.0082 0.0102 0.0943 0.0809 0.0720
1494806400.0000 96150.0000 -2.5980 -1.1670 -0.1424 2.8562 65.8112 0.0539 0.0379 0.0275 -0.0073 0.0087 0.0023 0.0596 0.0699 0.0614
1494806400.0000 96450.0000 -2.4779 -1.2793 -0.0844 2.7985 62.6941 0.0355 0.0723 0.0182 0.0115 0.0029 0.0021 0.0630 0.0735 0.0680
1494806400.0000 96750.0000 -2.4522 -1.5128 -0.1596 2.9034 58.3290 0.0743 0.1672 0.0240 0.0178 0.0089 0.0048 0.1328 0.1031 0.0985
1494806400.0000 97050.0000 -3.1259 -1.9425 -0.0875 3.6961 58.1424 0.0842 0.1066 0.0263 -0.0156 0.0005 0.0064 0.1086 0.0731 0.0685
1494806400.0000 97350.0000 -2.9695 -1.8723 0.0531 3.5260 57.7686 0.0940 0.1200 0.0366 0.0036 -0.0102 -0.0224 0.1253 0.0823 0.0761
1494806400.0000 97650.0000 -3.0620 -2.0103 0.1228 3.6779 56.7130 0.1294 0.1753 0.0514 0.0572 -0.0246 -0.0302 0.1781 0.0940 0.0870
1494806400.0000 97950.0000 -3.1702 -2.5023 0.1774 4.0698 51.7153 0.0939 0.2612 0.0540 -0.0526 0.0066 0.0110 0.2046 0.0914 0.0852
1494806400.0000 98250.0000 -2.8342 -2.5611 0.0975 3.8525 47.8975 0.1591 0.2530 0.1015 -0.0354 0.0062 0.0624 0.2568 0.1083 0.0970
1494806400.0000 98550.0000 -3.0724 -2.8798 0.1554 4.2248 46.8538 0.1475 0.1570 0.1254 0.0408 -0.0247 -0.0134 0.2149 0.0898 0.0757
1494806400.0000 98850.0000 -3.4980 -2.7975 0.4992 4.4996 51.3494 0.2227 0.2171 0.1692 0.0460 -0.0247 0.0080 0.3045 0.1000 0.0855
1494806400.0000 99150.0000 -4.1975 -2.4919 0.4774 4.9077 59.3037 0.3340 0.1677 0.0736 -0.0498 -0.0107 -0.0031 0.2877 0.0893 0.0838
1494806400.0000 99450.0000 -4.2387 -2.2769 -0.0893 4.8378 61.7568 0.3307 0.1715 0.1249 -0.0461 0.0240 0.0377 0.3135 0.0950 0.0850
1494806400.0000 99750.0000 -4.2927 -2.3273 0.1181 4.8941 61.5358 0.1976 0.0606 0.0751 -0.0114 0.0581 0.0049 0.1667 0.0682 0.0601
1494806400.0000 100050.0000 -3.8495 -2.3703 0.2967 4.5521 58.3778 0.3074 0.2741 0.1611 0.0171 0.1030 0.0493 0.3713 0.1098 0.0974
1494806400.0000 100350.0000 -4.1402 -2.2647 0.2789 4.7412 61.3212 0.3136 0.1405 0.1126 -0.0192 0.0115 -0.0050 0.2833 0.0919 0.0824
1494806400.0000 100650.0000 -4.4051 -2.4816 0.1139 5.0785 60.6056 0.1663 0.1846 0.1302 -0.0539 0.0351 0.0521 0.2405 0.0792 0.0676
1494806400.0000 100950.0000 -4.4689 -2.5941 0.2097 5.1802 59.8655 0.2587 0.1037 0.0751 0.0159 -0.0028 -0.0010 0.2187 0.0738 0.0673
1494806400.0000 101250.0000 -4.7914 -2.8871 0.2697 5.6049 58.9287 0.2547 0.1360 0.0541 0.0538 -0.0135 -0.0230 0.2224 0.0688 0.0645
1494806400.0000 101550.0000 -4.8416 -3.1629 0.3328 5.8043 56.8444 0.2059 0.2899 0.1238 0.0297 0.0472 0.0102 0.3098 0.0785 0.0703
1494806400.0000 101850.0000 -5.2671 -3.6427 0.4756 6.4220 55.3329 0.1376 0.2637 0.1025 -0.0023 0.0254 0.0256 0.2519 0.0638 0.0571
1494806400.0000 102150.0000 -5.0743 -3.8695 0.4518 6.3978 52.6715 0.1052 0.2117 0.0998 -0.0380 0.0127 -0.0255 0.2084 0.0583 0.0509
1494806400.0000 102450.0000 -5.1857 -3.3930 0.2582 6.2108 56.8035 0.1148 0.2771 0.0786 0.0655 0.0208 0.0079 0.2352 0.0638 0.0583
1494806400.0000 102750.0000 -5.2038 -3.1211 0.2478 6.0785 59.0461 0.2528 0.2584 0.0878 0.1580 -0.0071 -0.0044 0.2995 0.0736 0.0680
1494806400.0000 103050.0000 -5.2203 -2.8758 0.1116 5.9679 61.1499 0.0630 0.0866 0.0279 -0.0134 -0.0051 0.0010 0.0887 0.0408 0.0375
1494806400.0000 103350.0000 -4.5553 -3.0607 0.0408 5.4961 56.1027 0.0835 0.0855 0.0353 -0.0043 0.0144 0.0128 0.1022 0.0476 0.0433
1494806400.0000 103650.0000 -4.3945 -2.8999 0.0304 5.2724 56.5794 0.0962 0.0616 0.0378 -0.0061 0.0102 0.0055 0.0978 0.0485 0.0436
1494806400.0000 103950.0000 -4.2851 -3.1752 0.0418 5.3424 53.4624 0.0850 0.0773 0.0387 -0.0171 0.0257 0.0032 0.1005 0.0485 0.0436
1494806400.0000 104250.0000 -4.5595 -3.2550 0.2417 5.6089 54.4775 0.1458 0.0573 0.0381 0.0127 0.0120 -0.0067 0.1206 0.0506 0.0464
1494806400.0000 104550.0000 -4.6069 -3.6048 0.2793 5.8606 51.9575 0.1969 0.1418 0.0844 0.0432 0.0251 0.0021 0.2115 0.0641 0.0574
1494806400.0000 104850.0000 -4.6335 -3.3875 0.2523 5.7527 53.8301 0.1833 0.2057 0.0973 0.0524 0.0227 -0.0356 0.2431 0.0701 0.0627
1494806400.0000 105150.0000 -4.6175 -3.2219 0.2088 5.6480 55.0949 0.1302 0.1944 0.0886 -0.0241 0.0261 0.0256 0.2066 0.0659 0.0584
1494806400.0000 105450.0000 -4.7593 -3.4301 0.2499 5.8811 54.2193 0.2064 0.1853 0.1044 0.0236 0.0136 0.0217 0.2481 0.0693 0.0616
1494806400.0000 105750.0000 -4.4674 -3.2776 0.1681 5.5571 53.7336 0.1834 0.1299 0.1131 -0.0322 0.0696 -0.0100 0.2132 0.0680 0.0583
1494806400.0000 106050.0000 -4.8059 -3.4872 0.0515 5.9589 54.0352 0.3280 0.1522 0.0975 -0.0362 0.0756 0.0093 0.2888 0.0739 0.0674
1494806400.0000 106350.0000 -5.4624 -3.3597 0.1690 6.4292 58.4059 0.2349 0.1979 0.1073 0.0015 0.0119 0.0173 0.2700 0.0661 0.0592
1494806400.0000 106650.0000 -5.3242 -3.2906 0.1026 6.2787 58.2821 0.1730 0.2168 0.1554 -0.0465 0.0335 0.0111 0.2726 0.0681 0.0576
1494806400.0000 106950.0000 -5.0405 -3.0756 0.0572 5.9183 58.6095 0.1105 0.1358 0.0816 -0.0342 0.0312 0.0027 0.1640 0.0560 0.0485
1494806400.0000 107250.0000 -5.1971 -3.1558 0.0717 6.0969 58.7333 0.2502 0.1401 0.0686 -0.0290 0.0385 0.0203 0.2294 0.0643 0.0593
1494806400.0000 107550.0000 -5.1489 -3.0645 0.0060 5.9994 59.2403 0.1330 0.0815 0.0394 0.0064 0.0223 0.0011 0.1270 0.0486 0.0446
1494806400.0000 107850.0000 -5.3378 -3.0620 -0.0297 6.1639 60.1600 0.1649 0.1010 0.0708 -0.0097 0.0258 0.0179 0.1683 0.0544 0.0484
1494806400.0000 108150.0000 -5.6963 -3.0231 -0.0274 6.4591 62.0445 0.1259 0.0940 0.0537 -0.0356 0.0287 0.0082 0.1368 0.0468 0.0420
1494806400.0000 108450.0000 -6.3982 -2.7160 -0.0990 6.9625 66.9987 0.1661 0.1568 0.0944 0.0022 -0.0049 0.0278 0.2086 0.0537 0.0472
1494806400.0000 108750.0000 -6.7583 -1.9645 0.1757 7.0462 73.7920 0.0905 0.0995 0.0784 -0.0247 0.0355 -0.0186 0.1342 0.0425 0.0358
1494806400.0000 109050.0000 -6.5912 -1.7992 -0.2306 6.8537 74.7318 0.6568 0.1962 0.2502 -0.0839 0.0197 0.0497 0.5516 0.0887 0.0780
1494806400.0000 109350.0000 -6.3901 -2.1321 -0.1175 6.7424 71.5487 0.0975 0.0820 0.0485 0.0075 0.0038 0.0148 0.1140 0.0409 0.0363
1494806400.0000 109650.0000 -6.1051 -2.1423 -0.1659 6.4865 70.6641 0.1931 0.1755 0.2159 -0.0458 -0.0534 0.0627 0.2923 0.0682 0.0542
1494806400.0000 109950.0000 -5.4411 -2.0888 -0.4297 5.8378 68.9988 0.2501 0.1212 0.0830 0.0463 -0.0071 0.0174 0.2271 0.0666 0.0604
1494806400.0000 110250.0000 -5.7424 -2.2360 -0.2515 6.1760 68.7247 0.2969 0.1887 0.1983 0.0727 0.0766 0.0382 0.3419 0.0774 0.0653
1494806400.0000 110550.0000 -5.4681 -2.2306 -0.1648 5.9141 67.8079 0.1452 0.0944 0.0562 0.0037 0.0288 0.0220 0.1479 0.0531 0.0478
1494806400.0000 110850.0000 -5.0791 -1.7556 -0.2842 5.3823 70.9316 0.1129 0.0903 0.0647 0.0058 0.0169 0.0078 0.1340 0.0555 0.0484
1494806400.0000 111150.0000 -5.3373 -1.6899 -0.1301 5.6033 72.4314 0.0507 0.0589 0.0273 0.0078 0.0044 0.0086 0.0685 0.0382 0.0341
1494806400.0000 111450.0000 -5.3161 -1.8389 -0.0983 5.6446 70.9191 0.2396 0.2114 0.2658 0.0056 0.1153 0.0683 0.3584 0.0869 0.0689
1494806400.0000 111750.0000 -4.6110 -1.5692 -0.2443 4.8916 71.2051 0.2134 0.2231 0.2560 0.0494 0.1080 0.1055 0.3462 0.0985 0.0783
1494806400.0000 112050.0000 -4.9209 -1.5614 -0.4168 5.1990 72.3954 0.2266 0.4048 0.1885 0.0334 -0.0102 0.0533 0.4100 0.1009 0.0889
1494806400.0000 112350.0000 -4.4956 -1.1912 -0.0840 4.7020 75.1592 0.3375 0.4922 0.4527 0.0327 0.1514 0.1667 0.6412 0.1406 0.1131
1494806400.0000 112650.0000 -4.4256 -1.0164 0.0916 4.5678 77.0652 0.2231 0.2797 0.2740 0.0761 0.0557 0.0314 0.3884 0.1120 0.0902
1494806400.0000 112950.0000 -4.8473 -1.4243 0.2459 5.0610 73.6252 0.0885 0.0920 0.0487 0.0064 0.0143 0.0212 0.1146 0.0546 0.0486
1494806400.0000 113250.0000 -4.9554 -1.1606 -0.0571 5.1262 76.8180 0.1706 0.4048 0.1763 0.0651 0.0338 0.0099 0.3759 0.0983 0.0861
1494806400.0000 113550.0000 -5.0281 -1.5029 -0.0760 5.2620 73.3585 0.1096 0.1615 0.0900 0.0215 0.0249 0.0206 0.1806 0.0661 0.0573
1494806400.0000 113850.0000 -4.6908 -1.2416 0.1990 4.8904 75.1745 0.3895 0.3459 0.2910 -0.0333 0.1381 0.0505 0.5132 0.1204 0.1020
1494806400.0000 114150.0000 -4.2506 -1.0904 0.1963 4.4238 75.6119 0.1878 0.3521 0.1420 0.0784 -0.0197 0.0311 0.3409 0.1085 0.0967
1494806400.0000 114450.0000 -4.1084 -1.0103 0.1349 4.2856 76.1845 0.2460 0.4577 0.1848 0.0000 0.0293 0.1769 0.4442 0.1286 0.1145
1494806400.0000 114750.0000 -3.8642 -1.0419 0.0834 4.0876 74.9106 0.3225 0.6575 0.2022 -0.0824 0.0235 0.1763 0.5911 0.1568 0.1428
1494806400.0000 115050.0000 -3.6486 -2.6435 0.1612 4.6039 54.0752 0.3636 1.0011 0.3164 -0.1587 0.0280 -0.0373 0.8405 0.1660 0.1497
1494806400.0000 115350.0000 -3.8414 -2.6828 0.3692 4.7455 55.0701 0.4101 0.5165 0.3965 -0.1049 0.0664 0.0283 0.6615 0.1413 0.1186
1494806400.0000 115650.0000 -4.5796 -3.3358 0.5454 5.7767 53.9303 1.1524 1.1505 0.6945 -0.0623 0.1885 0.1097 1.4987 0.1756 0.1546
1494806400.0000 115950.0000 -3.9316 -2.6499 0.5859 4.8224 56.0203 0.5887 1.0089 0.2721 0.1308 0.1096 0.0525 0.9348 0.1652 0.1539
1494806400.0000 116250.0000 -4.7596 -1.9819 0.5516 5.1941 67.3933 0.3337 0.3682 0.1801 -0.0426 -0.0089 0.0373 0.4410 0.1046 0.0938
1494806400.0000 116550.0000 -4.5666 -2.3373 0.8141 5.1990 62.8960 0.3548 0.6960 0.2854 -0.1351 -0.0026 -0.0256 0.6681 0.1285 0.1154
1494806400.0000 116850.0000 -4.9894 -2.1150 0.5908 5.4567 67.0275 0.3178 0.4209 0.3745 -0.0042 -0.0308 0.1229 0.5566 0.1117 0.0916
1494806400.0000 117150.0000 -5.0400 -2.0415 0.5754 5.4646 67.9490 0.3130 0.3684 0.1843 0.1032 -0.0027 0.0210 0.4328 0.0982 0.0876
1494806400.0000 117450.0000 -4.6596 -1.8205 0.5187 5.0359 68.6592 0.3397 0.3363 0.1620 0.0085 0.0426 0.0336 0.4190 0.1051 0.0949
1494806400.0000 117750.0000 -3.8056 -1.9489 0.3097 4.3020 62.8827 0.2687 0.1910 0.1911 -0.0188 -0.0270 0.0504 0.3254 0.1087 0.0916
1494806400.0000 118050.0000 -4.0492 -2.0242 0.1359 4.5570 63.4394 0.3813 0.2490 0.1628 0.0086 -0.0006 0.0148 0.3966 0.1135 0.1013
1494806400.0000 118350.0000 -4.9700 -1.9486 0.0770 5.3631 68.5918 0.1835 0.2524 0.2026 -0.0311 -0.0005 0.0338 0.3192 0.0864 0.0714
1494806400.0000 118650.0000 -5.0894 -1.8924 0.4072 5.4564 69.6032 0.2403 0.2731 0.1753 -0.0320 0.0341 0.0809 0.3443 0.0880 0.0762
1494806400.0000 118950.0000 -5.1278 -2.1551 0.4262 5.5941 67.2035 0.3723 0.2837 0.2883 -0.0798 0.0540 0.0610 0.4722 0.1006 0.0841
1494806400.0000 119250.0000 -5.2885 -1.8145 0.4741 5.6223 71.0630 0.2839 0.3358 0.2491 -0.0264 0.0441 0.0916 0.4344 0.0959 0.0813
1494806400.0000 119550.0000 -5.1131 -1.5730 0.7945 5.3841 72.9001 0.3276 0.3094 0.1640 -0.1014 0.0714 -0.0047 0.4005 0.0955 0.0861
1494806400.0000 119850.0000 -5.0869 -1.6687 0.5549 5.3965 71.8387 0.4465 0.4070 0.3651 -0.0922 0.0925 0.0168 0.6093 0.1184 0.0996
1494806400.0000 120150.0000 -4.8791 -2.1805 0.5754 5.3780 65.9199 0.3067 0.3490 0.2255 -0.0050 0.0148 -0.0524 0.4406 0.1008 0.0875
1494806400.0000 120450.0000 -4.5581 -2.3604 0.2136 5.1652 62.6231 0.4336 0.3165 0.3068 0.0237 -0.0310 -0.0423 0.5284 0.1155 0.0974
1494806400.0000 120750.0000 -3.9894 -1.9412 0.3209 4.5035 64.0526 0.5198 0.3972 0.3345 -0.2070 0.0816 0.0636 0.6257 0.1452 0.1246
1494806400.0000 121050.0000 -3.9548 -2.5435 0.4948 4.7458 57.2535 0.4027 0.4316 0.3963 0.0222 0.0921 0.1252 0.6153 0.1355 0.1121
1494806400.0000 121350.0000 -4.9303 -2.5322 0.0952 5.5866 62.8150 0.3213 0.4160 0.4009 -0.0949 0.0196 0.1207 0.5691 0.1111 0.0894
1494806400.0000 121650.0000 -5.2041 -2.7063 0.1322 5.8992 62.5245 0.5010 0.3254 0.2207 -0.0269 -0.0618 0.0832 0.5235 0.1007 0.0895
1494806400.0000 121950.0000 -4.4454 -2.5669 0.5055 5.1697 59.9967 0.3610 0.3034 0.4313 -0.0482 0.0914 -0.0506 0.5478 0.1172 0.0917
1494806400.0000 122250.0000 -4.3962 -2.4647 0.5564 5.0924 60.7227 0.2821 0.5871 0.2534 0.0098 -0.0151 -0.1067 0.5613 0.1206 0.1068
1494806400.0000 122550.0000 -4.7789 -1.6720 0.1804 5.1268 70.7162 0.5540 0.4984 0.4530 -0.1943 -0.0797 0.1608 0.7527 0.1398 0.1170
1494806400.0000 122850.0000 -3.6839 -2.9638 0.6506 4.7876 51.1828 0.2815 0.6016 0.3242 -0.1023 0.0752 -0.1522 0.6036 0.1329 0.1148
1494806400.0000 123150.0000 -3.8312 -2.9674 0.5553 4.8905 52.2409 0.4917 0.3685 0.4422 -0.0184 -0.0658 -0.0038 0.6512 0.1351 0.1105
1494806400.0000 123450.0000 -3.5622 -2.6634 0.4236 4.5002 53.2154 0.4510 0.3509 0.3267 -0.0820 0.0571 -0.1164 0.5643 0.1373 0.1162
1494806400.0000 123750.0000 -3.0713 -2.7194 0.6446 4.1757 48.4778 0.7071 0.4444 0.4635 -0.0474 -0.1063 0.0650 0.8075 0.1767 0.1510
1494806400.0000 124050.0000 -3.3148 -1.2682 0.6530 3.6437 69.0637 0.6502 0.5059 0.3065 -0.1890 0.1329 -0.0427 0.7312 0.1935 0.1749
1494806400.0000 124350.0000 -4.1644 -1.7328 0.8199 4.5728 67.4075 0.3185 0.5692 0.4232 -0.0319 0.0548 -0.0439 0.6554 0.1442 0.1206
1494806400.0000 124650.0000 -4.0061 -1.3013 0.7275 4.3268 72.0044 1.2909 0.8313 0.5875 -0.0485 0.0063 -0.1557 1.3549 0.2223 0.1997
1494806400.0000 124950.0000 -3.1291 -0.9445 0.6661 3.3907 73.2044 0.4260 0.7202 0.4285 -0.1489 0.1431 -0.0932 0.7874 0.2172 0.1891
1494806400.0000 125250.0000 -3.3436 -0.5969 0.6294 3.4992 79.8780 0.5070 0.5752 0.3731 -0.2752 0.0109 0.0601 0.7277 0.2016 0.1768
1494806400.0000 125550.0000 -2.8425 -1.5542 0.6940 3.4303 61.3318 0.8759 1.4233 0.3838 0.1937 0.2552 -0.2108 1.3415 0.2854 0.2702
1494806400.0000 125850.0000 -3.3956 -1.4864 0.6326 3.8785 66.3595 1.2634 0.7638 0.4195 -0.5019 0.2204 -0.1560 1.2233 0.2402 0.2218
1494806400.0000 126150.0000 -2.6599 -1.2350 0.8042 3.0019 65.0949 0.5633 0.4436 0.3231 0.1168 0.0179 -0.0710 0.6650 0.2190 0.1976
1494806400.0000 126450.0000 -4.2347 -0.4150 1.0139 4.3436 84.4025 1.1644 0.5209 0.2770 -0.3441 0.2539 -0.0959 0.9811 0.1849 0.1761
1494806400.0000 126750.0000 -3.5131 -0.4556 0.6248 3.6040 82.6105 0.6286 0.3753 0.2543 0.0190 0.0325 0.0200 0.6291 0.1800 0.1633
1494806400.0000 127050.0000 -3.9647 -0.2211 0.6367 4.0252 86.8081 0.5589 0.4168 0.2944 0.0664 0.0820 0.0525 0.6351 0.1618 0.1436
1494806400.0000 127350.0000 -3.2743 -0.9149 0.7090 3.5172 74.3881 0.8303 0.7112 0.3343 -0.0111 0.0847 -0.0925 0.9379 0.2277 0.2108
1494806400.0000 127650.0000 -2.9313 -1.2695 0.5386 3.3785 66.5829 1.1028 0.7186 0.4146 -0.6013 -0.0357 0.1526 1.1180 0.2665 0.2439
1494806400.0000 127950.0000 -3.5167 -0.3688 0.3415 3.6162 84.0126 0.9667 0.4911 0.3776 -0.2404 -0.0954 0.0267 0.9177 0.2202 0.1971
1494806400.0000 128250.0000 -4.0007 0.3979 0.2710 4.0454 95.6794 0.4480 0.2075 0.3568 -0.0324 -0.0600 0.0092 0.5061 0.1442 0.1163
1494806400.0000 128550.0000 -2.2733 -1.8258 0.8576 3.1441 51.2301 0.5780 1.3782 0.2626 -0.1824 -0.0200 -0.0128 1.1094 0.2830 0.2769
1494806400.0000 128850.0000 -4.1249 1.0058 0.4033 4.3105 103.7035 0.4647 0.5270 0.2908 0.1033 0.0105 -0.1025 0.6412 0.1533 0.1354
1494806400.0000 129150.0000 -4.1330 0.5355 0.5678 4.2425 97.3822 0.5529 0.6013 0.4047 0.0928 -0.0040 -0.1561 0.7794 0.1714 0.1488
1494806400.0000 129450.0000 -2.6980 -1.4842 0.5809 3.1701 61.1852 0.5722 0.3185 0.3761 -0.2042 -0.0910 0.0480 0.6334 0.2074 0.1769
1494806400.0000 129750.0000 -1.4080 -1.4610 0.5657 2.1733 43.9417 0.8537 0.3447 0.5863 -0.0060 -0.1734 0.1403 0.8924 0.3662 0.3115
1494806400.0000 130050.0000 -2.7732 0.0228 0.5147 3.0205 90.4711 1.1105 1.2122 0.3989 -0.8453 0.1277 -0.1168 1.3608 0.3377 0.3173
1494806400.0000 130350.0000 -3.2813 0.6834 0.3873 3.3888 101.7648 0.3699 0.2209 0.2020 -0.0185 0.0577 -0.0020 0.3964 0.1524 0.1324
1494806400.0000 130650.0000 -2.9299 -0.5238 0.8617 3.0647 79.8637 0.4250 0.5445 0.1754 0.1347 0.0449 -0.0296 0.5725 0.1994 0.1910
1494806400.0000 130950.0000 -2.7810 -0.5516 0.4997 2.8978 78.7808 0.6756 0.3160 0.3228 0.0543 0.0302 -0.0767 0.6572 0.2299 0.2028
1494806400.0000 131250.0000 -2.3050 -0.3333 0.4541 2.4122 81.7718 0.4450 0.3420 0.1277 -0.1352 0.0721 0.0611 0.4573 0.2327 0.2199
1494806400.0000 131550.0000 -2.6107 -0.8049 0.5335 2.8195 72.8647 0.3285 0.4780 0.3185 -0.0914 -0.0210 -0.1021 0.5625 0.2200 0.1898
1494806400.0000 131850.0000 -2.1775 -0.6316 0.3542 2.2998 73.8257 0.2735 0.1417 0.1900 0.0485 0.1143 0.0823 0.3025 0.1957 0.1641
1494806400.0000 132150.0000 -1.3921 0.1174 0.2339 1.5452 94.8204 0.3262 0.4396 0.4081 0.0095 0.0783 0.0434 0.5870 0.4416 0.3617
1494806400.0000 132450.0000 -2.3742 0.4294 0.5084 2.4864 100.2517 0.9473 0.3272 0.2363 -0.0120 0.0166 0.0470 0.7554 0.2878 0.2701
1494806400.0000 132750.0000 -1.2358 0.6970 -0.0268 1.5105 119.4226 0.2547 0.2041 0.2507 0.0404 -0.0693 -0.0834 0.3547 0.3427 0.2756
1494806400.0000 133050.0000 -2.2720 -0.5860 0.5668 2.4905 75.5366 0.6843 0.6161 0.1096 -0.0684 -0.0329 0.0518 0.7050 0.2840 0.2806
1494806400.0000 133350.0000 -2.1649 -0.7174 0.4885 2.3259 71.6660 0.1086 0.2248 0.2277 0.0084 0.0190 -0.0718 0.2806 0.1854 0.1462
1494806400.0000 133650.0000 -1.4992 -0.8146 0.0605 1.8128 61.4818 0.3506 0.5522 0.4113 0.2766 -0.0600 -0.2158 0.6570 0.3877 0.3215
1494806400.0000 133950.0000 -0.9491 -0.8686 -0.3085 1.3454 47.5360 0.2951 0.1086 0.0768 0.0420 0.0042 -0.0338 0.2402 0.3025 0.2851
1494806400.0000 134250.0000 -0.3467 -0.7403 0.1299 0.8908 25.0976 0.1412 0.2403 0.5862 0.0830 0.0290 0.1336 0.4839 0.6862 0.4363
1494806400.0000 134550.0000 -1.4607 -1.1856 0.4820 2.0558 50.9366 0.9896 0.3636 0.3458 -0.1718 -0.1214 -0.0236 0.8495 0.3875 0.3570
1494806400.0000 134850.0000 -2.7361 -0.3447 0.1778 2.8503 82.8188 0.3042 0.4722 0.2824 -0.0846 -0.0450 0.1068 0.5294 0.2150 0.1845
1494806400.0000 135150.0000 -2.2761 -0.9869 0.5921 2.6296 66.5580 0.7574 0.7959 0.5614 0.0060 -0.0470 0.0800 1.0573 0.3292 0.2900
1494806400.0000 135450.0000 -1.6966 -0.9162 -0.0914 2.0084 61.6298 0.1939 0.2596 0.5562 -0.0917 0.0983 -0.0688 0.5048 0.3005 0.2016
1494806400.0000 135750.0000 -1.5435 -1.2068 0.1716 2.0495 51.9804 0.3845 0.6545 0.3455 0.3385 -0.0952 -0.2428 0.6922 0.3454 0.3004
1494806400.0000 136050.0000 -1.0665 -1.5133 0.4354 1.9740 35.1754 0.3613 0.4578 0.4393 -0.0559 0.0906 -0.1484 0.6292 0.3405 0.2822
1494806400.0000 136350.0000 -1.1061 -0.7865 0.0765 1.5987 54.5835 1.0245 0.7072 0.7502 0.0554 -0.1744 -0.3139 1.2409 0.6691 0.5598
1494806400.0000 136650.0000 -2.9058 -0.7884 0.4529 3.1128 74.8207 0.6107 0.4686 0.3374 -0.2014 0.1039 0.0677 0.7083 0.2257 0.1992
1494806400.0000 136950.0000 -2.6242 -0.2908 0.1884 2.7941 83.6760 0.4524 0.8634 0.4967 0.0567 -0.0176 -0.0231 0.9063 0.2937 0.2508
1494806400.0000 137250.0000 -2.7116 -1.5488 0.4899 3.1922 60.2669 0.2266 0.4798 0.2717 -0.0190 0.0689 -0.0750 0.4890 0.1806 0.1554
1494806400.0000 137550.0000 -2.6076 -1.6102 0.4535 3.1246 58.3050 0.3043 0.4171 0.2591 0.0026 0.0099 -0.0389 0.4903 0.1845 0.1600
1494806400.0000 137850.0000 -1.6888 -0.3118 0.3225 1.9544 79.5407 0.2733 0.9784 0.1789 0.1375 -0.0209 -0.0672 0.7153 0.3952 0.3761
1494806400.0000 138150.0000 -0.4309 -1.1616 0.3397 1.3481 20.3527 0.2702 0.2189 0.1944 -0.0428 0.0736 0.0116 0.3417 0.3715 0.3259
1494806400.0000 138450.0000 -1.7189 0.1488 0.2276 1.9899 94.9475 0.4233 1.0107 0.2740 -0.3204 -0.0211 -0.2412 0.8540 0.4336 0.4007
1494806400.0000 138750.0000 -1.8907 0.5664 0.4739 2.1897 106.6779 0.5885 1.0376 0.3722 -0.0023 -0.0943 -0.0578 0.9991 0.4021 0.3730
1494806400.0000 139050.0000 -2.2751 0.7707 -0.2139 2.4459 108.7144 0.6037 0.2869 0.2418 -0.1556 -0.1722 0.1144 0.5662 0.2547 0.2268
1494806400.0000 139350.0000 -2.0898 -0.1684 0.2202 2.1939 85.3933 0.9699 0.3926 0.3158 -0.2365 -0.3192 0.0369 0.8391 0.3548 0.3214
1494806400.0000 139650.0000 -3.4208 0.8561 0.3225 3.5522 104.0502 0.6581 0.2230 0.1723 -0.1619 -0.0189 0.0157 0.5267 0.1673 0.1537
1494806400.0000 139950.0000 -1.9260 0.0848 -0.0419 1.9729 92.5199 0.3138 0.1958 0.0935 -0.1593 -0.0514 0.0494 0.3015 0.2325 0.2138
1494806400.0000 140250.0000 -1.4422 0.1822 0.0282 1.5039 97.2007 0.1261 0.1479 0.0849 -0.0156 0.0310 -0.0294 0.1795 0.2379 0.2079
1494806400.0000 140550.0000 -1.2053 -0.5152 0.1873 1.4349 66.8563 0.3370 0.2251 0.1554 -0.2004 -0.0131 0.0308 0.3588 0.3693 0.3302
1494806400.0000 140850.0000 -1.4412 -0.4203 0.2312 1.5380 73.7419 0.0964 0.1028 0.1115 -0.0123 0.0131 0.0111 0.1554 0.2119 0.1717
1494806400.0000 141150.0000 -1.5763 -0.9524 0.4620 1.8882 58.8595 0.1624 0.1573 0.2067 -0.0132 0.0866 0.0668 0.2632 0.2206 0.1773
1494806400.0000 141450.0000 -1.4157 -1.6026 0.4540 2.1732 41.4566 0.1173 0.2042 0.1515 0.0123 0.0426 0.0257 0.2365 0.1816 0.1531
1494806400.0000 141750.0000 -1.1881 -0.9468 0.4272 1.5815 51.4507 0.0853 0.2167 0.1388 -0.0251 0.0266 0.0041 0.2204 0.2429 0.2088
1494806400.0000 142050.0000 -0.6608 -0.9637 0.6098 1.4789 34.4381 0.5832 0.4495 0.1077 -0.3829 -0.0303 0.0296 0.5702 0.4678 0.5021
1494806400.0000 142350.0000 -1.7768 0.1676 0.7761 1.8633 95.3885 0.2867 0.2737 0.1547 0.0278 0.0771 0.0113 0.3576 0.2509 0.2422
1494806400.0000 142650.0000 -1.3145 -0.8690 0.1611 1.6619 56.5312 0.3983 0.4152 0.3363 0.0826 -0.0250 -0.1540 0.5749 0.3908 0.3305
1494806400.0000 142950.0000 -1.6859 -1.5934 0.3805 2.3825 46.6159 0.1171 0.6716 0.2699 0.1283 -0.0157 -0.1003 0.5293 0.2527 0.2210
1494806400.0000 143250.0000 -0.8575 0.1884 -0.3284 0.9956 102.3934 0.2890 0.2116 0.1355 0.0057 -0.0901 -0.0176 0.3181 0.4913 0.4653
1494806400.0000 143550.0000 -0.9733 -0.6913 -0.4639 1.4437 54.6156 0.9680 0.3301 0.3118 -0.1475 -0.2089 -0.0566 0.8050 0.5720 0.5510
1494806400.0000 143850.0000 -0.8423 -1.3659 0.4263 1.8397 31.6613 0.5165 0.7709 0.3019 -0.2077 0.0551 0.1151 0.7947 0.4384 0.4082
1494806400.0000 144150.0000 -0.4921 -1.3465 -0.0056 1.4976 20.0777 0.1071 0.3604 0.1907 -0.0665 -0.0176 -0.0608 0.3291 0.3267 0.2754
1494806400.0000 144450.0000 -0.1401 -1.4748 -0.1266 1.6834 5.4248 0.5129 0.5801 0.1976 0.3063 0.0433 0.1276 0.6453 0.4411 0.4074
1494806400.0000 144750.0000 -0.4211 -0.0420 0.6509 0.8197 84.3023 0.5046 0.1539 0.2289 -0.0125 0.0848 0.0247 0.4437 0.7005 1.1072
1494806400.0000 145050.0000 -0.7561 0.4786 0.0042 0.9767 122.3360 0.1455 0.1354 0.1087 -0.0049 -0.0177 0.0342 0.1948 0.4027 0.3420
1494806400.0000 145350.0000 -2.3743 0.0331 0.5979 2.4675 90.7988 1.3862 0.2935 0.1413 0.2748 -0.2064 -0.0466 0.9105 0.3182 0.3151
1494806400.0000 145650.0000 -3.0862 -0.0014 0.7590 3.1039 89.9748 0.2832 0.1111 0.1618 0.0047 0.0173 0.0029 0.2780 0.1355 0.1175
1494806400.0000 145950.0000 -2.5890 -1.7747 0.4300 3.1749 55.5699 0.1181 0.2855 0.1040 0.0324 0.0181 0.0694 0.2538 0.1298 0.1169
1494806400.0000 146250.0000 -1.3459 -1.9353 0.1845 2.3854 34.8173 0.2216 0.1150 0.1134 0.0574 0.0312 -0.0299 0.2250 0.1638 0.1421
1494806400.0000 146550.0000 -1.1138 -1.6119 0.2198 1.9923 34.6438 0.1465 0.0869 0.1768 -0.0039 0.0160 -0.0403 0.2051 0.1876 0.1424
1494806400.0000 146850.0000 -0.4332 -1.7758 0.2021 1.8750 13.7084 0.1375 0.1264 0.0895 -0.0648 0.0296 -0.0219 0.1767 0.1866 0.1623
1494806400.0000 147150.0000 -0.2547 -0.6257 -0.0909 0.7900 22.1462 0.0839 0.4666 0.1161 -0.0316 -0.0253 0.0098 0.3333 0.6915 0.6341
1494806400.0000 147450.0000 -0.6066 -0.4450 0.1573 0.9335 53.7357 0.3161 0.0902 0.0600 -0.0879 0.0110 -0.0206 0.2331 0.5129 0.4891
1494806400.0000 147750.0000 -0.9749 0.3368 -0.2966 1.0679 109.0567 0.0625 0.0815 0.0416 -0.0091 -0.0085 0.0283 0.0928 0.2318 0.2125
1494806400.0000 148050.0000 -0.4653 -0.3916 -0.1985 0.9197 49.9188 0.1305 0.4253 0.1419 -0.1089 0.0021 -0.0041 0.3488 0.7539 0.7078
1494806400.0000 148350.0000 -0.4318 -0.8667 0.2727 1.0320 26.4830 0.0932 0.1099 0.0584 -0.0313 0.0060 0.0117 0.1307 0.2935 0.2687
1494806400.0000 148650.0000 -0.1216 -0.7833 -0.0131 0.8612 8.8243 0.1002 0.1643 0.0991 0.0057 -0.0123 -0.0490 0.1818 0.4392 0.3746
1494806400.0000 148950.0000 -0.0272 -2.0856 0.1659 2.1448 0.7468 0.2360 0.1473 0.1092 -0.0759 -0.0681 0.0002 0.2463 0.1937 0.1714
1494806400.0000 149250.0000 -0.3273 -1.5079 0.2368 1.6393 12.2474 0.3057 0.1224 0.0826 0.0119 0.0621 0.0003 0.2554 0.2643 0.2448
1494806400.0000 149550.0000 0.5670 -1.5279 0.4705 1.7706 339.6418 0.4085 0.3708 0.1088 0.1600 0.0177 0.0793 0.4441 0.3208 0.3127
1494806400.0000 149850.0000 -0.2067 -2.3056 0.1316 2.3345 5.1234 0.0927 0.2758 0.0983 0.0160 0.0109 -0.0124 0.2333 0.1701 0.1514
1494806400.0000 150150.0000 -0.1290 -1.8987 0.1815 1.9307 3.8877 0.1141 0.1883 0.0344 0.0574 -0.0116 -0.0370 0.1685 0.1753 0.1669
1494806400.0000 150450.0000 -0.1942 -2.2756 0.1436 2.3281 4.8775 0.2123 0.0605 0.0618 0.0209 -0.0471 -0.0084 0.1673 0.1459 0.1320
1494806400.0000 150750.0000 -0.5157 -2.0890 0.1502 2.1598 13.8659 0.0362 0.0726 0.0518 0.0146 -0.0173 -0.0165 0.0803 0.1072 0.0885
1494806400.0000 151050.0000 -0.6814 -2.3130 0.2573 2.4312 16.4143 0.0929 0.1397 0.0521 0.0129 -0.0114 -0.0462 0.1423 0.1270 0.1155
