1494720000.0000 150.0000 -1.0598 1.1496 -0.0639 1.5743 137.3273 0.0423 0.0571 0.0268 -0.0160 0.0087 -0.0076 0.0631 0.1310 0.1164
1494720000.0000 450.0000 -1.2330 1.1161 -0.0594 1.6797 132.1497 0.0665 0.0597 0.0402 -0.0084 0.0100 -0.0136 0.0832 0.1416 0.1234
1494720000.0000 750.0000 -1.5001 1.1297 0.0036 1.8861 126.9839 0.0935 0.0364 0.0226 -0.0297 -0.0118 0.0016 0.0763 0.1201 0.1108
1494720000.0000 1050.0000 -1.5059 0.9975 0.0206 1.8108 123.5209 0.0270 0.0165 0.0058 -0.0048 -0.0026 -0.0015 0.0246 0.0710 0.0666
1494720000.0000 1350.0000 -0.9817 0.7952 0.0038 1.2813 129.0079 0.1285 0.0376 0.0209 -0.0299 -0.0078 -0.0036 0.0935 0.1976 0.1862
1494720000.0000 1650.0000 -0.9072 1.0381 -0.0810 1.3908 138.8497 0.0229 0.0498 0.0224 -0.0016 -0.0013 -0.0088 0.0475 0.1289 0.1129
1494720000.0000 1950.0000 -0.8975 1.0984 -0.0034 1.4409 140.7476 0.0474 0.1135 0.0196 -0.0118 0.0033 -0.0055 0.0903 0.1729 0.1633
1494720000.0000 2250.0000 -1.4149 1.0264 0.0657 1.7661 125.9579 0.0520 0.0588 0.0305 0.0074 -0.0023 -0.0145 0.0707 0.1241 0.1099
1494720000.0000 2550.0000 -1.6501 1.1275 -0.1066 2.0055 124.3460 0.0286 0.0302 0.0215 -0.0027 0.0005 -0.0089 0.0401 0.0817 0.0700
1494720000.0000 2850.0000 -1.2423 1.0208 -0.0919 1.6189 129.4106 0.0623 0.0379 0.0219 -0.0138 0.0096 -0.0102 0.0611 0.1253 0.1136
1494720000.0000 3150.0000 -1.0617 0.9177 -0.0823 1.4160 130.8414 0.0426 0.0394 0.0226 -0.0046 0.0044 -0.0094 0.0523 0.1328 0.1178
1494720000.0000 3450.0000 -0.9488 0.7643 -0.1122 1.2303 128.8536 0.0382 0.0377 0.0183 -0.0079 -0.0059 -0.0087 0.0471 0.1448 0.1305
1494720000.0000 3750.0000 -0.9753 0.7411 -0.0601 1.2339 127.2300 0.0235 0.0191 0.0082 0.0014 -0.0005 -0.0047 0.0254 0.1061 0.0972
1494720000.0000 4050.0000 -1.1339 0.8625 -0.0604 1.4350 127.2602 0.0386 0.0244 0.0167 -0.0001 -0.0046 -0.0068 0.0399 0.1143 0.1018
1494720000.0000 4350.0000 -1.0115 0.8414 -0.0335 1.3244 129.7572 0.0217 0.0244 0.0144 -0.0004 -0.0014 -0.0016 0.0303 0.1079 0.0942
1494720000.0000 4650.0000 -1.1038 0.7729 -0.0312 1.3546 125.0011 0.0241 0.0180 0.0120 -0.0013 -0.0018 -0.0018 0.0271 0.0997 0.0880
1494720000.0000 4950.0000 -0.7945 0.7302 -0.0719 1.1044 132.5848 0.0744 0.0200 0.0103 0.0108 -0.0088 -0.0002 0.0524 0.1728 0.1644
1494720000.0000 5250.0000 -0.5493 0.3578 0.0555 0.7057 123.0809 0.0162 0.0903 0.0069 -0.0054 -0.0016 -0.0113 0.0567 0.2955 0.2874
1494720000.0000 5550.0000 -0.1046 -0.0174 0.0213 0.1804 80.5590 0.0178 0.0119 0.0063 0.0029 0.0026 0.0003 0.0180 1.0137 0.9386
1494720000.0000 5850.0000 -0.0817 -0.0919 0.0016 0.2443 41.6138 0.0388 0.0199 0.0041 -0.0168 0.0035 -0.0038 0.0314 1.1767 1.1376
1494720000.0000 6150.0000 -0.7179 0.3098 0.0155 0.7902 113.3415 0.0260 0.0212 0.0020 -0.0156 -0.0013 0.0002 0.0246 0.1636 0.1604
1494720000.0000 6450.0000 -0.2144 0.0404 0.0160 0.3593 100.6743 0.1298 0.0099 0.0107 -0.0219 -0.0211 0.0015 0.0752 1.0234 0.9890
1494720000.0000 6750.0000 -0.1244 0.0126 0.0028 0.1874 95.7877 0.0172 0.0088 0.0076 -0.0076 -0.0095 0.0046 0.0167 0.8446 0.7433
1494720000.0000 7050.0000 -0.1483 -0.0780 0.0506 0.3292 62.2485 0.0837 0.0629 0.0454 0.0626 -0.0255 -0.0174 0.0960 1.4448 1.3187
1494720000.0000 7350.0000 0.0944 0.0222 0.0166 0.1955 256.7805 0.0216 0.0141 0.0074 0.0006 0.0019 -0.0031 0.0216 1.2194 1.1261
1494720000.0000 7650.0000 -0.0357 0.0942 0.0371 0.3018 159.2593 0.0464 0.0568 0.0178 0.0443 -0.0203 -0.0208 0.0605 1.8705 1.8411
1494720000.0000 7950.0000 -0.3844 0.3658 -0.0382 0.5841 133.5757 0.0803 0.0383 0.0031 -0.0250 -0.0007 -0.0024 0.0609 0.3786 0.3747
1494720000.0000 8250.0000 -0.7580 0.6660 -0.0321 1.0182 131.3040 0.0236 0.0288 0.0077 -0.0075 -0.0022 -0.0059 0.0300 0.1402 0.1310
1494720000.0000 8550.0000 -0.3381 0.0042 0.0350 0.4126 90.7117 0.0790 0.0462 0.0111 -0.0258 -0.0069 -0.0002 0.0681 0.6268 0.6041
1494720000.0000 8850.0000 -0.1124 0.0341 -0.0009 0.2014 106.8767 0.0217 0.0138 0.0070 0.0080 -0.0040 -0.0053 0.0213 1.0137 0.9263
1494720000.0000 9150.0000 -0.0276 0.2720 -0.0068 0.3735 174.1980 0.0442 0.0331 0.0023 0.0256 -0.0027 -0.0056 0.0398 0.5956 0.5870
1494720000.0000 9450.0000 -0.2906 0.2975 -0.0293 0.4307 135.6740 0.0165 0.0126 0.0088 -0.0018 0.0014 -0.0069 0.0190 0.2698 0.2368
1494720000.0000 9750.0000 -0.6596 0.5256 0.0263 0.9445 128.5477 0.0720 0.1263 0.0221 0.0602 -0.0079 -0.0229 0.1102 0.3213 0.3049
1494720000.0000 10050.0000 -0.5641 0.6427 0.0282 0.9324 138.7246 0.1045 0.0594 0.0157 0.0538 -0.0045 -0.0109 0.0898 0.2860 0.2733
1494720000.0000 10350.0000 -0.1826 0.2968 -0.0159 0.4578 148.3999 0.0644 0.0615 0.0238 0.0027 -0.0156 -0.0192 0.0749 0.6406 0.5881
1494720000.0000 10650.0000 -0.2413 -0.1071 -0.0049 0.3301 66.0689 0.0426 0.0155 0.0107 -0.0188 0.0059 -0.0025 0.0344 0.5738 0.5274
1494720000.0000 10950.0000 -0.3714 0.0649 0.0390 0.5956 99.9110 0.0562 0.1932 0.0183 0.0544 0.0003 -0.0382 0.1339 0.7883 0.7649
1494720000.0000 11250.0000 -0.3851 0.6546 -0.0414 0.7768 149.5291 0.0366 0.0616 0.0149 -0.0271 0.0123 -0.0203 0.0565 0.2553 0.2383
1494720000.0000 11550.0000 -1.0979 0.6300 -0.0066 1.2781 119.8464 0.0242 0.0184 0.0078 0.0117 -0.0049 -0.0055 0.0252 0.1024 0.0941
1494720000.0000 11850.0000 -0.9013 0.7621 0.0001 1.1913 130.2182 0.0230 0.0319 0.0109 -0.0016 0.0001 0.0000 0.0329 0.1254 0.1146
1494720000.0000 12150.0000 -0.4818 0.3282 0.0443 0.6593 124.2602 0.0486 0.1238 0.0150 -0.0470 0.0099 -0.0144 0.0937 0.4274 0.4112
1494720000.0000 12450.0000 0.3310 -0.3252 0.0120 0.5364 314.4903 0.1088 0.0153 0.0110 -0.0166 -0.0018 -0.0010 0.0675 0.4570 0.4381
1494720000.0000 12750.0000 0.6023 -0.2980 0.0185 0.6940 296.3235 0.0281 0.0265 0.0143 0.0089 0.0051 0.0009 0.0345 0.2256 0.2009
1494720000.0000 13050.0000 0.6281 -0.2545 -0.0206 0.7131 292.0576 0.0369 0.0354 0.0103 0.0218 -0.0021 -0.0009 0.0413 0.2446 0.2290
1494720000.0000 13350.0000 0.3529 -0.2936 -0.0382 0.4850 309.7630 0.0170 0.0227 0.0075 0.0066 -0.0002 0.0032 0.0236 0.2722 0.2505
1494720000.0000 13650.0000 0.2477 -0.3338 0.0273 0.4335 323.4162 0.0112 0.0141 0.0081 0.0005 -0.0051 -0.0044 0.0167 0.2535 0.2210
1494720000.0000 13950.0000 -0.0772 -0.1583 -0.0097 0.1994 26.0033 0.0047 0.0081 0.0052 -0.0024 -0.0007 0.0032 0.0090 0.4392 0.3713
1494720000.0000 14250.0000 -0.1727 0.2625 0.0204 0.3224 146.6549 0.0097 0.0233 0.0054 -0.0111 0.0040 -0.0031 0.0192 0.3591 0.3339
1494720000.0000 14550.0000 -0.3672 0.6237 -0.0295 0.7292 149.5174 0.0142 0.0099 0.0030 -0.0062 0.0013 -0.0028 0.0136 0.1314 0.1239
1494720000.0000 14850.0000 -0.1493 0.1102 0.0338 0.2140 126.4333 0.0156 0.0091 0.0028 0.0003 -0.0031 0.0013 0.0138 0.5077 0.4887
1494720000.0000 15150.0000 -0.4058 0.1692 -0.0004 0.4473 112.6346 0.0083 0.0071 0.0023 -0.0009 0.0009 -0.0006 0.0088 0.1746 0.1630
1494720000.0000 15450.0000 -0.4863 0.0508 -0.0079 0.5305 95.9653 0.0101 0.0437 0.0064 0.0115 -0.0016 -0.0038 0.0301 0.2896 0.2737
1494720000.0000 15750.0000 -0.5972 0.6146 -0.0254 0.8912 135.8259 0.0729 0.0163 0.0131 0.0120 -0.0075 -0.0061 0.0511 0.2154 0.2012
1494720000.0000 16050.0000 -0.4904 0.4128 0.0369 0.6768 130.0903 0.0613 0.0540 0.0100 -0.0124 -0.0053 -0.0058 0.0626 0.3182 0.3058
1494720000.0000 16350.0000 -0.2809 0.2414 -0.0156 0.6864 130.6789 0.3144 0.1233 0.0335 -0.1749 0.0011 -0.0082 0.2356 1.0691 1.0313
1494720000.0000 16650.0000 -0.0433 -0.4062 -0.0007 0.6469 6.0814 0.1751 0.1213 0.0254 -0.0980 -0.0019 -0.0054 0.1609 0.8018 0.7695
1494720000.0000 16950.0000 -0.4123 0.3699 0.0648 0.5703 131.9027 0.0130 0.0275 0.0036 -0.0032 0.0027 -0.0027 0.0220 0.2172 0.2096
1494720000.0000 17250.0000 0.0078 0.1607 -0.0142 0.2022 182.7924 0.0148 0.0064 0.0039 -0.0063 -0.0050 0.0027 0.0125 0.5657 0.5222
1494720000.0000 17550.0000 0.0136 0.1249 -0.0506 0.1899 186.2187 0.0167 0.0152 0.0049 -0.0106 0.0001 0.0009 0.0184 0.8182 0.8207
1494720000.0000 17850.0000 -0.3215 0.1030 0.0611 0.3803 107.7631 0.0149 0.0237 0.0131 0.0125 -0.0045 -0.0077 0.0259 0.3827 0.3360
1494720000.0000 18150.0000 -0.2909 0.3763 -0.0422 0.4834 142.2966 0.0178 0.0170 0.0036 -0.0095 0.0020 -0.0005 0.0192 0.2369 0.2265
1494720000.0000 18450.0000 0.0109 0.1944 0.0085 0.2301 183.1968 0.0121 0.0144 0.0040 -0.0066 0.0030 -0.0026 0.0152 0.5169 0.4820
1494720000.0000 18750.0000 0.0595 -0.0168 0.0118 0.1280 285.7283 0.0078 0.0073 0.0028 -0.0025 0.0026 -0.0017 0.0089 1.2265 1.1454
1494720000.0000 19050.0000 -0.3182 0.3766 -0.0615 0.5052 139.8009 0.0186 0.0517 0.0138 -0.0241 0.0099 -0.0133 0.0421 0.3371 0.3105
1494720000.0000 19350.0000 -0.4778 0.4493 -0.0219 0.6824 133.2398 0.0936 0.0253 0.0084 -0.0167 0.0011 -0.0033 0.0637 0.3139 0.3036
1494720000.0000 19650.0000 -0.8002 0.4716 0.0171 0.9555 120.5122 0.0692 0.0439 0.0369 -0.0053 0.0028 -0.0183 0.0750 0.2407 0.2090
1494720000.0000 19950.0000 -0.5677 0.2580 -0.0511 0.6347 114.4401 0.0627 0.0247 0.0039 -0.0301 0.0013 -0.0002 0.0457 0.2788 0.2738
1494720000.0000 20250.0000 -0.1900 0.0605 0.0003 0.2595 107.6598 0.0342 0.0238 0.0069 0.0201 -0.0042 -0.0046 0.0324 0.7370 0.6970
1494720000.0000 20550.0000 -0.5401 0.3733 0.0033 0.7191 124.6520 0.0450 0.0946 0.0332 0.0006 0.0123 -0.0157 0.0864 0.3655 0.3285
1494720000.0000 20850.0000 -0.8071 0.4525 0.0140 0.9563 119.2787 0.0850 0.0356 0.0186 0.0114 -0.0032 -0.0046 0.0696 0.2328 0.2166
1494720000.0000 21150.0000 -1.0821 0.3683 -0.0556 1.1694 108.7976 0.0338 0.0613 0.0212 0.0012 0.0029 0.0086 0.0582 0.1721 0.1558
1494720000.0000 21450.0000 -0.9701 0.3410 0.0212 1.0727 109.3667 0.1633 0.1218 0.0324 -0.0578 0.0239 -0.0023 0.1587 0.3162 0.2998
1494720000.0000 21750.0000 -1.1073 0.5333 0.0314 1.2706 115.7186 0.1222 0.0730 0.0364 0.0336 0.0260 0.0048 0.1159 0.2261 0.2076
1494720000.0000 22050.0000 -1.5537 0.3329 -0.0775 1.6393 102.0924 0.1901 0.1339 0.1138 -0.0050 0.0763 -0.0112 0.2189 0.2401 0.2068
1494720000.0000 22350.0000 -1.4169 0.6224 -0.0927 1.5788 113.7162 0.1141 0.0661 0.0370 0.0283 -0.0068 -0.0064 0.1086 0.1736 0.1584
1494720000.0000 22650.0000 -1.1813 1.1555 -0.1502 1.6825 134.3679 0.1240 0.1481 0.0656 -0.0357 0.0311 -0.0126 0.1689 0.2022 0.1822
1494720000.0000 22950.0000 -0.8893 0.8987 -0.2276 1.2941 135.3017 0.0874 0.0933 0.0797 -0.0143 -0.0058 -0.0317 0.1301 0.2293 0.1941
1494720000.0000 23250.0000 -1.0178 0.9352 -0.1591 1.4197 132.5770 0.0717 0.1106 0.0659 0.0093 -0.0175 -0.0278 0.1241 0.2067 0.1783
1494720000.0000 23550.0000 -0.9692 0.8699 -0.1342 1.3574 131.9101 0.1590 0.2833 0.1094 -0.0904 0.0374 -0.0909 0.2759 0.3275 0.2948
1494720000.0000 23850.0000 -0.7284 0.5632 -0.0652 0.9802 127.7122 0.0895 0.1091 0.0454 0.0119 -0.0078 -0.0364 0.1220 0.3090 0.2794
1494720000.0000 24150.0000 -1.2986 0.9355 -0.0306 1.6338 125.7682 0.1212 0.1117 0.0653 -0.0064 -0.0027 -0.0210 0.1491 0.1970 0.1741
1494720000.0000 24450.0000 -1.2450 0.3361 -0.1712 1.3414 105.1099 0.1575 0.1573 0.1408 -0.0304 0.0173 -0.0375 0.2278 0.2996 0.2512
1494720000.0000 24750.0000 -1.2171 0.5006 -0.0878 1.3489 112.3575 0.0954 0.1123 0.1130 -0.0386 0.0074 -0.0446 0.1603 0.2479 0.1999
1494720000.0000 25050.0000 -1.4388 0.7525 -0.0477 1.6648 117.6095 0.0998 0.1675 0.0716 -0.0373 -0.0124 -0.0022 0.1695 0.2069 0.1839
1494720000.0000 25350.0000 -1.4844 0.9946 -0.1037 1.8227 123.8254 0.2998 0.1646 0.0972 -0.0898 0.0378 -0.0167 0.2808 0.2418 0.2202
1494720000.0000 25650.0000 -1.7719 1.1502 -0.1630 2.1454 122.9879 0.1631 0.1528 0.0835 -0.0212 0.0307 -0.0393 0.1997 0.1722 0.1536
1494720000.0000 25950.0000 -1.8176 0.8561 -0.1352 2.0341 115.2209 0.1195 0.1039 0.0881 -0.0066 0.0203 -0.0045 0.1558 0.1600 0.1358
1494720000.0000 26250.0000 -1.6930 1.2259 -0.2776 2.1572 125.9084 0.1542 0.2276 0.1028 0.0651 -0.0516 -0.0558 0.2423 0.1906 0.1707
1494720000.0000 26550.0000 -0.9850 0.2471 -0.0824 1.0849 104.0841 0.1542 0.1295 0.0816 0.0165 0.0351 -0.0317 0.1827 0.3425 0.3028
1494720000.0000 26850.0000 -1.7914 0.9715 -0.2043 2.0577 118.4703 0.0588 0.0856 0.0553 0.0023 -0.0204 -0.0023 0.0999 0.1260 0.1077
1494720000.0000 27150.0000 -1.4802 0.6745 -0.1435 1.6798 114.4987 0.0712 0.2065 0.0723 -0.0296 0.0206 -0.0337 0.1750 0.2091 0.1870
1494720000.0000 27450.0000 -1.0599 0.1095 -0.0592 1.1439 95.9010 0.1229 0.1429 0.0575 0.0455 0.0288 0.0065 0.1616 0.3076 0.2793
1494720000.0000 27750.0000 -0.8534 0.4813 -0.0264 1.0173 119.4226 0.1056 0.0528 0.0511 0.0123 0.0139 0.0049 0.1048 0.2697 0.2346
1494720000.0000 28050.0000 -1.2203 0.1133 0.0433 1.2980 95.3060 0.2477 0.1240 0.0778 0.0507 0.0692 0.0039 0.2247 0.3156 0.2872
1494720000.0000 28350.0000 -1.1056 0.6882 -0.0659 1.3406 121.8996 0.1093 0.1087 0.0698 -0.0169 0.0167 -0.0049 0.1439 0.2375 0.2070
1494720000.0000 28650.0000 -0.9732 0.0566 0.1035 1.2062 93.3302 0.3422 0.5376 0.1925 -0.0142 0.1395 -0.0316 0.5361 0.6098 0.5555
1494720000.0000 28950.0000 -0.8717 -0.1005 0.1173 0.9804 83.4210 0.2283 0.1917 0.2028 0.0643 0.0818 -0.0056 0.3114 0.5147 0.4265
1494720000.0000 29250.0000 -0.7305 -0.0115 0.3709 0.8678 89.0981 0.2544 0.2073 0.1712 -0.0454 0.1125 -0.0130 0.3165 0.5606 0.5370
1494720000.0000 29550.0000 -1.1310 -0.0735 0.0447 1.2222 86.2807 0.2224 0.2074 0.1272 0.0416 0.0773 0.0627 0.2785 0.3799 0.3340
1494720000.0000 29850.0000 -1.4255 -0.0433 0.0021 1.5264 88.2594 0.4173 0.2695 0.2046 0.0756 0.1865 0.0699 0.4457 0.3822 0.3355
1494720000.0000 30150.0000 -0.8777 0.4675 0.2205 1.0596 118.0426 0.1645 0.1325 0.1080 -0.0099 0.0682 0.0111 0.2025 0.3607 0.3164
1494720000.0000 30450.0000 -0.8006 0.3144 -0.1532 0.9970 111.4384 0.1125 0.2809 0.1964 -0.0247 -0.0021 -0.0175 0.2949 0.5076 0.4210
1494720000.0000 30750.0000 -0.9060 0.5544 -0.0497 1.1351 121.4641 0.3408 0.2659 0.1559 -0.1704 0.1199 -0.0931 0.3813 0.4741 0.4233
1494720000.0000 31050.0000 -1.9607 1.1574 -0.0233 2.3670 120.5543 0.4239 0.3527 0.1762 -0.0039 0.0463 -0.0766 0.4764 0.2475 0.2235
1494720000.0000 31350.0000 -1.8712 0.9725 -0.2279 2.1485 117.4612 0.2648 0.2118 0.1055 -0.0883 0.0008 0.0147 0.2911 0.2077 0.1890
1494720000.0000 31650.0000 -2.0104 1.1282 -0.2471 2.3436 119.3015 0.1960 0.2967 0.1269 -0.1218 -0.0017 -0.0299 0.3098 0.1960 0.1758
1494720000.0000 31950.0000 -1.1946 0.3906 -0.2624 1.3036 108.1061 0.1886 0.1545 0.0754 -0.0756 0.0399 -0.0040 0.2092 0.2909 0.2691
1494720000.0000 32250.0000 -0.8153 -0.1975 -0.0689 1.0017 76.3807 0.1618 0.3081 0.1431 0.0231 0.0574 0.0094 0.3065 0.5370 0.4718
1494720000.0000 32550.0000 -0.0829 0.4295 -0.0358 0.5574 169.0726 0.1258 0.0564 0.1366 -0.0447 0.0576 -0.0112 0.1594 0.7428 0.5634
1494720000.0000 32850.0000 0.8653 -0.4093 0.0331 1.0172 295.3159 0.0771 0.1427 0.1061 -0.0333 -0.0279 0.0290 0.1629 0.3441 0.2828
1494720000.0000 33150.0000 0.9466 -1.3688 -0.0352 1.7078 325.3340 0.1579 0.1957 0.1338 -0.0440 -0.0900 0.0159 0.2437 0.2422 0.2063
1494720000.0000 33450.0000 0.7144 -1.2686 0.1366 1.5446 330.6141 0.1617 0.4057 0.1487 0.0500 -0.0459 0.0290 0.3580 0.3341 0.2987
1494720000.0000 33750.0000 0.5950 -1.7837 0.1031 1.9312 341.5532 0.1506 0.3849 0.1398 -0.0273 -0.0108 0.0780 0.3376 0.2519 0.2247
1494720000.0000 34050.0000 0.4189 -1.6723 -0.0173 1.7563 345.9377 0.1031 0.1726 0.0888 0.0048 -0.0024 -0.0035 0.1822 0.2022 0.1758
1494720000.0000 34350.0000 0.4066 -1.2534 -0.0337 1.3443 342.0271 0.0722 0.1149 0.1899 -0.0155 -0.0393 0.0030 0.1885 0.2689 0.1895
1494720000.0000 34650.0000 -0.4500 -0.7773 -0.4371 1.0262 30.0692 0.2307 0.1701 0.2127 -0.0166 0.1058 -0.0972 0.3068 0.4527 0.4070
1494720000.0000 34950.0000 -1.1954 -0.6371 -0.0630 1.4758 61.9432 0.5250 0.2271 0.1853 0.0014 -0.0060 0.0756 0.4687 0.4122 0.3696
1494720000.0000 35250.0000 -1.1742 -0.0034 -0.0616 1.2270 89.8353 0.2109 0.1212 0.2673 0.0424 0.1066 0.0268 0.2997 0.3801 0.2834
1494720000.0000 35550.0000 -1.0556 -0.1727 -0.0130 1.1685 80.7081 0.1834 0.2211 0.1705 0.0255 0.0923 0.0045 0.2875 0.4093 0.3433
1494720000.0000 35850.0000 -0.9045 0.1377 0.0935 1.0146 98.6551 0.1435 0.1829 0.3217 -0.0370 0.0149 0.0679 0.3241 0.5054 0.3605
1494720000.0000 36150.0000 -1.0004 -0.3031 -0.0328 1.3107 73.1451 0.1752 0.6288 0.1775 -0.1330 0.0766 -0.0198 0.4907 0.5469 0.4952
1494720000.0000 36450.0000 -0.8245 0.6372 -0.0365 1.1619 127.6970 0.3281 0.1868 0.2119 0.0393 0.0578 0.0224 0.3634 0.4721 0.3976
1494720000.0000 36750.0000 -1.8451 1.2982 -0.3358 2.4232 125.1309 0.4235 0.5869 0.2394 0.2281 0.0709 -0.0150 0.6249 0.2830 0.2572
1494720000.0000 37050.0000 -1.5571 1.2243 0.0831 2.0542 128.1766 0.3350 0.3603 0.3065 -0.0641 0.0614 -0.1233 0.5009 0.2915 0.2431
1494720000.0000 37350.0000 -1.2590 0.8311 -0.2438 1.7440 123.4277 0.5022 0.5647 0.3336 0.1879 -0.0426 0.0533 0.7003 0.4471 0.3953
1494720000.0000 37650.0000 0.1305 -0.7986 0.2598 1.3231 350.7196 0.8486 0.4785 0.4821 -0.2321 -0.2618 0.1878 0.9046 0.9137 0.8219
1494720000.0000 37950.0000 0.9786 -1.0543 -0.1073 1.5047 317.1312 0.0960 0.2315 0.1447 0.0300 -0.0163 0.0407 0.2361 0.2751 0.2297
1494720000.0000 38250.0000 1.3324 -0.4922 -0.2025 1.5796 290.2750 0.1811 0.4999 0.1595 0.1088 -0.0418 -0.1209 0.4202 0.3689 0.3354
1494720000.0000 38550.0000 0.8027 -0.0408 -0.3467 0.8641 272.9097 0.3107 0.0560 0.0931 0.0130 -0.0677 -0.0361 0.2299 0.4472 0.4350
1494720000.0000 38850.0000 -0.3548 -0.1962 0.1267 0.4947 61.0541 0.0984 0.0679 0.1476 0.0260 -0.0075 0.0459 0.1569 0.7614 0.5806
1494720000.0000 39150.0000 -1.0038 0.5881 0.0529 1.2984 120.3658 0.1587 0.3528 0.1507 0.0049 -0.0115 0.0306 0.3311 0.4034 0.3549
1494720000.0000 39450.0000 -0.9776 0.7481 0.0293 1.4505 127.4270 0.3621 0.4249 0.3229 0.1451 0.0690 0.0849 0.5550 0.4940 0.4161
1494720000.0000 39750.0000 -0.8741 -0.3267 0.1579 1.3069 69.5094 0.8456 0.4237 0.2408 0.1452 0.1847 -0.0115 0.7550 0.7496 0.6970
1494720000.0000 40050.0000 -0.3318 0.7438 -0.1428 0.9687 155.9568 0.2197 0.2998 0.2730 0.0633 0.0306 -0.0375 0.3963 0.6216 0.5109
1494720000.0000 40350.0000 -0.8424 0.3876 -0.2538 1.1128 114.7102 0.3273 0.2661 0.2921 0.0987 -0.0147 0.0310 0.4427 0.5651 0.4796
1494720000.0000 40650.0000 -2.0974 1.6016 -0.2408 2.7233 127.3654 0.6322 0.1937 0.1441 0.0329 0.0411 -0.0305 0.4850 0.2146 0.1988
1494720000.0000 40950.0000 -1.4309 1.0870 -0.1398 1.9539 127.2232 1.7959 0.6497 0.2061 -0.8218 0.3577 -0.2268 1.3259 0.5216 0.5024
1494720000.0000 41250.0000 -1.3230 1.0935 -0.3178 1.8091 129.5734 0.7113 0.7464 0.1362 -0.5272 -0.0050 -0.0697 0.7969 0.4176 0.4061
1494720000.0000 41550.0000 0.3826 -0.3314 -0.0887 0.5537 310.8994 0.0622 0.0435 0.0453 -0.0114 0.0079 -0.0003 0.0755 0.4365 0.3707
1494720000.0000 41850.0000 0.7932 -0.3324 0.1019 0.8866 292.7359 0.0646 0.0414 0.0584 0.0079 -0.0038 0.0003 0.0822 0.2703 0.2186
1494720000.0000 42150.0000 0.5764 -0.6256 -0.2781 0.9638 317.3430 0.2108 0.0958 0.0816 0.0738 -0.0078 0.0001 0.1941 0.4019 0.3758
1494720000.0000 42450.0000 -0.6122 -0.1957 0.0210 0.8316 72.2717 0.1467 0.2867 0.1244 0.0317 0.0397 0.0140 0.2789 0.6705 0.5914
1494720000.0000 42750.0000 -0.1915 -1.2374 -0.0689 1.5308 8.7966 0.7734 0.2253 0.1773 -0.0625 0.2258 -0.0102 0.5880 0.4993 0.4608
1494720000.0000 43050.0000 -0.8883 -0.0815 0.2807 0.9991 84.7563 0.2500 0.1758 0.2198 -0.0053 0.1076 0.0319 0.3228 0.4961 0.4224
1494720000.0000 43350.0000 -0.5573 -0.6499 0.0796 1.0737 40.6117 0.1280 0.4252 0.1374 -0.0346 -0.0049 0.1016 0.3453 0.5581 0.5016
1494720000.0000 43650.0000 0.0106 -0.9680 -0.0778 1.0866 359.3699 0.2213 0.1548 0.1225 0.0091 0.0493 0.0001 0.2494 0.4198 0.3658
1494720000.0000 43950.0000 0.2326 -1.1717 -0.1328 1.2315 348.7735 0.0807 0.1601 0.1487 0.0017 0.0099 -0.0441 0.1948 0.2998 0.2372
1494720000.0000 44250.0000 -0.4919 -0.1310 0.0418 0.9956 75.0890 0.8700 0.7103 0.3139 -0.4929 -0.0537 0.0049 0.9471 1.5558 1.4258
1494720000.0000 44550.0000 -1.7235 1.3088 -0.1287 2.2611 127.2123 0.2945 0.6686 0.1850 -0.1246 0.0916 -0.1076 0.5740 0.2853 0.2618
1494720000.0000 44850.0000 -1.6698 1.2471 -0.4341 2.2795 126.7540 0.2901 0.8811 0.3189 0.0942 -0.0838 -0.0907 0.7450 0.3311 0.2998
1494720000.0000 45150.0000 -0.7259 0.2252 -0.3001 1.0497 107.2380 0.4307 0.3759 0.2437 -0.0169 -0.0726 -0.0310 0.5251 0.7241 0.6822
1494720000.0000 45450.0000 -0.1928 0.2561 0.0393 0.7919 143.0207 0.2656 0.4238 0.2113 -0.1646 0.0090 0.0610 0.4504 1.6967 1.4955
1494720000.0000 45750.0000 0.1783 -0.2093 0.1141 1.4497 319.5731 1.4217 0.8871 0.5110 -0.4341 0.3191 -0.3125 1.4099 3.2563 3.1903
1494720000.0000 46050.0000 -1.8776 0.7082 -0.2644 2.1092 110.6658 0.4146 0.4314 0.2814 -0.0927 -0.1283 -0.0448 0.5638 0.3029 0.2646
1494720000.0000 46350.0000 -1.5927 0.0334 -0.0303 1.7229 91.1995 1.3440 0.3441 0.1864 -0.4638 0.0104 0.0174 0.9373 0.4961 0.4709
1494720000.0000 46650.0000 -1.0221 0.0268 -0.2210 1.2042 91.5014 0.6095 0.2833 0.1109 0.1826 0.0252 0.0251 0.5018 0.5529 0.5335
1494720000.0000 46950.0000 -0.1243 -0.2330 0.1646 0.8669 28.0784 0.7264 0.5019 0.1188 -0.4216 -0.0072 0.0317 0.6735 2.1533 2.4227
1494720000.0000 47250.0000 -2.1317 1.4315 -0.1746 2.6750 123.8818 1.0393 0.2761 0.2430 -0.0305 -0.1022 -0.0709 0.7792 0.2800 0.2579
1494720000.0000 47550.0000 -1.6158 1.9553 -0.4043 2.6020 140.4317 0.4641 0.4434 0.3395 -0.1585 0.1860 -0.1262 0.6235 0.2510 0.2168
1494720000.0000 47850.0000 -1.8934 0.9017 -0.1792 2.2207 115.4652 0.4788 0.5520 0.2135 -0.2112 0.0230 -0.0153 0.6222 0.3060 0.2795
1494720000.0000 48150.0000 -0.9755 -0.1317 0.5809 1.2901 82.3133 0.5853 0.6868 0.3516 0.1715 -0.0132 0.1506 0.8118 0.6436 0.6615
1494720000.0000 48450.0000 0.3260 -0.8567 0.1575 1.0622 339.1657 0.1710 0.5076 0.1549 -0.0766 -0.0673 0.0786 0.4167 0.5667 0.5188
1494720000.0000 48750.0000 -0.3346 0.9292 -0.1909 1.3441 160.1977 0.6536 1.3278 0.6184 -0.1811 -0.0263 0.1194 1.2999 0.9255 0.8229
1494720000.0000 49050.0000 0.2714 -0.0994 0.0293 0.5165 290.1192 0.1243 0.1882 0.2499 -0.0355 0.0404 -0.1101 0.2812 1.4901 1.1165
1494720000.0000 49350.0000 1.0431 -0.7134 -0.0780 1.3693 304.3682 0.3477 0.2700 0.3157 0.0115 -0.0886 -0.0826 0.4667 0.4405 0.3590
1494720000.0000 49650.0000 -0.3367 -0.8068 -0.0738 1.7514 22.6518 0.8547 2.1184 0.2613 -1.0312 0.0377 -0.1250 1.6172 1.1835 1.1387
1494720000.0000 49950.0000 -0.6262 0.5253 -0.3304 1.4074 129.9921 0.8519 0.9063 0.1603 -0.6001 0.0832 -0.1082 0.9592 0.9070 0.9366
1494720000.0000 50250.0000 -1.5972 0.4995 -0.3719 1.9010 107.3654 0.5702 0.7617 0.5079 -0.3130 -0.1831 -0.0525 0.9199 0.4568 0.3981
1494720000.0000 50550.0000 -1.7951 0.1975 -0.1638 1.8773 96.2774 0.2671 0.2919 0.1552 -0.1305 0.0004 -0.0445 0.3571 0.2691 0.2390
1494720000.0000 50850.0000 -1.8934 0.4692 -0.1146 2.1409 103.9170 1.0483 0.9500 0.3029 -0.3943 -0.1695 0.1334 1.1506 0.4482 0.4184
1494720000.0000 51150.0000 -0.7170 0.6298 -0.6052 1.2405 131.2989 0.3775 0.8384 0.4863 -0.1555 -0.0958 -0.1171 0.8511 0.6666 0.6671
1494720000.0000 51450.0000 -0.2551 -0.0706 0.2255 0.7700 74.5295 0.3160 0.3584 0.1532 0.1089 0.1147 0.0866 0.4138 1.5104 1.7911
1494720000.0000 51750.0000 1.0059 -0.4433 0.0822 1.1894 293.7828 0.3122 0.1008 0.2590 0.0403 0.0344 -0.0413 0.3360 0.4294 0.3375
1494720000.0000 52050.0000 -1.0711 0.7378 -0.1009 1.7368 124.5591 1.3166 0.3188 0.2387 -0.2764 0.2344 -0.0220 0.9370 0.6059 0.5677
1494720000.0000 52350.0000 -2.0693 0.7394 -0.1506 2.2716 109.6639 0.5755 0.3952 0.1999 -0.2455 0.1221 -0.0290 0.5853 0.2836 0.2589
1494720000.0000 52650.0000 -1.8885 1.1252 -0.2758 2.2382 120.7877 0.1354 0.2281 0.1265 -0.0202 -0.0278 0.0049 0.2450 0.1824 0.1583
1494720000.0000 52950.0000 -1.7620 1.6870 -0.3426 2.5025 133.7539 0.3007 0.3640 0.1816 -0.0132 -0.0329 -0.1048 0.4231 0.2156 0.1930
1494720000.0000 53250.0000 -1.8116 1.5392 -0.2103 2.4450 130.3527 0.5122 0.2396 0.1396 -0.0459 0.0538 -0.0587 0.4457 0.2284 0.2106
1494720000.0000 53550.0000 -1.3462 0.4343 -0.1333 1.4474 107.8785 0.2298 0.1165 0.1106 -0.0590 0.0291 -0.0044 0.2285 0.2747 0.2402
1494720000.0000 53850.0000 0.2495 -0.2378 0.0614 0.6079 313.6165 0.1832 0.1747 0.0570 -0.1084 0.0118 -0.0467 0.2075 1.0624 1.0023
1494720000.0000 54150.0000 0.2701 -0.0669 -0.1257 0.5368 283.9156 0.1988 0.1130 0.0700 0.0042 -0.0417 -0.0216 0.1909 1.1682 1.1584
1494720000.0000 54450.0000 -0.4573 -0.0694 0.1194 0.8252 81.3698 0.5071 0.1687 0.0584 -0.0469 0.0321 -0.0103 0.3671 1.0355 1.0261
1494720000.0000 54750.0000 -2.6325 0.6000 -0.2222 2.7623 102.8407 0.5102 0.3840 0.2080 -0.1535 -0.0241 0.0741 0.5511 0.2237 0.2022
1494720000.0000 55050.0000 -1.3751 -0.3353 -0.0684 1.7885 76.2965 1.1869 1.0677 0.8500 -0.5178 -0.2021 -0.0762 1.5523 0.7179 0.6125
1494720000.0000 55350.0000 -0.0887 -0.3645 0.0429 0.6661 13.6786 0.3196 0.1082 0.0871 -0.0038 0.0633 0.0047 0.2574 1.0972 1.0067
1494720000.0000 55650.0000 1.0357 -1.4830 0.1398 1.9722 325.0714 0.5184 0.5329 0.2102 0.1461 -0.0723 -0.0429 0.6308 0.3574 0.3273
1494720000.0000 55950.0000 1.0864 -1.6650 -0.0116 2.1100 326.8755 0.5044 0.5337 0.2128 0.0139 -0.0665 -0.0432 0.6254 0.3248 0.2959
1494720000.0000 56250.0000 1.2479 -1.4728 0.0880 2.0081 319.7257 0.2376 0.4567 0.2636 -0.0306 -0.0201 -0.0272 0.4789 0.2924 0.2492
1494720000.0000 56550.0000 1.6855 -1.6943 -0.0397 2.4527 315.1492 0.4118 0.7057 0.2061 -0.2495 -0.0108 -0.0886 0.6618 0.2779 0.2554
1494720000.0000 56850.0000 1.5671 -1.4039 -0.1533 2.1849 311.8569 0.5241 0.5920 0.3035 -0.2239 -0.0034 0.0050 0.7098 0.3261 0.2899
1494720000.0000 57150.0000 1.1943 -1.5715 -0.1705 2.0318 322.7657 0.2417 0.3823 0.1625 -0.0630 -0.0336 -0.0711 0.3932 0.2584 0.2310
1494720000.0000 57450.0000 0.3966 -0.9775 0.0671 1.1603 337.9154 0.1479 0.2098 0.1011 0.0822 -0.0117 -0.0277 0.2294 0.3700 0.3273
1494720000.0000 57750.0000 1.1254 -0.5970 -0.0520 1.3790 297.9463 0.3855 0.1793 0.1975 0.0674 -0.0818 -0.0101 0.3812 0.3954 0.3406
1494720000.0000 58050.0000 0.7694 -0.3757 0.1126 1.1098 296.0275 0.4760 0.3247 0.1605 0.1168 -0.1043 -0.0353 0.4806 0.6554 0.6034
1494720000.0000 58350.0000 0.8730 -0.9304 0.1395 1.3590 316.8247 0.2214 0.2797 0.0966 -0.0281 -0.0142 0.0099 0.2989 0.3478 0.3203
1494720000.0000 58650.0000 1.7975 -0.2848 -0.2356 2.0719 279.0039 0.3645 0.8816 0.2084 -0.0450 -0.0196 0.0808 0.7273 0.3794 0.3541
1494720000.0000 58950.0000 1.8309 -0.3461 -0.2881 1.9536 280.7040 0.3786 0.2776 0.2673 0.1321 -0.0101 0.0918 0.4617 0.2943 0.2510
1494720000.0000 59250.0000 1.4177 -0.1248 -0.2446 1.5462 275.0306 0.8114 0.2568 0.2081 0.1597 -0.0567 -0.0750 0.6381 0.4517 0.4193
1494720000.0000 59550.0000 1.1852 -0.7414 -0.0709 1.6043 302.0272 0.3892 0.6108 0.4273 -0.0321 -0.0913 0.1572 0.7137 0.4928 0.4130
1494720000.0000 59850.0000 1.2585 -0.3390 0.0178 1.5078 285.0772 0.3085 0.5358 0.3741 0.0469 -0.0962 0.0498 0.6092 0.4889 0.4070
1494720000.0000 60150.0000 0.6854 -0.7745 0.0048 1.1354 318.4910 0.1889 0.2783 0.2120 -0.0227 -0.0636 -0.0423 0.3396 0.4600 0.3815
1494720000.0000 60450.0000 1.0469 -0.7969 -0.1106 1.3800 307.2785 0.1609 0.1855 0.1574 0.0125 -0.0206 -0.0037 0.2519 0.3104 0.2583
1494720000.0000 60750.0000 0.7997 -0.2863 -0.1012 1.2280 289.6952 0.9256 0.3123 0.2459 0.3220 -0.3073 -0.0992 0.7419 0.8221 0.7562
1494720000.0000 61050.0000 0.9514 0.1455 -0.2722 1.1995 261.3056 0.3438 0.4686 0.1769 0.0819 -0.1012 -0.0593 0.4947 0.5741 0.5407
1494720000.0000 61350.0000 0.7337 -0.8336 0.0432 1.1908 318.6471 0.1203 0.1910 0.1249 0.0283 -0.0483 -0.0288 0.2181 0.3431 0.2901
1494720000.0000 61650.0000 1.0264 -0.8254 -0.0973 1.3627 308.8044 0.1933 0.1332 0.0911 -0.0452 -0.0391 0.0341 0.2088 0.2825 0.2505
1494720000.0000 61950.0000 0.4169 -1.2966 -0.0938 1.4902 342.1743 0.3917 0.4013 0.2387 -0.1310 -0.0174 -0.0738 0.5159 0.4296 0.3775
1494720000.0000 62250.0000 0.9265 -1.7337 -0.0234 2.1157 331.8813 0.5330 0.4365 0.3634 0.0421 -0.1394 -0.0224 0.6665 0.3391 0.2892
1494720000.0000 62550.0000 0.8070 -1.8119 0.0269 2.0643 335.9932 0.3917 0.4672 0.2244 -0.1156 -0.0288 -0.0906 0.5417 0.3029 0.2698
1494720000.0000 62850.0000 0.3257 -0.9881 0.2880 1.2572 341.7546 0.3772 0.6467 0.2522 0.1044 -0.0464 -0.0117 0.6380 0.6042 0.5615
1494720000.0000 63150.0000 0.5950 -1.3795 0.1316 1.7154 336.6677 0.6171 1.3128 0.2286 -0.3425 0.0091 -0.0596 1.0793 0.5624 0.5339
1494720000.0000 63450.0000 -0.2505 0.0009 -0.0580 0.8527 90.2100 0.5571 0.3843 0.2348 0.0897 0.0577 0.1143 0.5881 2.4354 2.2364
1494720000.0000 63750.0000 1.2560 -0.2984 -0.0067 1.4302 283.3637 0.3831 0.3723 0.1636 0.2071 0.0164 -0.0599 0.4595 0.4287 0.3887
1494720000.0000 64050.0000 1.0321 0.0266 -0.3418 1.1407 268.5219 0.4396 0.1671 0.1087 0.1949 -0.0895 -0.0601 0.3577 0.4490 0.4356
1494720000.0000 64350.0000 0.1345 -0.0576 0.0812 0.4599 293.1810 0.0907 0.1691 0.0759 0.0317 0.0256 -0.0010 0.1678 1.9985 2.0107
1494720000.0000 64650.0000 -0.5972 0.1193 0.0465 0.8814 101.2992 0.4695 0.2644 0.0646 -0.2035 0.0354 -0.0429 0.3993 0.8448 0.8123
1494720000.0000 64950.0000 -0.3626 -0.7606 0.1948 0.9600 25.4865 0.1429 0.1217 0.0634 -0.0716 0.0381 -0.0041 0.1640 0.3824 0.3525
1494720000.0000 65250.0000 0.3872 -0.6287 0.0931 0.9545 328.3702 0.2292 0.2933 0.0789 0.1830 -0.0044 0.0170 0.3008 0.6017 0.5653
1494720000.0000 65550.0000 0.4369 -0.4176 -0.0166 0.6362 313.7092 0.0261 0.0482 0.0293 0.0034 0.0047 -0.0039 0.0518 0.3072 0.2602
1494720000.0000 65850.0000 0.8591 -1.3314 0.0669 1.6268 327.1674 0.1870 0.3989 0.1820 -0.1171 -0.0566 0.0056 0.3839 0.3190 0.2789
1494720000.0000 66150.0000 0.8101 -1.0882 0.1524 1.3946 323.3332 0.1184 0.2793 0.0754 -0.0854 -0.0176 -0.0024 0.2366 0.2909 0.2684
1494720000.0000 66450.0000 0.8055 -1.0111 0.0733 1.3718 321.4573 0.2325 0.2575 0.1760 -0.0302 -0.0919 0.0146 0.3330 0.3639 0.3126
1494720000.0000 66750.0000 0.4895 -1.4177 0.1620 1.5397 340.9529 0.0760 0.2343 0.1050 0.0274 -0.0259 -0.0695 0.2076 0.2466 0.2144
1494720000.0000 67050.0000 0.6415 -0.4945 0.0977 0.8677 307.6293 0.0900 0.0768 0.0384 0.0159 -0.0295 -0.0050 0.1026 0.3205 0.2911
1494720000.0000 67350.0000 0.9568 -0.3044 0.0665 1.0839 287.6479 0.1052 0.1849 0.0534 -0.0076 -0.0049 0.0274 0.1718 0.3363 0.3098
1494720000.0000 67650.0000 1.3144 -0.6744 0.0356 1.5230 297.1611 0.1799 0.1287 0.0958 0.0089 -0.0555 -0.0269 0.2022 0.2485 0.2171
1494720000.0000 67950.0000 1.1735 -0.3565 -0.0833 1.2509 286.9002 0.1796 0.0542 0.0871 0.0055 -0.0506 0.0064 0.1605 0.2661 0.2277
1494720000.0000 68250.0000 0.6045 -0.1880 0.0182 0.6469 287.2791 0.0607 0.0194 0.0205 -0.0066 -0.0083 0.0016 0.0503 0.2892 0.2582
1494720000.0000 68550.0000 0.4783 -0.1448 0.0374 0.5195 286.8459 0.0255 0.0166 0.0150 0.0038 -0.0051 -0.0011 0.0285 0.2752 0.2369
1494720000.0000 68850.0000 0.0447 -0.1297 0.0666 0.2658 340.9937 0.0397 0.0293 0.0131 -0.0175 0.0046 -0.0084 0.0411 1.0849 1.1057
1494720000.0000 69150.0000 -0.4624 0.4550 -0.0278 0.6537 134.5402 0.0630 0.0418 0.0047 -0.0435 -0.0023 0.0039 0.0548 0.2943 0.2882
1494720000.0000 69450.0000 -0.6842 0.4369 0.0055 0.8202 122.5621 0.0580 0.0208 0.0090 -0.0230 -0.0107 0.0056 0.0439 0.2107 0.1997
1494720000.0000 69750.0000 -0.5189 0.2174 0.0585 0.5754 112.7255 0.0219 0.0109 0.0052 0.0019 -0.0025 -0.0033 0.0190 0.1990 0.1860
1494720000.0000 70050.0000 -0.5531 0.3957 -0.0299 0.6933 125.5767 0.0091 0.0217 0.0034 0.0011 -0.0011 -0.0026 0.0171 0.1567 0.1489
1494720000.0000 70350.0000 -0.4582 0.5296 -0.0035 0.7060 139.1320 0.0128 0.0249 0.0031 -0.0105 0.0017 -0.0023 0.0203 0.1663 0.1599
1494720000.0000 70650.0000 -0.6427 0.4209 0.0218 0.7861 123.2177 0.0647 0.0090 0.0073 -0.0036 -0.0085 -0.0023 0.0405 0.2137 0.2040
1494720000.0000 70950.0000 -1.0883 0.5214 -0.0143 1.2136 115.5983 0.0517 0.0473 0.0139 -0.0410 -0.0048 0.0092 0.0565 0.1608 0.1505
1494720000.0000 71250.0000 -1.3047 1.0338 -0.0477 1.6742 128.3907 0.0516 0.0141 0.0135 0.0016 -0.0007 -0.0023 0.0395 0.0975 0.0889
1494720000.0000 71550.0000 -1.5223 0.9050 -0.0292 1.7727 120.7326 0.0058 0.0067 0.0063 -0.0004 -0.0013 -0.0007 0.0094 0.0447 0.0364
1494720000.0000 71850.0000 -1.1597 0.9498 -0.0267 1.5089 129.3170 0.0623 0.0267 0.0198 -0.0130 0.0032 -0.0057 0.0544 0.1270 0.1149
1494720000.0000 72150.0000 -0.9863 0.6245 0.0310 1.1891 122.3408 0.1076 0.0192 0.0133 0.0040 -0.0122 -0.0020 0.0700 0.1850 0.1761
1494720000.0000 72450.0000 -1.1965 0.6292 -0.0538 1.3636 117.7373 0.0531 0.0529 0.0180 -0.0286 0.0015 -0.0020 0.0619 0.1502 0.1390
1494720000.0000 72750.0000 -1.1833 0.8492 -0.0058 1.4662 125.6660 0.0457 0.0241 0.0153 -0.0048 0.0008 -0.0003 0.0426 0.1156 0.1047
1494720000.0000 73050.0000 -1.3287 0.9016 -0.0300 1.6110 124.1577 0.0445 0.0092 0.0073 -0.0040 0.0039 -0.0025 0.0305 0.0888 0.0833
1494720000.0000 73350.0000 -1.4927 1.0096 -0.0074 1.8076 124.0747 0.0243 0.0173 0.0130 -0.0003 -0.0021 -0.0028 0.0273 0.0749 0.0654
1494720000.0000 73650.0000 -1.3317 0.9168 -0.0121 1.6257 124.5462 0.0441 0.0186 0.0148 0.0007 0.0008 -0.0064 0.0388 0.0994 0.0894
1494720000.0000 73950.0000 -1.4463 0.8592 -0.0017 1.6884 120.7122 0.0323 0.0192 0.0126 -0.0028 0.0048 -0.0016 0.0321 0.0870 0.0779
1494720000.0000 74250.0000 -1.0657 0.9082 -0.0716 1.4108 130.4381 0.0629 0.0202 0.0175 -0.0092 -0.0050 0.0000 0.0503 0.1307 0.1189
1494720000.0000 74550.0000 -0.9949 0.9411 -0.0516 1.3797 133.4072 0.0712 0.0408 0.0209 -0.0280 0.0056 -0.0037 0.0664 0.1536 0.1411
1494720000.0000 74850.0000 -1.4293 1.1791 -0.1066 1.8631 129.5199 0.0546 0.0261 0.0225 -0.0011 0.0013 -0.0044 0.0516 0.0999 0.0885
1494720000.0000 75150.0000 -1.6283 1.1042 -0.0269 1.9698 124.1430 0.0124 0.0065 0.0044 0.0006 0.0005 -0.0005 0.0116 0.0447 0.0403
1494720000.0000 75450.0000 -1.4966 1.1613 -0.0134 1.9057 127.8096 0.0649 0.0290 0.0200 -0.0020 -0.0001 -0.0055 0.0570 0.1029 0.0934
1494720000.0000 75750.0000 -1.5326 1.1455 0.0053 1.9216 126.7744 0.0548 0.0233 0.0189 -0.0051 0.0010 -0.0067 0.0485 0.0940 0.0844
1494720000.0000 76050.0000 -1.7333 1.1645 0.0285 2.0920 123.8945 0.0201 0.0206 0.0099 -0.0049 0.0028 -0.0029 0.0253 0.0622 0.0557
1494720000.0000 76350.0000 -1.3717 1.0816 0.0392 1.7550 128.2555 0.0488 0.0231 0.0182 -0.0063 -0.0019 -0.0040 0.0451 0.0992 0.0886
1494720000.0000 76650.0000 -1.0755 0.9324 -0.0488 1.4393 130.9253 0.0867 0.0339 0.0314 -0.0117 -0.0037 -0.0032 0.0759 0.1580 0.1408
1494720000.0000 76950.0000 -1.2274 0.9214 -0.0270 1.5423 126.8939 0.0469 0.0261 0.0112 -0.0119 -0.0016 -0.0002 0.0421 0.1091 0.1016
1494720000.0000 77250.0000 -1.1503 1.0885 -0.0873 1.5962 133.4195 0.0430 0.0475 0.0305 -0.0060 0.0075 -0.0118 0.0605 0.1266 0.1097
1494720000.0000 77550.0000 -1.1670 1.1024 -0.0478 1.6191 133.3701 0.0514 0.0455 0.0310 -0.0033 0.0104 -0.0105 0.0640 0.1286 0.1120
1494720000.0000 77850.0000 -1.1193 1.1163 -0.0656 1.5931 134.9235 0.0702 0.0642 0.0320 -0.0281 0.0092 -0.0141 0.0832 0.1488 0.1339
1494720000.0000 78150.0000 -1.1095 1.1000 -0.1324 1.5758 134.7541 0.0628 0.0437 0.0355 -0.0105 0.0161 -0.0141 0.0710 0.1388 0.1206
1494720000.0000 78450.0000 -0.8805 0.8435 -0.0317 1.2374 133.7721 0.0792 0.0481 0.0289 -0.0182 0.0042 -0.0114 0.0781 0.1871 0.1690
1494720000.0000 78750.0000 -0.7144 1.1020 -0.0484 1.3245 147.0454 0.0260 0.0310 0.0140 0.0005 0.0044 -0.0048 0.0355 0.1171 0.1050
1494720000.0000 79050.0000 -0.6263 0.9103 -0.0453 1.1140 145.4714 0.0192 0.0688 0.0074 -0.0171 0.0022 -0.0043 0.0477 0.1612 0.1550
1494720000.0000 79350.0000 -0.8355 0.5836 -0.0241 1.0227 124.9356 0.0124 0.0093 0.0040 -0.0035 0.0001 -0.0015 0.0129 0.0908 0.0835
1494720000.0000 79650.0000 -1.0294 0.6586 -0.0439 1.2262 122.6136 0.0280 0.0165 0.0058 -0.0110 -0.0008 -0.0001 0.0252 0.1059 0.0997
1494720000.0000 79950.0000 -1.1033 1.1220 -0.0845 1.5838 135.4822 0.0147 0.0377 0.0072 0.0064 -0.0020 -0.0046 0.0298 0.0894 0.0840
1494720000.0000 80250.0000 -1.0343 0.9977 -0.0555 1.4441 133.9688 0.0219 0.0268 0.0138 -0.0043 0.0020 -0.0026 0.0313 0.1004 0.0886
1494720000.0000 80550.0000 -1.1269 1.0867 -0.1143 1.5735 133.9612 0.0242 0.0344 0.0206 -0.0045 0.0023 -0.0113 0.0396 0.1035 0.0893
1494720000.0000 80850.0000 -1.4233 1.1300 -0.0650 1.8252 128.4462 0.0495 0.0294 0.0291 -0.0099 -0.0008 -0.0081 0.0540 0.1043 0.0892
1494720000.0000 81150.0000 -1.6005 1.0361 -0.0467 1.9164 122.9178 0.0228 0.0447 0.0126 -0.0020 -0.0000 -0.0038 0.0401 0.0857 0.0787
1494720000.0000 81450.0000 -1.1366 0.8906 -0.0093 1.4605 128.0804 0.1119 0.0263 0.0157 -0.0108 0.0043 -0.0005 0.0769 0.1568 0.1486
1494720000.0000 81750.0000 -0.9165 1.0978 -0.0974 1.4366 140.1409 0.0159 0.0494 0.0126 -0.0122 0.0044 -0.0046 0.0389 0.1124 0.1031
1494720000.0000 82050.0000 -0.8155 1.0853 -0.0403 1.3644 143.0779 0.0282 0.0408 0.0115 -0.0162 0.0047 -0.0049 0.0402 0.1206 0.1117
1494720000.0000 82350.0000 -0.8527 0.8740 -0.0597 1.2266 135.7054 0.0270 0.0364 0.0101 -0.0179 0.0025 -0.0042 0.0367 0.1280 0.1191
1494720000.0000 82650.0000 -1.2333 0.7771 0.0157 1.4873 122.2162 0.0767 0.1324 0.0185 -0.0479 -0.0002 -0.0129 0.1137 0.1889 0.1811
1494720000.0000 82950.0000 -0.8974 0.7828 -0.0598 1.2021 131.0980 0.0260 0.0344 0.0127 -0.0046 0.0001 -0.0012 0.0365 0.1309 0.1191
1494720000.0000 83250.0000 -1.2778 1.0411 -0.0430 1.6581 129.1721 0.0709 0.0190 0.0177 -0.0097 -0.0039 -0.0006 0.0538 0.1148 0.1050
1494720000.0000 83550.0000 -1.2160 1.1301 -0.0254 1.6756 132.9032 0.0818 0.0484 0.0348 -0.0108 0.0145 -0.0128 0.0825 0.1413 0.1255
1494720000.0000 83850.0000 -1.4027 1.1214 -0.1026 1.8053 128.6411 0.1369 0.0465 0.0155 -0.0525 0.0134 -0.0086 0.0995 0.1432 0.1377
1494720000.0000 84150.0000 -1.1155 0.9727 -0.1155 1.4929 131.0877 0.0456 0.0340 0.0166 -0.0009 -0.0021 -0.0047 0.0481 0.1207 0.1101
1494720000.0000 84450.0000 -1.1866 1.1461 -0.0503 1.6633 134.0045 0.0423 0.0315 0.0123 0.0083 0.0014 -0.0009 0.0431 0.1027 0.0951
1494720000.0000 84750.0000 -0.7384 0.8978 -0.0591 1.1774 140.5657 0.0450 0.0507 0.0125 -0.0141 0.0004 0.0035 0.0541 0.1632 0.1537
1494720000.0000 85050.0000 -1.0497 0.9047 -0.0557 1.3918 130.7570 0.0172 0.0195 0.0085 -0.0023 -0.0005 -0.0021 0.0226 0.0885 0.0799
1494720000.0000 85350.0000 -1.1499 0.7531 -0.0439 1.3839 123.2225 0.0284 0.0158 0.0149 0.0048 0.0059 0.0026 0.0295 0.1021 0.0883
1494720000.0000 85650.0000 -0.9688 1.1974 -0.0804 1.5456 141.0248 0.0146 0.0262 0.0106 -0.0036 0.0023 -0.0030 0.0257 0.0848 0.0757
1494720000.0000 85950.0000 -1.0245 1.0255 -0.0760 1.4579 135.0280 0.0216 0.0306 0.0195 -0.0017 0.0036 -0.0073 0.0358 0.1065 0.0910
1494720000.0000 86250.0000 -1.2448 1.1155 -0.0598 1.6825 131.8648 0.0618 0.0320 0.0239 -0.0087 -0.0024 -0.0077 0.0589 0.1185 0.1058
1494806400.0000 86550.0000 -1.2698 0.9749 -0.0522 1.6132 127.5164 0.0370 0.0398 0.0189 -0.0001 -0.0011 -0.0115 0.0478 0.1115 0.0999
1494806400.0000 86850.0000 -1.0972 0.9442 -0.0807 1.4557 130.7127 0.0276 0.0259 0.0183 -0.0036 0.0044 -0.0010 0.0359 0.1067 0.0923
1494806400.0000 87150.0000 -1.0071 1.2176 -0.1328 1.5891 140.4035 0.0174 0.0392 0.0123 0.0013 0.0017 0.0015 0.0345 0.0956 0.0869
1494806400.0000 87450.0000 -0.8853 1.3232 -0.1043 1.6039 146.2133 0.0293 0.0334 0.0136 0.0072 0.0051 -0.0007 0.0381 0.1000 0.0908
1494806400.0000 87750.0000 -1.1594 0.9937 -0.0588 1.5427 130.6016 0.0690 0.0317 0.0197 -0.0010 -0.0047 -0.0049 0.0602 0.1311 0.1200
1494806400.0000 88050.0000 -1.5577 1.0617 -0.0148 1.8886 124.2769 0.0226 0.0174 0.0073 -0.0065 -0.0004 -0.0005 0.0237 0.0666 0.0613
1494806400.0000 88350.0000 -1.2570 0.9426 -0.0393 1.5778 126.8660 0.0277 0.0187 0.0100 -0.0025 0.0006 -0.0021 0.0282 0.0873 0.0792
1494806400.0000 88650.0000 -1.0327 1.1247 -0.1063 1.5368 137.4436 0.0201 0.0521 0.0156 -0.0046 -0.0010 -0.0022 0.0439 0.1118 0.1016
1494806400.0000 88950.0000 -0.9070 1.0489 -0.0611 1.3931 139.1502 0.0243 0.0506 0.0172 -0.0192 0.0078 -0.0131 0.0461 0.1263 0.1140
1494806400.0000 89250.0000 -0.7507 0.6800 -0.0322 1.0189 132.1678 0.0169 0.0135 0.0074 -0.0032 0.0003 -0.0018 0.0189 0.1109 0.0995
1494806400.0000 89550.0000 -0.9457 0.9681 -0.0275 1.3622 135.6709 0.0225 0.0300 0.0137 -0.0018 0.0004 -0.0053 0.0331 0.1098 0.0978
1494806400.0000 89850.0000 -0.9255 0.9636 -0.0511 1.3468 136.1554 0.0224 0.0430 0.0203 -0.0034 0.0033 -0.0075 0.0429 0.1265 0.1105
1494806400.0000 90150.0000 -0.8611 0.8677 -0.0479 1.2308 135.2176 0.0194 0.0243 0.0114 -0.0014 0.0005 -0.0046 0.0276 0.1108 0.0987
1494806400.0000 90450.0000 -1.0159 1.0751 -0.0851 1.4937 136.6224 0.0389 0.0305 0.0154 0.0087 -0.0008 -0.0031 0.0424 0.1134 0.1028
1494806400.0000 90750.0000 -1.5695 1.2246 -0.0457 1.9954 127.9624 0.0575 0.0229 0.0185 -0.0192 -0.0017 -0.0017 0.0495 0.0912 0.0823
1494806400.0000 91050.0000 -1.1176 1.0050 -0.0380 1.5134 131.9626 0.0463 0.0325 0.0209 -0.0072 0.0050 -0.0041 0.0498 0.1212 0.1078
1494806400.0000 91350.0000 -1.1959 1.2464 -0.1175 1.7409 136.1845 0.0296 0.0636 0.0272 0.0015 0.0041 -0.0079 0.0602 0.1157 0.1021
1494806400.0000 91650.0000 -1.0954 1.3487 -0.1247 1.7423 140.9188 0.0183 0.0302 0.0141 -0.0068 0.0025 -0.0038 0.0313 0.0829 0.0732
1494806400.0000 91950.0000 -1.3292 1.3089 -0.1052 1.8803 134.5582 0.1031 0.0476 0.0432 -0.0180 -0.0037 -0.0094 0.0969 0.1361 0.1202
1494806400.0000 92250.0000 -1.8474 1.4400 -0.0438 2.3516 127.9363 0.0613 0.0354 0.0215 -0.0048 -0.0017 -0.0057 0.0591 0.0847 0.0766
1494806400.0000 92550.0000 -1.5163 1.1130 -0.0096 1.8925 126.2788 0.0903 0.0300 0.0178 -0.0117 0.0031 -0.0022 0.0690 0.1141 0.1065
1494806400.0000 92850.0000 -1.1107 1.2253 0.0284 1.6706 137.8094 0.0429 0.0717 0.0406 0.0003 0.0106 -0.0041 0.0776 0.1375 0.1182
1494806400.0000 93150.0000 -1.1894 1.3503 -0.0860 1.8241 138.6266 0.0629 0.0874 0.0486 0.0158 0.0015 -0.0079 0.0994 0.1429 0.1244
1494806400.0000 93450.0000 -1.1198 1.1725 0.0809 1.6452 136.3170 0.1150 0.0920 0.0531 -0.0233 0.0056 -0.0065 0.1301 0.1814 0.1620
1494806400.0000 93750.0000 -1.2345 1.1667 0.0909 1.7254 133.3823 0.1005 0.0864 0.0580 -0.0002 0.0079 -0.0193 0.1225 0.1680 0.1469
1494806400.0000 94050.0000 -1.7265 1.3311 0.1417 2.1967 127.6320 0.2590 0.1087 0.0587 -0.1032 0.0010 -0.0086 0.2132 0.1726 0.1606
1494806400.0000 94350.0000 -1.9479 1.5659 0.0972 2.5174 128.7965 0.1924 0.0645 0.0693 -0.0309 -0.0024 -0.0151 0.1631 0.1319 0.1171
1494806400.0000 94650.0000 -1.7248 1.4102 0.0950 2.2528 129.2698 0.2007 0.1056 0.0750 -0.0387 0.0124 -0.0182 0.1907 0.1599 0.1434
1494806400.0000 94950.0000 -1.7144 1.3545 -0.0336 2.2020 128.3114 0.1623 0.1141 0.0635 -0.0608 0.0167 -0.0261 0.1700 0.1540 0.1389
1494806400.0000 95250.0000 -1.6021 1.3798 0.0418 2.1314 130.7361 0.1455 0.1030 0.0531 -0.0487 0.0147 -0.0200 0.1509 0.1500 0.1361
1494806400.0000 95550.0000 -2.2508 1.4724 0.0216 2.6963 123.1913 0.0737 0.0435 0.0219 -0.0221 -0.0036 0.0024 0.0695 0.0800 0.0735
1494806400.0000 95850.0000 -2.2187 1.3549 -0.1092 2.6073 121.4116 0.0529 0.0432 0.0342 -0.0091 -0.0072 0.0110 0.0652 0.0801 0.0688
1494806400.0000 96150.0000 -2.2801 1.4038 0.0206 2.6943 121.6190 0.0861 0.0530 0.0290 0.0249 -0.0026 -0.0062 0.0841 0.0884 0.0804
1494806400.0000 96450.0000 -2.1378 1.7818 -0.0371 2.8003 129.8098 0.1922 0.0669 0.0606 -0.0321 0.0146 -0.0208 0.1599 0.1173 0.1056
1494806400.0000 96750.0000 -2.1130 1.4490 0.0564 2.5690 124.4401 0.0693 0.0548 0.0181 -0.0266 -0.0052 -0.0036 0.0711 0.0850 0.0794
1494806400.0000 97050.0000 -1.8417 1.2370 0.0005 2.2355 123.8867 0.0866 0.0560 0.0367 0.0063 -0.0040 -0.0109 0.0896 0.1102 0.0983
1494806400.0000 97350.0000 -2.1434 1.5104 -0.0162 2.6314 125.1717 0.1034 0.0321 0.0353 -0.0117 -0.0031 -0.0040 0.0854 0.0910 0.0810
1494806400.0000 97650.0000 -2.2578 1.6387 -0.0799 2.8002 125.9719 0.0699 0.0350 0.0315 0.0075 0.0066 -0.0032 0.0682 0.0764 0.0670
1494806400.0000 97950.0000 -2.1708 1.5983 -0.1066 2.7138 126.3640 0.1094 0.0996 0.0403 -0.0119 0.0056 0.0042 0.1247 0.1069 0.0979
1494806400.0000 98250.0000 -1.7550 1.1954 0.0246 2.1348 124.2607 0.0707 0.0299 0.0250 0.0019 0.0162 0.0012 0.0628 0.0964 0.0863
1494806400.0000 98550.0000 -1.3603 1.0624 0.1269 1.7374 127.9889 0.0973 0.0422 0.0331 -0.0281 -0.0048 -0.0063 0.0863 0.1386 0.1249
1494806400.0000 98850.0000 -1.1095 1.1012 -0.0948 1.5787 134.7841 0.0739 0.0760 0.0444 -0.0251 0.0117 -0.0194 0.0971 0.1625 0.1430
1494806400.0000 99150.0000 -1.3196 1.0304 -0.0646 1.7000 127.9859 0.0839 0.0834 0.0412 -0.0012 0.0032 -0.0054 0.1042 0.1573 0.1411
1494806400.0000 99450.0000 -1.0765 0.6683 -0.0964 1.2801 121.8317 0.0259 0.0307 0.0188 0.0046 0.0007 -0.0026 0.0377 0.1247 0.1084
1494806400.0000 99750.0000 -1.0312 0.9352 -0.1213 1.4062 132.2051 0.0326 0.0402 0.0187 0.0028 0.0004 -0.0071 0.0458 0.1250 0.1120
1494806400.0000 100050.0000 -1.2270 1.0459 -0.1379 1.6352 130.4435 0.1181 0.0351 0.0142 0.0011 0.0116 0.0007 0.0837 0.1460 0.1402
1494806400.0000 100350.0000 -1.0603 0.7205 -0.0757 1.3040 124.1966 0.0853 0.0511 0.0342 -0.0072 0.0085 -0.0199 0.0853 0.1857 0.1664
1494806400.0000 100650.0000 -1.5531 1.0342 -0.0476 1.8874 123.6601 0.1721 0.1318 0.0457 -0.0797 -0.0260 0.0089 0.1748 0.1829 0.1706
1494806400.0000 100950.0000 -1.1657 0.6042 -0.1041 1.3333 117.3972 0.0801 0.0488 0.0235 -0.0063 0.0098 -0.0040 0.0762 0.1711 0.1578
1494806400.0000 101250.0000 -1.3833 0.7209 0.0779 1.5741 117.5250 0.0902 0.0477 0.0373 -0.0146 0.0145 -0.0018 0.0876 0.1547 0.1374
1494806400.0000 101550.0000 -1.0992 0.5866 0.0195 1.2631 118.0872 0.0700 0.0312 0.0163 0.0027 0.0100 0.0006 0.0588 0.1588 0.1474
1494806400.0000 101850.0000 -1.6755 0.7510 0.0223 1.8523 114.1434 0.1414 0.1053 0.0279 -0.0710 0.0117 -0.0082 0.1373 0.1647 0.1562
1494806400.0000 102150.0000 -1.6355 0.8248 -0.0256 1.8441 116.7616 0.0551 0.0640 0.0278 -0.0203 -0.0016 -0.0077 0.0735 0.1208 0.1088
1494806400.0000 102450.0000 -1.6371 1.1750 -0.0066 2.0268 125.6686 0.1191 0.1125 0.0278 -0.0733 -0.0054 0.0014 0.1297 0.1459 0.1379
1494806400.0000 102750.0000 -1.7209 1.2537 0.0095 2.1445 126.0737 0.1018 0.0637 0.0503 -0.0154 -0.0036 -0.0001 0.1079 0.1260 0.1103
1494806400.0000 103050.0000 -1.5243 1.0122 0.0558 1.8391 123.5855 0.0435 0.0401 0.0244 -0.0084 0.0033 -0.0025 0.0540 0.1036 0.0912
1494806400.0000 103350.0000 -1.7166 1.1894 0.0270 2.0989 124.7176 0.0946 0.0521 0.0409 -0.0256 0.0031 0.0037 0.0938 0.1197 0.1059
1494806400.0000 103650.0000 -1.5684 1.2772 -0.1522 2.0422 129.1577 0.0937 0.1185 0.0485 -0.0267 0.0236 -0.0246 0.1303 0.1453 0.1315
1494806400.0000 103950.0000 -1.6377 1.0203 -0.0287 1.9380 121.9225 0.0546 0.0276 0.0150 -0.0044 -0.0062 -0.0026 0.0486 0.0933 0.0858
1494806400.0000 104250.0000 -1.6087 1.0440 -0.1746 1.9341 122.9824 0.0610 0.0504 0.0312 0.0084 -0.0061 -0.0059 0.0713 0.1132 0.1005
1494806400.0000 104550.0000 -1.5366 0.9939 -0.1234 1.8456 122.8957 0.0910 0.1067 0.0385 -0.0546 -0.0032 -0.0095 0.1181 0.1530 0.1403
1494806400.0000 104850.0000 -1.7101 0.8452 -0.0628 1.9297 116.3015 0.1038 0.0947 0.0435 -0.0272 0.0089 0.0014 0.1210 0.1488 0.1348
1494806400.0000 105150.0000 -1.7549 1.0412 -0.0416 2.0567 120.6817 0.0546 0.0888 0.0354 -0.0206 0.0018 0.0182 0.0894 0.1196 0.1071
1494806400.0000 105450.0000 -1.5417 1.1724 -0.0024 1.9526 127.2511 0.1164 0.0645 0.0459 -0.0273 0.0167 -0.0216 0.1134 0.1420 0.1268
1494806400.0000 105750.0000 -0.7844 0.8316 -0.0529 1.1827 136.6716 0.2111 0.0918 0.0247 -0.0802 -0.0044 -0.0053 0.1638 0.2888 0.2780
1494806400.0000 106050.0000 -0.3598 0.1619 0.0424 0.4830 114.2187 0.0929 0.0268 0.0108 -0.0217 0.0064 -0.0011 0.0653 0.5257 0.5063
1494806400.0000 106350.0000 -0.8852 0.4654 0.0084 1.0140 117.7366 0.0452 0.0211 0.0106 -0.0015 -0.0041 -0.0014 0.0384 0.1601 0.1486
1494806400.0000 106650.0000 -1.0952 0.7499 0.0371 1.3442 124.3986 0.0409 0.0610 0.0123 -0.0101 0.0020 -0.0095 0.0571 0.1470 0.1389
1494806400.0000 106950.0000 -0.6505 0.0193 0.0576 0.7623 91.6963 0.0423 0.1589 0.0304 -0.0133 -0.0027 -0.0147 0.1157 0.4252 0.3979
1494806400.0000 107250.0000 -1.0673 0.7997 -0.0412 1.3643 126.8428 0.0877 0.1035 0.0178 -0.0237 0.0121 -0.0001 0.1045 0.1979 0.1893
1494806400.0000 107550.0000 -1.1901 1.1755 0.0543 1.7093 134.6466 0.0840 0.1221 0.0396 0.0152 0.0084 -0.0019 0.1228 0.1710 0.1567
1494806400.0000 107850.0000 -1.3148 0.9394 0.1275 1.6650 125.5450 0.2308 0.0997 0.0432 0.0196 -0.0030 -0.0059 0.1868 0.2177 0.2054
1494806400.0000 108150.0000 -1.2187 1.3718 0.0044 1.8906 138.3819 0.1399 0.2237 0.0612 0.0307 0.0026 -0.0173 0.2124 0.2050 0.1897
1494806400.0000 108450.0000 -0.9420 1.6685 0.0302 1.9711 150.5508 0.1825 0.2093 0.0906 0.0197 0.0509 0.0350 0.2412 0.2093 0.1886
1494806400.0000 108750.0000 -1.1982 1.6885 0.0945 2.1345 144.6396 0.2469 0.1586 0.1157 0.0558 0.0541 0.0102 0.2606 0.2011 0.1776
1494806400.0000 109050.0000 -1.4231 1.7840 -0.0600 2.3263 141.4217 0.2144 0.1582 0.1033 0.0215 0.0271 0.0103 0.2380 0.1745 0.1544
1494806400.0000 109350.0000 -1.1968 1.4553 0.1316 1.9865 140.5683 0.3660 0.3193 0.2101 0.0511 0.0725 0.0278 0.4477 0.2893 0.2537
1494806400.0000 109650.0000 -1.2444 1.4230 0.1763 1.9408 138.8293 0.1811 0.2449 0.1319 -0.0174 0.0388 -0.0515 0.2790 0.2271 0.1994
1494806400.0000 109950.0000 -1.1337 0.9755 0.2411 1.5801 130.7101 0.2178 0.2083 0.0939 0.0348 0.0359 0.0271 0.2600 0.2748 0.2520
1494806400.0000 110250.0000 -0.4254 0.6953 0.2617 0.9120 148.5455 0.1347 0.2066 0.0693 -0.0044 0.0106 -0.0085 0.2053 0.4321 0.4138
1494806400.0000 110550.0000 -0.3894 0.1195 0.0759 0.6023 107.0639 0.0635 0.2054 0.0444 -0.0286 0.0172 -0.0163 0.1567 0.7801 0.7352
1494806400.0000 110850.0000 -0.5359 0.9472 0.2249 1.1390 150.4975 0.1109 0.4497 0.0969 -0.1127 -0.0121 0.0293 0.3287 0.4213 0.3972
1494806400.0000 111150.0000 -1.0287 1.3499 0.2590 1.8244 142.6887 0.2375 0.6098 0.1263 0.0546 0.0084 -0.0374 0.4868 0.3318 0.3131
1494806400.0000 111450.0000 -1.6550 1.4137 0.0036 2.3365 130.5044 0.2977 0.5946 0.1319 0.2228 0.0490 0.0626 0.5121 0.2684 0.2506
1494806400.0000 111750.0000 -1.8754 1.2265 -0.1563 2.3411 123.1848 0.3349 0.4837 0.1820 -0.0498 0.0311 0.0078 0.5004 0.2571 0.2331
1494806400.0000 112050.0000 -1.9924 1.8182 -0.1262 2.7561 132.3823 0.3590 0.2173 0.1636 0.0417 0.0047 0.0089 0.3699 0.1839 0.1625
1494806400.0000 112350.0000 -1.7539 1.4191 -0.1168 2.3316 128.9772 0.3095 0.3355 0.1559 0.0193 0.0585 0.0262 0.4004 0.2287 0.2055
1494806400.0000 112650.0000 -1.7493 1.2269 0.0617 2.2094 125.0462 0.3606 0.2658 0.1496 0.0011 -0.0016 0.0172 0.3880 0.2379 0.2139
1494806400.0000 112950.0000 -2.5649 1.1830 -0.0803 2.9151 114.7600 0.4379 0.4587 0.2069 0.0735 0.0423 0.0642 0.5517 0.2146 0.1935
1494806400.0000 113250.0000 -2.4815 1.2292 -0.0963 2.8533 116.3522 0.3698 0.4367 0.2381 0.0341 0.0435 0.1227 0.5223 0.2130 0.1872
1494806400.0000 113550.0000 -2.5439 0.9939 0.0164 2.8241 111.3401 0.3539 0.4761 0.2434 0.0660 0.0418 0.1188 0.5367 0.2190 0.1926
1494806400.0000 113850.0000 -2.0564 0.0830 -0.0697 2.2633 92.3099 0.9552 0.8280 0.3544 -0.1938 0.1940 0.0648 1.0688 0.4099 0.3746
1494806400.0000 114150.0000 -1.9037 0.6145 -0.1696 2.1105 107.8906 0.4387 0.3464 0.2661 0.1023 0.1181 0.1273 0.5256 0.2948 0.2557
1494806400.0000 114450.0000 -2.2835 0.9569 -0.0824 2.5627 112.7367 0.3067 0.4354 0.2118 0.0288 0.0183 0.1219 0.4770 0.2276 0.2009
1494806400.0000 114750.0000 -1.8456 0.8593 -0.0304 2.1966 114.9665 0.2941 0.6208 0.2793 0.0819 0.0389 0.0814 0.5971 0.3099 0.2713
1494806400.0000 115050.0000 -1.2921 1.2745 -0.1859 1.8744 134.6080 0.4142 0.1785 0.1187 -0.0750 0.0395 -0.0249 0.3557 0.2669 0.2449
1494806400.0000 115350.0000 -0.8844 0.6841 -0.0251 1.1718 127.7242 0.2106 0.1729 0.1193 -0.0849 0.0507 -0.0189 0.2514 0.3661 0.3198
1494806400.0000 115650.0000 -1.2190 1.2755 -0.2094 1.8058 136.2957 0.1590 0.1406 0.0867 0.0043 0.0253 0.0198 0.1931 0.2020 0.1791
1494806400.0000 115950.0000 -1.2456 1.3768 -0.0950 1.9233 137.8651 0.2127 0.2471 0.1884 0.0197 -0.0239 0.0679 0.3241 0.2500 0.2109
1494806400.0000 116250.0000 -1.9693 1.1777 0.0266 2.4289 120.8809 0.4526 0.4984 0.2852 0.1800 0.0312 0.0483 0.6181 0.2797 0.2454
1494806400.0000 116550.0000 -1.2428 0.6237 -0.0049 1.6510 116.6504 0.3700 0.8039 0.2865 0.0480 -0.0233 0.0883 0.7302 0.5018 0.4499
1494806400.0000 116850.0000 -0.9586 -0.1227 0.1849 1.4532 82.7080 0.2838 1.2303 0.2970 0.0524 0.0173 0.1610 0.9055 0.7897 0.7351
1494806400.0000 117150.0000 -2.4787 0.3039 -0.0169 2.7272 96.9909 0.8927 1.0561 0.4025 0.0008 0.1505 0.1656 1.1756 0.3545 0.3227
1494806400.0000 117450.0000 -1.5771 0.2869 -0.0400 1.8826 100.3097 0.7954 0.9937 0.4123 0.2559 0.1426 0.1506 1.1007 0.5342 0.4817
1494806400.0000 117750.0000 -1.5372 0.4755 0.1992 1.8202 107.1876 0.3450 0.7482 0.2058 -0.0102 0.0075 0.0469 0.6495 0.4058 0.3751
1494806400.0000 118050.0000 -0.9751 0.4272 0.1331 1.3122 113.6564 0.4788 0.4367 0.2677 -0.1569 0.0972 -0.0355 0.5916 0.5853 0.5189
1494806400.0000 118350.0000 -1.5698 0.1904 0.1215 2.0282 96.9163 1.5158 1.0948 0.5367 0.3134 0.3236 0.2215 1.5737 0.6458 0.5899
1494806400.0000 118650.0000 -1.8778 0.0233 -0.0174 2.0976 90.7118 1.3458 0.8007 0.4323 0.4066 0.2690 0.2615 1.2894 0.4937 0.4504
1494806400.0000 118950.0000 -1.4483 -0.0085 -0.2664 2.0506 89.6632 0.9270 2.1010 0.3521 0.1374 0.1622 0.0488 1.6900 0.7208 0.6937
1494806400.0000 119250.0000 -1.2113 0.4169 0.0381 1.4897 108.9898 0.5223 0.5553 0.2810 -0.0446 0.0130 -0.0090 0.6793 0.5251 0.4678
1494806400.0000 119550.0000 -1.9982 0.1440 -0.2586 2.2339 94.1217 0.9461 0.8750 0.3941 0.3055 0.1506 0.2995 1.1076 0.4254 0.3889
1494806400.0000 119850.0000 -2.0832 0.1366 -0.0759 2.3859 93.7524 1.3335 0.9732 0.4717 0.5397 0.3807 0.2676 1.3892 0.4607 0.4200
1494806400.0000 120150.0000 -1.9753 -0.1999 -0.1950 2.2608 84.2209 0.5018 1.2070 0.3695 0.0778 0.1431 0.2308 1.0391 0.4172 0.3801
1494806400.0000 120450.0000 -1.9672 0.8318 -0.2431 2.2911 112.9206 0.7019 0.4980 0.3392 0.0381 0.0887 0.2105 0.7695 0.3332 0.2961
1494806400.0000 120750.0000 -0.6598 -0.9072 0.1852 1.8750 36.0277 1.6645 0.9184 0.3592 -0.8254 0.0605 0.0006 1.4711 0.8710 0.8271
1494806400.0000 121050.0000 -0.5312 -0.4754 -0.1824 1.2401 48.1718 0.8477 0.4835 0.4248 -0.0165 0.2239 0.0920 0.8780 1.0398 0.9345
1494806400.0000 121350.0000 -1.1903 0.0757 0.0337 1.4329 93.6381 0.4105 0.5477 0.3662 0.1688 0.0747 0.2138 0.6622 0.5569 0.4738
1494806400.0000 121650.0000 -0.8730 -0.1831 0.0329 1.3492 78.1559 0.7653 0.7413 0.3888 -0.2281 -0.1283 0.1985 0.9477 0.8905 0.7945
1494806400.0000 121950.0000 -0.9912 0.5265 0.0063 1.6044 117.9752 1.1362 0.7698 0.4833 0.1783 0.2986 0.1852 1.1946 0.7951 0.7102
1494806400.0000 122250.0000 -1.9845 0.5451 0.2436 2.2865 105.3584 0.5408 0.9841 0.3850 -0.1550 0.0355 0.1806 0.9549 0.3850 0.3464
1494806400.0000 122550.0000 -0.9835 -0.0113 0.0288 1.4124 89.3445 0.6841 0.8225 0.3686 -0.0030 -0.0033 -0.0022 0.9376 0.8035 0.7205
1494806400.0000 122850.0000 -0.4575 -0.0517 0.3125 1.0925 83.5527 1.1312 0.5495 0.3680 -0.1867 0.1279 0.0014 1.0243 1.4850 1.6256
1494806400.0000 123150.0000 -0.9102 -0.9608 -0.2283 1.5384 43.4525 0.7853 0.4421 0.4498 0.1334 0.2101 0.1091 0.8386 0.5567 0.4833
1494806400.0000 123450.0000 -0.1753 -0.0774 0.1710 0.9471 66.1676 0.7428 0.4079 0.1553 -0.2048 0.0020 0.0108 0.6530 2.5686 3.2314
1494806400.0000 123750.0000 -0.9135 -0.1522 -0.2058 1.2799 80.5418 0.5708 0.6682 0.5052 -0.0129 0.2546 0.0858 0.8721 0.8037 0.6939
1494806400.0000 124050.0000 -1.6285 1.0383 -0.1692 2.1696 122.5210 0.8066 0.8056 0.3933 0.0414 0.1127 -0.0227 1.0028 0.4217 0.3796
1494806400.0000 124350.0000 -1.6805 -0.2095 -0.4528 2.0986 82.8940 1.0270 1.4364 0.3647 0.8265 0.0468 0.0225 1.4141 0.5539 0.5351
1494806400.0000 124650.0000 -1.6882 -0.0640 -0.2659 1.9899 87.8306 0.9611 1.0175 0.6413 -0.2787 0.2923 -0.0349 1.3100 0.5464 0.4807
1494806400.0000 124950.0000 0.0438 -0.5342 -0.5049 0.8910 355.3087 0.4517 0.2664 0.2448 -0.0289 0.0557 -0.0074 0.4815 0.7693 0.9127
1494806400.0000 125250.0000 -0.3460 -0.0133 -0.0896 0.9665 87.7976 0.3932 0.7845 0.3373 -0.1531 -0.0153 -0.0499 0.7575 1.9870 1.8096
1494806400.0000 125550.0000 -0.6881 1.8210 -0.1630 2.0870 159.3009 0.4368 0.7763 0.3258 0.0472 -0.0008 0.0707 0.7694 0.3666 0.3267
1494806400.0000 125850.0000 -0.4769 0.9299 0.1629 1.2303 152.8488 0.3792 0.6029 0.2410 -0.1932 0.0490 -0.1817 0.6115 0.6037 0.5475
1494806400.0000 126150.0000 -0.6457 -0.6312 -0.0342 1.2413 45.6513 0.9177 0.3829 0.2462 0.2342 0.1976 -0.0323 0.7734 0.7947 0.7292
1494806400.0000 126450.0000 -2.0869 2.1071 -0.0674 3.0246 135.2760 0.6010 0.5989 0.3028 -0.2922 0.0683 -0.0681 0.7514 0.2386 0.2133
1494806400.0000 126750.0000 -1.8604 2.0049 -0.1400 2.8987 137.1418 0.6877 0.8731 0.5182 0.1639 0.1576 -0.1106 1.0395 0.3040 0.2637
1494806400.0000 127050.0000 -1.2129 1.6586 -0.3535 2.2045 143.8238 0.8861 0.5886 0.2856 -0.1377 0.0747 0.0584 0.8802 0.3674 0.3412
1494806400.0000 127350.0000 -1.0548 1.8237 -0.2390 2.2874 149.9557 1.0479 0.8349 0.4216 -0.2378 0.2706 -0.2139 1.1522 0.4134 0.3760
1494806400.0000 127650.0000 -1.6678 0.7021 -0.1510 1.9816 112.8281 1.3242 1.1806 0.3688 -0.8649 0.1745 -0.1736 1.4368 0.5390 0.5050
1494806400.0000 127950.0000 -1.6645 1.9543 -0.0832 2.7319 139.5786 1.2379 0.3764 0.5234 -0.0854 -0.1338 -0.0890 1.0688 0.3287 0.2858
1494806400.0000 128250.0000 -0.6480 1.6414 0.0557 2.0611 158.4557 1.1738 0.7993 0.4661 0.0508 0.0226 0.1635 1.2196 0.5107 0.4595
1494806400.0000 128550.0000 -1.3163 1.6345 -0.1778 2.3351 141.1553 1.2830 1.8751 0.5322 -0.7662 0.2449 -0.1400 1.8451 0.5266 0.4889
1494806400.0000 128850.0000 -1.8719 2.3630 -0.2647 3.1290 141.6152 1.1417 0.6502 0.3254 -0.2098 0.0195 -0.1368 1.0587 0.2776 0.2564
1494806400.0000 129150.0000 -1.5214 1.0637 -0.4663 2.0516 124.9606 1.7371 1.0382 0.2336 -0.8591 -0.0171 0.0886 1.5045 0.5232 0.5181
1494806400.0000 129450.0000 -0.2416 0.9615 -0.2120 1.3531 165.8956 1.1707 0.5860 0.2720 -0.4766 -0.0771 -0.0661 1.0144 0.8112 0.7719
1494806400.0000 129750.0000 -1.7356 1.5342 -0.1826 2.4761 131.4752 0.8553 0.5742 0.2792 0.1032 0.0774 -0.1104 0.8543 0.3248 0.2980
1494806400.0000 130050.0000 -2.0890 1.7525 -0.3349 2.8529 129.9941 0.7456 0.8889 0.2507 -0.0340 0.0869 -0.0486 0.9426 0.2886 0.2707
1494806400.0000 130350.0000 -1.4346 1.5639 -0.1293 2.1614 137.4677 0.6267 0.5724 0.2579 -0.4335 0.1188 -0.1550 0.7285 0.3278 0.2979
1494806400.0000 130650.0000 -1.9314 1.6842 -0.1774 2.6794 131.0888 0.4526 0.7669 0.1972 -0.0608 0.0695 -0.0317 0.7083 0.2675 0.2488
1494806400.0000 130950.0000 -1.6475 -0.3091 0.0380 1.7672 79.3740 0.3721 0.2741 0.2192 -0.0018 0.0383 0.0117 0.4327 0.3203 0.2769
1494806400.0000 131250.0000 -0.9035 0.8628 -0.1616 1.4458 133.6822 0.6736 0.9034 0.2583 -0.5444 0.0912 -0.1117 0.9177 0.6209 0.5804
1494806400.0000 131550.0000 -0.6223 0.7573 -0.3968 1.0797 140.5904 0.1055 0.2375 0.0873 -0.0076 -0.0185 -0.0182 0.2152 0.3582 0.3450
1494806400.0000 131850.0000 -0.8523 1.0090 -0.2329 1.5597 139.8118 0.4047 0.8504 0.4250 -0.0287 -0.1844 -0.0975 0.8400 0.5580 0.4897
1494806400.0000 132150.0000 -0.7507 0.6324 -0.3339 1.1117 130.1128 0.4230 0.5179 0.1741 -0.2172 -0.0045 0.1192 0.5575 0.5880 0.5705
1494806400.0000 132450.0000 -1.3688 0.2403 0.1400 1.5907 99.9582 0.2519 0.5837 0.2529 0.1142 0.0495 0.1213 0.5443 0.4313 0.3798
1494806400.0000 132750.0000 -2.0536 0.9138 0.0023 2.3637 113.9880 0.7600 0.4115 0.3289 0.0671 0.2234 0.0608 0.7502 0.3146 0.2780
1494806400.0000 133050.0000 -0.9390 0.4061 -0.0880 1.0582 113.3872 0.2554 0.1248 0.1083 -0.0991 0.0358 -0.0036 0.2443 0.3930 0.3480
1494806400.0000 133350.0000 0.0404 0.1904 -0.4026 0.3332 191.9778 0.0324 0.0906 0.0498 -0.0171 -0.0118 0.0080 0.0864 0.5367 1.0403
1494806400.0000 133650.0000 0.0898 -0.8711 0.0363 0.9487 354.1140 0.1085 0.1095 0.0711 0.0103 0.0212 -0.0096 0.1445 0.3542 0.3078
1494806400.0000 133950.0000 -0.3238 0.1748 -0.1657 0.6045 118.3610 0.2395 0.1586 0.1896 -0.1252 -0.0321 0.0728 0.2938 1.0968 0.9900
1494806400.0000 134250.0000 -0.2047 0.6777 0.1767 1.0266 163.1937 0.6070 0.1779 0.4587 -0.1186 0.1479 -0.1138 0.6218 0.8824 0.7225
1494806400.0000 134550.0000 -0.1955 1.0401 0.1777 1.4860 169.3551 1.0624 0.5417 0.3296 -0.4268 0.1876 -0.0968 0.9668 0.7481 0.6909
1494806400.0000 134850.0000 -0.7009 1.5044 -0.0756 2.0005 155.0188 1.0817 0.3984 0.3294 0.2299 0.2659 0.0005 0.9047 0.4675 0.4232
1494806400.0000 135150.0000 -0.3870 0.0291 -0.0560 1.0546 94.3065 0.8064 0.5329 0.3932 0.3489 0.0903 0.2222 0.8662 1.9378 1.7214
1494806400.0000 135450.0000 -0.2792 0.0659 -0.0259 0.6451 103.2780 0.2451 0.2099 0.1851 -0.0395 -0.0030 -0.0629 0.3201 1.6039 1.3578
1494806400.0000 135750.0000 0.3630 -0.9207 -0.1410 1.3536 338.4831 1.0800 0.1378 0.2826 -0.1095 0.1275 -0.0001 0.7502 0.7074 0.6438
1494806400.0000 136050.0000 1.5427 -0.1372 -0.0273 2.0540 275.0822 0.7319 1.4978 0.1942 -0.5709 0.1315 -0.0822 1.2120 0.5803 0.5566
1494806400.0000 136350.0000 -1.1626 0.9331 -0.0512 1.6166 128.7506 1.2604 0.3200 0.2077 -0.4094 0.0241 -0.0310 0.8940 0.5176 0.4869
1494806400.0000 136650.0000 -1.6554 1.6168 -0.3304 2.5538 134.3246 0.5840 1.7835 0.3653 -0.1937 0.1239 -0.0527 1.3664 0.4083 0.3839
1494806400.0000 136950.0000 -0.6129 1.2492 -0.2816 1.4488 153.8649 0.1958 0.2867 0.2457 -0.0631 -0.0364 0.0552 0.3640 0.3470 0.2882
1494806400.0000 137250.0000 -0.3043 1.0415 -0.3570 1.1744 163.7110 0.1908 0.2600 0.2675 -0.0396 0.0165 0.0206 0.3592 0.4284 0.3573
1494806400.0000 137550.0000 1.0521 0.4982 -0.2748 1.2569 244.6601 0.1111 0.1931 0.0936 -0.0553 0.0401 -0.0325 0.1989 0.3044 0.2736
1494806400.0000 137850.0000 1.0737 -0.6942 -0.0209 1.5804 302.8858 0.2562 0.8456 0.2011 0.2714 0.0177 0.0789 0.6515 0.5154 0.4740
1494806400.0000 138150.0000 0.6596 -0.6729 -0.0837 0.9962 315.5698 0.0789 0.1617 0.2128 -0.0171 -0.0169 -0.0505 0.2267 0.4110 0.3006
1494806400.0000 138450.0000 0.2616 0.1608 -0.3416 0.6379 238.4155 0.1578 0.2333 0.1850 -0.0905 -0.0218 -0.0289 0.2880 0.9539 1.1757
1494806400.0000 138750.0000 0.1680 0.0496 0.1044 0.5406 253.5510 0.3915 0.0520 0.0582 -0.0320 0.0449 0.0118 0.2509 2.0049 2.1946
1494806400.0000 139050.0000 0.5618 0.0246 0.0611 0.9161 267.4969 0.2312 0.3991 0.1037 -0.2115 -0.0053 -0.0331 0.3670 0.8745 0.8151
1494806400.0000 139350.0000 -0.5722 0.7341 0.2893 1.1446 142.0631 0.4962 0.1011 0.1644 0.0519 0.0956 0.0157 0.3809 0.5170 0.4794
1494806400.0000 139650.0000 -1.2653 1.5472 -0.2658 2.0400 140.7243 0.0818 0.4175 0.1198 -0.0597 -0.0107 -0.0287 0.3096 0.2253 0.2041
1494806400.0000 139950.0000 -0.9492 0.6905 -0.2504 1.2008 126.0347 0.0945 0.0674 0.0619 -0.0192 -0.0057 0.0183 0.1119 0.2275 0.1979
1494806400.0000 140250.0000 -1.0169 0.3394 0.0487 1.1614 108.4550 0.1291 0.2086 0.1403 0.0134 0.0194 0.0229 0.2389 0.3719 0.3129
1494806400.0000 140550.0000 -0.2985 0.3837 0.0402 0.5344 142.1131 0.0580 0.0455 0.0951 -0.0146 -0.0302 0.0208 0.0993 0.5275 0.3822
1494806400.0000 140850.0000 -0.1756 0.1748 0.0746 0.3599 134.8645 0.0615 0.0530 0.0596 0.0068 0.0072 -0.0199 0.0870 0.9306 0.7882
1494806400.0000 141150.0000 0.2752 0.1558 0.0881 0.4615 240.4866 0.1086 0.0573 0.0347 -0.0287 0.0146 0.0004 0.1003 0.7876 0.7436
1494806400.0000 141450.0000 -0.4842 0.7104 -0.1412 0.9278 145.7243 0.0926 0.1599 0.0738 -0.0296 0.0017 -0.0338 0.1632 0.3785 0.3375
1494806400.0000 141750.0000 -0.3656 1.1807 -0.0350 1.2884 162.7954 0.1630 0.1249 0.1188 -0.0237 -0.0238 0.0119 0.2033 0.2978 0.2506
1494806400.0000 142050.0000 -1.6396 1.0825 -0.2096 2.0342 123.4343 0.4342 0.2456 0.3684 -0.0319 -0.0378 0.0753 0.5241 0.2992 0.2423
1494806400.0000 142350.0000 -0.7352 -0.3847 -0.0019 1.0561 62.3807 0.2400 0.4571 0.1866 0.0575 0.0414 -0.0300 0.4419 0.6541 0.5809
1494806400.0000 142650.0000 0.4227 0.1899 0.4327 0.8481 245.8094 0.5637 0.1867 0.1367 0.0328 -0.0770 -0.0497 0.4436 0.8577 1.0794
1494806400.0000 142950.0000 1.1087 0.0792 0.2178 1.1342 265.9137 0.2035 0.0428 0.0619 0.0175 -0.0090 -0.0051 0.1541 0.2830 0.2578
1494806400.0000 143250.0000 0.7645 -0.1127 0.0109 0.8887 278.3843 0.2112 0.2416 0.1055 -0.1075 -0.0204 0.0237 0.2792 0.5582 0.5028
1494806400.0000 143550.0000 1.3188 -0.7482 -0.0804 1.6015 299.5677 0.4353 0.2249 0.1697 0.0405 -0.0177 -0.0070 0.4150 0.3464 0.3094
1494806400.0000 143850.0000 1.3051 -0.4335 -0.2318 1.4471 288.3737 0.6290 0.2160 0.1430 -0.1450 0.0008 0.0209 0.4940 0.4115 0.3859
1494806400.0000 144150.0000 0.8431 -0.4694 -0.0886 1.0899 299.1057 0.3277 0.1451 0.1212 0.0746 0.0176 -0.0316 0.2970 0.4592 0.4114
1494806400.0000 144450.0000 0.7881 0.0564 -0.1842 0.9854 265.9079 0.1945 0.2490 0.1042 -0.1025 -0.0313 -0.0095 0.2738 0.5267 0.4866
1494806400.0000 144750.0000 -0.0661 0.7112 -0.0971 0.8111 174.6918 0.1127 0.3079 0.2006 0.0391 0.0220 -0.0047 0.3106 0.6313 0.5243
1494806400.0000 145050.0000 -0.9900 0.3274 0.1755 1.1952 108.2993 0.4254 0.3139 0.1833 -0.0272 0.0548 0.0718 0.4613 0.5245 0.4761
1494806400.0000 145350.0000 -0.2013 -0.1040 0.2563 0.8981 62.6685 0.2964 0.7011 0.1679 0.0400 0.0399 0.1148 0.5827 1.8217 2.5446
1494806400.0000 145650.0000 0.6656 -0.6221 -0.0310 1.0547 313.0662 0.2459 0.3170 0.1657 -0.1717 -0.0070 0.0457 0.3643 0.5406 0.4755
1494806400.0000 145950.0000 1.1963 -0.4400 -0.1000 1.3675 290.1931 0.2304 0.1586 0.2520 0.1047 0.1102 0.0716 0.3205 0.3615 0.2825
1494806400.0000 146250.0000 0.5548 -0.8130 0.0793 1.1687 325.6909 0.3370 0.1980 0.1370 0.0708 -0.0416 0.0172 0.3360 0.4793 0.4291
1494806400.0000 146550.0000 0.7327 -1.0492 0.0775 1.3956 325.0715 0.2928 0.1965 0.1528 0.0390 0.0157 0.0246 0.3210 0.3608 0.3156
1494806400.0000 146850.0000 0.6816 -0.3880 0.0208 0.8317 299.6499 0.0467 0.1297 0.0623 -0.0408 -0.0081 0.0057 0.1193 0.3595 0.3091
1494806400.0000 147150.0000 0.0182 0.4350 -0.1967 0.5172 182.3938 0.0609 0.0626 0.0517 -0.0342 -0.0189 0.0161 0.0876 0.5060 0.4662
1494806400.0000 147450.0000 0.1534 0.3932 -0.0453 0.4957 201.3114 0.0455 0.0725 0.0985 -0.0210 0.0026 -0.0540 0.1082 0.6328 0.4698
1494806400.0000 147750.0000 0.3785 0.2369 0.2025 0.6795 237.9564 0.0898 0.2408 0.0534 -0.0931 -0.0239 0.0159 0.1920 0.7299 0.7436
1494806400.0000 148050.0000 1.1352 -0.6381 0.0509 1.4944 299.3405 0.2620 0.4881 0.1732 0.1886 -0.0217 0.0181 0.4616 0.4257 0.3840
1494806400.0000 148350.0000 0.6781 -0.1779 0.0148 0.7668 284.6984 0.0638 0.0906 0.0636 -0.0177 0.0196 -0.0103 0.1090 0.3844 0.3236
1494806400.0000 148650.0000 0.5677 0.2072 -0.0006 0.6477 249.9513 0.0468 0.0619 0.0473 0.0122 0.0105 0.0082 0.0780 0.3774 0.3150
1494806400.0000 148950.0000 0.4112 -0.1058 0.0338 0.6110 284.4345 0.1905 0.1654 0.0708 -0.0614 -0.0144 0.0250 0.2134 0.8855 0.8113
1494806400.0000 149250.0000 0.9881 -0.5971 -0.0177 1.2151 301.1458 0.1059 0.2316 0.0699 -0.0462 -0.0152 0.0435 0.2037 0.3192 0.2906
1494806400.0000 149550.0000 1.0040 -0.5088 0.0741 1.1827 296.8733 0.1408 0.1946 0.0951 -0.0436 -0.0177 0.0578 0.2152 0.3358 0.2971
1494806400.0000 149850.0000 1.1010 -0.6205 0.0557 1.3162 299.4041 0.1055 0.1516 0.0646 -0.0050 -0.0187 0.0345 0.1608 0.2588 0.2316
1494806400.0000 150150.0000 1.0678 -0.9073 -0.0778 1.4459 310.3546 0.1401 0.1797 0.0825 -0.0356 -0.0270 0.0243 0.2011 0.2609 0.2330
1494806400.0000 150450.0000 -0.0207 -0.7331 0.1106 0.8730 1.6212 0.1767 0.2157 0.0744 0.0215 -0.0304 0.0325 0.2334 0.5318 0.4931
1494806400.0000 150750.0000 0.3351 -0.1630 0.0631 0.4548 295.9460 0.0576 0.0719 0.0301 0.0206 0.0094 0.0086 0.0798 0.6104 0.5576
1494806400.0000 151050.0000 0.2147 -0.2578 -0.0451 0.4056 320.2155 0.0397 0.1723 0.0224 0.0131 0.0011 0.0398 0.1172 0.8258 0.7924
