1494720000.0000 150.0000 0.6473 0.6519 -0.1775 0.9328 224.7968 0.0711 0.0597 0.0370 0.0390 -0.0407 -0.0253 0.0839 0.2528 0.2273
1494720000.0000 450.0000 0.0181 0.0919 -0.0441 0.1835 191.1198 0.0205 0.0185 0.0164 0.0043 -0.0028 -0.0049 0.0277 1.3123 1.2172
1494720000.0000 750.0000 0.2034 -0.0399 -0.0670 0.2721 281.0948 0.0196 0.0286 0.0083 0.0115 -0.0077 -0.0051 0.0283 0.6302 0.6117
1494720000.0000 1050.0000 0.2568 -0.0128 -0.0603 0.2923 272.8625 0.0096 0.0217 0.0085 0.0019 -0.0015 0.0000 0.0199 0.4365 0.3974
1494720000.0000 1350.0000 0.7430 0.4533 -0.2552 0.8885 238.6114 0.1809 0.0981 0.0245 0.1223 -0.0531 -0.0373 0.1518 0.3507 0.3504
1494720000.0000 1650.0000 0.8194 0.7317 -0.4495 1.1109 228.2372 0.0448 0.0186 0.0293 0.0052 -0.0124 -0.0012 0.0464 0.1481 0.1324
1494720000.0000 1950.0000 0.5515 1.0306 -0.2302 1.2088 208.1517 0.0880 0.0662 0.1064 -0.0173 0.0012 -0.0326 0.1303 0.2474 0.1939
1494720000.0000 2250.0000 0.3450 0.7877 -0.2767 0.9007 203.6507 0.1021 0.1404 0.0875 0.0727 -0.0366 -0.0773 0.1650 0.3671 0.3306
1494720000.0000 2550.0000 -0.4416 0.2065 0.1267 0.5295 115.0639 0.0487 0.0417 0.0387 -0.0053 -0.0042 -0.0027 0.0646 0.4118 0.3562
1494720000.0000 2850.0000 -0.1843 0.3615 -0.0835 0.5157 152.9825 0.1014 0.0338 0.0278 0.0278 -0.0175 -0.0128 0.0815 0.5627 0.5232
1494720000.0000 3150.0000 -0.4202 0.5527 -0.0150 0.7801 142.7544 0.1159 0.0614 0.0451 0.0246 -0.0298 -0.0276 0.1112 0.3921 0.3502
1494720000.0000 3450.0000 -0.1729 0.6966 -0.1630 0.7535 166.0641 0.0521 0.0775 0.0411 -0.0104 0.0066 -0.0232 0.0853 0.3241 0.2896
1494720000.0000 3750.0000 -0.1459 0.5206 -0.1127 0.6825 164.3472 0.1596 0.0405 0.0341 0.0230 -0.0367 -0.0127 0.1171 0.5059 0.4777
1494720000.0000 4050.0000 -0.1652 0.7421 -0.1577 0.8256 167.4494 0.0992 0.0397 0.0272 0.0083 -0.0130 -0.0151 0.0831 0.3031 0.2831
1494720000.0000 4350.0000 -0.1611 0.7788 -0.1583 0.8848 168.3144 0.1493 0.0375 0.0344 0.0279 -0.0331 -0.0154 0.1106 0.3348 0.3138
1494720000.0000 4650.0000 -0.1373 0.4146 -0.0982 0.5438 161.6737 0.0892 0.0974 0.0651 0.0206 -0.0019 -0.0559 0.1259 0.6471 0.5711
1494720000.0000 4950.0000 -0.0390 0.3938 -0.0559 0.5360 174.3494 0.1349 0.0476 0.0550 0.0003 -0.0143 0.0009 0.1187 0.7040 0.6233
1494720000.0000 5250.0000 0.0314 0.2915 -0.1271 0.4096 186.1445 0.0889 0.0256 0.0439 -0.0221 -0.0109 -0.0004 0.0793 0.7193 0.6665
1494720000.0000 5550.0000 -0.3203 0.4343 -0.0359 0.5935 143.5918 0.0559 0.0425 0.0276 0.0020 0.0055 0.0006 0.0630 0.3789 0.3356
1494720000.0000 5850.0000 -0.1368 0.3428 -0.1630 0.4480 158.2377 0.0477 0.0349 0.0189 0.0272 -0.0089 -0.0105 0.0507 0.4557 0.4495
1494720000.0000 6150.0000 -0.0735 0.5745 -0.1089 0.6040 172.7122 0.0254 0.0865 0.0174 0.0049 0.0051 -0.0248 0.0646 0.3523 0.3334
1494720000.0000 6450.0000 0.1284 0.5426 -0.1462 0.5944 193.3094 0.0457 0.0180 0.0098 0.0020 -0.0092 -0.0023 0.0367 0.2715 0.2613
1494720000.0000 6750.0000 -0.2010 0.5815 -0.1333 0.6997 160.9341 0.0990 0.0416 0.0273 0.0148 0.0015 -0.0138 0.0839 0.3757 0.3518
1494720000.0000 7050.0000 -0.0850 0.3820 -0.1526 0.4729 167.4541 0.0626 0.0384 0.0134 0.0076 0.0025 -0.0026 0.0572 0.4649 0.4688
1494720000.0000 7350.0000 -0.1782 0.4397 -0.0707 0.5651 157.9371 0.0929 0.0267 0.0224 0.0203 -0.0258 -0.0082 0.0710 0.4535 0.4208
1494720000.0000 7650.0000 -0.1168 0.4322 -0.0935 0.5250 164.8748 0.0620 0.0579 0.0160 0.0171 -0.0053 -0.0166 0.0680 0.4653 0.4465
1494720000.0000 7950.0000 0.0402 0.0277 0.0081 0.2369 235.3912 0.0369 0.0340 0.0135 0.0166 -0.0008 0.0031 0.0422 3.3890 3.1482
1494720000.0000 8250.0000 -0.0067 -0.0147 0.0387 0.1088 24.4374 0.0128 0.0038 0.0095 0.0017 -0.0086 -0.0007 0.0130 2.2243 4.6141
1494720000.0000 8550.0000 0.0538 0.1176 -0.0444 0.2803 204.5676 0.0299 0.0557 0.0270 0.0318 -0.0146 -0.0299 0.0563 1.4174 1.3066
1494720000.0000 8850.0000 -0.0663 -0.2147 0.0571 0.3290 17.1664 0.0269 0.0545 0.0151 0.0317 -0.0135 -0.0205 0.0482 0.7735 0.7327
1494720000.0000 9150.0000 -0.0771 -0.0370 0.0259 0.2277 64.3750 0.0206 0.0330 0.0029 0.0176 -0.0055 -0.0072 0.0282 1.5366 1.5633
1494720000.0000 9450.0000 0.1624 0.3491 -0.1289 0.4313 204.9502 0.0414 0.0709 0.0285 0.0399 -0.0159 -0.0300 0.0704 0.5334 0.5024
1494720000.0000 9750.0000 -0.0079 -0.0892 0.0263 0.1692 5.0545 0.0042 0.0232 0.0035 0.0065 -0.0016 -0.0046 0.0154 1.0865 1.0669
1494720000.0000 10050.0000 -0.0839 0.0033 0.0718 0.1997 92.2623 0.0259 0.0230 0.0085 0.0205 -0.0112 -0.0070 0.0287 1.2523 1.5213
1494720000.0000 10350.0000 0.1588 -0.3233 0.0062 0.4136 333.8359 0.0303 0.0311 0.0092 -0.0026 -0.0040 -0.0016 0.0353 0.4257 0.3972
1494720000.0000 10650.0000 0.2304 -0.0902 -0.0664 0.3501 291.3817 0.0160 0.0610 0.0260 0.0213 -0.0109 -0.0214 0.0515 0.7235 0.6478
1494720000.0000 10950.0000 0.3105 -0.3930 -0.0040 0.5307 321.6897 0.0378 0.0452 0.0226 -0.0122 -0.0149 0.0093 0.0528 0.3747 0.3322
1494720000.0000 11250.0000 0.1518 -0.1607 -0.0795 0.3075 316.6278 0.0379 0.0222 0.0120 0.0045 -0.0081 -0.0024 0.0360 0.6598 0.6403
1494720000.0000 11550.0000 0.3098 -0.5068 -0.0526 0.6236 328.5582 0.0176 0.0405 0.0079 0.0096 -0.0047 -0.0048 0.0330 0.2487 0.2342
1494720000.0000 11850.0000 0.3574 -0.3913 -0.0650 0.5529 317.5888 0.0313 0.0272 0.0060 -0.0075 -0.0058 0.0009 0.0323 0.2747 0.2636
1494720000.0000 12150.0000 0.1967 -0.6020 0.0424 0.6478 341.9037 0.0259 0.0210 0.0131 -0.0123 -0.0044 -0.0023 0.0300 0.2228 0.1974
1494720000.0000 12450.0000 0.4049 -0.4541 -0.0422 0.6340 318.2818 0.0190 0.0353 0.0110 0.0054 -0.0042 -0.0016 0.0326 0.2418 0.2210
1494720000.0000 12750.0000 0.2275 -0.1408 0.0223 0.3226 301.7479 0.0409 0.0298 0.0129 -0.0143 -0.0087 -0.0023 0.0418 0.6221 0.5741
1494720000.0000 13050.0000 0.0314 -0.0991 -0.0013 0.1725 342.3935 0.0110 0.0183 0.0094 0.0094 -0.0062 -0.0049 0.0194 1.0936 0.9514
1494720000.0000 13350.0000 0.1566 -0.0557 -0.0730 0.2736 289.5785 0.0130 0.0473 0.0199 0.0139 -0.0126 -0.0152 0.0401 0.9003 0.8525
1494720000.0000 13650.0000 -0.0722 0.0482 0.0255 0.1431 123.7505 0.0053 0.0119 0.0166 0.0048 -0.0058 -0.0122 0.0169 1.1734 0.8734
1494720000.0000 13950.0000 0.1058 0.0190 -0.0151 0.2102 259.8318 0.0046 0.0341 0.0070 0.0069 -0.0027 -0.0139 0.0228 1.1358 1.0554
1494720000.0000 14250.0000 -0.0589 -0.0769 -0.0019 0.2740 37.4741 0.0637 0.0180 0.0128 0.0176 -0.0226 -0.0104 0.0472 1.8310 1.7030
1494720000.0000 14550.0000 -0.0819 -0.1050 0.0186 0.2390 37.9482 0.0392 0.0160 0.0205 0.0152 -0.0242 -0.0084 0.0379 1.1817 1.0191
1494720000.0000 14850.0000 0.0334 -0.0131 0.0086 0.1387 291.3964 0.0055 0.0170 0.0036 -0.0042 -0.0008 0.0048 0.0131 2.5284 2.4145
1494720000.0000 15150.0000 0.0268 0.0615 -0.0254 0.1788 203.5228 0.0116 0.0210 0.0042 -0.0089 -0.0039 0.0019 0.0184 1.5448 1.5540
1494720000.0000 15450.0000 0.0980 -0.2364 -0.0267 0.3378 337.4731 0.0505 0.0272 0.0072 -0.0286 -0.0125 0.0052 0.0424 0.6536 0.6287
1494720000.0000 15750.0000 0.2892 -0.2959 0.0308 0.4383 315.6551 0.0096 0.0503 0.0040 -0.0145 -0.0001 -0.0013 0.0320 0.3519 0.3416
1494720000.0000 16050.0000 -0.1286 -0.1046 0.0373 0.2727 50.8913 0.0443 0.0135 0.0037 -0.0190 -0.0043 0.0014 0.0308 0.8432 0.8380
1494720000.0000 16350.0000 -0.0561 0.0541 -0.0191 0.2204 133.9368 0.0391 0.0115 0.0057 0.0082 -0.0092 -0.0022 0.0281 1.7072 1.6655
1494720000.0000 16650.0000 -0.2068 0.1514 0.0528 0.3601 126.2155 0.0380 0.0367 0.0030 0.0285 -0.0028 -0.0029 0.0389 0.6153 0.6158
1494720000.0000 16950.0000 -0.2142 0.0776 0.0274 0.3349 109.9151 0.0275 0.0498 0.0161 0.0268 -0.0090 -0.0122 0.0467 0.7690 0.7045
1494720000.0000 17250.0000 -0.3735 -0.1003 0.0702 0.4163 74.9641 0.0484 0.0278 0.0232 0.0231 -0.0313 -0.0163 0.0497 0.4630 0.4119
1494720000.0000 17550.0000 0.1351 0.2211 -0.0793 0.2923 211.4166 0.0178 0.0412 0.0042 0.0130 -0.0057 -0.0095 0.0316 0.5356 0.5412
1494720000.0000 17850.0000 -0.0762 0.0700 0.0091 0.2555 132.5817 0.0185 0.0578 0.0098 -0.0010 -0.0037 -0.0154 0.0431 1.6314 1.5416
1494720000.0000 18150.0000 0.0600 0.0208 -0.0667 0.1097 250.8880 0.0098 0.0029 0.0030 -0.0042 -0.0006 -0.0005 0.0079 0.7866 1.0247
1494720000.0000 18450.0000 0.1334 -0.0014 0.0005 0.1539 270.6127 0.0041 0.0059 0.0016 -0.0021 -0.0011 0.0005 0.0058 0.4664 0.4340
1494720000.0000 18750.0000 0.2408 -0.0604 -0.0905 0.2638 284.0860 0.0064 0.0110 0.0025 -0.0054 0.0000 -0.0025 0.0099 0.3077 0.3065
1494720000.0000 19050.0000 0.0452 -0.1551 0.0102 0.2521 343.7362 0.0159 0.0471 0.0126 0.0220 -0.0122 -0.0210 0.0378 0.9806 0.8966
1494720000.0000 19350.0000 -0.0322 -0.3343 0.0523 0.4162 5.5076 0.0451 0.0374 0.0061 -0.0278 0.0006 -0.0034 0.0443 0.5055 0.4936
1494720000.0000 19650.0000 -0.2719 -0.1795 0.0934 0.3325 56.5658 0.0318 0.0064 0.0036 0.0131 -0.0082 -0.0034 0.0209 0.3481 0.3462
1494720000.0000 19950.0000 -0.0746 -0.0704 0.0961 0.1295 46.6853 0.0055 0.0061 0.0083 0.0023 0.0004 0.0003 0.0099 0.5792 0.6064
1494720000.0000 20250.0000 0.2171 -0.0907 -0.0298 0.2740 292.6822 0.0176 0.0280 0.0036 -0.0147 0.0014 -0.0053 0.0246 0.5402 0.5245
1494720000.0000 20550.0000 -0.4824 -0.0291 0.0781 0.5535 86.5451 0.0712 0.0404 0.0091 -0.0299 -0.0105 -0.0040 0.0604 0.4098 0.3992
1494720000.0000 20850.0000 -0.0294 0.4314 -0.1444 0.4546 176.0975 0.0203 0.0251 0.0117 -0.0061 0.0009 -0.0073 0.0286 0.3028 0.2847
1494720000.0000 21150.0000 0.1977 -0.1492 -0.0749 0.2722 307.0486 0.0247 0.0179 0.0084 -0.0170 -0.0096 0.0066 0.0255 0.5037 0.4806
1494720000.0000 21450.0000 0.3405 -0.3193 -0.0771 0.4750 313.1556 0.0058 0.0044 0.0067 0.0026 -0.0014 -0.0030 0.0084 0.1585 0.1246
1494720000.0000 21750.0000 0.3016 0.0513 -0.0864 0.3330 260.3549 0.0145 0.0208 0.0120 -0.0001 -0.0053 0.0019 0.0237 0.3952 0.3547
1494720000.0000 22050.0000 -0.3674 -0.0669 0.1422 0.4098 79.6722 0.0745 0.0118 0.0056 -0.0004 -0.0055 -0.0040 0.0459 0.4380 0.4541
1494720000.0000 22350.0000 -0.0363 0.1271 0.0162 0.2290 164.0533 0.0335 0.0137 0.0129 0.0128 0.0013 0.0010 0.0300 1.0629 0.9489
1494720000.0000 22650.0000 0.0316 0.1529 -0.0684 0.2619 191.6803 0.0253 0.0696 0.0087 -0.0271 0.0060 -0.0109 0.0518 1.0903 1.1392
1494720000.0000 22950.0000 -0.2585 0.5583 -0.0298 0.6896 155.1516 0.0833 0.0874 0.0449 0.0252 -0.0086 -0.0316 0.1078 0.4352 0.3876
1494720000.0000 23250.0000 -0.5007 0.2050 -0.0099 0.5709 112.2639 0.0417 0.0394 0.0258 -0.0142 0.0001 -0.0142 0.0535 0.3489 0.3039
1494720000.0000 23550.0000 -0.2337 -0.2313 0.0241 0.4082 45.2957 0.0987 0.0155 0.0435 0.0009 -0.0379 -0.0060 0.0788 0.6954 0.5933
1494720000.0000 23850.0000 -0.6376 -0.2095 0.3818 0.6977 71.8079 0.0612 0.0368 0.0435 0.0146 0.0233 0.0048 0.0708 0.2813 0.2693
1494720000.0000 24150.0000 -0.4896 -0.1330 0.1019 0.5329 74.8023 0.0239 0.0217 0.0248 -0.0004 -0.0009 -0.0064 0.0353 0.2963 0.2432
1494720000.0000 24450.0000 -0.5202 -0.5753 0.2526 0.8046 42.1221 0.0243 0.0404 0.0251 -0.0127 -0.0058 0.0031 0.0449 0.2121 0.1894
1494720000.0000 24750.0000 -0.3390 -0.3731 0.0677 0.5347 42.2553 0.0228 0.0305 0.0235 -0.0028 0.0013 -0.0027 0.0385 0.3148 0.2646
1494720000.0000 25050.0000 -0.5069 -0.2700 0.2118 0.6144 61.9558 0.0386 0.0332 0.0363 -0.0117 -0.0023 -0.0079 0.0540 0.3101 0.2694
1494720000.0000 25350.0000 -0.5922 -0.0295 0.1520 0.6169 87.1439 0.0294 0.0309 0.0255 0.0075 -0.0112 -0.0072 0.0429 0.2762 0.2390
1494720000.0000 25650.0000 -0.2467 0.2281 0.1810 0.5280 132.7630 0.1469 0.0555 0.0386 0.0350 -0.0258 -0.0139 0.1205 0.7427 0.7732
1494720000.0000 25950.0000 -0.2659 0.1451 0.0566 0.3747 118.6251 0.0375 0.0296 0.0337 0.0217 -0.0099 -0.0096 0.0504 0.5949 0.4937
1494720000.0000 26250.0000 -0.4134 -0.0613 0.1050 0.4445 81.5683 0.0773 0.0162 0.0112 -0.0012 -0.0126 -0.0041 0.0523 0.4334 0.4223
1494720000.0000 26550.0000 -0.5301 -0.1962 0.1793 0.6258 69.6946 0.0304 0.0657 0.0288 -0.0162 0.0076 -0.0209 0.0625 0.3441 0.3166
1494720000.0000 26850.0000 -0.5911 0.0134 0.0340 0.6466 91.2946 0.0718 0.0546 0.0574 0.0125 -0.0021 -0.0204 0.0919 0.4180 0.3472
1494720000.0000 27150.0000 -0.4215 -0.1140 0.1402 0.4638 74.8636 0.0454 0.0241 0.0456 0.0001 -0.0037 0.0077 0.0575 0.4271 0.3485
1494720000.0000 27450.0000 -0.2380 -0.3960 0.1451 0.5032 30.9991 0.0417 0.0261 0.0273 0.0058 0.0035 -0.0023 0.0475 0.3675 0.3253
1494720000.0000 27750.0000 -0.2690 -0.4700 0.2916 0.5873 29.7832 0.0553 0.0253 0.0253 0.0037 0.0111 0.0047 0.0529 0.3053 0.3025
1494720000.0000 28050.0000 -0.7763 -0.4004 0.2490 0.8972 62.7157 0.0270 0.0409 0.0358 -0.0047 0.0111 -0.0146 0.0519 0.2047 0.1722
1494720000.0000 28350.0000 -0.1205 -0.5278 0.2902 0.6407 12.8578 0.1332 0.0678 0.0543 0.0219 -0.0205 0.0029 0.1276 0.4749 0.4781
1494720000.0000 28650.0000 -0.0743 -0.3263 0.1916 0.4242 12.8241 0.0648 0.0340 0.0530 -0.0081 0.0071 0.0003 0.0759 0.5834 0.5425
1494720000.0000 28950.0000 -0.1109 -0.1228 -0.0666 0.2375 42.0654 0.0179 0.0203 0.0347 -0.0015 0.0033 0.0034 0.0364 0.8734 0.6814
1494720000.0000 29250.0000 -0.0660 -0.3362 0.1142 0.3806 11.1107 0.0215 0.0293 0.0256 -0.0069 -0.0027 -0.0000 0.0382 0.4419 0.3797
1494720000.0000 29550.0000 -0.0001 -0.5198 0.0258 0.5578 0.0115 0.0402 0.0182 0.0346 -0.0044 -0.0008 0.0091 0.0465 0.3382 0.2682
1494720000.0000 29850.0000 -0.0842 -0.4265 -0.0595 0.4632 11.1680 0.0242 0.0217 0.0464 0.0022 0.0034 0.0008 0.0461 0.3997 0.2845
1494720000.0000 30150.0000 -0.2651 -0.2014 0.2726 0.3820 52.7831 0.0552 0.0282 0.0453 0.0031 0.0147 -0.0022 0.0644 0.4814 0.5007
1494720000.0000 30450.0000 -0.5083 -0.2120 0.0944 0.5964 67.3614 0.0934 0.0459 0.1054 0.0134 0.0037 -0.0130 0.1224 0.5112 0.3913
1494720000.0000 30750.0000 -0.6379 -0.0992 -0.0222 0.6922 81.1598 0.0746 0.0702 0.0586 0.0368 -0.0257 -0.0246 0.1017 0.4031 0.3403
1494720000.0000 31050.0000 -0.3867 -0.0292 0.2684 0.4691 85.6756 0.0445 0.0589 0.0500 0.0072 -0.0118 0.0107 0.0767 0.4794 0.4788
1494720000.0000 31350.0000 -0.9163 -0.1907 0.3859 0.9818 78.2449 0.0725 0.0863 0.0455 -0.0205 0.0080 -0.0129 0.1021 0.2578 0.2458
1494720000.0000 31650.0000 -0.7426 -0.0674 0.2974 0.8321 84.8158 0.0711 0.1491 0.0760 0.0182 -0.0136 -0.0302 0.1481 0.3915 0.3634
1494720000.0000 31950.0000 -0.8522 -0.2268 0.3755 0.9564 75.0956 0.1444 0.1173 0.1208 -0.0127 -0.0101 -0.0445 0.1913 0.3726 0.3349
1494720000.0000 32250.0000 -1.0438 0.0259 0.2318 1.0876 91.4188 0.0740 0.0788 0.0640 -0.0095 0.0151 -0.0334 0.1084 0.2513 0.2161
1494720000.0000 32550.0000 -0.5962 -0.0847 -0.0843 0.6366 81.9101 0.1072 0.0394 0.0565 0.0245 -0.0393 -0.0178 0.1016 0.4280 0.3671
1494720000.0000 32850.0000 -0.0927 -0.0502 -0.2015 0.3150 61.5595 0.0376 0.1211 0.0764 0.0056 -0.0010 -0.0498 0.1176 1.2309 2.1807
1494720000.0000 33150.0000 -0.6769 -0.4426 0.2171 0.8667 56.8240 0.0936 0.0679 0.0750 -0.0108 -0.0152 0.0107 0.1183 0.3353 0.2869
1494720000.0000 33450.0000 -0.4722 0.2683 -0.0056 0.5873 119.6085 0.0588 0.0451 0.0641 -0.0027 0.0085 0.0062 0.0840 0.4357 0.3427
1494720000.0000 33750.0000 -0.0439 0.0268 -0.3044 0.2476 121.3936 0.0407 0.0327 0.0196 0.0106 -0.0025 0.0071 0.0465 0.5702 3.0392
1494720000.0000 34050.0000 0.0436 -0.3076 0.0432 0.4955 351.9335 0.0857 0.2090 0.0755 -0.1055 0.0201 -0.0541 0.1851 1.1197 1.0087
1494720000.0000 34350.0000 0.5335 -0.9938 -0.1549 1.1597 331.7735 0.0735 0.0596 0.0950 0.0008 -0.0178 -0.0032 0.1141 0.2422 0.1868
1494720000.0000 34650.0000 0.2651 -1.1353 0.1721 1.2296 346.8564 0.1490 0.1317 0.1090 0.0132 0.0073 0.0260 0.1949 0.3059 0.2624
1494720000.0000 34950.0000 -0.5619 -1.1355 0.2949 1.3379 26.3296 0.2220 0.1575 0.1789 0.0234 -0.0681 -0.0148 0.2792 0.3317 0.2807
1494720000.0000 35250.0000 -0.3323 -0.6058 0.0816 0.7512 28.7412 0.0933 0.1540 0.0786 0.0509 -0.0041 0.0039 0.1630 0.4738 0.4155
1494720000.0000 35550.0000 -0.0686 -0.5682 0.0980 0.7765 6.8895 0.2690 0.1271 0.2311 0.0797 -0.1402 -0.0308 0.3136 0.7874 0.6349
1494720000.0000 35850.0000 -1.0211 0.0622 0.3281 1.1030 93.4852 0.1413 0.1497 0.1297 -0.0495 -0.0012 -0.0525 0.2104 0.3486 0.3045
1494720000.0000 36150.0000 -0.7623 0.3345 0.0060 0.8796 113.6956 0.1031 0.1012 0.1178 -0.0375 0.0002 -0.0363 0.1611 0.3937 0.3135
1494720000.0000 36450.0000 -0.8595 -0.1760 -0.0124 0.9398 78.4287 0.1391 0.0979 0.1720 -0.0078 -0.0900 0.0192 0.2045 0.4208 0.3204
1494720000.0000 36750.0000 -1.1887 0.1316 0.1604 1.3119 96.3164 0.1452 0.2675 0.1310 -0.1047 0.0017 -0.0549 0.2718 0.3528 0.3101
1494720000.0000 37050.0000 -1.5762 0.0102 0.2383 1.6604 90.3699 0.3424 0.2873 0.2444 -0.0641 -0.0324 -0.0611 0.4370 0.3386 0.2906
1494720000.0000 37350.0000 -1.9461 -0.1239 0.4590 2.1080 86.3580 0.5988 0.5521 0.4248 -0.2180 0.1313 -0.1821 0.7879 0.3618 0.3176
1494720000.0000 37650.0000 -1.9939 -0.3192 0.7316 2.2045 80.9055 0.6274 0.6902 0.2482 0.0803 -0.0085 -0.1296 0.7829 0.3364 0.3282
1494720000.0000 37950.0000 -2.0851 -0.4122 0.6131 2.2584 78.8167 0.4674 0.5287 0.4290 -0.0600 -0.0065 -0.1211 0.7125 0.3116 0.2711
1494720000.0000 38250.0000 -1.2584 0.3340 0.3537 1.3954 104.8635 0.3635 0.1966 0.2049 -0.0258 0.0314 -0.0723 0.3825 0.3743 0.3319
1494720000.0000 38550.0000 -1.4865 0.2654 0.3230 1.5628 100.1234 0.2278 0.1504 0.1121 -0.0014 0.0279 -0.0232 0.2452 0.2618 0.2351
1494720000.0000 38850.0000 -1.0491 0.4720 0.1034 1.2325 114.2221 0.1753 0.2823 0.0661 -0.0671 0.0255 -0.0570 0.2619 0.3617 0.3395
1494720000.0000 39150.0000 -0.4844 0.5631 -0.0144 0.8955 139.2967 0.2110 0.2005 0.1285 -0.0136 0.0355 -0.0594 0.2700 0.5711 0.4986
1494720000.0000 39450.0000 -0.7750 -0.1797 0.0440 1.0002 76.9431 0.8474 0.1822 0.1920 -0.1836 -0.2229 0.0112 0.6108 0.8008 0.7364
1494720000.0000 39750.0000 -1.8591 -0.1988 0.4012 1.9448 83.8963 0.3983 0.2357 0.2784 -0.0798 0.0145 -0.1008 0.4562 0.2884 0.2459
1494720000.0000 40050.0000 -1.0082 -0.4104 0.1767 1.2955 67.8517 1.0717 0.1752 0.4490 -0.0423 -0.3797 -0.0249 0.8479 0.6818 0.5923
1494720000.0000 40350.0000 -1.4624 -0.1705 0.6015 1.7673 83.3506 1.0866 0.7606 0.2717 0.5141 -0.2259 -0.1508 1.0594 0.5284 0.5330
1494720000.0000 40650.0000 -2.1461 0.3007 0.4972 2.2862 97.9752 0.6110 0.5135 0.3374 -0.0060 0.0135 -0.2044 0.7309 0.3140 0.2825
1494720000.0000 40950.0000 -1.3266 0.4435 0.2646 1.7239 108.4849 0.3668 1.0293 0.6470 0.1143 -0.0639 -0.3502 1.0216 0.5797 0.4877
1494720000.0000 41250.0000 -1.8228 -0.3911 0.4453 1.9652 77.8911 0.2468 0.3448 0.2685 0.0775 0.0114 -0.1211 0.4300 0.2793 0.2382
1494720000.0000 41550.0000 -1.3325 -0.1099 0.1802 1.4378 85.2855 0.4163 0.2844 0.2783 -0.0168 -0.1238 -0.0725 0.4896 0.4234 0.3615
1494720000.0000 41850.0000 -0.7835 -0.8905 0.4525 1.2844 41.3425 0.3279 0.1443 0.1256 0.0067 -0.0578 0.0401 0.2989 0.3517 0.3345
1494720000.0000 42150.0000 -0.7087 -0.8964 0.3475 1.2315 38.3298 0.4604 0.2854 0.1769 0.2084 -0.0735 -0.0318 0.4614 0.4643 0.4364
1494720000.0000 42450.0000 -0.5997 -0.8168 0.1482 1.2111 36.2861 0.4864 0.1421 0.1177 -0.0543 -0.0622 -0.0202 0.3731 0.4870 0.4517
1494720000.0000 42750.0000 -1.3055 -0.8678 0.7604 2.0176 56.3876 1.0983 0.9688 0.2540 -0.7568 0.1432 -0.1028 1.1605 0.5049 0.5295
1494720000.0000 43050.0000 -1.7065 0.2924 0.5926 1.8631 99.7239 0.4213 0.4584 0.2490 -0.0391 0.0365 -0.1568 0.5644 0.3352 0.3128
1494720000.0000 43350.0000 -1.7419 0.7320 -0.0050 2.0209 112.7930 0.6824 0.4120 0.3320 -0.0653 -0.1629 -0.1665 0.7133 0.3649 0.3197
1494720000.0000 43650.0000 -1.0863 0.0408 0.3876 1.1737 92.1517 0.2755 0.1703 0.1156 -0.0874 0.0078 -0.0147 0.2807 0.3748 0.3546
1494720000.0000 43950.0000 -1.5294 0.5093 0.3459 1.7322 108.4165 0.5470 0.2969 0.1829 0.0232 0.0124 -0.1122 0.5134 0.3549 0.3290
1494720000.0000 44250.0000 -1.3932 0.0030 0.4689 1.5281 90.1249 0.4896 0.3688 0.2929 0.0324 -0.0059 -0.1017 0.5757 0.4214 0.3840
1494720000.0000 44550.0000 -0.8689 0.4221 0.1622 1.2072 115.9132 0.4064 0.3481 0.2802 0.1138 0.0626 -0.0268 0.5174 0.5996 0.5192
1494720000.0000 44850.0000 -0.7891 0.0144 0.3513 0.9751 91.0434 0.3554 0.2516 0.2168 0.0668 -0.0192 -0.0888 0.4119 0.6066 0.5699
1494720000.0000 45150.0000 0.0327 -0.3022 0.1411 0.8762 353.8195 0.2905 0.6752 0.1911 -0.2491 0.0630 -0.1354 0.5784 1.8529 1.8665
1494720000.0000 45450.0000 -0.8392 -0.3097 0.2865 2.1224 69.7439 2.2879 2.1217 0.4086 -1.1402 -0.1519 -0.3864 2.4091 1.3492 1.3553
1494720000.0000 45750.0000 -0.7178 1.1841 0.0248 1.6934 148.7775 0.9748 0.6417 0.4383 0.0415 -0.0011 -0.2556 1.0274 0.5976 0.5301
1494720000.0000 46050.0000 -1.7111 1.3477 -0.0472 2.2454 128.2248 0.3960 0.2046 0.1798 0.0001 0.0183 -0.0490 0.3902 0.2341 0.2054
1494720000.0000 46350.0000 -1.0257 0.1068 0.2153 1.2087 95.9448 0.3263 0.3479 0.2612 -0.0448 0.0165 -0.1611 0.4677 0.5300 0.4597
1494720000.0000 46650.0000 -1.8989 0.3825 0.3164 2.0863 101.3885 0.6669 0.6661 0.3082 -0.1311 0.0208 -0.1430 0.8206 0.3769 0.3441
1494720000.0000 46950.0000 -1.8995 0.0404 0.5759 2.0152 91.2195 0.4638 0.4370 0.2750 -0.0803 0.0982 -0.0844 0.5879 0.3154 0.2884
1494720000.0000 47250.0000 -1.4545 0.1116 0.5688 1.6521 94.3880 0.7010 0.6219 0.2846 -0.2309 0.0248 -0.2200 0.8038 0.4675 0.4552
1494720000.0000 47550.0000 -1.9245 0.5398 0.4347 2.3061 105.6680 0.5162 1.4044 0.4145 0.0939 -0.0792 -0.5112 1.1675 0.4313 0.4003
1494720000.0000 47850.0000 -1.5581 -0.6398 0.5617 1.8043 67.6737 0.4430 0.2573 0.1760 -0.1419 -0.0129 -0.0591 0.4381 0.3044 0.2868
1494720000.0000 48150.0000 -1.8552 -0.3596 0.6102 2.0482 79.0312 0.2738 0.5886 0.3062 -0.1028 0.0393 -0.1788 0.5843 0.3143 0.2837
1494720000.0000 48450.0000 -0.3431 -0.4555 -0.0621 0.7943 36.9924 0.2334 0.2709 0.3268 -0.0693 -0.0184 -0.0926 0.4155 0.9175 0.7189
1494720000.0000 48750.0000 -0.9736 1.3384 -0.0116 1.9584 143.9675 1.1135 1.1079 0.4285 -0.3925 -0.0490 -0.3290 1.3249 0.5678 0.5199
1494720000.0000 49050.0000 -1.5519 0.0422 0.5065 1.7925 91.5560 0.8985 0.5965 0.2786 -0.0263 -0.0342 -0.1786 0.8868 0.4708 0.4547
1494720000.0000 49350.0000 -1.9076 0.8105 0.4180 2.2191 113.0196 0.6762 0.7035 0.3072 -0.2762 0.0894 -0.1842 0.8434 0.3547 0.3272
1494720000.0000 49650.0000 -1.7949 0.7043 0.2697 2.0162 111.4248 0.2685 0.3112 0.2815 0.0339 0.0333 -0.1199 0.4306 0.2752 0.2280
1494720000.0000 49950.0000 -1.6131 0.0323 0.4697 1.7995 91.1469 0.6041 0.6217 0.2251 -0.0380 -0.0782 -0.1045 0.7255 0.4139 0.3962
1494720000.0000 50250.0000 -1.9606 0.3831 0.2874 2.1977 101.0568 0.8267 0.7993 0.3259 0.0196 -0.2160 -0.2522 0.9759 0.3997 0.3685
1494720000.0000 50550.0000 -0.8467 -0.0001 0.5219 1.1467 89.9963 0.5023 0.4334 0.2170 -0.0856 0.1009 -0.0698 0.5764 0.6232 0.6596
1494720000.0000 50850.0000 -0.7984 0.4407 0.3218 1.2090 118.8989 0.8449 0.4945 0.2507 -0.1821 -0.0693 -0.0516 0.7951 0.7528 0.7327
1494720000.0000 51150.0000 -1.5440 0.3510 0.2300 1.6923 102.8067 0.3704 0.3235 0.2276 -0.0666 -0.0236 -0.0771 0.4607 0.3464 0.3037
1494720000.0000 51450.0000 -2.4325 0.3526 0.5301 2.5793 98.2477 0.6091 0.6160 0.1815 -0.1151 0.0582 -0.0699 0.7033 0.2723 0.2600
1494720000.0000 51750.0000 -1.6216 0.4844 0.2261 1.8075 106.6305 0.4496 0.4187 0.1781 -0.0786 0.0068 -0.0893 0.5232 0.3459 0.3179
1494720000.0000 52050.0000 -1.5272 1.0803 0.1282 1.9549 125.2755 0.3266 0.5630 0.1590 -0.2262 0.0531 -0.1171 0.5243 0.3153 0.2911
1494720000.0000 52350.0000 -0.2725 0.6700 -0.2511 0.9221 157.8645 0.1824 0.4510 0.1829 -0.1093 0.0160 -0.0966 0.4082 0.6813 0.6353
1494720000.0000 52650.0000 -0.7057 0.8802 -0.1827 1.2485 141.2772 0.3630 0.2452 0.2140 -0.0940 -0.1106 -0.0363 0.4111 0.4581 0.3991
1494720000.0000 52950.0000 -1.7486 0.7464 0.2445 1.9930 113.1161 0.5243 0.2868 0.2405 0.0134 -0.0640 -0.0573 0.5258 0.3089 0.2735
1494720000.0000 53250.0000 -2.1848 0.0848 0.6961 2.2610 92.2217 0.3370 0.3627 0.2768 -0.0358 -0.0226 -0.1084 0.4883 0.2486 0.2209
1494720000.0000 53550.0000 -1.7202 0.1707 0.5481 1.8841 95.6661 0.4358 0.4442 0.2032 0.0674 -0.0198 -0.0455 0.5416 0.3313 0.3133
1494720000.0000 53850.0000 -0.6933 0.1254 -0.0064 1.2043 100.2483 0.3718 0.7108 0.1741 0.2190 -0.1030 -0.2249 0.6284 0.9186 0.8526
1494720000.0000 54150.0000 -0.2100 -0.1988 0.0993 0.7080 46.5786 0.3106 0.1779 0.1999 0.0235 -0.0530 -0.0892 0.3442 1.5667 1.3953
1494720000.0000 54450.0000 -0.0335 0.3453 0.0849 0.7556 174.4600 0.3774 0.2504 0.1094 0.1335 -0.0804 -0.1050 0.3686 1.3882 1.3188
1494720000.0000 54750.0000 -0.7936 -0.1735 0.3495 0.9334 77.6657 0.3291 0.1338 0.0614 -0.0286 -0.0361 -0.0255 0.2621 0.4727 0.4836
1494720000.0000 55050.0000 -0.1970 -0.5590 0.2439 0.6682 19.4121 0.1136 0.0737 0.0693 0.0222 -0.0260 -0.0221 0.1283 0.4563 0.4216
1494720000.0000 55350.0000 0.1617 -0.7793 0.2009 1.4656 348.2764 1.0692 0.7897 0.5720 -0.0376 -0.3253 -0.0806 1.2154 1.0966 0.9890
1494720000.0000 55650.0000 1.2262 0.2244 -0.6220 1.6881 259.6301 1.0631 0.7933 0.4442 -0.0711 -0.2665 -0.2401 1.1503 0.6286 0.6310
1494720000.0000 55950.0000 1.2932 -0.3043 -0.7274 1.9099 283.2412 1.0790 1.5318 0.6398 0.0727 -0.5045 -0.2076 1.6253 0.6873 0.7022
1494720000.0000 56250.0000 0.1220 -0.1988 -0.0227 1.1858 328.4696 0.6630 1.2076 0.8013 0.0207 -0.3201 -0.5843 1.3360 4.0277 3.3860
1494720000.0000 56550.0000 0.7225 0.5110 -0.2805 1.0955 234.7287 0.4218 0.4353 0.3531 0.0453 -0.1522 -0.0387 0.6051 0.6841 0.6040
1494720000.0000 56850.0000 0.9914 -0.6741 -0.3871 1.3602 304.2144 0.8176 0.3858 0.3686 -0.2965 -0.1272 0.1521 0.7860 0.5746 0.5283
1494720000.0000 57150.0000 0.4267 -1.0528 0.1913 1.9694 337.9380 1.2908 2.1920 1.1003 1.1515 -0.7287 -0.8913 2.2916 1.0730 0.9485
1494720000.0000 57450.0000 0.2860 0.1523 -0.0789 0.9543 241.9685 0.4505 0.6641 0.5415 0.1452 -0.0414 0.2700 0.8281 2.2276 1.8809
1494720000.0000 57750.0000 0.8164 -0.3244 -0.3059 1.0975 291.6681 0.5034 0.3837 0.4458 0.2266 -0.1220 -0.1251 0.6665 0.7166 0.6190
1494720000.0000 58050.0000 0.7841 0.0434 -0.5569 1.6113 266.8338 1.8342 0.8283 0.6602 0.2394 -0.8849 -0.0335 1.6613 1.0932 1.1996
1494720000.0000 58350.0000 1.2078 -0.6906 -0.4898 1.8522 299.7592 0.9899 0.9755 0.6280 -0.2401 -0.4509 0.0641 1.2967 0.6303 0.5817
1494720000.0000 58650.0000 0.3798 0.0596 -0.0129 0.8670 261.0781 0.2950 0.4973 0.2042 0.0858 -0.1122 -0.1602 0.4982 1.4983 1.3368
1494720000.0000 58950.0000 -0.6895 -1.1828 0.2153 1.5718 30.2417 0.4611 0.3447 0.2084 -0.1768 -0.0695 -0.0093 0.5071 0.4195 0.3786
1494720000.0000 59250.0000 0.2779 -0.5148 0.0987 0.7745 331.6399 0.2055 0.2864 0.2595 0.0101 -0.1123 -0.0262 0.3757 0.8436 0.6922
1494720000.0000 59550.0000 -0.0319 0.7395 -0.3414 0.7908 177.5332 0.0680 0.1254 0.1348 0.0134 0.0097 -0.0187 0.1641 0.4058 0.3430
1494720000.0000 59850.0000 0.2388 -0.2950 0.1622 0.5841 321.0152 0.1434 0.1833 0.0969 0.0612 -0.0435 -0.0148 0.2118 0.9104 0.8695
1494720000.0000 60150.0000 0.4657 -0.4849 -0.1320 1.0296 316.1537 0.2347 0.7219 0.2476 0.0872 -0.0593 -0.1382 0.6021 0.9247 0.8399
1494720000.0000 60450.0000 0.2548 -1.0547 0.3061 1.1826 346.4204 0.2038 0.3658 0.2029 -0.0341 -0.0415 -0.0960 0.3862 0.4501 0.4016
1494720000.0000 60750.0000 0.4389 -1.1149 0.1775 1.4668 338.5115 0.5341 0.6021 0.1854 0.3966 -0.2099 -0.1693 0.6608 0.5480 0.5136
1494720000.0000 61050.0000 -0.0783 -1.3823 0.3590 1.4535 3.2401 0.1907 0.3826 0.1079 0.1280 -0.0299 -0.0751 0.3406 0.3332 0.3158
1494720000.0000 61350.0000 -0.2422 -0.8546 0.3274 0.9575 15.8197 0.0861 0.1411 0.0413 -0.0412 -0.0043 0.0222 0.1343 0.3160 0.3099
1494720000.0000 61650.0000 -0.2586 -0.8732 0.2131 1.0221 16.4986 0.1997 0.1349 0.0743 0.0207 -0.0122 0.0236 0.2044 0.3947 0.3667
1494720000.0000 61950.0000 -0.4436 -0.9718 0.4058 1.1753 24.5340 0.2458 0.1718 0.0610 0.0222 -0.0348 0.0329 0.2393 0.3495 0.3492
1494720000.0000 62250.0000 0.2092 -1.1729 0.1670 1.2835 349.8858 0.2358 0.1360 0.1549 -0.0286 -0.0859 0.0544 0.2633 0.3483 0.2955
1494720000.0000 62550.0000 0.0283 -1.1200 -0.0544 1.2483 358.5546 0.2572 0.2156 0.1546 0.0513 -0.0498 0.0193 0.3137 0.4077 0.3543
1494720000.0000 62850.0000 -0.0221 -1.4577 0.4042 1.5784 0.8695 0.3023 0.5167 0.3309 0.0967 -0.0567 -0.1038 0.5750 0.4093 0.3584
1494720000.0000 63150.0000 -0.4967 -0.3551 0.2597 0.8092 54.4390 0.2871 0.2309 0.0740 0.0105 -0.0405 0.0438 0.2960 0.6695 0.6806
1494720000.0000 63450.0000 -0.1242 0.1276 0.0894 0.4441 135.7894 0.1710 0.0557 0.0335 0.0157 -0.0372 -0.0112 0.1301 1.4780 1.5435
1494720000.0000 63750.0000 -0.5347 -0.1885 0.2966 0.8124 70.5807 0.2034 0.3354 0.1143 -0.0846 -0.0096 -0.0419 0.3266 0.7292 0.7474
1494720000.0000 64050.0000 -0.6831 -0.1683 0.2346 0.8471 76.1633 0.0533 0.2355 0.0772 0.0614 -0.0200 -0.0801 0.1830 0.4710 0.4410
1494720000.0000 64350.0000 -0.0863 -0.2431 -0.2096 0.5154 19.5463 0.1493 0.1456 0.1469 0.0776 -0.0504 -0.0826 0.2209 1.1547 1.2154
1494720000.0000 64650.0000 0.0031 -0.4372 0.0020 0.6486 359.5901 0.2387 0.1161 0.0765 -0.0984 0.0697 -0.0110 0.2157 0.8673 0.7867
1494720000.0000 64950.0000 0.3177 -0.4234 -0.0541 0.5785 323.1144 0.0399 0.0761 0.0146 -0.0091 -0.0041 -0.0052 0.0653 0.3920 0.3714
1494720000.0000 65250.0000 0.3239 0.1306 -0.1658 0.3910 248.0420 0.0451 0.0247 0.0207 -0.0020 -0.0120 0.0010 0.0453 0.4493 0.4366
1494720000.0000 65550.0000 0.1370 -0.0524 -0.1482 0.3092 290.9099 0.0397 0.0624 0.0491 0.0181 -0.0063 0.0012 0.0756 1.0764 1.2574
1494720000.0000 65850.0000 -0.2914 0.2738 -0.0884 0.7393 133.2201 0.2429 0.2160 0.1290 0.0664 -0.0689 -0.1013 0.2940 1.0810 0.9781
1494720000.0000 66150.0000 0.3572 0.1519 -0.2055 0.7737 246.9594 0.4397 0.2433 0.2534 -0.1849 -0.1530 0.0167 0.4682 1.2719 1.2291
1494720000.0000 66450.0000 0.6102 0.2621 -0.2540 0.9115 246.7582 0.2918 0.3247 0.1204 -0.1240 -0.0480 -0.0054 0.3685 0.6971 0.6826
1494720000.0000 66750.0000 0.8236 -0.1404 -0.2494 0.9640 279.6714 0.1183 0.2782 0.1954 -0.0010 -0.0564 -0.0953 0.2959 0.5094 0.4351
1494720000.0000 67050.0000 0.8792 0.2114 -0.2324 1.1401 256.4819 0.1659 0.4721 0.0810 -0.0537 -0.0563 0.0178 0.3595 0.5243 0.5100
1494720000.0000 67350.0000 0.8640 -0.5787 -0.1071 1.1003 303.8139 0.2077 0.1089 0.0356 -0.0482 -0.0246 -0.0025 0.1761 0.3278 0.3124
1494720000.0000 67650.0000 0.6173 -0.0780 -0.1935 0.8032 277.2009 0.1240 0.1991 0.0871 0.1089 -0.0644 -0.0737 0.2051 0.5675 0.5274
1494720000.0000 67950.0000 0.5136 -0.1576 -0.2051 0.6875 287.0564 0.1019 0.1430 0.0541 0.0534 -0.0351 -0.0203 0.1495 0.5490 0.5318
1494720000.0000 68250.0000 0.3426 -0.3036 -0.0393 0.8009 311.5414 0.2334 0.2835 0.1095 0.0708 -0.1030 -0.1166 0.3132 0.9946 0.9068
1494720000.0000 68550.0000 0.6032 -0.2177 -0.0937 0.8330 289.8419 0.0587 0.3135 0.0566 0.0478 -0.0155 -0.0649 0.2144 0.5834 0.5494
1494720000.0000 68850.0000 0.5811 -0.0136 -0.2370 0.7339 271.3362 0.0721 0.2119 0.0803 0.0162 -0.0155 0.0080 0.1822 0.5553 0.5295
1494720000.0000 69150.0000 0.5992 -0.0367 -0.2857 0.6671 273.5034 0.0606 0.0951 0.0391 -0.0238 -0.0114 0.0157 0.0974 0.3833 0.3795
1494720000.0000 69450.0000 0.9157 0.2012 -0.3659 0.9878 257.6075 0.0605 0.1165 0.0362 0.0125 -0.0087 0.0059 0.1066 0.2649 0.2591
1494720000.0000 69750.0000 0.7746 -0.0568 -0.2836 0.8288 274.1921 0.0764 0.0934 0.0336 -0.0089 -0.0219 -0.0052 0.1017 0.3149 0.3063
1494720000.0000 70050.0000 0.9087 -0.2023 -0.2763 0.9840 282.5489 0.0960 0.1371 0.0405 -0.0524 -0.0101 -0.0140 0.1368 0.3110 0.2994
1494720000.0000 70350.0000 1.3849 -0.6707 -0.2479 1.5690 295.8401 0.2003 0.0862 0.0540 -0.0302 -0.0505 -0.0129 0.1702 0.2161 0.2008
1494720000.0000 70650.0000 1.6123 -0.4727 -0.3885 1.7031 286.3400 0.2884 0.1297 0.0564 -0.1530 -0.0468 0.0144 0.2373 0.2306 0.2222
1494720000.0000 70950.0000 1.7881 -0.4928 -0.4539 1.8806 285.4065 0.2603 0.1413 0.0745 -0.1410 -0.0434 0.0174 0.2380 0.2086 0.1973
1494720000.0000 71250.0000 1.5744 -0.3613 -0.4523 1.6494 282.9262 0.3888 0.1659 0.1152 -0.1911 -0.0879 0.0219 0.3349 0.2817 0.2662
1494720000.0000 71550.0000 1.5591 -0.3926 -0.4298 1.6367 284.1331 0.2482 0.1361 0.0881 -0.1337 -0.0402 0.0015 0.2362 0.2384 0.2226
1494720000.0000 71850.0000 1.5184 -0.3789 -0.4591 1.5977 284.0120 0.3023 0.1621 0.0674 -0.1738 -0.0478 0.0149 0.2659 0.2581 0.2514
1494720000.0000 72150.0000 1.5048 -0.2913 -0.4777 1.5701 280.9549 0.3592 0.1717 0.0893 -0.1861 -0.0788 0.0228 0.3101 0.2832 0.2745
1494720000.0000 72450.0000 1.3652 -0.1034 -0.4925 1.4174 274.3330 0.1920 0.1612 0.0854 -0.0634 -0.0360 0.0070 0.2193 0.2628 0.2506
1494720000.0000 72750.0000 1.3718 -0.0249 -0.4998 1.4270 271.0403 0.2152 0.1829 0.1217 -0.0602 -0.0565 -0.0006 0.2599 0.2851 0.2655
1494720000.0000 73050.0000 1.7933 -0.3587 -0.5415 1.8681 281.3123 0.3893 0.2030 0.1356 -0.2017 -0.0554 -0.0056 0.3640 0.2583 0.2430
1494720000.0000 73350.0000 1.6958 -0.3233 -0.4768 1.7933 280.7928 0.3490 0.2906 0.1479 -0.1981 -0.0728 0.0190 0.3937 0.2861 0.2675
1494720000.0000 73650.0000 1.5429 -0.1982 -0.5387 1.6001 277.3216 0.2948 0.1751 0.1309 -0.1347 -0.0706 0.0005 0.3004 0.2718 0.2544
1494720000.0000 73950.0000 1.3987 0.0395 -0.5722 1.4434 268.3835 0.1837 0.1395 0.1452 -0.0106 -0.0855 0.0078 0.2342 0.2614 0.2346
1494720000.0000 74250.0000 1.4947 -0.0927 -0.5830 1.5443 273.5476 0.2602 0.1674 0.1277 -0.1044 -0.0723 0.0161 0.2776 0.2677 0.2521
1494720000.0000 74550.0000 1.2796 0.0142 -0.5191 1.3226 269.3652 0.1428 0.1236 0.1138 -0.0306 -0.0504 0.0131 0.1901 0.2578 0.2329
1494720000.0000 74850.0000 0.9891 0.1201 -0.3464 1.0340 263.0790 0.1092 0.0871 0.0858 0.0097 -0.0477 0.0088 0.1411 0.2907 0.2568
1494720000.0000 75150.0000 0.3196 -0.1817 -0.0347 0.5434 299.6256 0.0793 0.2241 0.0422 -0.0030 -0.0314 0.0177 0.1728 0.9192 0.8650
1494720000.0000 75450.0000 0.8176 -0.8264 -0.0765 1.1979 315.3094 0.0512 0.0654 0.0266 0.0201 -0.0148 -0.0090 0.0716 0.1876 0.1696
1494720000.0000 75750.0000 0.9085 -0.4480 -0.1504 1.0396 296.2482 0.0482 0.0668 0.0244 -0.0184 -0.0062 -0.0038 0.0697 0.2105 0.1933
1494720000.0000 76050.0000 1.1152 -0.5306 -0.2283 1.2547 295.4435 0.0617 0.0663 0.0272 -0.0302 -0.0085 0.0048 0.0776 0.1811 0.1672
1494720000.0000 76350.0000 0.9040 -0.2542 -0.2887 0.9728 285.7054 0.0684 0.0824 0.0186 -0.0474 0.0007 -0.0044 0.0847 0.2418 0.2387
1494720000.0000 76650.0000 0.5108 -0.0233 -0.2030 0.5630 272.6136 0.0256 0.0621 0.0214 -0.0023 -0.0073 0.0071 0.0546 0.3467 0.3344
1494720000.0000 76950.0000 0.4868 -0.2103 -0.1823 0.5688 293.3620 0.0409 0.0641 0.0156 -0.0296 0.0003 -0.0050 0.0603 0.3576 0.3529
1494720000.0000 77250.0000 0.5897 -0.7985 -0.0221 1.0254 323.5507 0.0447 0.0677 0.0197 0.0081 -0.0099 -0.0035 0.0661 0.2114 0.1951
1494720000.0000 77550.0000 0.7127 -0.4129 -0.2108 0.8497 300.0872 0.0258 0.0603 0.0160 -0.0123 -0.0006 -0.0060 0.0511 0.2171 0.2058
1494720000.0000 77850.0000 0.8468 -0.3336 -0.2542 0.9286 291.4995 0.0360 0.0435 0.0148 -0.0154 -0.0017 0.0016 0.0471 0.1876 0.1789
1494720000.0000 78150.0000 0.6907 -0.2466 -0.2319 0.7691 289.6477 0.0427 0.0733 0.0148 -0.0310 0.0012 -0.0023 0.0654 0.2715 0.2681
1494720000.0000 78450.0000 0.8012 -0.2684 -0.2500 0.8567 288.5228 0.0308 0.0264 0.0084 -0.0188 -0.0038 0.0002 0.0328 0.1678 0.1634
1494720000.0000 78750.0000 0.7068 -0.2009 -0.2206 0.7418 285.8674 0.0143 0.0132 0.0050 -0.0092 -0.0001 -0.0019 0.0162 0.1355 0.1302
1494720000.0000 79050.0000 0.6439 -0.3768 -0.1208 0.7556 300.3369 0.0135 0.0141 0.0050 -0.0002 -0.0039 0.0006 0.0162 0.1377 0.1284
1494720000.0000 79350.0000 0.3991 -0.2942 -0.0916 0.5486 306.3921 0.0372 0.0587 0.0168 -0.0072 -0.0045 -0.0040 0.0563 0.3843 0.3605
1494720000.0000 79650.0000 -0.1258 0.1301 -0.0043 0.3136 135.9644 0.0267 0.0660 0.0091 -0.0125 -0.0005 -0.0066 0.0509 1.0172 0.9708
1494720000.0000 79950.0000 0.2177 0.3129 -0.1719 0.4379 214.8192 0.0221 0.0378 0.0047 -0.0136 -0.0030 0.0014 0.0323 0.3510 0.3709
1494720000.0000 80250.0000 0.2732 -0.1980 -0.0584 0.3661 305.9356 0.0096 0.0200 0.0074 0.0020 -0.0014 -0.0016 0.0185 0.3240 0.2942
1494720000.0000 80550.0000 0.0927 -0.3590 -0.0222 0.4136 345.5242 0.0288 0.0149 0.0042 -0.0033 0.0030 -0.0022 0.0240 0.3405 0.3256
1494720000.0000 80850.0000 -0.0662 0.1058 0.0323 0.1751 147.9557 0.0102 0.0162 0.0028 0.0002 0.0003 -0.0009 0.0146 0.7651 0.7517
1494720000.0000 81150.0000 -0.1243 0.4222 -0.0744 0.4694 163.5955 0.0236 0.0114 0.0062 0.0055 -0.0019 -0.0031 0.0206 0.2624 0.2454
1494720000.0000 81450.0000 -0.1773 0.4971 -0.0877 0.5379 160.3675 0.0117 0.0059 0.0046 -0.0010 0.0005 -0.0011 0.0111 0.1605 0.1450
1494720000.0000 81750.0000 -0.5317 0.3686 0.0387 0.6625 124.7351 0.0177 0.0113 0.0055 0.0060 0.0004 -0.0001 0.0173 0.1655 0.1520
1494720000.0000 82050.0000 -0.0719 0.3003 -0.0176 0.3587 166.5324 0.0365 0.0212 0.0054 -0.0097 -0.0028 0.0003 0.0315 0.4687 0.4490
1494720000.0000 82350.0000 -0.1072 0.1321 -0.0139 0.2384 140.9262 0.0368 0.0050 0.0046 0.0031 -0.0065 -0.0004 0.0232 0.7286 0.6941
1494720000.0000 82650.0000 -0.1971 0.1000 -0.0158 0.2897 116.9160 0.0625 0.0097 0.0046 -0.0124 -0.0093 0.0022 0.0385 0.7227 0.7023
1494720000.0000 82950.0000 0.1939 -0.1980 -0.0122 0.3223 315.6109 0.0178 0.0136 0.0042 0.0087 -0.0040 -0.0049 0.0178 0.3929 0.3691
1494720000.0000 83250.0000 -0.1113 -0.2456 0.0209 0.2956 24.3705 0.0140 0.0146 0.0163 -0.0009 0.0029 0.0025 0.0225 0.4524 0.3621
1494720000.0000 83550.0000 0.0636 0.1738 -0.0800 0.2470 200.0998 0.0120 0.0192 0.0041 0.0057 -0.0026 -0.0018 0.0177 0.5385 0.5518
1494720000.0000 83850.0000 0.4499 -0.0372 -0.1648 0.4763 274.7208 0.0238 0.0242 0.0034 -0.0183 -0.0013 -0.0005 0.0257 0.2723 0.2801
1494720000.0000 84150.0000 0.5403 -0.2812 -0.1367 0.6328 297.4977 0.0155 0.0383 0.0075 -0.0065 0.0006 -0.0034 0.0306 0.2289 0.2198
1494720000.0000 84450.0000 0.1393 -0.6190 0.0011 0.6903 347.3190 0.0800 0.0479 0.0212 -0.0090 -0.0150 0.0079 0.0746 0.3514 0.3254
1494720000.0000 84750.0000 0.6308 -0.6366 -0.0652 0.9190 315.2599 0.0307 0.0713 0.0214 -0.0129 -0.0072 0.0136 0.0617 0.2257 0.2057
1494720000.0000 85050.0000 0.4920 -0.1542 -0.1496 0.5846 287.4062 0.0432 0.0954 0.0250 -0.0229 -0.0078 0.0021 0.0818 0.4350 0.4169
1494720000.0000 85350.0000 0.2899 -0.2614 -0.0427 0.4432 312.0488 0.1026 0.0594 0.0194 -0.0643 -0.0247 0.0139 0.0907 0.6262 0.5954
1494720000.0000 85650.0000 0.1022 -0.2443 0.0095 0.3034 337.2993 0.0119 0.0272 0.0127 0.0043 -0.0048 -0.0018 0.0259 0.4957 0.4308
1494720000.0000 85950.0000 0.2430 -0.2411 -0.0622 0.4236 314.7824 0.0347 0.0546 0.0281 0.0114 -0.0099 -0.0045 0.0587 0.5688 0.5042
1494720000.0000 86250.0000 0.3310 -0.5296 -0.0672 0.6652 327.9942 0.0575 0.0424 0.0172 0.0065 -0.0115 -0.0031 0.0585 0.3145 0.2922
1494806400.0000 86550.0000 0.7275 -0.3689 -0.2113 0.8366 296.8882 0.0352 0.0409 0.0257 -0.0131 -0.0100 0.0019 0.0508 0.2185 0.1952
1494806400.0000 86850.0000 0.2907 -0.0418 -0.1330 0.3819 278.1739 0.0202 0.0605 0.0160 -0.0111 -0.0111 0.0027 0.0484 0.5569 0.5584
1494806400.0000 87150.0000 0.0353 -0.1128 -0.0389 0.1742 342.6292 0.0101 0.0152 0.0070 -0.0036 -0.0003 -0.0013 0.0162 0.8343 0.7772
1494806400.0000 87450.0000 0.3903 -0.4030 -0.0674 0.5779 315.9171 0.0317 0.0246 0.0083 -0.0121 -0.0104 0.0054 0.0323 0.2597 0.2442
1494806400.0000 87750.0000 0.1462 -0.4210 0.0286 0.4699 340.8454 0.0299 0.0596 0.0063 -0.0272 -0.0053 0.0084 0.0479 0.4000 0.3875
1494806400.0000 88050.0000 -0.0212 -0.1145 0.0223 0.1503 10.4674 0.0088 0.0048 0.0055 -0.0023 -0.0032 0.0025 0.0095 0.6723 0.5784
1494806400.0000 88350.0000 0.2703 -0.2038 -0.0701 0.3861 307.0123 0.0404 0.0398 0.0218 -0.0114 -0.0171 0.0073 0.0510 0.5336 0.4831
1494806400.0000 88650.0000 0.5544 -0.3284 -0.1787 0.6729 300.6389 0.0305 0.0447 0.0143 -0.0089 -0.0084 0.0041 0.0448 0.2584 0.2458
1494806400.0000 88950.0000 0.6039 -0.1288 -0.2332 0.6454 282.0403 0.0383 0.0433 0.0343 -0.0207 -0.0154 0.0088 0.0580 0.2978 0.2671
1494806400.0000 89250.0000 0.5521 -0.3080 -0.1480 0.6470 299.1567 0.0344 0.0242 0.0166 -0.0115 -0.0114 0.0076 0.0376 0.2439 0.2211
1494806400.0000 89550.0000 0.5694 -0.5342 -0.0510 0.8116 313.1751 0.0618 0.0650 0.0165 -0.0187 -0.0062 0.0062 0.0717 0.2793 0.2634
1494806400.0000 89850.0000 0.7220 -0.3741 -0.1590 0.8279 297.3913 0.0270 0.0330 0.0144 -0.0114 -0.0052 0.0044 0.0372 0.1900 0.1739
1494806400.0000 90150.0000 0.4045 -0.4376 -0.0861 0.6184 317.2512 0.0152 0.0386 0.0085 -0.0053 -0.0027 0.0028 0.0311 0.2393 0.2247
1494806400.0000 90450.0000 0.4826 -0.2552 -0.1676 0.5768 297.8725 0.0295 0.0505 0.0163 -0.0190 -0.0076 0.0084 0.0481 0.3137 0.2992
1494806400.0000 90750.0000 0.4388 -0.4089 -0.0728 0.6313 312.9831 0.0216 0.0433 0.0180 0.0044 -0.0065 -0.0056 0.0414 0.2751 0.2453
1494806400.0000 91050.0000 0.4012 -0.4385 -0.0859 0.6116 317.5462 0.0205 0.0347 0.0101 -0.0087 0.0008 -0.0009 0.0327 0.2458 0.2283
1494806400.0000 91350.0000 0.2204 -0.1845 -0.0760 0.2946 309.9376 0.0110 0.0136 0.0064 -0.0091 0.0012 -0.0025 0.0155 0.3420 0.3149
1494806400.0000 91650.0000 -0.0728 -0.2889 0.0272 0.3016 14.1382 0.0012 0.0207 0.0026 0.0011 -0.0004 -0.0055 0.0122 0.3020 0.2865
1494806400.0000 91950.0000 -0.2800 -0.2439 0.1136 0.4549 48.9496 0.0611 0.0474 0.0128 -0.0291 -0.0137 0.0130 0.0606 0.5177 0.5121
1494806400.0000 92250.0000 -0.0283 0.5443 -0.1110 0.6004 177.0240 0.0490 0.0304 0.0246 0.0294 -0.0247 -0.0224 0.0520 0.3347 0.2984
1494806400.0000 92550.0000 0.1181 0.4666 -0.1589 0.5582 194.2024 0.0776 0.0207 0.0104 0.0328 -0.0269 -0.0123 0.0544 0.3758 0.3763
1494806400.0000 92850.0000 -0.4970 0.2684 0.0501 0.5737 118.3672 0.0114 0.0126 0.0053 -0.0036 0.0024 -0.0032 0.0146 0.1742 0.1582
1494806400.0000 93150.0000 -0.0347 0.3222 -0.0960 0.3610 173.8605 0.0265 0.0050 0.0071 0.0019 -0.0032 -0.0020 0.0193 0.3356 0.3161
1494806400.0000 93450.0000 -0.1339 0.2913 -0.0615 0.3372 155.3197 0.0100 0.0017 0.0017 0.0025 -0.0029 -0.0013 0.0067 0.2044 0.1947
1494806400.0000 93750.0000 -0.3448 0.3062 0.0200 0.4644 131.6098 0.0026 0.0046 0.0028 -0.0006 -0.0006 0.0010 0.0050 0.1251 0.1060
1494806400.0000 94050.0000 -0.2077 0.4729 -0.1075 0.5262 156.2864 0.0069 0.0092 0.0029 0.0029 -0.0022 -0.0023 0.0095 0.1511 0.1419
1494806400.0000 94350.0000 -0.4720 0.5799 -0.0296 0.7594 140.8568 0.0155 0.0123 0.0052 0.0028 -0.0024 -0.0034 0.0165 0.1402 0.1287
1494806400.0000 94650.0000 -0.3248 0.6278 -0.1118 0.7209 152.6433 0.0264 0.0083 0.0063 -0.0052 -0.0083 0.0023 0.0205 0.1635 0.1522
1494806400.0000 94950.0000 -0.0256 0.6087 -0.1916 0.6189 177.5879 0.0117 0.0108 0.0035 -0.0029 0.0012 -0.0028 0.0130 0.1457 0.1422
1494806400.0000 95250.0000 -0.1645 0.2924 -0.1055 0.4439 150.6433 0.0242 0.0921 0.0114 0.0078 -0.0049 0.0067 0.0639 0.5868 0.5870
1494806400.0000 95550.0000 -0.1552 0.0789 -0.0222 0.2394 116.9493 0.0181 0.0181 0.0116 0.0082 -0.0013 0.0016 0.0239 0.7194 0.6311
1494806400.0000 95850.0000 0.3072 0.0994 -0.1055 0.3964 252.0660 0.0434 0.0456 0.0091 -0.0180 -0.0030 0.0054 0.0491 0.5324 0.5335
1494806400.0000 96150.0000 0.0312 -0.3511 -0.0718 0.4733 354.9132 0.0777 0.0372 0.0154 0.0243 -0.0009 0.0027 0.0652 0.5794 0.5553
1494806400.0000 96450.0000 0.0102 -0.2694 -0.0657 0.3063 357.8250 0.0161 0.0240 0.0106 0.0115 -0.0011 -0.0043 0.0254 0.4685 0.4289
1494806400.0000 96750.0000 0.0765 -0.0403 -0.1185 0.2676 297.7931 0.0591 0.0348 0.0109 0.0315 -0.0077 0.0047 0.0524 1.2745 2.0478
1494806400.0000 97050.0000 0.4080 0.1802 -0.1856 0.4660 246.1687 0.0181 0.0257 0.0068 0.0103 -0.0038 -0.0034 0.0253 0.2687 0.2709
1494806400.0000 97350.0000 -0.0819 0.1588 -0.0484 0.2535 152.7204 0.0183 0.0185 0.0043 0.0126 -0.0052 -0.0033 0.0206 0.6324 0.6198
1494806400.0000 97650.0000 -0.1854 0.0046 0.0335 0.1958 91.4279 0.0060 0.0041 0.0024 -0.0030 -0.0010 0.0006 0.0063 0.3431 0.3130
1494806400.0000 97950.0000 -0.2562 0.2269 -0.0017 0.3639 131.5273 0.0099 0.0096 0.0027 0.0045 -0.0019 -0.0015 0.0111 0.2515 0.2358
1494806400.0000 98250.0000 0.0741 0.1332 -0.0868 0.1726 209.0943 0.0087 0.0024 0.0007 -0.0011 -0.0010 -0.0005 0.0059 0.3581 0.4002
1494806400.0000 98550.0000 0.0804 0.1203 -0.0874 0.2028 213.7311 0.0256 0.0025 0.0064 0.0009 -0.0111 -0.0002 0.0173 0.6343 0.6686
1494806400.0000 98850.0000 -0.2625 -0.0470 0.0398 0.2846 79.8462 0.0146 0.0067 0.0036 -0.0047 -0.0013 0.0012 0.0124 0.3379 0.3158
1494806400.0000 99150.0000 -0.0199 0.1426 0.0231 0.2670 172.0734 0.0521 0.0106 0.0098 0.0151 -0.0153 -0.0058 0.0363 1.0665 1.0045
1494806400.0000 99450.0000 0.3552 0.0307 -0.1091 0.3942 265.0593 0.0102 0.0324 0.0065 -0.0015 -0.0013 0.0017 0.0245 0.3430 0.3341
1494806400.0000 99750.0000 0.0938 -0.3042 0.0031 0.3281 342.8633 0.0078 0.0036 0.0032 -0.0007 -0.0014 0.0001 0.0073 0.2192 0.1934
1494806400.0000 100050.0000 0.4244 -0.4306 -0.0535 0.6236 315.4185 0.0243 0.0115 0.0058 0.0030 -0.0023 -0.0011 0.0208 0.1941 0.1806
1494806400.0000 100350.0000 0.3774 -0.3227 -0.0546 0.5221 310.5358 0.0292 0.0146 0.0055 0.0021 -0.0019 -0.0011 0.0247 0.2567 0.2434
1494806400.0000 100650.0000 0.4114 -0.6338 -0.0201 0.7778 327.0108 0.0265 0.0571 0.0112 -0.0050 -0.0003 0.0034 0.0474 0.2351 0.2209
1494806400.0000 100950.0000 -0.0366 -0.2352 0.0642 0.3171 8.8476 0.0302 0.0354 0.0110 -0.0196 -0.0063 0.0070 0.0383 0.6479 0.6211
1494806400.0000 101250.0000 0.6889 -0.5292 -0.1014 0.8963 307.5297 0.0634 0.0538 0.0201 -0.0137 -0.0078 0.0084 0.0686 0.2446 0.2275
1494806400.0000 101550.0000 0.3744 -0.6694 -0.0509 0.8103 330.7804 0.0694 0.0315 0.0214 0.0050 -0.0035 0.0058 0.0611 0.2626 0.2391
1494806400.0000 101850.0000 0.0099 -0.3553 0.0279 0.3939 358.4100 0.0266 0.0268 0.0108 0.0084 0.0010 0.0004 0.0321 0.4104 0.3756
1494806400.0000 102150.0000 0.1926 -0.0634 -0.0629 0.2180 288.2299 0.0059 0.0067 0.0046 -0.0008 0.0004 0.0004 0.0086 0.3576 0.3202
1494806400.0000 102450.0000 -0.0885 -0.0980 0.0127 0.2499 42.0763 0.0532 0.0095 0.0053 -0.0009 -0.0110 -0.0014 0.0340 1.1355 1.0953
1494806400.0000 102750.0000 0.2615 0.0755 -0.1412 0.3276 253.8863 0.0151 0.0354 0.0112 -0.0065 -0.0057 0.0036 0.0309 0.4679 0.4768
1494806400.0000 103050.0000 0.0560 0.0433 0.0327 0.2229 232.2808 0.0322 0.0246 0.0123 0.0027 -0.0070 -0.0004 0.0346 1.9478 1.9460
1494806400.0000 103350.0000 0.2293 -0.0638 -0.0585 0.3117 285.5564 0.0128 0.0390 0.0144 0.0007 -0.0044 0.0030 0.0331 0.6059 0.5517
1494806400.0000 103650.0000 -0.0920 0.0316 0.0488 0.1866 108.9577 0.0231 0.0168 0.0035 -0.0085 0.0003 0.0005 0.0217 1.1058 1.1857
1494806400.0000 103950.0000 0.3262 -0.2934 -0.1019 0.4713 311.9681 0.0467 0.0187 0.0242 -0.0021 -0.0081 0.0046 0.0448 0.3836 0.3365
1494806400.0000 104250.0000 0.2501 -0.3599 -0.0370 0.5246 325.2055 0.0663 0.1049 0.0489 -0.0077 -0.0207 0.0173 0.1101 0.6159 0.5451
1494806400.0000 104550.0000 0.6731 -0.5973 -0.0803 0.9563 311.5848 0.0873 0.1473 0.0466 -0.0274 -0.0056 -0.0060 0.1406 0.3389 0.3107
1494806400.0000 104850.0000 0.7619 -0.5735 -0.1304 1.0119 306.9711 0.0881 0.1316 0.0484 -0.0205 -0.0219 0.0107 0.1340 0.3106 0.2838
1494806400.0000 105150.0000 0.9012 -0.4225 -0.2095 1.0187 295.1157 0.0659 0.0641 0.0280 -0.0303 -0.0142 0.0089 0.0790 0.2256 0.2091
1494806400.0000 105450.0000 0.1866 -0.5391 0.0103 0.6748 340.9071 0.1222 0.0471 0.0299 0.0119 -0.0294 0.0133 0.0996 0.4517 0.4165
1494806400.0000 105750.0000 -0.0131 -0.1126 0.0516 0.2354 6.6153 0.0390 0.0145 0.0148 0.0003 -0.0102 0.0036 0.0341 1.2109 1.1776
1494806400.0000 106050.0000 0.4524 -0.3973 -0.0678 0.6693 311.2942 0.1084 0.1765 0.0280 -0.0853 -0.0300 0.0241 0.1565 0.5330 0.5118
1494806400.0000 106350.0000 0.3232 -0.2661 -0.0512 0.5089 309.4636 0.0698 0.1236 0.0315 -0.0357 -0.0100 0.0023 0.1124 0.6492 0.6065
1494806400.0000 106650.0000 0.4480 0.1268 -0.1514 0.5129 254.1993 0.0437 0.0516 0.0242 0.0082 -0.0127 0.0054 0.0597 0.4076 0.3828
1494806400.0000 106950.0000 0.8142 -0.4708 -0.1757 0.9681 300.0389 0.0491 0.0526 0.0280 -0.0116 -0.0076 -0.0059 0.0648 0.2172 0.1957
1494806400.0000 107250.0000 0.0948 -0.2513 0.0597 0.3358 339.3213 0.0278 0.0681 0.0140 -0.0043 -0.0078 -0.0071 0.0550 0.6957 0.6658
1494806400.0000 107550.0000 0.0703 -0.0389 0.0023 0.1791 298.9511 0.0190 0.0127 0.0087 0.0071 -0.0050 -0.0021 0.0202 1.4429 1.2786
1494806400.0000 107850.0000 0.0966 -0.1778 -0.0064 0.3067 331.4898 0.0447 0.0304 0.0106 -0.0163 -0.0033 -0.0009 0.0429 0.8352 0.7821
1494806400.0000 108150.0000 -0.1103 0.0940 0.0143 0.2375 130.4427 0.0316 0.0182 0.0085 0.0021 -0.0027 0.0002 0.0292 0.9582 0.8899
1494806400.0000 108450.0000 0.1207 0.1971 -0.0544 0.2713 211.4890 0.0169 0.0185 0.0140 0.0046 -0.0052 -0.0098 0.0247 0.5405 0.4699
1494806400.0000 108750.0000 -0.1134 0.1111 0.0112 0.1762 134.4067 0.0030 0.0051 0.0023 0.0017 -0.0013 -0.0019 0.0052 0.3708 0.3276
1494806400.0000 109050.0000 -0.1905 -0.2210 0.0805 0.3165 40.7602 0.0081 0.0210 0.0032 -0.0024 -0.0010 -0.0009 0.0162 0.3429 0.3376
1494806400.0000 109350.0000 0.4229 -0.3891 -0.0186 0.5861 312.6193 0.0216 0.0112 0.0039 -0.0043 -0.0051 0.0010 0.0184 0.1925 0.1820
1494806400.0000 109650.0000 0.2834 -0.5700 0.0675 0.6593 333.5629 0.0252 0.0621 0.0214 -0.0090 -0.0129 0.0107 0.0543 0.2973 0.2679
1494806400.0000 109950.0000 0.2716 -0.2943 -0.0470 0.4503 317.3015 0.0402 0.0653 0.0245 -0.0147 -0.0082 0.0072 0.0650 0.5161 0.4681
1494806400.0000 110250.0000 0.3336 -0.8441 0.0468 0.9477 338.4364 0.0798 0.0889 0.0433 -0.0149 -0.0217 -0.0023 0.1060 0.2925 0.2613
1494806400.0000 110550.0000 -0.0187 -0.8775 0.1139 0.9450 1.2193 0.0959 0.0891 0.0597 -0.0365 -0.0249 0.0313 0.1223 0.3226 0.2829
1494806400.0000 110850.0000 -0.2857 -0.3209 0.0866 0.5323 41.6771 0.0713 0.0666 0.0639 -0.0283 0.0034 -0.0033 0.1009 0.5917 0.4990
1494806400.0000 111150.0000 0.2013 -0.2868 0.0650 0.4372 324.9300 0.0668 0.0320 0.0518 -0.0003 -0.0086 -0.0022 0.0754 0.6289 0.5182
1494806400.0000 111450.0000 -0.7882 -0.2906 0.2388 0.8600 69.7620 0.0599 0.0293 0.0470 0.0019 0.0148 0.0146 0.0681 0.2439 0.2052
1494806400.0000 111750.0000 -0.4764 -0.4159 0.2007 0.6975 48.8786 0.0985 0.0894 0.0655 0.0243 -0.0209 -0.0166 0.1268 0.4381 0.3958
1494806400.0000 112050.0000 -0.6730 -0.6512 0.3955 1.0095 45.9398 0.1239 0.1078 0.0800 -0.0255 -0.0218 0.0174 0.1558 0.3171 0.2967
1494806400.0000 112350.0000 -0.6434 -0.7589 0.0613 1.0773 40.2937 0.1262 0.2145 0.1044 -0.0440 -0.0210 0.0116 0.2225 0.3864 0.3387
1494806400.0000 112650.0000 -0.5164 -0.9908 0.2861 1.1737 27.5277 0.1099 0.0775 0.0891 -0.0411 -0.0040 0.0152 0.1382 0.2632 0.2237
1494806400.0000 112950.0000 -0.5866 -0.7131 0.1494 0.9666 39.4413 0.0385 0.0807 0.0931 -0.0190 -0.0199 0.0136 0.1062 0.2844 0.2159
1494806400.0000 113250.0000 -0.3739 -0.5318 0.0745 0.7610 35.1081 0.0962 0.1396 0.0996 -0.0560 0.0427 -0.0161 0.1677 0.5110 0.4313
1494806400.0000 113550.0000 -1.2481 -0.3768 0.4016 1.3779 73.2011 0.1790 0.1687 0.0973 -0.0124 -0.0302 -0.0272 0.2225 0.2823 0.2611
1494806400.0000 113850.0000 -1.1425 -0.1386 0.3503 1.2150 83.0829 0.1341 0.1273 0.0630 -0.0328 0.0176 -0.0307 0.1622 0.2734 0.2565
1494806400.0000 114150.0000 -1.0571 -0.3262 0.1957 1.1340 72.8502 0.1137 0.0521 0.0752 -0.0111 -0.0294 0.0088 0.1205 0.2522 0.2125
1494806400.0000 114450.0000 -1.0443 -0.0742 0.1409 1.0969 85.9352 0.0703 0.1041 0.0944 0.0202 -0.0195 -0.0238 0.1344 0.2834 0.2303
1494806400.0000 114750.0000 -0.6076 0.1780 0.0630 0.7021 106.3265 0.1208 0.0762 0.1771 0.0022 -0.0365 -0.0449 0.1871 0.5551 0.4048
1494806400.0000 115050.0000 -0.3445 -0.0301 0.3111 0.5289 85.0025 0.0992 0.1278 0.0830 0.0083 -0.0262 -0.0494 0.1550 0.6911 0.7955
1494806400.0000 115350.0000 -0.7783 -0.0164 0.3432 0.8472 88.7895 0.1431 0.0866 0.0749 0.0222 0.0178 -0.0017 0.1523 0.3745 0.3555
1494806400.0000 115650.0000 -0.6447 0.1382 -0.0369 0.7251 102.0953 0.0897 0.0904 0.0709 -0.0164 -0.0169 -0.0308 0.1255 0.4380 0.3716
1494806400.0000 115950.0000 -0.7153 -0.0117 0.3128 0.7983 89.0629 0.0461 0.1195 0.0932 -0.0030 -0.0140 -0.0464 0.1294 0.3762 0.3284
1494806400.0000 116250.0000 -0.6087 0.0062 0.0045 0.6433 90.5849 0.0820 0.0356 0.0643 -0.0077 -0.0427 0.0081 0.0910 0.4045 0.3254
1494806400.0000 116550.0000 -0.7054 -0.0818 0.1954 0.7531 83.3875 0.0492 0.0562 0.1019 0.0004 0.0030 -0.0087 0.1037 0.3569 0.2640
1494806400.0000 116850.0000 -0.6660 -0.0573 0.1556 0.7217 85.0795 0.0739 0.0852 0.1098 0.0164 0.0165 0.0419 0.1345 0.4362 0.3445
1494806400.0000 117150.0000 -0.4387 -0.9472 0.1797 1.1683 24.8503 0.2494 0.1760 0.1713 -0.0622 0.0234 0.0555 0.2983 0.4210 0.3607
1494806400.0000 117450.0000 -0.8265 -0.8967 0.1479 1.3344 42.6650 0.2207 0.1754 0.1616 -0.0967 0.0247 -0.0278 0.2788 0.3510 0.2980
1494806400.0000 117750.0000 -1.2430 -0.7619 0.1834 1.5412 58.4929 0.1240 0.1983 0.1411 -0.0642 -0.0404 0.0587 0.2317 0.2675 0.2248
1494806400.0000 118050.0000 -1.0631 -0.4598 0.2455 1.2054 66.6111 0.0913 0.1148 0.1384 0.0080 -0.0112 0.0714 0.1723 0.2862 0.2263
1494806400.0000 118350.0000 -0.9197 -0.6901 0.2222 1.2059 53.1179 0.1005 0.1386 0.2314 0.0038 0.0420 0.1000 0.2352 0.3381 0.2455
1494806400.0000 118650.0000 -1.3512 -0.4472 0.5196 1.5389 71.6872 0.2526 0.2484 0.1489 -0.1108 0.0051 -0.0094 0.3250 0.3072 0.2871
1494806400.0000 118950.0000 -1.4825 -0.2368 0.2932 1.5825 80.9252 0.3251 0.2092 0.1747 -0.1188 0.0163 0.0085 0.3545 0.3178 0.2811
1494806400.0000 119250.0000 -1.1904 -0.3401 0.2932 1.2909 74.0570 0.1391 0.1701 0.1877 0.0592 0.0155 0.0256 0.2484 0.3199 0.2593
1494806400.0000 119550.0000 -0.8252 -1.1977 0.4637 1.5639 34.5641 0.3007 0.2194 0.1974 -0.0687 0.0112 0.0130 0.3587 0.3203 0.2863
1494806400.0000 119850.0000 -1.0336 -1.3785 0.5113 1.8605 36.8643 0.3167 0.3672 0.1585 -0.1699 -0.0158 0.0653 0.4212 0.2948 0.2771
1494806400.0000 120150.0000 -1.3228 -1.5275 0.4984 2.1087 40.8927 0.1830 0.3422 0.1314 -0.0736 0.0222 0.0601 0.3283 0.2248 0.2071
1494806400.0000 120450.0000 -1.2297 -1.1803 0.5090 1.8733 46.1755 0.4811 0.3797 0.2204 -0.1409 -0.1049 0.0289 0.5406 0.3375 0.3143
1494806400.0000 120750.0000 -1.2579 -1.2471 0.4163 1.8954 45.2483 0.2195 0.6729 0.2478 -0.0266 -0.0639 -0.0649 0.5701 0.3388 0.3079
1494806400.0000 121050.0000 -1.2506 -0.9972 0.6326 1.8387 51.4326 0.5892 0.4820 0.1793 -0.2754 -0.0982 0.1320 0.6253 0.3754 0.3736
1494806400.0000 121350.0000 -0.6641 -1.5414 0.5115 1.7984 23.3095 0.3766 0.3652 0.1408 -0.0773 -0.0442 0.0077 0.4413 0.3091 0.2963
1494806400.0000 121650.0000 0.1547 -1.8529 0.1751 1.8966 355.2285 0.1520 0.2213 0.1081 -0.0668 0.0189 -0.0217 0.2407 0.2145 0.1897
1494806400.0000 121950.0000 -0.1571 -1.2661 0.5373 1.4018 7.0729 0.3100 0.3176 0.1852 -0.0917 -0.1151 0.0835 0.4064 0.3760 0.3585
1494806400.0000 122250.0000 -0.5203 -1.3344 0.3809 1.5774 21.2998 0.3295 0.3616 0.1693 -0.1111 -0.1053 0.0549 0.4302 0.3613 0.3351
1494806400.0000 122550.0000 -1.2456 -1.2733 0.5589 2.0376 44.3683 0.5200 0.6800 0.1850 -0.4013 -0.0851 0.0384 0.6925 0.3640 0.3551
1494806400.0000 122850.0000 -1.4176 -0.9035 0.5724 1.7994 57.4882 0.3025 0.6210 0.2391 0.0971 -0.0822 -0.0889 0.5813 0.3506 0.3300
1494806400.0000 123150.0000 -0.7996 -1.5194 0.5597 1.8866 27.7552 0.6542 0.3408 0.2983 0.0554 -0.0144 0.0120 0.6466 0.3636 0.3354
1494806400.0000 123450.0000 -0.7652 -0.0279 0.0824 1.0598 87.9104 0.3435 0.3451 0.2070 -0.2327 0.0455 -0.0814 0.4478 0.7095 0.6257
1494806400.0000 123750.0000 -1.7024 -0.6926 0.6104 1.9456 67.8624 0.4660 0.4276 0.3061 0.0775 -0.0688 -0.0120 0.5999 0.3265 0.2970
1494806400.0000 124050.0000 -1.3760 -0.9158 0.5110 1.8454 56.3529 0.3663 0.6804 0.2209 -0.0494 -0.0627 0.1058 0.6337 0.3757 0.3574
1494806400.0000 124350.0000 -1.0250 -0.1815 0.2966 1.1195 79.9578 0.4106 0.1011 0.2452 0.0175 -0.0324 -0.0189 0.3785 0.4641 0.3968
1494806400.0000 124650.0000 -1.7873 -1.5134 0.7882 2.5353 49.7428 0.9137 0.8639 0.2745 -0.0158 -0.1341 -0.0510 1.0260 0.3347 0.3287
1494806400.0000 124950.0000 -0.8521 -1.6878 0.5956 2.0146 26.7861 0.4891 0.4668 0.2711 0.0245 -0.0195 0.0704 0.6135 0.3226 0.2986
1494806400.0000 125250.0000 -1.2826 -0.7115 0.5209 1.7592 60.9827 0.4152 1.4612 0.3440 0.3230 -0.0689 -0.3192 1.1102 0.5527 0.5392
1494806400.0000 125550.0000 -1.3328 0.1065 0.1402 1.9631 94.5695 0.5518 2.3062 0.4348 0.6236 -0.2641 -0.6619 1.6464 0.7793 0.7300
1494806400.0000 125850.0000 -1.6195 -0.2406 0.3737 1.8043 81.5508 0.7104 0.3835 0.2516 0.1796 -0.1465 -0.0745 0.6727 0.3988 0.3688
1494806400.0000 126150.0000 -0.7923 0.0849 0.3074 1.1308 96.1159 0.3950 0.5393 0.1692 -0.0399 -0.0245 -0.0966 0.5518 0.7101 0.7004
1494806400.0000 126450.0000 -1.9336 -0.7729 0.6539 2.2171 68.2126 1.0148 0.6512 0.2567 0.3886 -0.1972 -0.0916 0.9614 0.3668 0.3579
1494806400.0000 126750.0000 -2.5866 0.8141 0.3389 2.8429 107.4700 0.5492 0.7592 0.2362 0.0506 0.0243 -0.1550 0.7723 0.2626 0.2435
1494806400.0000 127050.0000 -2.0358 0.5676 0.3259 2.3282 105.5792 0.8261 0.7160 0.3375 0.3806 -0.1921 -0.2410 0.9398 0.3701 0.3392
1494806400.0000 127350.0000 -2.1124 0.8923 0.3302 2.4147 112.8992 0.5506 0.5261 0.3866 0.0136 -0.0314 -0.2157 0.7316 0.3015 0.2612
1494806400.0000 127650.0000 -1.1694 -0.0753 0.1814 1.3980 86.3140 0.6651 0.4960 0.2239 0.1739 -0.0937 -0.1704 0.6925 0.5730 0.5309
1494806400.0000 127950.0000 -2.9463 -0.0452 0.7078 3.0997 89.1208 0.5999 0.9190 0.3864 -0.2262 0.0790 -0.1352 0.9527 0.2630 0.2415
1494806400.0000 128250.0000 -1.6942 -0.1367 0.4444 1.8022 85.3879 0.9804 0.2102 0.2294 0.0782 -0.1955 -0.0560 0.7100 0.3916 0.3706
1494806400.0000 128550.0000 -1.7909 -0.7408 0.5456 2.1287 67.5274 1.0150 0.5324 0.4546 0.0292 -0.1371 -0.1467 1.0010 0.4057 0.3706
1494806400.0000 128850.0000 -1.4482 0.2729 0.4277 2.0179 100.6728 0.4237 1.9791 0.3356 0.0441 -0.0862 -0.3167 1.3692 0.6226 0.6073
1494806400.0000 129150.0000 -1.5216 -0.6261 0.4696 1.9679 67.6350 0.6936 0.9751 0.3452 0.0544 -0.0255 -0.1453 1.0070 0.4788 0.4533
1494806400.0000 129450.0000 -1.4901 0.1705 0.3007 1.6857 96.5261 0.6451 0.7492 0.1879 -0.3111 0.0986 -0.1133 0.7911 0.4748 0.4545
1494806400.0000 129750.0000 -1.3518 1.5240 -0.0517 2.2157 138.4255 1.4285 0.5549 0.3167 -0.4666 0.0648 -0.1429 1.1500 0.4297 0.3991
1494806400.0000 130050.0000 -1.6285 0.7895 0.2239 1.9667 115.8634 0.8376 0.4348 0.3208 -0.0999 0.0490 -0.0882 0.7966 0.3996 0.3598
1494806400.0000 130350.0000 -1.6014 1.3786 0.1110 2.2491 130.7250 0.7509 0.3671 0.2111 0.0225 -0.0230 -0.1047 0.6646 0.3146 0.2889
1494806400.0000 130650.0000 -1.4807 0.4766 0.3268 1.6544 107.8425 0.5370 0.2491 0.2088 -0.0518 0.0459 -0.1161 0.4974 0.3623 0.3291
1494806400.0000 130950.0000 -1.2634 0.5375 0.2229 1.4748 113.0460 0.3136 0.2885 0.1982 -0.0241 0.0608 -0.1189 0.4002 0.3713 0.3263
1494806400.0000 131250.0000 -0.9037 0.0032 0.3097 1.0045 90.2054 0.4037 0.1480 0.1535 -0.0455 -0.0934 -0.0133 0.3526 0.5075 0.4746
1494806400.0000 131550.0000 -1.0318 0.1994 0.3004 1.1871 100.9368 0.2171 0.2858 0.2477 0.0275 -0.0375 -0.1760 0.3753 0.4576 0.3896
1494806400.0000 131850.0000 -1.4500 -0.1052 0.4966 1.5519 85.8515 0.4320 0.2354 0.1812 0.0326 0.0093 -0.0532 0.4243 0.3462 0.3244
1494806400.0000 132150.0000 -1.8611 0.8102 0.2609 2.1469 113.5253 0.5080 0.6086 0.3165 -0.1406 0.0598 -0.2648 0.7165 0.3377 0.3006
1494806400.0000 132450.0000 -0.8822 0.2189 0.5301 1.0176 103.9335 0.4091 0.2010 0.1264 -0.1157 0.1041 -0.1030 0.3682 0.4709 0.4961
1494806400.0000 132750.0000 0.4328 -0.2249 -0.1024 0.5593 297.4609 0.0862 0.0935 0.1045 -0.0469 0.0047 -0.0140 0.1421 0.6175 0.5017
1494806400.0000 133050.0000 -0.5422 -0.1261 0.3869 0.8358 76.9035 0.3600 0.2340 0.1283 -0.0615 -0.0801 -0.0425 0.3612 0.7238 0.7994
1494806400.0000 133350.0000 -0.3917 0.5384 -0.1562 0.8751 143.9649 0.4329 0.3186 0.1332 -0.2699 0.1247 -0.0767 0.4424 0.7941 0.7517
1494806400.0000 133650.0000 0.3450 0.3842 -0.2635 0.5782 221.9245 0.0480 0.0729 0.1345 0.0062 -0.0103 -0.0291 0.1277 0.5033 0.3888
1494806400.0000 133950.0000 0.5424 -0.6341 0.0706 0.9216 319.4566 0.1771 0.1363 0.1229 -0.0184 -0.0494 -0.0216 0.2182 0.4554 0.3873
1494806400.0000 134250.0000 -0.3347 -0.3694 0.2579 1.3169 42.1808 1.7463 0.3784 0.2448 -0.3282 -0.1753 -0.0640 1.1848 1.5834 1.6882
1494806400.0000 134550.0000 -1.6600 0.4319 0.3632 1.8028 104.5829 0.2536 0.3406 0.2496 -0.0098 0.0139 -0.1368 0.4219 0.3025 0.2594
1494806400.0000 134850.0000 0.1217 0.3162 -0.4473 0.7420 201.0513 0.2355 0.3982 0.1015 -0.2318 0.0080 -0.0344 0.3676 0.8822 1.3564
1494806400.0000 135150.0000 0.4986 -0.4794 -0.0810 0.7645 313.8734 0.2619 0.1726 0.2694 -0.1353 -0.0207 -0.0803 0.3519 0.6955 0.5502
1494806400.0000 135450.0000 0.4857 0.0344 -0.2647 0.7431 265.9504 0.1994 0.2649 0.1885 -0.1553 -0.0229 0.0579 0.3264 0.8417 0.8080
1494806400.0000 135750.0000 0.0087 -0.4626 0.0986 0.9175 358.9248 0.6101 0.1256 0.3118 -0.0273 -0.1410 -0.0241 0.5237 1.2491 1.0703
1494806400.0000 136050.0000 -1.2238 0.0884 0.3217 1.4159 94.1299 0.5870 0.3294 0.3222 -0.1620 -0.1608 0.0951 0.6193 0.5066 0.4504
1494806400.0000 136350.0000 -0.6158 -0.4614 0.3348 1.0042 53.1561 0.2075 0.3747 0.2684 -0.1089 0.0360 -0.0205 0.4253 0.6345 0.5725
1494806400.0000 136650.0000 -0.9469 -0.9286 0.5216 1.6535 45.5564 0.6848 0.8352 0.1959 -0.4362 -0.0041 -0.0052 0.8579 0.5307 0.5367
1494806400.0000 136950.0000 0.1050 -1.4730 0.2312 1.5654 355.9211 0.2071 0.6857 0.1230 -0.1662 -0.0321 0.0481 0.5079 0.3893 0.3694
1494806400.0000 137250.0000 -0.3868 -0.8665 0.4934 1.2282 24.0583 0.6693 0.4198 0.2078 0.0414 -0.1717 0.0664 0.6485 0.6148 0.6350
1494806400.0000 137550.0000 -0.3812 -1.5678 0.6214 1.7282 13.6654 0.3076 0.4462 0.1956 -0.0115 -0.0273 0.1003 0.4747 0.3254 0.3107
1494806400.0000 137850.0000 0.2150 -0.8503 0.0865 1.0979 345.8128 0.4383 0.2745 0.2030 -0.1596 -0.0818 -0.0098 0.4579 0.6269 0.5558
1494806400.0000 138150.0000 0.3833 -0.9322 0.0764 1.1182 337.6486 0.3028 0.1469 0.1292 -0.1011 -0.0298 0.0329 0.2895 0.4346 0.3842
1494806400.0000 138450.0000 1.1841 -0.2492 -0.4088 1.2788 281.8835 0.2222 0.2148 0.1632 -0.1078 -0.0609 -0.0436 0.3001 0.3502 0.3154
1494806400.0000 138750.0000 0.5001 -0.2315 -0.3479 0.6837 294.8376 0.1263 0.1483 0.1486 -0.0468 0.0744 -0.0628 0.2116 0.5764 0.5491
1494806400.0000 139050.0000 0.3340 0.0141 -0.0275 0.4860 267.5840 0.0894 0.1151 0.2582 -0.0193 0.0052 -0.1092 0.2313 1.1706 0.7809
1494806400.0000 139350.0000 0.2061 0.7546 -0.4699 0.8249 195.2777 0.0738 0.0974 0.0981 0.0295 -0.0029 -0.0064 0.1346 0.3283 0.3054
1494806400.0000 139650.0000 0.1321 0.6683 -0.3045 0.7277 191.1783 0.0577 0.0891 0.0801 0.0082 0.0046 -0.0202 0.1135 0.3686 0.3248
1494806400.0000 139950.0000 0.5549 0.7322 -0.2809 0.9395 217.1552 0.0627 0.0745 0.0671 0.0267 -0.0293 -0.0332 0.1022 0.2716 0.2327
1494806400.0000 140250.0000 0.1058 -0.1660 -0.0057 0.4462 327.4852 0.1221 0.0816 0.0437 0.0104 -0.0314 -0.0290 0.1237 1.4586 1.3241
1494806400.0000 140550.0000 -0.2421 -0.3043 0.1216 0.5202 38.5014 0.0881 0.0996 0.0411 -0.0326 -0.0176 0.0010 0.1144 0.6778 0.6431
1494806400.0000 140850.0000 -0.5146 -0.7446 0.3196 1.1984 34.6495 0.6583 0.3964 0.1059 0.1013 -0.1308 -0.0639 0.5803 0.6480 0.6551
1494806400.0000 141150.0000 0.0062 -1.3208 0.3276 1.4113 359.7332 0.2659 0.2168 0.0965 0.0556 -0.0366 0.0461 0.2896 0.3229 0.3037
1494806400.0000 141450.0000 -1.2715 -1.2092 0.4986 1.8201 46.4384 0.3301 0.4181 0.0996 0.1477 -0.0678 -0.0504 0.4239 0.2914 0.2846
1494806400.0000 141750.0000 -0.0425 -0.4334 0.1280 0.5455 5.6024 0.1254 0.0226 0.0449 -0.0121 0.0173 -0.0038 0.0965 0.5587 0.5101
1494806400.0000 142050.0000 -0.0128 -0.4821 0.2630 0.5704 1.5177 0.0878 0.0531 0.0496 -0.0057 -0.0201 0.0025 0.0953 0.4588 0.4494
1494806400.0000 142350.0000 0.3051 -0.6406 0.0511 0.9080 334.5352 0.3943 0.0709 0.0950 0.0397 -0.1018 -0.0235 0.2801 0.6074 0.5549
1494806400.0000 142650.0000 0.6417 -0.1550 -0.3151 0.7026 283.5818 0.0953 0.0546 0.0519 -0.0176 -0.0243 -0.0056 0.1009 0.3545 0.3385
1494806400.0000 142950.0000 0.3036 -0.6149 0.0724 0.7814 333.7188 0.2962 0.2994 0.1578 -0.2292 -0.1084 0.1080 0.3767 0.7267 0.6498
1494806400.0000 143250.0000 1.0691 -1.4320 -0.1202 1.9374 323.2564 0.2140 0.9586 0.1487 -0.0256 -0.0335 -0.1457 0.6606 0.3705 0.3498
1494806400.0000 143550.0000 -0.8978 -1.1907 0.4528 1.8752 37.0175 1.2305 0.4462 0.2568 -0.0972 -0.2458 -0.0103 0.9667 0.5151 0.5013
1494806400.0000 143850.0000 -0.3953 -1.9003 0.5054 2.0298 11.7503 0.3244 0.7452 0.2067 0.0807 -0.0895 -0.0511 0.6382 0.3252 0.3076
1494806400.0000 144150.0000 -0.9789 -1.6927 0.6156 2.0362 30.0407 0.3486 0.4543 0.1205 0.1020 0.0238 0.0941 0.4617 0.2706 0.2646
1494806400.0000 144450.0000 -0.8321 -1.5348 0.5791 1.8785 28.4626 0.5186 0.1936 0.1110 0.0325 -0.0976 0.0185 0.4116 0.2848 0.2791
1494806400.0000 144750.0000 0.5014 -1.0880 0.0761 1.3779 335.2581 0.4143 0.2098 0.1119 0.0875 -0.1088 -0.0008 0.3680 0.4127 0.3807
1494806400.0000 145050.0000 1.0251 -0.4434 -0.3056 1.1522 293.3891 0.0799 0.0994 0.0584 -0.0430 -0.0044 -0.0066 0.1189 0.2431 0.2189
1494806400.0000 145350.0000 0.2428 -1.1444 0.1510 1.3288 348.0196 0.3716 0.2537 0.1618 -0.0746 -0.1214 0.0228 0.3935 0.4342 0.3902
1494806400.0000 145650.0000 0.3259 -0.5759 0.0352 0.8166 330.4929 0.1317 0.4211 0.0745 -0.0832 0.0218 0.0183 0.3137 0.6900 0.6487
1494806400.0000 145950.0000 0.3077 0.3499 0.0217 0.5344 221.3198 0.0472 0.0634 0.0473 0.0068 -0.0038 0.0000 0.0790 0.4918 0.4120
1494806400.0000 146250.0000 1.1635 -0.2790 -0.3345 1.2368 283.4858 0.2004 0.1316 0.1326 -0.1053 -0.0580 0.0028 0.2323 0.3168 0.2780
1494806400.0000 146550.0000 0.3015 0.2644 -0.1638 0.4550 228.7509 0.0429 0.0398 0.0348 0.0052 -0.0178 -0.0120 0.0588 0.4570 0.4142
1494806400.0000 146850.0000 -0.5393 0.0887 0.2295 0.6491 99.3430 0.2240 0.1154 0.0996 0.0154 -0.0666 0.0142 0.2195 0.6453 0.6154
1494806400.0000 147150.0000 -0.2427 -0.5402 0.1326 0.7218 24.1910 0.1656 0.1038 0.0696 -0.0476 -0.0201 0.0191 0.1695 0.5540 0.5061
1494806400.0000 147450.0000 -0.3943 -0.8988 0.3844 1.0626 23.6848 0.1980 0.1045 0.0637 0.0445 -0.0541 -0.0012 0.1831 0.3314 0.3235
1494806400.0000 147750.0000 -0.2713 -0.8282 0.3092 0.9565 18.1366 0.1643 0.1547 0.0583 0.0137 -0.0149 -0.0134 0.1886 0.3835 0.3742
1494806400.0000 148050.0000 0.8461 -0.8846 -0.0984 1.3330 316.2756 0.3592 0.1491 0.1056 -0.0350 -0.0775 0.0106 0.3069 0.3683 0.3363
1494806400.0000 148350.0000 0.9469 -0.7336 -0.0753 1.2712 307.7669 0.1154 0.2789 0.0659 -0.0874 -0.0248 0.0029 0.2301 0.3264 0.3027
1494806400.0000 148650.0000 0.7832 -0.8013 -0.0858 1.1677 315.6568 0.0978 0.1318 0.0484 -0.0037 -0.0237 0.0009 0.1390 0.2709 0.2469
1494806400.0000 148950.0000 0.7426 -0.6899 -0.0998 1.0942 312.8925 0.1833 0.1379 0.0487 -0.0261 -0.0386 -0.0023 0.1849 0.3448 0.3228
1494806400.0000 149250.0000 0.7959 -0.7324 -0.0721 1.1517 312.6209 0.1798 0.1501 0.0779 -0.0194 -0.0386 -0.0082 0.2039 0.3401 0.3066
1494806400.0000 149550.0000 1.0291 -0.6697 -0.1984 1.2745 303.0559 0.1878 0.1583 0.0786 -0.0690 -0.0326 0.0067 0.2123 0.3025 0.2766
1494806400.0000 149850.0000 1.5086 -1.1073 -0.1891 1.9097 306.2768 0.1606 0.1670 0.0930 -0.0237 -0.0428 0.0035 0.2103 0.1991 0.1766
1494806400.0000 150150.0000 1.3764 -0.8758 -0.2076 1.6739 302.4666 0.1441 0.1654 0.0617 -0.0305 -0.0317 0.0105 0.1856 0.2139 0.1969
1494806400.0000 150450.0000 1.1056 -0.8104 -0.2082 1.4093 306.2410 0.0761 0.1257 0.0367 -0.0057 -0.0026 -0.0112 0.1193 0.2034 0.1892
1494806400.0000 150750.0000 1.2162 -0.8278 -0.1680 1.5069 304.2403 0.0968 0.1209 0.0484 -0.0154 -0.0127 0.0097 0.1330 0.2011 0.1831
1494806400.0000 151050.0000 1.2891 -0.8006 -0.2645 1.5575 301.8415 0.1029 0.1164 0.0486 0.0092 -0.0267 -0.0027 0.1339 0.1940 0.1782
