1494720000.0000 150.0000 1.8606 1.4098 0.1656 2.3380 232.8494 0.0190 0.0121 0.0112 -0.0021 -0.0014 0.0001 0.0212 0.0508 0.0436
1494720000.0000 450.0000 1.5529 1.4231 0.1414 2.1095 227.4965 0.0168 0.0093 0.0107 -0.0007 -0.0023 0.0005 0.0184 0.0524 0.0443
1494720000.0000 750.0000 1.7102 1.4439 0.1425 2.2416 229.8261 0.0363 0.0114 0.0057 0.0070 0.0029 0.0007 0.0267 0.0594 0.0563
1494720000.0000 1050.0000 2.0910 1.5824 0.1173 2.6245 232.8834 0.0213 0.0212 0.0135 0.0102 -0.0050 0.0005 0.0280 0.0520 0.0454
1494720000.0000 1350.0000 2.0627 1.7725 0.2214 2.7286 229.3272 0.0316 0.0336 0.0182 -0.0163 -0.0065 0.0019 0.0417 0.0611 0.0542
1494720000.0000 1650.0000 1.6746 1.8950 0.1724 2.5446 221.4655 0.0849 0.0329 0.0171 -0.0191 0.0115 -0.0064 0.0674 0.0837 0.0784
1494720000.0000 1950.0000 1.4029 1.9572 0.1474 2.4128 215.6333 0.0250 0.0252 0.0109 0.0027 0.0000 -0.0035 0.0306 0.0592 0.0537
1494720000.0000 2250.0000 0.8975 2.3722 0.1643 2.5625 200.7224 0.1311 0.0490 0.0143 -0.0160 0.0116 -0.0050 0.0972 0.1002 0.0966
1494720000.0000 2550.0000 0.0092 2.3571 -0.0237 2.3612 180.2236 0.0179 0.0816 0.0061 -0.0256 -0.0001 -0.0035 0.0528 0.0796 0.0772
1494720000.0000 2850.0000 0.2341 2.6791 -0.0761 2.6955 184.9942 0.0351 0.0340 0.0154 0.0135 -0.0003 -0.0029 0.0423 0.0624 0.0564
1494720000.0000 3150.0000 0.4185 2.9315 -0.0652 2.9789 188.1255 0.1085 0.0461 0.0137 0.0136 0.0075 0.0006 0.0841 0.0800 0.0767
1494720000.0000 3450.0000 0.3990 3.0573 -0.0058 3.0884 187.4361 0.0362 0.0450 0.0162 0.0158 -0.0062 -0.0052 0.0487 0.0584 0.0534
1494720000.0000 3750.0000 0.5385 2.8216 0.0082 2.8799 190.8050 0.0414 0.0328 0.0179 -0.0042 -0.0045 0.0011 0.0460 0.0610 0.0548
1494720000.0000 4050.0000 0.3272 3.2135 0.0350 3.2405 185.8132 0.0621 0.1133 0.0534 -0.0029 0.0100 -0.0070 0.1144 0.0855 0.0749
1494720000.0000 4350.0000 0.3676 3.4764 0.0679 3.5035 186.0357 0.0494 0.1079 0.0665 -0.0047 0.0059 -0.0189 0.1119 0.0781 0.0655
1494720000.0000 4650.0000 0.3270 3.3583 0.0946 3.3883 185.5619 0.0900 0.0998 0.0657 -0.0192 0.0079 -0.0246 0.1277 0.0865 0.0745
1494720000.0000 4950.0000 0.6292 3.4864 0.0402 3.5539 190.2298 0.0731 0.0757 0.0447 -0.0157 -0.0012 -0.0002 0.0968 0.0717 0.0629
1494720000.0000 5250.0000 0.6206 3.2256 0.1847 3.3073 190.8909 0.1481 0.1671 0.0992 0.0371 -0.0152 -0.0472 0.2072 0.1130 0.0987
1494720000.0000 5550.0000 1.0991 2.9202 0.4080 3.1401 200.6249 0.1166 0.1091 0.0515 -0.0013 0.0068 -0.0134 0.1386 0.0966 0.0879
1494720000.0000 5850.0000 0.9657 2.8276 0.2967 3.0167 198.8564 0.1795 0.0848 0.1010 0.0112 0.0507 -0.0003 0.1826 0.1162 0.0993
1494720000.0000 6150.0000 0.8354 2.9387 0.2327 3.0747 195.8693 0.1625 0.2943 0.0538 0.1235 0.0151 0.0038 0.2553 0.1346 0.1277
1494720000.0000 6450.0000 1.0349 2.8913 0.3443 3.0864 199.6931 0.0837 0.2031 0.0473 0.0172 -0.0077 -0.0094 0.1670 0.1080 0.1007
1494720000.0000 6750.0000 0.9753 2.7212 0.2849 2.9217 199.7176 0.2279 0.1615 0.0885 0.0851 0.0071 0.0129 0.2390 0.1374 0.1246
1494720000.0000 7050.0000 1.3046 2.7591 0.2309 3.0729 205.3065 0.1703 0.1241 0.0617 0.0474 -0.0006 -0.0026 0.1781 0.1126 0.1027
1494720000.0000 7350.0000 1.3621 2.8406 0.2508 3.1658 205.6183 0.1019 0.1250 0.0726 0.0113 -0.0247 0.0070 0.1497 0.1000 0.0873
1494720000.0000 7650.0000 1.3703 3.1303 0.2844 3.4431 203.6411 0.1628 0.2525 0.0785 -0.0112 -0.0194 0.0141 0.2469 0.1183 0.1089
1494720000.0000 7950.0000 1.2610 3.5410 0.2237 3.8002 199.6010 0.3167 0.1628 0.1356 -0.0244 -0.0265 -0.0043 0.3075 0.1203 0.1064
1494720000.0000 8250.0000 1.6958 3.1213 0.4162 3.5795 208.5150 0.1964 0.2653 0.1115 0.0287 -0.0089 0.0019 0.2866 0.1222 0.1104
1494720000.0000 8550.0000 1.9122 3.2448 0.3610 3.7931 210.5110 0.2938 0.2087 0.0968 0.0993 0.0090 -0.0114 0.2996 0.1181 0.1087
1494720000.0000 8850.0000 1.0437 3.1019 0.2737 3.3364 198.5963 0.5558 0.3495 0.1335 0.1843 0.0300 -0.0155 0.5194 0.1792 0.1678
1494720000.0000 9150.0000 1.5387 3.1920 0.4406 3.5665 205.7366 0.1323 0.2007 0.0683 -0.0133 -0.0150 -0.0062 0.2007 0.1024 0.0940
1494720000.0000 9450.0000 2.0195 3.4956 0.3853 4.0585 210.0160 0.2314 0.2559 0.1289 0.0753 0.0044 -0.0018 0.3081 0.1118 0.0998
1494720000.0000 9750.0000 1.9953 2.9608 0.5166 3.5974 213.9762 0.3234 0.2941 0.0846 0.1448 0.0163 0.0128 0.3510 0.1341 0.1271
1494720000.0000 10050.0000 1.8683 2.3965 0.3623 3.0626 217.9397 0.1855 0.1452 0.0681 0.0207 0.0200 0.0142 0.1994 0.1192 0.1093
1494720000.0000 10350.0000 1.5765 2.3982 0.2674 2.8861 213.3201 0.1078 0.0949 0.0632 0.0131 0.0137 0.0187 0.1330 0.1033 0.0906
1494720000.0000 10650.0000 1.4455 2.8071 0.2120 3.1890 207.2464 0.1673 0.1077 0.0612 -0.0540 -0.0156 0.0075 0.1681 0.1058 0.0959
1494720000.0000 10950.0000 1.2988 2.7770 0.3007 3.0782 205.0658 0.0791 0.0549 0.0301 -0.0007 0.0024 -0.0091 0.0821 0.0759 0.0690
1494720000.0000 11250.0000 1.3478 2.7120 0.2647 3.0427 206.4259 0.0665 0.0698 0.0277 -0.0229 -0.0066 -0.0048 0.0820 0.0769 0.0704
1494720000.0000 11550.0000 0.9489 2.6120 0.2695 2.7901 199.9655 0.0694 0.0996 0.0445 0.0198 0.0039 -0.0058 0.1067 0.0955 0.0854
1494720000.0000 11850.0000 0.8000 2.6677 0.2177 2.8045 196.6933 0.1211 0.1092 0.0609 0.0361 0.0040 -0.0210 0.1456 0.1115 0.0995
1494720000.0000 12150.0000 0.7042 2.4954 0.2028 2.6191 195.7597 0.1386 0.2966 0.0777 0.0537 -0.0094 -0.0442 0.2564 0.1590 0.1469
1494720000.0000 12450.0000 0.6139 2.5784 0.1763 2.6685 193.3925 0.0921 0.1112 0.0555 -0.0010 -0.0009 -0.0036 0.1294 0.1106 0.0982
1494720000.0000 12750.0000 0.6266 2.7320 0.0897 2.8175 192.9173 0.0855 0.0428 0.0357 -0.0005 -0.0066 -0.0033 0.0820 0.0833 0.0738
1494720000.0000 13050.0000 0.4127 2.7651 0.1010 2.8081 188.4880 0.0641 0.0666 0.0509 -0.0157 0.0053 -0.0098 0.0908 0.0879 0.0746
1494720000.0000 13350.0000 0.4251 2.6855 0.0860 2.7387 188.9943 0.1009 0.0936 0.0773 -0.0070 0.0091 -0.0278 0.1359 0.1107 0.0937
1494720000.0000 13650.0000 0.9161 2.7205 0.2152 2.8855 198.6112 0.0873 0.0441 0.0439 -0.0033 0.0218 -0.0046 0.0877 0.0840 0.0729
1494720000.0000 13950.0000 0.8970 2.3685 0.2694 2.5497 200.7437 0.1074 0.0908 0.0481 0.0277 0.0132 0.0005 0.1232 0.1125 0.1015
1494720000.0000 14250.0000 0.6625 2.4403 0.2127 2.5451 195.1892 0.0759 0.0440 0.0212 -0.0172 -0.0015 0.0006 0.0705 0.0855 0.0790
1494720000.0000 14550.0000 0.4625 2.7719 0.1112 2.8181 189.4733 0.0487 0.0792 0.0402 0.0167 -0.0106 -0.0060 0.0841 0.0842 0.0735
1494720000.0000 14850.0000 1.2483 3.0702 0.2428 3.3426 202.1256 0.1780 0.1374 0.0873 -0.0212 0.0390 -0.0067 0.2013 0.1102 0.0978
1494720000.0000 15150.0000 1.5719 2.6178 0.3104 3.1195 210.9827 0.2025 0.3347 0.0962 -0.1574 0.0076 -0.0515 0.3167 0.1497 0.1386
1494720000.0000 15450.0000 1.5376 2.7707 0.2892 3.2226 209.0277 0.2525 0.4708 0.0723 -0.0039 0.0329 -0.0333 0.3978 0.1618 0.1549
1494720000.0000 15750.0000 1.9583 3.0253 0.3867 3.6350 212.9156 0.1650 0.3758 0.0786 0.0024 0.0062 -0.0120 0.3097 0.1254 0.1178
1494720000.0000 16050.0000 2.3543 1.8795 0.4425 3.0534 231.3988 0.1576 0.1898 0.1629 -0.0763 0.0324 -0.0275 0.2551 0.1354 0.1130
1494720000.0000 16350.0000 1.6653 2.1219 0.3040 2.7416 218.1252 0.1476 0.1913 0.1102 -0.0792 -0.0011 -0.0318 0.2246 0.1425 0.1246
1494720000.0000 16650.0000 0.7740 2.0203 0.3366 2.2389 200.9615 0.2860 0.2720 0.0793 -0.0589 -0.0142 -0.0408 0.3186 0.2105 0.1993
1494720000.0000 16950.0000 0.9985 1.6393 0.3065 1.9726 211.3442 0.2778 0.1640 0.0848 0.0561 0.0409 -0.0237 0.2633 0.2155 0.1999
1494720000.0000 17250.0000 0.4721 1.6394 0.1796 1.7537 196.0664 0.1552 0.1697 0.0882 0.0071 0.0374 -0.0409 0.2066 0.2163 0.1929
1494720000.0000 17550.0000 0.0227 1.7315 0.1052 1.7627 180.7506 0.0948 0.1733 0.0358 0.0557 0.0016 -0.0036 0.1520 0.1835 0.1727
1494720000.0000 17850.0000 -0.5849 1.6063 -0.0381 1.7423 159.9921 0.0923 0.1985 0.0738 -0.0054 0.0298 -0.0297 0.1823 0.2039 0.1821
1494720000.0000 18150.0000 0.0299 1.7919 0.0285 1.8325 180.9557 0.1370 0.1493 0.0803 -0.0431 0.0342 -0.0240 0.1833 0.1950 0.1724
1494720000.0000 18450.0000 0.2768 1.9940 0.0717 2.0727 187.9035 0.1908 0.3713 0.1125 -0.1077 0.0338 -0.0928 0.3373 0.2354 0.2150
1494720000.0000 18750.0000 1.1186 2.1603 0.0478 2.4447 207.3744 0.0549 0.1296 0.0584 0.0115 0.0057 0.0412 0.1214 0.1169 0.1019
1494720000.0000 19050.0000 0.9200 1.4785 0.0737 1.7926 211.8918 0.1204 0.1816 0.1032 -0.0585 0.0101 -0.0623 0.2026 0.2109 0.1822
1494720000.0000 19350.0000 0.4619 1.1943 0.1591 1.3082 201.1454 0.0792 0.0725 0.0427 0.0164 -0.0064 -0.0250 0.0972 0.1973 0.1756
1494720000.0000 19650.0000 0.2798 0.9285 0.1005 1.0228 196.7671 0.0837 0.1422 0.0773 -0.0131 0.0143 -0.0353 0.1516 0.3261 0.2830
1494720000.0000 19950.0000 -0.0553 0.8864 0.0520 0.9822 176.4322 0.1210 0.3899 0.0783 0.0702 0.0130 -0.0719 0.2946 0.4982 0.4647
1494720000.0000 20250.0000 0.1740 1.5025 0.1241 1.5686 186.6057 0.1684 0.1606 0.0861 -0.0224 0.0069 -0.0155 0.2075 0.2451 0.2189
1494720000.0000 20550.0000 -0.0581 1.5986 0.0967 1.7130 177.9203 0.3276 0.2798 0.1352 0.0684 0.0542 -0.0464 0.3713 0.3104 0.2813
1494720000.0000 20850.0000 0.1405 1.4188 0.1099 1.4611 185.6545 0.1007 0.1018 0.0602 0.0005 0.0100 -0.0294 0.1314 0.2070 0.1822
1494720000.0000 21150.0000 -0.2281 1.7118 -0.0566 1.7621 172.4092 0.1284 0.0950 0.0696 -0.0119 -0.0200 -0.0104 0.1465 0.1808 0.1580
1494720000.0000 21450.0000 -0.0283 1.6729 -0.0688 1.7099 179.0312 0.1203 0.1436 0.0955 0.0271 0.0025 0.0012 0.1796 0.2067 0.1772
1494720000.0000 21750.0000 -0.1337 1.8997 0.0148 1.9534 175.9732 0.1939 0.1820 0.1150 -0.0475 0.0438 -0.0620 0.2454 0.2124 0.1859
1494720000.0000 22050.0000 -0.0623 1.2152 0.1071 1.3147 177.0665 0.1915 0.3498 0.0839 -0.1002 0.0445 -0.0664 0.3126 0.3738 0.3491
1494720000.0000 22350.0000 -0.3656 1.6154 -0.1147 1.6901 167.2473 0.0976 0.1360 0.0973 -0.0030 0.0289 -0.0173 0.1655 0.2001 0.1685
1494720000.0000 22650.0000 -0.4341 1.3266 -0.0518 1.4595 161.8829 0.1800 0.1480 0.1316 -0.0301 -0.0167 0.0315 0.2298 0.2802 0.2369
1494720000.0000 22950.0000 -0.2767 1.4838 -0.0175 1.6361 169.4379 0.3867 0.3057 0.1628 -0.0748 0.0627 -0.0230 0.4276 0.3537 0.3183
1494720000.0000 23250.0000 -0.1925 1.1130 0.1266 1.3143 170.1890 0.4468 0.3929 0.1562 -0.1065 0.1164 -0.0575 0.4979 0.5069 0.4684
1494720000.0000 23550.0000 -0.0784 1.8944 -0.0059 1.9810 177.6307 0.3043 0.3213 0.1308 -0.1110 0.0719 -0.0913 0.3781 0.2648 0.2408
1494720000.0000 23850.0000 0.3987 2.0289 0.0548 2.1330 191.1168 0.2335 0.4062 0.1363 -0.0539 0.0592 -0.0426 0.3880 0.2459 0.2233
1494720000.0000 24150.0000 0.4314 2.0291 0.1169 2.1677 192.0019 0.3696 0.3249 0.1293 -0.0875 0.0898 -0.0558 0.4119 0.2522 0.2319
1494720000.0000 24450.0000 0.0480 1.6021 0.1166 1.7023 181.7173 0.2864 0.3096 0.1315 -0.1061 0.0462 -0.0469 0.3637 0.3064 0.2781
1494720000.0000 24750.0000 0.2565 1.5435 0.1126 1.6491 189.4370 0.2407 0.2225 0.1260 -0.0546 0.0424 -0.0519 0.2946 0.2825 0.2511
1494720000.0000 25050.0000 -0.4224 1.0593 0.0377 1.2339 158.2586 0.2070 0.1717 0.1469 0.0010 0.0763 -0.0627 0.2628 0.3668 0.3115
1494720000.0000 25350.0000 -0.4171 1.3400 0.1726 1.4947 162.7100 0.2327 0.3444 0.1700 0.0131 0.0618 -0.0569 0.3735 0.3529 0.3125
1494720000.0000 25650.0000 0.1665 1.2005 0.1022 1.4309 187.8946 0.5763 0.2497 0.1640 -0.0977 0.1575 -0.0721 0.4950 0.4723 0.4329
1494720000.0000 25950.0000 0.3592 1.6128 0.1740 1.7720 192.5561 0.3931 0.3726 0.1785 -0.1027 0.1052 -0.0960 0.4721 0.3377 0.3058
1494720000.0000 26250.0000 -0.3553 1.9741 -0.0649 2.0810 169.7975 0.3111 0.4623 0.2076 -0.0083 0.1047 -0.0579 0.4906 0.2850 0.2531
1494720000.0000 26550.0000 -0.3319 1.3996 0.0564 1.5702 166.6585 0.2263 0.8326 0.1863 -0.0185 0.0407 -0.2294 0.6226 0.4476 0.4130
1494720000.0000 26850.0000 -0.1259 2.1668 -0.0484 2.2533 176.6738 0.3148 0.4001 0.1815 -0.0894 0.0825 -0.0808 0.4482 0.2518 0.2249
1494720000.0000 27150.0000 -0.0459 1.5140 -0.0416 1.6123 178.2618 0.2715 0.3651 0.1931 0.0420 0.0413 -0.0996 0.4148 0.3470 0.3041
1494720000.0000 27450.0000 -0.1330 1.7425 -0.0365 1.7965 175.6366 0.1710 0.1981 0.1552 0.0250 0.0252 -0.0310 0.2622 0.2392 0.2007
1494720000.0000 27750.0000 -0.4983 1.2089 -0.0390 1.4400 157.6011 0.1435 0.5208 0.1331 0.0994 0.0070 -0.0365 0.3987 0.3941 0.3599
1494720000.0000 28050.0000 -1.0451 0.4227 0.1479 1.2731 112.0208 0.2381 0.2758 0.1766 0.0985 0.0174 -0.0770 0.3452 0.4219 0.3671
1494720000.0000 28350.0000 -1.2377 0.3993 0.2086 1.4157 107.8812 0.2878 0.2390 0.1336 0.0457 0.0063 -0.0292 0.3302 0.3562 0.3222
1494720000.0000 28650.0000 -1.2792 0.3319 0.2760 1.4809 104.5459 0.8545 0.2227 0.1895 -0.0438 0.1060 -0.0835 0.6333 0.4813 0.4534
1494720000.0000 28950.0000 -1.1842 0.6286 0.0132 1.4510 117.9602 0.5647 0.2073 0.1705 -0.0733 0.0569 -0.0896 0.4713 0.4181 0.3784
1494720000.0000 29250.0000 -0.5516 0.4848 0.2093 0.9181 131.3113 0.2409 0.1783 0.1061 0.0793 0.0240 -0.0398 0.2626 0.5479 0.5090
1494720000.0000 29550.0000 -0.0103 0.4049 0.3023 0.7210 178.5455 0.2810 0.2175 0.1337 -0.0330 -0.0075 -0.0948 0.3161 0.9083 1.0065
1494720000.0000 29850.0000 0.1434 0.6055 0.1253 0.7752 193.3215 0.1418 0.2298 0.0741 0.0077 0.0218 -0.0571 0.2229 0.6073 0.5656
1494720000.0000 30150.0000 0.0883 1.2271 0.0745 1.3816 184.1178 0.4064 0.2578 0.1510 -0.0628 0.1081 -0.0306 0.4076 0.4229 0.3825
1494720000.0000 30450.0000 -0.0367 1.2852 0.1379 1.4696 178.3636 0.4565 0.3284 0.2427 -0.0326 0.1338 -0.0691 0.5138 0.4526 0.3978
1494720000.0000 30750.0000 0.3967 1.7561 -0.0477 1.8546 192.7292 0.1902 0.2191 0.1154 0.0242 0.0487 -0.0075 0.2623 0.2322 0.2051
1494720000.0000 31050.0000 -0.3010 1.5596 -0.1347 1.7064 169.0774 0.3976 0.3730 0.1798 -0.1295 0.1048 -0.0527 0.4752 0.3531 0.3191
1494720000.0000 31350.0000 -1.3822 1.4233 -0.1305 2.1273 135.8391 0.5133 0.7833 0.2802 -0.1314 0.0901 -0.2085 0.7884 0.3646 0.3313
1494720000.0000 31650.0000 -1.2594 1.2167 -0.0923 2.0723 134.0116 0.6745 1.1925 0.3132 0.2680 0.0558 -0.3148 1.0901 0.4861 0.4505
1494720000.0000 31950.0000 -0.9839 2.7284 -0.1606 3.0548 160.1707 0.8818 0.6935 0.4242 -0.0081 0.1637 -0.0432 0.9997 0.2810 0.2498
1494720000.0000 32250.0000 1.2387 1.6066 0.3272 2.6043 217.6335 2.3053 1.1573 0.3139 -0.7480 0.2659 -0.0983 1.8882 0.5460 0.5296
1494720000.0000 32550.0000 1.9485 0.2425 0.1205 2.0290 262.9065 0.1132 0.2603 0.2355 -0.0126 0.0094 0.1427 0.3045 0.2290 0.1797
1494720000.0000 32850.0000 2.2404 1.2086 0.4296 2.5785 241.6560 0.1426 0.1494 0.1225 -0.0225 0.0277 0.0089 0.2073 0.1440 0.1226
1494720000.0000 33150.0000 2.5279 1.2558 0.4276 2.8591 243.5825 0.2315 0.1830 0.1319 -0.0082 0.0393 -0.0105 0.2732 0.1495 0.1317
1494720000.0000 33450.0000 2.5489 1.6485 0.4557 3.0677 237.1067 0.1225 0.3024 0.0786 0.0679 0.0210 0.0279 0.2517 0.1335 0.1240
1494720000.0000 33750.0000 1.9317 1.5637 0.2906 2.5397 231.0109 0.1280 0.2590 0.1284 -0.0590 0.0253 -0.0839 0.2577 0.1657 0.1445
1494720000.0000 34050.0000 2.1282 1.0991 0.1820 2.4230 242.6858 0.1890 0.1281 0.1425 0.0116 0.0467 0.0081 0.2298 0.1630 0.1357
1494720000.0000 34350.0000 1.7942 0.5973 0.2134 1.9332 251.5871 0.1910 0.1685 0.2131 0.0316 -0.0508 0.0191 0.2863 0.2296 0.1830
1494720000.0000 34650.0000 1.0785 0.0894 -0.0368 1.1490 265.2618 0.2007 0.1380 0.0895 0.0019 0.0604 -0.0059 0.2141 0.3489 0.3105
1494720000.0000 34950.0000 0.3635 1.1887 -0.0396 1.3626 197.0040 0.2593 0.1516 0.1744 -0.0732 0.0970 -0.0421 0.2927 0.3552 0.2978
1494720000.0000 35250.0000 0.3177 1.1208 0.0927 1.2474 195.8256 0.1731 0.1928 0.1591 -0.0238 0.0368 -0.0363 0.2625 0.3580 0.2998
1494720000.0000 35550.0000 0.1310 1.9985 -0.0198 2.0674 183.7493 0.2640 0.2069 0.1401 0.0443 0.0648 0.0029 0.3055 0.2253 0.1978
1494720000.0000 35850.0000 -0.2171 1.8594 0.0444 1.9716 173.3403 0.3501 0.3084 0.1482 0.0824 0.0444 -0.0649 0.4034 0.2769 0.2503
1494720000.0000 36150.0000 0.0035 1.5395 0.1184 1.6600 180.1293 0.3433 0.3385 0.2167 -0.0735 0.0731 -0.1350 0.4493 0.3544 0.3097
1494720000.0000 36450.0000 0.1645 1.6704 -0.1938 1.7667 185.6227 0.2777 0.5088 0.3504 0.0739 0.1063 0.0200 0.5684 0.3643 0.3050
1494720000.0000 36750.0000 0.2707 1.8799 0.0842 2.0189 188.1955 0.4090 0.4268 0.3448 -0.1047 0.1523 -0.1283 0.5903 0.3300 0.2779
1494720000.0000 37050.0000 0.3817 1.2195 0.0639 1.7295 197.3799 1.4764 0.4406 0.5879 0.1428 0.6737 0.0121 1.2524 0.7142 0.6256
1494720000.0000 37350.0000 1.6903 0.5787 0.2775 1.9075 251.0995 0.4138 0.4926 0.4764 0.1207 0.0331 0.0591 0.6914 0.3755 0.3077
1494720000.0000 37650.0000 0.6952 1.3408 0.2956 1.7942 207.4075 0.7663 0.9663 0.3466 -0.2081 0.0378 -0.1775 1.0395 0.5409 0.5032
1494720000.0000 37950.0000 2.2851 1.4662 0.3445 2.8498 237.3148 0.4537 0.7546 0.2875 0.0025 0.1376 0.1690 0.7479 0.2580 0.2338
1494720000.0000 38250.0000 1.9580 -0.1631 0.0352 2.0398 274.7614 0.2488 0.3133 0.1497 -0.0594 0.0038 -0.0119 0.3559 0.2479 0.2203
1494720000.0000 38550.0000 0.9212 0.9174 0.3108 1.3724 225.1188 0.1649 0.2041 0.0881 0.0316 -0.0149 0.0058 0.2286 0.2920 0.2698
1494720000.0000 38850.0000 -0.2356 0.2521 0.0744 0.6959 136.9393 0.3311 0.1579 0.1271 0.1371 -0.0753 -0.0092 0.3081 1.2840 1.1703
1494720000.0000 39150.0000 -1.1890 -0.1485 0.2196 1.2779 82.8819 0.2675 0.1517 0.4256 0.0166 0.0005 -0.1241 0.4224 0.4356 0.3120
1494720000.0000 39450.0000 -0.2939 0.7638 0.1697 1.7976 158.9537 1.5667 1.6085 0.3233 0.9098 -0.1067 -0.1894 1.7493 1.2921 1.2571
1494720000.0000 39750.0000 -1.4266 0.0411 0.2598 1.8608 91.6516 1.4981 0.6871 0.2953 0.5412 -0.0637 -0.1587 1.2402 0.6268 0.5980
1494720000.0000 40050.0000 -0.1651 1.0367 0.2163 1.3618 170.9512 0.5354 0.7310 0.3414 0.2047 -0.0745 -0.1207 0.8039 0.6830 0.6189
1494720000.0000 40350.0000 -0.7096 0.5975 0.2012 1.1174 130.0957 0.3200 0.3295 0.2167 0.0607 0.0490 0.0783 0.4331 0.5661 0.5016
1494720000.0000 40650.0000 -1.7533 -0.0256 0.3664 2.2433 89.1645 0.9588 1.5428 0.2873 0.9627 0.1747 0.0944 1.3945 0.5383 0.5208
1494720000.0000 40950.0000 -0.5798 -0.3571 0.3463 1.4161 58.3664 2.1025 0.2629 0.3158 0.2716 0.2598 -0.0862 1.3406 1.2374 1.3040
1494720000.0000 41250.0000 0.1772 0.4250 0.4621 1.0379 202.6352 0.6698 0.5830 0.2922 0.0344 -0.0014 -0.1912 0.7725 1.1000 1.4033
1494720000.0000 41550.0000 -0.1178 2.1828 -0.1878 2.3692 176.9106 0.6500 1.0201 0.4094 -0.4376 0.2978 -0.2272 1.0397 0.3795 0.3413
1494720000.0000 41850.0000 0.2385 0.6987 0.5110 1.1177 198.8490 0.4980 0.6233 0.1671 -0.1420 -0.0034 -0.0596 0.6442 0.7299 0.8281
1494720000.0000 42150.0000 0.3459 2.4204 0.0200 2.5859 188.1326 0.6126 0.6495 0.3135 -0.1210 0.0890 -0.1073 0.7877 0.2964 0.2653
1494720000.0000 42450.0000 0.5080 2.0402 -0.0996 2.3431 193.9826 1.0551 0.6096 0.4927 -0.1073 0.2415 -0.0856 1.0787 0.4029 0.3543
1494720000.0000 42750.0000 0.2181 1.4254 0.3248 1.7165 188.7010 0.5773 1.1138 0.3372 0.2766 -0.0129 -0.2208 1.0141 0.5563 0.5207
1494720000.0000 43050.0000 0.9384 1.7510 0.0876 2.2143 208.1889 0.8163 0.5450 0.3107 -0.0617 0.1887 -0.1581 0.8360 0.3754 0.3391
1494720000.0000 43350.0000 0.7602 1.6125 0.1460 2.0854 205.2418 0.6337 1.2128 0.2338 -0.3959 0.1172 -0.1250 1.0401 0.4655 0.4401
1494720000.0000 43650.0000 -0.1559 1.5369 0.4028 1.7317 174.2092 0.3887 1.0459 0.3895 0.1152 -0.0018 -0.2972 0.9121 0.4884 0.4476
1494720000.0000 43950.0000 -0.1549 1.5002 0.2070 1.6959 174.1067 0.5192 1.0067 0.3948 0.0133 0.1314 -0.0342 0.9603 0.5256 0.4729
1494720000.0000 44250.0000 0.8571 1.5076 0.3341 2.0025 209.6197 0.7206 1.0378 0.3201 0.2963 0.0392 -0.2464 1.0392 0.4713 0.4415
1494720000.0000 44550.0000 0.8063 1.3985 -0.0460 1.8228 209.9638 0.6244 1.0866 0.5822 0.0499 0.3863 -0.2312 1.1466 0.5414 0.4678
1494720000.0000 44850.0000 1.3647 1.5018 0.6039 2.1337 222.2614 0.4075 0.4013 0.2012 -0.0182 0.0539 -0.0711 0.5050 0.2741 0.2559
1494720000.0000 45150.0000 0.7870 2.4967 0.3714 2.8508 197.4965 1.1147 1.3462 0.4254 -0.3087 0.2060 -0.1269 1.4431 0.3710 0.3460
1494720000.0000 45450.0000 -0.2404 2.9758 -0.1641 3.0760 175.3817 0.5766 0.3578 0.2361 -0.2169 0.1347 -0.0267 0.5853 0.2089 0.1869
1494720000.0000 45750.0000 -0.0228 2.0946 0.0551 2.2577 179.3761 0.6538 1.0147 0.4357 -0.2606 0.0965 0.0651 1.0521 0.3997 0.3560
1494720000.0000 46050.0000 0.4916 1.1895 0.1657 1.5064 202.4543 0.5355 0.4809 0.2284 -0.1094 0.1738 -0.0189 0.6224 0.4964 0.4522
1494720000.0000 46350.0000 1.3868 2.4977 0.1798 2.9840 209.0393 0.5719 0.8883 0.4649 -0.0505 0.1472 -0.1862 0.9626 0.2799 0.2442
1494720000.0000 46650.0000 0.6196 2.8630 0.1423 3.0115 192.2113 0.4053 1.0157 0.2630 0.0997 0.0848 -0.2338 0.8420 0.2555 0.2350
1494720000.0000 46950.0000 1.4313 1.7557 0.3043 2.4173 219.1878 0.2767 0.9786 0.1625 -0.0712 0.0024 0.0122 0.7089 0.3008 0.2856
1494720000.0000 47250.0000 1.5993 0.7737 -0.0686 1.8478 244.1836 0.2611 0.2004 0.3674 -0.0591 0.1698 -0.0737 0.4144 0.2956 0.2208
1494720000.0000 47550.0000 1.1964 -0.0477 0.1113 1.3730 272.2819 0.2559 0.4014 0.2154 -0.1526 0.0036 0.0286 0.4364 0.4485 0.3909
1494720000.0000 47850.0000 1.5429 1.3785 0.5118 2.4584 228.2210 1.0719 1.1040 0.4100 -0.5736 0.0117 -0.3148 1.2929 0.4356 0.4116
1494720000.0000 48150.0000 1.8774 0.6569 0.2614 2.0783 250.7141 0.2889 0.4296 0.2947 0.1083 -0.0513 -0.1049 0.5066 0.2897 0.2461
1494720000.0000 48450.0000 1.9243 1.9612 0.3053 2.9432 224.4557 0.7034 1.3276 0.3138 0.0963 0.0954 0.1317 1.1724 0.3198 0.2995
1494720000.0000 48750.0000 1.2137 1.6448 0.5221 2.3990 216.4253 1.7163 0.6882 0.3911 -0.1222 0.4009 -0.0970 1.3978 0.4576 0.4380
1494720000.0000 49050.0000 0.5097 2.3605 0.0042 2.7412 192.1838 1.7311 0.7413 0.8037 -0.0560 0.3905 -0.0830 1.6381 0.4327 0.3759
1494720000.0000 49350.0000 -0.4468 1.0383 -0.2027 1.5400 156.7156 0.9752 0.9457 0.5863 -0.2821 0.3600 -0.2857 1.2536 0.7961 0.7079
1494720000.0000 49650.0000 0.4411 3.0716 0.2233 3.3835 188.1717 1.5096 1.1958 0.5671 -0.3989 0.4138 -0.2520 1.6362 0.3357 0.3060
1494720000.0000 49950.0000 -0.1995 2.4380 -0.0497 2.5339 175.3228 0.3993 0.6521 0.2708 -0.1250 0.0873 -0.0502 0.6611 0.2713 0.2420
1494720000.0000 50250.0000 1.0778 1.8943 0.4928 2.3373 209.6396 0.7239 0.5249 0.3841 -0.0015 0.2305 -0.0593 0.8164 0.3302 0.2960
1494720000.0000 50550.0000 2.3763 2.2257 0.9977 3.3911 226.8735 0.7530 0.8083 0.3719 -0.1026 0.1441 -0.2448 0.9666 0.2357 0.2216
1494720000.0000 50850.0000 2.2149 2.5298 0.7180 3.4057 221.2025 0.4208 0.3399 0.2224 0.1107 0.0410 -0.0209 0.4915 0.1665 0.1498
1494720000.0000 51150.0000 1.4438 1.7272 0.3746 2.3273 219.8922 0.3516 0.6141 0.1564 0.1633 0.0504 -0.0413 0.5610 0.2680 0.2520
1494720000.0000 51450.0000 0.4302 1.8068 0.0081 1.9896 193.3919 0.4046 0.6055 0.2550 -0.0273 0.0023 -0.0690 0.6326 0.3496 0.3124
1494720000.0000 51750.0000 -0.1188 1.3325 0.1738 1.4837 174.9054 0.3611 0.2844 0.1862 -0.0538 -0.0079 -0.0328 0.4158 0.3903 0.3467
1494720000.0000 52050.0000 0.2843 2.5658 0.0079 2.7151 186.3221 0.3640 1.8618 0.2562 -0.0319 0.0492 -0.2916 1.2410 0.3523 0.3337
1494720000.0000 52350.0000 0.1268 1.5572 0.1800 1.7040 184.6565 0.4084 0.3890 0.1463 -0.1318 0.1153 -0.0941 0.4718 0.3566 0.3300
1494720000.0000 52650.0000 -0.7718 1.7616 -0.2706 2.0146 156.3419 0.3714 0.3422 0.1909 -0.0660 0.1460 -0.0248 0.4523 0.2827 0.2536
1494720000.0000 52950.0000 0.0471 1.4292 0.1872 1.8526 181.8876 1.3349 0.5305 0.5675 0.0444 0.5498 -0.0158 1.2165 0.6245 0.5515
1494720000.0000 53250.0000 1.0626 2.8720 0.5282 3.1680 200.3042 0.7153 1.2018 0.3933 0.3062 -0.0112 -0.1834 1.1552 0.2824 0.2610
1494720000.0000 53550.0000 1.2815 3.2432 0.3289 3.5943 201.5608 0.7638 0.8818 0.2541 0.1433 0.0319 -0.0936 0.9498 0.2272 0.2124
1494720000.0000 53850.0000 2.3546 2.8637 0.2754 3.7725 219.4270 0.3257 0.5367 0.2643 -0.0744 0.1228 -0.1727 0.5633 0.1648 0.1446
1494720000.0000 54150.0000 2.6176 2.7111 0.6352 3.8472 223.9939 0.7455 0.3852 0.4664 -0.0488 0.2962 -0.0086 0.7986 0.1909 0.1629
1494720000.0000 54450.0000 3.0861 2.6966 1.0945 4.1238 228.8534 0.2918 0.2932 0.1234 0.0814 0.0396 0.0423 0.3542 0.1146 0.1077
1494720000.0000 54750.0000 3.2434 2.2552 0.9774 4.0045 235.1886 0.4181 0.2479 0.1609 -0.1336 0.0687 -0.0916 0.4134 0.1290 0.1193
1494720000.0000 55050.0000 2.6367 1.6504 0.9726 3.2675 237.9562 0.4675 0.9444 0.2252 -0.1602 0.0754 -0.2494 0.8186 0.2267 0.2205
1494720000.0000 55350.0000 3.6113 1.7827 1.3128 4.1137 243.7274 0.4966 0.6363 0.2061 -0.1110 0.0558 0.0931 0.6695 0.1577 0.1526
1494720000.0000 55650.0000 2.2554 2.9169 0.8898 3.7681 217.7117 0.6476 0.5764 0.1640 0.0467 0.0373 -0.0005 0.6940 0.1793 0.1732
1494720000.0000 55950.0000 2.1546 1.5965 0.7819 2.9193 233.4632 1.7922 0.8564 0.2498 0.1394 0.0441 -0.0918 1.4492 0.3519 0.3504
1494720000.0000 56250.0000 3.2179 1.3150 1.1386 3.5801 247.7720 0.6446 0.5019 0.1975 -0.2628 0.0444 -0.0231 0.6720 0.1830 0.1778
1494720000.0000 56550.0000 3.4082 2.0641 1.0372 4.0821 238.7993 0.7196 0.6341 0.3200 -0.0426 0.0865 0.0336 0.8368 0.1814 0.1686
1494720000.0000 56850.0000 3.5588 1.6651 1.0421 3.9899 244.9258 0.4621 0.5580 0.2132 0.1227 0.0871 0.1667 0.6166 0.1577 0.1484
1494720000.0000 57150.0000 3.9123 1.6331 0.9294 4.2854 247.3430 0.4402 0.4454 0.2440 0.0511 0.1162 0.0437 0.5648 0.1414 0.1282
1494720000.0000 57450.0000 3.7472 1.3502 0.9771 4.0265 250.1843 0.1770 0.3646 0.1571 -0.0012 -0.0248 0.0632 0.3494 0.1177 0.1067
1494720000.0000 57750.0000 3.1848 0.7748 0.5513 3.3504 256.3270 0.2022 0.5261 0.1244 0.0499 0.0139 0.0419 0.4264 0.1604 0.1503
1494720000.0000 58050.0000 2.6978 0.7849 0.6498 2.9038 253.7784 0.2661 0.5177 0.1860 -0.0950 0.0033 0.0569 0.4849 0.1972 0.1819
1494720000.0000 58350.0000 2.9894 1.3554 0.9172 3.3447 245.6110 0.3906 0.3398 0.2299 -0.0842 0.1093 -0.0601 0.4802 0.1660 0.1503
1494720000.0000 58650.0000 3.2209 1.2048 0.7608 3.5174 249.4920 0.3147 0.4876 0.1233 -0.1139 -0.0094 0.0106 0.4628 0.1577 0.1504
1494720000.0000 58950.0000 3.3893 0.8344 0.8431 3.5858 256.1692 0.3392 0.6919 0.2471 0.0244 -0.0030 0.1066 0.6391 0.1818 0.1680
1494720000.0000 59250.0000 3.1022 0.3143 0.5304 3.2227 264.2158 0.3537 0.6503 0.3255 0.0063 -0.0118 0.1513 0.6648 0.2105 0.1855
1494720000.0000 59550.0000 2.2447 -0.1386 0.4966 2.3573 273.5340 0.8283 0.4945 0.4305 0.0200 -0.0844 0.0926 0.8767 0.3319 0.2953
1494720000.0000 59850.0000 3.2111 -0.2535 0.2273 3.2966 274.5133 0.6901 0.5104 0.3106 -0.1208 0.1049 -0.0373 0.7555 0.2198 0.1964
1494720000.0000 60150.0000 2.3955 0.8397 0.2825 2.8761 250.6822 0.7189 1.7434 0.5603 -0.3433 -0.0659 0.3412 1.5113 0.3930 0.3569
1494720000.0000 60450.0000 2.7285 1.2668 0.4030 3.1245 245.0947 0.3266 0.8316 0.1755 0.1353 0.0638 0.1037 0.6669 0.2197 0.2065
1494720000.0000 60750.0000 2.4748 2.2694 0.9178 3.4059 227.4791 0.3983 0.2588 0.1247 0.0294 0.0215 -0.0081 0.3909 0.1467 0.1394
1494720000.0000 61050.0000 1.7525 2.0616 0.6340 2.7715 220.3660 0.4945 0.3691 0.1586 0.1140 0.0216 -0.0248 0.5110 0.2100 0.1983
1494720000.0000 61350.0000 0.8716 1.5646 0.5603 1.9393 209.1198 0.6347 0.6476 0.1460 0.4593 0.0595 0.0049 0.7141 0.3677 0.3650
1494720000.0000 61650.0000 2.4167 1.3551 0.9823 3.0252 240.7187 2.6506 0.5331 0.3023 -0.0232 0.4233 -0.0374 1.7430 0.3667 0.3718
1494720000.0000 61950.0000 3.7716 0.9733 0.9010 3.9563 255.5299 0.3735 0.4692 0.2000 -0.0711 0.0489 0.0292 0.5214 0.1475 0.1361
1494720000.0000 62250.0000 3.4003 0.9802 1.0338 3.6317 253.9196 0.5031 0.5699 0.1969 -0.1339 0.0168 -0.0273 0.6350 0.1765 0.1690
1494720000.0000 62550.0000 2.3627 1.9411 1.0071 3.2152 230.5956 1.5494 0.5627 0.2773 0.2869 0.1396 -0.0123 1.1947 0.2772 0.2744
1494720000.0000 62850.0000 3.5905 1.6672 1.0406 4.0584 245.0928 1.4417 0.4570 0.2510 0.0896 0.2137 0.0441 1.0749 0.2068 0.2010
1494720000.0000 63150.0000 3.9965 1.3542 0.8827 4.3025 251.2809 0.4659 0.6482 0.2835 -0.1381 0.0459 0.1108 0.6988 0.1583 0.1444
1494720000.0000 63450.0000 2.9037 1.4881 0.3247 3.3029 242.8661 0.3207 0.1239 0.2100 -0.0963 0.0694 0.0153 0.3273 0.1425 0.1180
1494720000.0000 63750.0000 1.9114 2.4635 0.2608 3.2364 217.8071 0.4678 0.8191 0.2908 -0.1372 0.0371 0.0616 0.7888 0.2318 0.2101
1494720000.0000 64050.0000 3.3480 1.6448 0.4799 3.8668 243.8355 0.8207 0.6850 0.3436 -0.3418 0.0389 -0.1565 0.9247 0.2088 0.1899
1494720000.0000 64350.0000 3.2902 1.7743 1.1085 3.8644 241.6631 0.2951 0.8739 0.1527 -0.2252 -0.0004 0.0345 0.6609 0.1702 0.1670
1494720000.0000 64650.0000 2.7556 2.3172 0.7656 3.6199 229.9391 0.1468 0.1337 0.1135 -0.0013 0.0271 -0.0035 0.1970 0.0985 0.0849
1494720000.0000 64950.0000 2.2613 2.5433 0.8996 3.4662 221.6411 0.5726 0.4031 0.1643 0.0823 0.0486 -0.0815 0.5700 0.1751 0.1676
1494720000.0000 65250.0000 2.8230 1.7547 0.9394 3.5178 238.1366 1.5957 0.5577 0.1904 -0.3986 0.1413 -0.0943 1.1719 0.2559 0.2549
1494720000.0000 65550.0000 2.8494 1.5768 0.7245 3.3129 241.0404 0.7339 0.1042 0.0894 -0.0740 0.0939 -0.0071 0.4638 0.1667 0.1623
1494720000.0000 65850.0000 2.2040 1.3596 0.6580 2.6203 238.3311 0.4074 0.1282 0.0544 0.0455 0.0388 0.0161 0.2950 0.1660 0.1632
1494720000.0000 66150.0000 2.6709 0.7693 0.6443 2.8262 253.9315 0.1702 0.2696 0.1183 0.0176 -0.0337 -0.0188 0.2790 0.1512 0.1378
1494720000.0000 66450.0000 2.4108 0.5660 0.8265 2.5187 256.7877 0.2281 0.1960 0.1203 -0.0236 -0.0464 0.0252 0.2722 0.1632 0.1518
1494720000.0000 66750.0000 2.2267 1.2113 1.0094 2.5752 241.4545 0.1770 0.1772 0.1003 -0.0208 -0.0167 0.0120 0.2272 0.1427 0.1356
1494720000.0000 67050.0000 2.6130 0.8514 0.7650 2.7803 251.9533 0.2113 0.1544 0.0973 -0.0070 -0.0201 -0.0289 0.2315 0.1377 0.1270
1494720000.0000 67350.0000 2.7028 1.1140 0.9346 2.9618 247.6006 0.1511 0.2087 0.0811 -0.0399 -0.0183 0.0143 0.2204 0.1249 0.1185
1494720000.0000 67650.0000 3.0413 1.1052 0.9866 3.2595 250.0289 0.2297 0.1285 0.0601 -0.0257 0.0322 0.0000 0.2092 0.1104 0.1068
1494720000.0000 67950.0000 2.4006 1.2412 0.7790 2.7440 242.6597 0.1323 0.2371 0.0563 -0.0045 0.0014 0.0478 0.2129 0.1339 0.1299
1494720000.0000 68250.0000 2.2347 0.6301 0.6181 2.3461 254.2538 0.0936 0.1043 0.0405 -0.0175 -0.0093 0.0044 0.1192 0.1173 0.1106
1494720000.0000 68550.0000 2.6543 0.5795 0.6334 2.7280 257.6839 0.1479 0.0630 0.0328 0.0215 -0.0091 0.0055 0.1219 0.1022 0.0976
1494720000.0000 68850.0000 1.8791 0.4834 0.5996 1.9591 255.5721 0.1584 0.0543 0.0296 -0.0245 0.0069 -0.0037 0.1212 0.1400 0.1372
1494720000.0000 69150.0000 0.7528 0.1214 0.3064 0.8139 260.8393 0.1285 0.0599 0.0614 -0.0052 -0.0082 0.0276 0.1249 0.3512 0.3287
1494720000.0000 69450.0000 1.9322 0.0402 0.3606 1.9407 268.8090 0.2120 0.0274 0.0260 0.0131 0.0285 0.0037 0.1327 0.1513 0.1462
1494720000.0000 69750.0000 2.4832 -0.0009 0.4710 2.4909 270.0209 0.0650 0.0358 0.0265 -0.0044 -0.0051 0.0043 0.0637 0.0815 0.0738
1494720000.0000 70050.0000 2.3651 0.0055 0.5396 2.3764 269.8679 0.1204 0.0511 0.0389 0.0071 -0.0021 0.0022 0.1052 0.1092 0.1011
1494720000.0000 70350.0000 2.2127 -0.0719 0.5179 2.2362 271.8618 0.3791 0.0771 0.0579 0.0301 0.0111 0.0143 0.2570 0.1821 0.1761
1494720000.0000 70650.0000 1.5504 -0.4323 0.2842 1.6648 285.5787 0.2218 0.1961 0.0828 -0.0259 -0.0178 0.0380 0.2504 0.2500 0.2319
1494720000.0000 70950.0000 2.3300 -0.9191 0.2421 2.5512 291.5282 0.3812 0.2341 0.0931 -0.0674 -0.0169 0.0443 0.3542 0.1931 0.1808
1494720000.0000 71250.0000 2.8370 -0.8227 0.1563 2.9653 286.1705 0.1426 0.0798 0.0622 -0.0400 -0.0115 0.0100 0.1423 0.1041 0.0922
1494720000.0000 71550.0000 3.2107 -1.1117 0.1891 3.4113 289.0984 0.1051 0.0954 0.0523 -0.0052 0.0068 -0.0022 0.1264 0.0853 0.0761
1494720000.0000 71850.0000 3.2055 -1.2377 0.2354 3.4566 291.1122 0.2639 0.1589 0.0833 -0.0591 -0.0273 0.0350 0.2530 0.1192 0.1093
1494720000.0000 72150.0000 3.1157 -1.1664 0.1960 3.3513 290.5237 0.2898 0.1701 0.1117 -0.0497 -0.0252 0.0394 0.2859 0.1310 0.1177
1494720000.0000 72450.0000 2.6161 -1.4027 0.1313 2.9860 298.1991 0.1643 0.1412 0.0526 -0.0531 -0.0031 0.0175 0.1791 0.1163 0.1075
1494720000.0000 72750.0000 2.5290 -1.4583 0.1098 2.9325 299.9688 0.0920 0.1240 0.0498 -0.0436 -0.0116 0.0128 0.1329 0.1019 0.0919
1494720000.0000 73050.0000 2.4198 -1.5070 0.1627 2.8671 301.9143 0.1420 0.1141 0.0661 -0.0360 -0.0011 0.0202 0.1611 0.1148 0.1025
1494720000.0000 73350.0000 1.9275 -1.4467 0.1869 2.4478 306.8892 0.2847 0.2514 0.0691 -0.0976 -0.0258 0.0428 0.3026 0.1858 0.1754
1494720000.0000 73650.0000 1.1693 -1.4315 0.1506 1.9021 320.7556 0.2814 0.1051 0.0654 -0.0195 -0.0083 0.0363 0.2260 0.2093 0.1942
1494720000.0000 73950.0000 0.9279 -1.4425 0.0316 1.7426 327.2494 0.1328 0.0555 0.0375 -0.0129 -0.0081 0.0042 0.1129 0.1599 0.1460
1494720000.0000 74250.0000 2.0446 -1.5638 0.0696 2.5890 307.4101 0.1233 0.0679 0.0323 -0.0170 -0.0075 0.0094 0.1117 0.1060 0.0981
1494720000.0000 74550.0000 2.0670 -1.3441 0.0372 2.4804 303.0353 0.0717 0.0678 0.0408 0.0042 -0.0036 0.0071 0.0901 0.0994 0.0874
1494720000.0000 74850.0000 2.2611 -1.0795 0.0259 2.5155 295.5209 0.0447 0.0615 0.0207 -0.0066 0.0009 0.0117 0.0634 0.0821 0.0751
1494720000.0000 75150.0000 2.2871 -1.2514 -0.0179 2.6208 298.6856 0.0516 0.0982 0.0345 -0.0176 0.0052 0.0082 0.0921 0.0951 0.0857
1494720000.0000 75450.0000 1.8568 -1.0882 -0.0076 2.1568 300.3733 0.0411 0.0389 0.0103 -0.0230 0.0035 0.0007 0.0452 0.0806 0.0759
1494720000.0000 75750.0000 2.0787 -0.6288 0.0336 2.2010 286.8316 0.0242 0.1613 0.0073 -0.0272 0.0009 0.0016 0.0964 0.1167 0.1145
1494720000.0000 76050.0000 2.0715 -0.7802 -0.0259 2.2308 290.6374 0.0484 0.1147 0.0129 -0.0481 0.0046 0.0008 0.0880 0.1094 0.1053
1494720000.0000 76350.0000 2.1921 -1.0900 0.0032 2.4526 296.4383 0.0289 0.0204 0.0093 -0.0003 -0.0004 -0.0020 0.0293 0.0571 0.0524
1494720000.0000 76650.0000 1.7788 -1.1761 -0.0535 2.1343 303.4700 0.0086 0.0134 0.0037 -0.0045 -0.0004 0.0009 0.0129 0.0434 0.0402
1494720000.0000 76950.0000 1.7747 -1.3006 -0.0643 2.2031 306.2358 0.0050 0.0203 0.0027 -0.0022 0.0009 0.0009 0.0140 0.0439 0.0418
1494720000.0000 77250.0000 1.8109 -1.1804 -0.0452 2.1646 303.0968 0.0078 0.0216 0.0014 -0.0052 0.0006 0.0005 0.0154 0.0469 0.0458
1494720000.0000 77550.0000 1.5423 -1.0533 -0.0292 1.8717 304.3311 0.0115 0.0079 0.0016 0.0063 -0.0004 -0.0005 0.0105 0.0449 0.0431
1494720000.0000 77850.0000 1.1978 -1.1890 0.0034 1.6901 314.7884 0.0137 0.0046 0.0023 -0.0012 -0.0018 0.0003 0.0103 0.0491 0.0463
1494720000.0000 78150.0000 0.6801 -0.9467 0.0904 1.1819 324.3074 0.0839 0.0286 0.0129 -0.0322 0.0125 -0.0066 0.0627 0.1749 0.1661
1494720000.0000 78450.0000 1.3567 -0.6881 -0.0005 1.5386 296.8932 0.0918 0.0233 0.0142 0.0087 -0.0013 0.0025 0.0647 0.1365 0.1288
1494720000.0000 78750.0000 1.7233 -0.7291 -0.0486 1.8742 292.9319 0.0117 0.0199 0.0071 -0.0108 -0.0001 -0.0002 0.0194 0.0607 0.0549
1494720000.0000 79050.0000 1.6624 -0.3076 -0.0670 1.6963 280.4846 0.0033 0.0208 0.0009 -0.0013 -0.0000 -0.0001 0.0125 0.0539 0.0530
1494720000.0000 79350.0000 1.7415 -0.0272 -0.0665 1.7434 270.8932 0.0015 0.0058 0.0009 0.0006 0.0000 0.0001 0.0041 0.0300 0.0284
1494720000.0000 79650.0000 1.6701 -0.1194 -0.0422 1.6752 274.0891 0.0033 0.0031 0.0006 -0.0019 0.0000 0.0009 0.0035 0.0289 0.0275
1494720000.0000 79950.0000 1.8707 -0.3052 -0.0019 1.8965 279.2651 0.0040 0.0051 0.0013 -0.0028 -0.0001 -0.0004 0.0052 0.0311 0.0291
1494720000.0000 80250.0000 1.6324 -0.4656 -0.0274 1.7017 285.9183 0.0070 0.0113 0.0011 0.0065 0.0004 -0.0004 0.0097 0.0474 0.0460
1494720000.0000 80550.0000 1.5664 -0.6513 0.0108 1.6972 292.5770 0.0018 0.0035 0.0018 -0.0005 0.0006 -0.0011 0.0036 0.0287 0.0247
1494720000.0000 80850.0000 1.1370 -0.7312 -0.0010 1.3640 302.7470 0.0768 0.0027 0.0023 0.0067 0.0078 0.0004 0.0409 0.1221 0.1204
1494720000.0000 81150.0000 0.7283 -0.7710 0.0672 1.0620 316.6308 0.0112 0.0053 0.0062 -0.0056 -0.0040 0.0026 0.0113 0.0818 0.0700
1494720000.0000 81450.0000 0.4085 -0.5246 0.0222 0.6863 322.0934 0.0496 0.0107 0.0078 -0.0086 -0.0059 0.0006 0.0340 0.2264 0.2132
1494720000.0000 81750.0000 0.7077 -0.5923 -0.0461 0.9254 309.9260 0.0054 0.0027 0.0026 0.0008 -0.0002 0.0009 0.0054 0.0648 0.0563
1494720000.0000 82050.0000 0.8253 -0.5696 -0.0256 1.0040 304.6133 0.0101 0.0018 0.0006 -0.0025 0.0010 0.0000 0.0063 0.0644 0.0629
1494720000.0000 82350.0000 0.8840 -0.5482 -0.0071 1.0407 301.8031 0.0054 0.0006 0.0004 -0.0009 0.0002 0.0001 0.0032 0.0444 0.0430
1494720000.0000 82650.0000 0.4444 -0.6905 0.0232 0.8573 327.2339 0.0437 0.0281 0.0046 0.0269 0.0035 0.0045 0.0382 0.1942 0.1883
1494720000.0000 82950.0000 0.2741 -0.7745 -0.0381 0.8277 340.5130 0.0045 0.0214 0.0024 0.0055 -0.0002 -0.0000 0.0142 0.1181 0.1131
1494720000.0000 83250.0000 0.4225 -0.4991 0.0099 0.6643 319.7472 0.0148 0.0070 0.0045 0.0025 0.0007 0.0005 0.0131 0.1429 0.1302
1494720000.0000 83550.0000 0.3275 -0.4333 -0.0420 0.5647 322.9236 0.0263 0.0066 0.0032 0.0059 0.0033 0.0004 0.0181 0.2014 0.1929
1494720000.0000 83850.0000 0.1535 -0.4746 -0.0208 0.5078 342.0785 0.0076 0.0062 0.0025 0.0025 -0.0011 -0.0006 0.0082 0.1478 0.1363
1494720000.0000 84150.0000 0.5434 -0.4259 0.0849 0.7234 308.0839 0.0582 0.0154 0.0127 0.0160 0.0149 0.0060 0.0431 0.2438 0.2269
1494720000.0000 84450.0000 0.6528 -0.4959 -0.0252 0.8233 307.2225 0.0074 0.0043 0.0032 0.0002 0.0012 -0.0006 0.0075 0.0861 0.0763
1494720000.0000 84750.0000 0.6619 -0.6476 -0.0057 0.9445 314.3757 0.0285 0.0170 0.0083 0.0118 0.0003 0.0005 0.0269 0.1446 0.1330
1494720000.0000 85050.0000 -0.0454 -0.7389 -0.0453 0.8123 3.5171 0.1052 0.0473 0.0133 -0.0348 0.0102 0.0006 0.0829 0.3170 0.3046
1494720000.0000 85350.0000 0.1627 -0.8485 0.0112 0.8996 349.1443 0.0527 0.0432 0.0227 0.0163 0.0001 0.0149 0.0593 0.2302 0.2070
1494720000.0000 85650.0000 0.1772 -0.8948 -0.0695 0.9603 348.8010 0.0791 0.0271 0.0277 0.0289 0.0008 0.0044 0.0670 0.2310 0.2063
1494720000.0000 85950.0000 0.0553 -0.6929 -0.0076 0.7416 355.4388 0.0644 0.0232 0.0130 0.0024 0.0017 0.0010 0.0503 0.2635 0.2460
1494720000.0000 86250.0000 -0.3051 -0.7296 -0.1348 0.8090 22.6929 0.0228 0.0159 0.0066 -0.0113 -0.0026 0.0007 0.0227 0.1532 0.1436
1494806400.0000 86550.0000 -0.4506 -0.8495 -0.0993 0.9674 27.9393 0.0124 0.0031 0.0024 -0.0001 0.0006 0.0001 0.0089 0.0799 0.0747
1494806400.0000 86850.0000 -0.2011 -0.9268 -0.0944 0.9670 12.2403 0.0351 0.0170 0.0149 0.0013 -0.0064 0.0033 0.0335 0.1568 0.1390
1494806400.0000 87150.0000 0.0536 -0.8686 -0.0691 0.8780 356.4665 0.0138 0.0079 0.0054 -0.0035 0.0009 0.0017 0.0135 0.1088 0.0976
1494806400.0000 87450.0000 0.5075 -0.8190 -0.0108 0.9882 328.2150 0.0646 0.0180 0.0085 -0.0004 0.0015 -0.0006 0.0456 0.1809 0.1723
1494806400.0000 87750.0000 1.1038 -1.0985 0.0597 1.5643 314.8607 0.0323 0.0162 0.0125 -0.0028 -0.0015 0.0024 0.0305 0.0915 0.0817
1494806400.0000 88050.0000 0.6397 -1.0296 0.0573 1.2410 328.1475 0.0959 0.0740 0.0201 -0.0323 -0.0085 0.0173 0.0950 0.2074 0.1963
1494806400.0000 88350.0000 -0.0957 -0.8800 -0.0991 0.9028 6.2060 0.0300 0.0169 0.0206 -0.0017 -0.0089 0.0038 0.0338 0.1685 0.1413
1494806400.0000 88650.0000 -0.3757 -1.0793 -0.0096 1.1539 19.1940 0.0339 0.0173 0.0073 0.0119 0.0009 0.0020 0.0292 0.1221 0.1142
1494806400.0000 88950.0000 -0.5785 -1.0248 -0.1042 1.1900 29.4433 0.0268 0.0256 0.0118 -0.0110 -0.0098 0.0082 0.0321 0.1239 0.1124
1494806400.0000 89250.0000 -0.3441 -0.9667 -0.1034 1.0426 19.5927 0.0330 0.0043 0.0037 -0.0059 -0.0009 -0.0016 0.0205 0.1133 0.1087
1494806400.0000 89550.0000 0.1759 -1.0569 0.0094 1.1042 350.5485 0.0575 0.0481 0.0381 0.0220 0.0057 0.0197 0.0719 0.2043 0.1751
1494806400.0000 89850.0000 0.3821 -1.1615 0.0031 1.2579 341.7894 0.1057 0.0602 0.0330 -0.0045 0.0214 0.0179 0.0994 0.2106 0.1923
1494806400.0000 90150.0000 0.1956 -1.2554 -0.0329 1.2768 351.1452 0.0148 0.0217 0.0070 0.0020 0.0027 0.0030 0.0217 0.0947 0.0868
1494806400.0000 90450.0000 0.1063 -1.3805 -0.0414 1.3975 355.5984 0.0372 0.0393 0.0113 -0.0095 -0.0067 0.0048 0.0439 0.1235 0.1153
1494806400.0000 90750.0000 -0.3801 -1.2013 -0.1193 1.2704 17.5574 0.0215 0.0172 0.0055 -0.0138 -0.0024 0.0037 0.0221 0.0959 0.0901
1494806400.0000 91050.0000 -0.5255 -1.2618 -0.1797 1.3698 22.6112 0.0077 0.0032 0.0049 -0.0012 -0.0034 -0.0002 0.0079 0.0527 0.0441
1494806400.0000 91350.0000 -0.2464 -1.3092 -0.1129 1.3506 10.6572 0.0424 0.0209 0.0057 -0.0225 -0.0046 0.0011 0.0345 0.1134 0.1090
1494806400.0000 91650.0000 -0.1038 -1.4140 -0.0796 1.4229 4.1996 0.0140 0.0073 0.0023 -0.0038 -0.0005 -0.0010 0.0118 0.0625 0.0595
1494806400.0000 91950.0000 -0.6106 -1.1486 -0.1470 1.3081 27.9948 0.0163 0.0056 0.0011 -0.0065 -0.0006 -0.0004 0.0115 0.0669 0.0658
1494806400.0000 92250.0000 -0.8568 -1.0647 -0.1508 1.3675 38.8260 0.0032 0.0017 0.0009 0.0003 -0.0005 -0.0000 0.0029 0.0320 0.0296
1494806400.0000 92550.0000 -1.0920 -1.0470 -0.1460 1.5164 46.2043 0.0093 0.0047 0.0027 -0.0039 0.0008 -0.0002 0.0084 0.0492 0.0452
1494806400.0000 92850.0000 -1.3674 -0.8367 -0.2563 1.6119 58.5365 0.0167 0.0199 0.0110 -0.0101 -0.0043 0.0006 0.0238 0.0776 0.0689
1494806400.0000 93150.0000 -1.3629 -0.7226 -0.1348 1.5478 62.0667 0.0216 0.0177 0.0212 0.0038 -0.0028 0.0037 0.0302 0.0917 0.0742
1494806400.0000 93450.0000 -1.7583 -0.9628 -0.1566 2.0088 61.2954 0.0369 0.0327 0.0087 0.0186 0.0041 0.0035 0.0392 0.0804 0.0760
1494806400.0000 93750.0000 -1.8186 -1.2295 -0.1842 2.2067 55.9392 0.0233 0.0407 0.0212 -0.0160 0.0053 -0.0018 0.0426 0.0765 0.0665
1494806400.0000 94050.0000 -2.2317 -1.1152 -0.1172 2.5021 63.4481 0.1326 0.0573 0.0195 0.0465 -0.0149 -0.0172 0.1047 0.1058 0.1008
1494806400.0000 94350.0000 -2.8703 -1.5418 -0.1825 3.2625 61.7582 0.0305 0.0365 0.0273 0.0089 -0.0005 -0.0023 0.0472 0.0543 0.0459
1494806400.0000 94650.0000 -2.8134 -1.5524 -0.2933 3.2195 61.1117 0.0278 0.0531 0.0310 0.0085 0.0022 0.0041 0.0559 0.0598 0.0511
1494806400.0000 94950.0000 -2.3485 -1.4298 -0.4168 2.7553 58.6668 0.0221 0.0292 0.0297 -0.0055 0.0065 -0.0014 0.0405 0.0591 0.0476
1494806400.0000 95250.0000 -2.0561 -1.5036 -0.1972 2.5602 53.8233 0.0165 0.0759 0.0244 -0.0096 0.0015 -0.0099 0.0585 0.0773 0.0689
1494806400.0000 95550.0000 -2.2561 -1.5195 -0.2793 2.7365 56.0397 0.0790 0.0476 0.0175 -0.0348 0.0140 -0.0014 0.0721 0.0802 0.0755
1494806400.0000 95850.0000 -2.1992 -1.6480 -0.2796 2.7669 53.1535 0.1046 0.0793 0.0301 -0.0176 0.0005 -0.0141 0.1070 0.0967 0.0901
1494806400.0000 96150.0000 -2.2905 -1.9947 -0.2273 3.0427 48.9484 0.0179 0.0480 0.0156 0.0023 -0.0007 0.0094 0.0407 0.0541 0.0488
1494806400.0000 96450.0000 -2.5285 -1.8824 -0.1877 3.1582 53.3341 0.0268 0.0276 0.0185 -0.0102 -0.0015 0.0038 0.0365 0.0494 0.0427
1494806400.0000 96750.0000 -2.4331 -1.9287 -0.2018 3.1099 51.5952 0.0426 0.0304 0.0218 0.0036 -0.0002 -0.0004 0.0474 0.0572 0.0503
1494806400.0000 97050.0000 -2.3150 -1.9771 -0.2503 3.0596 49.5016 0.0638 0.1107 0.0502 0.0009 -0.0149 -0.0036 0.1124 0.0896 0.0792
1494806400.0000 97350.0000 -2.6332 -1.8338 -0.2357 3.2240 55.1454 0.0733 0.0752 0.0302 -0.0234 0.0059 0.0100 0.0894 0.0759 0.0693
1494806400.0000 97650.0000 -2.7747 -1.9201 -0.2152 3.3892 55.3158 0.0605 0.1249 0.0454 0.0001 -0.0100 -0.0040 0.1154 0.0820 0.0737
1494806400.0000 97950.0000 -3.1744 -2.3523 -0.0727 3.9666 53.4608 0.1080 0.1521 0.0758 0.0120 -0.0125 -0.0021 0.1680 0.0847 0.0745
1494806400.0000 98250.0000 -3.2324 -2.7427 -0.0857 4.2630 49.6849 0.0929 0.2502 0.1205 -0.0220 -0.0333 0.0707 0.2318 0.0927 0.0798
1494806400.0000 98550.0000 -3.2729 -3.3294 0.0447 4.6800 44.5099 0.0894 0.1360 0.0659 0.0063 -0.0160 0.0074 0.1457 0.0667 0.0587
1494806400.0000 98850.0000 -3.5735 -3.3494 0.0173 4.9067 46.8547 0.0744 0.1120 0.0600 0.0082 -0.0157 -0.0026 0.1232 0.0585 0.0509
1494806400.0000 99150.0000 -3.6544 -3.0057 0.0788 4.7404 50.5629 0.0887 0.1042 0.0610 0.0167 -0.0063 0.0177 0.1269 0.0615 0.0536
1494806400.0000 99450.0000 -3.7475 -2.8032 -0.0419 4.6895 53.2032 0.1020 0.0628 0.0823 -0.0138 -0.0247 0.0067 0.1235 0.0613 0.0501
1494806400.0000 99750.0000 -3.5572 -2.6929 -0.0124 4.4682 52.8734 0.0604 0.0383 0.0380 -0.0145 0.0069 -0.0061 0.0684 0.0478 0.0407
1494806400.0000 100050.0000 -3.6451 -2.7479 -0.0690 4.5736 52.9888 0.1120 0.0592 0.0616 -0.0027 -0.0222 -0.0074 0.1164 0.0610 0.0523
1494806400.0000 100350.0000 -3.7472 -3.0371 -0.0233 4.8367 50.9755 0.1160 0.0871 0.0393 -0.0342 0.0025 -0.0056 0.1212 0.0589 0.0539
1494806400.0000 100650.0000 -4.1766 -3.1396 -0.0000 5.2341 53.0669 0.0928 0.0566 0.0438 -0.0256 -0.0095 -0.0055 0.0966 0.0486 0.0427
1494806400.0000 100950.0000 -4.2605 -3.0803 -0.0177 5.2639 54.1330 0.0547 0.0508 0.0297 -0.0165 0.0048 0.0039 0.0676 0.0404 0.0357
1494806400.0000 101250.0000 -4.4989 -3.2526 0.0197 5.5661 54.1342 0.1557 0.1575 0.1038 -0.0016 -0.0218 -0.0756 0.2085 0.0672 0.0582
1494806400.0000 101550.0000 -4.4945 -3.2124 0.0408 5.5347 54.4449 0.1250 0.0875 0.0750 -0.0140 -0.0048 -0.0320 0.1438 0.0560 0.0482
1494806400.0000 101850.0000 -4.9831 -3.2584 0.0604 5.9615 56.8196 0.0760 0.0760 0.0664 -0.0158 -0.0081 -0.0087 0.1092 0.0453 0.0378
1494806400.0000 102150.0000 -4.6768 -3.3640 0.0336 5.7657 54.2729 0.0721 0.0493 0.0684 0.0041 -0.0135 0.0014 0.0949 0.0437 0.0349
1494806400.0000 102450.0000 -4.7962 -3.1892 0.0212 5.7689 56.3783 0.0611 0.1044 0.0552 -0.0158 0.0003 -0.0121 0.1103 0.0471 0.0408
1494806400.0000 102750.0000 -4.7008 -3.1523 0.0137 5.6683 56.1546 0.0398 0.0931 0.0257 -0.0197 -0.0026 -0.0077 0.0793 0.0406 0.0372
1494806400.0000 103050.0000 -4.6349 -3.5483 0.0860 5.8404 52.5636 0.0239 0.0325 0.0248 -0.0089 0.0023 0.0066 0.0406 0.0282 0.0235
1494806400.0000 103350.0000 -4.6597 -3.2761 0.0505 5.7010 54.8904 0.0585 0.0643 0.0443 0.0081 -0.0071 0.0036 0.0835 0.0414 0.0355
1494806400.0000 103650.0000 -4.4705 -3.2206 -0.0149 5.5219 54.2309 0.0955 0.0881 0.0493 -0.0451 -0.0096 0.0120 0.1165 0.0506 0.0449
1494806400.0000 103950.0000 -4.4710 -3.7474 -0.0091 5.8402 50.0319 0.0636 0.0470 0.0254 -0.0206 -0.0056 0.0086 0.0680 0.0365 0.0329
1494806400.0000 104250.0000 -4.3865 -3.8519 -0.0349 5.8431 48.7133 0.0657 0.0540 0.0595 -0.0035 -0.0067 0.0134 0.0896 0.0419 0.0342
1494806400.0000 104550.0000 -4.3658 -3.7337 -0.0091 5.7551 49.4626 0.0481 0.1256 0.0688 -0.0261 -0.0060 0.0175 0.1212 0.0495 0.0419
1494806400.0000 104850.0000 -4.2581 -3.4327 0.0355 5.4765 51.1258 0.0539 0.0817 0.0459 -0.0063 -0.0033 -0.0010 0.0908 0.0450 0.0389
1494806400.0000 105150.0000 -4.4566 -3.6418 0.0823 5.7624 50.7454 0.1015 0.0580 0.0511 -0.0061 -0.0063 -0.0032 0.1052 0.0460 0.0401
1494806400.0000 105450.0000 -4.7484 -3.5879 0.0092 5.9581 52.9250 0.1197 0.1052 0.0934 0.0347 -0.0220 -0.0029 0.1592 0.0547 0.0460
1494806400.0000 105750.0000 -4.7039 -3.7478 -0.0368 6.0223 51.4538 0.0840 0.1215 0.1000 0.0133 -0.0073 0.0175 0.1527 0.0531 0.0435
1494806400.0000 106050.0000 -4.5865 -3.9759 -0.0277 6.0842 49.0794 0.2026 0.2512 0.1038 0.0590 0.0004 0.0194 0.2788 0.0710 0.0641
1494806400.0000 106350.0000 -4.9550 -3.9656 0.1002 6.3609 51.3287 0.1262 0.1762 0.1880 -0.0262 -0.0317 0.0165 0.2452 0.0637 0.0500
1494806400.0000 106650.0000 -4.9373 -4.1679 0.1351 6.4775 49.8304 0.1709 0.2260 0.1591 -0.0099 0.0011 -0.0371 0.2780 0.0666 0.0563
1494806400.0000 106950.0000 -4.5841 -3.9726 0.1324 6.0777 49.0873 0.0884 0.1582 0.1139 -0.0149 -0.0140 -0.0195 0.1802 0.0571 0.0473
1494806400.0000 107250.0000 -4.9759 -4.0593 0.0727 6.4305 50.7933 0.1575 0.1344 0.1057 0.0324 -0.0221 -0.0131 0.1988 0.0567 0.0486
1494806400.0000 107550.0000 -5.2038 -4.3609 0.1816 6.7987 50.0364 0.0943 0.1283 0.1056 -0.0121 -0.0156 0.0061 0.1640 0.0487 0.0401
1494806400.0000 107850.0000 -5.2873 -4.1303 0.1741 6.7167 52.0040 0.0884 0.1577 0.0587 0.0359 -0.0032 -0.0069 0.1524 0.0475 0.0427
1494806400.0000 108150.0000 -5.3483 -3.6788 0.0753 6.5035 55.4781 0.1237 0.1903 0.1322 0.0171 0.0096 -0.0162 0.2231 0.0594 0.0498
1494806400.0000 108450.0000 -5.7622 -3.5384 0.1448 6.7739 58.4475 0.2047 0.0925 0.0677 -0.0400 0.0372 0.0023 0.1824 0.0516 0.0465
1494806400.0000 108750.0000 -5.4768 -3.0778 0.1474 6.3039 60.6648 0.2502 0.1853 0.1643 -0.0785 0.0382 -0.0106 0.2999 0.0712 0.0606
1494806400.0000 109050.0000 -5.9237 -3.1196 0.0115 6.6995 62.2274 0.0695 0.0584 0.0452 0.0006 0.0128 -0.0101 0.0865 0.0359 0.0308
1494806400.0000 109350.0000 -5.1948 -3.1717 -0.0832 6.0979 58.5936 0.1072 0.1213 0.0989 -0.0253 0.0104 -0.0312 0.1637 0.0543 0.0453
1494806400.0000 109650.0000 -5.1113 -3.0971 -0.1608 5.9936 58.7870 0.1788 0.2127 0.1849 0.0007 0.0031 0.0135 0.2882 0.0733 0.0604
1494806400.0000 109950.0000 -4.4444 -3.0258 -0.0857 5.4223 55.7523 0.4206 0.3378 0.3434 -0.1405 0.1455 -0.0610 0.5509 0.1127 0.0935
1494806400.0000 110250.0000 -4.7551 -3.2160 -0.2322 5.7722 55.9284 0.3773 0.3520 0.3352 -0.0208 0.0467 0.0072 0.5323 0.1037 0.0859
1494806400.0000 110550.0000 -4.5668 -2.9194 -0.2742 5.4719 57.4107 0.6515 0.3401 0.2325 -0.1356 0.1003 -0.0115 0.6121 0.1177 0.1061
1494806400.0000 110850.0000 -4.9252 -2.7811 -0.0783 5.6774 60.5484 0.3416 0.1537 0.1632 -0.0472 0.0612 -0.0374 0.3293 0.0828 0.0718
1494806400.0000 111150.0000 -4.9151 -2.5940 0.0552 5.5776 62.1766 0.3741 0.1701 0.1544 -0.0010 -0.0015 -0.0357 0.3493 0.0868 0.0766
1494806400.0000 111450.0000 -4.8133 -2.7745 -0.0003 5.6134 60.0405 0.7712 0.4344 0.4600 -0.1323 -0.0806 -0.0169 0.8328 0.1341 0.1141
1494806400.0000 111750.0000 -4.0635 -2.5324 -0.2172 4.8570 58.0690 0.5846 0.5127 0.6871 -0.1713 -0.0535 -0.0632 0.8922 0.1609 0.1263
1494806400.0000 112050.0000 -4.4247 -2.6314 -0.1370 5.1693 59.2596 0.2342 0.2108 0.2461 -0.0004 0.1061 0.0227 0.3456 0.0932 0.0748
1494806400.0000 112350.0000 -4.2981 -2.5702 -0.3321 5.0288 59.1209 0.2377 0.1464 0.1401 -0.0425 0.0358 -0.0091 0.2621 0.0833 0.0714
1494806400.0000 112650.0000 -3.8901 -2.6592 -0.2035 4.7502 55.6449 0.2253 0.2846 0.3656 -0.0907 -0.0076 0.0731 0.4377 0.1145 0.0875
1494806400.0000 112950.0000 -3.8785 -2.1262 -0.0839 4.4537 61.2680 0.1084 0.2369 0.2228 -0.0730 0.0490 -0.0609 0.2840 0.0984 0.0767
1494806400.0000 113250.0000 -4.0014 -2.4834 -0.2068 4.7328 58.1749 0.1863 0.2290 0.1562 -0.0066 -0.0271 -0.0292 0.2858 0.0926 0.0790
1494806400.0000 113550.0000 -4.2864 -2.6294 -0.2383 5.0674 58.4742 0.2696 0.3352 0.2354 -0.0738 0.0261 0.0375 0.4201 0.1051 0.0893
1494806400.0000 113850.0000 -4.0107 -2.6232 -0.3540 4.8322 56.8129 0.2024 0.4036 0.2680 -0.0351 0.0370 0.0013 0.4370 0.1123 0.0938
1494806400.0000 114150.0000 -3.8708 -2.0731 -0.0234 4.4316 61.8276 0.3330 0.4241 0.3323 0.0604 0.0881 0.1558 0.5447 0.1372 0.1144
1494806400.0000 114450.0000 -3.2632 -2.1539 -0.2515 3.9637 56.5730 0.3535 0.3990 0.2368 -0.0405 -0.0420 0.0863 0.4947 0.1466 0.1281
1494806400.0000 114750.0000 -3.1025 -2.2107 -0.3073 3.8442 54.5283 0.1617 0.2257 0.1587 -0.0550 -0.0126 0.0162 0.2731 0.1116 0.0943
1494806400.0000 115050.0000 -3.0825 -2.6050 -0.1806 4.0713 49.7993 0.3057 0.3434 0.2563 0.0425 0.0391 0.0344 0.4527 0.1360 0.1153
1494806400.0000 115350.0000 -4.3271 -2.8050 -0.1466 5.1950 57.0470 0.3070 0.3478 0.2813 -0.0635 0.0984 0.0491 0.4680 0.1083 0.0906
1494806400.0000 115650.0000 -4.1340 -2.8348 -0.2147 5.0329 55.5612 0.1618 0.1765 0.2494 -0.0353 0.0333 -0.0301 0.2939 0.0882 0.0670
1494806400.0000 115950.0000 -4.4832 -2.9978 -0.1811 5.4250 56.2309 0.2022 0.3865 0.2949 -0.0070 0.0055 0.0116 0.4418 0.1006 0.0821
1494806400.0000 116250.0000 -4.8319 -3.4753 -0.0262 5.9843 54.2747 0.3689 0.3167 0.2734 -0.0461 0.0524 -0.0291 0.4794 0.0950 0.0803
1494806400.0000 116550.0000 -4.5604 -3.4255 -0.0445 5.7406 53.0885 0.2676 0.3558 0.1794 -0.1046 0.0448 -0.0264 0.4014 0.0907 0.0799
1494806400.0000 116850.0000 -4.5589 -3.6102 -0.0201 5.8395 51.6241 0.2843 0.2391 0.3118 -0.0284 0.0412 -0.0133 0.4176 0.0907 0.0718
1494806400.0000 117150.0000 -4.3889 -3.6504 -0.1174 5.7337 50.2486 0.2213 0.2564 0.1828 -0.0470 -0.0054 -0.0603 0.3303 0.0822 0.0699
1494806400.0000 117450.0000 -4.3554 -3.4752 -0.0448 5.6053 51.4129 0.2115 0.3753 0.2424 -0.0704 0.0277 -0.0140 0.4146 0.0944 0.0794
1494806400.0000 117750.0000 -3.7517 -3.8206 -0.1077 5.3796 44.4785 0.1707 0.2613 0.2377 -0.0502 -0.0051 -0.0337 0.3348 0.0882 0.0709
1494806400.0000 118050.0000 -4.1562 -3.6894 0.0006 5.5850 48.4056 0.1949 0.3235 0.2498 -0.0358 0.0138 0.0411 0.3841 0.0911 0.0748
1494806400.0000 118350.0000 -4.3458 -3.7085 -0.1474 5.7307 49.5238 0.1732 0.1662 0.1429 -0.0395 -0.0470 0.0117 0.2411 0.0702 0.0589
1494806400.0000 118650.0000 -4.6199 -3.0438 -0.0500 5.5719 56.6211 0.2653 0.3149 0.2871 -0.1491 -0.0407 0.0247 0.4336 0.0972 0.0795
1494806400.0000 118950.0000 -4.5074 -2.8041 -0.0509 5.3453 58.1143 0.2094 0.3626 0.3476 -0.0713 -0.0241 0.0474 0.4598 0.1043 0.0823
1494806400.0000 119250.0000 -4.2331 -3.2752 -0.1025 5.3743 52.2708 0.1409 0.2194 0.1829 -0.0512 0.0204 -0.0266 0.2716 0.0795 0.0647
1494806400.0000 119550.0000 -4.4237 -2.9975 0.0904 5.3937 55.8783 0.3496 0.4686 0.3470 -0.1146 0.0547 -0.0289 0.5826 0.1166 0.0977
1494806400.0000 119850.0000 -4.5725 -3.1605 0.0356 5.6129 55.3481 0.3865 0.5210 0.3900 -0.1015 0.0587 -0.0516 0.6488 0.1183 0.0989
1494806400.0000 120150.0000 -4.5930 -3.2950 0.0106 5.7034 54.3440 0.5932 0.4602 0.3306 -0.0663 0.0689 -0.1248 0.6920 0.1202 0.1048
1494806400.0000 120450.0000 -3.9483 -3.7083 0.0107 5.4522 46.7951 0.3276 0.4298 0.2657 0.0121 0.0109 -0.1037 0.5115 0.1078 0.0928
1494806400.0000 120750.0000 -3.7335 -3.6347 0.2004 5.2625 45.7680 0.4176 0.3945 0.4814 -0.1367 0.0229 -0.0384 0.6467 0.1259 0.0998
1494806400.0000 121050.0000 -4.0541 -3.5404 -0.2882 5.4170 48.8692 0.2566 0.3285 0.2910 -0.0775 0.0095 -0.0382 0.4381 0.1003 0.0821
1494806400.0000 121350.0000 -3.9813 -3.9288 -0.1791 5.6224 45.3799 0.2517 0.2375 0.2600 -0.0852 -0.0366 0.0269 0.3746 0.0893 0.0722
1494806400.0000 121650.0000 -3.6789 -3.9603 0.0039 5.4406 42.8910 0.2531 0.4129 0.3165 -0.0548 -0.0790 0.0370 0.4913 0.1059 0.0872
1494806400.0000 121950.0000 -3.7722 -3.8159 0.0466 5.4277 44.6698 0.4969 0.3888 0.2439 -0.2362 -0.0055 -0.0482 0.5648 0.1144 0.1013
1494806400.0000 122250.0000 -4.1946 -3.0690 0.2434 5.2484 53.8088 0.3663 0.5522 0.2935 -0.0519 -0.0554 -0.1066 0.6060 0.1222 0.1065
1494806400.0000 122550.0000 -4.0050 -3.2328 -0.0061 5.2194 51.0901 0.4598 0.5663 0.2324 -0.2210 -0.0122 -0.0578 0.6293 0.1258 0.1136
1494806400.0000 122850.0000 -3.5513 -2.9158 0.1035 4.6552 50.6119 0.3634 0.6121 0.4017 -0.0430 0.0073 -0.0483 0.6886 0.1474 0.1241
1494806400.0000 123150.0000 -3.7029 -3.4767 -0.0170 5.1098 46.8051 0.2244 0.2918 0.1577 -0.0433 -0.0409 -0.0419 0.3370 0.0933 0.0817
1494806400.0000 123450.0000 -3.6889 -3.3025 0.0506 4.9805 48.1632 0.1122 0.3731 0.1409 -0.0294 -0.0135 -0.0778 0.3131 0.0923 0.0812
1494806400.0000 123750.0000 -3.3606 -2.8338 0.2058 4.4481 49.8606 0.3169 0.5191 0.3537 -0.0230 -0.0127 0.0328 0.5949 0.1431 0.1201
1494806400.0000 124050.0000 -2.9642 -3.0398 0.3216 4.3612 44.2784 0.8234 0.5431 0.4593 -0.2787 0.1177 -0.0073 0.9129 0.1832 0.1590
1494806400.0000 124350.0000 -3.9578 -2.0421 0.4012 4.5969 62.7079 0.6373 1.0427 0.3118 -0.3941 0.0585 -0.1450 0.9959 0.1822 0.1680
1494806400.0000 124650.0000 -3.7238 -2.4811 0.0185 4.5331 56.3252 0.4324 0.5799 0.3744 0.0447 -0.1531 -0.0160 0.6934 0.1519 0.1298
1494806400.0000 124950.0000 -2.4310 -2.7988 0.1703 3.7649 40.9777 0.4217 0.4683 0.3514 0.0354 -0.0652 -0.0018 0.6207 0.1733 0.1469
1494806400.0000 125250.0000 -4.0594 -2.8193 0.3782 5.0412 55.2197 0.5780 0.8913 0.2952 -0.1850 0.0911 -0.0780 0.8822 0.1547 0.1416
1494806400.0000 125550.0000 -3.3104 -3.1060 0.4434 4.6128 46.8250 0.4650 0.5891 0.2645 -0.1202 0.0369 -0.0482 0.6593 0.1454 0.1306
1494806400.0000 125850.0000 -3.5943 -3.5425 0.4212 5.0877 45.4158 0.4349 0.4863 0.2712 0.0571 -0.0374 -0.0855 0.5962 0.1245 0.1098
1494806400.0000 126150.0000 -3.0188 -2.0818 0.3317 3.7629 55.4103 0.7797 0.6221 0.2630 0.0160 0.0796 -0.0005 0.8324 0.2023 0.1864
1494806400.0000 126450.0000 -3.3141 -2.1943 0.3999 4.0571 56.4909 0.6826 0.6740 0.2762 0.0581 0.0799 -0.0988 0.8164 0.1847 0.1692
1494806400.0000 126750.0000 -3.3663 -1.6367 0.2689 3.8758 64.0710 1.1086 0.8969 0.3113 -0.0757 0.0600 -0.1391 1.1584 0.2342 0.2184
1494806400.0000 127050.0000 -3.1714 -1.0621 0.2678 3.6286 71.4845 0.6043 1.9915 0.4163 -0.3752 0.0732 -0.1179 1.5061 0.2986 0.2781
1494806400.0000 127350.0000 -3.0204 -3.0188 0.5007 4.3065 45.0147 0.3474 0.5416 0.1958 0.1666 0.0020 0.0524 0.5424 0.1399 0.1275
1494806400.0000 127650.0000 -2.3995 0.1636 0.2322 2.5449 93.9008 0.5974 0.6557 0.3876 -0.1374 0.1072 -0.1793 0.8204 0.3061 0.2687
1494806400.0000 127950.0000 -2.9927 -0.5112 0.3528 3.2876 80.3068 1.5909 1.1649 0.4316 -0.0640 0.3291 -0.0850 1.5937 0.3372 0.3157
1494806400.0000 128250.0000 -3.8619 -0.4550 0.0903 3.9811 83.2801 0.8184 0.7421 0.4067 0.0985 0.0623 -0.1811 0.9836 0.2082 0.1855
1494806400.0000 128550.0000 -2.9440 -0.6838 0.0124 3.1495 76.9242 0.8892 0.6533 0.2537 -0.2672 0.0639 -0.0356 0.8981 0.2560 0.2373
1494806400.0000 128850.0000 -3.6257 -0.1986 -0.2226 3.6795 86.8651 0.6795 0.3361 0.2592 -0.1729 -0.0006 -0.0702 0.6374 0.1792 0.1602
1494806400.0000 129150.0000 -2.7371 0.4319 0.1201 2.8875 98.9673 0.3995 0.7109 0.2706 -0.0167 0.1513 -0.1655 0.6905 0.2446 0.2196
1494806400.0000 129450.0000 -3.4258 -0.5682 0.1727 3.5585 80.5821 0.7734 0.5317 0.2834 -0.1315 0.0090 -0.1357 0.7943 0.2093 0.1899
1494806400.0000 129750.0000 -3.2868 -0.2900 0.1259 3.3820 84.9573 0.4170 0.5002 0.3509 -0.1428 0.1257 -0.1757 0.6340 0.1969 0.1676
1494806400.0000 130050.0000 -2.7653 -0.4667 0.1994 2.8704 80.4195 0.5677 0.3088 0.3742 -0.0152 -0.1791 0.0209 0.6253 0.2297 0.1927
1494806400.0000 130350.0000 -2.9590 -0.4352 -0.0581 3.0582 81.6334 0.3875 0.3676 0.2621 -0.0309 -0.0205 0.0539 0.5086 0.1947 0.1678
1494806400.0000 130650.0000 -2.8509 -0.6194 0.0424 2.9940 77.7422 0.3982 0.4909 0.2213 0.1295 -0.0951 -0.1464 0.5552 0.2085 0.1866
1494806400.0000 130950.0000 -3.1008 -1.7602 0.2835 3.6293 60.4185 0.3143 0.4504 0.1898 -0.0306 0.0109 -0.0565 0.4773 0.1577 0.1416
1494806400.0000 131250.0000 -2.3975 -1.1496 0.4353 2.9026 64.3826 1.4548 0.7721 0.2714 -0.4065 0.1137 -0.1413 1.2492 0.3387 0.3240
1494806400.0000 131550.0000 -1.0887 -1.2902 0.1463 1.8179 40.1579 0.3113 0.3968 0.1876 -0.1030 -0.0051 0.1532 0.4479 0.3225 0.2878
1494806400.0000 131850.0000 -2.5150 0.3097 -0.2375 2.5957 97.0208 0.3625 0.3271 0.2386 -0.0232 0.0289 -0.0599 0.4641 0.2186 0.1892
1494806400.0000 132150.0000 -1.9795 -0.3352 -0.1186 2.0958 80.3886 0.6882 0.3218 0.1595 -0.2407 -0.0931 0.0667 0.5847 0.3104 0.2890
1494806400.0000 132450.0000 -1.3920 -0.9037 0.0342 1.7289 57.0077 0.1976 0.3038 0.1594 0.1033 -0.0358 -0.0711 0.3304 0.2827 0.2463
1494806400.0000 132750.0000 -1.7846 -0.8926 0.0186 2.0569 63.4288 0.1898 0.1704 0.0912 -0.0781 -0.0388 -0.0005 0.2257 0.1944 0.1736
1494806400.0000 133050.0000 -1.8248 -0.6926 -0.0522 1.9834 69.2170 0.4655 0.1428 0.0978 0.1215 0.0382 -0.0367 0.3531 0.2485 0.2307
1494806400.0000 133350.0000 -1.5097 -0.3446 -0.0663 1.6583 77.1415 0.7815 0.2485 0.2891 -0.1402 0.1275 -0.0151 0.6596 0.4278 0.3784
1494806400.0000 133650.0000 -2.0472 -0.4258 0.0938 2.1448 78.2514 0.6121 0.2359 0.2198 0.1909 -0.0741 -0.0649 0.5339 0.2850 0.2543
1494806400.0000 133950.0000 -1.9761 -1.1880 0.2556 2.3874 58.9863 0.7834 0.5025 0.2584 0.2546 0.0165 -0.1755 0.7721 0.3093 0.2839
1494806400.0000 134250.0000 -1.4939 -1.5287 0.1378 2.1986 44.3406 0.7318 0.6669 0.2707 0.4149 -0.2049 -0.1386 0.8347 0.3483 0.3195
1494806400.0000 134550.0000 -1.4304 -1.5022 0.0890 2.1433 43.5969 0.3508 0.2962 0.3241 0.0793 -0.1145 0.0918 0.4855 0.2740 0.2239
1494806400.0000 134850.0000 -1.0114 -1.5588 0.3425 1.9840 32.9765 0.2851 0.9246 0.1677 0.1457 -0.0208 0.0162 0.6887 0.3586 0.3417
1494806400.0000 135150.0000 -0.9799 -1.9056 0.3035 2.2428 27.2135 0.3023 0.6143 0.2920 0.0062 0.0599 0.0486 0.6043 0.2933 0.2580
1494806400.0000 135450.0000 -1.0656 -0.9161 -0.3082 1.5654 49.3152 0.1598 0.6718 0.3178 0.0417 0.0500 -0.2225 0.5747 0.4302 0.3747
1494806400.0000 135750.0000 -0.9770 -0.7535 -0.0075 1.4305 52.3572 0.3205 0.9994 0.4136 0.2254 -0.1205 -0.4530 0.8668 0.6161 0.5376
1494806400.0000 136050.0000 -0.4571 -1.3266 0.1201 1.6091 19.0137 0.5411 0.7298 0.3229 -0.1162 -0.0419 -0.1172 0.7969 0.5176 0.4639
1494806400.0000 136350.0000 -1.0215 -1.4503 0.5584 1.8943 35.1586 0.3591 0.6012 0.1846 0.0640 0.0268 -0.0043 0.5725 0.3322 0.3189
1494806400.0000 136650.0000 -0.8700 -1.4557 0.3440 1.7789 30.8644 0.2945 0.2902 0.3329 -0.0101 -0.0223 -0.0004 0.4588 0.3196 0.2603
1494806400.0000 136950.0000 -1.0899 -1.3894 0.2661 1.8939 38.1120 0.5229 0.2355 0.3087 -0.0743 -0.1434 0.0939 0.5336 0.3340 0.2847
1494806400.0000 137250.0000 -1.3075 -1.4052 0.0352 2.0188 42.9367 0.3264 0.4223 0.3428 0.0135 -0.0631 -0.0535 0.5458 0.3142 0.2603
1494806400.0000 137550.0000 -1.7300 -2.4979 0.1023 3.0734 34.7061 0.2147 0.6327 0.1316 0.1526 -0.0512 -0.0873 0.4895 0.1879 0.1749
1494806400.0000 137850.0000 -2.5622 -0.5828 0.3459 2.7686 77.1858 0.7164 0.7005 0.3186 -0.1752 -0.0841 0.0628 0.8677 0.2870 0.2615
1494806400.0000 138150.0000 -1.6826 -1.0474 0.1830 2.0781 58.0991 0.7772 0.2328 0.2922 -0.0221 0.0490 -0.0145 0.6511 0.3310 0.2927
1494806400.0000 138450.0000 -2.4321 -0.4502 0.0657 2.6504 79.5127 0.8917 0.6574 0.2726 -0.4517 0.1011 -0.0628 0.9109 0.3149 0.2905
1494806400.0000 138750.0000 -1.6817 0.4629 0.1620 1.9717 105.3904 0.2460 0.8672 0.2113 0.0658 0.0051 -0.1108 0.6622 0.3793 0.3492
1494806400.0000 139050.0000 -2.4739 -0.7196 0.2024 2.7543 73.7812 0.8742 0.6812 0.2333 -0.2685 0.0062 -0.0524 0.8943 0.2988 0.2795
1494806400.0000 139350.0000 -1.0516 -1.9968 0.4627 2.3125 27.7742 0.2494 0.2088 0.1296 -0.0062 -0.0283 0.0479 0.2939 0.1921 0.1732
1494806400.0000 139650.0000 -0.9775 -1.5807 -0.0977 1.8987 31.7318 0.1702 0.1259 0.1255 0.0170 -0.0398 0.0019 0.2108 0.2014 0.1690
1494806400.0000 139950.0000 -0.2104 -0.8152 0.1378 1.2190 14.4722 0.3730 0.8391 0.2579 0.3377 -0.0659 0.0353 0.7349 0.8205 0.7549
1494806400.0000 140250.0000 -1.6287 -1.1600 0.3347 2.0286 54.5392 0.2110 0.1797 0.0964 0.0889 -0.0044 -0.0166 0.2436 0.1988 0.1805
1494806400.0000 140550.0000 -1.3368 0.1819 0.0256 1.4661 97.7470 0.1145 0.3891 0.1259 -0.0846 0.0035 -0.1122 0.3147 0.3395 0.3037
1494806400.0000 140850.0000 -1.1893 0.9445 -0.3642 1.5378 128.4545 0.3848 0.1422 0.0658 -0.1952 0.0095 0.0132 0.2964 0.2846 0.2760
1494806400.0000 141150.0000 -1.8749 0.1322 -0.1325 1.9177 94.0335 0.4348 0.1268 0.1340 0.0482 -0.0616 -0.0523 0.3478 0.2556 0.2302
1494806400.0000 141450.0000 -1.5766 -0.5996 -0.0132 1.7445 69.1791 0.2013 0.1717 0.1127 0.0004 0.0131 0.0326 0.2429 0.2385 0.2091
1494806400.0000 141750.0000 -1.6311 -0.8982 0.0857 1.9583 61.1613 0.1976 0.3772 0.1797 -0.0440 -0.0638 -0.0257 0.3773 0.2690 0.2351
1494806400.0000 142050.0000 -1.1279 -0.5509 -0.1256 1.3575 63.9674 0.6101 0.2293 0.1521 0.1135 -0.1761 -0.0470 0.4957 0.4557 0.4214
1494806400.0000 142350.0000 -1.3356 -0.2202 0.1906 1.4257 80.6393 0.5720 0.2854 0.1394 0.2759 -0.1493 -0.1114 0.4984 0.4217 0.3949
1494806400.0000 142650.0000 -1.9540 -0.8838 -0.1885 2.1693 65.6638 0.1197 0.1453 0.1426 0.0444 -0.0666 -0.0387 0.2038 0.1712 0.1386
1494806400.0000 142950.0000 -0.6142 -0.7105 -0.1863 1.1740 40.8424 0.6433 0.0380 0.1753 -0.0270 -0.0289 -0.0083 0.4283 0.5580 0.5074
1494806400.0000 143250.0000 -0.9264 -0.5341 -0.1324 1.3000 60.0338 0.5408 0.3264 0.1564 -0.0681 0.1018 0.0848 0.5118 0.5421 0.5028
1494806400.0000 143550.0000 -0.4643 -2.1483 -0.0361 2.2680 12.1952 0.2536 0.4566 0.2946 -0.0266 -0.0385 0.0530 0.5024 0.2633 0.2214
1494806400.0000 143850.0000 -0.3745 -2.1670 0.2109 2.2877 9.8060 0.3158 0.5091 0.1557 -0.1047 -0.0437 -0.0194 0.4903 0.2588 0.2384
1494806400.0000 144150.0000 -2.2783 -0.3185 0.0276 2.4356 82.0411 0.4126 0.5042 0.1316 -0.1970 0.0748 -0.0431 0.5242 0.2570 0.2403
1494806400.0000 144450.0000 -2.2077 -0.5079 0.3209 2.3631 77.0429 0.1956 0.5090 0.1958 0.0276 0.0068 -0.1789 0.4502 0.2394 0.2139
1494806400.0000 144750.0000 -0.9235 -0.0083 -0.2340 1.0038 89.4855 0.2111 0.1288 0.0834 -0.0098 0.0273 -0.0142 0.2117 0.3943 0.3645
1494806400.0000 145050.0000 -0.7155 -0.4729 -0.1254 1.0256 56.5400 0.2802 0.4617 0.2162 0.2265 -0.0313 -0.0257 0.4790 0.6520 0.5798
1494806400.0000 145350.0000 -1.7022 -1.9357 -0.0178 2.6624 41.3262 0.2075 0.5483 0.1829 -0.0362 -0.0280 -0.0643 0.4694 0.2170 0.1947
1494806400.0000 145650.0000 -1.0912 -1.2857 0.0051 1.7901 40.3220 0.3884 0.3505 0.2098 -0.0010 -0.0189 0.0071 0.4744 0.3335 0.2943
1494806400.0000 145950.0000 -1.0804 -1.8263 0.0647 2.2437 30.6074 0.1326 1.0225 0.1994 -0.0433 0.0184 -0.1500 0.6772 0.3165 0.2924
1494806400.0000 146250.0000 -0.5897 -1.6913 -0.2626 1.8366 19.2208 0.1556 0.1719 0.1442 0.0047 0.0122 -0.0406 0.2359 0.2190 0.1845
1494806400.0000 146550.0000 -0.9607 -1.7478 -0.1024 2.0698 28.7952 0.2695 0.3801 0.1441 0.0038 -0.0760 0.0042 0.3969 0.2576 0.2333
1494806400.0000 146850.0000 -1.2663 -1.2353 0.0180 1.8101 45.7090 0.1137 0.1879 0.1098 0.0078 -0.0444 0.0298 0.2057 0.2093 0.1792
1494806400.0000 147150.0000 -0.8972 -2.0204 0.1284 2.2459 23.9446 0.1305 0.4334 0.0782 0.0478 -0.0205 -0.0241 0.3211 0.2089 0.1961
1494806400.0000 147450.0000 -1.1941 -1.7156 -0.0297 2.1734 34.8389 0.2556 0.5993 0.1064 0.0564 0.0438 0.0030 0.4806 0.2708 0.2554
1494806400.0000 147750.0000 -0.1086 -0.9068 -0.0664 0.9488 6.8317 0.0684 0.1387 0.1278 0.0092 -0.0206 0.0359 0.1675 0.3649 0.2877
1494806400.0000 148050.0000 0.0201 -1.0123 -0.0208 1.0727 358.8638 0.0983 0.3097 0.1411 0.0316 -0.0428 0.0330 0.2745 0.4225 0.3642
1494806400.0000 148350.0000 -0.0828 -0.8520 -0.0866 0.8838 5.5534 0.0440 0.0406 0.0310 -0.0241 -0.0126 0.0022 0.0578 0.2282 0.1962
1494806400.0000 148650.0000 0.1858 -1.2178 -0.0734 1.2683 351.3263 0.0909 0.0706 0.0456 -0.0224 -0.0027 -0.0180 0.1036 0.2129 0.1883
1494806400.0000 148950.0000 -0.4410 -0.7341 -0.4940 1.0399 30.9960 0.3392 0.1931 0.1225 -0.1071 0.0722 -0.0153 0.3274 0.4726 0.4919
1494806400.0000 149250.0000 -0.0414 -2.0558 0.2778 2.2547 1.1531 0.7172 0.7867 0.2049 0.0781 -0.0314 -0.0387 0.8544 0.3637 0.3443
1494806400.0000 149550.0000 -0.1066 -1.3689 -0.1192 1.3896 4.4513 0.0321 0.2608 0.0749 -0.0301 0.0105 -0.0946 0.1839 0.2541 0.2276
1494806400.0000 149850.0000 0.1723 -1.4331 -0.0322 1.4991 353.1446 0.1669 0.5507 0.0582 -0.1467 -0.0551 0.1142 0.3879 0.3522 0.3388
1494806400.0000 150150.0000 0.0085 -1.6893 -0.0441 1.7242 359.7103 0.1143 0.0757 0.0327 -0.0190 0.0033 0.0088 0.1113 0.1612 0.1490
1494806400.0000 150450.0000 0.0524 -2.2550 0.0495 2.2958 358.6689 0.1793 0.0800 0.0286 -0.0076 -0.0009 0.0091 0.1439 0.1373 0.1303
1494806400.0000 150750.0000 -0.4532 -2.0433 0.0375 2.1300 12.5072 0.1194 0.1329 0.0467 -0.0801 -0.0029 0.0124 0.1495 0.1508 0.1386
1494806400.0000 151050.0000 -0.0115 -2.3301 0.0180 2.3433 0.2828 0.0591 0.0686 0.0247 -0.0122 -0.0057 -0.0033 0.0762 0.0967 0.0885
