1494720000.0000 150.0000 0.1928 0.0206 0.0161 0.3701 263.8958 0.0359 0.0989 0.0208 0.0386 -0.0083 -0.0054 0.0778 1.1709 1.0935
1494720000.0000 450.0000 0.1775 -0.1967 -0.0030 0.3024 317.9366 0.0192 0.0190 0.0055 0.0003 0.0003 -0.0010 0.0219 0.4559 0.4261
1494720000.0000 750.0000 0.2280 -0.0027 -0.0379 0.2503 270.6776 0.0134 0.0121 0.0098 0.0080 -0.0038 -0.0031 0.0176 0.4693 0.4044
1494720000.0000 1050.0000 0.2331 -0.0425 -0.0756 0.2655 280.3277 0.0174 0.0207 0.0081 0.0015 -0.0024 -0.0061 0.0231 0.4991 0.4761
1494720000.0000 1350.0000 0.3593 0.1091 0.0193 0.4374 253.1162 0.0439 0.0517 0.0122 0.0118 -0.0132 -0.0017 0.0539 0.5040 0.4753
1494720000.0000 1650.0000 0.7820 0.6629 -0.1273 1.0393 229.7115 0.0460 0.0282 0.0152 0.0096 -0.0107 0.0007 0.0447 0.1670 0.1533
1494720000.0000 1950.0000 0.3712 0.7707 0.0122 0.8797 205.7169 0.0743 0.0946 0.0603 0.0448 -0.0302 -0.0404 0.1145 0.3230 0.2773
1494720000.0000 2250.0000 0.4236 0.5040 0.0095 0.6799 220.0442 0.0368 0.0255 0.0316 0.0055 -0.0141 -0.0050 0.0469 0.2687 0.2189
1494720000.0000 2550.0000 -0.2523 0.2663 0.0171 0.4450 136.5511 0.0365 0.0582 0.0260 0.0144 -0.0046 -0.0164 0.0603 0.5462 0.4843
1494720000.0000 2850.0000 -0.0743 0.2852 -0.0217 0.3346 165.3895 0.0292 0.0256 0.0254 -0.0038 0.0062 0.0004 0.0401 0.5533 0.4586
1494720000.0000 3150.0000 -0.4109 0.6390 -0.0147 0.8078 147.2575 0.0996 0.0693 0.0334 -0.0205 0.0001 -0.0008 0.1011 0.3417 0.3123
1494720000.0000 3450.0000 -0.3363 1.0060 -0.1306 1.1425 161.5179 0.1715 0.1166 0.0475 0.0195 -0.0220 -0.0273 0.1678 0.3129 0.2921
1494720000.0000 3750.0000 -0.0322 0.4908 -0.0010 0.5779 176.2476 0.0787 0.0937 0.0253 0.0075 -0.0016 -0.0240 0.0988 0.5219 0.4873
1494720000.0000 4050.0000 -0.0986 0.3040 -0.0024 0.3721 162.0313 0.0223 0.0313 0.0291 0.0156 -0.0114 -0.0104 0.0414 0.5199 0.4186
1494720000.0000 4350.0000 0.2501 0.4044 -0.0406 0.5078 211.7404 0.0456 0.0449 0.0294 0.0205 -0.0060 -0.0180 0.0600 0.4190 0.3654
1494720000.0000 4650.0000 -0.1625 0.6484 -0.0850 0.7577 165.9302 0.1072 0.0500 0.0309 0.0411 -0.0256 -0.0206 0.0940 0.3716 0.3425
1494720000.0000 4950.0000 -0.4139 0.3843 0.0928 0.7222 132.8760 0.1756 0.1265 0.0548 0.0477 -0.0520 -0.0357 0.1785 0.6026 0.5618
1494720000.0000 5250.0000 -0.2843 0.2099 0.1783 0.4316 126.4459 0.0725 0.0428 0.0263 0.0066 0.0003 -0.0094 0.0708 0.5488 0.5548
1494720000.0000 5550.0000 0.2151 0.1162 0.0317 0.3271 241.6082 0.0342 0.0272 0.0131 0.0029 0.0087 -0.0000 0.0372 0.6393 0.5851
1494720000.0000 5850.0000 -0.1261 0.0299 0.0058 0.2467 103.3609 0.0276 0.0306 0.0232 0.0059 -0.0040 -0.0106 0.0407 1.2698 1.0749
1494720000.0000 6150.0000 -0.0351 0.5602 -0.1555 0.6104 176.4114 0.0341 0.0970 0.0275 -0.0063 0.0100 -0.0069 0.0793 0.3948 0.3725
1494720000.0000 6450.0000 0.3278 0.2632 0.1530 0.5304 231.2346 0.1333 0.0370 0.0209 -0.0145 0.0159 -0.0179 0.0956 0.5644 0.5668
1494720000.0000 6750.0000 0.1672 0.5380 -0.0916 0.6363 197.2676 0.0986 0.0161 0.0162 0.0058 -0.0103 -0.0023 0.0654 0.3659 0.3470
1494720000.0000 7050.0000 0.2795 0.1336 -0.0655 0.4879 244.4507 0.1012 0.1250 0.0578 0.0515 -0.0520 -0.0385 0.1420 0.9715 0.8862
1494720000.0000 7350.0000 -0.1867 0.3388 0.0439 0.4681 151.1387 0.0536 0.0523 0.0194 0.0293 -0.0078 -0.0182 0.0626 0.5249 0.4857
1494720000.0000 7650.0000 0.1115 -0.0715 0.1605 0.4070 302.6729 0.0960 0.0893 0.0161 0.0596 0.0253 0.0181 0.1006 1.2447 1.8760
1494720000.0000 7950.0000 -0.0040 0.1131 -0.0413 0.2261 177.9613 0.0279 0.0195 0.0105 -0.0092 -0.0046 -0.0009 0.0289 1.1527 1.1105
1494720000.0000 8250.0000 -0.1517 -0.0884 -0.0173 0.1972 59.7722 0.0133 0.0061 0.0063 0.0019 -0.0006 -0.0010 0.0128 0.5244 0.4581
1494720000.0000 8550.0000 -0.0309 -0.0141 0.0774 0.1917 65.4089 0.0195 0.0230 0.0023 0.0154 -0.0016 -0.0010 0.0224 1.4468 3.5093
1494720000.0000 8850.0000 0.0128 -0.4143 0.0496 0.4993 358.2304 0.0482 0.0746 0.0216 0.0259 -0.0213 -0.0277 0.0722 0.5254 0.4880
1494720000.0000 9150.0000 0.2827 -0.4154 -0.0082 0.5365 325.7557 0.0076 0.0891 0.0265 -0.0081 0.0016 -0.0321 0.0616 0.4031 0.3572
1494720000.0000 9450.0000 0.2560 -0.1467 -0.0759 0.3694 299.8194 0.0314 0.0479 0.0187 0.0149 -0.0127 -0.0139 0.0490 0.5931 0.5509
1494720000.0000 9750.0000 0.1160 -0.3752 0.0107 0.4100 342.8172 0.0189 0.0261 0.0208 -0.0151 0.0088 -0.0027 0.0329 0.3769 0.3119
1494720000.0000 10050.0000 0.0731 -0.3756 0.0185 0.4184 348.9817 0.0220 0.1214 0.0184 -0.0159 -0.0005 -0.0271 0.0809 0.6061 0.5712
1494720000.0000 10350.0000 0.4315 -0.6774 0.0403 0.8530 327.5015 0.0434 0.1266 0.0356 0.0136 -0.0143 -0.0365 0.1028 0.3255 0.2964
1494720000.0000 10650.0000 0.4767 -0.3075 -0.0670 0.6255 302.8274 0.0508 0.0847 0.0398 -0.0136 -0.0137 -0.0048 0.0877 0.4233 0.3747
1494720000.0000 10950.0000 0.5703 -0.4887 -0.0528 0.8128 310.5906 0.0566 0.1093 0.0333 -0.0110 -0.0139 -0.0184 0.0996 0.3423 0.3131
1494720000.0000 11250.0000 0.3828 -0.4507 -0.0071 0.6329 319.6553 0.0243 0.0633 0.0101 -0.0001 -0.0004 0.0050 0.0489 0.3053 0.2890
1494720000.0000 11550.0000 0.3885 -0.4405 -0.0537 0.6346 318.5890 0.0236 0.0567 0.0163 0.0121 -0.0047 -0.0115 0.0483 0.3043 0.2786
1494720000.0000 11850.0000 0.1946 -0.1472 0.0527 0.2616 307.1125 0.0133 0.0128 0.0034 -0.0084 0.0024 -0.0026 0.0148 0.3977 0.3826
1494720000.0000 12150.0000 0.1584 -0.2276 -0.0095 0.3316 325.1613 0.0205 0.0470 0.0082 -0.0179 0.0046 -0.0106 0.0378 0.5723 0.5408
1494720000.0000 12450.0000 0.2735 -0.2626 0.0266 0.4011 313.8387 0.0125 0.0204 0.0060 -0.0014 -0.0023 -0.0010 0.0195 0.2999 0.2764
1494720000.0000 12750.0000 -0.0504 -0.2716 0.0577 0.3601 10.5198 0.0501 0.0124 0.0147 -0.0099 -0.0137 0.0043 0.0386 0.5685 0.5227
1494720000.0000 13050.0000 0.1423 -0.1823 -0.0248 0.2963 322.0161 0.0144 0.0310 0.0097 0.0114 -0.0055 -0.0049 0.0275 0.5824 0.5318
1494720000.0000 13350.0000 0.1975 -0.1454 -0.0063 0.3827 306.3644 0.0328 0.0790 0.0122 0.0391 -0.0144 -0.0190 0.0620 0.8286 0.7870
1494720000.0000 13650.0000 0.0073 -0.2487 0.0210 0.3022 358.3262 0.0185 0.0419 0.0117 -0.0193 -0.0066 0.0004 0.0361 0.6210 0.5703
1494720000.0000 13950.0000 0.3480 -0.2400 -0.1022 0.4696 304.5963 0.0235 0.0710 0.0082 -0.0120 0.0024 -0.0121 0.0514 0.4255 0.4200
1494720000.0000 14250.0000 0.4325 -0.4213 -0.0492 0.6276 314.2518 0.0306 0.0494 0.0106 -0.0184 -0.0044 -0.0030 0.0453 0.2868 0.2703
1494720000.0000 14550.0000 0.1777 -0.2520 -0.0283 0.3666 324.8153 0.0136 0.0537 0.0151 0.0175 -0.0094 -0.0140 0.0412 0.5353 0.4859
1494720000.0000 14850.0000 0.3472 -0.3510 0.0002 0.5006 315.3179 0.0079 0.0170 0.0094 -0.0053 -0.0008 -0.0016 0.0171 0.2165 0.1846
1494720000.0000 15150.0000 0.2386 -0.2990 0.0039 0.3893 321.4038 0.0141 0.0100 0.0029 -0.0075 0.0038 -0.0016 0.0135 0.2480 0.2345
1494720000.0000 15450.0000 0.2105 -0.3615 0.0153 0.4268 329.7850 0.0107 0.0033 0.0014 -0.0015 -0.0004 -0.0001 0.0077 0.1707 0.1629
1494720000.0000 15750.0000 0.2339 -0.3745 0.0301 0.4853 328.0126 0.0350 0.0622 0.0084 -0.0316 -0.0069 -0.0021 0.0528 0.4240 0.4078
1494720000.0000 16050.0000 -0.0940 -0.1895 0.0315 0.2517 26.3871 0.0208 0.0079 0.0060 0.0046 -0.0065 -0.0013 0.0174 0.5034 0.4626
1494720000.0000 16350.0000 0.0753 -0.2668 0.0255 0.3680 344.2437 0.0598 0.0303 0.0304 0.0047 -0.0360 -0.0090 0.0602 0.7198 0.6251
1494720000.0000 16650.0000 -0.1015 -0.2007 -0.0171 0.2739 26.8115 0.0165 0.0307 0.0238 -0.0010 -0.0018 -0.0130 0.0355 0.6821 0.5579
1494720000.0000 16950.0000 -0.2336 -0.1293 0.0569 0.2852 61.0370 0.0173 0.0093 0.0099 0.0029 0.0054 0.0015 0.0182 0.4040 0.3526
1494720000.0000 17250.0000 -0.3237 -0.0535 0.0731 0.3889 80.6205 0.0574 0.0122 0.0043 0.0168 -0.0019 0.0016 0.0369 0.4668 0.4642
1494720000.0000 17550.0000 0.0153 0.2043 -0.0207 0.3051 184.2682 0.0454 0.0203 0.0064 -0.0195 -0.0112 0.0019 0.0361 0.7530 0.7223
1494720000.0000 17850.0000 -0.1661 0.1435 0.0755 0.3281 130.8352 0.0105 0.0716 0.0144 0.0178 -0.0072 -0.0278 0.0483 0.7727 0.7535
1494720000.0000 18150.0000 0.0219 -0.0534 0.0538 0.0984 337.7302 0.0041 0.0040 0.0025 0.0019 0.0004 -0.0007 0.0053 0.7530 0.9016
1494720000.0000 18450.0000 0.0441 0.0356 0.0136 0.1316 231.0489 0.0101 0.0061 0.0015 0.0040 -0.0017 -0.0005 0.0089 1.3192 1.2970
1494720000.0000 18750.0000 0.2345 0.0149 -0.0593 0.2542 266.3657 0.0044 0.0101 0.0014 0.0010 -0.0005 -0.0010 0.0079 0.2999 0.2956
1494720000.0000 19050.0000 0.0672 -0.1925 0.0364 0.2286 340.7529 0.0046 0.0223 0.0014 0.0044 -0.0002 -0.0030 0.0142 0.4698 0.4650
1494720000.0000 19350.0000 0.0773 -0.2559 -0.0055 0.2773 343.1927 0.0035 0.0270 0.0045 -0.0059 0.0013 -0.0083 0.0175 0.4039 0.3769
1494720000.0000 19650.0000 -0.1855 -0.1749 0.0982 0.2716 46.6966 0.0097 0.0043 0.0034 -0.0023 -0.0046 0.0010 0.0087 0.2786 0.2678
1494720000.0000 19950.0000 -0.3246 0.0469 0.0539 0.3439 98.2240 0.0078 0.0108 0.0068 -0.0004 -0.0008 -0.0014 0.0127 0.2773 0.2405
1494720000.0000 20250.0000 -0.0215 -0.0998 0.0274 0.1531 12.1317 0.0106 0.0090 0.0071 0.0020 -0.0053 -0.0035 0.0133 0.8921 0.7906
1494720000.0000 20550.0000 -0.5479 0.1230 0.0997 0.5827 102.6533 0.0347 0.0158 0.0082 0.0072 -0.0071 -0.0082 0.0293 0.2451 0.2310
1494720000.0000 20850.0000 -0.0397 0.3815 -0.0768 0.4110 174.0589 0.0206 0.0233 0.0060 -0.0131 0.0013 -0.0044 0.0249 0.3295 0.3153
1494720000.0000 21150.0000 0.1708 0.0562 -0.0186 0.2006 251.7900 0.0073 0.0090 0.0025 0.0008 -0.0010 -0.0004 0.0094 0.4384 0.4099
1494720000.0000 21450.0000 0.3104 -0.1862 -0.0129 0.3780 300.9550 0.0128 0.0204 0.0056 -0.0093 -0.0019 0.0006 0.0194 0.3139 0.2905
1494720000.0000 21750.0000 0.2472 -0.2771 0.0069 0.3980 318.2678 0.0161 0.0163 0.0071 0.0020 -0.0029 -0.0055 0.0197 0.3089 0.2798
1494720000.0000 22050.0000 -0.3590 -0.1594 0.0877 0.5743 66.0515 0.0868 0.1144 0.0093 -0.0821 -0.0019 -0.0119 0.1052 0.6581 0.6592
1494720000.0000 22350.0000 -0.1135 0.2997 -0.0722 0.3570 159.2552 0.0331 0.0072 0.0132 -0.0040 -0.0110 -0.0010 0.0268 0.4069 0.3619
1494720000.0000 22650.0000 0.0812 -0.0106 -0.0210 0.1234 277.4110 0.0093 0.0058 0.0065 0.0026 -0.0053 -0.0032 0.0108 1.0034 0.8661
1494720000.0000 22950.0000 0.0529 0.1833 -0.0573 0.2532 196.0872 0.0199 0.0204 0.0134 0.0052 -0.0064 -0.0070 0.0268 0.6711 0.6072
1494720000.0000 23250.0000 -0.2406 0.1876 -0.0691 0.4148 127.9538 0.0339 0.0865 0.0310 0.0036 0.0098 -0.0202 0.0757 0.7181 0.6565
1494720000.0000 23550.0000 -0.1548 -0.2565 0.0679 0.3796 31.1115 0.0573 0.0240 0.0249 -0.0197 0.0037 -0.0062 0.0531 0.6127 0.5497
1494720000.0000 23850.0000 -0.1962 -0.3126 0.0640 0.4059 32.1207 0.0333 0.0136 0.0235 -0.0023 0.0011 0.0010 0.0352 0.4090 0.3390
1494720000.0000 24150.0000 -0.1865 -0.3117 0.0801 0.4103 30.8954 0.0361 0.0231 0.0316 0.0001 0.0073 0.0067 0.0454 0.4677 0.3868
1494720000.0000 24450.0000 -0.2734 -0.5476 0.1603 0.6570 26.5352 0.0406 0.0339 0.0392 -0.0182 0.0006 -0.0017 0.0569 0.3078 0.2576
1494720000.0000 24750.0000 -0.2454 -0.4695 0.1665 0.5582 27.5951 0.0266 0.0293 0.0372 -0.0013 0.0003 0.0100 0.0466 0.3173 0.2578
1494720000.0000 25050.0000 -0.4111 -0.2691 0.1505 0.5684 56.7919 0.0845 0.0440 0.0471 -0.0284 -0.0049 0.0120 0.0878 0.4708 0.4212
1494720000.0000 25350.0000 -0.7722 -0.0628 0.1278 0.7968 85.3530 0.0301 0.0346 0.0546 0.0115 -0.0204 -0.0228 0.0596 0.2539 0.1895
1494720000.0000 25650.0000 -0.1629 0.1577 -0.0188 0.3479 134.0674 0.0638 0.0370 0.0175 -0.0025 0.0255 -0.0036 0.0591 0.8728 0.8084
1494720000.0000 25950.0000 -0.2633 0.0132 -0.0392 0.3447 92.8708 0.0252 0.0493 0.0500 -0.0047 -0.0177 0.0036 0.0622 0.7643 0.5977
1494720000.0000 26250.0000 -0.5222 -0.0764 -0.0178 0.5546 81.6730 0.0253 0.0271 0.0315 0.0077 -0.0041 -0.0018 0.0419 0.3166 0.2504
1494720000.0000 26550.0000 -0.4232 -0.2632 0.0146 0.5540 58.1168 0.0278 0.0592 0.0572 -0.0124 0.0123 -0.0185 0.0721 0.4398 0.3418
1494720000.0000 26850.0000 -0.4249 -0.1168 0.1824 0.4818 74.6317 0.0311 0.0342 0.0539 -0.0020 0.0028 -0.0100 0.0596 0.4178 0.3347
1494720000.0000 27150.0000 -0.4359 -0.1265 0.0893 0.4889 73.8142 0.0282 0.0299 0.0530 -0.0025 -0.0154 -0.0004 0.0556 0.4161 0.3066
1494720000.0000 27450.0000 -0.3532 -0.2611 0.1280 0.4748 53.5307 0.0377 0.0253 0.0439 0.0010 -0.0158 0.0035 0.0534 0.4126 0.3299
1494720000.0000 27750.0000 -0.3842 -0.4214 0.2984 0.6163 42.3584 0.0568 0.0345 0.0574 -0.0092 -0.0011 0.0058 0.0743 0.3458 0.3059
1494720000.0000 28050.0000 -0.6853 -0.5557 0.1032 0.9495 50.9616 0.0451 0.1425 0.0360 -0.0238 -0.0092 -0.0332 0.1118 0.3073 0.2834
1494720000.0000 28350.0000 -0.0948 -0.8150 0.0818 0.8384 6.6337 0.0296 0.1005 0.0270 -0.0037 0.0030 -0.0129 0.0786 0.2776 0.2538
1494720000.0000 28650.0000 -0.0950 -0.2768 0.0705 0.3277 18.9459 0.0186 0.0234 0.0289 0.0003 0.0023 0.0025 0.0354 0.5106 0.4044
1494720000.0000 28950.0000 0.0897 -0.0151 0.1482 0.1908 279.5826 0.0144 0.0233 0.0145 0.0029 0.0087 0.0037 0.0261 0.7583 1.2314
1494720000.0000 29250.0000 0.1359 -0.1585 0.2100 0.2460 319.3821 0.0119 0.0413 0.0125 -0.0166 -0.0011 0.0033 0.0328 0.4995 0.6377
1494720000.0000 29550.0000 0.1614 -0.4607 -0.0270 0.5039 340.6863 0.0163 0.0191 0.0435 -0.0023 0.0067 -0.0034 0.0394 0.3317 0.2224
1494720000.0000 29850.0000 0.0722 -0.2848 0.0910 0.3419 345.7690 0.0249 0.0347 0.0435 -0.0017 -0.0030 -0.0069 0.0515 0.6027 0.4799
1494720000.0000 30150.0000 -0.1756 -0.5045 0.1509 0.5837 19.1956 0.0490 0.0267 0.0493 -0.0060 -0.0086 0.0104 0.0625 0.3677 0.2974
1494720000.0000 30450.0000 -0.2771 -0.2698 0.2904 0.4349 45.7651 0.0463 0.0217 0.0481 0.0001 -0.0141 0.0074 0.0580 0.4067 0.3891
1494720000.0000 30750.0000 -0.5474 -0.2151 0.1156 0.6612 68.5421 0.1031 0.0614 0.0956 -0.0035 -0.0135 -0.0215 0.1300 0.4912 0.3981
1494720000.0000 31050.0000 -0.6484 -0.4163 0.3773 0.8215 57.3014 0.0937 0.0668 0.0714 0.0032 0.0003 0.0092 0.1159 0.3241 0.3002
1494720000.0000 31350.0000 -1.0270 -0.1573 0.1838 1.0800 81.2924 0.1548 0.0674 0.0673 -0.0269 -0.0127 -0.0113 0.1447 0.2944 0.2620
1494720000.0000 31650.0000 -0.9483 -0.1430 0.1494 1.0070 81.4254 0.0960 0.0751 0.0655 -0.0186 0.0108 -0.0029 0.1183 0.2893 0.2490
1494720000.0000 31950.0000 -0.9360 -0.0486 0.2471 1.0437 87.0300 0.1681 0.2207 0.0763 -0.1113 0.0221 -0.0346 0.2326 0.4062 0.3841
1494720000.0000 32250.0000 -0.7441 0.2875 -0.1380 0.8556 111.1267 0.0867 0.1204 0.0564 -0.0601 -0.0221 0.0099 0.1318 0.3661 0.3294
1494720000.0000 32550.0000 0.0489 -0.0193 -0.3878 0.4025 291.4987 0.1499 0.0416 0.0374 -0.0226 -0.0475 0.0157 0.1145 0.7058 4.8080
1494720000.0000 32850.0000 0.0596 -0.2228 0.0568 0.5093 345.0137 0.1287 0.1198 0.1026 0.0855 -0.0728 -0.0402 0.1756 1.4404 1.2479
1494720000.0000 33150.0000 -0.3610 -0.2164 -0.0167 0.4731 59.0594 0.0499 0.0529 0.0620 0.0064 0.0102 0.0148 0.0824 0.5566 0.4398
1494720000.0000 33450.0000 0.0745 0.3404 0.0634 0.5000 192.3437 0.1163 0.0547 0.1024 0.0205 -0.0098 -0.0023 0.1367 0.8526 0.6854
1494720000.0000 33750.0000 0.1182 -0.1302 0.1124 0.3212 317.7694 0.0246 0.1072 0.0875 0.0066 -0.0127 -0.0271 0.1096 1.2950 1.1914
1494720000.0000 34050.0000 -0.0401 -0.7201 -0.1045 0.7814 3.1837 0.0904 0.1646 0.0778 -0.0878 0.0117 -0.0200 0.1664 0.4571 0.4043
1494720000.0000 34350.0000 0.1026 -0.8215 0.1147 1.0006 352.8839 0.2358 0.3020 0.1054 -0.1060 -0.0658 0.0426 0.3216 0.5540 0.5114
1494720000.0000 34650.0000 0.1790 -1.6887 0.1707 1.7294 353.9491 0.1031 0.1093 0.1119 -0.0096 -0.0183 0.0127 0.1621 0.1926 0.1567
1494720000.0000 34950.0000 -0.1427 -0.9134 0.1409 0.9984 8.8814 0.1161 0.1587 0.0899 -0.0164 0.0002 0.0293 0.1823 0.3729 0.3274
1494720000.0000 35250.0000 -0.2484 -0.8365 0.2814 0.9246 16.5368 0.0951 0.0541 0.1086 0.0010 0.0250 0.0095 0.1289 0.3197 0.2556
1494720000.0000 35550.0000 -0.6214 -0.4788 0.1530 0.9685 52.3871 0.2753 0.2269 0.1584 -0.0762 -0.0129 0.0660 0.3303 0.5871 0.5216
1494720000.0000 35850.0000 -0.8896 0.3498 0.0844 1.1101 111.4637 0.2317 0.2022 0.1144 0.1340 -0.0354 -0.0176 0.2742 0.4455 0.3979
1494720000.0000 36150.0000 -0.3986 0.5227 -0.0215 0.8778 142.6707 0.1639 0.2547 0.1549 0.1090 0.0024 -0.0967 0.2868 0.6648 0.5682
1494720000.0000 36450.0000 -0.9672 -0.1454 0.1225 1.0156 81.4488 0.0648 0.0826 0.2291 0.0190 -0.0247 -0.0511 0.1883 0.3594 0.2267
1494720000.0000 36750.0000 -1.0753 0.2544 0.0471 1.2003 103.3108 0.1735 0.2408 0.1596 -0.0120 -0.0443 -0.0106 0.2869 0.3954 0.3363
1494720000.0000 37050.0000 -1.5380 0.4352 0.2173 1.6794 105.7992 0.4696 0.3145 0.2301 -0.2212 -0.0469 -0.0307 0.5071 0.3604 0.3198
1494720000.0000 37350.0000 -1.2392 0.2199 0.4957 1.4600 100.0632 0.8096 0.3166 0.2726 -0.0107 0.0241 -0.0986 0.6994 0.5048 0.4868
1494720000.0000 37650.0000 -2.1557 -0.1080 0.3711 2.2443 87.1320 0.2303 0.3728 0.2812 -0.0127 0.0540 0.0252 0.4421 0.2479 0.2077
1494720000.0000 37950.0000 -1.6973 -0.0922 0.5421 1.8350 86.8912 0.4489 0.4530 0.4350 0.0007 0.0376 -0.0688 0.6684 0.3742 0.3226
1494720000.0000 38250.0000 -1.9321 0.7002 0.0490 2.1433 109.9215 0.2507 0.3439 0.1972 0.0540 -0.0093 -0.0627 0.3960 0.2499 0.2166
1494720000.0000 38550.0000 -1.3273 0.4503 0.0556 1.4671 108.7383 0.2364 0.1721 0.1505 0.0107 -0.0679 -0.0233 0.2795 0.3077 0.2633
1494720000.0000 38850.0000 -0.8361 0.4303 0.0653 1.0993 117.2324 0.1309 0.3011 0.1123 0.0713 -0.0401 -0.1213 0.2721 0.4519 0.4035
1494720000.0000 39150.0000 -0.0135 0.6130 0.0364 0.6908 178.7385 0.0507 0.2027 0.0819 0.0133 -0.0010 -0.0230 0.1676 0.5443 0.4740
1494720000.0000 39450.0000 -1.0761 -0.0124 0.1681 1.3084 89.3388 1.0851 0.2187 0.1843 -0.3262 -0.1244 0.0218 0.7440 0.6466 0.6126
1494720000.0000 39750.0000 -1.1603 0.1125 0.2029 1.3070 95.5376 0.5677 0.2714 0.2295 0.0035 -0.0944 -0.0625 0.5343 0.5043 0.4536
1494720000.0000 40050.0000 -0.8822 0.2026 0.1081 1.3827 102.9341 1.1390 0.2926 0.3267 0.4054 -0.3683 -0.1636 0.8791 0.8398 0.7632
1494720000.0000 40350.0000 -1.8832 -0.1235 0.3842 1.9829 86.2492 0.7258 0.3470 0.3356 -0.0306 0.0466 -0.0912 0.7041 0.3557 0.3169
1494720000.0000 40650.0000 -1.9270 0.6722 0.2124 2.2819 109.2294 0.5256 0.9647 0.3208 0.2761 -0.1414 -0.1745 0.9056 0.3787 0.3453
1494720000.0000 40950.0000 -1.4065 0.1605 0.4054 1.7458 96.5093 0.9128 0.6492 0.3346 0.4022 -0.0940 -0.2164 0.9483 0.5400 0.5097
1494720000.0000 41250.0000 -1.6072 -0.3783 0.2916 1.7657 76.7564 0.3983 0.3165 0.3504 -0.0787 -0.0222 -0.0339 0.5326 0.3554 0.2956
1494720000.0000 41550.0000 -1.0369 -0.3809 0.6089 1.3187 69.8290 0.8121 0.2311 0.1279 -0.1539 -0.0646 0.0292 0.5855 0.4953 0.5338
1494720000.0000 41850.0000 -0.9321 -0.9830 0.1324 1.4277 43.4797 0.3161 0.1409 0.1623 0.0300 -0.0377 0.0203 0.3097 0.3338 0.2881
1494720000.0000 42150.0000 -1.1265 -1.0631 0.3185 1.6646 46.6587 0.5231 0.1865 0.2501 0.0171 -0.0265 -0.0040 0.4799 0.3577 0.3140
1494720000.0000 42450.0000 -0.3449 -0.2702 0.0964 0.7465 51.9253 0.4618 0.1078 0.1424 -0.0601 0.0115 -0.0420 0.3560 1.0860 0.9945
1494720000.0000 42750.0000 -1.8601 -0.2389 0.7845 2.1362 82.6800 0.5931 1.0956 0.3905 -0.1171 -0.0527 -0.1554 1.0396 0.4095 0.4001
1494720000.0000 43050.0000 -2.2680 1.1496 0.2585 2.6271 116.8790 0.3266 0.5810 0.2985 -0.1077 0.0728 -0.1106 0.6031 0.2481 0.2163
1494720000.0000 43350.0000 -1.2579 0.8754 0.0458 1.6546 124.8351 0.6310 0.5048 0.1231 -0.2607 -0.0199 -0.0820 0.6294 0.4225 0.4015
1494720000.0000 43650.0000 -1.5248 0.6418 0.1235 1.7004 112.8264 0.3209 0.1962 0.1590 -0.0923 -0.0198 -0.0327 0.3380 0.2862 0.2509
1494720000.0000 43950.0000 -1.4586 0.9903 0.1559 1.8998 124.1749 0.4001 0.4098 0.2658 0.0769 -0.0246 -0.1410 0.5378 0.3383 0.2947
1494720000.0000 44250.0000 -0.8880 0.2343 0.1088 1.1961 104.7840 0.3606 0.4721 0.1717 0.0055 0.0216 -0.1020 0.5022 0.6256 0.5736
1494720000.0000 44550.0000 -1.1986 -0.2107 0.3223 1.4222 80.0316 0.4228 0.4417 0.1694 0.1054 -0.0016 -0.0341 0.5170 0.4663 0.4411
1494720000.0000 44850.0000 -1.4900 0.0925 0.2314 1.6896 93.5525 0.3675 0.6199 0.3633 0.1169 -0.1390 -0.2185 0.6753 0.4442 0.3843
1494720000.0000 45150.0000 0.4526 -1.2072 0.2118 1.5350 339.4496 0.5095 1.2644 0.3764 -0.2942 0.0175 -0.2225 1.0752 0.6480 0.5965
1494720000.0000 45450.0000 -0.7067 -0.4136 -0.0964 1.8964 59.6595 1.5299 2.0730 0.5358 -1.2167 -0.0834 0.2205 2.0693 1.4246 1.3383
1494720000.0000 45750.0000 -0.3865 1.3309 -0.1294 1.7054 163.8069 0.8669 1.0530 0.6589 -0.1591 -0.0691 -0.3843 1.2894 0.6661 0.5772
1494720000.0000 46050.0000 -1.7414 0.7235 0.2315 2.0657 112.5622 0.5082 0.8777 0.3955 -0.1139 -0.0087 -0.2662 0.8907 0.4056 0.3604
1494720000.0000 46350.0000 -1.2959 0.2555 0.0423 1.7177 101.1539 0.5263 1.1890 0.3904 -0.3894 0.0487 -0.0354 1.0528 0.6340 0.5725
1494720000.0000 46650.0000 -1.8644 0.5413 0.3859 2.1031 106.1909 0.6284 0.5121 0.2565 0.1846 -0.0377 -0.1686 0.6985 0.3448 0.3176
1494720000.0000 46950.0000 -2.7269 0.4934 0.5409 2.8612 100.2556 0.6062 0.5553 0.2904 -0.2143 0.0986 -0.1388 0.7260 0.2464 0.2245
1494720000.0000 47250.0000 -2.5755 0.3277 0.3914 2.7378 97.2520 0.6320 0.6737 0.3834 -0.2161 -0.1387 -0.1494 0.8446 0.2858 0.2541
1494720000.0000 47550.0000 -2.4793 1.3310 -0.0951 2.9471 118.2289 1.0116 1.3895 0.7142 -0.6284 -0.0009 -0.5532 1.5576 0.3619 0.3179
1494720000.0000 47850.0000 -1.4593 -0.3798 0.1599 1.7034 75.4104 0.4525 0.5298 0.4212 -0.1467 -0.1639 -0.0920 0.7018 0.4511 0.3795
1494720000.0000 48150.0000 -1.6518 -0.0983 0.0964 1.8614 86.5927 0.9172 0.5287 0.3238 -0.2391 0.0695 -0.0218 0.8849 0.4634 0.4195
1494720000.0000 48450.0000 -0.2849 -0.5520 0.2446 1.4088 27.3002 1.4237 0.8530 0.6872 0.0704 -0.4565 0.0547 1.4820 1.4887 1.4023
1494720000.0000 48750.0000 -0.5658 1.8118 -0.2439 2.0922 162.6586 0.7929 0.5736 0.3301 -0.2062 0.0729 -0.1712 0.8483 0.3930 0.3556
1494720000.0000 49050.0000 -1.4718 0.2959 0.2867 1.9496 101.3678 0.9223 1.3797 0.5010 0.2048 -0.2439 -0.3765 1.4015 0.6324 0.5835
1494720000.0000 49350.0000 -2.5439 0.9845 0.2323 2.8625 111.1569 0.3933 0.8066 0.3865 -0.0061 0.0012 -0.3366 0.7932 0.2656 0.2318
1494720000.0000 49650.0000 -1.4380 0.5129 0.4657 1.6287 109.6298 0.3145 0.3047 0.2315 -0.0153 0.0342 -0.1004 0.4253 0.3336 0.2976
1494720000.0000 49950.0000 -2.3855 0.7136 0.3052 2.5429 106.6549 0.2647 0.2983 0.2233 -0.0555 -0.0429 -0.0559 0.3932 0.2041 0.1740
1494720000.0000 50250.0000 -1.8327 0.2308 0.5429 2.0175 97.1767 0.6355 0.5093 0.2365 -0.0612 0.0569 -0.0949 0.6907 0.3524 0.3344
1494720000.0000 50550.0000 -1.7703 0.8456 0.1452 2.0731 115.5302 0.3490 0.6589 0.3005 -0.1166 0.0256 -0.2412 0.6542 0.3357 0.2954
1494720000.0000 50850.0000 -1.6704 1.1802 -0.0414 2.3036 125.2412 0.8254 1.1392 0.5163 -0.2573 0.0457 -0.2815 1.2404 0.4445 0.3957
1494720000.0000 51150.0000 -1.4455 0.5766 0.1464 1.7511 111.7457 0.3235 0.5973 0.3959 -0.0032 -0.0269 -0.0294 0.6584 0.4238 0.3560
1494720000.0000 51450.0000 -2.1256 0.8987 0.3618 2.4645 112.9174 0.7106 0.6369 0.4248 0.1268 -0.1486 -0.2519 0.8861 0.3290 0.2904
1494720000.0000 51750.0000 -1.4519 0.6662 0.1399 1.7209 114.6473 0.8848 0.3711 0.2506 -0.0529 -0.1840 -0.0637 0.7532 0.4419 0.4050
1494720000.0000 52050.0000 -1.6072 1.0445 0.0974 1.9886 123.0189 0.2751 0.3380 0.1710 -0.0344 -0.0059 -0.0953 0.3921 0.2664 0.2359
1494720000.0000 52350.0000 0.2400 0.5363 -0.1983 0.8715 204.1089 0.4762 0.1591 0.2088 0.0122 -0.1678 -0.0674 0.4221 0.8555 0.7833
1494720000.0000 52650.0000 -0.3552 0.4424 -0.0064 0.9278 141.2425 0.2301 0.5786 0.1298 -0.1506 0.0642 -0.1213 0.4692 0.9858 0.9151
1494720000.0000 52950.0000 -1.7856 1.3639 0.0763 2.3376 127.3734 0.3912 0.6430 0.3344 -0.1240 -0.0496 -0.1986 0.6843 0.3004 0.2613
1494720000.0000 53250.0000 -2.1201 1.0589 0.1195 2.4590 116.5396 0.3303 0.4930 0.2000 -0.0275 -0.0802 -0.0575 0.5117 0.2461 0.2211
1494720000.0000 53550.0000 -1.6858 0.5294 0.2515 1.8224 107.4333 0.5835 0.2886 0.1393 -0.2131 0.0133 -0.0629 0.5057 0.3253 0.3051
1494720000.0000 53850.0000 -0.5527 -0.4281 0.0943 0.8860 52.2427 0.3205 0.0965 0.1401 -0.0585 -0.0554 0.0298 0.2785 0.6109 0.5333
1494720000.0000 54150.0000 -0.2948 0.1918 -0.0369 0.8706 123.0500 0.5007 0.2632 0.1850 0.1847 -0.0325 -0.0524 0.4745 1.5903 1.4347
1494720000.0000 54450.0000 -1.0967 -0.0402 0.2580 1.2405 87.9029 0.2522 0.2455 0.1554 -0.0441 0.0403 -0.1008 0.3265 0.4139 0.3711
1494720000.0000 54750.0000 -1.0779 -0.0814 0.2678 1.1960 85.6822 0.1155 0.2477 0.0935 -0.0110 -0.0036 -0.0456 0.2284 0.3504 0.3219
1494720000.0000 55050.0000 -0.1582 -0.7560 -0.0032 0.8880 11.8166 0.1707 0.1012 0.1129 -0.0539 0.0287 -0.0278 0.1925 0.4638 0.3898
1494720000.0000 55350.0000 0.1753 -1.1812 0.2591 1.4933 351.5585 0.8261 0.3184 0.2997 -0.1130 -0.1911 -0.0173 0.7221 0.5678 0.5172
1494720000.0000 55650.0000 1.7599 -0.0423 -0.6806 1.8919 271.3768 0.4958 0.5218 0.5485 0.0332 -0.2159 -0.1212 0.7831 0.3828 0.3308
1494720000.0000 55950.0000 1.6268 0.2827 -0.7342 1.9288 260.1419 1.3915 0.4949 0.4112 0.3267 -0.4223 -0.0355 1.1488 0.4843 0.4802
1494720000.0000 56250.0000 0.4727 -0.5630 -0.2406 1.1068 319.9792 0.3965 0.6279 0.2811 -0.0668 -0.1627 -0.0322 0.6528 0.8529 0.7949
1494720000.0000 56550.0000 0.7814 0.8676 -0.4956 1.3004 222.0067 0.3164 0.1672 0.2316 -0.0628 -0.0716 0.0304 0.3576 0.3849 0.3439
1494720000.0000 56850.0000 0.5175 0.3000 -0.2169 1.4827 239.9003 1.7217 0.6620 0.6362 -0.3335 -0.5611 0.0103 1.5100 1.5769 1.4903
1494720000.0000 57150.0000 0.5730 -0.9264 -0.1868 1.9427 328.2598 1.0749 2.1562 0.6573 0.7015 -0.4277 -0.5200 1.9442 1.0301 0.9527
1494720000.0000 57450.0000 0.3756 -0.1855 -0.3259 0.7796 296.2853 0.3422 0.2006 0.3200 0.0005 -0.1321 -0.1104 0.4314 1.0105 1.0155
1494720000.0000 57750.0000 -0.4112 -0.2634 -0.1916 0.8118 57.3605 0.3505 0.1569 0.1773 -0.1065 -0.0823 0.0548 0.3423 0.9106 0.8421
1494720000.0000 58050.0000 1.2617 0.2336 -0.0987 1.8952 259.5122 2.3221 0.8835 0.8201 1.0197 -0.7107 -0.3110 2.0129 0.9001 0.8056
1494720000.0000 58350.0000 1.2978 0.4021 -0.7079 1.9010 252.7873 1.5249 0.9379 0.5657 -0.1091 -0.3765 -0.0337 1.5142 0.6558 0.6669
1494720000.0000 58650.0000 0.6073 -0.1380 -0.5135 0.8379 282.8014 0.2476 0.2273 0.4193 -0.0377 0.0184 0.0772 0.4471 0.6764 0.6389
1494720000.0000 58950.0000 0.0312 -0.9684 0.0671 1.0884 358.1563 0.2153 0.2307 0.2425 -0.0594 0.0533 -0.0206 0.3442 0.4933 0.3979
1494720000.0000 59250.0000 0.0216 -0.0958 -0.0342 0.5585 347.3010 0.1459 0.2658 0.1522 0.0188 0.0786 0.0028 0.2820 4.1707 3.7740
1494720000.0000 59550.0000 0.0993 0.5760 -0.0292 0.6856 189.7780 0.1009 0.2601 0.1826 0.0372 0.0053 -0.1156 0.2718 0.7274 0.5935
1494720000.0000 59850.0000 -0.4544 -0.0518 0.0347 0.7026 83.5001 0.1996 0.1938 0.1340 -0.0291 -0.0776 -0.0327 0.2637 0.9142 0.7918
1494720000.0000 60150.0000 0.6428 -0.2086 -0.4332 1.0570 287.9747 0.3686 0.6434 0.1804 0.0951 -0.0320 0.1286 0.5962 0.7854 0.8595
1494720000.0000 60450.0000 -0.3269 -1.1706 0.2192 1.3369 15.6034 0.2656 0.2759 0.3293 -0.0055 -0.0976 -0.0398 0.4354 0.4362 0.3495
1494720000.0000 60750.0000 0.1162 -1.0557 0.0005 1.1642 353.7166 0.2228 0.1362 0.1554 0.0178 -0.0458 0.0013 0.2572 0.3899 0.3257
1494720000.0000 61050.0000 -0.4983 -1.0474 0.2470 1.2320 25.4439 0.1573 0.1726 0.0987 0.0250 -0.0062 0.0404 0.2143 0.3187 0.2859
1494720000.0000 61350.0000 -0.6308 -0.8399 0.2826 1.2128 36.9099 0.2995 0.1892 0.1179 -0.0240 -0.0511 0.0105 0.3033 0.4134 0.3843
1494720000.0000 61650.0000 -0.3737 -0.6817 0.1849 1.0201 28.7303 0.3030 0.2714 0.1772 -0.0109 -0.1194 0.0696 0.3758 0.6264 0.5629
1494720000.0000 61950.0000 -0.5996 -1.1771 0.3963 1.4118 26.9938 0.1739 0.2468 0.1147 -0.0407 -0.0036 -0.0059 0.2677 0.3063 0.2835
1494720000.0000 62250.0000 0.2566 -1.2884 0.0410 1.3939 348.7346 0.1438 0.3303 0.1233 -0.0297 -0.0090 0.0690 0.2987 0.3395 0.3026
1494720000.0000 62550.0000 0.5309 -0.7991 -0.1577 1.0060 326.3992 0.0906 0.1510 0.0698 -0.0376 0.0201 0.0224 0.1557 0.3313 0.2958
1494720000.0000 62850.0000 0.0566 -1.0910 0.0620 1.2667 357.0288 0.3728 0.5436 0.2603 0.0351 -0.0710 -0.0581 0.5884 0.5724 0.5059
1494720000.0000 63150.0000 -0.3247 -0.0541 -0.0717 0.5304 80.5449 0.0816 0.1878 0.1442 0.0341 0.0277 0.0585 0.2068 1.1019 0.9102
1494720000.0000 63450.0000 -0.1523 0.0072 -0.0178 0.8470 92.7230 0.1540 0.6993 0.0775 -0.2349 0.0193 -0.0912 0.4654 3.6278 3.4971
1494720000.0000 63750.0000 -0.6975 -0.0790 0.2594 0.9086 83.5393 0.2556 0.2464 0.1299 -0.0003 0.0197 -0.0007 0.3159 0.6133 0.5828
1494720000.0000 64050.0000 -0.5218 -0.0515 0.2174 0.5951 84.3625 0.0914 0.0510 0.0476 0.0258 -0.0021 0.0084 0.0950 0.4433 0.4154
1494720000.0000 64350.0000 0.1439 -0.3830 0.0752 0.8482 339.4060 0.4194 0.1857 0.1342 0.1709 -0.1876 -0.0912 0.3696 1.1933 1.0977
1494720000.0000 64650.0000 0.1707 -0.2458 -0.0529 0.4308 325.2157 0.0737 0.0521 0.0613 0.0023 -0.0169 -0.0286 0.0936 0.8217 0.6842
1494720000.0000 64950.0000 0.5863 -0.2485 -0.0891 0.7693 292.9669 0.0691 0.1868 0.0315 0.0479 -0.0169 -0.0156 0.1437 0.4814 0.4587
1494720000.0000 65250.0000 0.3198 -0.0104 -0.1582 0.3785 271.8684 0.0187 0.0349 0.0134 0.0115 -0.0018 0.0072 0.0335 0.4186 0.4177
1494720000.0000 65550.0000 0.2452 0.0782 -0.1479 0.3267 252.3135 0.0477 0.0238 0.0133 0.0125 -0.0062 -0.0018 0.0424 0.5662 0.5995
1494720000.0000 65850.0000 -0.0851 0.3355 -0.0434 0.6372 165.7702 0.3277 0.1617 0.0474 -0.1210 -0.0005 0.0145 0.2684 1.2126 1.1669
1494720000.0000 66150.0000 0.3963 0.1681 -0.0480 0.7526 247.0214 0.1670 0.3115 0.1757 -0.1076 -0.0711 0.0184 0.3271 1.0780 0.9276
1494720000.0000 66450.0000 0.8595 0.1460 -0.2488 1.0636 260.3562 0.1564 0.3645 0.0993 -0.1194 -0.0271 0.0196 0.3101 0.5015 0.4780
1494720000.0000 66750.0000 0.3514 -0.1682 0.0372 0.5913 295.5792 0.1677 0.1919 0.0815 -0.0233 -0.0423 -0.0048 0.2206 0.9799 0.8888
1494720000.0000 67050.0000 1.0324 0.4666 -0.3837 1.2399 245.6770 0.1779 0.2762 0.1629 0.0319 -0.0657 -0.0733 0.3085 0.3791 0.3434
1494720000.0000 67350.0000 0.9416 -0.7759 -0.0635 1.2772 309.4897 0.1784 0.1913 0.0490 -0.0519 -0.0314 -0.0147 0.2094 0.3058 0.2877
1494720000.0000 67650.0000 0.4937 -0.5693 -0.0444 1.1212 319.0681 0.3893 0.4816 0.1354 0.3220 -0.1283 -0.1301 0.5031 0.7673 0.7150
1494720000.0000 67950.0000 0.3811 -0.2409 -0.0396 0.5265 302.2993 0.1197 0.0849 0.0383 -0.0440 -0.0174 0.0082 0.1214 0.6287 0.5793
1494720000.0000 68250.0000 0.6928 -0.2567 -0.0175 0.9191 290.3337 0.2100 0.2999 0.0628 0.0634 -0.0294 -0.0350 0.2864 0.5912 0.5580
1494720000.0000 68550.0000 0.7697 -0.7262 0.0276 1.2480 313.3345 0.0764 0.5498 0.0507 0.0236 -0.0079 -0.0103 0.3385 0.4488 0.4318
1494720000.0000 68850.0000 0.8800 0.0818 -0.0949 0.9503 264.6891 0.1114 0.1319 0.0624 0.0613 -0.0074 0.0196 0.1528 0.3591 0.3222
1494720000.0000 69150.0000 0.5922 -0.1480 -0.0602 0.7201 284.0319 0.0761 0.1480 0.0516 0.0178 -0.0177 -0.0196 0.1378 0.4942 0.4477
1494720000.0000 69450.0000 0.8742 0.1113 -0.2450 0.9098 262.7426 0.0904 0.0576 0.0335 0.0433 -0.0057 0.0048 0.0907 0.2689 0.2520
1494720000.0000 69750.0000 0.7159 -0.1862 -0.1684 0.7846 284.5781 0.0805 0.0889 0.0345 -0.0208 -0.0124 0.0096 0.1020 0.3437 0.3212
1494720000.0000 70050.0000 0.9548 -0.3054 -0.1781 1.0645 287.7383 0.1390 0.2083 0.0456 -0.0904 0.0018 -0.0119 0.1964 0.3554 0.3394
1494720000.0000 70350.0000 1.3719 -0.7780 -0.2085 1.5991 299.5566 0.1721 0.1596 0.0481 -0.1211 -0.0238 0.0022 0.1899 0.2237 0.2108
1494720000.0000 70650.0000 1.3843 -0.6148 -0.3096 1.5345 293.9486 0.2218 0.1439 0.0486 -0.1498 -0.0221 0.0050 0.2071 0.2404 0.2305
1494720000.0000 70950.0000 1.2270 -0.4101 -0.3729 1.3231 288.4803 0.1865 0.1285 0.0844 -0.1030 -0.0509 0.0130 0.1997 0.2710 0.2505
1494720000.0000 71250.0000 1.4766 -0.2646 -0.5724 1.5475 280.1588 0.2426 0.1855 0.1251 -0.0512 -0.0823 0.0392 0.2766 0.2675 0.2518
1494720000.0000 71550.0000 1.2754 -0.2893 -0.3784 1.3586 282.7788 0.2848 0.2151 0.0824 -0.1250 -0.0331 0.0135 0.2912 0.3236 0.3121
1494720000.0000 71850.0000 1.2943 -0.3751 -0.3987 1.3865 286.1626 0.2251 0.1675 0.0936 -0.1181 -0.0496 0.0192 0.2432 0.2865 0.2685
1494720000.0000 72150.0000 1.1841 -0.3183 -0.3439 1.2690 285.0473 0.2107 0.1634 0.0857 -0.1038 -0.0450 0.0190 0.2299 0.3074 0.2880
1494720000.0000 72450.0000 1.1699 -0.2916 -0.3814 1.2423 283.9969 0.1673 0.1267 0.0845 -0.0705 -0.0419 0.0219 0.1892 0.2809 0.2596
1494720000.0000 72750.0000 1.2616 -0.2232 -0.4190 1.3272 280.0351 0.1883 0.1517 0.1044 -0.0448 -0.0436 0.0287 0.2222 0.2855 0.2628
1494720000.0000 73050.0000 1.3735 -0.3279 -0.4233 1.4627 283.4250 0.2549 0.2005 0.1140 -0.0883 -0.0633 0.0245 0.2847 0.2955 0.2759
1494720000.0000 73350.0000 1.2638 -0.3199 -0.3975 1.3483 284.2033 0.2029 0.1728 0.0938 -0.0966 -0.0483 0.0172 0.2347 0.2902 0.2714
1494720000.0000 73650.0000 1.2211 -0.3060 -0.3650 1.3021 284.0666 0.1925 0.1586 0.0850 -0.0879 -0.0432 0.0223 0.2181 0.2909 0.2718
1494720000.0000 73950.0000 1.1799 -0.1032 -0.3701 1.2284 274.9976 0.1778 0.1193 0.0914 0.0288 -0.0297 0.0278 0.1943 0.2900 0.2657
1494720000.0000 74250.0000 1.1238 -0.1681 -0.3511 1.1816 278.5097 0.1682 0.1259 0.0820 -0.0103 -0.0309 0.0286 0.1881 0.2977 0.2756
1494720000.0000 74550.0000 1.0700 -0.1107 -0.3137 1.1211 275.9085 0.1682 0.1174 0.0871 0.0041 -0.0352 0.0282 0.1863 0.3145 0.2868
1494720000.0000 74850.0000 0.1093 -0.3278 0.0407 0.4972 341.5619 0.1177 0.0458 0.0337 0.0232 -0.0029 0.0036 0.0986 0.7371 0.6758
1494720000.0000 75150.0000 0.5999 -0.6654 -0.0142 0.9270 317.9648 0.0878 0.0475 0.0239 -0.0184 -0.0086 0.0033 0.0796 0.2571 0.2371
1494720000.0000 75450.0000 1.0182 -0.8100 -0.0799 1.3169 308.5035 0.0508 0.0633 0.0181 -0.0222 -0.0013 0.0005 0.0661 0.1610 0.1499
1494720000.0000 75750.0000 0.8845 -0.6133 -0.0543 1.0931 304.7366 0.0468 0.0627 0.0202 -0.0302 -0.0055 0.0028 0.0649 0.1930 0.1775
1494720000.0000 76050.0000 0.9644 -0.4824 -0.1711 1.0982 296.5757 0.1163 0.1033 0.0328 -0.0907 -0.0135 0.0035 0.1262 0.2656 0.2509
1494720000.0000 76350.0000 0.8118 -0.2994 -0.1730 0.8914 290.2452 0.0956 0.0846 0.0268 -0.0675 -0.0070 0.0008 0.1035 0.2977 0.2832
1494720000.0000 76650.0000 0.5589 -0.0094 -0.1500 0.5918 270.9641 0.0373 0.0432 0.0209 0.0087 -0.0054 0.0091 0.0507 0.3177 0.2931
1494720000.0000 76950.0000 0.5893 -0.2714 -0.0709 0.6847 294.7263 0.0560 0.0822 0.0176 -0.0330 0.0031 -0.0020 0.0779 0.3492 0.3308
1494720000.0000 77250.0000 0.6960 -0.7695 -0.0034 1.0684 317.8726 0.0440 0.1080 0.0231 -0.0171 0.0007 0.0051 0.0875 0.2328 0.2169
1494720000.0000 77550.0000 0.7947 -0.4759 -0.1146 0.9462 300.9166 0.0550 0.0569 0.0203 -0.0316 -0.0037 -0.0006 0.0661 0.2249 0.2085
1494720000.0000 77850.0000 0.8631 -0.4175 -0.1260 0.9865 295.8126 0.0908 0.1013 0.0316 -0.0668 -0.0045 -0.0040 0.1119 0.2824 0.2639
1494720000.0000 78150.0000 0.6548 -0.2469 -0.1489 0.7424 290.6617 0.0507 0.0885 0.0235 -0.0307 -0.0028 -0.0013 0.0814 0.3255 0.3078
1494720000.0000 78450.0000 0.7177 -0.2118 -0.1860 0.7777 286.4450 0.0563 0.0652 0.0170 -0.0313 -0.0025 0.0011 0.0693 0.2788 0.2690
1494720000.0000 78750.0000 0.7375 -0.3331 -0.1408 0.8286 294.3078 0.0626 0.0557 0.0164 -0.0437 -0.0125 0.0094 0.0673 0.2580 0.2454
1494720000.0000 79050.0000 0.6513 -0.5495 -0.0413 0.8851 310.1529 0.0436 0.1060 0.0182 -0.0249 0.0014 -0.0033 0.0839 0.2772 0.2620
1494720000.0000 79350.0000 0.2360 -0.2441 0.0408 0.5458 315.9743 0.1916 0.1281 0.0183 -0.1284 -0.0151 0.0123 0.1690 0.9815 0.9615
1494720000.0000 79650.0000 -0.2362 0.4990 0.0407 0.6027 154.6750 0.0432 0.0271 0.0187 0.0238 -0.0218 -0.0137 0.0445 0.3112 0.2773
1494720000.0000 79950.0000 -0.0273 0.3501 -0.0360 0.3682 175.5350 0.0093 0.0169 0.0046 0.0028 -0.0002 0.0022 0.0154 0.2867 0.2659
1494720000.0000 80250.0000 -0.0630 0.0854 0.0288 0.1734 143.5922 0.0169 0.0096 0.0061 0.0045 0.0030 0.0016 0.0163 0.9478 0.8854
1494720000.0000 80550.0000 0.1065 -0.0493 -0.0200 0.1631 294.8487 0.0092 0.0094 0.0035 -0.0007 0.0019 -0.0000 0.0110 0.7209 0.6709
1494720000.0000 80850.0000 -0.2228 0.1627 0.0556 0.3200 126.1449 0.0301 0.0264 0.0044 -0.0164 -0.0014 0.0035 0.0305 0.5063 0.4973
1494720000.0000 81150.0000 -0.2593 0.5068 0.0481 0.5818 152.8994 0.0070 0.0218 0.0038 0.0020 0.0007 -0.0038 0.0163 0.1826 0.1721
1494720000.0000 81450.0000 -0.1617 0.4113 0.0503 0.4585 158.5424 0.0120 0.0143 0.0055 0.0010 0.0015 -0.0013 0.0159 0.2317 0.2119
1494720000.0000 81750.0000 -0.4639 0.3076 0.0928 0.5698 123.5457 0.0093 0.0106 0.0068 0.0053 -0.0046 -0.0036 0.0133 0.1671 0.1462
1494720000.0000 82050.0000 0.0437 -0.0491 -0.0189 0.2488 318.3378 0.0549 0.0193 0.0126 -0.0040 -0.0034 0.0047 0.0434 2.4849 2.3901
1494720000.0000 82350.0000 -0.0036 -0.0316 -0.0301 0.1835 6.4869 0.0370 0.0042 0.0037 -0.0079 -0.0091 0.0023 0.0224 2.7938 3.6856
1494720000.0000 82650.0000 -0.0916 0.0363 0.0032 0.1600 111.5806 0.0199 0.0036 0.0025 0.0027 0.0019 0.0008 0.0130 0.9449 0.8987
1494720000.0000 82950.0000 -0.0527 0.1147 0.0905 0.2618 155.3489 0.0341 0.0387 0.0106 0.0176 0.0058 0.0109 0.0417 1.0730 1.2334
1494720000.0000 83250.0000 0.0187 0.0705 0.0151 0.2357 194.8923 0.0527 0.0171 0.0137 -0.0144 -0.0215 0.0090 0.0418 2.2412 2.0919
1494720000.0000 83550.0000 0.3592 -0.0084 -0.1648 0.3938 271.3364 0.0166 0.0275 0.0157 -0.0003 -0.0039 0.0034 0.0299 0.3575 0.3378
1494720000.0000 83850.0000 0.3922 0.0407 -0.1194 0.4008 264.0775 0.0141 0.0062 0.0041 0.0064 0.0012 0.0014 0.0122 0.2189 0.2086
1494720000.0000 84150.0000 0.2805 -0.1881 -0.0309 0.3816 303.8435 0.0196 0.0405 0.0076 -0.0035 0.0001 -0.0065 0.0339 0.4431 0.4193
1494720000.0000 84450.0000 0.3744 -0.4803 -0.0119 0.6291 322.0633 0.0368 0.0354 0.0183 -0.0154 -0.0109 0.0099 0.0453 0.2852 0.2548
1494720000.0000 84750.0000 0.4609 -0.4126 -0.0127 0.6383 311.8392 0.0216 0.0405 0.0085 -0.0113 -0.0030 0.0021 0.0353 0.2478 0.2325
1494720000.0000 85050.0000 0.2797 -0.1370 0.0117 0.3385 296.1022 0.0192 0.0293 0.0105 -0.0118 -0.0030 0.0022 0.0295 0.4497 0.4079
1494720000.0000 85350.0000 0.5104 -0.3874 -0.0760 0.6764 307.1972 0.0339 0.0590 0.0135 -0.0105 -0.0033 -0.0005 0.0532 0.2920 0.2747
1494720000.0000 85650.0000 0.1910 -0.1906 0.0161 0.3629 314.9417 0.0434 0.0607 0.0139 -0.0108 -0.0112 0.0036 0.0590 0.7336 0.6903
1494720000.0000 85950.0000 0.4019 -0.2028 -0.0511 0.4920 296.7757 0.0283 0.0477 0.0257 -0.0061 -0.0071 0.0012 0.0508 0.4063 0.3534
1494720000.0000 86250.0000 0.6243 -0.5776 -0.0103 0.8709 312.7783 0.0617 0.0480 0.0132 -0.0225 -0.0101 0.0001 0.0615 0.2380 0.2248
1494806400.0000 86550.0000 0.7536 -0.3822 -0.1328 0.8639 296.8955 0.0794 0.0746 0.0229 -0.0625 -0.0105 0.0071 0.0885 0.2839 0.2681
1494806400.0000 86850.0000 0.5783 -0.3941 -0.1445 0.7302 304.2731 0.0428 0.0545 0.0142 -0.0113 -0.0090 0.0013 0.0558 0.2699 0.2574
1494806400.0000 87150.0000 0.2628 -0.3420 -0.0647 0.4585 322.4609 0.0192 0.0413 0.0156 -0.0071 -0.0027 0.0054 0.0380 0.3651 0.3292
1494806400.0000 87450.0000 0.3000 -0.2689 0.0305 0.4206 311.8742 0.0191 0.0222 0.0105 -0.0085 -0.0044 0.0023 0.0259 0.3251 0.2910
1494806400.0000 87750.0000 0.0664 -0.1801 0.0141 0.2606 339.7681 0.0134 0.0315 0.0079 0.0107 0.0034 0.0063 0.0264 0.6892 0.6370
1494806400.0000 88050.0000 0.2659 -0.4367 -0.0002 0.5393 328.6624 0.0379 0.0602 0.0131 -0.0236 -0.0039 0.0058 0.0556 0.3765 0.3536
1494806400.0000 88350.0000 0.7010 -0.4923 -0.0153 0.8771 305.0806 0.0761 0.0759 0.0342 -0.0481 -0.0204 0.0089 0.0931 0.2908 0.2628
1494806400.0000 88650.0000 0.5614 -0.1820 -0.0807 0.6232 287.9608 0.0631 0.0595 0.0252 -0.0291 -0.0162 0.0106 0.0739 0.3727 0.3426
1494806400.0000 88950.0000 0.7240 -0.2571 -0.2014 0.7886 289.5532 0.0566 0.0535 0.0223 -0.0386 -0.0072 0.0021 0.0662 0.2646 0.2494
1494806400.0000 89250.0000 0.7340 -0.4471 -0.1213 0.8868 301.3475 0.0574 0.0814 0.0222 -0.0395 -0.0061 0.0054 0.0805 0.2669 0.2503
1494806400.0000 89550.0000 0.7089 -0.5135 -0.0209 0.8994 305.9166 0.0702 0.0830 0.0231 -0.0473 -0.0051 -0.0001 0.0881 0.2768 0.2581
1494806400.0000 89850.0000 0.9195 -0.6512 -0.0616 1.1398 305.3059 0.0450 0.0593 0.0113 -0.0295 -0.0053 0.0060 0.0578 0.1740 0.1655
1494806400.0000 90150.0000 0.5212 -0.4822 0.0032 0.7322 312.7795 0.0453 0.0703 0.0136 -0.0316 -0.0062 0.0096 0.0646 0.2922 0.2764
1494806400.0000 90450.0000 0.4552 -0.1661 -0.0746 0.5115 290.0522 0.0524 0.0473 0.0168 -0.0339 -0.0141 0.0130 0.0583 0.4020 0.3762
1494806400.0000 90750.0000 0.6844 -0.5594 -0.0381 0.9160 309.2615 0.0290 0.1096 0.0131 -0.0226 -0.0022 -0.0085 0.0759 0.2542 0.2432
1494806400.0000 91050.0000 0.6184 -0.5403 -0.0477 0.8347 311.1425 0.0259 0.0399 0.0142 -0.0120 -0.0042 0.0040 0.0400 0.1985 0.1803
1494806400.0000 91350.0000 0.4006 -0.2848 -0.0900 0.5063 305.4074 0.0101 0.0215 0.0046 -0.0059 0.0000 0.0003 0.0181 0.2199 0.2090
1494806400.0000 91650.0000 0.2052 -0.3739 -0.0060 0.4556 331.2372 0.0236 0.0084 0.0045 0.0070 -0.0041 -0.0011 0.0183 0.2589 0.2424
1494806400.0000 91950.0000 -0.4647 -0.1400 0.1164 0.5847 73.2337 0.1107 0.0477 0.0175 -0.0407 -0.0184 0.0020 0.0879 0.4851 0.4734
1494806400.0000 92250.0000 -0.1630 0.4289 -0.0821 0.5219 159.1931 0.0622 0.0071 0.0069 0.0043 -0.0098 -0.0027 0.0381 0.3419 0.3312
1494806400.0000 92550.0000 0.0258 0.4354 -0.0295 0.4673 183.3894 0.0235 0.0199 0.0078 0.0153 -0.0007 -0.0021 0.0256 0.2987 0.2758
1494806400.0000 92850.0000 -0.3544 0.3065 0.0357 0.4763 130.8559 0.0096 0.0058 0.0062 -0.0007 -0.0016 0.0006 0.0108 0.1806 0.1529
1494806400.0000 93150.0000 0.1608 0.2257 -0.0853 0.3058 215.4775 0.0178 0.0072 0.0051 -0.0009 0.0001 0.0034 0.0151 0.3457 0.3299
1494806400.0000 93450.0000 0.0164 0.0713 -0.0358 0.1472 192.9172 0.0215 0.0088 0.0041 0.0076 -0.0045 -0.0007 0.0172 1.3140 1.3731
1494806400.0000 93750.0000 -0.2230 0.2084 0.0029 0.3586 133.0616 0.0170 0.0244 0.0121 0.0132 -0.0034 -0.0025 0.0267 0.4373 0.3849
1494806400.0000 94050.0000 -0.1037 0.3084 0.0337 0.3571 161.4205 0.0169 0.0164 0.0063 -0.0011 -0.0040 0.0017 0.0198 0.3512 0.3237
1494806400.0000 94350.0000 -0.1549 0.5538 -0.0771 0.5802 164.3733 0.0053 0.0033 0.0027 0.0013 0.0015 0.0008 0.0056 0.1056 0.0928
1494806400.0000 94650.0000 -0.0230 0.6070 -0.0795 0.6274 177.8324 0.0242 0.0094 0.0057 0.0017 -0.0038 0.0001 0.0197 0.1869 0.1742
1494806400.0000 94950.0000 0.0964 0.5820 -0.1193 0.6204 189.4040 0.0374 0.0337 0.0061 0.0052 -0.0014 0.0016 0.0386 0.2665 0.2610
1494806400.0000 95250.0000 0.1202 0.3383 -0.1392 0.4017 199.5628 0.0393 0.0607 0.0145 0.0211 0.0036 0.0020 0.0572 0.5073 0.5086
1494806400.0000 95550.0000 0.0092 0.3685 -0.0009 0.3940 181.4267 0.0184 0.0288 0.0109 -0.0057 0.0025 0.0011 0.0291 0.3777 0.3403
1494806400.0000 95850.0000 0.2043 0.4054 -0.0703 0.4944 206.7421 0.0354 0.0147 0.0201 -0.0087 -0.0077 0.0102 0.0351 0.3330 0.2846
1494806400.0000 96150.0000 0.1641 0.0430 -0.0466 0.1950 255.3269 0.0169 0.0119 0.0166 0.0078 -0.0063 0.0010 0.0227 0.6994 0.5782
1494806400.0000 96450.0000 0.2396 0.0537 0.0018 0.2743 257.3711 0.0088 0.0178 0.0127 0.0050 0.0039 0.0096 0.0196 0.4658 0.3833
1494806400.0000 96750.0000 0.2778 -0.1247 -0.0789 0.3181 294.1726 0.0128 0.0123 0.0055 -0.0052 -0.0018 0.0000 0.0153 0.3211 0.3002
1494806400.0000 97050.0000 0.3474 0.0480 -0.1322 0.3627 262.1343 0.0444 0.0129 0.0056 0.0157 -0.0042 -0.0011 0.0314 0.3861 0.3940
1494806400.0000 97350.0000 -0.1031 0.0342 0.0095 0.2127 108.3664 0.0476 0.0177 0.0150 -0.0089 -0.0031 0.0035 0.0401 1.5004 1.3583
1494806400.0000 97650.0000 -0.0226 0.1113 0.0064 0.1578 168.5229 0.0122 0.0024 0.0021 0.0003 -0.0000 0.0002 0.0083 0.6556 0.6133
1494806400.0000 97950.0000 -0.0053 0.1371 0.0101 0.2042 177.7704 0.0251 0.0090 0.0127 0.0027 -0.0029 0.0003 0.0234 0.9083 0.7779
1494806400.0000 98250.0000 0.2209 0.0219 -0.0544 0.2409 264.3274 0.0060 0.0094 0.0045 0.0038 0.0008 0.0021 0.0099 0.3563 0.3226
1494806400.0000 98550.0000 0.0188 0.0225 0.0344 0.2195 219.8906 0.0542 0.0068 0.0060 0.0035 -0.0054 -0.0002 0.0335 3.3089 4.8604
1494806400.0000 98850.0000 0.0612 -0.0740 0.0872 0.3923 320.4155 0.0551 0.1114 0.0114 0.0466 -0.0004 0.0045 0.0890 1.8777 2.4537
1494806400.0000 99150.0000 -0.1236 0.0118 0.0289 0.2265 95.4378 0.0193 0.0279 0.0045 0.0063 -0.0013 -0.0030 0.0259 1.0301 1.0104
1494806400.0000 99450.0000 0.1533 -0.1049 -0.0539 0.2315 304.3744 0.0161 0.0135 0.0141 -0.0007 -0.0108 -0.0017 0.0219 0.6243 0.5347
1494806400.0000 99750.0000 0.0202 -0.1577 0.0076 0.1771 352.6848 0.0072 0.0179 0.0051 -0.0051 0.0003 0.0035 0.0151 0.6302 0.5746
1494806400.0000 100050.0000 0.5565 -0.4120 -0.0730 0.6995 306.5135 0.0259 0.0199 0.0098 -0.0135 -0.0037 0.0018 0.0278 0.1955 0.1785
1494806400.0000 100350.0000 0.5114 -0.3483 0.0021 0.6377 304.2592 0.0583 0.0442 0.0074 -0.0343 -0.0048 0.0003 0.0550 0.3094 0.2987
1494806400.0000 100650.0000 0.1400 -0.1300 0.0456 0.2689 312.8955 0.0310 0.0184 0.0093 -0.0057 -0.0046 0.0015 0.0293 0.7117 0.6712
1494806400.0000 100950.0000 0.3149 -0.3938 -0.0010 0.5577 321.3575 0.0845 0.0623 0.0193 -0.0326 -0.0137 0.0083 0.0831 0.4667 0.4387
1494806400.0000 101250.0000 0.9266 -0.6109 -0.0795 1.1347 303.3968 0.0579 0.0946 0.0267 -0.0427 -0.0035 0.0010 0.0896 0.2196 0.2032
1494806400.0000 101550.0000 0.4973 -0.2390 -0.0570 0.6101 295.6685 0.0550 0.0928 0.0228 -0.0192 0.0019 0.0076 0.0853 0.4299 0.4023
1494806400.0000 101850.0000 0.1683 -0.3591 0.0461 0.4517 334.8828 0.0272 0.0452 0.0215 0.0146 0.0066 0.0082 0.0470 0.4433 0.3919
1494806400.0000 102150.0000 0.2640 -0.0966 0.0039 0.3080 290.1053 0.0169 0.0234 0.0112 -0.0066 -0.0039 0.0042 0.0258 0.4662 0.4124
1494806400.0000 102450.0000 0.0502 -0.2059 -0.0731 0.2967 346.3108 0.0441 0.0128 0.0152 -0.0005 0.0042 -0.0043 0.0360 0.6915 0.6498
1494806400.0000 102750.0000 0.2783 -0.1193 -0.0804 0.3552 293.2012 0.0124 0.0420 0.0102 0.0026 -0.0009 0.0023 0.0323 0.4683 0.4447
1494806400.0000 103050.0000 0.0887 -0.2277 0.0205 0.2990 338.7156 0.0242 0.0273 0.0149 -0.0009 -0.0025 -0.0037 0.0332 0.6066 0.5361
1494806400.0000 103350.0000 -0.0520 -0.0052 0.0689 0.2723 84.2784 0.0797 0.0120 0.0134 0.0025 -0.0208 -0.0032 0.0526 2.1657 3.3469
1494806400.0000 103650.0000 -0.1577 0.1234 -0.0077 0.2724 128.0547 0.0460 0.0133 0.0069 -0.0142 -0.0141 0.0064 0.0331 0.7416 0.7022
1494806400.0000 103950.0000 0.3996 -0.2317 -0.1462 0.5553 300.1066 0.0400 0.1054 0.0458 -0.0071 -0.0137 0.0145 0.0956 0.5212 0.4767
1494806400.0000 104250.0000 0.3612 -0.4082 -0.0266 0.5989 318.4981 0.0633 0.0766 0.0266 -0.0195 -0.0117 0.0034 0.0833 0.4317 0.3962
1494806400.0000 104550.0000 0.8754 -0.8254 -0.0348 1.2290 313.3174 0.1365 0.1882 0.0361 -0.1102 -0.0214 0.0169 0.1804 0.2881 0.2734
1494806400.0000 104850.0000 1.0192 -0.7508 -0.1017 1.2987 306.3787 0.1182 0.1524 0.0471 -0.0767 -0.0109 0.0023 0.1589 0.2563 0.2373
1494806400.0000 105150.0000 0.7924 -0.4467 -0.0508 0.9440 299.4113 0.1319 0.1335 0.0266 -0.0953 -0.0181 0.0100 0.1460 0.3425 0.3270
1494806400.0000 105450.0000 -0.0580 -0.0221 0.1257 0.2322 69.1627 0.0415 0.0217 0.0095 0.0063 0.0008 0.0034 0.0363 1.1096 2.3379
1494806400.0000 105750.0000 0.1063 -0.1252 -0.0677 0.2877 319.6579 0.0535 0.0346 0.0232 0.0004 -0.0221 -0.0021 0.0557 1.0847 1.0439
1494806400.0000 106050.0000 0.5352 -0.4929 -0.0154 0.7921 312.6468 0.0454 0.1430 0.0218 -0.0146 -0.0060 -0.0027 0.1051 0.3638 0.3445
1494806400.0000 106350.0000 0.3156 -0.4718 0.0560 0.5929 326.2192 0.0514 0.0697 0.0134 -0.0336 0.0008 0.0035 0.0672 0.3712 0.3539
1494806400.0000 106650.0000 0.4890 0.0647 -0.1188 0.5515 262.4628 0.0488 0.0597 0.0240 0.0352 -0.0190 -0.0143 0.0662 0.4141 0.3854
1494806400.0000 106950.0000 0.3022 0.0026 0.0098 0.3875 269.5032 0.0740 0.0502 0.0146 0.0394 -0.0018 0.0074 0.0694 0.7114 0.6731
1494806400.0000 107250.0000 0.0103 -0.2362 0.0688 0.2671 357.5113 0.0145 0.0128 0.0124 0.0072 0.0035 -0.0032 0.0199 0.4675 0.4036
1494806400.0000 107550.0000 0.0430 -0.0607 -0.0216 0.1695 324.6697 0.0153 0.0177 0.0023 -0.0076 -0.0023 -0.0009 0.0177 1.4000 1.4093
1494806400.0000 107850.0000 -0.1460 -0.0318 0.0288 0.1685 77.7157 0.0051 0.0045 0.0048 -0.0007 -0.0031 -0.0007 0.0072 0.4558 0.3795
1494806400.0000 108150.0000 -0.0403 0.2374 0.0236 0.3266 170.3690 0.0402 0.0147 0.0043 0.0201 -0.0087 -0.0034 0.0296 0.5808 0.5620
1494806400.0000 108450.0000 -0.0447 0.0740 0.0255 0.1179 148.8681 0.0047 0.0078 0.0027 0.0011 0.0009 -0.0009 0.0076 0.7894 0.7464
1494806400.0000 108750.0000 0.0176 -0.0024 0.0183 0.0578 277.7691 0.0020 0.0023 0.0020 0.0005 0.0014 0.0001 0.0031 1.7986 2.1300
1494806400.0000 109050.0000 -0.1096 -0.1638 0.0551 0.2103 33.7801 0.0052 0.0042 0.0027 -0.0013 0.0002 0.0007 0.0061 0.3109 0.2845
1494806400.0000 109350.0000 0.3586 -0.2578 -0.0089 0.4490 305.7142 0.0170 0.0164 0.0051 -0.0111 -0.0055 0.0030 0.0192 0.2562 0.2386
1494806400.0000 109650.0000 0.3573 -0.7342 -0.0036 0.8248 334.0489 0.0089 0.0389 0.0066 -0.0023 -0.0003 -0.0007 0.0272 0.1649 0.1546
1494806400.0000 109950.0000 0.5268 -0.6144 -0.0248 0.8288 319.3902 0.0270 0.0456 0.0148 -0.0069 -0.0018 0.0043 0.0437 0.2108 0.1921
1494806400.0000 110250.0000 0.5256 -0.9349 0.0608 1.1131 330.6545 0.0468 0.1072 0.0241 0.0125 -0.0081 -0.0050 0.0890 0.2268 0.2113
1494806400.0000 110550.0000 -0.1006 -0.5362 0.1887 0.6133 10.6234 0.0739 0.0573 0.0414 -0.0183 -0.0282 0.0177 0.0863 0.4156 0.3833
1494806400.0000 110850.0000 -0.0719 -0.2718 0.2353 0.3565 14.8106 0.0345 0.0693 0.0214 -0.0018 0.0021 0.0070 0.0626 0.5573 0.6617
1494806400.0000 111150.0000 -0.1115 -0.1917 0.0877 0.3537 30.1842 0.0896 0.0296 0.0211 -0.0120 -0.0059 0.0129 0.0701 0.9067 0.8987
1494806400.0000 111450.0000 -0.6138 -0.1980 0.0347 0.6623 72.1250 0.0358 0.0197 0.0201 0.0005 -0.0127 0.0034 0.0379 0.2459 0.2110
1494806400.0000 111750.0000 -0.2437 -0.2430 0.0586 0.4609 45.0823 0.0748 0.0722 0.0765 0.0012 -0.0066 -0.0017 0.1117 0.7815 0.6429
1494806400.0000 112050.0000 -0.5643 -0.4946 0.1487 0.8419 48.7647 0.1183 0.0885 0.1028 -0.0258 -0.0251 0.0044 0.1548 0.4199 0.3499
1494806400.0000 112350.0000 -0.5092 -0.4579 0.4858 0.8105 48.0362 0.1456 0.1207 0.0747 -0.0674 -0.0101 0.0164 0.1705 0.4015 0.4350
1494806400.0000 112650.0000 -0.2613 -0.9358 0.2826 0.9951 15.5993 0.0411 0.0681 0.0674 0.0043 0.0028 0.0271 0.0883 0.2398 0.1964
1494806400.0000 112950.0000 -0.2233 -0.7309 -0.0429 0.7789 16.9907 0.0284 0.0260 0.0223 0.0099 -0.0076 -0.0065 0.0383 0.2089 0.1762
1494806400.0000 113250.0000 -0.4509 -0.2837 0.0455 0.6384 57.8180 0.0833 0.0963 0.0946 -0.0368 0.0059 0.0183 0.1371 0.5655 0.4593
1494806400.0000 113550.0000 -1.0165 -0.2295 0.2819 1.1638 77.2797 0.1217 0.2368 0.1401 -0.0493 -0.0168 0.0241 0.2492 0.3776 0.3317
1494806400.0000 113850.0000 -0.9507 -0.0801 0.3060 0.9928 85.1817 0.1403 0.0602 0.1360 -0.0005 0.0500 0.0078 0.1683 0.3343 0.2709
1494806400.0000 114150.0000 -0.8162 -0.2748 0.0461 0.9065 71.3917 0.0707 0.0822 0.1319 0.0038 -0.0473 0.0158 0.1424 0.3572 0.2621
1494806400.0000 114450.0000 -0.7214 0.0403 0.1579 0.7952 93.1990 0.0702 0.1121 0.0661 0.0359 0.0290 0.0237 0.1242 0.3891 0.3412
1494806400.0000 114750.0000 -0.4866 0.1715 0.0908 0.6169 109.4123 0.0601 0.1058 0.0710 0.0099 -0.0195 -0.0068 0.1185 0.5365 0.4558
1494806400.0000 115050.0000 -0.5964 -0.1267 0.2882 0.6553 78.0020 0.0506 0.0570 0.0730 0.0043 -0.0017 0.0059 0.0903 0.3639 0.3106
1494806400.0000 115350.0000 -0.8959 0.4478 0.1042 1.0327 116.5582 0.0567 0.0879 0.0761 -0.0210 -0.0029 -0.0417 0.1104 0.2694 0.2192
1494806400.0000 115650.0000 -0.9071 0.2764 0.0284 1.0298 106.9447 0.0840 0.1485 0.1252 0.0443 -0.0237 -0.0827 0.1788 0.3640 0.2935
1494806400.0000 115950.0000 -0.6725 0.4619 -0.0381 0.8586 124.4831 0.0619 0.0850 0.0808 -0.0076 -0.0280 -0.0086 0.1139 0.3373 0.2712
1494806400.0000 116250.0000 -0.7451 0.1714 0.1322 0.8205 102.9572 0.0683 0.0824 0.0762 0.0068 -0.0118 -0.0206 0.1135 0.3545 0.2932
1494806400.0000 116550.0000 -0.7666 0.2491 0.0630 0.8560 108.0002 0.0427 0.0760 0.1023 -0.0005 0.0073 -0.0257 0.1105 0.3357 0.2468
1494806400.0000 116850.0000 -0.3906 -0.0164 0.0133 0.4764 87.6029 0.0595 0.0546 0.0555 0.0179 -0.0026 -0.0040 0.0848 0.6078 0.4988
1494806400.0000 117150.0000 -0.2957 -0.3392 0.1570 0.6454 41.0787 0.1504 0.1705 0.0770 0.0621 0.0307 0.0325 0.1990 0.7642 0.7268
1494806400.0000 117450.0000 -0.1792 -0.7110 0.2558 0.8485 14.1483 0.1724 0.1138 0.1140 -0.0188 -0.0079 0.0492 0.2001 0.4703 0.4212
1494806400.0000 117750.0000 -0.7621 -0.4780 0.0911 0.9483 57.9007 0.1151 0.0677 0.0959 0.0002 -0.0202 0.0064 0.1394 0.3371 0.2744
1494806400.0000 118050.0000 -0.5357 -0.5590 0.0505 0.8308 43.7837 0.0581 0.1325 0.1151 0.0115 0.0159 -0.0109 0.1528 0.4114 0.3255
1494806400.0000 118350.0000 -0.5592 -0.5080 0.1630 0.8810 47.7437 0.1668 0.1369 0.1769 -0.0546 -0.0550 0.0123 0.2403 0.5179 0.4212
1494806400.0000 118650.0000 -1.1650 -0.1960 0.1836 1.3129 80.4483 0.1709 0.3145 0.1577 -0.0336 -0.0505 -0.0319 0.3216 0.3873 0.3405
1494806400.0000 118950.0000 -1.2252 0.1926 0.2179 1.3279 98.9339 0.2663 0.2366 0.2332 -0.1252 -0.0288 0.0281 0.3681 0.3934 0.3301
1494806400.0000 119250.0000 -0.9560 -0.2303 -0.1266 1.0622 76.4583 0.1285 0.1764 0.2515 0.0193 -0.0025 -0.0545 0.2782 0.4344 0.3242
1494806400.0000 119550.0000 -0.6431 -0.9957 0.2934 1.2721 32.8589 0.2052 0.2451 0.1652 0.0363 -0.0449 0.0103 0.3078 0.3710 0.3269
1494806400.0000 119850.0000 -1.0089 -1.2467 0.2689 1.7765 38.9810 0.5700 0.2153 0.1180 -0.1251 0.0311 0.0104 0.4516 0.3374 0.3190
1494806400.0000 120150.0000 -0.9220 -1.5810 0.4197 1.8910 30.2506 0.2476 0.4496 0.1770 0.1180 0.0662 0.1370 0.4371 0.2875 0.2634
1494806400.0000 120450.0000 -0.9211 -0.8407 0.2984 1.3504 47.6136 0.2329 0.2470 0.2212 -0.0007 -0.0386 0.0369 0.3505 0.3770 0.3207
1494806400.0000 120750.0000 -1.0855 -1.5294 0.3987 1.9915 35.3658 0.4461 0.2649 0.1919 -0.1007 -0.0165 -0.0057 0.4515 0.2861 0.2596
1494806400.0000 121050.0000 -1.1408 -1.4323 0.4092 2.1566 38.5385 1.0967 0.5242 0.1630 -0.3467 -0.0926 0.1151 0.8920 0.4110 0.4014
1494806400.0000 121350.0000 -0.2374 -1.4536 0.2195 1.5529 9.2770 0.1994 0.5416 0.1264 0.0150 0.0060 -0.0024 0.4337 0.3611 0.3374
1494806400.0000 121650.0000 0.3054 -1.2022 0.3606 1.3543 345.7447 0.2715 0.7115 0.1282 -0.1769 -0.0618 0.1143 0.5556 0.4711 0.4615
1494806400.0000 121950.0000 -0.6793 -0.8772 0.4044 1.2029 37.7507 0.1243 0.2470 0.1825 -0.0295 -0.0321 0.0886 0.2769 0.3638 0.3171
1494806400.0000 122250.0000 -0.8423 -1.4001 0.2697 1.7392 31.0296 0.2560 0.2994 0.1820 -0.1080 -0.0202 0.0291 0.3687 0.2994 0.2633
1494806400.0000 122550.0000 -0.9420 -0.8893 0.4302 1.4534 46.6456 0.2702 0.4617 0.1896 -0.0711 -0.0120 0.0523 0.4608 0.4060 0.3813
1494806400.0000 122850.0000 -1.2237 -1.2658 0.2583 1.8316 44.0318 0.3413 0.7209 0.2407 0.2668 -0.0978 -0.1575 0.6515 0.3704 0.3380
1494806400.0000 123150.0000 -0.4481 -1.4015 0.3271 1.6192 17.7293 0.5908 0.4641 0.2623 0.2092 -0.0189 0.0118 0.6586 0.4396 0.4030
1494806400.0000 123450.0000 -0.4052 0.0977 -0.0278 0.8112 103.5582 0.3354 0.3623 0.1827 -0.0029 0.0141 -0.0715 0.4402 1.2968 1.1570
1494806400.0000 123750.0000 -1.4972 -0.7888 0.3865 1.8654 62.2179 0.4628 0.5595 0.3225 -0.1001 -0.1030 0.0347 0.6724 0.3857 0.3449
1494806400.0000 124050.0000 -1.4448 -0.6018 0.3126 1.6432 67.3849 0.4512 0.2621 0.2934 0.0632 -0.0292 0.0104 0.5033 0.3629 0.3115
1494806400.0000 124350.0000 -1.0282 0.1809 0.0547 1.1367 99.9809 0.1779 0.2085 0.2053 -0.0602 -0.0194 -0.0598 0.2958 0.4248 0.3438
1494806400.0000 124650.0000 -1.6091 -1.2700 0.6018 2.2002 51.7180 0.4974 0.5407 0.3226 -0.0531 0.0170 0.0742 0.6803 0.3152 0.2870
1494806400.0000 124950.0000 -1.0713 -1.3739 0.3498 1.9518 37.9446 0.3932 0.8721 0.2292 -0.0150 -0.0046 -0.0244 0.7473 0.3972 0.3728
1494806400.0000 125250.0000 -1.4631 -0.7567 0.2646 2.0904 62.6510 0.6624 2.2782 0.2548 0.3532 -0.1707 -0.3816 1.5977 0.6186 0.6011
1494806400.0000 125550.0000 -1.0594 0.2836 0.1610 1.5171 104.9876 0.2451 1.1992 0.2255 0.1945 -0.0135 -0.1128 0.8349 0.6730 0.6326
1494806400.0000 125850.0000 -1.7304 -0.2448 0.2339 1.8114 81.9483 0.5765 0.2186 0.1854 -0.0672 -0.1165 0.0046 0.4903 0.3242 0.2946
1494806400.0000 126150.0000 -0.9985 0.1418 0.1566 1.1233 98.0839 0.4094 0.1592 0.1914 -0.0009 -0.0166 -0.0102 0.3800 0.4932 0.4317
1494806400.0000 126450.0000 -1.7907 -0.4005 0.5271 2.0352 77.3919 0.7596 0.7721 0.2987 0.1082 -0.0242 -0.0919 0.9152 0.4091 0.3894
1494806400.0000 126750.0000 -2.2374 1.2677 0.2160 2.6405 119.5354 0.6653 0.4888 0.2449 -0.2412 0.1062 -0.1851 0.6995 0.2646 0.2412
1494806400.0000 127050.0000 -1.8619 1.1089 0.0966 2.3333 120.7757 0.9466 0.4852 0.3187 0.1234 0.0196 -0.0970 0.8753 0.3521 0.3188
1494806400.0000 127350.0000 -2.0398 1.4788 0.0596 2.6363 125.9416 1.3578 0.2674 0.2179 -0.1665 -0.0083 -0.0293 0.9216 0.3110 0.2921
1494806400.0000 127650.0000 -0.8343 -0.0609 0.2520 1.1030 85.8273 0.7100 0.3594 0.3318 0.0368 0.0018 -0.0455 0.7006 0.7822 0.7137
1494806400.0000 127950.0000 -2.7161 0.3596 0.5273 2.9259 97.5427 0.7026 1.0556 0.3857 -0.1724 0.0585 -0.1963 1.0720 0.3030 0.2794
1494806400.0000 128250.0000 -1.4158 -0.2809 0.4605 1.5913 78.7793 0.9414 0.3760 0.3721 0.0573 -0.0893 -0.0251 0.8447 0.4953 0.4591
1494806400.0000 128550.0000 -1.8179 -0.3854 0.2259 1.9944 78.0308 0.8540 0.4247 0.4404 -0.0123 -0.2875 -0.1210 0.8596 0.4044 0.3513
1494806400.0000 128850.0000 -1.4627 0.5000 0.1968 1.8740 108.8722 0.5077 1.0511 0.4065 0.1324 -0.0858 -0.4406 0.9826 0.5194 0.4663
1494806400.0000 129150.0000 -1.3813 -0.6680 0.4034 1.7498 64.1921 0.6645 0.5438 0.3329 0.0755 -0.0173 -0.1107 0.7706 0.4518 0.4136
1494806400.0000 129450.0000 -1.1771 0.8365 0.0189 1.6825 125.3986 0.6327 1.4353 0.4350 -0.3367 0.1529 -0.3700 1.2515 0.6325 0.5750
1494806400.0000 129750.0000 -1.6848 1.6128 -0.0249 2.4456 133.7484 0.3876 0.6585 0.3741 -0.0046 -0.1114 -0.2102 0.7101 0.2950 0.2532
1494806400.0000 130050.0000 -1.4351 1.4872 -0.0901 2.2020 136.0216 0.6999 0.3994 0.2456 -0.0135 0.0037 -0.1634 0.6725 0.3237 0.2929
1494806400.0000 130350.0000 -1.4295 1.7243 -0.0331 2.3570 140.3398 0.5050 0.4927 0.2570 -0.0019 -0.0465 -0.2329 0.6273 0.2887 0.2575
1494806400.0000 130650.0000 -1.6797 0.9013 0.2592 1.9883 118.2167 0.5856 0.1850 0.1143 0.0575 -0.0327 -0.0342 0.4425 0.2823 0.2659
1494806400.0000 130950.0000 -1.5295 0.6942 0.2347 1.7556 114.4125 0.4368 0.2113 0.1579 0.0355 -0.0297 -0.0597 0.4030 0.3056 0.2767
1494806400.0000 131250.0000 -0.7732 0.4490 -0.0802 0.9495 120.1414 0.3761 0.2440 0.0609 -0.2249 -0.0542 0.0509 0.3406 0.5308 0.5085
1494806400.0000 131550.0000 -1.5428 0.6037 0.0760 1.7689 111.3714 0.3925 0.2946 0.1934 0.0843 -0.0644 -0.1227 0.4403 0.3267 0.2889
1494806400.0000 131850.0000 -1.5638 -0.0484 0.6333 1.6968 88.2291 0.7994 0.4397 0.2092 -0.1633 0.1048 -0.1181 0.7242 0.4116 0.4108
1494806400.0000 132150.0000 -1.8656 0.9836 0.1954 2.2340 117.8011 0.5257 0.4105 0.4011 0.0930 0.0012 -0.2864 0.6687 0.3152 0.2649
1494806400.0000 132450.0000 -0.3849 0.7860 -0.4012 1.0306 153.9094 0.3516 0.3417 0.1161 -0.2253 -0.0331 0.0122 0.4047 0.5395 0.5493
1494806400.0000 132750.0000 0.0946 -0.6741 -0.1530 0.7342 352.0084 0.0712 0.0960 0.1123 -0.0340 0.0432 -0.0588 0.1397 0.4374 0.3468
1494806400.0000 133050.0000 -0.7489 0.2727 -0.0464 1.1071 110.0118 0.4206 0.3641 0.2460 -0.1607 0.0774 -0.0867 0.5154 0.7342 0.6417
1494806400.0000 133350.0000 0.1048 0.3092 -0.2032 0.4652 198.7147 0.0952 0.0917 0.0539 0.0205 -0.0033 0.0052 0.1204 0.7366 0.7644
1494806400.0000 133650.0000 -0.0106 -0.1367 0.1612 0.4266 4.4289 0.0869 0.1350 0.0726 0.0185 0.0108 -0.0197 0.1473 1.4808 1.9836
1494806400.0000 133950.0000 0.5304 -0.7355 -0.0678 0.9641 324.2025 0.1544 0.1777 0.1665 -0.0836 -0.0414 -0.0131 0.2492 0.4483 0.3669
1494806400.0000 134250.0000 -0.8212 0.0882 0.2050 1.1111 96.1281 0.8402 0.1964 0.2040 -0.1473 -0.0888 -0.0226 0.6203 0.7557 0.7118
1494806400.0000 134550.0000 -1.2735 1.0881 -0.1183 1.7256 130.5108 0.1986 0.1715 0.1648 -0.0209 -0.0209 -0.0499 0.2675 0.2515 0.2097
1494806400.0000 134850.0000 0.5124 0.3302 -0.3702 0.9541 237.2003 0.2112 0.4953 0.1730 -0.1436 0.0030 -0.1158 0.4398 0.7591 0.7960
1494806400.0000 135150.0000 0.4971 -0.1882 -0.2094 0.6548 290.7427 0.0767 0.1374 0.1530 0.0103 -0.0139 0.0681 0.1836 0.6124 0.5027
1494806400.0000 135450.0000 0.7993 0.3718 -0.3665 0.9774 245.0575 0.1427 0.1665 0.1640 -0.0145 -0.0146 -0.0321 0.2366 0.4160 0.3642
1494806400.0000 135750.0000 0.0220 0.0640 -0.0866 0.6154 199.0006 0.3414 0.1614 0.2180 -0.0918 -0.1588 0.0309 0.3604 4.4592 6.0462
1494806400.0000 136050.0000 -0.9002 0.9852 -0.0795 1.4699 137.5809 0.4303 0.1862 0.1886 0.0113 0.0016 -0.0113 0.4025 0.3875 0.3397
1494806400.0000 136350.0000 -0.9145 -0.6938 0.2517 1.3520 52.8127 0.4320 0.3585 0.2081 -0.0534 -0.0197 0.0587 0.4993 0.4909 0.4472
1494806400.0000 136650.0000 -0.9917 -0.7226 0.2891 1.3148 53.9213 0.2202 0.2327 0.2226 0.0142 0.0469 0.0264 0.3378 0.3764 0.3167
1494806400.0000 136950.0000 0.2106 -0.9325 0.3269 1.1315 347.2758 0.2900 0.4141 0.2551 0.0243 -0.0157 0.0179 0.4796 0.5597 0.5068
1494806400.0000 137250.0000 -0.6215 -1.4475 0.1343 1.6915 23.2369 0.5659 0.3078 0.1708 0.2176 -0.1204 -0.0198 0.5223 0.3732 0.3426
1494806400.0000 137550.0000 -0.3964 -1.7467 0.1475 1.9587 12.7873 0.4531 0.5565 0.2650 -0.2157 0.1214 -0.0700 0.6373 0.3627 0.3239
1494806400.0000 137850.0000 0.5136 -0.9072 -0.1300 1.2520 330.4841 0.4598 0.3686 0.2831 -0.2653 0.0141 -0.0300 0.5557 0.5794 0.5040
1494806400.0000 138150.0000 0.6034 -0.6623 -0.1539 1.0248 317.6642 0.3628 0.2760 0.1995 -0.1538 -0.0591 0.0222 0.4191 0.5815 0.5150
1494806400.0000 138450.0000 1.2427 -0.2776 -0.4623 1.4545 282.5919 0.2373 0.5543 0.2394 0.0164 -0.0247 -0.0497 0.5155 0.4327 0.4034
1494806400.0000 138750.0000 1.0011 0.0339 -0.4722 1.0607 268.0633 0.2153 0.1507 0.1057 0.1218 -0.0325 0.0005 0.2359 0.3581 0.3487
1494806400.0000 139050.0000 0.8215 0.3044 -0.5646 0.9712 249.6676 0.2318 0.1630 0.2345 0.0334 -0.1063 -0.0468 0.3146 0.4394 0.4141
1494806400.0000 139350.0000 0.5741 0.4801 -0.2205 0.8115 230.0983 0.1539 0.0673 0.1120 0.0168 -0.0206 -0.0224 0.1665 0.4271 0.3628
1494806400.0000 139650.0000 0.3598 0.6569 -0.1774 0.7933 208.7114 0.0733 0.1110 0.1081 0.0177 -0.0285 -0.0107 0.1462 0.4057 0.3310
1494806400.0000 139950.0000 0.2268 0.1952 0.0509 0.4705 229.2877 0.0630 0.1299 0.0847 0.0202 -0.0093 -0.0703 0.1388 1.0021 0.8473
1494806400.0000 140250.0000 -0.1341 -0.5291 0.1317 0.6969 14.2197 0.1116 0.2290 0.0936 0.0861 -0.0007 -0.0500 0.2171 0.6775 0.6173
1494806400.0000 140550.0000 0.0186 -1.0432 0.1521 1.1011 358.9791 0.1160 0.1369 0.0678 0.0264 0.0082 0.0041 0.1604 0.3101 0.2783
1494806400.0000 140850.0000 -0.3854 -0.4099 0.2768 0.7868 43.2373 0.2174 0.2411 0.0808 0.0259 -0.0027 -0.0409 0.2696 0.6761 0.6948
1494806400.0000 141150.0000 -0.2539 -1.6966 0.2607 1.7669 8.5128 0.1665 0.0731 0.0847 -0.0203 0.0114 0.0243 0.1622 0.1895 0.1647
1494806400.0000 141450.0000 -1.0311 -1.0803 0.2124 1.5658 43.6651 0.3243 0.6288 0.1506 0.1907 -0.0707 -0.1584 0.5518 0.4021 0.3774
1494806400.0000 141750.0000 -0.0109 -0.0962 0.0092 0.3031 6.4891 0.0386 0.0809 0.0534 -0.0001 0.0147 -0.0197 0.0865 2.4696 2.0624
1494806400.0000 142050.0000 -0.2079 -0.5340 0.0529 0.6427 21.2777 0.0854 0.0570 0.0528 -0.0040 -0.0144 0.0051 0.0976 0.4433 0.3802
1494806400.0000 142350.0000 0.3240 -0.3969 -0.0650 0.6592 320.7772 0.1169 0.1415 0.0915 0.0414 -0.0224 -0.0043 0.1749 0.6613 0.5728
1494806400.0000 142650.0000 0.7798 0.0515 -0.2177 0.8747 266.2202 0.1163 0.1664 0.1092 0.0509 -0.0364 -0.0231 0.1959 0.4454 0.3927
1494806400.0000 142950.0000 0.6646 -0.9083 0.1187 1.1860 323.8068 0.3938 0.8844 0.1900 -0.4595 -0.1669 0.1980 0.7342 0.6181 0.5799
1494806400.0000 143250.0000 1.0982 -0.8940 -0.0532 1.5413 309.1483 0.3207 0.5146 0.2267 -0.1225 -0.1081 -0.0252 0.5310 0.4199 0.3726
1494806400.0000 143550.0000 -0.5998 -1.1296 0.3923 1.5124 27.9667 0.5623 0.4553 0.2558 -0.0161 0.0491 0.0136 0.6367 0.4870 0.4554
1494806400.0000 143850.0000 0.0184 -2.1881 0.3197 2.3453 359.5169 0.5094 0.9885 0.1989 -0.0879 -0.0857 0.1223 0.8484 0.3401 0.3229
1494806400.0000 144150.0000 -0.6908 -2.0791 0.4521 2.3022 18.3785 0.4134 0.4624 0.1528 -0.1271 -0.0574 0.0358 0.5143 0.2618 0.2466
1494806400.0000 144450.0000 -1.0407 -1.2640 0.4856 1.7142 39.4658 0.2780 0.3256 0.1092 0.0672 0.0409 0.0542 0.3564 0.2854 0.2740
1494806400.0000 144750.0000 0.1737 -0.7283 0.1563 0.9752 346.5861 0.2521 0.2240 0.0911 0.1297 -0.0462 -0.0268 0.2836 0.5684 0.5320
1494806400.0000 145050.0000 0.2453 -0.4764 0.1676 0.8500 332.7502 0.3345 0.2849 0.1144 0.1343 -0.1219 -0.0898 0.3669 0.8809 0.8480
1494806400.0000 145350.0000 0.1594 -1.4749 0.2493 1.5395 353.8331 0.1407 0.1332 0.0802 0.0261 -0.0150 0.0080 0.1770 0.2284 0.2037
1494806400.0000 145650.0000 0.1711 -0.7775 -0.1829 0.8428 347.5908 0.1083 0.3600 0.0898 -0.1333 0.0067 -0.0212 0.2790 0.5280 0.4963
1494806400.0000 145950.0000 0.3215 0.2773 -0.1737 0.5550 229.2267 0.0704 0.1352 0.1322 0.0114 0.0292 -0.0315 0.1689 0.7315 0.6166
1494806400.0000 146250.0000 0.8830 0.1083 -0.1523 0.9614 263.0065 0.2295 0.1511 0.0948 0.0633 -0.0382 -0.0196 0.2377 0.4411 0.4004
1494806400.0000 146550.0000 0.3324 0.1269 -0.0932 0.5024 249.1056 0.1353 0.0606 0.0574 0.0186 -0.0268 -0.0014 0.1266 0.7900 0.7182
1494806400.0000 146850.0000 -0.8364 -0.4880 0.1845 1.0342 59.7369 0.1620 0.1595 0.0889 0.0499 -0.0481 0.0145 0.2052 0.3752 0.3381
1494806400.0000 147150.0000 -0.4420 -0.4421 0.2391 0.7734 44.9931 0.1393 0.1149 0.0581 -0.0499 -0.0080 0.0299 0.1561 0.4820 0.4656
1494806400.0000 147450.0000 0.0278 -1.3231 0.2939 1.3728 358.7971 0.1396 0.2338 0.0497 0.0028 0.0044 0.0166 0.2115 0.2770 0.2665
1494806400.0000 147750.0000 -0.7596 -1.2942 0.3719 1.6381 30.4092 0.2199 0.3452 0.0740 -0.1447 -0.0228 0.0703 0.3195 0.2985 0.2892
1494806400.0000 148050.0000 0.3334 -0.8859 0.1734 1.1498 339.3793 0.3359 0.4164 0.1395 0.0318 -0.1328 -0.0458 0.4459 0.5666 0.5290
1494806400.0000 148350.0000 0.9415 -0.7650 0.0201 1.2558 309.0944 0.1546 0.1481 0.0711 -0.0723 -0.0294 0.0065 0.1869 0.2909 0.2619
1494806400.0000 148650.0000 0.6616 -1.2007 -0.0280 1.4240 331.1454 0.1127 0.1683 0.1112 0.0248 -0.0348 -0.0137 0.1961 0.2637 0.2233
1494806400.0000 148950.0000 0.4399 -0.6561 0.0267 0.8981 326.1561 0.1738 0.1601 0.0604 -0.0054 -0.0159 -0.0118 0.1971 0.4587 0.4223
1494806400.0000 149250.0000 0.5494 -0.6256 0.0251 0.9215 318.7122 0.1142 0.2443 0.0693 -0.0397 0.0029 0.0244 0.2139 0.4533 0.4152
1494806400.0000 149550.0000 0.8437 -0.6729 -0.0359 1.1160 308.5739 0.1627 0.2122 0.0401 -0.1253 -0.0233 0.0167 0.2075 0.3444 0.3275
1494806400.0000 149850.0000 1.4975 -1.0869 -0.1583 1.8809 305.9727 0.1393 0.2309 0.0603 -0.1107 -0.0148 0.0066 0.2153 0.2040 0.1899
1494806400.0000 150150.0000 1.1958 -0.6731 -0.1782 1.3985 299.3739 0.1556 0.1500 0.0467 -0.1155 -0.0336 0.0286 0.1761 0.2477 0.2326
1494806400.0000 150450.0000 1.1137 -0.9781 -0.0943 1.5243 311.2899 0.1241 0.2355 0.0469 -0.0807 -0.0039 -0.0025 0.2032 0.2478 0.2336
1494806400.0000 150750.0000 1.2990 -0.8534 -0.1983 1.5780 303.3045 0.1345 0.1476 0.0412 -0.0908 -0.0110 0.0129 0.1617 0.2095 0.1973
1494806400.0000 151050.0000 1.2614 -0.9241 -0.1025 1.5993 306.2268 0.1008 0.1676 0.0457 -0.0480 -0.0085 -0.0076 0.1570 0.2065 0.1913
