1494720000.0000 150.0000 1.2171 1.4721 0.1814 1.9145 219.5820 0.0253 0.0184 0.0111 0.0056 -0.0017 -0.0002 0.0274 0.0704 0.0632
1494720000.0000 450.0000 1.0328 1.6117 0.0840 1.9178 212.6521 0.0220 0.0093 0.0093 0.0051 0.0064 0.0028 0.0203 0.0608 0.0534
1494720000.0000 750.0000 0.9635 1.5635 0.1427 1.8561 211.6436 0.0699 0.0224 0.0102 -0.0206 -0.0030 0.0045 0.0512 0.1003 0.0955
1494720000.0000 1050.0000 1.5563 1.7562 0.2309 2.3493 221.5463 0.0192 0.0128 0.0085 0.0034 0.0027 0.0004 0.0203 0.0493 0.0440
1494720000.0000 1350.0000 1.4917 1.8312 0.2483 2.3644 219.1676 0.0105 0.0130 0.0087 -0.0007 -0.0004 0.0002 0.0161 0.0436 0.0375
1494720000.0000 1650.0000 1.2103 1.8800 0.2326 2.2464 212.7731 0.0467 0.0213 0.0165 -0.0078 0.0019 0.0003 0.0422 0.0747 0.0673
1494720000.0000 1950.0000 0.9067 2.0774 0.2028 2.2747 203.5795 0.0255 0.1032 0.0120 0.0037 0.0008 0.0033 0.0704 0.0952 0.0914
1494720000.0000 2250.0000 0.6114 2.5379 0.1433 2.6443 193.5445 0.1883 0.0312 0.0147 0.0219 0.0358 0.0048 0.1171 0.1069 0.1036
1494720000.0000 2550.0000 -0.1662 2.3073 0.0069 2.3165 175.8792 0.0163 0.0283 0.0118 -0.0084 -0.0031 -0.0040 0.0282 0.0593 0.0527
1494720000.0000 2850.0000 -0.0661 2.7613 0.0149 2.7731 178.6280 0.0609 0.0764 0.0215 0.0136 -0.0079 -0.0133 0.0794 0.0833 0.0775
1494720000.0000 3150.0000 0.0122 2.9880 0.0349 3.0026 180.2342 0.0873 0.0893 0.0261 0.0232 0.0074 0.0019 0.1013 0.0870 0.0812
1494720000.0000 3450.0000 0.2526 2.9111 0.0588 2.9280 184.9602 0.0361 0.0383 0.0158 0.0070 0.0100 0.0058 0.0451 0.0593 0.0539
1494720000.0000 3750.0000 0.3999 3.0088 0.0980 3.0590 187.5700 0.1516 0.0505 0.0325 0.0163 0.0366 0.0056 0.1173 0.0921 0.0855
1494720000.0000 4050.0000 0.1860 3.1924 0.1395 3.2223 183.3337 0.1434 0.1708 0.0435 -0.0423 0.0129 -0.0191 0.1789 0.1079 0.1012
1494720000.0000 4350.0000 -0.0790 3.3284 0.1982 3.3527 178.6406 0.1398 0.2764 0.0998 0.0153 0.0128 -0.0738 0.2579 0.1243 0.1119
1494720000.0000 4650.0000 -0.0070 3.4543 0.1429 3.4876 179.8834 0.2036 0.2454 0.0844 0.0093 0.0175 -0.0408 0.2667 0.1220 0.1120
1494720000.0000 4950.0000 0.7409 3.7184 0.2148 3.8099 191.2694 0.1388 0.1734 0.0603 0.0096 0.0149 -0.0317 0.1862 0.0928 0.0851
1494720000.0000 5250.0000 0.8027 3.4138 0.3188 3.5188 193.2323 0.0775 0.1018 0.0363 0.0007 0.0087 -0.0157 0.1078 0.0761 0.0697
1494720000.0000 5550.0000 0.9709 3.2274 0.4274 3.3804 196.7422 0.0668 0.0537 0.0229 -0.0035 0.0111 -0.0105 0.0717 0.0643 0.0595
1494720000.0000 5850.0000 0.4945 3.0643 0.2628 3.1460 189.1664 0.2606 0.1514 0.0722 0.0261 0.0380 -0.0201 0.2421 0.1290 0.1194
1494720000.0000 6150.0000 0.5340 2.9235 0.2434 3.0088 190.3509 0.2306 0.1467 0.0392 0.0434 0.0295 -0.0108 0.2083 0.1250 0.1193
1494720000.0000 6450.0000 1.0608 3.2646 0.3323 3.4663 198.0018 0.1656 0.1851 0.0327 -0.0986 0.0088 -0.0030 0.1917 0.1037 0.0996
1494720000.0000 6750.0000 0.9551 3.1109 0.2787 3.2752 197.0679 0.1466 0.1504 0.0706 0.0193 0.0248 -0.0064 0.1838 0.1072 0.0967
1494720000.0000 7050.0000 0.8903 2.8901 0.1916 3.0596 197.1218 0.2185 0.1600 0.0676 0.0111 -0.0155 -0.0210 0.2230 0.1272 0.1175
1494720000.0000 7350.0000 1.2308 3.0480 0.3003 3.3085 201.9895 0.1194 0.2421 0.0453 0.0002 0.0020 -0.0024 0.2034 0.1116 0.1056
1494720000.0000 7650.0000 1.2195 2.8791 0.2584 3.1744 202.9556 0.3057 0.2118 0.0788 0.0177 0.0445 -0.0062 0.2981 0.1421 0.1328
1494720000.0000 7950.0000 1.4174 3.5943 0.2938 3.9035 201.5218 0.2733 0.2499 0.1139 -0.0389 0.0298 -0.0192 0.3186 0.1189 0.1081
1494720000.0000 8250.0000 1.3740 3.0887 0.4361 3.4232 203.9826 0.2276 0.3573 0.0670 -0.0268 0.0433 -0.0199 0.3259 0.1368 0.1306
1494720000.0000 8550.0000 1.5022 2.8971 0.4157 3.3044 207.4077 0.2594 0.2702 0.0855 -0.0057 0.0385 0.0144 0.3075 0.1376 0.1287
1494720000.0000 8850.0000 0.9647 3.6732 0.3234 3.8387 194.7149 0.3131 0.1875 0.0674 -0.0121 0.0355 -0.0084 0.2840 0.1142 0.1076
1494720000.0000 9150.0000 1.1838 3.6704 0.3408 3.8930 197.8753 0.2427 0.1978 0.0848 -0.0822 -0.0095 -0.0042 0.2626 0.1081 0.0994
1494720000.0000 9450.0000 1.8396 3.6472 0.4882 4.1226 206.7658 0.3407 0.2219 0.1082 0.0476 0.0028 0.0303 0.3354 0.1149 0.1060
1494720000.0000 9750.0000 1.9255 3.2026 0.4738 3.7646 211.0152 0.1694 0.2035 0.0600 -0.0358 -0.0041 0.0205 0.2164 0.1008 0.0943
1494720000.0000 10050.0000 1.5387 2.4764 0.3305 2.9432 211.8554 0.2456 0.1347 0.0578 0.0668 0.0023 0.0251 0.2190 0.1302 0.1221
1494720000.0000 10350.0000 1.3538 2.1352 0.3262 2.5536 212.3753 0.1014 0.1687 0.0592 -0.0017 0.0256 -0.0250 0.1646 0.1300 0.1187
1494720000.0000 10650.0000 1.2040 2.7728 0.2823 3.0394 203.4722 0.1012 0.0927 0.0374 0.0049 -0.0036 -0.0011 0.1156 0.0914 0.0841
1494720000.0000 10950.0000 1.1884 2.5531 0.2889 2.8250 204.9603 0.0574 0.0558 0.0312 0.0119 -0.0091 -0.0051 0.0722 0.0775 0.0690
1494720000.0000 11250.0000 1.0638 2.9676 0.2434 3.1668 199.7207 0.0773 0.0976 0.0532 -0.0188 -0.0003 -0.0032 0.1141 0.0872 0.0766
1494720000.0000 11550.0000 0.8129 2.8206 0.2484 2.9448 196.0764 0.0538 0.0456 0.0249 -0.0046 0.0106 -0.0034 0.0621 0.0691 0.0620
1494720000.0000 11850.0000 0.5117 3.1292 0.2332 3.1815 189.2870 0.0622 0.0569 0.0228 -0.0109 0.0010 -0.0031 0.0709 0.0684 0.0628
1494720000.0000 12150.0000 0.6398 2.9900 0.2312 3.0829 192.0772 0.1517 0.0921 0.0429 -0.0148 0.0223 -0.0057 0.1434 0.1008 0.0932
1494720000.0000 12450.0000 0.4529 2.9085 0.1573 2.9550 188.8500 0.0690 0.0552 0.0267 0.0045 0.0161 0.0042 0.0755 0.0761 0.0691
1494720000.0000 12750.0000 0.4466 2.8879 0.1517 2.9447 188.7900 0.1275 0.0954 0.0395 -0.0195 0.0149 -0.0121 0.1312 0.1011 0.0933
1494720000.0000 13050.0000 0.3030 2.8062 0.1446 2.8425 186.1634 0.1042 0.0909 0.0449 -0.0151 0.0026 -0.0269 0.1200 0.1001 0.0904
1494720000.0000 13350.0000 0.3282 2.9481 0.1723 2.9770 186.3532 0.0604 0.0726 0.0303 -0.0032 0.0040 -0.0100 0.0816 0.0785 0.0710
1494720000.0000 13650.0000 0.9814 2.6618 0.3217 2.8498 200.2390 0.0688 0.0551 0.0182 -0.0105 0.0103 -0.0091 0.0710 0.0762 0.0716
1494720000.0000 13950.0000 0.8622 2.5755 0.2626 2.7221 198.5090 0.0392 0.0374 0.0215 0.0078 0.0003 0.0034 0.0490 0.0663 0.0588
1494720000.0000 14250.0000 0.5855 2.6998 0.1979 2.7709 192.2353 0.0372 0.0577 0.0122 -0.0194 -0.0012 -0.0046 0.0536 0.0682 0.0644
1494720000.0000 14550.0000 0.5595 2.9999 0.2261 3.0684 190.5653 0.0979 0.1270 0.0363 -0.0076 0.0069 -0.0118 0.1306 0.0964 0.0897
1494720000.0000 14850.0000 1.1708 3.1726 0.3812 3.4091 200.2556 0.1957 0.1242 0.0687 0.0106 -0.0090 0.0002 0.1943 0.1058 0.0966
1494720000.0000 15150.0000 1.2975 2.9441 0.2900 3.2593 203.7836 0.2846 0.1491 0.0648 0.0115 0.0204 0.0331 0.2492 0.1262 0.1182
1494720000.0000 15450.0000 1.2588 3.3362 0.3428 3.5785 200.6724 0.0888 0.1873 0.0683 0.0178 0.0219 0.0291 0.1722 0.0946 0.0851
1494720000.0000 15750.0000 1.8441 2.9307 0.3860 3.4842 212.1797 0.1319 0.1720 0.0878 -0.0048 0.0085 0.0105 0.1959 0.1037 0.0919
1494720000.0000 16050.0000 1.5080 2.4100 0.3770 2.8627 212.0358 0.1053 0.1666 0.0613 0.0101 -0.0272 -0.0394 0.1666 0.1162 0.1059
1494720000.0000 16350.0000 1.3343 2.1604 0.4184 2.5618 211.6999 0.0940 0.1329 0.0666 -0.0115 -0.0001 -0.0259 0.1467 0.1215 0.1083
1494720000.0000 16650.0000 1.3862 2.4248 0.2715 2.8190 209.7549 0.1783 0.2613 0.0665 0.0629 0.0414 0.0388 0.2531 0.1464 0.1371
1494720000.0000 16950.0000 0.7548 2.3863 0.2102 2.5204 197.5526 0.0518 0.1925 0.0381 -0.0390 0.0049 0.0034 0.1412 0.1221 0.1140
1494720000.0000 17250.0000 0.0980 2.0706 0.0908 2.1028 182.7089 0.1079 0.2931 0.0703 -0.0485 0.0156 -0.0706 0.2356 0.1910 0.1764
1494720000.0000 17550.0000 -0.2196 1.8962 0.1470 1.9487 173.3940 0.1450 0.2804 0.0630 -0.0745 0.0169 -0.0507 0.2442 0.2107 0.1973
1494720000.0000 17850.0000 -0.3746 1.7413 0.2051 1.8445 167.8579 0.1934 0.4116 0.1275 -0.0508 0.0459 -0.1219 0.3663 0.2756 0.2521
1494720000.0000 18150.0000 -0.2291 1.8673 0.1809 1.9427 173.0061 0.2119 0.3044 0.0904 -0.0192 0.0267 -0.0705 0.3033 0.2379 0.2205
1494720000.0000 18450.0000 0.3769 2.1517 0.2040 2.2746 189.9341 0.3676 0.2329 0.0713 -0.0576 0.0187 -0.0722 0.3359 0.2157 0.2048
1494720000.0000 18750.0000 0.5141 2.1684 0.0701 2.2679 193.3390 0.1403 0.1852 0.0434 -0.0935 0.0087 0.0003 0.1845 0.1573 0.1478
1494720000.0000 19050.0000 0.4557 1.6687 0.2891 1.8305 195.2734 0.3218 0.3838 0.0806 -0.0747 0.0332 -0.0752 0.3931 0.2919 0.2803
1494720000.0000 19350.0000 -0.0127 1.1372 0.2595 1.2844 179.3612 0.3570 0.4125 0.0819 0.0155 0.0411 -0.0614 0.4258 0.4567 0.4453
1494720000.0000 19650.0000 0.0552 1.2859 0.1388 1.4081 182.4582 0.3037 0.2895 0.0951 0.0125 -0.0167 -0.0507 0.3442 0.3700 0.3455
1494720000.0000 19950.0000 0.2726 1.6413 0.1699 1.6933 189.4290 0.0904 0.1979 0.0438 0.0308 0.0047 -0.0315 0.1660 0.1989 0.1863
1494720000.0000 20250.0000 0.0513 1.7033 0.2226 1.7560 181.7247 0.1734 0.1649 0.0566 0.0090 0.0277 -0.0336 0.1974 0.2111 0.1971
1494720000.0000 20550.0000 0.4691 1.5854 0.2763 1.7128 196.4837 0.2236 0.2030 0.0414 0.0719 0.0152 -0.0124 0.2340 0.2356 0.2281
1494720000.0000 20850.0000 0.0796 1.5859 0.1286 1.6623 182.8724 0.2432 0.1550 0.0441 -0.0861 0.0339 -0.0366 0.2211 0.2410 0.2294
1494720000.0000 21150.0000 -0.1862 1.7295 0.0976 1.8085 173.8541 0.2356 0.3916 0.1459 -0.0034 0.0303 -0.0764 0.3865 0.2914 0.2629
1494720000.0000 21450.0000 0.0690 1.8394 0.0895 1.8657 182.1494 0.0852 0.1337 0.0560 -0.0378 0.0075 -0.0295 0.1375 0.1643 0.1468
1494720000.0000 21750.0000 -0.1812 2.0179 0.1460 2.0552 174.8677 0.1061 0.1741 0.0686 -0.0033 0.0197 -0.0499 0.1744 0.1679 0.1508
1494720000.0000 22050.0000 -0.3796 2.1095 0.1308 2.1992 169.8001 0.2416 0.2629 0.0981 -0.0706 0.0352 -0.0792 0.3012 0.2087 0.1913
1494720000.0000 22350.0000 -0.3061 1.4015 0.0600 1.4701 167.6807 0.1317 0.2061 0.0673 -0.0549 0.0159 -0.0404 0.2025 0.2559 0.2339
1494720000.0000 22650.0000 -0.6621 1.6229 -0.0067 1.8393 157.8066 0.3328 0.1907 0.1225 -0.0526 0.0709 -0.0572 0.3230 0.2647 0.2383
1494720000.0000 22950.0000 -0.4623 2.1406 0.0075 2.2400 167.8128 0.2553 0.4760 0.0845 -0.1692 0.0405 -0.0525 0.4078 0.2381 0.2254
1494720000.0000 23250.0000 -0.3836 1.8146 0.1817 1.9467 168.0641 0.3267 0.4990 0.1245 -0.0736 0.0564 -0.1372 0.4751 0.3020 0.2829
1494720000.0000 23550.0000 -0.4475 2.3993 0.1451 2.4994 169.4354 0.2923 0.4132 0.1847 -0.0856 0.0848 -0.1619 0.4451 0.2228 0.1987
1494720000.0000 23850.0000 0.1661 2.3366 0.1925 2.4274 184.0670 0.3853 0.3823 0.1576 -0.0974 0.0934 -0.1122 0.4626 0.2363 0.2159
1494720000.0000 24150.0000 0.2514 2.2881 0.2502 2.3638 186.2706 0.2849 0.2445 0.0750 0.0179 0.0626 -0.0390 0.3022 0.1939 0.1825
1494720000.0000 24450.0000 -0.4656 2.1421 0.1526 2.2465 167.7367 0.2012 0.4832 0.1171 -0.0516 0.0540 -0.1005 0.4007 0.2352 0.2179
1494720000.0000 24750.0000 0.2949 1.7181 0.1451 1.8220 189.7405 0.2503 0.2359 0.1430 -0.0775 0.1059 -0.0921 0.3146 0.2618 0.2309
1494720000.0000 25050.0000 0.0870 1.1500 0.3177 1.2734 184.3260 0.2526 0.2673 0.1320 0.0048 0.0644 -0.0827 0.3259 0.3897 0.3610
1494720000.0000 25350.0000 -0.4863 1.6398 0.1232 1.8228 163.4823 0.4533 0.3625 0.1203 -0.1657 0.1012 -0.0930 0.4681 0.3257 0.3049
1494720000.0000 25650.0000 0.0357 2.0365 0.1753 2.1660 181.0036 0.5076 0.3833 0.1759 -0.1407 0.1538 -0.1058 0.5334 0.2917 0.2676
1494720000.0000 25950.0000 -0.1372 2.1729 0.1421 2.2823 176.3870 0.4289 0.5370 0.2414 -0.0709 0.1419 -0.1532 0.6036 0.2907 0.2606
1494720000.0000 26250.0000 -0.3087 2.1729 0.1971 2.2897 171.9138 0.4395 0.5524 0.1723 -0.2313 0.0826 -0.1750 0.5820 0.2827 0.2620
1494720000.0000 26550.0000 -0.0826 1.9266 0.1654 2.0120 177.5447 0.2929 0.4544 0.1069 -0.0154 0.0636 -0.0658 0.4271 0.2757 0.2588
1494720000.0000 26850.0000 -0.2768 2.3569 0.1438 2.4234 173.3010 0.2542 0.4548 0.1262 -0.1037 0.0581 -0.1237 0.4176 0.2219 0.2049
1494720000.0000 27150.0000 0.1640 1.8289 0.1543 1.9361 185.1255 0.3608 0.5139 0.1326 0.0144 0.0809 -0.0810 0.5037 0.3145 0.2941
1494720000.0000 27450.0000 -0.0441 1.9695 0.0773 2.0270 178.7180 0.2049 0.2437 0.1121 0.0051 0.0237 -0.0753 0.2804 0.2193 0.1963
1494720000.0000 27750.0000 -0.3743 1.6151 -0.0353 1.7165 166.9517 0.1743 0.2341 0.1082 -0.0069 0.0181 -0.0076 0.2583 0.2502 0.2226
1494720000.0000 28050.0000 -0.7960 1.0051 -0.0956 1.3458 141.6226 0.2259 0.4098 0.0900 -0.1532 0.0753 -0.0944 0.3629 0.3826 0.3590
1494720000.0000 28350.0000 -0.3033 0.5187 0.1146 0.7618 149.6834 0.1885 0.2374 0.0971 0.0163 0.0428 -0.0578 0.2615 0.6825 0.6270
1494720000.0000 28650.0000 -0.9141 0.8761 0.0445 1.3820 133.7853 0.3937 0.3731 0.1312 -0.1070 0.0671 -0.0707 0.4490 0.4319 0.3993
1494720000.0000 28950.0000 -0.9071 1.0420 0.0908 1.5030 138.9604 0.3892 0.2734 0.1385 -0.0052 0.0894 -0.0366 0.4005 0.3732 0.3402
1494720000.0000 29250.0000 -1.6521 1.4669 -0.0023 2.2452 131.6007 0.3563 0.2777 0.1138 -0.1724 0.0900 -0.0456 0.3739 0.2260 0.2081
1494720000.0000 29550.0000 -0.4682 0.8870 0.0917 1.2642 152.1712 0.6086 0.3348 0.3006 -0.1958 0.2437 -0.1434 0.6220 0.6393 0.5591
1494720000.0000 29850.0000 -0.0533 1.5394 0.0605 1.6668 178.0163 0.3665 0.3466 0.1681 -0.0036 0.0690 -0.0367 0.4406 0.3516 0.3165
1494720000.0000 30150.0000 0.1137 1.7848 0.0558 1.8627 183.6464 0.2334 0.2932 0.1057 -0.0039 0.0661 -0.0296 0.3161 0.2566 0.2342
1494720000.0000 30450.0000 0.1213 1.6614 0.2215 1.7577 184.1773 0.2859 0.3343 0.1136 0.0180 0.0780 -0.0317 0.3669 0.2943 0.2729
1494720000.0000 30750.0000 0.3461 1.7729 0.1315 1.8581 191.0473 0.1650 0.1841 0.1431 0.0011 0.0620 -0.0360 0.2461 0.2237 0.1889
1494720000.0000 31050.0000 -0.1213 2.0716 0.1547 2.1521 176.6486 0.3227 0.4239 0.1584 -0.0718 0.0645 -0.1162 0.4525 0.2639 0.2404
1494720000.0000 31350.0000 -1.4592 1.7158 -0.1092 2.3957 139.6207 0.5925 0.4386 0.2057 0.0538 0.0994 -0.0586 0.6184 0.2847 0.2603
1494720000.0000 31650.0000 -1.1629 2.2451 0.2340 2.6808 152.6157 0.7493 1.0700 0.2831 -0.1620 0.1332 -0.1432 1.0512 0.3297 0.3080
1494720000.0000 31950.0000 -1.4009 3.4833 0.2607 3.8502 158.0911 0.7053 0.9653 0.3209 -0.1467 0.1600 -0.2107 0.9958 0.2165 0.1988
1494720000.0000 32250.0000 -0.4804 2.8334 0.4625 3.1966 170.3770 1.9027 1.8952 0.3788 -1.3203 0.2926 -0.4387 2.0883 0.4054 0.3915
1494720000.0000 32550.0000 1.3357 1.7217 0.5460 2.3594 217.8047 0.8495 0.3324 0.1592 -0.0905 0.1206 -0.1155 0.6705 0.2976 0.2880
1494720000.0000 32850.0000 1.9947 0.9333 0.4692 2.2662 244.9250 0.2424 0.2267 0.1116 -0.0631 0.0218 0.0118 0.2903 0.1954 0.1796
1494720000.0000 33150.0000 2.3827 1.3462 0.6536 2.8247 240.5347 0.2346 0.4047 0.0944 -0.1544 -0.0366 0.0264 0.3668 0.1758 0.1687
1494720000.0000 33450.0000 2.3841 1.6838 0.4279 2.9539 234.7672 0.0847 0.1960 0.0936 -0.0576 -0.0038 0.0644 0.1871 0.1197 0.1048
1494720000.0000 33750.0000 1.4926 2.1541 0.2923 2.6347 214.7187 0.0667 0.0648 0.0564 -0.0070 0.0165 0.0027 0.0940 0.0949 0.0799
1494720000.0000 34050.0000 1.5946 1.3179 0.3002 2.1310 230.4258 0.3219 0.1195 0.1561 -0.0572 -0.0591 0.0078 0.2988 0.2135 0.1854
1494720000.0000 34350.0000 1.1960 1.2325 -0.0648 1.7846 224.1379 0.2477 0.0880 0.1061 -0.0629 0.0915 -0.0073 0.2209 0.2233 0.1948
1494720000.0000 34650.0000 0.3523 1.5324 0.0090 1.6518 192.9487 0.2371 0.1456 0.1241 -0.0375 0.0335 -0.0569 0.2534 0.2614 0.2272
1494720000.0000 34950.0000 -0.2297 1.1108 0.0387 1.1743 168.3164 0.0993 0.2218 0.0696 -0.0907 0.0366 -0.0745 0.1953 0.3180 0.2884
1494720000.0000 35250.0000 0.3644 0.9685 -0.0796 1.1824 200.6192 0.2393 0.2163 0.0856 -0.1231 0.0155 -0.0311 0.2706 0.4092 0.3766
1494720000.0000 35550.0000 0.1832 1.6853 0.1169 1.7495 186.2027 0.1798 0.3190 0.0653 0.0941 0.0177 -0.0534 0.2820 0.2552 0.2405
1494720000.0000 35850.0000 -0.1015 1.9991 0.1129 2.0738 177.0932 0.2715 0.3133 0.1314 0.0290 0.0132 -0.1002 0.3581 0.2437 0.2206
1494720000.0000 36150.0000 -0.0455 1.8348 0.1543 1.8942 178.5795 0.2136 0.4590 0.1013 -0.0305 0.0216 -0.1137 0.3869 0.2757 0.2580
1494720000.0000 36450.0000 -0.0624 1.6500 0.1726 1.7650 177.8336 0.3859 0.3585 0.1468 -0.0707 0.0961 -0.0380 0.4456 0.3283 0.3017
1494720000.0000 36750.0000 -0.1993 1.9319 -0.0703 2.0517 174.1106 0.3963 0.2983 0.2456 -0.1122 0.1679 -0.0635 0.4701 0.2880 0.2477
1494720000.0000 37050.0000 0.3963 1.6410 0.2228 1.8396 193.5770 0.5105 0.4067 0.3114 -0.0278 0.1583 -0.1028 0.6143 0.3758 0.3275
1494720000.0000 37350.0000 -0.3721 1.4775 -0.1995 1.7178 165.8641 0.3834 0.8775 0.5161 0.0363 0.0821 -0.0211 0.8885 0.5008 0.4255
1494720000.0000 37650.0000 0.3615 1.5056 0.0193 1.7479 193.5008 0.4463 1.2437 0.2212 -0.4313 -0.0035 0.0327 0.9556 0.5154 0.4847
1494720000.0000 37950.0000 1.6591 1.5635 0.2451 2.3168 226.6998 0.1637 0.2873 0.2250 0.0553 0.0212 0.0660 0.3380 0.2070 0.1701
1494720000.0000 38250.0000 1.3252 1.1317 -0.0860 1.9208 229.5031 0.1073 0.8266 0.1905 -0.0615 0.0477 0.1433 0.5622 0.3509 0.3202
1494720000.0000 38550.0000 1.2494 -0.0046 0.0359 1.3414 270.2095 0.1890 0.2141 0.2090 -0.0892 0.0665 0.0196 0.3061 0.3614 0.2934
1494720000.0000 38850.0000 0.3661 0.0507 -0.0268 0.5862 262.1177 0.1530 0.1621 0.1464 0.0630 0.0931 0.0580 0.2307 1.0583 0.8768
1494720000.0000 39150.0000 0.0553 0.6711 0.2849 0.9794 184.7079 0.3812 0.7401 0.5546 0.2879 0.0155 0.0611 0.8380 1.0223 0.9080
1494720000.0000 39450.0000 -0.5621 -0.0670 0.0136 1.0993 83.2071 0.7042 0.6100 0.2488 0.2424 -0.0491 -0.0620 0.7815 1.2747 1.1692
1494720000.0000 39750.0000 0.3866 1.5362 0.3938 1.9724 194.1274 0.7716 1.0854 0.2579 0.3483 0.0946 -0.0126 1.0574 0.5144 0.4967
1494720000.0000 40050.0000 0.1701 1.3973 0.3570 1.5984 186.9423 0.4977 0.6900 0.2411 0.2168 0.0470 -0.2019 0.7144 0.4752 0.4470
1494720000.0000 40350.0000 0.0592 0.7552 0.5349 1.0795 184.4829 0.4647 0.5682 0.3841 -0.1101 0.1045 -0.1924 0.7085 0.7411 0.7745
1494720000.0000 40650.0000 -1.2557 -1.0768 0.3267 2.0309 49.3861 1.1352 1.1294 0.2252 0.6612 0.0657 -0.0865 1.2449 0.5403 0.5252
1494720000.0000 40950.0000 1.0495 1.3767 0.7487 2.0645 217.3197 0.6361 1.8361 0.4299 -0.0235 0.0374 -0.2643 1.4511 0.5215 0.5244
1494720000.0000 41250.0000 0.2302 1.9534 0.2165 2.1863 186.7212 0.8228 1.3644 0.5550 0.0364 0.2700 -0.0056 1.3711 0.4832 0.4341
1494720000.0000 41550.0000 -0.1963 2.1325 0.1951 2.2600 174.7395 0.5164 1.0578 0.2969 -0.0759 0.0732 -0.1720 0.9355 0.3673 0.3383
1494720000.0000 41850.0000 0.0704 1.1868 0.3798 1.3923 183.3933 0.4255 1.1907 0.1917 0.3569 0.0874 0.0115 0.9040 0.6220 0.6174
1494720000.0000 42150.0000 0.6357 3.1612 0.2204 3.3123 191.3703 0.5760 0.6965 0.2414 0.3048 0.1537 0.0793 0.7570 0.2198 0.2020
1494720000.0000 42450.0000 0.3402 1.8110 0.4319 2.0347 190.6407 0.7299 1.0110 0.3522 0.3519 0.2506 0.1139 1.0465 0.4413 0.4134
1494720000.0000 42750.0000 1.2746 3.1722 0.5607 3.4893 201.8911 0.4655 0.4733 0.1674 -0.0111 0.0977 -0.0256 0.5531 0.1753 0.1636
1494720000.0000 43050.0000 0.2109 2.9115 0.0666 3.0392 184.1431 0.7019 0.3685 0.2047 0.0589 0.0958 -0.0574 0.6375 0.2233 0.2046
1494720000.0000 43350.0000 -0.0456 2.4568 0.1433 2.5491 178.9361 0.3892 0.7071 0.3313 -0.2158 0.1178 -0.1125 0.7138 0.2803 0.2460
1494720000.0000 43650.0000 -0.2668 1.2772 -0.2862 1.4056 168.1998 0.2321 0.5525 0.3510 -0.0097 0.1371 0.2244 0.5678 0.4606 0.3919
1494720000.0000 43950.0000 -0.1090 1.8311 0.3238 1.9852 176.5940 0.4507 1.3958 0.2920 -0.1234 0.0798 -0.3478 1.0693 0.4533 0.4277
1494720000.0000 44250.0000 1.1797 2.4328 0.1457 2.9791 205.8692 1.8909 0.3810 0.4609 0.1080 0.4110 -0.0347 1.3664 0.3525 0.3219
1494720000.0000 44550.0000 0.7811 0.9195 -0.0237 1.5146 220.3489 0.5806 0.6502 0.3621 -0.1900 0.0889 -0.2054 0.7964 0.6038 0.5309
1494720000.0000 44850.0000 1.3550 2.1244 0.5900 2.6299 212.5304 0.6168 0.4885 0.3210 -0.0063 0.1221 -0.0932 0.7132 0.2664 0.2409
1494720000.0000 45150.0000 0.4414 3.1065 0.5109 3.3371 188.0875 1.1495 2.4125 0.4624 0.2310 0.2207 -0.3244 2.0122 0.3643 0.3473
1494720000.0000 45450.0000 0.0732 2.7629 -0.2159 2.8503 181.5179 0.4081 0.7893 0.1801 -0.1054 0.0902 -0.0611 0.6888 0.2444 0.2286
1494720000.0000 45750.0000 -0.0978 3.1826 0.2083 3.3456 178.2404 1.0242 1.2588 0.3404 -0.2007 0.2321 -0.2269 1.3117 0.2931 0.2740
1494720000.0000 46050.0000 -0.9013 3.0272 0.0973 3.2713 163.4200 0.7841 1.7308 0.3147 -0.5162 0.1035 -0.2439 1.4148 0.3073 0.2899
1494720000.0000 46350.0000 0.7559 3.7418 0.1960 3.9531 191.4208 1.0396 0.6745 0.4977 -0.0456 0.2261 0.0942 1.1059 0.2246 0.1980
1494720000.0000 46650.0000 1.3602 2.3499 0.4020 2.8534 210.0641 1.0656 0.4811 0.1727 0.2440 0.2295 -0.0300 0.8597 0.2758 0.2645
1494720000.0000 46950.0000 1.8926 1.4715 0.6597 2.4371 232.1346 0.2505 0.1883 0.1418 0.0303 0.0266 -0.0324 0.2903 0.1769 0.1595
1494720000.0000 47250.0000 1.1178 1.2318 -0.2836 1.7573 222.2228 0.4723 0.1870 0.1926 0.0842 0.0580 0.0721 0.4260 0.3158 0.2818
1494720000.0000 47550.0000 0.8201 1.4537 0.2626 1.7980 209.4276 0.7545 0.5125 0.2094 0.3559 0.2023 0.1468 0.7382 0.4152 0.3894
1494720000.0000 47850.0000 1.5689 1.7341 0.2965 2.4146 222.1363 0.3254 0.3722 0.5217 0.0142 0.0688 0.0704 0.6097 0.2705 0.2062
1494720000.0000 48150.0000 1.6935 0.4387 0.6562 2.0658 255.4768 0.9326 1.0346 0.2130 -0.0167 -0.0425 0.0113 1.0901 0.4563 0.4629
1494720000.0000 48450.0000 1.2290 2.0548 0.5433 2.6580 210.8843 1.6124 0.3646 0.2539 0.1420 0.3836 0.0207 1.1154 0.3512 0.3391
1494720000.0000 48750.0000 1.7702 3.3388 0.5868 3.8700 207.9321 0.3957 0.9522 0.3102 -0.2318 -0.0385 0.0045 0.8290 0.1944 0.1774
1494720000.0000 49050.0000 0.5346 2.5920 -0.0143 2.8088 191.6539 0.5443 1.3155 0.4702 -0.3343 0.1763 -0.0442 1.1650 0.3330 0.2975
1494720000.0000 49350.0000 0.0175 1.9658 0.1844 2.1134 180.5112 0.4401 2.4424 0.2531 0.1512 0.1257 0.0267 1.5678 0.5178 0.4986
1494720000.0000 49650.0000 -0.1358 3.6406 0.1817 3.7329 177.8636 0.5616 1.3355 0.2828 -0.0231 0.1006 -0.2482 1.0899 0.2337 0.2183
1494720000.0000 49950.0000 0.2476 2.9334 0.0932 3.0265 184.8254 0.5260 1.0477 0.1591 0.1156 0.0457 -0.0281 0.8664 0.2580 0.2460
1494720000.0000 50250.0000 0.4142 3.1460 0.2709 3.2549 187.5007 0.4984 0.7560 0.2666 -0.1809 0.1345 -0.1207 0.7605 0.2236 0.2038
1494720000.0000 50550.0000 1.4680 3.3312 0.6469 3.6995 203.7823 0.3162 0.5489 0.1627 -0.0704 0.0478 -0.1174 0.5139 0.1583 0.1475
1494720000.0000 50850.0000 2.1418 2.2931 0.4768 3.1997 223.0472 0.3922 0.1603 0.1633 -0.0623 -0.0139 0.0288 0.3579 0.1539 0.1368
1494720000.0000 51150.0000 1.0689 2.0121 0.4594 2.4097 207.9797 0.6319 0.3797 0.1947 -0.0283 0.1003 -0.0388 0.6032 0.2728 0.2549
1494720000.0000 51450.0000 1.1303 1.7743 0.2859 2.2292 212.4985 0.5370 0.2827 0.2425 -0.0027 0.0364 0.0075 0.5311 0.2803 0.2485
1494720000.0000 51750.0000 0.1094 1.9670 0.4401 2.2575 183.1842 0.9809 1.2416 0.2582 0.5150 0.1604 0.0072 1.2403 0.4505 0.4369
1494720000.0000 52050.0000 0.5190 3.2108 0.2681 3.3606 189.1821 0.7540 0.9950 0.2652 0.1943 0.2296 0.1215 1.0071 0.2511 0.2348
1494720000.0000 52350.0000 -0.0646 1.5344 0.2032 1.6796 177.5878 0.4471 0.5684 0.1139 -0.1913 0.1141 -0.1397 0.5647 0.3961 0.3788
1494720000.0000 52650.0000 -0.6362 1.7591 -0.0510 2.0001 160.1182 0.4488 0.3752 0.1451 0.0545 0.0899 0.0355 0.4846 0.3037 0.2802
1494720000.0000 52950.0000 0.1168 2.3631 0.4051 2.5051 182.8292 0.6761 0.7701 0.2842 0.0212 0.1881 -0.1622 0.8652 0.3164 0.2935
1494720000.0000 53250.0000 1.7440 4.0110 0.8809 4.4516 203.5000 0.5678 0.7615 0.2595 -0.0636 0.0953 -0.0801 0.7944 0.1631 0.1522
1494720000.0000 53550.0000 2.5950 3.2770 0.4574 4.2393 218.3749 0.3091 0.5762 0.1928 -0.0961 0.0226 0.0664 0.5390 0.1426 0.1300
1494720000.0000 53850.0000 2.6260 1.8319 0.3528 3.2626 235.1012 0.3863 0.5325 0.2772 0.0556 0.1356 -0.1305 0.5980 0.1960 0.1728
1494720000.0000 54150.0000 2.4745 2.1438 0.9857 3.3709 229.0953 0.9250 0.6155 0.2126 0.1799 -0.0196 0.0080 0.8766 0.2236 0.2189
1494720000.0000 54450.0000 3.5643 2.1452 0.8457 4.1806 238.9580 0.1997 0.1784 0.1169 0.0196 0.0169 0.0295 0.2475 0.0957 0.0853
1494720000.0000 54750.0000 3.4827 2.1121 0.8218 4.1802 238.7658 0.3301 0.8291 0.1740 -0.2475 0.0091 0.0467 0.6666 0.1604 0.1526
1494720000.0000 55050.0000 2.5606 2.6852 0.5711 3.8181 223.6390 0.4383 0.6394 0.1468 -0.2811 -0.0357 0.0871 0.6123 0.1702 0.1615
1494720000.0000 55350.0000 3.5085 2.6582 0.9603 4.4382 232.8505 0.3567 0.3381 0.2042 0.0313 0.0373 0.0411 0.4495 0.1215 0.1093
1494720000.0000 55650.0000 3.5756 2.5926 0.9480 4.4499 234.0540 0.4687 0.3064 0.1194 0.0696 0.0396 0.0572 0.4473 0.1209 0.1151
1494720000.0000 55950.0000 3.5323 2.1860 0.8558 4.1987 238.2478 0.4102 0.3068 0.1563 -0.0511 0.0727 0.0623 0.4367 0.1272 0.1177
1494720000.0000 56250.0000 3.1206 2.2597 0.9544 3.9502 234.0912 0.7293 0.6238 0.1984 -0.0955 0.0245 0.0418 0.7757 0.1812 0.1743
1494720000.0000 56550.0000 3.6418 2.0284 0.9028 4.3141 240.8834 1.2052 0.8214 0.2768 -0.4037 0.0503 0.0291 1.1517 0.2054 0.1972
1494720000.0000 56850.0000 2.8230 1.7158 0.7727 3.4080 238.7086 0.9592 0.2719 0.1687 -0.2333 0.1239 -0.0067 0.6999 0.2013 0.1939
1494720000.0000 57150.0000 3.8868 1.4849 0.6868 4.1883 249.0918 0.8856 0.0986 0.1917 -0.0010 0.2018 0.0299 0.5879 0.1485 0.1377
1494720000.0000 57450.0000 4.0628 1.2328 0.6263 4.2545 253.1204 0.2887 0.0855 0.0517 0.0558 0.0342 0.0290 0.2129 0.0878 0.0832
1494720000.0000 57750.0000 3.0787 0.3128 0.2862 3.1446 264.1994 0.2928 0.3224 0.1195 0.0573 -0.0287 0.0385 0.3673 0.1592 0.1463
1494720000.0000 58050.0000 2.8460 0.7512 0.4073 2.9785 255.2138 0.1845 0.1839 0.1183 -0.0466 0.0062 0.0152 0.2433 0.1355 0.1190
1494720000.0000 58350.0000 2.7269 1.8741 0.6546 3.3342 235.5005 0.2282 0.2301 0.1402 0.0729 0.0071 0.0206 0.2993 0.1324 0.1181
1494720000.0000 58650.0000 3.2485 1.1313 0.4858 3.4649 250.7995 0.2883 0.2222 0.1926 0.0912 -0.0101 0.0255 0.3516 0.1394 0.1199
1494720000.0000 58950.0000 2.7728 1.1465 0.5952 3.1083 247.5368 0.7270 0.6513 0.3287 0.0025 0.1960 0.1992 0.8535 0.2466 0.2259
1494720000.0000 59250.0000 3.2095 1.7493 0.6550 3.6846 241.4077 0.4170 0.2185 0.2366 0.0609 0.1461 0.0742 0.4361 0.1452 0.1259
1494720000.0000 59550.0000 0.9338 1.9103 0.1655 2.3454 206.0506 0.9420 0.4118 0.1461 -0.1424 0.2182 -0.0788 0.7500 0.3315 0.3159
1494720000.0000 59850.0000 2.1565 0.1031 0.2634 2.4005 267.2622 0.7659 0.9311 0.4159 -0.3855 -0.0833 0.0492 1.0565 0.3859 0.3484
1494720000.0000 60150.0000 3.0357 0.6148 0.3180 3.2770 258.5518 0.6182 1.2033 0.3501 0.3343 0.1225 0.1568 1.0858 0.2733 0.2516
1494720000.0000 60450.0000 2.9566 0.8702 0.5790 3.1656 253.5998 0.5263 0.4879 0.1582 -0.0205 -0.0160 -0.0201 0.5862 0.1993 0.1887
1494720000.0000 60750.0000 3.5704 2.7460 0.7805 4.5332 232.4366 0.1792 0.4088 0.1281 0.0734 0.0535 0.0248 0.3580 0.1069 0.0983
1494720000.0000 61050.0000 2.7763 2.0031 0.7765 3.4543 234.1893 0.2173 0.2832 0.1123 0.0535 0.0017 -0.0546 0.3064 0.1288 0.1193
1494720000.0000 61350.0000 2.2887 2.0625 0.7663 3.1163 227.9753 0.1650 0.2591 0.1959 -0.0054 -0.0085 0.0328 0.3100 0.1432 0.1220
1494720000.0000 61650.0000 2.4728 1.9860 0.8597 3.2962 231.2307 0.8565 0.4760 0.2333 -0.2213 0.0687 -0.0297 0.7829 0.2199 0.2101
1494720000.0000 61950.0000 3.7952 1.2410 0.7853 4.0619 251.8934 0.3404 0.5487 0.2206 0.0082 -0.0282 0.1255 0.5548 0.1494 0.1363
1494720000.0000 62250.0000 3.2681 2.0833 0.7683 3.9300 237.4834 0.3515 0.3206 0.1699 -0.0889 0.0091 0.0106 0.4210 0.1341 0.1221
1494720000.0000 62550.0000 2.2586 2.9164 0.7239 3.7795 217.7557 0.4081 0.6050 0.2100 -0.1712 -0.0100 0.0719 0.6115 0.1699 0.1575
1494720000.0000 62850.0000 3.9916 1.5378 0.9052 4.4191 248.9302 0.6779 1.0777 0.2707 -0.1922 0.0199 0.1838 1.0131 0.1880 0.1788
1494720000.0000 63150.0000 3.6217 1.7467 0.6756 4.0801 244.2531 0.3805 0.3974 0.2576 -0.0898 0.1071 0.0685 0.5178 0.1441 0.1266
1494720000.0000 63450.0000 2.8319 1.0180 0.5412 3.0672 250.2288 0.2464 0.3596 0.1466 0.0241 -0.0216 0.0988 0.3763 0.1638 0.1494
1494720000.0000 63750.0000 3.1806 1.3557 0.6110 3.5020 246.9144 0.4359 0.4344 0.2324 0.2157 0.0252 0.1435 0.5514 0.1727 0.1558
1494720000.0000 64050.0000 2.8272 1.6731 0.4773 3.3128 239.3831 0.2371 0.2196 0.2015 0.0395 0.0755 0.0191 0.3290 0.1411 0.1188
1494720000.0000 64350.0000 3.5071 2.4042 0.9574 4.2769 235.5680 0.2893 0.2041 0.1103 0.0310 0.0066 0.0776 0.3018 0.1029 0.0954
1494720000.0000 64650.0000 3.1055 2.0860 0.7150 3.7722 236.1108 0.2222 0.1392 0.0888 -0.0719 0.0099 0.0208 0.2251 0.1017 0.0928
1494720000.0000 64950.0000 3.0956 2.3153 0.7020 3.8930 233.2066 0.4388 0.0938 0.0948 -0.0064 0.0449 -0.0032 0.3137 0.1164 0.1090
1494720000.0000 65250.0000 3.3299 2.3481 0.6746 4.1335 234.8104 0.3511 0.3347 0.0709 -0.1677 0.0198 0.0192 0.3783 0.1216 0.1173
1494720000.0000 65550.0000 2.7226 1.7943 0.7265 3.3560 236.6143 0.1708 0.6912 0.1033 -0.1305 -0.0011 0.0017 0.4826 0.1698 0.1644
1494720000.0000 65850.0000 2.4714 1.2160 0.5210 2.7735 243.8008 0.2347 0.0724 0.0596 -0.0036 0.0413 -0.0054 0.1834 0.1247 0.1162
1494720000.0000 66150.0000 2.4975 1.1364 0.5467 2.7644 245.5336 0.0968 0.0810 0.0403 -0.0373 -0.0157 0.0148 0.1091 0.0964 0.0887
1494720000.0000 66450.0000 2.4217 1.0244 0.5997 2.6734 247.0710 0.1685 0.1891 0.0753 -0.0601 -0.0408 0.0377 0.2165 0.1409 0.1313
1494720000.0000 66750.0000 2.3942 0.9645 0.6332 2.6332 248.0582 0.2482 0.2347 0.1853 -0.0354 -0.0017 0.0033 0.3341 0.1776 0.1554
1494720000.0000 67050.0000 2.8255 1.1909 0.5645 3.0773 247.1448 0.1499 0.0773 0.0715 0.0301 0.0035 -0.0139 0.1493 0.1012 0.0897
1494720000.0000 67350.0000 2.4785 1.9730 0.7606 3.1859 231.4782 0.1038 0.1146 0.0551 -0.0032 -0.0075 0.0226 0.1368 0.0927 0.0852
1494720000.0000 67650.0000 3.2059 1.1341 0.6896 3.4251 250.5182 0.2740 0.1150 0.0585 -0.0400 -0.0083 0.0118 0.2238 0.1113 0.1059
1494720000.0000 67950.0000 2.7631 1.1944 0.5918 3.0220 246.6235 0.0949 0.0959 0.0242 0.0357 -0.0032 0.0153 0.1075 0.0873 0.0838
1494720000.0000 68250.0000 2.2064 0.8811 0.4859 2.3941 248.2307 0.0987 0.0680 0.0238 -0.0236 -0.0034 0.0013 0.0952 0.1039 0.0992
1494720000.0000 68550.0000 2.0240 0.8112 0.4159 2.1926 248.1594 0.0420 0.0471 0.0255 -0.0077 0.0062 0.0022 0.0573 0.0880 0.0790
1494720000.0000 68850.0000 2.1048 0.4755 0.3492 2.1701 257.2703 0.0978 0.0560 0.0173 0.0079 0.0003 -0.0004 0.0856 0.1093 0.1050
1494720000.0000 69150.0000 1.6964 0.1918 0.2937 1.7201 263.5489 0.0378 0.0445 0.0194 0.0040 -0.0040 0.0130 0.0508 0.1062 0.0970
1494720000.0000 69450.0000 1.4212 -0.1759 0.1593 1.4585 277.0566 0.1233 0.0672 0.0277 0.0159 -0.0202 0.0130 0.1091 0.1872 0.1760
1494720000.0000 69750.0000 2.2119 0.0936 0.3346 2.2240 267.5760 0.0790 0.0427 0.0195 -0.0082 -0.0087 0.0032 0.0706 0.0969 0.0910
1494720000.0000 70050.0000 2.0374 -0.1087 0.2589 2.0786 273.0537 0.2399 0.1455 0.0706 -0.0008 -0.0398 0.0247 0.2280 0.1896 0.1757
1494720000.0000 70350.0000 1.8857 -0.0589 0.2832 1.9318 271.7905 0.2904 0.1545 0.0819 -0.0006 -0.0600 0.0356 0.2634 0.2197 0.2041
1494720000.0000 70650.0000 0.7146 -0.6571 0.0277 1.1256 312.5999 0.2508 0.2049 0.0817 0.1106 -0.0330 0.0023 0.2687 0.4358 0.4015
1494720000.0000 70950.0000 1.3896 -0.8965 -0.0116 1.7409 302.8264 0.5352 0.2382 0.1079 -0.0698 -0.0587 0.0477 0.4406 0.3277 0.3070
1494720000.0000 71250.0000 1.7280 -0.6161 0.0400 1.9055 289.6235 0.6026 0.2585 0.1028 -0.1267 -0.1126 0.0569 0.4819 0.3089 0.2920
1494720000.0000 71550.0000 1.9682 -0.7179 0.1340 2.1639 290.0384 0.4761 0.3179 0.1607 -0.1548 -0.1440 0.0829 0.4773 0.2687 0.2455
1494720000.0000 71850.0000 2.2071 -0.9337 0.0589 2.4522 292.9315 0.4520 0.2926 0.1526 -0.1167 -0.1174 0.0784 0.4486 0.2281 0.2079
1494720000.0000 72150.0000 1.6910 -0.5810 0.2414 1.8599 288.9612 0.5892 0.2321 0.1748 -0.0230 -0.1000 0.0557 0.4980 0.3194 0.2926
1494720000.0000 72450.0000 1.6703 -1.0734 0.0746 2.0322 302.7250 0.3675 0.1703 0.0903 -0.0691 -0.0561 0.0391 0.3141 0.2303 0.2133
1494720000.0000 72750.0000 2.0074 -1.3533 -0.0163 2.4541 303.9850 0.2319 0.1110 0.0526 -0.0064 -0.0009 0.0128 0.1978 0.1500 0.1397
1494720000.0000 73050.0000 1.4852 -1.3784 -0.0233 2.0852 312.8642 0.3461 0.1554 0.1351 -0.0195 -0.0680 0.0572 0.3183 0.2273 0.2018
1494720000.0000 73350.0000 1.2300 -1.3211 -0.0702 1.8816 317.0455 0.3305 0.1770 0.1006 0.0097 -0.0284 0.0467 0.3040 0.2492 0.2278
1494720000.0000 73650.0000 0.5939 -1.4017 -0.1374 1.5807 337.0385 0.1420 0.1232 0.0480 0.0559 0.0185 0.0202 0.1566 0.2114 0.1953
1494720000.0000 73950.0000 0.5894 -1.5475 -0.1848 1.6807 339.1501 0.0792 0.0543 0.0256 0.0049 0.0004 0.0013 0.0796 0.1382 0.1274
1494720000.0000 74250.0000 1.0767 -1.3623 -0.1484 1.8016 321.6781 0.2666 0.1336 0.0860 0.0005 0.0026 0.0187 0.2431 0.2310 0.2104
1494720000.0000 74550.0000 1.5312 -1.1767 -0.0177 1.9518 307.5410 0.1218 0.0853 0.0466 -0.0191 -0.0148 0.0204 0.1269 0.1506 0.1361
1494720000.0000 74850.0000 1.7226 -1.0367 0.0003 2.0257 301.0412 0.1252 0.0490 0.0255 -0.0179 -0.0288 0.0077 0.0999 0.1284 0.1199
1494720000.0000 75150.0000 1.8856 -1.1850 0.0354 2.2412 302.1483 0.1446 0.0805 0.0271 -0.0420 -0.0088 -0.0037 0.1261 0.1302 0.1230
1494720000.0000 75450.0000 1.6028 -0.9174 0.0082 1.8554 299.7861 0.0446 0.0346 0.0179 -0.0070 -0.0064 0.0042 0.0486 0.0974 0.0880
1494720000.0000 75750.0000 1.4574 -0.5183 0.0071 1.5643 289.5788 0.0174 0.0696 0.0071 -0.0176 -0.0042 0.0038 0.0471 0.1145 0.1101
1494720000.0000 76050.0000 1.6942 -0.7482 -0.0285 1.8747 293.8264 0.1108 0.1551 0.0178 -0.0901 -0.0185 0.0167 0.1419 0.1660 0.1608
1494720000.0000 76350.0000 1.8877 -0.9779 0.0422 2.1300 297.3857 0.0574 0.0145 0.0098 -0.0081 -0.0057 0.0018 0.0408 0.0776 0.0728
1494720000.0000 76650.0000 1.3907 -0.9202 -0.0279 1.6724 303.4924 0.0321 0.0140 0.0060 -0.0030 0.0009 0.0010 0.0261 0.0790 0.0743
1494720000.0000 76950.0000 1.4045 -1.0965 -0.0358 1.7845 307.9781 0.0238 0.0125 0.0086 -0.0073 0.0064 -0.0026 0.0224 0.0686 0.0617
1494720000.0000 77250.0000 1.6318 -1.1059 -0.0233 1.9779 304.1266 0.0233 0.0178 0.0097 0.0069 0.0029 0.0019 0.0254 0.0660 0.0594
1494720000.0000 77550.0000 1.4572 -0.9664 -0.0025 1.7525 303.5522 0.0263 0.0073 0.0042 0.0009 0.0019 0.0000 0.0189 0.0642 0.0605
1494720000.0000 77850.0000 1.0491 -1.0530 -0.0883 1.4956 315.1050 0.0244 0.0174 0.0100 0.0067 0.0045 0.0054 0.0259 0.0883 0.0794
1494720000.0000 78150.0000 0.3580 -0.9308 -0.0671 1.0430 338.9615 0.1362 0.0924 0.0281 -0.0684 -0.0203 0.0243 0.1284 0.2927 0.2768
1494720000.0000 78450.0000 1.2276 -0.7667 -0.0098 1.4646 301.9846 0.0847 0.0147 0.0113 0.0107 0.0006 0.0006 0.0554 0.1327 0.1258
1494720000.0000 78750.0000 1.5819 -0.7821 -0.0136 1.7665 296.3066 0.0109 0.0075 0.0048 -0.0022 -0.0022 0.0014 0.0115 0.0497 0.0443
1494720000.0000 79050.0000 1.4374 -0.4317 -0.0118 1.5053 286.7155 0.0022 0.0158 0.0008 -0.0018 -0.0002 0.0006 0.0095 0.0529 0.0517
1494720000.0000 79350.0000 1.3952 -0.1586 0.0105 1.4060 276.4871 0.0023 0.0055 0.0010 -0.0015 -0.0003 0.0003 0.0044 0.0385 0.0362
1494720000.0000 79650.0000 1.3984 -0.1490 0.0509 1.4073 276.0821 0.0056 0.0031 0.0007 -0.0013 -0.0001 0.0004 0.0047 0.0398 0.0383
1494720000.0000 79950.0000 1.6155 -0.2461 0.0711 1.6358 278.6610 0.0061 0.0053 0.0018 0.0004 0.0012 -0.0001 0.0066 0.0406 0.0377
1494720000.0000 80250.0000 1.5178 -0.4811 0.0624 1.5960 287.5879 0.0063 0.0115 0.0026 0.0023 -0.0003 -0.0002 0.0102 0.0517 0.0484
1494720000.0000 80550.0000 1.4287 -0.6781 0.0896 1.5825 295.3902 0.0038 0.0031 0.0018 0.0002 -0.0007 0.0002 0.0043 0.0339 0.0303
1494720000.0000 80850.0000 1.0218 -0.7240 0.0313 1.2718 305.3201 0.0698 0.0100 0.0070 0.0179 0.0166 0.0055 0.0434 0.1359 0.1303
1494720000.0000 81150.0000 0.5660 -0.8695 -0.0463 1.0491 326.9384 0.0282 0.0097 0.0054 0.0004 -0.0030 -0.0000 0.0216 0.1156 0.1082
1494720000.0000 81450.0000 0.3999 -0.6523 -0.0085 0.8007 328.4871 0.0374 0.0343 0.0099 0.0187 -0.0030 0.0060 0.0408 0.2156 0.2022
1494720000.0000 81750.0000 0.6330 -0.5311 0.0129 0.8375 309.9972 0.0179 0.0086 0.0073 0.0059 -0.0004 -0.0003 0.0169 0.1283 0.1137
1494720000.0000 82050.0000 0.8509 -0.5627 0.0361 1.0226 303.4757 0.0088 0.0031 0.0015 -0.0001 -0.0006 -0.0001 0.0067 0.0656 0.0618
1494720000.0000 82350.0000 0.7057 -0.5939 0.0090 0.9257 310.0838 0.0192 0.0043 0.0029 -0.0043 0.0008 0.0002 0.0132 0.1018 0.0960
1494720000.0000 82650.0000 0.2497 -0.7563 -0.0308 0.8306 341.7263 0.0493 0.0111 0.0090 0.0159 0.0162 0.0054 0.0347 0.1909 0.1782
1494720000.0000 82950.0000 0.1826 -0.9610 -0.1326 0.9831 349.2399 0.0085 0.0078 0.0024 0.0023 0.0003 -0.0002 0.0093 0.0799 0.0753
1494720000.0000 83250.0000 0.6103 -0.6371 -0.0260 0.9105 316.2332 0.0265 0.0298 0.0080 0.0234 0.0096 0.0113 0.0322 0.1659 0.1553
1494720000.0000 83550.0000 0.7606 -0.4229 0.0114 0.8728 299.0733 0.0108 0.0023 0.0013 0.0003 0.0010 0.0006 0.0072 0.0797 0.0759
1494720000.0000 83850.0000 0.7054 -0.4740 0.0417 0.8531 303.9014 0.0100 0.0050 0.0025 -0.0010 0.0008 -0.0007 0.0087 0.0897 0.0832
1494720000.0000 84150.0000 0.6861 -0.4947 0.0315 0.8646 305.7942 0.0337 0.0180 0.0069 0.0083 -0.0005 0.0006 0.0293 0.1652 0.1553
1494720000.0000 84450.0000 0.5876 -0.5526 -0.0087 0.8169 313.2401 0.0109 0.0180 0.0049 0.0027 0.0013 0.0041 0.0169 0.1315 0.1217
1494720000.0000 84750.0000 0.6259 -0.7390 -0.0183 0.9825 319.7339 0.0216 0.0208 0.0100 0.0072 -0.0004 0.0021 0.0262 0.1363 0.1227
1494720000.0000 85050.0000 -0.0642 -0.7947 -0.1185 0.8896 4.6167 0.1583 0.0267 0.0181 -0.0349 0.0308 -0.0053 0.1015 0.3228 0.3115
1494720000.0000 85350.0000 0.0724 -0.9679 -0.1331 1.0186 355.7228 0.0960 0.0206 0.0106 -0.0003 -0.0020 0.0006 0.0636 0.2102 0.2031
1494720000.0000 85650.0000 -0.0061 -0.9232 -0.1063 0.9504 0.3773 0.0490 0.0119 0.0103 0.0083 -0.0031 0.0003 0.0356 0.1657 0.1542
1494720000.0000 85950.0000 0.1464 -0.8601 -0.0686 0.8967 350.3423 0.0497 0.0280 0.0096 -0.0117 -0.0029 -0.0005 0.0436 0.1949 0.1844
1494720000.0000 86250.0000 -0.1190 -0.8154 -0.0985 0.8494 8.3019 0.0442 0.0138 0.0066 0.0004 0.0009 0.0022 0.0323 0.1768 0.1687
1494806400.0000 86550.0000 -0.5409 -0.9426 -0.1460 1.1035 29.8483 0.0475 0.0065 0.0041 0.0065 0.0038 0.0018 0.0290 0.1269 0.1234
1494806400.0000 86850.0000 -0.3981 -0.8661 -0.1595 0.9809 24.6847 0.0527 0.0055 0.0052 -0.0080 0.0115 -0.0018 0.0317 0.1504 0.1461
1494806400.0000 87150.0000 0.1145 -0.9338 -0.1042 0.9492 353.0119 0.0151 0.0086 0.0025 0.0029 -0.0009 -0.0005 0.0131 0.0987 0.0944
1494806400.0000 87450.0000 0.1885 -0.8242 -0.0768 0.8606 347.1198 0.0183 0.0207 0.0067 0.0096 0.0046 0.0059 0.0229 0.1454 0.1349
1494806400.0000 87750.0000 0.6851 -1.0142 -0.0481 1.2386 325.9622 0.0494 0.0389 0.0126 -0.0119 -0.0033 0.0034 0.0504 0.1497 0.1402
1494806400.0000 88050.0000 0.1424 -0.9649 -0.0870 1.0904 351.6032 0.2631 0.0650 0.0105 -0.1060 0.0048 -0.0040 0.1693 0.3430 0.3390
1494806400.0000 88350.0000 -0.3246 -0.9169 -0.1681 1.0002 19.4924 0.0563 0.0196 0.0095 0.0090 -0.0088 0.0005 0.0427 0.1710 0.1636
1494806400.0000 88650.0000 -0.4235 -1.1059 -0.1586 1.1934 20.9552 0.0235 0.0095 0.0086 -0.0004 -0.0009 -0.0007 0.0208 0.0986 0.0886
1494806400.0000 88950.0000 -0.7496 -1.2270 -0.1837 1.4399 31.4222 0.0079 0.0125 0.0064 0.0035 -0.0003 -0.0009 0.0134 0.0653 0.0574
1494806400.0000 89250.0000 -0.6313 -1.2236 -0.2026 1.3822 27.2909 0.0125 0.0116 0.0110 -0.0035 -0.0043 0.0021 0.0176 0.0777 0.0651
1494806400.0000 89550.0000 -0.4101 -1.0323 -0.1565 1.1274 21.6678 0.0344 0.0090 0.0060 -0.0099 0.0004 -0.0003 0.0247 0.1143 0.1083
1494806400.0000 89850.0000 -0.0027 -1.2626 -0.1561 1.2781 0.1243 0.0349 0.0352 0.0069 -0.0259 0.0049 -0.0030 0.0385 0.1259 0.1210
1494806400.0000 90150.0000 -0.1262 -1.3668 -0.1541 1.3752 5.2737 0.0072 0.0130 0.0025 0.0022 -0.0011 -0.0014 0.0113 0.0629 0.0598
1494806400.0000 90450.0000 -0.0593 -1.3199 -0.1687 1.3369 2.5708 0.0413 0.0213 0.0092 -0.0068 -0.0089 0.0031 0.0358 0.1161 0.1093
1494806400.0000 90750.0000 -0.4479 -1.4133 -0.1675 1.4906 17.5826 0.0241 0.0135 0.0078 0.0006 0.0009 -0.0042 0.0227 0.0825 0.0755
1494806400.0000 91050.0000 -0.5534 -1.3469 -0.2099 1.4586 22.3385 0.0046 0.0136 0.0024 -0.0019 0.0010 -0.0001 0.0103 0.0564 0.0535
1494806400.0000 91350.0000 -0.3671 -1.3794 -0.2137 1.4399 14.9021 0.0327 0.0093 0.0050 -0.0080 -0.0014 -0.0001 0.0235 0.0867 0.0828
1494806400.0000 91650.0000 -0.2165 -1.3150 -0.1675 1.3392 9.3487 0.0154 0.0111 0.0018 -0.0068 -0.0003 0.0003 0.0142 0.0723 0.0705
1494806400.0000 91950.0000 -0.7332 -1.1246 -0.1545 1.3475 33.1026 0.0140 0.0044 0.0010 -0.0024 0.0002 0.0006 0.0097 0.0595 0.0583
1494806400.0000 92250.0000 -0.9894 -1.0449 -0.1706 1.4424 43.4388 0.0056 0.0065 0.0015 -0.0036 -0.0004 0.0006 0.0068 0.0465 0.0442
1494806400.0000 92550.0000 -1.1248 -1.1402 -0.1523 1.6068 44.6109 0.0190 0.0049 0.0012 -0.0046 -0.0022 0.0006 0.0126 0.0569 0.0558
1494806400.0000 92850.0000 -1.5060 -1.0079 -0.1525 1.8152 56.2071 0.0075 0.0063 0.0013 -0.0047 0.0012 -0.0007 0.0075 0.0390 0.0374
1494806400.0000 93150.0000 -1.5615 -1.1262 -0.1388 1.9264 54.2004 0.0088 0.0123 0.0021 0.0070 0.0003 0.0013 0.0116 0.0455 0.0435
1494806400.0000 93450.0000 -1.8375 -1.2967 -0.1399 2.2513 54.7901 0.0122 0.0077 0.0021 -0.0019 0.0003 0.0010 0.0110 0.0380 0.0362
1494806400.0000 93750.0000 -2.1831 -1.5163 -0.1810 2.6611 55.2180 0.0278 0.0348 0.0076 0.0177 0.0041 0.0051 0.0351 0.0574 0.0543
1494806400.0000 94050.0000 -2.3605 -1.7324 -0.2459 2.9343 53.7235 0.0207 0.0337 0.0119 -0.0081 -0.0013 0.0041 0.0331 0.0506 0.0460
1494806400.0000 94350.0000 -2.3779 -2.0824 -0.2995 3.1715 48.7896 0.0585 0.0485 0.0221 -0.0143 -0.0061 -0.0072 0.0646 0.0653 0.0598
1494806400.0000 94650.0000 -2.5954 -1.9287 -0.3499 3.2396 53.3837 0.0510 0.0616 0.0314 0.0199 0.0001 -0.0122 0.0720 0.0673 0.0599
1494806400.0000 94950.0000 -2.0984 -1.7187 -0.3635 2.7211 50.6802 0.0901 0.0347 0.0362 0.0083 0.0091 0.0068 0.0805 0.0846 0.0752
1494806400.0000 95250.0000 -1.7741 -1.8358 -0.2583 2.5630 44.0202 0.0654 0.0258 0.0201 -0.0049 0.0150 0.0048 0.0557 0.0751 0.0683
1494806400.0000 95550.0000 -1.8709 -1.9397 -0.3116 2.7066 43.9659 0.0700 0.0289 0.0210 -0.0126 0.0143 -0.0023 0.0600 0.0737 0.0674
1494806400.0000 95850.0000 -2.0948 -2.1571 -0.3072 3.0125 44.1603 0.0334 0.0346 0.0237 0.0001 -0.0012 -0.0079 0.0459 0.0579 0.0501
1494806400.0000 96150.0000 -2.0738 -2.1490 -0.4202 2.9937 43.9792 0.0689 0.0417 0.0354 0.0149 -0.0093 -0.0010 0.0730 0.0732 0.0643
1494806400.0000 96450.0000 -2.3157 -2.3633 -0.2795 3.3131 44.4178 0.0293 0.0480 0.0196 0.0091 0.0035 0.0048 0.0484 0.0541 0.0485
1494806400.0000 96750.0000 -2.3590 -2.3212 -0.2570 3.3164 45.4619 0.0359 0.0318 0.0147 -0.0119 0.0035 0.0013 0.0412 0.0499 0.0454
1494806400.0000 97050.0000 -2.3222 -2.2498 -0.2139 3.2413 45.9076 0.0808 0.0529 0.0289 0.0150 0.0061 0.0092 0.0813 0.0719 0.0653
1494806400.0000 97350.0000 -2.5631 -2.3406 -0.2520 3.4832 47.5979 0.0938 0.0546 0.0303 -0.0124 -0.0036 0.0091 0.0893 0.0701 0.0641
1494806400.0000 97650.0000 -2.6701 -2.4380 -0.2096 3.6247 47.6018 0.0389 0.0554 0.0257 -0.0173 -0.0006 0.0091 0.0600 0.0552 0.0490
1494806400.0000 97950.0000 -3.1418 -2.9646 -0.1502 4.3319 46.6619 0.1117 0.1398 0.0681 0.0205 -0.0100 -0.0080 0.1598 0.0755 0.0670
1494806400.0000 98250.0000 -2.9144 -3.5222 -0.0563 4.5869 39.6064 0.0986 0.1603 0.0572 -0.0131 0.0259 -0.0202 0.1580 0.0710 0.0643
1494806400.0000 98550.0000 -2.9936 -3.6517 -0.0803 4.7492 39.3448 0.1697 0.3610 0.0800 -0.0010 -0.0231 0.0034 0.3054 0.0955 0.0891
1494806400.0000 98850.0000 -3.3272 -3.6264 -0.1733 4.9304 42.5364 0.1047 0.1642 0.0391 0.0470 0.0092 -0.0135 0.1540 0.0651 0.0608
1494806400.0000 99150.0000 -3.5104 -3.6672 -0.1624 5.0891 43.7484 0.1105 0.0883 0.0451 -0.0290 0.0161 -0.0102 0.1220 0.0561 0.0507
1494806400.0000 99450.0000 -3.1619 -3.4732 -0.2573 4.7110 42.3137 0.1485 0.0774 0.0634 -0.0173 0.0050 -0.0105 0.1447 0.0660 0.0584
1494806400.0000 99750.0000 -3.0622 -3.3587 -0.2277 4.5543 42.3567 0.1059 0.0535 0.0349 -0.0006 0.0112 -0.0075 0.0971 0.0559 0.0507
1494806400.0000 100050.0000 -3.2686 -3.4660 -0.2225 4.7689 43.3215 0.0420 0.0404 0.0297 -0.0044 0.0122 -0.0025 0.0560 0.0405 0.0348
1494806400.0000 100350.0000 -3.2340 -3.6529 -0.2193 4.8847 41.5188 0.0467 0.0351 0.0257 -0.0167 0.0033 0.0012 0.0537 0.0388 0.0339
1494806400.0000 100650.0000 -3.5855 -3.9857 -0.2135 5.3659 41.9744 0.0549 0.0459 0.0410 0.0002 0.0107 -0.0004 0.0709 0.0405 0.0342
1494806400.0000 100950.0000 -3.5251 -3.9515 -0.3112 5.2989 41.7361 0.0354 0.0368 0.0239 -0.0019 0.0055 -0.0022 0.0480 0.0337 0.0293
1494806400.0000 101250.0000 -3.6849 -3.8587 -0.1566 5.3500 43.6807 0.1845 0.0728 0.0846 -0.0290 0.0146 0.0043 0.1709 0.0632 0.0549
1494806400.0000 101550.0000 -4.1589 -3.9108 -0.2367 5.7161 46.7606 0.0929 0.0504 0.0651 -0.0142 0.0248 -0.0041 0.1042 0.0461 0.0383
1494806400.0000 101850.0000 -4.6855 -3.7318 -0.2302 5.9990 51.4639 0.1167 0.0830 0.0728 -0.0113 0.0154 -0.0044 0.1362 0.0503 0.0431
1494806400.0000 102150.0000 -4.3598 -3.6815 -0.2110 5.7173 49.8216 0.1377 0.0975 0.1024 -0.0129 0.0003 -0.0091 0.1688 0.0587 0.0491
1494806400.0000 102450.0000 -4.5154 -3.7513 -0.2883 5.8846 50.2807 0.1548 0.1269 0.1545 -0.0283 -0.0035 0.0287 0.2181 0.0649 0.0522
1494806400.0000 102750.0000 -4.2145 -4.0147 -0.2518 5.8411 46.3907 0.1948 0.1698 0.1110 -0.0504 0.0076 0.0337 0.2378 0.0683 0.0599
1494806400.0000 103050.0000 -3.9792 -4.1155 -0.2084 5.7420 44.0356 0.1990 0.2082 0.0775 0.0085 0.0109 0.0045 0.2423 0.0702 0.0643
1494806400.0000 103350.0000 -4.1539 -3.9886 -0.0765 5.7934 46.1629 0.1818 0.4754 0.2003 -0.0627 -0.0202 0.1100 0.4288 0.0928 0.0813
1494806400.0000 103650.0000 -4.0003 -3.9731 -0.1493 5.6575 45.1955 0.2153 0.2270 0.3732 0.0073 0.0406 0.0632 0.4077 0.0924 0.0681
1494806400.0000 103950.0000 -3.8640 -4.2539 -0.2478 5.7609 42.2500 0.1121 0.1089 0.0877 -0.0516 0.0196 0.0101 0.1544 0.0558 0.0472
1494806400.0000 104250.0000 -4.0069 -4.8818 -0.2940 6.3215 39.3786 0.0648 0.0664 0.0436 -0.0078 0.0139 -0.0073 0.0874 0.0382 0.0331
1494806400.0000 104550.0000 -3.8356 -4.7459 -0.2134 6.1085 38.9452 0.0649 0.0622 0.0398 -0.0143 0.0114 -0.0021 0.0834 0.0386 0.0337
1494806400.0000 104850.0000 -3.8301 -4.3475 -0.1315 5.8006 41.3800 0.0511 0.0762 0.0348 -0.0138 0.0157 -0.0078 0.0810 0.0401 0.0356
1494806400.0000 105150.0000 -3.8041 -4.5914 -0.1947 5.9672 39.6427 0.0512 0.0469 0.0258 -0.0057 0.0111 0.0024 0.0619 0.0341 0.0303
1494806400.0000 105450.0000 -4.2193 -4.7013 -0.2449 6.3241 41.9067 0.0600 0.1025 0.0354 -0.0109 0.0121 -0.0221 0.0989 0.0406 0.0368
1494806400.0000 105750.0000 -4.3661 -4.6520 -0.2138 6.3894 43.1841 0.1044 0.0718 0.0505 -0.0305 0.0065 0.0050 0.1133 0.0431 0.0380
1494806400.0000 106050.0000 -4.1171 -4.8208 -0.2021 6.3507 40.4986 0.0901 0.1422 0.0593 -0.0292 0.0124 -0.0098 0.1458 0.0492 0.0439
1494806400.0000 106350.0000 -4.4853 -5.1661 -0.2098 6.8536 40.9648 0.1805 0.1330 0.1118 -0.0034 0.0224 0.0175 0.2127 0.0550 0.0473
1494806400.0000 106650.0000 -4.4724 -4.9698 -0.2706 6.6957 41.9847 0.1403 0.1174 0.0953 -0.0001 0.0473 0.0021 0.1765 0.0513 0.0438
1494806400.0000 106950.0000 -4.0519 -4.8466 -0.1537 6.3261 39.8964 0.1423 0.1346 0.0722 0.0277 0.0251 0.0012 0.1746 0.0540 0.0481
1494806400.0000 107250.0000 -4.3381 -4.6070 -0.1933 6.3352 43.2783 0.0789 0.0764 0.0524 -0.0142 -0.0013 -0.0137 0.1039 0.0416 0.0360
1494806400.0000 107550.0000 -4.4415 -5.1371 -0.1556 6.7997 40.8463 0.1048 0.1222 0.0533 -0.0056 0.0135 -0.0113 0.1402 0.0450 0.0405
1494806400.0000 107850.0000 -4.5901 -4.8828 -0.2796 6.7091 43.2302 0.1242 0.1083 0.0639 0.0153 0.0316 -0.0041 0.1482 0.0469 0.0415
1494806400.0000 108150.0000 -4.5262 -4.5790 -0.4752 6.4638 44.6677 0.3550 0.3167 0.1567 0.0205 0.0310 -0.0612 0.4142 0.0814 0.0735
1494806400.0000 108450.0000 -5.1471 -4.6235 -0.3268 6.9301 48.0675 0.1540 0.1106 0.0542 -0.0225 0.0228 -0.0055 0.1594 0.0471 0.0429
1494806400.0000 108750.0000 -5.1988 -3.8696 -0.3796 6.5165 53.3383 0.4454 0.3603 0.1763 -0.0678 -0.0034 -0.0421 0.4910 0.0881 0.0800
1494806400.0000 109050.0000 -5.2150 -3.9580 -0.4148 6.5785 52.8028 0.4569 0.2316 0.2341 -0.1203 0.0708 -0.0296 0.4613 0.0845 0.0732
1494806400.0000 109350.0000 -4.7017 -3.8414 -0.4844 6.0954 50.7502 0.2301 0.1929 0.1039 -0.0864 0.0307 -0.0214 0.2635 0.0688 0.0618
1494806400.0000 109650.0000 -4.3351 -3.9342 -0.4853 5.8733 47.7760 0.1569 0.1431 0.0473 -0.0774 0.0331 -0.0151 0.1736 0.0579 0.0540
1494806400.0000 109950.0000 -4.0446 -3.9355 -0.2818 5.6596 45.7830 0.1933 0.1226 0.1091 -0.0228 0.0428 0.0247 0.2125 0.0666 0.0575
1494806400.0000 110250.0000 -4.2282 -4.4237 -0.3171 6.1439 43.7060 0.2831 0.2064 0.1381 -0.0524 0.0833 -0.0047 0.3138 0.0746 0.0660
1494806400.0000 110550.0000 -3.8890 -3.8661 -0.2796 5.5309 45.1695 0.4747 0.4254 0.4771 -0.0542 0.1735 0.0441 0.6886 0.1234 0.0999
1494806400.0000 110850.0000 -3.7082 -3.9476 -0.2693 5.4482 43.2084 0.4128 0.1793 0.2466 -0.0401 0.1289 -0.0081 0.4194 0.0975 0.0820
1494806400.0000 111150.0000 -4.0465 -3.9124 -0.2994 5.6558 45.9649 0.4297 0.1627 0.1444 -0.0038 0.0467 -0.0040 0.3684 0.0879 0.0789
1494806400.0000 111450.0000 -4.4199 -4.1169 -0.3326 6.0734 47.0325 0.4783 0.2118 0.2399 -0.0564 0.1098 0.0082 0.4650 0.0920 0.0794
1494806400.0000 111750.0000 -3.1991 -3.6122 -0.3613 4.8584 41.5299 0.3035 0.2745 0.2185 -0.0161 0.0770 -0.0387 0.3982 0.1065 0.0910
1494806400.0000 112050.0000 -3.3436 -3.6810 -0.1544 4.9997 42.2500 0.1960 0.2016 0.1618 -0.0668 0.0430 -0.0101 0.2797 0.0868 0.0732
1494806400.0000 112350.0000 -3.1467 -3.4038 -0.0378 4.6604 42.7529 0.2775 0.2447 0.2471 0.0350 0.0773 0.1087 0.3846 0.1092 0.0900
1494806400.0000 112650.0000 -3.1998 -3.7503 -0.2739 4.9513 40.4717 0.1935 0.1157 0.1080 -0.0512 0.0419 -0.0105 0.2086 0.0755 0.0651
1494806400.0000 112950.0000 -3.1265 -3.4577 -0.2735 4.6839 42.1198 0.2081 0.1047 0.1330 -0.0455 0.0522 0.0095 0.2229 0.0826 0.0693
1494806400.0000 113250.0000 -3.5635 -3.8805 -0.2382 5.2831 42.5613 0.1593 0.1422 0.0851 -0.0031 0.0237 0.0067 0.1933 0.0681 0.0602
1494806400.0000 113550.0000 -3.8393 -3.8004 -0.3329 5.4295 45.2923 0.2387 0.2257 0.3073 -0.0616 0.0231 0.0757 0.3859 0.0937 0.0728
1494806400.0000 113850.0000 -3.3788 -3.7519 -0.2915 5.0823 42.0052 0.3054 0.2162 0.1552 -0.0801 0.0391 -0.0182 0.3384 0.0939 0.0826
1494806400.0000 114150.0000 -2.8430 -3.5130 -0.3335 4.5422 38.9825 0.1802 0.2481 0.1052 -0.0054 0.0497 -0.0358 0.2667 0.0931 0.0836
1494806400.0000 114450.0000 -2.7477 -3.4472 -0.2617 4.4271 38.5578 0.1417 0.1236 0.0892 -0.0291 0.0275 -0.0021 0.1773 0.0778 0.0675
1494806400.0000 114750.0000 -2.4840 -3.2747 -0.1001 4.1521 37.1823 0.4013 0.2402 0.2720 0.0128 0.0730 0.1027 0.4568 0.1342 0.1125
1494806400.0000 115050.0000 -2.9079 -3.5191 -0.2312 4.6519 39.5675 0.8288 0.3931 0.4776 -0.1371 0.1918 0.0435 0.8498 0.1647 0.1398
1494806400.0000 115350.0000 -3.7220 -3.9900 -0.2288 5.5096 43.0097 0.3462 0.6665 0.3736 -0.0672 0.1188 0.2414 0.6932 0.1245 0.1065
1494806400.0000 115650.0000 -3.3747 -3.9392 -0.2084 5.2326 40.5869 0.3381 0.5937 0.1969 -0.0068 0.0538 0.1407 0.5643 0.1182 0.1074
1494806400.0000 115950.0000 -2.9679 -3.9092 -0.3123 4.9564 37.2057 0.3172 0.3432 0.2375 -0.1484 -0.0267 0.0453 0.4490 0.1112 0.0956
1494806400.0000 116250.0000 -3.6077 -4.2155 -0.4295 5.5747 40.5577 0.2576 0.3683 0.2899 0.0128 0.0602 0.0862 0.4579 0.0993 0.0823
1494806400.0000 116550.0000 -3.8393 -3.9506 -0.1584 5.5625 44.1816 0.5265 0.2892 0.2121 -0.1779 0.0464 0.0475 0.5139 0.1062 0.0947
1494806400.0000 116850.0000 -4.3432 -3.9627 -0.2230 5.9273 47.6229 0.5079 0.4238 0.3569 -0.1007 0.0589 0.0140 0.6443 0.1114 0.0948
1494806400.0000 117150.0000 -4.4333 -4.0488 -0.3948 6.0325 47.5952 0.2862 0.3096 0.2209 -0.0374 0.0148 0.0439 0.4083 0.0867 0.0742
1494806400.0000 117450.0000 -4.0463 -4.2209 -0.3940 5.8664 43.7902 0.2078 0.2242 0.1419 -0.0087 0.0491 0.0219 0.2869 0.0746 0.0649
1494806400.0000 117750.0000 -3.8253 -4.2810 -0.3981 5.7687 41.7828 0.3182 0.2677 0.1773 -0.0187 0.0414 0.0472 0.3816 0.0876 0.0770
1494806400.0000 118050.0000 -3.2892 -4.7111 -0.4335 5.7798 34.9219 0.2801 0.2708 0.1393 -0.1204 0.0044 -0.0118 0.3451 0.0832 0.0746
1494806400.0000 118350.0000 -3.7403 -4.4532 -0.4061 5.8401 40.0275 0.2673 0.2537 0.2381 -0.0212 0.0407 0.0263 0.3796 0.0863 0.0717
1494806400.0000 118650.0000 -3.9891 -4.1705 -0.3156 5.7906 43.7263 0.2035 0.2313 0.2500 -0.0060 0.0479 0.0630 0.3424 0.0827 0.0660
1494806400.0000 118950.0000 -3.6908 -4.0578 -0.1408 5.5310 42.2881 0.3118 0.4380 0.2450 -0.1283 0.0353 0.0834 0.4974 0.1049 0.0911
1494806400.0000 119250.0000 -3.7646 -4.0656 -0.4812 5.5809 42.7986 0.4417 0.3200 0.2028 -0.0559 0.1279 -0.0432 0.4823 0.1020 0.0909
1494806400.0000 119550.0000 -3.6354 -4.0826 -0.2231 5.5358 41.6836 0.6367 0.4838 0.2283 -0.1900 0.0580 -0.0096 0.6744 0.1226 0.1118
1494806400.0000 119850.0000 -4.0281 -3.8193 -0.1405 5.6289 46.5244 0.7705 0.5241 0.2829 -0.2502 0.0272 0.0151 0.7887 0.1306 0.1183
1494806400.0000 120150.0000 -3.9852 -4.1525 -0.1592 5.8545 43.8223 0.9793 0.7894 0.3909 -0.2876 0.1137 -0.1343 1.0798 0.1474 0.1334
1494806400.0000 120450.0000 -3.1294 -4.4013 0.0629 5.5019 35.4137 0.5136 1.1832 0.3666 -0.2744 -0.0315 0.2559 1.0317 0.1536 0.1393
1494806400.0000 120750.0000 -3.5110 -4.4139 -0.3730 5.7138 38.5002 0.7742 0.5266 0.2787 -0.1789 0.0175 0.0193 0.7897 0.1284 0.1168
1494806400.0000 121050.0000 -3.0277 -4.4314 -0.1523 5.4152 34.3427 0.4787 0.2635 0.1863 -0.1199 0.0071 0.0737 0.4643 0.1036 0.0927
1494806400.0000 121350.0000 -3.1316 -4.6900 -0.2639 5.6752 33.7315 0.3341 0.3074 0.1932 -0.0875 0.0443 0.0245 0.4173 0.0934 0.0820
1494806400.0000 121650.0000 -3.3514 -4.1396 -0.2012 5.3758 38.9934 0.4247 0.2814 0.2237 -0.1688 -0.0221 0.0057 0.4649 0.1045 0.0911
1494806400.0000 121950.0000 -3.0662 -4.4468 -0.2590 5.4444 34.5875 0.3445 0.3480 0.1729 -0.1331 -0.0421 0.0480 0.4327 0.0993 0.0889
1494806400.0000 122250.0000 -3.6776 -3.9117 -0.1412 5.4502 43.2335 0.5324 0.8380 0.3022 -0.2017 0.1316 -0.0050 0.8363 0.1390 0.1259
1494806400.0000 122550.0000 -2.3339 -4.7283 -0.1731 5.3358 26.2713 0.5682 0.4544 0.2110 -0.1453 0.0340 0.0071 0.6168 0.1215 0.1107
1494806400.0000 122850.0000 -3.6880 -3.3898 -0.2050 5.1366 47.4125 1.0408 0.6225 0.2989 -0.5160 0.0164 -0.0083 0.9811 0.1613 0.1487
1494806400.0000 123150.0000 -2.9536 -3.6653 -0.1898 4.8907 38.8625 1.0049 1.1420 0.2411 -0.7550 -0.0700 0.0946 1.1940 0.1894 0.1797
1494806400.0000 123450.0000 -3.2455 -4.2748 -0.1178 5.4365 37.2064 0.5658 0.8364 0.2764 -0.0300 0.0396 0.1347 0.8393 0.1393 0.1274
1494806400.0000 123750.0000 -3.9279 -3.4622 -0.1511 5.2957 48.6059 0.5802 0.4788 0.2158 -0.0987 -0.0334 -0.0215 0.6374 0.1244 0.1135
1494806400.0000 124050.0000 -3.0440 -3.1400 0.0934 4.5249 44.1098 0.7163 1.2302 0.2051 -0.4054 0.1085 -0.0123 1.0758 0.1936 0.1842
1494806400.0000 124350.0000 -3.5814 -3.5039 0.0600 5.0503 45.6269 0.5823 0.2609 0.1635 0.0414 0.0735 0.0039 0.5034 0.1156 0.1058
1494806400.0000 124650.0000 -3.8862 -3.8388 -0.1791 5.4998 45.3511 0.5949 0.2593 0.2752 0.0113 0.0195 0.0056 0.5647 0.1123 0.0977
1494806400.0000 124950.0000 -3.4607 -2.5328 0.0160 4.3735 53.8012 0.8026 0.4457 0.2311 -0.1831 0.0233 0.0136 0.7397 0.1637 0.1504
1494806400.0000 125250.0000 -4.0431 -1.9316 -0.0695 4.5398 64.4634 0.7513 0.4788 0.3033 0.0354 0.1271 -0.0495 0.7667 0.1595 0.1429
1494806400.0000 125550.0000 -2.6946 -2.5869 0.2118 3.9049 46.1677 1.0373 1.1890 0.3085 -0.1249 0.1093 0.0982 1.2674 0.2457 0.2306
1494806400.0000 125850.0000 -2.0778 -2.9589 0.4154 3.8197 35.0778 1.5020 1.0406 0.3314 -0.0841 0.0906 0.1846 1.4370 0.2689 0.2546
1494806400.0000 126150.0000 -3.1560 -3.2161 0.1874 4.6226 44.4601 1.3339 0.6200 0.2788 0.0018 0.2703 0.0287 1.1164 0.1913 0.1791
1494806400.0000 126450.0000 -3.3035 -2.0970 -0.1992 4.0046 57.5934 0.6425 0.4578 0.2421 -0.2366 0.0396 -0.0473 0.6712 0.1707 0.1548
1494806400.0000 126750.0000 -3.3070 -1.7272 -0.0715 3.8015 62.4223 0.9114 0.5486 0.2111 0.0920 0.1287 -0.1036 0.8356 0.2000 0.1870
1494806400.0000 127050.0000 -2.4058 -2.3380 -0.0631 3.4091 45.8186 0.7192 0.3765 0.1356 0.1821 -0.0187 -0.0206 0.6157 0.1909 0.1801
1494806400.0000 127350.0000 -2.3227 -2.1006 0.1883 3.2689 47.8750 0.5945 1.0981 0.3621 0.0157 0.1259 -0.0520 1.0273 0.2638 0.2398
1494806400.0000 127650.0000 -2.1750 -1.8797 0.0477 2.9836 49.1656 1.0079 0.5651 0.2371 0.1772 0.0933 -0.0400 0.9050 0.2702 0.2519
1494806400.0000 127950.0000 -3.7158 -1.7111 0.0566 4.2311 65.2743 1.1081 1.3055 0.4560 0.1111 0.1536 -0.1233 1.4348 0.2390 0.2193
1494806400.0000 128250.0000 -3.1145 -1.8123 0.0095 3.7419 59.8050 0.9066 0.7040 0.4209 -0.3113 0.1476 -0.0043 1.0158 0.2284 0.2033
1494806400.0000 128550.0000 -2.6569 -1.8223 -0.0209 3.3833 55.5540 1.3059 0.4457 0.3891 -0.3921 0.3010 -0.0707 1.0704 0.2622 0.2372
1494806400.0000 128850.0000 -2.5974 -0.1031 -0.1681 2.8407 87.7270 1.2058 1.1661 0.3289 -0.0140 0.1419 -0.0441 1.3504 0.3643 0.3421
1494806400.0000 129150.0000 -2.5286 -0.1651 -0.1691 2.6688 86.2644 0.7755 0.6361 0.3098 -0.0735 0.2410 -0.0902 0.8607 0.2983 0.2707
1494806400.0000 129450.0000 -3.0822 -0.9878 -0.0800 3.3217 72.2297 0.6974 0.5976 0.2358 0.1169 0.0805 -0.0049 0.7654 0.2206 0.2030
1494806400.0000 129750.0000 -2.5447 -0.9019 0.0778 2.8262 70.4836 0.4647 0.8249 0.2498 0.1056 0.0356 -0.0866 0.7697 0.2652 0.2428
1494806400.0000 130050.0000 -1.8713 -1.0820 0.2796 2.3042 59.9639 0.4634 0.6948 0.2935 0.0091 0.1512 0.0366 0.7258 0.3192 0.2874
1494806400.0000 130350.0000 -2.8626 -1.3869 -0.0843 3.2266 64.1497 0.6574 0.3044 0.1593 0.1067 0.1481 0.0110 0.5606 0.1921 0.1780
1494806400.0000 130650.0000 -3.0670 -2.0488 -0.1134 3.7165 56.2565 0.2108 0.3768 0.1834 0.1199 -0.0213 -0.0450 0.3855 0.1374 0.1200
1494806400.0000 130950.0000 -2.0369 -2.1706 0.2418 3.0569 43.1805 0.5650 0.4990 0.1863 0.0810 0.0235 0.0605 0.6252 0.2162 0.2001
1494806400.0000 131250.0000 -1.7330 -1.7651 0.1469 2.5356 44.4743 0.5011 0.4757 0.2766 0.2032 0.0817 -0.0164 0.6267 0.2608 0.2307
1494806400.0000 131550.0000 -2.1835 -1.5481 0.1251 2.7267 54.6625 0.2701 0.2259 0.1403 -0.0167 0.0570 0.0170 0.3182 0.1719 0.1519
1494806400.0000 131850.0000 -2.1767 -0.8552 0.1835 2.4039 68.5515 0.5293 0.3665 0.3037 0.1197 0.1157 -0.0180 0.5998 0.2696 0.2337
1494806400.0000 132150.0000 -1.4866 -1.5208 0.1423 2.2320 44.3483 0.4042 0.3419 0.1833 -0.1057 -0.0173 0.0961 0.4647 0.2611 0.2345
1494806400.0000 132450.0000 -1.4418 -0.9612 0.2324 1.8197 56.3089 0.3410 0.4074 0.2258 0.0938 0.0491 0.0139 0.4871 0.3259 0.2882
1494806400.0000 132750.0000 -1.8707 -0.8177 0.0196 2.1365 66.3894 0.2317 0.4789 0.1711 0.1051 0.0732 0.0019 0.4408 0.2655 0.2384
1494806400.0000 133050.0000 -1.1199 -0.9591 -0.0907 1.5299 49.4227 0.2334 0.1383 0.1521 0.0307 0.0234 -0.0346 0.2619 0.2829 0.2387
1494806400.0000 133350.0000 -1.3317 -1.4569 0.0101 2.0287 42.4304 0.5039 0.2950 0.2183 0.2728 0.0012 0.0206 0.5086 0.2950 0.2614
1494806400.0000 133650.0000 -1.6372 -1.6867 0.0855 2.4446 44.1474 0.7947 0.4046 0.1253 0.2838 0.0740 0.0484 0.6623 0.2825 0.2690
1494806400.0000 133950.0000 -1.4785 -2.0134 0.0854 2.5557 36.2901 0.3370 0.3099 0.1317 0.0613 0.0082 0.0095 0.3893 0.2038 0.1859
1494806400.0000 134250.0000 -1.0305 -1.8117 -0.0202 2.1880 29.6318 0.6663 0.4906 0.2362 0.3642 -0.0418 0.0015 0.6965 0.3269 0.2979
1494806400.0000 134550.0000 -0.4878 -1.4666 -0.0428 1.6340 18.3983 0.1894 0.5637 0.2087 0.0637 0.0546 0.1178 0.4809 0.3662 0.3242
1494806400.0000 134850.0000 -0.9457 -1.3962 0.3073 1.9102 34.1106 1.0457 0.3936 0.2747 0.1877 0.2097 0.0608 0.8570 0.4410 0.4107
1494806400.0000 135150.0000 -1.1991 -1.6620 -0.1349 2.1855 35.8099 0.3557 0.5938 0.2018 -0.1175 0.0234 -0.0231 0.5756 0.3016 0.2745
1494806400.0000 135450.0000 0.4790 -1.8546 -0.0734 2.1812 345.5180 0.9299 0.6069 0.2689 0.1725 0.2152 0.0823 0.9029 0.4047 0.3737
1494806400.0000 135750.0000 -0.3000 -1.3443 0.0754 1.6828 12.5788 0.9380 0.2112 0.2365 0.0312 0.0561 0.0422 0.6928 0.4927 0.4494
1494806400.0000 136050.0000 -0.2257 -0.5262 0.0907 0.8634 23.2134 0.2760 0.2839 0.3982 -0.0705 -0.0417 0.0661 0.4790 0.9748 0.7545
1494806400.0000 136350.0000 -0.4862 -0.8879 0.1330 1.1788 28.7051 0.3787 0.5146 0.1737 0.1459 -0.0139 0.0314 0.5335 0.5841 0.5390
1494806400.0000 136650.0000 -2.1784 -0.6884 0.1349 2.3846 72.4623 0.6273 0.5239 0.2549 0.2375 0.1741 0.0630 0.7030 0.2991 0.2711
1494806400.0000 136950.0000 -1.2237 -0.0360 0.0624 1.4237 88.3140 0.2094 0.4773 0.2442 0.0944 0.0520 0.0865 0.4654 0.4544 0.3908
1494806400.0000 137250.0000 -0.4360 -0.2593 -0.4362 1.1197 59.2557 0.4798 0.7707 0.6193 0.0846 0.0361 -0.3568 0.9349 1.1800 1.2727
1494806400.0000 137550.0000 -1.2023 -1.5926 0.2445 2.0906 37.0505 0.9684 1.0393 0.2033 0.6962 0.0141 0.0020 1.1055 0.4270 0.4100
1494806400.0000 137850.0000 -1.3240 -1.9096 0.0807 2.6029 34.7342 1.8165 0.5662 0.2417 0.2268 -0.0251 0.0403 1.3122 0.4023 0.3835
1494806400.0000 138150.0000 -0.7942 -1.5807 0.1480 1.8797 26.6750 0.6336 0.6556 0.2588 0.3183 0.0125 0.0428 0.7740 0.4047 0.3706
1494806400.0000 138450.0000 -1.8641 -2.1007 0.0528 2.9114 41.5860 0.3966 0.4535 0.2676 -0.1446 0.0377 -0.0303 0.5589 0.2173 0.1895
1494806400.0000 138750.0000 -1.4051 -0.3224 0.1555 1.7173 77.0768 0.4788 0.7976 0.2163 0.1154 0.0706 0.0925 0.7463 0.4865 0.4525
1494806400.0000 139050.0000 -1.2153 -1.3691 0.1444 1.8870 41.5939 0.1633 0.4069 0.0971 0.0541 -0.0121 -0.0504 0.3336 0.2568 0.2381
1494806400.0000 139350.0000 -1.4357 -1.8360 0.0299 2.3924 38.0241 0.4690 0.2994 0.1156 0.1464 0.0629 0.0643 0.4420 0.2329 0.2172
1494806400.0000 139650.0000 -1.0295 -2.0311 -0.1227 2.3315 26.8785 0.1649 0.6907 0.1611 0.0364 -0.0132 0.0380 0.5084 0.2553 0.2345
1494806400.0000 139950.0000 -0.3123 -1.1595 -0.1512 1.2813 15.0733 0.2377 0.3236 0.1310 0.1868 0.0180 0.0063 0.3461 0.3969 0.3602
1494806400.0000 140250.0000 -1.2782 -1.0506 -0.1115 1.7008 50.5833 0.1977 0.1458 0.0709 0.0132 0.0177 -0.0112 0.2072 0.2241 0.2045
1494806400.0000 140550.0000 -1.3435 -0.0651 -0.0276 1.4792 87.2257 0.3551 0.2936 0.2006 0.0692 -0.0735 0.0218 0.4247 0.3955 0.3457
1494806400.0000 140850.0000 -1.1255 -0.1807 -0.1817 1.2536 80.8775 0.5158 0.1255 0.0929 -0.0927 0.0538 -0.0097 0.3671 0.4286 0.4056
1494806400.0000 141150.0000 -1.5757 -0.8169 0.0896 1.8395 62.5953 0.1657 0.1749 0.1268 -0.0804 0.0172 -0.0074 0.2337 0.2221 0.1898
1494806400.0000 141450.0000 -1.0264 -1.1848 -0.1826 1.5961 40.9039 0.0776 0.0401 0.0537 -0.0284 0.0174 0.0038 0.0857 0.1515 0.1264
1494806400.0000 141750.0000 -1.3112 -1.3348 -0.0930 1.9104 44.4890 0.0782 0.1908 0.0696 -0.0086 -0.0099 -0.0310 0.1693 0.1793 0.1601
1494806400.0000 142050.0000 -1.5305 -0.9674 0.0140 1.8651 57.7042 0.3306 0.0803 0.0732 -0.0691 0.0032 0.0077 0.2420 0.2218 0.2044
1494806400.0000 142350.0000 -1.7781 -0.8957 -0.0178 2.0509 63.2640 0.5152 0.3015 0.0904 0.1438 0.0370 0.0065 0.4536 0.2762 0.2621
1494806400.0000 142650.0000 -1.3700 -1.5592 0.0672 2.1257 41.3060 0.4152 0.1568 0.0816 0.1304 0.0260 0.0365 0.3268 0.2248 0.2104
1494806400.0000 142950.0000 -0.8196 -1.3816 -0.2461 1.6659 30.6765 0.2039 0.0689 0.0699 -0.0285 0.0381 -0.0320 0.1713 0.2080 0.1877
1494806400.0000 143250.0000 -0.4579 -1.3809 -0.0929 1.5520 18.3440 0.3664 0.1583 0.0998 0.0349 0.0232 -0.0036 0.3122 0.3130 0.2875
1494806400.0000 143550.0000 -0.3681 -1.5853 0.0158 1.7126 13.0732 0.2983 0.2844 0.1490 0.0554 -0.0114 0.0946 0.3659 0.3034 0.2708
1494806400.0000 143850.0000 -0.3131 -0.1560 0.0721 1.1110 63.5084 0.9956 0.3794 0.2655 -0.2090 0.1513 0.1018 0.8202 2.0704 1.9352
1494806400.0000 144150.0000 -1.4767 -0.2052 0.0162 1.6464 82.0911 0.4503 0.4347 0.1818 -0.0242 0.0842 -0.0507 0.5334 0.3999 0.3643
1494806400.0000 144450.0000 -1.6637 -0.4855 -0.0813 1.8081 73.7320 0.2775 0.3163 0.1781 0.1737 0.0202 0.0562 0.3859 0.2923 0.2567
1494806400.0000 144750.0000 -1.0670 -0.3988 -0.0764 1.2086 69.5047 0.1063 0.1341 0.0995 -0.0366 0.0096 0.0244 0.1699 0.2948 0.2485
1494806400.0000 145050.0000 -0.6384 -0.0323 -0.0895 0.8492 87.1010 0.2391 0.2076 0.2682 -0.0335 -0.0521 -0.1283 0.3575 0.7564 0.6037
1494806400.0000 145350.0000 -1.1936 -1.9893 -0.0601 2.3681 30.9631 0.5508 0.7962 0.1499 0.4434 0.0558 0.0083 0.7484 0.3044 0.2888
1494806400.0000 145650.0000 -0.3998 -1.7781 0.1243 1.8974 12.6722 0.2355 0.4081 0.1910 0.0015 -0.0067 0.1501 0.4173 0.2887 0.2541
1494806400.0000 145950.0000 -0.0908 -1.6312 -0.0454 1.7717 3.1848 0.4516 0.4471 0.1979 0.1190 -0.0818 0.0019 0.5483 0.3699 0.3350
1494806400.0000 146250.0000 -0.0338 -1.6326 -0.1109 1.7150 1.1849 0.2675 0.2175 0.1365 -0.0515 0.0072 0.0340 0.3107 0.2781 0.2462
1494806400.0000 146550.0000 0.1036 -1.4348 -0.0231 1.5631 355.8683 0.3553 0.2282 0.0801 -0.0856 0.0095 0.0076 0.3318 0.3269 0.3066
1494806400.0000 146850.0000 -0.2260 -1.6974 0.0487 1.7595 7.5828 0.1603 0.2635 0.0902 -0.0111 0.0128 0.0303 0.2570 0.2416 0.2195
1494806400.0000 147150.0000 0.0465 -1.4602 0.0737 1.5060 358.1778 0.1208 0.3118 0.0936 0.0373 0.0173 0.0966 0.2631 0.2863 0.2599
1494806400.0000 147450.0000 -0.1333 -2.5185 -0.1307 2.5644 3.0297 0.2184 0.1861 0.1588 -0.0029 0.0209 -0.0103 0.2817 0.1716 0.1456
1494806400.0000 147750.0000 -0.2478 -1.5009 -0.1865 1.5801 9.3756 0.1684 0.1293 0.0668 -0.0474 0.0369 -0.0207 0.1822 0.2274 0.2071
1494806400.0000 148050.0000 -0.1057 -1.1259 -0.1010 1.1752 5.3650 0.1017 0.0862 0.0907 0.0290 0.0097 0.0382 0.1393 0.2684 0.2213
1494806400.0000 148350.0000 -0.0221 -1.3409 -0.1213 1.3998 0.9442 0.1600 0.1501 0.0466 -0.0601 -0.0411 -0.0000 0.1784 0.2561 0.2397
1494806400.0000 148650.0000 -0.0204 -1.1439 -0.1656 1.1932 1.0241 0.1178 0.0500 0.0534 -0.0253 -0.0237 0.0191 0.1106 0.2349 0.2067
1494806400.0000 148950.0000 0.3696 -1.0756 -0.0744 1.1580 341.0372 0.0492 0.0677 0.0262 -0.0034 -0.0009 0.0006 0.0716 0.1916 0.1736
1494806400.0000 149250.0000 0.0680 -1.4494 -0.0140 1.5102 357.3124 0.1508 0.1837 0.0915 0.0156 0.0086 0.0474 0.2130 0.2597 0.2301
1494806400.0000 149550.0000 -0.0099 -1.5165 -0.0430 1.5576 0.3744 0.1249 0.1686 0.1037 -0.0327 0.0102 0.0406 0.1986 0.2398 0.2062
1494806400.0000 149850.0000 -0.2561 -0.8916 -0.0383 0.9664 16.0249 0.0814 0.0703 0.0304 0.0032 -0.0110 -0.0050 0.0911 0.2654 0.2424
1494806400.0000 150150.0000 0.5948 -1.6094 -0.1190 1.7493 339.7184 0.1097 0.1122 0.0522 0.0026 -0.0104 0.0257 0.1370 0.1757 0.1585
1494806400.0000 150450.0000 0.1799 -1.4393 -0.1595 1.5517 352.8753 0.3027 0.2147 0.0692 0.0768 -0.0100 0.0245 0.2933 0.3030 0.2863
1494806400.0000 150750.0000 0.0521 -1.9381 0.0037 2.0031 358.4596 0.2434 0.1813 0.0677 0.0687 -0.0228 0.0344 0.2462 0.2090 0.1941
1494806400.0000 151050.0000 -0.0875 -2.1025 -0.0582 2.1254 2.3828 0.0895 0.1216 0.0449 0.0161 -0.0061 0.0209 0.1280 0.1388 0.1261
