1494720000.0000 150.0000 -0.4229 0.2385 0.0004 0.4964 119.4227 0.0277 0.0100 0.0105 -0.0074 0.0000 -0.0034 0.0241 0.2612 0.2311
1494720000.0000 450.0000 -0.2985 0.2293 -0.0152 0.4032 127.5352 0.0290 0.0273 0.0075 -0.0126 0.0027 -0.0092 0.0319 0.3871 0.3640
1494720000.0000 750.0000 -0.2952 0.1986 0.0104 0.3932 123.9225 0.0727 0.0201 0.0052 -0.0174 -0.0011 0.0004 0.0490 0.5080 0.4946
1494720000.0000 1050.0000 -0.0501 0.5505 -0.0377 0.7360 174.7995 0.2329 0.0828 0.0144 0.1115 -0.0254 -0.0202 0.1650 0.5986 0.5868
1494720000.0000 1350.0000 0.9603 1.2665 -0.2971 1.5942 217.1694 0.0112 0.0157 0.0149 -0.0025 -0.0023 -0.0032 0.0209 0.0730 0.0596
1494720000.0000 1650.0000 1.0146 1.3641 -0.3510 1.7093 216.6408 0.0619 0.0428 0.0238 0.0277 -0.0178 -0.0160 0.0642 0.1192 0.1099
1494720000.0000 1950.0000 0.6358 1.1039 -0.1210 1.2940 209.9396 0.0606 0.1146 0.0382 0.0293 -0.0217 -0.0393 0.1067 0.2084 0.1897
1494720000.0000 2250.0000 0.4695 1.2476 -0.2405 1.3582 200.6226 0.0689 0.0731 0.0352 0.0009 -0.0161 -0.0188 0.0886 0.1794 0.1632
1494720000.0000 2550.0000 0.1746 1.6367 -0.2406 1.6706 186.0905 0.0844 0.0668 0.0320 0.0268 -0.0129 -0.0248 0.0916 0.1485 0.1364
1494720000.0000 2850.0000 -0.0948 1.7780 -0.3327 1.7920 176.9484 0.0393 0.0912 0.0261 -0.0108 0.0139 -0.0146 0.0782 0.1261 0.1171
1494720000.0000 3150.0000 -0.1400 2.0609 -0.4353 2.0708 176.1128 0.0208 0.0194 0.0144 -0.0021 0.0024 -0.0063 0.0273 0.0639 0.0561
1494720000.0000 3450.0000 0.1109 1.9884 -0.3928 2.0030 183.1919 0.0447 0.0578 0.0381 -0.0001 -0.0049 -0.0247 0.0703 0.1067 0.0928
1494720000.0000 3750.0000 -0.0997 1.7951 -0.3253 1.8095 176.8196 0.0421 0.0430 0.0319 0.0024 0.0042 -0.0112 0.0585 0.1081 0.0936
1494720000.0000 4050.0000 -0.2246 1.7976 -0.3380 1.8255 172.8781 0.0504 0.0615 0.0278 -0.0078 0.0061 -0.0170 0.0698 0.1171 0.1066
1494720000.0000 4350.0000 -0.0389 1.7467 -0.3293 1.7712 178.7245 0.0860 0.0731 0.0526 -0.0103 0.0161 -0.0290 0.1058 0.1494 0.1318
1494720000.0000 4650.0000 -0.1267 1.2825 -0.2157 1.3237 174.3563 0.0907 0.2071 0.0700 0.0083 0.0018 -0.0793 0.1839 0.2680 0.2445
1494720000.0000 4950.0000 -0.2020 1.0419 -0.1677 1.0937 169.0283 0.0657 0.1554 0.0449 -0.0120 0.0093 -0.0489 0.1330 0.2771 0.2558
1494720000.0000 5250.0000 -0.3289 0.8189 -0.0864 0.9391 158.1158 0.1017 0.1271 0.0600 0.0045 0.0112 -0.0496 0.1444 0.3499 0.3130
1494720000.0000 5550.0000 -0.2965 0.6665 -0.0189 0.7816 156.0184 0.0713 0.1084 0.0440 -0.0007 0.0107 -0.0301 0.1119 0.3743 0.3355
1494720000.0000 5850.0000 -0.1771 0.4173 -0.0026 0.5308 156.9973 0.0659 0.0678 0.0307 0.0127 -0.0022 -0.0311 0.0822 0.5165 0.4657
1494720000.0000 6150.0000 -0.5454 0.4711 0.0254 0.7851 130.8161 0.0857 0.1104 0.0668 0.0149 -0.0228 -0.0344 0.1314 0.4105 0.3548
1494720000.0000 6450.0000 -0.4243 0.4032 0.0891 0.6245 133.5445 0.0505 0.0434 0.0376 0.0025 -0.0053 -0.0006 0.0658 0.3537 0.3023
1494720000.0000 6750.0000 -0.3796 0.2808 0.1029 0.6187 126.4887 0.1834 0.0527 0.0575 -0.0361 -0.0562 -0.0173 0.1468 0.6474 0.5942
1494720000.0000 7050.0000 -0.4878 -0.0034 0.1595 0.5725 89.6061 0.0847 0.0632 0.0456 -0.0372 0.0030 -0.0291 0.0967 0.4948 0.4552
1494720000.0000 7350.0000 -0.5663 0.3329 0.0460 0.7150 120.4516 0.0678 0.0601 0.0349 0.0280 -0.0300 -0.0245 0.0814 0.3539 0.3144
1494720000.0000 7650.0000 -0.9229 0.3741 0.1648 1.0226 112.0635 0.0686 0.0652 0.0427 -0.0212 -0.0095 -0.0238 0.0882 0.2402 0.2120
1494720000.0000 7950.0000 -0.8968 0.5304 0.1986 1.0880 120.6021 0.0596 0.0716 0.0494 0.0298 -0.0192 -0.0368 0.0903 0.2314 0.2008
1494720000.0000 8250.0000 -0.7508 0.5087 0.0916 0.9746 124.1202 0.1029 0.0887 0.0489 0.0330 -0.0202 -0.0372 0.1203 0.3106 0.2787
1494720000.0000 8550.0000 -0.6543 0.2692 0.0053 0.7526 112.3625 0.1846 0.0570 0.0251 -0.0398 0.0221 0.0023 0.1334 0.4215 0.4011
1494720000.0000 8850.0000 -0.7107 0.4857 0.0931 0.8807 124.3504 0.0400 0.0583 0.0163 -0.0218 -0.0070 -0.0006 0.0573 0.2257 0.2103
1494720000.0000 9150.0000 -0.6703 0.5810 0.0482 0.9790 130.9148 0.0968 0.1147 0.0508 0.0645 -0.0323 -0.0532 0.1311 0.3328 0.2993
1494720000.0000 9450.0000 -0.5049 0.4107 -0.0555 0.6792 129.1258 0.0342 0.0476 0.0830 -0.0046 0.0063 -0.0341 0.0824 0.3589 0.2537
1494720000.0000 9750.0000 -0.5086 0.0826 -0.0095 0.6453 99.2283 0.0832 0.1286 0.0759 -0.0416 -0.0067 -0.0128 0.1439 0.6009 0.5157
1494720000.0000 10050.0000 -1.1727 -0.0611 0.3515 1.2228 87.0151 0.1185 0.1114 0.0846 0.0648 -0.0673 -0.0676 0.1573 0.2642 0.2358
1494720000.0000 10350.0000 -1.0365 0.3540 0.0673 1.1107 108.8596 0.0182 0.0323 0.0232 0.0075 -0.0005 -0.0110 0.0369 0.1429 0.1185
1494720000.0000 10650.0000 -0.4750 0.6307 -0.0330 0.8813 143.0187 0.1285 0.0630 0.0259 0.0531 -0.0060 -0.0182 0.1087 0.3406 0.3200
1494720000.0000 10950.0000 -0.7709 0.4560 0.0608 0.9438 120.6017 0.0524 0.0608 0.0273 0.0260 -0.0100 -0.0231 0.0703 0.2411 0.2170
1494720000.0000 11250.0000 -0.4813 0.5708 0.0200 0.8126 139.8621 0.0516 0.0827 0.0360 0.0381 -0.0210 -0.0451 0.0851 0.3189 0.2833
1494720000.0000 11550.0000 -0.8492 0.4670 0.0851 1.0005 118.8078 0.0845 0.0421 0.0331 -0.0007 -0.0206 -0.0170 0.0799 0.2372 0.2119
1494720000.0000 11850.0000 -0.8448 0.4295 0.0553 0.9746 116.9472 0.0318 0.0782 0.0131 -0.0178 -0.0013 -0.0054 0.0616 0.2134 0.2021
1494720000.0000 12150.0000 -0.7741 0.6562 -0.0121 1.0610 130.2866 0.1069 0.0531 0.0409 0.0091 0.0080 -0.0186 0.1004 0.2549 0.2275
1494720000.0000 12450.0000 -0.7208 0.8359 -0.1479 1.1613 139.2308 0.1139 0.1350 0.0395 0.0103 0.0013 -0.0315 0.1442 0.2784 0.2610
1494720000.0000 12750.0000 -1.1105 0.4025 0.1982 1.2073 109.9210 0.1064 0.0563 0.0437 -0.0081 -0.0378 -0.0242 0.1032 0.2190 0.1971
1494720000.0000 13050.0000 -0.4643 0.4274 -0.0384 0.6625 132.6310 0.0289 0.0364 0.0232 0.0055 0.0034 -0.0053 0.0443 0.2717 0.2339
1494720000.0000 13350.0000 -0.5823 0.4928 -0.0510 0.7993 130.2435 0.0959 0.0326 0.0154 -0.0039 0.0034 -0.0078 0.0720 0.2865 0.2713
1494720000.0000 13650.0000 -0.2466 0.2507 0.0096 0.3797 135.4775 0.0268 0.0207 0.0129 -0.0035 0.0035 -0.0050 0.0303 0.4037 0.3581
1494720000.0000 13950.0000 -0.5672 0.4653 0.0432 0.7495 129.3658 0.0386 0.0262 0.0248 -0.0086 -0.0025 -0.0123 0.0448 0.2351 0.2003
1494720000.0000 14250.0000 -0.7948 0.4381 0.0568 0.9203 118.8640 0.0233 0.0301 0.0149 -0.0064 0.0008 -0.0087 0.0341 0.1659 0.1469
1494720000.0000 14550.0000 -0.6049 0.7780 -0.0441 1.0629 142.1334 0.2182 0.0452 0.0332 -0.0200 -0.0007 -0.0103 0.1483 0.3187 0.3006
1494720000.0000 14850.0000 -0.2562 0.3245 0.0629 0.4313 141.7112 0.0108 0.0128 0.0053 0.0042 -0.0002 -0.0003 0.0145 0.2348 0.2145
1494720000.0000 15150.0000 -0.5189 0.8193 -0.0758 0.9824 147.6503 0.0249 0.0343 0.0270 -0.0034 -0.0021 -0.0126 0.0430 0.1742 0.1447
1494720000.0000 15450.0000 -0.6403 0.7699 0.1042 1.0540 140.2491 0.1543 0.0908 0.0480 -0.0351 0.0161 -0.0420 0.1465 0.3105 0.2855
1494720000.0000 15750.0000 -0.2559 0.3319 0.0376 0.4788 142.3720 0.0588 0.0604 0.0243 -0.0133 0.0173 -0.0146 0.0718 0.5199 0.4758
1494720000.0000 16050.0000 -0.6607 0.6430 -0.0439 1.0014 134.2232 0.0926 0.1668 0.0892 0.0034 -0.0235 -0.0606 0.1743 0.3693 0.3189
1494720000.0000 16350.0000 -0.5664 -0.0774 0.3326 0.6332 82.2159 0.0564 0.0665 0.0470 0.0157 -0.0143 -0.0260 0.0849 0.3597 0.3540
1494720000.0000 16650.0000 -0.5655 0.1603 0.1034 0.6709 105.8254 0.1759 0.0304 0.0279 0.0012 -0.0284 -0.0118 0.1171 0.4683 0.4462
1494720000.0000 16950.0000 -1.1336 0.4573 0.0794 1.2577 111.9700 0.0503 0.0898 0.0358 -0.0008 -0.0014 -0.0252 0.0880 0.1977 0.1768
1494720000.0000 17250.0000 -0.8174 0.5642 0.0629 1.0127 124.6149 0.0946 0.0647 0.0290 -0.0353 -0.0179 -0.0125 0.0941 0.2517 0.2320
1494720000.0000 17550.0000 -1.0410 0.6752 0.0359 1.2763 122.9682 0.0988 0.0836 0.0432 -0.0047 0.0110 -0.0235 0.1128 0.2209 0.1987
1494720000.0000 17850.0000 -1.0544 0.5157 0.0899 1.1935 116.0643 0.0487 0.0396 0.0351 0.0033 -0.0019 -0.0144 0.0617 0.1723 0.1462
1494720000.0000 18150.0000 -0.7833 0.5749 -0.0306 1.0113 126.2752 0.1042 0.0771 0.0481 -0.0175 0.0107 -0.0188 0.1147 0.2844 0.2530
1494720000.0000 18450.0000 -0.9097 0.7442 -0.1067 1.2170 129.2876 0.1482 0.0775 0.0521 -0.0076 0.0201 -0.0362 0.1389 0.2578 0.2333
1494720000.0000 18750.0000 -0.3658 0.5537 -0.0796 0.7993 146.5490 0.1957 0.1038 0.0330 0.0447 -0.0134 -0.0210 0.1662 0.4981 0.4761
1494720000.0000 19050.0000 0.0543 0.9145 -0.1542 0.9520 183.3991 0.0547 0.1169 0.0696 0.0069 0.0057 -0.0459 0.1206 0.3052 0.2611
1494720000.0000 19350.0000 -0.2190 0.5650 0.0108 0.7576 158.8078 0.1544 0.1785 0.0925 0.0566 0.0048 -0.0731 0.2127 0.6213 0.5497
1494720000.0000 19650.0000 -0.0166 0.3939 0.0226 0.4348 177.5865 0.0327 0.0489 0.0185 0.0183 -0.0006 -0.0027 0.0501 0.4627 0.4183
1494720000.0000 19950.0000 -0.1233 0.1571 0.0516 0.2707 141.8673 0.0154 0.0701 0.0201 -0.0067 0.0035 -0.0228 0.0528 0.9100 0.8458
1494720000.0000 20250.0000 -0.5453 0.1656 -0.0591 0.5931 106.8882 0.0465 0.0255 0.0169 -0.0029 -0.0044 -0.0088 0.0444 0.3004 0.2718
1494720000.0000 20550.0000 -0.4767 0.0572 0.0650 0.5070 96.8434 0.0884 0.0311 0.0198 -0.0340 0.0102 -0.0059 0.0697 0.4447 0.4157
1494720000.0000 20850.0000 -1.2469 0.4092 0.1339 1.3226 108.1696 0.0362 0.0263 0.0148 -0.0019 -0.0031 -0.0053 0.0387 0.1217 0.1100
1494720000.0000 21150.0000 -1.0740 0.1436 0.1838 1.1009 97.6177 0.1168 0.0427 0.0229 -0.0218 0.0184 -0.0125 0.0912 0.2244 0.2128
1494720000.0000 21450.0000 -1.2475 0.3655 0.1527 1.3091 106.3311 0.0521 0.0266 0.0242 -0.0108 0.0116 -0.0137 0.0515 0.1415 0.1247
1494720000.0000 21750.0000 -1.2838 0.2727 0.2006 1.3353 101.9939 0.1442 0.0627 0.0485 -0.0371 0.0131 -0.0333 0.1277 0.2198 0.2001
1494720000.0000 22050.0000 -1.4481 0.4507 0.1989 1.5336 107.2881 0.0522 0.0485 0.0471 0.0051 -0.0108 -0.0222 0.0739 0.1451 0.1208
1494720000.0000 22350.0000 -1.0123 0.7249 -0.0219 1.3060 125.6061 0.1035 0.1531 0.0799 0.0122 -0.0002 -0.0722 0.1682 0.2689 0.2349
1494720000.0000 22650.0000 -0.7980 0.8502 -0.0531 1.2398 136.8136 0.1868 0.1639 0.0817 -0.0147 0.0375 -0.0466 0.2162 0.3253 0.2932
1494720000.0000 22950.0000 -0.5292 0.8051 -0.0102 1.0334 146.6825 0.1857 0.1291 0.1219 -0.0420 0.0677 -0.0472 0.2183 0.3959 0.3362
1494720000.0000 23250.0000 -0.4458 0.8043 -0.0015 1.0380 151.0024 0.2124 0.1975 0.1020 0.0362 0.0016 -0.0592 0.2559 0.4492 0.4019
1494720000.0000 23550.0000 -0.6915 0.6507 -0.0358 1.0424 133.2559 0.1429 0.2332 0.1276 -0.0121 -0.0046 -0.0922 0.2518 0.4312 0.3729
1494720000.0000 23850.0000 -0.8621 0.8513 -0.0486 1.2756 134.6394 0.1484 0.2100 0.1051 -0.0361 0.0136 -0.0874 0.2318 0.3242 0.2853
1494720000.0000 24150.0000 -0.8997 0.9180 -0.0137 1.3568 135.5770 0.1521 0.2281 0.1324 -0.0211 -0.0002 -0.0831 0.2563 0.3216 0.2770
1494720000.0000 24450.0000 -0.8716 0.6059 0.0317 1.1051 124.8086 0.0947 0.1223 0.1005 -0.0250 0.0139 -0.0474 0.1587 0.3063 0.2534
1494720000.0000 24750.0000 -1.0661 0.7621 -0.0883 1.3408 125.5590 0.1658 0.1671 0.0878 -0.0884 0.0232 -0.0614 0.2103 0.2851 0.2542
1494720000.0000 25050.0000 -1.2256 0.4722 0.1163 1.3616 111.0712 0.1558 0.1373 0.1422 -0.0168 0.0166 -0.0895 0.2176 0.2889 0.2380
1494720000.0000 25350.0000 -2.2169 0.5469 0.3148 2.3038 103.8580 0.0954 0.1134 0.0593 -0.0475 0.0121 -0.0392 0.1341 0.1297 0.1155
1494720000.0000 25650.0000 -1.6449 0.4803 0.1970 1.7577 106.2774 0.2060 0.1810 0.1123 -0.0752 0.0390 -0.0734 0.2496 0.2365 0.2096
1494720000.0000 25950.0000 -1.6157 0.4691 0.2101 1.7166 106.1905 0.0980 0.1186 0.0673 -0.0034 0.0069 -0.0490 0.1420 0.1814 0.1597
1494720000.0000 26250.0000 -1.1142 1.1422 0.0104 1.6603 135.7101 0.2106 0.3237 0.2276 -0.0727 0.0618 -0.1586 0.3809 0.3158 0.2645
1494720000.0000 26550.0000 -0.6915 0.5770 -0.0155 1.0563 129.8429 0.2550 0.2953 0.1674 -0.0522 0.0607 -0.1256 0.3588 0.5430 0.4755
1494720000.0000 26850.0000 -1.2113 0.3687 0.1341 1.3154 106.9302 0.1847 0.1323 0.1180 -0.0312 -0.0030 -0.0662 0.2175 0.2991 0.2567
1494720000.0000 27150.0000 -1.4738 0.2707 0.3313 1.5386 100.4086 0.2562 0.1231 0.0841 -0.0555 0.0531 -0.0677 0.2316 0.2561 0.2373
1494720000.0000 27450.0000 -1.1909 0.1061 0.2873 1.2297 95.0911 0.1886 0.0835 0.0625 -0.0634 0.0461 -0.0441 0.1673 0.2716 0.2519
1494720000.0000 27750.0000 -1.3738 0.2342 0.2965 1.4143 99.6760 0.1361 0.0662 0.0546 -0.0359 0.0051 -0.0293 0.1284 0.2053 0.1863
1494720000.0000 28050.0000 -1.6912 0.1984 0.3687 1.7236 96.6907 0.0828 0.0692 0.0628 -0.0132 0.0123 -0.0343 0.1074 0.1536 0.1322
1494720000.0000 28350.0000 -1.8759 0.3385 0.2588 1.9254 100.2289 0.0614 0.0745 0.0495 -0.0068 0.0013 -0.0275 0.0927 0.1292 0.1116
1494720000.0000 28650.0000 -1.9352 0.0097 0.4441 2.0126 90.2876 0.1433 0.3016 0.0969 -0.0075 -0.0150 -0.0817 0.2709 0.2140 0.1990
1494720000.0000 28950.0000 -1.6875 -0.3226 0.4501 1.7405 79.1762 0.1493 0.0696 0.0669 -0.0059 0.0013 -0.0117 0.1429 0.1738 0.1572
1494720000.0000 29250.0000 -1.5844 -0.3059 0.4953 1.6422 79.0734 0.1972 0.1125 0.0873 0.0791 -0.0359 -0.0396 0.1985 0.2155 0.1991
1494720000.0000 29550.0000 -1.7701 -0.5775 0.5132 1.8827 71.9307 0.2217 0.0647 0.0870 0.0199 0.0190 -0.0071 0.1867 0.1827 0.1660
1494720000.0000 29850.0000 -1.6201 -0.0898 0.4108 1.6481 86.8291 0.2608 0.0718 0.0661 -0.0346 0.0153 -0.0251 0.1994 0.2178 0.2052
1494720000.0000 30150.0000 -1.0351 -0.2538 0.4583 1.1250 76.2235 0.1710 0.1260 0.0570 -0.0145 0.0210 -0.0217 0.1770 0.2961 0.2952
1494720000.0000 30450.0000 -1.3984 -0.1653 0.2300 1.4470 83.2582 0.2270 0.0915 0.1138 0.0285 0.0206 0.0093 0.2161 0.2660 0.2314
1494720000.0000 30750.0000 -1.6715 0.4680 0.1739 1.8147 105.6406 0.3941 0.2456 0.1505 -0.0014 0.0139 -0.0912 0.3951 0.2942 0.2660
1494720000.0000 31050.0000 -1.9823 0.7251 0.2438 2.1456 110.0908 0.2202 0.1295 0.1664 -0.0035 -0.0314 -0.0557 0.2581 0.1952 0.1618
1494720000.0000 31350.0000 -1.8548 1.0008 0.0079 2.2569 118.3514 0.2537 0.6995 0.3752 0.0876 -0.0497 -0.4227 0.6642 0.3157 0.2674
1494720000.0000 31650.0000 -1.3129 0.6844 0.1650 1.5980 117.5340 0.5390 0.2557 0.1419 -0.0213 0.0346 -0.0905 0.4683 0.3751 0.3476
1494720000.0000 31950.0000 -0.9597 0.0826 0.3362 1.1552 94.9209 0.3302 0.2478 0.1142 0.1154 0.0175 -0.0266 0.3461 0.4708 0.4557
1494720000.0000 32250.0000 -0.8159 -0.1454 0.1042 0.8868 79.8945 0.1618 0.0823 0.0825 -0.0342 -0.0289 0.0169 0.1633 0.3950 0.3442
1494720000.0000 32550.0000 -0.8470 -0.4068 0.1836 1.0218 64.3456 0.1957 0.0685 0.1348 -0.0594 -0.0598 0.0196 0.1995 0.3809 0.3158
1494720000.0000 32850.0000 -0.0952 -0.4809 0.3252 0.5986 11.1997 0.1257 0.1205 0.0745 0.0128 -0.0167 -0.0045 0.1604 0.5558 0.5844
1494720000.0000 33150.0000 0.9043 -0.7074 -0.1133 1.2292 308.0344 0.0761 0.2902 0.0920 -0.0350 -0.0239 -0.0039 0.2292 0.3388 0.3044
1494720000.0000 33450.0000 0.8567 -0.6921 0.0271 1.1863 308.9333 0.1933 0.1614 0.1278 0.0382 -0.1063 -0.0439 0.2412 0.3640 0.3122
1494720000.0000 33750.0000 0.6899 -1.8166 0.2262 1.9758 339.2037 0.1494 0.1228 0.0844 -0.0462 -0.0276 -0.0082 0.1783 0.1762 0.1550
1494720000.0000 34050.0000 0.3954 -1.5647 0.2421 1.6435 345.8174 0.0851 0.2793 0.0994 -0.0205 0.0003 0.0674 0.2319 0.2409 0.2159
1494720000.0000 34350.0000 0.1127 -1.2249 0.2026 1.3231 354.7427 0.2208 0.1436 0.1200 0.0229 -0.0328 0.0010 0.2422 0.3223 0.2833
1494720000.0000 34650.0000 -0.9279 -0.8582 0.3907 1.3399 47.2369 0.1372 0.2132 0.0812 -0.0362 -0.0054 0.0254 0.2158 0.2867 0.2704
1494720000.0000 34950.0000 -1.0979 -0.5001 0.5824 1.2836 65.5099 0.3913 0.0773 0.0778 -0.0338 -0.0600 0.0094 0.2732 0.3186 0.3276
1494720000.0000 35250.0000 -1.5229 -0.1281 0.4008 1.5739 85.1924 0.1863 0.1207 0.1371 -0.0276 -0.0226 -0.0500 0.2221 0.2435 0.2093
1494720000.0000 35550.0000 -1.4465 -0.7091 0.5523 1.6257 63.8852 0.0869 0.0353 0.1040 -0.0034 -0.0245 -0.0023 0.1131 0.1612 0.1253
1494720000.0000 35850.0000 -1.1484 -0.6884 0.2182 1.4022 59.0581 0.0709 0.1755 0.1352 -0.0374 0.0332 -0.0597 0.1908 0.2629 0.2140
1494720000.0000 36150.0000 -1.6334 -0.0859 0.2152 1.8023 86.9901 0.2939 0.4598 0.1704 -0.1883 -0.0076 -0.0150 0.4620 0.3364 0.3064
1494720000.0000 36450.0000 -1.8527 0.4096 0.1997 1.9721 102.4651 0.3332 0.2508 0.2260 -0.0589 0.0658 -0.1208 0.4050 0.2723 0.2325
1494720000.0000 36750.0000 -2.2763 -0.2400 0.5773 2.3368 83.9818 0.3735 0.1838 0.3749 -0.0244 0.0121 -0.0858 0.4661 0.2361 0.1883
1494720000.0000 37050.0000 -2.5022 -0.5182 0.5003 2.5895 78.2996 0.2298 0.1561 0.2025 -0.0382 -0.0254 -0.0435 0.2942 0.1701 0.1404
1494720000.0000 37350.0000 -2.1844 -0.8629 0.6633 2.5055 68.4445 0.3981 0.6004 0.2138 -0.2771 0.0102 -0.0151 0.6062 0.2605 0.2456
1494720000.0000 37650.0000 -0.9914 -0.9195 0.6055 1.5426 47.1522 0.3919 0.6285 0.2334 0.0046 -0.0790 -0.0877 0.6269 0.4363 0.4313
1494720000.0000 37950.0000 0.8540 -1.5613 0.1328 1.9501 331.3209 0.6480 0.3190 0.2019 -0.2781 -0.1715 0.0654 0.5844 0.3498 0.3190
1494720000.0000 38250.0000 1.2243 -0.2898 -0.2606 1.5270 283.3194 0.2142 0.8359 0.1576 0.0147 -0.0827 -0.1162 0.6039 0.4938 0.4703
1494720000.0000 38550.0000 0.7850 0.6132 -0.1652 1.0916 232.0031 0.2184 0.1361 0.1328 -0.0236 -0.0727 -0.0185 0.2436 0.3991 0.3451
1494720000.0000 38850.0000 -0.4421 0.3787 0.1629 0.6889 130.5825 0.1569 0.1327 0.1167 -0.0265 0.0117 -0.0747 0.2031 0.6088 0.5338
1494720000.0000 39150.0000 -1.3082 0.2896 0.2021 1.4996 102.4812 0.5924 0.1422 0.1229 0.1395 -0.0331 -0.0350 0.4288 0.3946 0.3693
1494720000.0000 39450.0000 -1.6861 -0.4024 0.3888 1.7920 76.5777 0.2651 0.1911 0.2941 -0.0172 0.0661 -0.0628 0.3751 0.2815 0.2250
1494720000.0000 39750.0000 -1.0270 0.2253 0.2828 1.3154 102.3709 0.6410 0.5051 0.3491 -0.1830 0.1372 -0.1964 0.7475 0.6484 0.5878
1494720000.0000 40050.0000 -1.2793 -0.2216 0.1971 1.4572 80.1732 0.2670 0.5083 0.2205 -0.0308 0.0253 0.0023 0.4979 0.4387 0.3915
1494720000.0000 40350.0000 -1.5914 0.0364 0.4550 1.6874 91.3105 0.8424 0.2416 0.2104 -0.1081 0.0752 -0.0626 0.6472 0.3968 0.3776
1494720000.0000 40650.0000 -1.7420 0.6834 0.3007 2.0293 111.4217 0.7669 0.3444 0.3946 0.1293 -0.2238 -0.1971 0.7530 0.3738 0.3253
1494720000.0000 40950.0000 -2.1934 0.9700 0.0902 2.5383 113.8573 0.9063 0.4826 0.2823 0.0553 -0.0342 -0.2075 0.8356 0.3110 0.2837
1494720000.0000 41250.0000 -0.6716 0.4873 -0.0298 0.9938 125.9644 0.4368 0.3848 0.1052 -0.2221 -0.0435 0.0110 0.4634 0.6695 0.6307
1494720000.0000 41550.0000 -0.0909 -0.4455 -0.2157 0.5242 11.5364 0.0527 0.1028 0.0248 0.0252 0.0019 -0.0133 0.0902 0.4872 0.5007
1494720000.0000 41850.0000 0.7330 -0.1072 -0.0546 0.8546 278.3186 0.4331 0.1294 0.0835 -0.1034 -0.0489 -0.0087 0.3230 0.6247 0.5845
1494720000.0000 42150.0000 -0.1525 -0.5379 0.2369 1.2108 15.8282 1.3551 0.3647 0.4556 0.0829 -0.4049 -0.1893 1.0877 1.4025 1.3543
1494720000.0000 42450.0000 -1.4231 -0.4836 0.3494 1.5514 71.2314 0.2672 0.1521 0.1757 0.0328 0.0434 -0.0073 0.2975 0.2886 0.2487
1494720000.0000 42750.0000 -0.6052 -1.0170 0.5184 1.3340 30.7537 0.2986 0.2998 0.1570 -0.0972 0.0183 0.0073 0.3777 0.3884 0.3774
1494720000.0000 43050.0000 -0.9854 -0.7868 0.4225 1.4254 51.3947 0.6215 0.1564 0.2931 -0.0523 -0.1600 -0.0150 0.5354 0.4493 0.4038
1494720000.0000 43350.0000 -0.0220 -1.4942 0.2065 1.5336 0.8431 0.1148 0.1742 0.1875 -0.0063 -0.0042 0.0567 0.2382 0.2642 0.2077
1494720000.0000 43650.0000 -0.0526 -0.9082 0.2149 0.9932 3.3173 0.1494 0.2082 0.1412 -0.0058 0.0287 0.0604 0.2494 0.4362 0.3795
1494720000.0000 43950.0000 -0.1281 -0.1562 -0.1611 0.6764 39.3527 0.2409 0.2691 0.1261 0.1721 -0.0528 -0.0500 0.3181 1.7826 2.0416
1494720000.0000 44250.0000 -1.1737 -0.5334 0.4726 1.8412 65.5586 0.6096 1.5270 0.2622 -0.6011 0.0761 -0.1083 1.1994 0.6513 0.6546
1494720000.0000 44550.0000 -1.4201 0.8214 0.1328 1.7814 120.0442 0.2797 0.5688 0.3307 -0.0400 0.0210 -0.3038 0.5896 0.3809 0.3242
1494720000.0000 44850.0000 -1.6757 0.5534 0.3494 1.8809 108.2753 0.5442 0.4382 0.2708 -0.1892 0.0859 -0.1779 0.6266 0.3593 0.3243
1494720000.0000 45150.0000 -0.6763 -0.3415 0.3511 0.9446 63.2087 0.3556 0.2580 0.1484 0.0080 -0.0556 -0.0621 0.3810 0.6036 0.5969
1494720000.0000 45450.0000 -1.0170 0.1919 0.2147 1.2643 100.6848 0.7001 0.4876 0.5196 -0.0440 -0.1419 -0.2655 0.8536 0.7137 0.6079
1494720000.0000 45750.0000 -1.0070 0.5751 0.1140 1.6028 119.7316 0.7161 1.3965 0.5368 -0.2453 0.1191 -0.6107 1.3247 0.8065 0.7236
1494720000.0000 46050.0000 -0.1202 0.8194 0.0532 1.1295 171.6526 0.5449 0.7083 0.3140 -0.3376 0.1139 -0.2378 0.7836 0.8709 0.7804
1494720000.0000 46350.0000 -1.1039 0.6214 0.1195 1.5059 119.3753 1.0006 0.3158 0.1959 -0.1937 -0.0615 -0.0550 0.7561 0.5580 0.5229
1494720000.0000 46650.0000 -0.8140 -0.2650 0.1447 0.9698 71.9650 0.2531 0.1858 0.1578 -0.0087 0.0166 -0.0366 0.2983 0.5137 0.4468
1494720000.0000 46950.0000 -1.0324 0.6945 0.2747 1.5563 123.9293 0.5420 1.0989 0.4586 0.0257 -0.0541 -0.5013 1.0498 0.6565 0.5944
1494720000.0000 47250.0000 -1.6500 1.4847 -0.1886 2.3066 131.9815 0.7251 0.5701 0.2629 -0.2802 0.0276 -0.1394 0.7791 0.3235 0.2960
1494720000.0000 47550.0000 -0.8128 1.7559 -0.2510 2.0669 155.1619 0.5127 0.6194 0.3094 -0.0551 0.1298 -0.2262 0.7208 0.3553 0.3175
1494720000.0000 47850.0000 -1.0476 0.7121 0.1523 1.4516 124.2085 0.3862 0.6655 0.4008 -0.0685 -0.0447 -0.2128 0.7262 0.5454 0.4674
1494720000.0000 48150.0000 -0.6996 -0.8035 0.3171 1.4554 41.0454 0.3162 1.0430 0.1609 0.0867 0.0424 0.1039 0.7601 0.6404 0.6318
1494720000.0000 48450.0000 0.0277 0.3022 -0.1157 1.4117 185.2419 0.8022 1.8450 0.3797 0.6605 -0.0851 -0.3085 1.5134 3.0930 3.0955
1494720000.0000 48750.0000 0.7012 1.2005 -0.5024 1.5453 210.2881 0.4534 0.6949 0.3411 -0.0639 -0.0082 -0.2579 0.7448 0.4767 0.4450
1494720000.0000 49050.0000 0.4865 -0.2526 0.0876 1.1508 297.4393 0.7082 0.7326 0.4321 0.5421 -0.4508 -0.4081 0.9364 1.4233 1.2642
1494720000.0000 49350.0000 0.9564 -0.5806 0.0118 1.3820 301.2622 0.4684 0.5888 0.2926 0.0125 -0.0478 -0.1373 0.6750 0.5995 0.5306
1494720000.0000 49650.0000 -2.1776 0.5541 0.6358 2.5573 104.2764 1.6759 0.7949 0.8676 0.3037 -0.3965 -0.4889 1.6692 0.4517 0.4039
1494720000.0000 49950.0000 -0.5784 0.9251 0.0488 1.3453 147.9864 0.5933 0.4237 0.3288 -0.1515 0.0584 -0.0711 0.6730 0.6133 0.5337
1494720000.0000 50250.0000 -0.9626 0.4340 0.0629 1.1750 114.2695 0.4848 0.2986 0.2698 -0.1474 0.0406 -0.0704 0.5266 0.5601 0.4840
1494720000.0000 50550.0000 -1.5002 0.2148 0.4277 1.6632 98.1473 0.4118 0.5094 0.2730 -0.1296 -0.0537 -0.0506 0.5971 0.4007 0.3656
1494720000.0000 50850.0000 -0.6058 0.8806 0.0758 1.9585 145.4716 1.3663 2.1971 0.6460 0.9454 -0.6939 -0.5991 2.1047 1.1055 1.0197
1494720000.0000 51150.0000 -0.1831 0.4927 -0.1730 0.7543 159.6163 0.3124 0.2239 0.1600 -0.0737 0.0032 -0.0339 0.3481 0.8705 0.8043
1494720000.0000 51450.0000 -0.3855 0.5533 0.0539 0.8518 145.1378 0.2653 0.1530 0.1321 0.0012 0.0042 -0.0408 0.2752 0.6332 0.5537
1494720000.0000 51750.0000 -0.7622 0.8264 0.1355 1.4078 137.3137 0.5238 0.5609 0.2998 0.1181 -0.0472 -0.1745 0.6923 0.6000 0.5349
1494720000.0000 52050.0000 -1.5802 0.4618 0.4087 1.7095 106.2894 0.2363 0.2474 0.1712 -0.0511 0.0497 -0.0917 0.3275 0.2755 0.2439
1494720000.0000 52350.0000 -1.6051 0.0798 0.5640 1.6509 92.8473 0.3349 0.1373 0.1960 -0.0080 -0.0412 -0.0777 0.3341 0.2771 0.2469
1494720000.0000 52650.0000 -0.8625 1.3938 0.0072 1.9188 148.2494 0.8228 0.6467 0.3519 0.1540 -0.0847 -0.2942 0.9107 0.4754 0.4270
1494720000.0000 52950.0000 -1.0122 1.4386 0.0147 1.9620 144.8692 0.7066 0.5769 0.3621 -0.0168 0.0359 -0.2643 0.8228 0.4211 0.3719
1494720000.0000 53250.0000 -1.2669 0.8056 0.1591 1.7146 122.4492 0.4728 0.6905 0.3229 0.0872 -0.0035 -0.3219 0.7431 0.4662 0.4148
1494720000.0000 53550.0000 -1.1179 -0.1902 0.2343 1.1970 80.3464 0.5766 0.0970 0.0773 -0.1391 0.0078 0.0038 0.3754 0.4321 0.4179
1494720000.0000 53850.0000 0.3598 -0.4262 -0.0403 0.7691 319.8329 0.3038 0.1474 0.0476 -0.1478 -0.0463 0.0090 0.2494 0.7292 0.6953
1494720000.0000 54150.0000 0.2742 0.1702 -0.1038 0.7785 238.1737 0.2793 0.3884 0.2165 -0.0055 -0.0886 -0.1806 0.4421 1.6014 1.4618
1494720000.0000 54450.0000 -0.7948 0.1994 0.1680 1.1017 104.0831 0.3900 0.4686 0.2583 0.1203 -0.1039 -0.1373 0.5584 0.7295 0.6529
1494720000.0000 54750.0000 -1.4315 0.3265 0.4157 1.6279 102.8485 0.4175 0.3941 0.2230 0.0348 0.0018 -0.0486 0.5173 0.3848 0.3542
1494720000.0000 55050.0000 -1.7198 -0.8990 1.0801 2.0696 62.4035 0.5426 0.4654 0.2709 -0.0471 -0.1678 -0.1034 0.6394 0.2940 0.2987
1494720000.0000 55350.0000 -0.8842 -0.4615 0.5431 1.2043 62.4381 0.5389 0.2276 0.2276 -0.0088 -0.0739 -0.0911 0.4970 0.5069 0.5068
1494720000.0000 55650.0000 -1.1344 -0.1126 0.4490 1.2034 84.3300 0.1706 0.1475 0.1616 0.0129 -0.0551 -0.0495 0.2399 0.3264 0.2857
1494720000.0000 55950.0000 -1.2910 -0.2151 0.4248 1.5152 80.5426 0.3536 0.5106 0.2512 -0.0486 -0.0024 0.0619 0.5577 0.4431 0.4101
1494720000.0000 56250.0000 -0.5194 -1.0625 0.6356 1.6498 26.0502 0.8271 0.9887 0.2013 -0.7334 -0.1220 0.1492 1.0085 0.6107 0.6578
1494720000.0000 56550.0000 0.9285 -2.3187 0.1012 2.5560 338.1771 0.3091 0.3179 0.2583 -0.0552 -0.0805 0.0125 0.4426 0.2173 0.1830
1494720000.0000 56850.0000 1.3453 -2.6012 0.2779 3.0000 332.6523 0.3670 0.5843 0.2377 -0.0147 -0.0458 -0.0358 0.5945 0.2140 0.1923
1494720000.0000 57150.0000 0.6371 -2.2288 0.3323 2.3997 344.0461 0.2674 0.3953 0.2615 0.0818 -0.1543 -0.0829 0.4621 0.2370 0.2028
1494720000.0000 57450.0000 0.7693 -1.8625 0.2189 2.0496 337.5575 0.1505 0.3751 0.1170 -0.0707 -0.0193 0.0265 0.3213 0.2283 0.2077
1494720000.0000 57750.0000 2.0832 -1.9645 -0.3288 2.9232 313.3211 0.3595 0.4557 0.3039 -0.0633 -0.0564 -0.0581 0.5596 0.2119 0.1821
1494720000.0000 58050.0000 1.3280 -1.5835 0.0201 2.1686 320.0159 0.3843 0.5207 0.2636 -0.0219 -0.1532 -0.0751 0.5843 0.3020 0.2658
1494720000.0000 58350.0000 1.8001 -2.2322 -0.0870 3.1056 321.1156 1.6747 0.4605 0.3703 0.1500 -0.4943 -0.1162 1.2527 0.3185 0.2942
1494720000.0000 58650.0000 1.6703 -1.8228 -0.0561 2.5588 317.4986 0.5850 0.6117 0.2969 -0.2505 -0.2343 0.0205 0.7468 0.2853 0.2555
1494720000.0000 58950.0000 1.8301 -1.3076 -0.2912 2.3746 305.5463 0.6325 0.3839 0.3193 0.1038 -0.2703 -0.0996 0.6678 0.2942 0.2588
1494720000.0000 59250.0000 1.8471 -1.1265 -0.2820 2.3067 301.3782 0.4843 0.6220 0.3679 0.0748 -0.2553 -0.1450 0.7371 0.3213 0.2807
1494720000.0000 59550.0000 1.5994 -0.2401 -0.2113 1.8411 278.5359 0.5739 0.8262 0.2986 0.0588 -0.2129 -0.0959 0.8494 0.4614 0.4224
1494720000.0000 59850.0000 1.8688 -0.4607 -0.4793 2.1288 283.8488 0.7064 0.7607 0.4182 -0.0541 -0.3084 -0.2035 0.9427 0.3997 0.3633
1494720000.0000 60150.0000 1.2136 -0.3238 -0.1283 1.5131 284.9399 0.6340 0.4614 0.3357 0.2001 -0.3289 -0.1706 0.7155 0.5470 0.4811
1494720000.0000 60450.0000 1.8176 -1.3741 -0.1763 2.5828 307.0901 1.6470 1.2407 0.4331 0.0715 -0.5631 -0.3222 1.6604 0.4604 0.4306
1494720000.0000 60750.0000 1.0916 -0.4545 -0.1289 1.3753 292.6055 0.5126 0.4550 0.3228 0.0935 -0.1416 -0.0001 0.6452 0.5514 0.4803
1494720000.0000 61050.0000 1.4172 -0.2730 -0.3787 1.5263 280.9026 0.3883 0.2273 0.1575 -0.0985 -0.1261 -0.0149 0.3865 0.3402 0.3139
1494720000.0000 61350.0000 1.0963 -0.9040 -0.1860 1.4944 309.5096 0.2275 0.2286 0.1285 -0.0188 -0.0859 -0.0210 0.2923 0.3080 0.2744
1494720000.0000 61650.0000 0.7194 -2.3404 0.2916 2.4878 342.9136 0.2322 0.3680 0.1534 -0.1157 -0.0348 -0.0459 0.3768 0.2032 0.1827
1494720000.0000 61950.0000 0.0846 -2.3479 0.3493 2.4550 357.9363 0.5229 0.3731 0.2452 -0.2032 -0.1405 0.0192 0.5706 0.2597 0.2326
1494720000.0000 62250.0000 1.1685 -2.0334 0.2047 2.5106 330.1163 0.7461 0.6100 0.3397 -0.0256 -0.2363 -0.0409 0.8479 0.3194 0.2867
1494720000.0000 62550.0000 -0.3150 0.3331 -0.0957 1.4901 136.6049 1.2804 1.0896 0.2580 0.3290 -0.2279 -0.2906 1.3140 1.9984 1.9386
1494720000.0000 62850.0000 -0.9070 -1.1244 0.6672 1.6213 38.8907 0.5742 0.2307 0.1772 0.0659 -0.1178 0.0006 0.4910 0.3596 0.3585
1494720000.0000 63150.0000 -0.6992 0.0308 0.1609 1.0151 92.5200 0.4970 0.2121 0.1344 -0.0691 -0.1259 0.0111 0.4218 0.7384 0.6947
1494720000.0000 63450.0000 -1.0437 -0.2425 0.3307 1.1628 76.9214 0.1803 0.2308 0.1475 0.0304 0.0201 0.0412 0.2793 0.3848 0.3455
1494720000.0000 63750.0000 -0.1617 -0.0148 0.3061 0.4209 84.7670 0.1208 0.0920 0.0212 -0.0043 -0.0130 0.0138 0.1170 0.8061 1.6408
1494720000.0000 64050.0000 -0.2251 -0.0869 0.0922 0.4021 68.8900 0.1183 0.0785 0.0496 0.0459 -0.0281 -0.0235 0.1232 1.1097 1.0616
1494720000.0000 64350.0000 0.0014 0.4164 -0.2352 0.6956 180.1949 0.3104 0.1084 0.0708 0.0447 -0.0381 -0.0196 0.2448 0.8447 0.8973
1494720000.0000 64650.0000 -0.0520 1.1034 -0.3495 1.4088 177.3003 0.5052 0.7946 0.2999 0.0957 -0.0881 -0.3251 0.7998 0.6303 0.5959
1494720000.0000 64950.0000 -0.3024 1.1269 -0.0163 1.4383 164.9800 0.4914 0.5818 0.2097 -0.0201 -0.1317 -0.1080 0.6414 0.5604 0.5126
1494720000.0000 65250.0000 2.1624 0.2588 -0.6011 2.4063 263.1755 0.4531 0.9335 0.1031 -0.3158 -0.0144 -0.0934 0.7449 0.3119 0.3122
1494720000.0000 65550.0000 0.6843 -0.7067 -0.0003 1.1261 315.9188 0.1497 0.4521 0.1609 0.0133 -0.0783 -0.1711 0.3813 0.5125 0.4553
1494720000.0000 65850.0000 0.6119 -0.0634 0.1370 0.9415 275.9126 0.1066 0.5490 0.0990 -0.1000 -0.0274 -0.0203 0.3773 0.7958 0.7599
1494720000.0000 66150.0000 0.4197 -0.1237 -0.1744 0.8852 286.4265 0.3826 0.4782 0.2713 -0.2426 -0.1089 0.1516 0.5660 1.3043 1.2243
1494720000.0000 66450.0000 0.3683 -0.7450 0.0398 1.0139 333.6950 0.1616 0.4740 0.1033 -0.1275 -0.0286 -0.0336 0.3695 0.5965 0.5539
1494720000.0000 66750.0000 0.5294 -0.9927 0.0661 1.1799 331.9303 0.1793 0.1685 0.0480 -0.0976 0.0000 -0.0063 0.1979 0.3223 0.3027
1494720000.0000 67050.0000 0.7573 -0.9101 -0.0064 1.2211 320.2354 0.0807 0.0599 0.0471 0.0188 -0.0322 -0.0144 0.0939 0.2113 0.1829
1494720000.0000 67350.0000 1.2419 -0.7822 -0.3951 1.5598 302.2037 0.1958 0.2819 0.1831 0.0316 -0.0659 -0.0273 0.3304 0.3088 0.2719
1494720000.0000 67650.0000 1.3445 -1.2161 -0.1814 1.8989 312.1293 0.4518 0.1952 0.2181 0.0001 -0.1411 -0.0322 0.4326 0.2948 0.2562
1494720000.0000 67950.0000 1.6942 -0.6370 -0.3324 1.8476 290.6052 0.1914 0.1397 0.0853 -0.0445 -0.0658 0.0173 0.2082 0.2025 0.1836
1494720000.0000 68250.0000 1.5043 -0.4038 -0.3263 1.5912 285.0257 0.0984 0.1003 0.0673 -0.0170 -0.0353 0.0085 0.1330 0.1871 0.1652
1494720000.0000 68550.0000 1.1034 -0.5659 -0.1595 1.2811 297.1527 0.1460 0.1576 0.0576 -0.0624 -0.0160 0.0160 0.1806 0.2775 0.2565
1494720000.0000 68850.0000 1.1560 -0.5411 -0.1716 1.3207 295.0846 0.2582 0.2190 0.0901 -0.1193 -0.0105 0.0210 0.2836 0.3376 0.3125
1494720000.0000 69150.0000 0.6910 -0.2832 -0.2084 0.7713 292.2867 0.0357 0.0387 0.0200 -0.0026 -0.0141 -0.0078 0.0472 0.2288 0.2108
1494720000.0000 69450.0000 0.7971 -0.4970 -0.0916 1.0030 301.9450 0.0793 0.1433 0.0256 0.0120 -0.0110 -0.0264 0.1241 0.3048 0.2900
1494720000.0000 69750.0000 0.9330 -0.2776 -0.1680 0.9997 286.5702 0.0549 0.0519 0.0196 -0.0046 -0.0097 0.0047 0.0632 0.2078 0.1939
1494720000.0000 70050.0000 0.4491 -0.4066 0.0369 0.7310 312.1567 0.3564 0.0458 0.0338 -0.0777 -0.0679 0.0097 0.2180 0.6281 0.6044
1494720000.0000 70350.0000 0.2779 -0.3503 -0.0091 0.4687 321.5718 0.0560 0.0272 0.0110 -0.0309 -0.0033 0.0013 0.0471 0.3962 0.3724
1494720000.0000 70650.0000 0.5263 -0.3011 0.0366 0.6273 299.7732 0.0311 0.0277 0.0153 -0.0041 -0.0082 0.0074 0.0371 0.2588 0.2309
1494720000.0000 70950.0000 0.5030 -0.4412 0.1065 0.7504 311.2577 0.1778 0.0704 0.0245 -0.0829 -0.0333 0.0130 0.1364 0.4451 0.4299
1494720000.0000 71250.0000 -0.2884 0.0800 0.0487 0.3274 105.4949 0.0282 0.0181 0.0217 -0.0061 -0.0092 -0.0046 0.0340 0.4964 0.4150
1494720000.0000 71550.0000 -0.1116 -0.0988 -0.0043 0.2036 48.4878 0.0128 0.0185 0.0109 -0.0001 0.0024 0.0018 0.0211 0.7961 0.6858
1494720000.0000 71850.0000 0.0732 -0.1114 0.0431 0.1992 326.6982 0.0176 0.0212 0.0070 0.0019 -0.0030 0.0027 0.0229 0.8824 0.8536
1494720000.0000 72150.0000 0.3524 -0.2563 0.0228 0.4711 306.0237 0.0196 0.0318 0.0125 0.0047 -0.0050 -0.0081 0.0320 0.3345 0.3003
1494720000.0000 72450.0000 0.0776 -0.1041 -0.0171 0.2179 323.2899 0.0249 0.0192 0.0110 -0.0075 -0.0017 0.0064 0.0276 1.0351 0.9337
1494720000.0000 72750.0000 0.2189 -0.1328 0.0004 0.2687 301.2404 0.0209 0.0115 0.0061 -0.0090 -0.0039 -0.0012 0.0192 0.4420 0.4057
1494720000.0000 73050.0000 0.1909 -0.2889 0.0660 0.3554 326.5448 0.0070 0.0135 0.0054 -0.0022 -0.0005 -0.0028 0.0130 0.2637 0.2389
1494720000.0000 73350.0000 -0.1344 0.0747 -0.0243 0.1828 119.0629 0.0123 0.0058 0.0061 -0.0026 0.0048 -0.0015 0.0121 0.5765 0.5045
1494720000.0000 73650.0000 0.0485 0.0418 0.0124 0.1007 229.1930 0.0061 0.0046 0.0049 -0.0007 0.0011 0.0010 0.0078 1.1076 0.9335
1494720000.0000 73950.0000 0.0638 -0.0378 -0.0190 0.0863 300.6329 0.0020 0.0023 0.0024 0.0003 -0.0003 -0.0000 0.0034 0.6210 0.5144
1494720000.0000 74250.0000 0.1668 -0.0685 -0.0224 0.2270 292.3390 0.0305 0.0061 0.0025 0.0015 -0.0006 -0.0011 0.0196 0.6287 0.6126
1494720000.0000 74550.0000 0.2107 -0.1525 0.0737 0.2897 305.8955 0.0239 0.0064 0.0075 0.0011 0.0004 -0.0003 0.0189 0.4150 0.3862
1494720000.0000 74850.0000 0.0859 -0.0025 -0.0410 0.1587 271.6974 0.0131 0.0168 0.0096 0.0083 -0.0041 0.0004 0.0198 1.2055 1.1620
1494720000.0000 75150.0000 0.0315 -0.0486 -0.0051 0.0961 327.0356 0.0075 0.0038 0.0029 -0.0001 -0.0015 -0.0008 0.0071 1.1875 1.0623
1494720000.0000 75450.0000 -0.2484 0.1427 0.0309 0.3209 119.8800 0.0416 0.0244 0.0151 -0.0145 0.0011 -0.0036 0.0406 0.5707 0.5177
1494720000.0000 75750.0000 -0.3317 0.2766 -0.0820 0.4621 129.8232 0.0360 0.0168 0.0078 0.0037 -0.0011 0.0002 0.0303 0.3232 0.3072
1494720000.0000 76050.0000 -0.4320 0.1713 0.0964 0.4716 111.6264 0.0200 0.0063 0.0081 -0.0010 -0.0036 -0.0011 0.0173 0.2260 0.2017
1494720000.0000 76350.0000 -0.5800 0.2554 0.0549 0.6402 113.7701 0.0229 0.0052 0.0058 -0.0022 0.0020 -0.0016 0.0170 0.1671 0.1527
1494720000.0000 76650.0000 -0.5633 0.3716 0.0876 0.7183 123.4162 0.0429 0.0468 0.0156 0.0161 -0.0091 -0.0192 0.0527 0.2754 0.2563
1494720000.0000 76950.0000 -0.6726 0.5457 0.0672 0.8788 129.0552 0.0169 0.0185 0.0073 0.0037 -0.0023 -0.0001 0.0214 0.1374 0.1254
1494720000.0000 77250.0000 -0.6263 0.4851 0.0869 0.7996 127.7570 0.0122 0.0130 0.0065 -0.0012 -0.0015 -0.0013 0.0159 0.1292 0.1159
1494720000.0000 77550.0000 -0.8808 0.6492 -0.0035 1.1024 126.3898 0.0140 0.0281 0.0114 -0.0045 -0.0028 -0.0014 0.0268 0.1221 0.1083
1494720000.0000 77850.0000 -0.7971 0.4203 0.0363 0.9125 117.8031 0.0180 0.0199 0.0119 0.0014 -0.0018 0.0025 0.0249 0.1427 0.1247
1494720000.0000 78150.0000 -0.6311 0.4406 0.0574 0.7937 124.9170 0.0561 0.0179 0.0080 0.0021 -0.0059 0.0029 0.0410 0.2143 0.2041
1494720000.0000 78450.0000 -0.0695 0.2872 0.0410 0.3341 166.3949 0.0281 0.0234 0.0142 -0.0052 0.0095 -0.0017 0.0328 0.4960 0.4435
1494720000.0000 78750.0000 0.0744 -0.3814 0.0564 0.4177 348.9657 0.0091 0.0251 0.0094 0.0049 0.0022 0.0060 0.0218 0.3071 0.2750
1494720000.0000 79050.0000 0.0860 -0.2894 0.0561 0.3132 343.4421 0.0040 0.0193 0.0038 0.0031 0.0013 0.0005 0.0135 0.3095 0.2919
1494720000.0000 79350.0000 0.2482 -0.2250 0.0610 0.3482 312.1983 0.0067 0.0214 0.0057 -0.0043 0.0008 -0.0046 0.0169 0.3116 0.2889
1494720000.0000 79650.0000 0.2132 -0.2199 -0.0127 0.3324 315.8864 0.0086 0.0191 0.0025 0.0030 -0.0012 -0.0045 0.0151 0.3274 0.3138
1494720000.0000 79950.0000 0.0100 -0.1253 0.0184 0.1479 355.4258 0.0043 0.0116 0.0037 0.0001 -0.0005 -0.0040 0.0098 0.6366 0.5794
1494720000.0000 80250.0000 -0.0228 -0.0380 -0.0240 0.0904 30.9874 0.0066 0.0031 0.0045 -0.0010 -0.0046 0.0012 0.0071 1.3673 1.2862
1494720000.0000 80550.0000 -0.2755 0.0638 0.0018 0.3095 103.0403 0.0122 0.0154 0.0088 0.0002 0.0053 -0.0033 0.0182 0.3897 0.3392
1494720000.0000 80850.0000 -0.1512 0.2827 -0.0665 0.3322 151.8601 0.0077 0.0077 0.0030 -0.0006 0.0017 -0.0010 0.0092 0.2395 0.2239
1494720000.0000 81150.0000 -0.0580 0.3091 -0.0038 0.3181 169.3667 0.0023 0.0078 0.0025 -0.0007 0.0004 -0.0008 0.0063 0.2056 0.1839
1494720000.0000 81450.0000 -0.1673 0.2630 -0.0024 0.3454 147.5346 0.0119 0.0148 0.0016 0.0112 -0.0017 -0.0026 0.0141 0.3116 0.3028
1494720000.0000 81750.0000 -0.2331 0.1449 0.0030 0.2866 121.8567 0.0096 0.0097 0.0056 -0.0038 -0.0009 -0.0016 0.0124 0.3316 0.2919
1494720000.0000 82050.0000 -0.0591 0.1350 0.0088 0.2022 156.3653 0.0186 0.0150 0.0051 -0.0047 0.0022 0.0012 0.0194 0.7694 0.7180
1494720000.0000 82350.0000 -0.2093 -0.0828 -0.0345 0.4135 68.4137 0.0798 0.0758 0.0099 -0.0632 0.0102 -0.0108 0.0827 1.0312 1.0115
1494720000.0000 82650.0000 -0.3204 0.3056 -0.0407 0.4490 133.6408 0.0264 0.0168 0.0050 -0.0157 0.0007 -0.0001 0.0241 0.2850 0.2710
1494720000.0000 82950.0000 -0.0446 0.0583 0.0110 0.0907 142.5826 0.0036 0.0037 0.0021 0.0001 0.0003 -0.0007 0.0047 0.7530 0.6689
1494720000.0000 83250.0000 -0.1121 0.1814 -0.0164 0.2281 148.2922 0.0075 0.0134 0.0036 -0.0016 0.0017 -0.0022 0.0122 0.4225 0.3913
1494720000.0000 83550.0000 -0.4134 0.2904 0.0084 0.5108 125.0898 0.0436 0.0164 0.0031 -0.0209 -0.0006 -0.0003 0.0315 0.2869 0.2798
1494720000.0000 83850.0000 -0.5088 0.3758 0.0498 0.6367 126.4495 0.0366 0.0128 0.0036 -0.0175 0.0002 -0.0006 0.0265 0.2095 0.2029
1494720000.0000 84150.0000 -0.1924 0.1314 0.1196 0.2855 124.3324 0.0273 0.0188 0.0144 0.0073 -0.0060 0.0002 0.0302 0.5421 0.5317
1494720000.0000 84450.0000 -0.2502 0.2217 -0.0122 0.3611 131.5398 0.0283 0.0136 0.0081 -0.0014 0.0057 -0.0033 0.0250 0.3858 0.3535
1494720000.0000 84750.0000 -0.0896 0.0868 0.0036 0.1622 134.0800 0.0113 0.0101 0.0044 -0.0004 0.0007 -0.0015 0.0129 0.7438 0.6773
1494720000.0000 85050.0000 -0.3508 0.3193 -0.0694 0.5178 132.3084 0.0776 0.0228 0.0110 -0.0228 -0.0004 -0.0056 0.0557 0.4020 0.3856
1494720000.0000 85350.0000 0.3202 -0.1683 0.1554 0.4505 297.7223 0.0139 0.0760 0.0159 0.0089 0.0055 0.0154 0.0529 0.4771 0.4786
1494720000.0000 85650.0000 0.1686 -0.1567 0.0077 0.2585 312.9077 0.0025 0.0283 0.0021 -0.0006 -0.0004 -0.0031 0.0164 0.4540 0.4398
1494720000.0000 85950.0000 -0.3000 0.1188 0.0488 0.3612 111.6027 0.0448 0.0099 0.0028 0.0023 -0.0026 0.0009 0.0288 0.4243 0.4185
1494720000.0000 86250.0000 -0.5965 0.3279 -0.0201 0.6944 118.7964 0.0049 0.0208 0.0049 0.0027 -0.0016 -0.0084 0.0153 0.1483 0.1359
1494806400.0000 86550.0000 -0.4419 0.2101 0.0519 0.5038 115.4343 0.0182 0.0204 0.0090 -0.0099 -0.0006 0.0021 0.0238 0.2562 0.2320
1494806400.0000 86850.0000 -0.1301 0.3446 0.0417 0.4134 159.3124 0.0292 0.0190 0.0108 0.0125 0.0030 -0.0014 0.0295 0.3782 0.3440
1494806400.0000 87150.0000 0.0262 0.1611 -0.0176 0.2449 189.2204 0.0118 0.0585 0.0104 0.0036 0.0012 -0.0060 0.0404 0.9991 0.9380
1494806400.0000 87450.0000 -0.0047 -0.1403 0.0054 0.2134 1.9358 0.0301 0.0111 0.0027 -0.0007 -0.0016 -0.0014 0.0220 0.8614 0.8350
1494806400.0000 87750.0000 -0.4619 0.1115 0.0095 0.5042 103.5772 0.0212 0.0345 0.0137 -0.0124 0.0041 -0.0121 0.0347 0.3198 0.2866
1494806400.0000 88050.0000 -0.6662 0.4069 0.0429 0.7922 121.4183 0.0218 0.0116 0.0066 0.0048 -0.0035 -0.0011 0.0200 0.1476 0.1350
1494806400.0000 88350.0000 -0.2708 0.2950 -0.0246 0.4181 137.4439 0.0214 0.0302 0.0072 -0.0144 0.0069 -0.0088 0.0294 0.3489 0.3276
1494806400.0000 88650.0000 -0.1720 0.0149 0.0162 0.2334 94.9521 0.0234 0.0168 0.0036 -0.0128 0.0007 -0.0014 0.0219 0.6963 0.6699
1494806400.0000 88950.0000 -0.2484 0.2919 -0.0321 0.3925 139.6032 0.0059 0.0070 0.0031 0.0010 0.0003 -0.0020 0.0080 0.1899 0.1712
1494806400.0000 89250.0000 0.0426 0.0460 0.0083 0.1598 222.7955 0.0193 0.0069 0.0011 -0.0094 0.0002 -0.0005 0.0136 1.5068 1.4898
1494806400.0000 89550.0000 0.0157 -0.1495 0.0161 0.1587 354.0206 0.0031 0.0043 0.0015 -0.0008 -0.0006 -0.0001 0.0045 0.3608 0.3310
1494806400.0000 89850.0000 -0.1188 -0.0069 -0.0054 0.1517 86.6743 0.0048 0.0086 0.0026 0.0010 0.0001 0.0012 0.0080 0.6130 0.5619
1494806400.0000 90150.0000 -0.0737 0.0189 0.0221 0.1453 104.3610 0.0094 0.0153 0.0091 0.0088 0.0027 0.0024 0.0169 1.3380 1.1913
1494806400.0000 90450.0000 -0.0113 0.1154 0.0010 0.1402 174.4000 0.0051 0.0088 0.0032 0.0013 -0.0012 0.0001 0.0086 0.6520 0.5877
1494806400.0000 90750.0000 -0.1535 0.2466 0.0178 0.3352 148.0928 0.0161 0.0328 0.0079 0.0028 0.0019 -0.0004 0.0284 0.4730 0.4397
1494806400.0000 91050.0000 -0.1110 0.2809 0.0719 0.3413 158.4369 0.0239 0.0077 0.0151 0.0019 0.0136 -0.0017 0.0233 0.4016 0.3397
1494806400.0000 91350.0000 -0.2488 0.1831 -0.0122 0.3380 126.3613 0.0187 0.0129 0.0140 0.0038 -0.0002 -0.0000 0.0228 0.3991 0.3325
1494806400.0000 91650.0000 -0.3351 0.2030 0.0087 0.4102 121.2129 0.0186 0.0118 0.0081 0.0015 -0.0039 -0.0031 0.0193 0.2892 0.2571
1494806400.0000 91950.0000 -0.6432 0.3451 0.0466 0.7448 118.2133 0.0181 0.0234 0.0105 -0.0004 0.0040 -0.0014 0.0260 0.1799 0.1610
1494806400.0000 92250.0000 -0.7294 0.6405 0.1166 0.9805 131.2869 0.0336 0.0250 0.0092 -0.0096 -0.0055 0.0044 0.0339 0.1537 0.1439
1494806400.0000 92550.0000 -0.7956 0.8238 0.0100 1.1557 135.9971 0.0145 0.0465 0.0067 -0.0038 0.0019 -0.0076 0.0338 0.1311 0.1245
1494806400.0000 92850.0000 -0.9597 0.7593 0.0404 1.2587 128.3494 0.0907 0.1040 0.0316 -0.0124 0.0061 -0.0038 0.1131 0.2243 0.2081
1494806400.0000 93150.0000 -1.2294 0.5697 0.3313 1.5306 114.8624 0.1741 0.4669 0.1328 0.1171 -0.0672 -0.1328 0.3869 0.3641 0.3411
1494806400.0000 93450.0000 -1.1499 -0.0327 -0.0643 1.2396 88.3700 0.3233 0.1636 0.1359 0.0686 -0.0247 0.0504 0.3114 0.3954 0.3502
1494806400.0000 93750.0000 -0.6399 0.1770 -0.1773 0.7318 105.4647 0.1531 0.0745 0.1126 0.0013 0.0159 0.0129 0.1701 0.4900 0.4149
1494806400.0000 94050.0000 -0.9047 0.6316 -0.1877 1.1816 124.9191 0.2010 0.2176 0.1611 -0.0658 0.0213 -0.0132 0.2899 0.3928 0.3386
1494806400.0000 94350.0000 -0.6845 0.6699 -0.0928 1.0613 134.3817 0.1610 0.2132 0.1384 -0.0559 0.0215 0.0653 0.2563 0.4295 0.3687
1494806400.0000 94650.0000 -0.7907 0.6310 -0.0928 1.0592 128.5912 0.1557 0.1084 0.0314 -0.0235 -0.0008 0.0001 0.1477 0.3089 0.2933
1494806400.0000 94950.0000 -0.7488 0.4485 0.2477 0.9775 120.9203 0.2567 0.0930 0.0434 0.0567 -0.0183 -0.0239 0.1965 0.3990 0.3912
1494806400.0000 95250.0000 -1.9114 0.7657 0.2508 2.0833 111.8310 0.1092 0.0915 0.1155 0.0116 0.0052 -0.0193 0.1581 0.1565 0.1256
1494806400.0000 95550.0000 -1.1259 0.4154 0.1961 1.2486 110.2502 0.1200 0.1070 0.0517 0.0186 0.0208 -0.0150 0.1393 0.2506 0.2292
1494806400.0000 95850.0000 -1.0513 0.7310 -0.0136 1.3070 124.8129 0.1594 0.0662 0.0503 -0.0316 -0.0099 -0.0122 0.1380 0.2368 0.2142
1494806400.0000 96150.0000 -0.8947 0.3847 0.0674 1.0046 113.2683 0.1180 0.0963 0.0432 -0.0677 -0.0154 0.0167 0.1287 0.3000 0.2744
1494806400.0000 96450.0000 -1.1717 0.4556 0.1680 1.2950 111.2483 0.1853 0.1023 0.0536 -0.0488 0.0094 0.0062 0.1706 0.2659 0.2463
1494806400.0000 96750.0000 -1.2312 0.6676 0.2064 1.4241 118.4670 0.0695 0.0721 0.0246 -0.0052 -0.0036 -0.0189 0.0831 0.1662 0.1551
1494806400.0000 97050.0000 -0.5733 0.4430 0.0900 0.7616 127.6930 0.0918 0.0470 0.0259 -0.0224 0.0041 -0.0064 0.0823 0.3209 0.2969
1494806400.0000 97350.0000 -0.4409 0.5698 -0.1388 0.7624 142.2679 0.0613 0.0533 0.0369 -0.0028 0.0297 -0.0023 0.0757 0.3063 0.2713
1494806400.0000 97650.0000 -0.7479 0.6944 0.0273 1.0598 132.8763 0.1322 0.0284 0.0247 -0.0092 -0.0165 0.0069 0.0926 0.2434 0.2267
1494806400.0000 97950.0000 -0.9033 1.0026 -0.0127 1.3608 137.9813 0.0274 0.0152 0.0125 0.0088 -0.0090 -0.0077 0.0275 0.1003 0.0882
1494806400.0000 98250.0000 -0.4548 0.9710 -0.0854 1.0840 154.9012 0.0204 0.0578 0.0085 -0.0057 0.0006 -0.0006 0.0433 0.1580 0.1505
1494806400.0000 98550.0000 0.0056 0.0955 -0.0780 0.1679 183.3408 0.0143 0.0172 0.0145 -0.0066 -0.0020 -0.0014 0.0230 1.0041 1.0722
1494806400.0000 98850.0000 -0.1864 0.2312 0.0561 0.3680 141.1227 0.0968 0.0827 0.0163 -0.0619 -0.0119 0.0012 0.0979 0.8452 0.8235
1494806400.0000 99150.0000 -1.0014 0.6173 0.0534 1.1852 121.6509 0.0255 0.0207 0.0191 -0.0015 0.0010 0.0017 0.0326 0.1252 0.1054
1494806400.0000 99450.0000 -0.6086 0.8437 -0.0851 1.0807 144.1953 0.0740 0.0838 0.0475 0.0088 -0.0060 -0.0168 0.1026 0.2506 0.2205
1494806400.0000 99750.0000 -0.7254 0.1191 0.0345 0.7852 99.3211 0.0660 0.0601 0.0487 0.0305 0.0141 0.0127 0.0874 0.3281 0.2789
1494806400.0000 100050.0000 -0.9435 0.6352 0.0771 1.1928 123.9515 0.0728 0.1090 0.0270 0.0261 -0.0012 -0.0207 0.1044 0.2314 0.2164
1494806400.0000 100350.0000 -1.0682 0.5428 0.0611 1.2506 116.9349 0.2050 0.0773 0.0583 0.0160 -0.0162 0.0026 0.1703 0.2809 0.2560
1494806400.0000 100650.0000 -1.1189 0.7257 -0.0881 1.4071 122.9668 0.2392 0.1416 0.0803 0.0190 -0.0280 0.0149 0.2306 0.2933 0.2671
1494806400.0000 100950.0000 -0.8033 1.0812 0.0491 1.4317 143.3888 0.1797 0.1580 0.1564 0.0605 -0.0249 -0.0604 0.2471 0.3011 0.2491
1494806400.0000 101250.0000 -0.5048 0.9080 -0.0476 1.1030 150.9287 0.0948 0.1250 0.1050 0.0275 0.0159 0.0208 0.1624 0.3164 0.2606
1494806400.0000 101550.0000 -0.9202 1.2018 -0.0406 1.5629 142.5610 0.1068 0.1483 0.0836 0.0210 0.0250 -0.0057 0.1694 0.2219 0.1927
1494806400.0000 101850.0000 -0.9976 1.1553 -0.1684 1.6620 139.1904 0.1896 0.4159 0.1465 0.1346 0.0368 -0.0140 0.3760 0.3260 0.2943
1494806400.0000 102150.0000 -0.5634 1.4114 -0.1268 1.5739 158.2394 0.1528 0.1437 0.0544 0.0221 -0.0001 -0.0100 0.1754 0.2243 0.2069
1494806400.0000 102450.0000 -0.5680 1.4341 -0.2266 1.6140 158.3938 0.1464 0.1977 0.0984 0.0743 -0.0109 -0.0070 0.2212 0.2463 0.2196
1494806400.0000 102750.0000 -0.8464 1.2531 -0.2694 1.5592 145.9626 0.1252 0.1459 0.0698 0.0059 0.0276 -0.0114 0.1704 0.2195 0.1988
1494806400.0000 103050.0000 -0.5750 0.5549 -0.1642 0.9132 133.9812 0.0824 0.2930 0.1246 -0.0366 0.0329 -0.1337 0.2500 0.5004 0.4427
1494806400.0000 103350.0000 -0.5354 -0.1121 -0.0609 0.6244 78.1742 0.0342 0.0993 0.0577 0.0135 0.0017 0.0039 0.0956 0.4587 0.3857
1494806400.0000 103650.0000 -0.4488 0.6068 -0.0526 0.8028 143.5151 0.0675 0.0473 0.0243 0.0168 -0.0142 -0.0179 0.0696 0.2846 0.2593
1494806400.0000 103950.0000 -0.0785 0.4248 0.0227 0.6710 169.5310 0.1338 0.2035 0.0375 -0.0874 0.0219 -0.0054 0.1875 0.8172 0.7763
1494806400.0000 104250.0000 -0.1370 0.4572 -0.0805 0.6031 163.3216 0.1268 0.0569 0.0702 -0.0150 0.0570 0.0027 0.1269 0.6010 0.5183
1494806400.0000 104550.0000 -1.3581 0.1848 0.1745 1.4545 97.7481 0.1917 0.2046 0.1032 0.0976 0.0056 0.0108 0.2497 0.2953 0.2652
1494806400.0000 104850.0000 -1.6471 0.3871 0.4786 1.7535 103.2248 0.2781 0.1774 0.1070 -0.0389 0.0346 0.0085 0.2812 0.2463 0.2303
1494806400.0000 105150.0000 -1.4334 0.2791 0.1588 1.6150 101.0186 0.4101 0.3028 0.1099 0.2171 -0.0231 -0.0094 0.4114 0.3565 0.3338
1494806400.0000 105450.0000 -1.0378 0.1298 0.2426 1.1562 97.1287 0.2948 0.1550 0.0773 0.0992 -0.0536 -0.0159 0.2636 0.3904 0.3702
1494806400.0000 105750.0000 -1.3044 0.5541 0.1431 1.4557 113.0164 0.1171 0.0933 0.0635 0.0096 -0.0015 -0.0150 0.1370 0.2122 0.1869
1494806400.0000 106050.0000 -0.8535 0.9760 -0.0324 1.4021 138.8292 0.1786 0.2518 0.1110 0.0645 -0.0039 -0.0233 0.2707 0.3275 0.2921
1494806400.0000 106350.0000 -0.7947 0.8973 -0.0651 1.2593 138.4725 0.1580 0.1540 0.0572 -0.0149 -0.0164 0.0170 0.1846 0.2923 0.2691
1494806400.0000 106650.0000 -1.4082 0.6265 0.2464 1.6115 113.9822 0.2216 0.1600 0.1439 0.0395 -0.0382 -0.0618 0.2628 0.2681 0.2314
1494806400.0000 106950.0000 -1.1619 0.7439 -0.0523 1.5091 122.6280 0.2521 0.3907 0.1094 -0.0382 0.0247 -0.0113 0.3761 0.3627 0.3355
1494806400.0000 107250.0000 -0.5065 0.7356 -0.0076 1.0961 145.4491 0.4249 0.3482 0.0839 -0.1018 -0.0051 0.0023 0.4285 0.5984 0.5684
1494806400.0000 107550.0000 -0.1250 1.0567 -0.1975 1.1118 173.2517 0.0753 0.1190 0.0513 0.0302 -0.0005 -0.0457 0.1228 0.2644 0.2392
1494806400.0000 107850.0000 -0.4275 0.8936 -0.0350 1.1937 154.4357 0.2486 0.3360 0.1434 0.1698 -0.1144 -0.1391 0.3640 0.4970 0.4456
1494806400.0000 108150.0000 -0.6127 0.5349 -0.0848 0.8943 131.1252 0.1568 0.2417 0.1055 -0.0755 0.0023 -0.1068 0.2520 0.5012 0.4481
1494806400.0000 108450.0000 -0.6643 0.7688 -0.0967 1.1529 139.1698 0.1706 0.2501 0.0744 0.0588 0.0082 -0.0593 0.2475 0.3980 0.3685
1494806400.0000 108750.0000 -0.7242 0.7917 -0.0199 1.2088 137.5509 0.1375 0.3160 0.0399 0.0673 -0.0096 -0.0239 0.2467 0.3779 0.3624
1494806400.0000 109050.0000 -0.7383 0.7055 -0.0871 1.0752 133.7002 0.1133 0.0806 0.0511 0.0165 -0.0199 -0.0151 0.1225 0.2788 0.2489
1494806400.0000 109350.0000 -0.5604 0.3538 -0.0011 0.8467 122.2644 0.3133 0.1731 0.0590 0.1162 -0.0153 0.0007 0.2727 0.6435 0.6076
1494806400.0000 109650.0000 -1.3334 0.2170 0.1984 1.5112 99.2418 0.7805 0.2878 0.2626 0.1175 -0.0908 -0.0533 0.6654 0.4878 0.4417
1494806400.0000 109950.0000 -1.3981 0.2598 0.4475 1.5437 100.5260 0.3997 0.3001 0.1840 0.0860 0.0287 -0.0098 0.4419 0.3641 0.3396
1494806400.0000 110250.0000 -1.4554 0.2048 0.4689 1.5808 98.0115 0.3115 0.2834 0.1674 0.0756 -0.0440 -0.0345 0.3811 0.3267 0.3030
1494806400.0000 110550.0000 -2.1077 -0.2401 0.7237 2.2025 83.5004 0.3349 0.3774 0.1531 0.0589 -0.0062 -0.0555 0.4327 0.2396 0.2297
1494806400.0000 110850.0000 -1.3065 0.2546 0.3645 1.4715 101.0264 0.4914 0.3377 0.1325 0.0100 0.0107 -0.0256 0.4808 0.4102 0.3949
1494806400.0000 111150.0000 -1.1785 1.1281 -0.0286 1.7244 133.7479 0.2988 0.2715 0.1384 0.0266 0.0222 -0.0768 0.3544 0.2979 0.2673
1494806400.0000 111450.0000 -1.6157 0.1185 0.2179 1.7542 94.1953 0.1921 0.4052 0.1556 0.1017 0.0100 -0.0967 0.3765 0.3065 0.2754
1494806400.0000 111750.0000 -1.5546 -0.0438 0.3525 1.6357 88.3876 0.1477 0.2497 0.1766 0.0572 0.0017 -0.0521 0.2870 0.2743 0.2340
1494806400.0000 112050.0000 -1.4581 0.1115 0.3448 1.5499 94.3743 0.2539 0.2715 0.1795 0.0686 -0.0088 -0.0786 0.3524 0.3226 0.2862
1494806400.0000 112350.0000 -1.8423 -0.7590 0.5172 2.0185 67.6099 0.1312 0.1069 0.1309 0.0158 0.0257 0.0098 0.1845 0.1704 0.1414
1494806400.0000 112650.0000 -2.0360 -0.6666 0.5918 2.1937 71.8723 0.2742 0.2244 0.2450 0.0256 -0.0178 0.0230 0.3718 0.2240 0.1903
1494806400.0000 112950.0000 -1.7143 -1.0157 0.6523 2.0493 59.3537 0.5887 0.2471 0.3062 0.1510 0.0733 0.0508 0.5710 0.2943 0.2649
1494806400.0000 113250.0000 -1.8159 -0.9704 0.6385 2.1515 61.8799 0.3089 0.2921 0.3007 -0.1260 0.0370 -0.0151 0.4508 0.2543 0.2174
1494806400.0000 113550.0000 -1.7590 -0.7373 0.7539 1.9831 67.2586 0.5920 0.2968 0.2791 0.0321 -0.0283 -0.0090 0.5840 0.3042 0.2854
1494806400.0000 113850.0000 -1.9870 -1.1165 0.6426 2.3493 60.6685 0.3682 0.3009 0.1822 -0.0183 0.0113 0.0200 0.4256 0.2249 0.2072
1494806400.0000 114150.0000 -2.0567 -1.2524 0.4572 2.4766 58.6604 0.4491 0.2774 0.2938 0.0030 0.0739 0.0645 0.5102 0.2379 0.2044
1494806400.0000 114450.0000 -1.6196 -1.1217 0.6221 2.1190 55.2961 0.6463 0.4449 0.2807 -0.0245 0.0238 0.0784 0.6859 0.3273 0.3061
1494806400.0000 114750.0000 -1.5546 -0.8387 0.2601 1.8463 61.6532 0.3089 0.3585 0.2340 0.0603 0.0804 0.0442 0.4507 0.3070 0.2670
1494806400.0000 115050.0000 -1.9830 -0.3862 0.5928 2.0933 78.9783 0.4048 0.2868 0.2390 -0.0393 -0.1185 0.0338 0.4653 0.2645 0.2377
1494806400.0000 115350.0000 -1.8381 -0.3694 0.1331 2.0270 78.6369 0.4917 0.6031 0.3723 -0.0596 -0.0533 0.2791 0.7336 0.3721 0.3222
1494806400.0000 115650.0000 -1.7957 0.0558 0.4669 1.8461 91.7790 0.3954 0.1695 0.2401 0.0550 -0.0954 -0.0287 0.4025 0.2791 0.2415
1494806400.0000 115950.0000 -1.7577 -1.0395 0.5843 2.1519 59.3984 0.5405 0.3807 0.3127 -0.0229 -0.0958 0.1740 0.6170 0.3019 0.2714
1494806400.0000 116250.0000 -2.4963 -1.2041 0.7986 2.8851 64.2502 0.3468 0.6670 0.3189 -0.0043 -0.0257 0.0907 0.6663 0.2311 0.2097
1494806400.0000 116550.0000 -2.3121 -1.8356 0.8262 3.0780 51.5531 0.5643 0.9814 0.4913 0.0915 -0.0093 -0.0466 1.0185 0.2688 0.2431
1494806400.0000 116850.0000 -1.9689 -1.5815 0.6935 2.6968 51.2271 1.0712 0.7520 0.4766 0.0378 0.2987 0.0666 1.1499 0.3343 0.3087
1494806400.0000 117150.0000 -2.7824 -1.6876 1.0975 3.4009 58.7620 0.8925 1.0344 0.4109 0.0583 -0.0267 0.2481 1.1689 0.2571 0.2463
1494806400.0000 117450.0000 -2.9333 -1.8716 1.0454 3.5420 57.4591 0.3916 0.5173 0.2929 0.0728 0.0004 0.1462 0.6009 0.1742 0.1582
1494806400.0000 117750.0000 -3.0529 -1.8092 1.0265 3.6016 59.3472 0.5480 0.4095 0.3147 0.0817 -0.0673 0.0858 0.6361 0.1763 0.1592
1494806400.0000 118050.0000 -2.5473 -1.3718 0.7712 3.0056 61.6949 0.7662 0.5706 0.4720 0.0095 0.0329 0.1103 0.9044 0.2593 0.2307
1494806400.0000 118350.0000 -2.5487 -1.3391 0.8327 3.0142 62.2819 0.8850 0.8498 0.4668 0.1111 0.0952 0.1390 1.1008 0.2858 0.2641
1494806400.0000 118650.0000 -1.8822 -1.5383 0.7864 2.6714 50.7409 0.4345 1.4378 0.3456 -0.2027 0.0926 -0.1090 1.1089 0.3365 0.3250
1494806400.0000 118950.0000 -1.7963 -1.6652 0.4057 2.6416 47.1697 1.2157 1.0697 0.6181 0.2732 0.0593 0.0163 1.4517 0.3962 0.3563
1494806400.0000 119250.0000 -2.5393 -1.0426 0.8910 2.9024 67.6766 0.5884 0.8862 0.3127 0.0635 0.0531 0.1439 0.8936 0.2674 0.2554
1494806400.0000 119550.0000 -2.5800 -1.9324 0.8773 3.4003 53.1680 0.9275 1.2549 0.4293 0.1628 0.0120 -0.0788 1.3059 0.2793 0.2646
1494806400.0000 119850.0000 -2.3592 -0.8679 0.5831 2.7049 69.8033 0.7527 0.9708 0.3847 -0.0313 0.0919 -0.0949 1.0541 0.3249 0.3015
1494806400.0000 120150.0000 -1.5427 -1.2795 0.5047 2.1914 50.3277 0.4845 0.9608 0.3901 0.0162 0.0003 -0.0672 0.9177 0.3784 0.3463
1494806400.0000 120450.0000 -1.8535 -1.8486 0.6339 2.7078 45.0758 0.7490 0.5479 0.4116 0.2302 0.0961 0.0698 0.8542 0.2802 0.2512
1494806400.0000 120750.0000 -2.1435 -1.0118 0.8400 2.4713 64.7308 1.1797 0.3204 0.3779 0.1325 -0.1644 -0.0151 0.9390 0.3146 0.2983
1494806400.0000 121050.0000 -1.1203 -1.2537 0.5732 1.8918 41.7848 1.2839 0.4192 0.2751 0.1702 0.0885 0.0244 0.9891 0.4571 0.4481
1494806400.0000 121350.0000 -0.6635 -0.7250 0.4966 1.2115 42.4611 0.5208 0.5661 0.2678 0.1371 0.0826 0.0482 0.6773 0.6103 0.6125
1494806400.0000 121650.0000 -1.0879 -2.1453 0.4762 2.5669 26.8902 0.8354 0.2649 0.4389 -0.0852 0.1247 -0.0131 0.7696 0.2921 0.2518
1494806400.0000 121950.0000 -2.4852 -1.6561 0.6690 3.0510 56.3213 0.3965 0.4822 0.2175 0.0743 0.0031 0.0614 0.5481 0.1975 0.1812
1494806400.0000 122250.0000 -1.6870 -1.6993 0.4402 2.4867 44.7927 0.4782 0.6956 0.4715 0.1684 0.0418 0.1521 0.8226 0.3042 0.2612
1494806400.0000 122550.0000 -0.8570 -2.8963 0.7147 3.0773 16.4830 0.2873 0.4163 0.2843 -0.0277 -0.0179 -0.0301 0.4940 0.1849 0.1603
1494806400.0000 122850.0000 -0.2440 -1.7142 0.4987 1.9187 8.1026 0.3883 1.4899 0.4868 -0.0950 0.0833 -0.3247 1.1825 0.4928 0.4570
1494806400.0000 123150.0000 -0.4069 -2.5935 0.5223 2.7401 8.9173 0.6555 0.8381 0.6146 0.1486 -0.2591 -0.1702 1.0541 0.3132 0.2688
1494806400.0000 123450.0000 -0.3468 -2.0608 0.3818 2.2287 9.5536 0.6358 0.8992 0.4028 0.1092 -0.0672 -0.1571 0.9689 0.3783 0.3423
1494806400.0000 123750.0000 -1.2352 -1.5504 0.7911 2.4771 38.5451 1.3455 1.6394 0.4332 -0.6682 0.1621 -0.2366 1.7090 0.5001 0.5032
1494806400.0000 124050.0000 -1.9399 -1.5908 0.6319 2.6021 50.6468 0.3542 0.6931 0.4220 0.1079 0.0561 -0.0405 0.7347 0.2705 0.2355
1494806400.0000 124350.0000 -1.0798 -1.0947 0.5672 2.2273 44.6085 2.2453 1.4689 0.6848 -0.6502 -0.1375 -0.0186 2.1995 0.7389 0.7236
1494806400.0000 124650.0000 -1.2685 -1.2259 0.5274 2.3448 45.9788 1.1407 2.0441 0.3924 -0.5166 0.0045 0.0766 1.7886 0.5931 0.5841
1494806400.0000 124950.0000 -1.3355 0.4913 -0.0148 1.6535 110.1978 0.4167 0.7870 0.3022 -0.2315 -0.0873 0.0789 0.7529 0.4979 0.4451
1494806400.0000 125250.0000 -1.8213 0.4014 0.0053 2.0961 102.4286 0.7617 0.9338 0.2996 -0.3392 0.0787 0.1188 0.9976 0.4373 0.4031
1494806400.0000 125550.0000 -1.4791 -1.3955 0.2932 2.2231 46.6649 0.6085 0.7340 0.4203 -0.0502 0.1588 0.0035 0.8814 0.3731 0.3290
1494806400.0000 125850.0000 -0.7114 -1.3528 0.1940 1.7559 27.7405 0.8602 0.4666 0.2760 -0.1362 -0.0346 0.0646 0.8014 0.4744 0.4351
1494806400.0000 126150.0000 -2.1409 0.4066 0.5099 2.4830 100.7538 0.7765 1.3518 0.5384 -0.0101 0.0096 -0.3745 1.3334 0.4213 0.3865
1494806400.0000 126450.0000 -2.5867 0.2525 0.4121 2.6936 95.5761 1.4623 0.3157 0.1917 -0.3880 -0.1950 0.0420 0.9849 0.3079 0.2962
1494806400.0000 126750.0000 -2.1490 0.2125 0.2241 2.2987 95.6475 0.6276 0.4893 0.2658 -0.1305 0.1252 -0.1453 0.6913 0.3127 0.2825
1494806400.0000 127050.0000 -1.8970 0.3285 0.2069 2.0700 99.8233 1.5345 0.3892 0.1962 -0.2264 -0.1857 0.0842 1.0600 0.4341 0.4159
1494806400.0000 127350.0000 -1.4094 -0.3233 0.3403 1.6253 77.0811 0.8911 0.4049 0.2390 -0.0824 -0.0130 0.0176 0.7675 0.4815 0.4545
1494806400.0000 127650.0000 -1.8421 0.6783 0.0629 2.1588 110.2155 0.9262 1.0091 0.4402 -0.4755 -0.0298 -0.1606 1.1878 0.4531 0.4092
1494806400.0000 127950.0000 -2.0768 1.1970 0.0943 2.5805 119.9573 0.9880 0.5896 0.4093 0.0506 -0.0082 -0.0918 0.9934 0.3392 0.3025
1494806400.0000 128250.0000 -0.4015 -0.6184 -0.0125 1.3758 32.9919 0.4250 1.3946 0.4182 -0.1308 0.0222 -0.4225 1.1189 1.1712 1.0563
1494806400.0000 128550.0000 -1.5884 1.5886 -0.0878 2.6049 135.0027 0.8958 2.0584 0.5581 -0.2533 0.2069 -0.5828 1.7561 0.4813 0.4417
1494806400.0000 128850.0000 -2.2206 1.2449 0.1373 2.7153 119.2759 1.3384 0.6142 0.4538 0.2135 -0.2429 -0.3047 1.2032 0.3513 0.3169
1494806400.0000 129150.0000 -1.1620 -0.5619 0.3559 1.7179 64.1937 1.9499 0.4147 0.2244 -0.4325 -0.1118 -0.0649 1.2945 0.6938 0.6878
1494806400.0000 129450.0000 -1.5958 -0.0402 0.4057 1.9983 88.5575 1.6847 0.8252 0.2342 -0.7588 0.0381 -0.1185 1.3721 0.5807 0.5730
1494806400.0000 129750.0000 -1.7204 -0.0733 0.4139 1.8870 87.5611 0.5011 0.4846 0.2938 0.2234 -0.0654 -0.0760 0.6398 0.3688 0.3329
1494806400.0000 130050.0000 -1.4862 1.2759 0.0378 2.0743 130.6443 0.8856 0.4764 0.3057 -0.3228 0.1961 -0.1860 0.8339 0.3806 0.3440
1494806400.0000 130350.0000 -1.7518 0.8551 -0.0376 2.1728 116.0195 1.0690 0.8957 0.3340 -0.0136 -0.0248 -0.3207 1.1493 0.4490 0.4151
1494806400.0000 130650.0000 -1.9674 -0.4308 0.6227 2.1385 77.6475 0.7257 0.4707 0.2082 -0.0459 -0.0070 -0.1221 0.7023 0.3246 0.3136
1494806400.0000 130950.0000 -1.3772 0.5621 0.1413 1.5837 112.2015 0.3845 0.5254 0.1539 -0.2734 0.0437 -0.0974 0.5319 0.3985 0.3702
1494806400.0000 131250.0000 -1.6450 0.0116 0.2370 1.7018 90.4055 0.4097 0.2061 0.1746 -0.1037 -0.0167 -0.0665 0.3952 0.3088 0.2754
1494806400.0000 131550.0000 -0.6301 0.9341 -0.2741 1.3157 145.9979 0.2851 0.6012 0.1622 0.0701 -0.0082 -0.1645 0.5243 0.5098 0.4824
1494806400.0000 131850.0000 0.0770 0.2362 -0.2266 0.8195 198.0518 0.7057 0.1594 0.1288 0.0442 -0.0565 0.0454 0.4970 1.7117 2.1615
1494806400.0000 132150.0000 -0.8947 0.1287 0.2639 1.2554 98.1845 1.2013 0.2883 0.3215 -0.1042 -0.2568 -0.1030 0.9056 0.8251 0.7795
1494806400.0000 132450.0000 -1.6054 0.4827 0.1901 1.7139 106.7347 1.1182 0.1761 0.0990 -0.2802 -0.0806 -0.0165 0.6966 0.4039 0.3918
1494806400.0000 132750.0000 -1.9709 0.7508 -0.0341 2.1701 110.8529 0.5748 0.3434 0.2610 -0.1096 -0.1241 -0.0543 0.5896 0.2972 0.2623
1494806400.0000 133050.0000 -0.5658 -0.5246 0.3121 0.9776 47.1664 0.1709 0.3826 0.1339 -0.0439 0.0532 -0.0951 0.3437 0.5751 0.5567
1494806400.0000 133350.0000 0.2934 -0.0907 0.0652 0.6693 287.1784 0.1190 0.3927 0.1776 0.0407 0.0145 -0.1415 0.3447 1.5271 1.3450
1494806400.0000 133650.0000 -0.1557 -0.0211 0.2773 0.5535 82.3018 0.1074 0.2932 0.0932 0.1082 0.0214 0.0119 0.2469 1.2729 2.3255
1494806400.0000 133950.0000 -0.7486 -0.4832 0.2282 0.9981 57.1573 0.2132 0.1429 0.1324 0.0456 0.0464 0.0058 0.2443 0.4387 0.3867
1494806400.0000 134250.0000 -0.4541 -0.0073 0.2850 1.0501 89.0743 1.3129 0.2817 0.1387 -0.2950 -0.0313 0.0387 0.8667 1.4177 1.6054
1494806400.0000 134550.0000 -1.6369 0.2314 0.1496 1.8152 98.0471 0.6502 0.5168 0.6371 -0.0507 -0.0323 -0.2528 0.9020 0.4672 0.3773
1494806400.0000 134850.0000 -0.9047 0.0662 0.0416 1.0055 94.1881 0.1680 0.1705 0.2540 -0.0705 -0.0041 -0.0359 0.2962 0.4894 0.3703
1494806400.0000 135150.0000 -0.0186 -1.0040 0.2128 1.2955 1.0601 0.2897 0.9550 0.3818 0.2331 -0.1276 -0.4256 0.8133 0.7173 0.6414
1494806400.0000 135450.0000 0.1645 -1.2170 0.5941 1.3175 352.3004 0.2060 0.2471 0.3019 -0.0150 -0.0680 -0.0666 0.3775 0.3677 0.3165
1494806400.0000 135750.0000 0.8093 -1.2798 0.2200 1.5948 327.6913 0.1963 0.4618 0.2775 -0.0579 0.0086 -0.1550 0.4678 0.3650 0.3093
1494806400.0000 136050.0000 -0.2123 -0.5302 0.2992 1.5145 21.8264 1.5784 1.0986 0.2666 -1.0769 -0.1006 -0.0067 1.4718 1.5363 1.6540
1494806400.0000 136350.0000 -1.2956 0.4327 0.0765 1.6851 108.4685 0.4827 0.8331 0.2374 0.0236 0.1159 -0.0575 0.7766 0.5260 0.4849
1494806400.0000 136650.0000 -1.7811 1.0923 -0.0389 2.2323 121.5183 0.8933 0.7720 0.2555 -0.3666 -0.0939 -0.1430 0.9604 0.3829 0.3566
1494806400.0000 136950.0000 -0.1331 0.1403 -0.4599 0.9071 136.5117 0.3236 0.5912 0.2303 -0.1404 0.0157 -0.1858 0.5725 1.2383 2.8555
1494806400.0000 137250.0000 -0.4252 0.5302 -0.1981 0.8640 141.2702 0.4283 0.1389 0.1449 -0.0620 -0.0908 -0.0020 0.3561 0.6882 0.6398
1494806400.0000 137550.0000 -0.1493 0.1775 -0.0370 0.5287 139.9301 0.2478 0.0970 0.1257 -0.0355 0.0221 -0.0394 0.2353 1.6861 1.4616
1494806400.0000 137850.0000 0.8017 -0.4404 -0.2422 1.0828 298.7790 0.4668 0.1780 0.1901 -0.1108 -0.0189 0.0094 0.4175 0.5576 0.5069
1494806400.0000 138150.0000 0.7006 -0.9906 -0.0182 1.3021 324.7305 0.2402 0.1946 0.2077 -0.0128 -0.0584 -0.0431 0.3212 0.3814 0.3138
1494806400.0000 138450.0000 -0.0308 -0.4487 0.1025 1.2395 3.9320 0.7377 0.9890 0.2265 -0.5282 0.1145 -0.1997 0.9766 1.7494 1.6870
1494806400.0000 138750.0000 -0.7498 0.8427 0.0921 1.2995 138.3403 0.2678 0.5854 0.2632 -0.0687 0.1183 -0.2513 0.5582 0.5390 0.4728
1494806400.0000 139050.0000 -0.8031 1.1108 0.0592 1.4775 144.1325 0.2316 0.2390 0.1464 0.0686 0.0287 -0.0895 0.3085 0.3306 0.2890
1494806400.0000 139350.0000 -1.3643 0.9663 0.2105 1.8224 125.3080 0.4880 0.4545 0.3434 0.0416 0.0977 -0.1430 0.6430 0.3885 0.3353
1494806400.0000 139650.0000 -0.6821 1.0243 0.1597 1.3595 146.3380 0.3155 0.1777 0.1389 0.0334 0.0062 -0.0666 0.3160 0.3699 0.3294
1494806400.0000 139950.0000 -0.5696 0.5371 -0.3093 0.9423 133.3224 0.0951 0.2600 0.0959 0.0439 0.0116 0.0005 0.2255 0.4606 0.4394
1494806400.0000 140250.0000 -0.0383 -0.4989 -0.0751 0.5592 4.3923 0.0475 0.0797 0.0945 -0.0057 0.0141 0.0169 0.1108 0.5373 0.4115
1494806400.0000 140550.0000 -0.2931 -0.2755 0.0081 0.4870 46.7741 0.0422 0.1118 0.0636 -0.0006 0.0173 0.0214 0.1088 0.6694 0.5633
1494806400.0000 140850.0000 -0.2783 -0.4861 0.0984 0.6252 29.7901 0.0493 0.0727 0.0848 -0.0166 -0.0223 0.0301 0.1034 0.4617 0.3601
1494806400.0000 141150.0000 -0.3415 0.0768 0.3303 0.9049 102.6775 0.4597 0.5726 0.1121 -0.3915 -0.0034 -0.0657 0.5722 1.2833 1.6761
1494806400.0000 141450.0000 -0.8697 0.4782 -0.0549 1.0981 118.8012 0.2637 0.3168 0.0688 -0.1606 -0.0282 0.0456 0.3247 0.4680 0.4432
1494806400.0000 141750.0000 -0.9483 -0.4333 0.2585 1.1304 65.4454 0.1610 0.2788 0.2129 0.0761 -0.0486 -0.0593 0.3263 0.4342 0.3672
1494806400.0000 142050.0000 -0.8372 -1.0177 0.3881 1.4101 39.4423 0.3071 0.1722 0.1543 -0.0056 0.0543 -0.0386 0.3168 0.3346 0.3033
1494806400.0000 142350.0000 -0.8560 -1.4356 0.1601 1.7319 30.8073 0.3113 0.2242 0.1718 0.0844 0.0001 0.0041 0.3537 0.2892 0.2528
1494806400.0000 142650.0000 -0.5037 -0.2976 0.1479 0.7250 59.4248 0.1946 0.1734 0.1643 0.0407 0.0424 -0.0277 0.2661 0.6979 0.5986
1494806400.0000 142950.0000 0.3027 -0.0619 -0.3516 0.5320 281.5504 0.2234 0.0612 0.0379 0.0255 0.0345 0.0126 0.1613 0.7005 0.9968
1494806400.0000 143250.0000 -0.2324 0.4449 0.0090 0.9265 152.4168 0.4703 0.2912 0.2056 -0.1991 0.0077 -0.1016 0.4836 1.1310 1.0038
1494806400.0000 143550.0000 0.0723 -0.1659 0.1620 0.7691 336.4519 0.2608 0.4373 0.2905 -0.0155 0.0297 -0.1860 0.4943 2.3635 2.6652
1494806400.0000 143850.0000 1.1790 -0.4543 -0.2570 1.5473 291.0737 0.3340 0.7683 0.1945 -0.1613 -0.0735 0.0135 0.6484 0.5099 0.4797
1494806400.0000 144150.0000 0.9651 -1.0286 -0.0175 1.6170 316.8249 0.5615 0.7037 0.2470 0.0531 -0.1795 -0.1603 0.7561 0.5033 0.4604
1494806400.0000 144450.0000 0.7488 -1.1953 -0.0955 1.4739 327.9331 0.3271 0.2736 0.1055 -0.1846 0.0222 -0.0077 0.3531 0.3432 0.3173
1494806400.0000 144750.0000 -0.4960 0.3020 0.0962 0.9990 121.3373 0.4765 0.5298 0.2860 -0.1212 -0.0742 -0.1043 0.6462 1.1150 0.9973
1494806400.0000 145050.0000 -1.3658 -1.5565 0.4350 2.0950 41.2665 0.2023 0.2816 0.2842 0.1534 -0.0089 -0.0331 0.3840 0.2391 0.1939
1494806400.0000 145350.0000 -0.5286 -1.2907 0.0727 1.4641 22.2720 0.2382 0.1242 0.1500 0.0332 -0.0481 -0.0091 0.2562 0.2959 0.2492
1494806400.0000 145650.0000 0.2158 -0.7751 -0.0845 0.9222 344.4429 0.1711 0.1438 0.0966 0.0504 0.0096 -0.0194 0.2058 0.4578 0.4027
1494806400.0000 145950.0000 0.2512 -1.1153 -0.0982 1.3472 347.3068 0.6097 0.3004 0.2179 -0.1533 0.1895 -0.0155 0.5640 0.5344 0.4818
1494806400.0000 146250.0000 0.9827 -0.0758 -0.4838 1.0274 274.4119 0.1100 0.0612 0.0320 0.0167 -0.0243 -0.0015 0.1016 0.2371 0.2424
1494806400.0000 146550.0000 0.8093 -0.7430 -0.0028 1.3281 312.5520 0.1355 1.0341 0.1107 -0.1441 -0.0175 -0.1304 0.6402 0.5946 0.5683
1494806400.0000 146850.0000 0.3778 -1.1731 0.1010 1.3001 342.1462 0.1986 0.2244 0.0995 -0.0510 0.0403 0.0008 0.2613 0.3375 0.3047
1494806400.0000 147150.0000 0.2302 0.1260 -0.2352 0.5531 241.3107 0.0899 0.2423 0.0426 0.0924 0.0184 -0.0100 0.1874 1.0030 1.2683
1494806400.0000 147450.0000 0.1883 0.2805 -0.1888 0.5301 213.8803 0.0626 0.1540 0.0477 -0.0572 -0.0096 0.0207 0.1322 0.7669 0.7953
1494806400.0000 147750.0000 0.3433 0.0037 0.0191 0.3963 269.3873 0.0584 0.0351 0.0562 -0.0079 -0.0311 -0.0001 0.0748 0.6496 0.5142
1494806400.0000 148050.0000 0.8650 -1.1847 0.1308 1.5476 323.8645 0.3449 0.9936 0.0736 -0.4330 0.0025 -0.0355 0.7061 0.4659 0.4554
1494806400.0000 148350.0000 0.9693 -1.5906 -0.0082 1.9208 328.6424 0.0937 0.4529 0.1520 0.0124 0.0280 -0.0802 0.3493 0.2591 0.2292
1494806400.0000 148650.0000 0.3920 -0.5868 -0.2954 0.8130 326.2553 0.1737 0.0912 0.0227 -0.0204 -0.0006 -0.0098 0.1438 0.4047 0.4211
1494806400.0000 148950.0000 -0.1715 -0.5152 0.2396 0.6380 18.4099 0.1049 0.2590 0.0688 0.0891 -0.0350 -0.0391 0.2163 0.6398 0.6414
1494806400.0000 149250.0000 0.8136 -1.3957 0.1314 1.6773 329.7614 0.2907 0.1724 0.0846 -0.1211 -0.0794 0.0291 0.2739 0.2636 0.2432
1494806400.0000 149550.0000 1.1001 -2.0369 0.1192 2.3750 331.6278 0.2607 0.2785 0.1168 0.0137 -0.0440 -0.0539 0.3280 0.2017 0.1831
1494806400.0000 149850.0000 0.7880 -1.4217 0.0960 1.6578 331.0011 0.1424 0.1755 0.0893 -0.0626 -0.0094 -0.0015 0.2036 0.2263 0.2003
1494806400.0000 150150.0000 0.6447 -1.3883 0.1113 1.5781 335.0918 0.0911 0.3757 0.1256 0.0279 0.0190 -0.0730 0.2962 0.2895 0.2577
1494806400.0000 150450.0000 0.0245 -1.9777 0.4616 2.0619 359.2896 0.3153 0.1368 0.0850 -0.0574 -0.0764 0.0125 0.2686 0.2083 0.1963
1494806400.0000 150750.0000 -0.1102 -1.3683 0.3244 1.4217 4.6054 0.1298 0.3435 0.1051 0.0003 -0.0351 0.0075 0.2892 0.3113 0.2893
1494806400.0000 151050.0000 -0.3271 -1.3071 0.4402 1.4017 14.0509 0.1651 0.1277 0.1089 0.0704 -0.0466 -0.0293 0.2009 0.2582 0.2319
