1494720000.0000 150.0000 0.3930 0.4586 -0.3601 0.6339 220.5941 0.0300 0.0222 0.0124 -0.0080 -0.0109 -0.0039 0.0323 0.2087 0.2183
1494720000.0000 450.0000 0.5220 0.1639 -0.2935 0.5563 252.5670 0.0086 0.0107 0.0092 0.0004 -0.0049 -0.0032 0.0143 0.1572 0.1468
1494720000.0000 750.0000 0.5270 0.0711 -0.2689 0.5431 262.3196 0.0133 0.0122 0.0171 0.0040 -0.0093 -0.0057 0.0213 0.2002 0.1735
1494720000.0000 1050.0000 0.6005 0.0893 -0.3076 0.6157 261.5395 0.0110 0.0107 0.0155 0.0026 -0.0069 -0.0052 0.0186 0.1638 0.1402
1494720000.0000 1350.0000 0.5202 0.0657 -0.2593 0.5362 262.7965 0.0197 0.0125 0.0218 0.0049 -0.0141 -0.0061 0.0270 0.2295 0.1976
1494720000.0000 1650.0000 0.3471 0.2045 -0.2439 0.4505 239.4873 0.0243 0.0380 0.0227 -0.0022 -0.0111 -0.0182 0.0425 0.3573 0.3577
1494720000.0000 1950.0000 0.3235 0.1488 -0.1967 0.4486 245.3056 0.0202 0.0941 0.0348 0.0070 -0.0120 -0.0391 0.0746 0.5481 0.5482
1494720000.0000 2250.0000 0.2053 0.2232 -0.1895 0.3247 222.6180 0.0057 0.0114 0.0036 -0.0038 -0.0016 -0.0017 0.0103 0.2322 0.2489
1494720000.0000 2550.0000 0.2135 0.1395 -0.1670 0.2949 236.8503 0.0187 0.0105 0.0060 -0.0042 -0.0064 -0.0023 0.0176 0.3553 0.3867
1494720000.0000 2850.0000 0.3243 0.0999 -0.1828 0.3481 252.8731 0.0068 0.0058 0.0064 -0.0003 -0.0037 -0.0018 0.0095 0.2067 0.1912
1494720000.0000 3150.0000 0.3799 0.1099 -0.2210 0.4050 253.8712 0.0079 0.0085 0.0085 0.0011 -0.0051 -0.0036 0.0125 0.2011 0.1870
1494720000.0000 3450.0000 0.3040 0.1011 -0.1625 0.3414 251.5989 0.0086 0.0154 0.0104 0.0004 -0.0056 -0.0060 0.0172 0.2979 0.2791
1494720000.0000 3750.0000 0.3002 0.1555 -0.1835 0.3553 242.6176 0.0124 0.0136 0.0118 0.0026 -0.0079 -0.0072 0.0189 0.2917 0.2752
1494720000.0000 4050.0000 0.3245 0.0833 -0.1735 0.3486 255.5991 0.0097 0.0111 0.0123 0.0042 -0.0078 -0.0070 0.0166 0.2785 0.2486
1494720000.0000 4350.0000 0.2837 0.0623 -0.1541 0.3028 257.6193 0.0085 0.0072 0.0088 0.0013 -0.0055 -0.0033 0.0123 0.2750 0.2493
1494720000.0000 4650.0000 0.2579 0.0347 -0.1208 0.2726 262.3404 0.0130 0.0064 0.0101 0.0028 -0.0085 -0.0033 0.0148 0.3461 0.3093
1494720000.0000 4950.0000 0.2417 0.0435 -0.0613 0.2784 259.7978 0.0131 0.0165 0.0154 -0.0028 -0.0013 -0.0107 0.0225 0.4836 0.4040
1494720000.0000 5250.0000 0.1632 0.0967 -0.1056 0.2155 239.3531 0.0062 0.0093 0.0056 -0.0011 -0.0019 -0.0042 0.0105 0.3862 0.3788
1494720000.0000 5550.0000 0.1920 0.0086 -0.0552 0.2032 267.4237 0.0048 0.0044 0.0067 0.0007 -0.0038 -0.0021 0.0080 0.3645 0.2881
1494720000.0000 5850.0000 0.1562 0.0491 -0.0672 0.1828 252.5382 0.0086 0.0070 0.0079 0.0050 -0.0065 -0.0055 0.0118 0.5004 0.4407
1494720000.0000 6150.0000 0.1828 0.1438 -0.1551 0.2488 231.8223 0.0059 0.0065 0.0051 -0.0003 -0.0022 -0.0036 0.0088 0.2737 0.2767
1494720000.0000 6450.0000 0.2807 0.0922 -0.1636 0.3221 251.8093 0.0105 0.0159 0.0090 -0.0008 -0.0046 -0.0064 0.0177 0.3217 0.3177
1494720000.0000 6750.0000 0.3202 0.1114 -0.1838 0.3477 250.8202 0.0096 0.0072 0.0084 0.0028 -0.0066 -0.0038 0.0126 0.2379 0.2208
1494720000.0000 7050.0000 0.3071 0.1582 -0.2106 0.3696 242.7365 0.0195 0.0095 0.0076 -0.0026 -0.0069 -0.0033 0.0183 0.2727 0.2841
1494720000.0000 7350.0000 0.4016 0.1444 -0.2576 0.4367 250.2211 0.0054 0.0107 0.0070 0.0034 -0.0035 -0.0054 0.0116 0.1764 0.1720
1494720000.0000 7650.0000 0.3953 0.1388 -0.2404 0.4291 250.6496 0.0074 0.0103 0.0122 0.0029 -0.0056 -0.0072 0.0150 0.2069 0.1836
1494720000.0000 7950.0000 0.2792 0.0935 -0.1562 0.3104 251.4897 0.0075 0.0089 0.0084 -0.0013 -0.0039 -0.0034 0.0124 0.2729 0.2513
1494720000.0000 8250.0000 0.1235 0.2112 -0.1525 0.2804 210.3175 0.0207 0.0082 0.0134 0.0065 -0.0143 -0.0072 0.0211 0.4119 0.4009
1494720000.0000 8550.0000 0.2609 0.0741 -0.1418 0.2845 254.1384 0.0113 0.0072 0.0084 0.0028 -0.0068 -0.0050 0.0134 0.3094 0.2896
1494720000.0000 8850.0000 0.2957 0.1349 -0.2009 0.3341 245.4744 0.0070 0.0051 0.0039 -0.0006 -0.0022 -0.0021 0.0080 0.1911 0.1952
1494720000.0000 9150.0000 0.2737 0.1291 -0.2022 0.3443 244.7393 0.0191 0.0265 0.0154 0.0101 -0.0122 -0.0168 0.0304 0.3914 0.4070
1494720000.0000 9450.0000 0.2276 0.0355 -0.1325 0.3071 261.1451 0.0350 0.0172 0.0165 0.0107 -0.0181 -0.0116 0.0343 0.5694 0.5727
1494720000.0000 9750.0000 0.1432 0.0844 -0.1165 0.2110 239.4797 0.0138 0.0129 0.0099 0.0048 -0.0079 -0.0085 0.0183 0.5441 0.5676
1494720000.0000 10050.0000 0.1258 0.1110 -0.1088 0.1873 228.5639 0.0067 0.0054 0.0038 -0.0011 -0.0032 -0.0019 0.0080 0.3643 0.3784
1494720000.0000 10350.0000 -0.0050 0.0230 -0.0005 0.1346 167.6702 0.0121 0.0093 0.0095 0.0065 -0.0094 -0.0067 0.0154 4.3051 3.5844
1494720000.0000 10650.0000 0.0416 0.0188 -0.0133 0.1558 245.7259 0.0105 0.0162 0.0060 -0.0020 -0.0038 -0.0034 0.0164 2.1967 2.0669
1494720000.0000 10950.0000 -0.0632 -0.0416 0.0369 0.1520 56.6832 0.0069 0.0196 0.0064 0.0051 -0.0037 -0.0059 0.0164 1.2424 1.2411
1494720000.0000 11250.0000 -0.0484 0.0938 -0.0222 0.2088 152.7003 0.0246 0.0142 0.0107 0.0050 -0.0133 -0.0059 0.0248 1.1917 1.0777
1494720000.0000 11550.0000 -0.0618 0.0583 0.0230 0.1381 133.3456 0.0088 0.0075 0.0071 0.0049 -0.0052 -0.0056 0.0117 1.0032 0.8662
1494720000.0000 11850.0000 -0.0628 -0.0010 0.0410 0.1121 89.0506 0.0062 0.0056 0.0020 -0.0007 -0.0014 -0.0014 0.0069 0.9046 0.9998
1494720000.0000 12150.0000 -0.0560 0.0036 0.0492 0.1076 93.6484 0.0051 0.0067 0.0026 0.0031 -0.0016 -0.0031 0.0072 0.9307 1.1195
1494720000.0000 12450.0000 -0.1022 0.0248 0.0602 0.1582 103.6592 0.0059 0.0157 0.0064 0.0013 -0.0010 -0.0069 0.0140 0.7973 0.8067
1494720000.0000 12750.0000 -0.1304 0.0540 0.0420 0.1752 112.4788 0.0063 0.0116 0.0066 0.0032 -0.0032 -0.0067 0.0123 0.6143 0.5474
1494720000.0000 13050.0000 -0.1240 0.1268 0.0195 0.2487 135.6541 0.0129 0.0279 0.0132 0.0053 -0.0063 -0.0159 0.0270 0.7524 0.6577
1494720000.0000 13350.0000 -0.0769 0.1328 -0.0063 0.1909 149.9253 0.0097 0.0129 0.0034 -0.0050 -0.0015 -0.0031 0.0130 0.6056 0.5651
1494720000.0000 13650.0000 -0.1307 0.0278 0.0434 0.1670 102.0090 0.0089 0.0092 0.0030 -0.0056 -0.0033 0.0017 0.0106 0.5970 0.5814
1494720000.0000 13950.0000 -0.0866 -0.0824 0.0642 0.1806 46.4262 0.0092 0.0147 0.0031 -0.0039 -0.0027 0.0002 0.0135 0.6992 0.7466
1494720000.0000 14250.0000 -0.1209 0.0678 0.0291 0.1663 119.2693 0.0046 0.0065 0.0028 0.0011 -0.0013 -0.0024 0.0069 0.4798 0.4389
1494720000.0000 14550.0000 0.0203 0.1170 -0.0416 0.1419 189.8562 0.0020 0.0079 0.0048 0.0015 -0.0012 -0.0044 0.0073 0.5550 0.4828
1494720000.0000 14850.0000 0.0882 -0.0046 -0.0194 0.1459 272.9821 0.0146 0.0043 0.0076 0.0052 -0.0088 -0.0037 0.0132 1.0387 0.8980
1494720000.0000 15150.0000 0.1329 0.1366 -0.1202 0.2129 224.1982 0.0070 0.0067 0.0056 -0.0016 -0.0037 -0.0028 0.0096 0.3556 0.3538
1494720000.0000 15450.0000 0.1517 0.0543 -0.0793 0.1812 250.3184 0.0044 0.0092 0.0070 0.0023 -0.0038 -0.0062 0.0103 0.4608 0.4178
1494720000.0000 15750.0000 0.0586 -0.0681 0.0037 0.1424 319.2895 0.0124 0.0042 0.0061 0.0027 -0.0062 -0.0016 0.0114 0.9669 0.8274
1494720000.0000 16050.0000 0.1229 0.0506 -0.0785 0.2059 247.6432 0.0080 0.0224 0.0096 0.0003 -0.0037 -0.0111 0.0200 0.7474 0.7572
1494720000.0000 16350.0000 -0.0067 -0.0712 0.0437 0.1031 5.3515 0.0049 0.0082 0.0021 -0.0033 -0.0014 0.0009 0.0076 0.8498 0.9237
1494720000.0000 16650.0000 -0.1836 0.0836 0.0517 0.2312 114.4919 0.0041 0.0123 0.0027 0.0005 -0.0012 -0.0035 0.0095 0.3829 0.3659
1494720000.0000 16950.0000 -0.1834 0.0609 0.0583 0.2484 108.3606 0.0115 0.0294 0.0031 -0.0141 0.0004 -0.0014 0.0220 0.5997 0.6041
1494720000.0000 17250.0000 -0.1502 -0.0313 0.1216 0.1751 78.2163 0.0083 0.0050 0.0085 0.0003 -0.0039 -0.0001 0.0109 0.4350 0.4337
1494720000.0000 17550.0000 -0.1442 -0.0130 0.0960 0.1854 84.8450 0.0185 0.0082 0.0057 -0.0025 -0.0058 -0.0003 0.0162 0.5984 0.6513
1494720000.0000 17850.0000 0.0144 -0.1183 0.0367 0.2044 353.0460 0.0244 0.0116 0.0061 -0.0035 -0.0073 0.0006 0.0211 0.9505 0.9192
1494720000.0000 18150.0000 -0.1582 -0.0039 0.0957 0.1715 88.6033 0.0044 0.0049 0.0025 0.0001 0.0002 -0.0007 0.0059 0.3401 0.3521
1494720000.0000 18450.0000 0.0702 -0.0812 0.0072 0.1270 319.1519 0.0033 0.0038 0.0039 -0.0003 0.0001 -0.0016 0.0055 0.5642 0.4547
1494720000.0000 18750.0000 -0.0002 -0.0223 0.0128 0.1193 0.5653 0.0046 0.0125 0.0079 -0.0003 0.0000 -0.0069 0.0125 3.5407 3.3729
1494720000.0000 19050.0000 0.1078 0.0202 -0.0412 0.1196 259.4040 0.0013 0.0022 0.0034 -0.0002 -0.0009 -0.0011 0.0034 0.4093 0.3132
1494720000.0000 19350.0000 -0.1002 -0.0094 0.0842 0.1837 84.6217 0.0243 0.0122 0.0088 0.0121 -0.0107 -0.0064 0.0226 0.9358 1.0954
1494720000.0000 19650.0000 -0.2154 -0.0385 0.1054 0.2464 79.8621 0.0110 0.0121 0.0053 -0.0024 -0.0005 0.0003 0.0142 0.4004 0.4011
1494720000.0000 19950.0000 -0.0920 -0.1376 0.0723 0.1998 33.7608 0.0111 0.0092 0.0053 0.0005 -0.0033 -0.0025 0.0128 0.5110 0.4968
1494720000.0000 20250.0000 0.0764 -0.0111 -0.0290 0.1438 278.2717 0.0057 0.0120 0.0062 -0.0017 -0.0015 0.0027 0.0119 1.0819 0.9948
1494720000.0000 20550.0000 -0.1357 0.0156 0.0776 0.1691 96.5766 0.0108 0.0067 0.0084 0.0045 -0.0055 -0.0052 0.0130 0.5919 0.5596
1494720000.0000 20850.0000 -0.0048 -0.1737 0.0598 0.2070 1.5877 0.0117 0.0096 0.0055 -0.0024 -0.0022 0.0016 0.0134 0.5150 0.4852
1494720000.0000 21150.0000 -0.1421 -0.1596 0.1232 0.2305 41.6786 0.0091 0.0055 0.0020 0.0006 -0.0011 0.0002 0.0083 0.3008 0.3258
1494720000.0000 21450.0000 -0.0519 -0.0819 0.0095 0.1991 32.3529 0.0218 0.0204 0.0088 -0.0023 -0.0077 -0.0047 0.0255 1.3379 1.2232
1494720000.0000 21750.0000 -0.0525 0.0265 0.0421 0.1695 116.7809 0.0106 0.0213 0.0076 0.0040 -0.0055 -0.0076 0.0198 1.5895 1.7565
1494720000.0000 22050.0000 -0.1271 -0.0302 0.1073 0.1589 76.6404 0.0110 0.0045 0.0054 0.0001 -0.0002 -0.0011 0.0105 0.4951 0.5516
1494720000.0000 22350.0000 -0.0206 -0.1239 0.0406 0.2637 9.4537 0.0229 0.0460 0.0146 -0.0043 -0.0094 -0.0067 0.0418 1.2638 1.2062
1494720000.0000 22650.0000 0.0413 -0.0021 -0.0362 0.2020 272.9133 0.0271 0.0247 0.0156 -0.0140 -0.0053 -0.0079 0.0337 2.7271 3.1745
1494720000.0000 22950.0000 -0.0276 -0.0543 0.0265 0.2096 26.9864 0.0273 0.0280 0.0201 0.0039 -0.0105 -0.0132 0.0377 2.3883 2.2299
1494720000.0000 23250.0000 -0.0882 -0.2119 0.0922 0.2640 22.6109 0.0158 0.0163 0.0072 -0.0007 -0.0038 0.0002 0.0197 0.4631 0.4511
1494720000.0000 23550.0000 -0.1563 -0.1427 0.0627 0.2676 47.6147 0.0259 0.0134 0.0163 0.0093 -0.0147 -0.0057 0.0278 0.6165 0.5406
1494720000.0000 23850.0000 -0.1942 -0.1216 0.0934 0.2908 57.9470 0.0387 0.0243 0.0228 0.0113 -0.0207 -0.0043 0.0430 0.6839 0.6328
1494720000.0000 24150.0000 -0.1329 -0.1889 0.0806 0.3079 35.1284 0.0228 0.0416 0.0169 -0.0109 -0.0043 0.0077 0.0406 0.6727 0.6341
1494720000.0000 24450.0000 -0.1107 -0.2219 0.1002 0.2840 26.5154 0.0134 0.0278 0.0101 0.0003 -0.0034 0.0017 0.0256 0.4887 0.4723
1494720000.0000 24750.0000 -0.1404 -0.1251 0.1040 0.2465 48.2795 0.0190 0.0192 0.0070 -0.0038 -0.0031 0.0029 0.0226 0.5714 0.6005
1494720000.0000 25050.0000 -0.2194 -0.0042 0.1288 0.2440 88.9016 0.0143 0.0103 0.0081 -0.0037 -0.0028 0.0007 0.0164 0.4104 0.4128
1494720000.0000 25350.0000 -0.1557 -0.1577 0.1412 0.2645 44.6290 0.0187 0.0177 0.0069 -0.0004 0.0020 0.0032 0.0217 0.4576 0.4974
1494720000.0000 25650.0000 -0.0667 -0.2371 0.0884 0.2887 15.7186 0.0194 0.0164 0.0067 -0.0048 -0.0026 0.0023 0.0212 0.4546 0.4435
1494720000.0000 25950.0000 -0.2288 0.0237 0.1207 0.2996 95.9075 0.0232 0.0307 0.0101 -0.0143 -0.0053 0.0053 0.0320 0.5624 0.5828
1494720000.0000 26250.0000 -0.1551 -0.2174 0.1308 0.3296 35.5022 0.0350 0.0223 0.0116 -0.0062 -0.0096 0.0045 0.0344 0.5095 0.5174
1494720000.0000 26550.0000 -0.1772 -0.2890 0.1325 0.3732 31.5147 0.0211 0.0298 0.0124 -0.0032 -0.0042 0.0030 0.0316 0.3991 0.3845
1494720000.0000 26850.0000 -0.0669 -0.3582 0.0894 0.3867 10.5777 0.0169 0.0183 0.0080 0.0026 -0.0021 0.0015 0.0216 0.3200 0.2972
1494720000.0000 27150.0000 -0.1334 -0.2103 0.1089 0.2871 32.3852 0.0204 0.0199 0.0133 0.0029 0.0016 -0.0005 0.0268 0.4918 0.4656
1494720000.0000 27450.0000 -0.1099 -0.2095 0.0980 0.2602 27.6797 0.0106 0.0102 0.0055 -0.0018 -0.0014 0.0005 0.0132 0.3657 0.3519
1494720000.0000 27750.0000 -0.0790 -0.1228 0.1065 0.2066 32.7475 0.0146 0.0168 0.0048 -0.0071 -0.0019 0.0038 0.0181 0.6076 0.7001
1494720000.0000 28050.0000 -0.1718 -0.1940 0.1231 0.2861 41.5304 0.0114 0.0200 0.0069 0.0017 -0.0022 0.0001 0.0192 0.3939 0.3947
1494720000.0000 28350.0000 -0.1555 -0.2710 0.1335 0.3564 29.8482 0.0282 0.0166 0.0135 -0.0012 -0.0092 0.0026 0.0292 0.4103 0.3914
1494720000.0000 28650.0000 -0.1953 -0.1213 0.1687 0.3022 58.1634 0.0202 0.0349 0.0076 -0.0060 -0.0012 0.0011 0.0313 0.5067 0.5890
1494720000.0000 28950.0000 -0.1102 -0.2463 0.0720 0.3375 24.1042 0.0319 0.0294 0.0100 -0.0062 -0.0012 0.0058 0.0357 0.5522 0.5298
1494720000.0000 29250.0000 0.0621 -0.3086 0.0525 0.3453 348.6148 0.0143 0.0193 0.0074 -0.0031 -0.0003 -0.0010 0.0205 0.3662 0.3361
1494720000.0000 29550.0000 -0.0626 -0.2414 0.1064 0.2835 14.5423 0.0185 0.0162 0.0078 0.0040 -0.0031 -0.0005 0.0212 0.4389 0.4313
1494720000.0000 29850.0000 -0.1731 -0.0982 0.1238 0.2375 60.4411 0.0158 0.0157 0.0107 0.0031 -0.0057 -0.0024 0.0211 0.5058 0.5147
1494720000.0000 30150.0000 -0.2742 -0.2003 0.1803 0.4182 53.8572 0.0446 0.0590 0.0117 -0.0153 -0.0046 0.0008 0.0577 0.5101 0.5475
1494720000.0000 30450.0000 -0.1658 -0.2378 0.0831 0.4384 34.8846 0.0471 0.1020 0.0291 -0.0366 -0.0078 0.0095 0.0891 0.8081 0.7689
1494720000.0000 30750.0000 -0.1743 -0.1737 0.1155 0.3739 45.1022 0.0338 0.0794 0.0288 0.0029 -0.0068 -0.0177 0.0710 0.8001 0.7892
1494720000.0000 31050.0000 -0.2090 -0.1894 0.1185 0.3848 47.8271 0.0510 0.0531 0.0173 -0.0249 -0.0149 0.0086 0.0607 0.6575 0.6603
1494720000.0000 31350.0000 -0.1550 -0.2662 0.1573 0.4154 30.2183 0.0614 0.0489 0.0180 -0.0226 -0.0108 0.0038 0.0642 0.5981 0.6227
1494720000.0000 31650.0000 -0.1205 -0.1896 0.1043 0.3833 32.4471 0.0732 0.0748 0.0272 0.0121 -0.0204 -0.0164 0.0876 0.9756 0.9884
1494720000.0000 31950.0000 -0.1928 -0.0959 0.1197 0.3365 63.5499 0.0284 0.0727 0.0149 -0.0084 -0.0032 -0.0031 0.0580 0.7983 0.8526
1494720000.0000 32250.0000 -0.1368 -0.3370 0.1064 0.4512 22.0858 0.0392 0.0621 0.0116 -0.0183 -0.0036 0.0011 0.0564 0.5119 0.5052
1494720000.0000 32550.0000 -0.1878 -0.1360 0.1990 0.3394 54.0972 0.0375 0.0590 0.0124 0.0173 -0.0040 -0.0074 0.0544 0.6234 0.7735
1494720000.0000 32850.0000 -0.2044 -0.3184 0.1711 0.4757 32.7057 0.0476 0.0740 0.0214 -0.0172 -0.0122 0.0077 0.0715 0.5256 0.5319
1494720000.0000 33150.0000 -0.2339 -0.0669 0.1556 0.2773 74.0459 0.0278 0.0162 0.0180 0.0034 -0.0089 -0.0005 0.0310 0.4975 0.4975
1494720000.0000 33450.0000 -0.1375 -0.1687 0.0936 0.3484 39.1769 0.0457 0.0602 0.0140 -0.0286 -0.0123 0.0020 0.0600 0.8439 0.8634
1494720000.0000 33750.0000 -0.1611 -0.1551 0.0770 0.3794 46.0922 0.0198 0.1159 0.0107 -0.0188 -0.0030 -0.0021 0.0732 0.9341 0.9510
1494720000.0000 34050.0000 -0.1398 -0.0954 0.0929 0.2378 55.6836 0.0296 0.0209 0.0183 0.0093 -0.0088 -0.0073 0.0344 0.7844 0.7663
1494720000.0000 34350.0000 -0.1113 -0.3136 0.1384 0.3972 19.5494 0.0285 0.0616 0.0117 -0.0083 -0.0063 0.0005 0.0509 0.5112 0.5208
1494720000.0000 34650.0000 -0.1294 -0.2812 0.1299 0.3998 24.7019 0.0399 0.0590 0.0110 -0.0188 -0.0058 -0.0014 0.0549 0.5699 0.5863
1494720000.0000 34950.0000 -0.2689 -0.0878 0.1269 0.4257 71.9145 0.0513 0.0988 0.0185 -0.0381 -0.0093 0.0151 0.0843 0.7646 0.7906
1494720000.0000 35250.0000 -0.2775 0.0583 0.1302 0.3556 101.8722 0.0360 0.0421 0.0165 -0.0110 -0.0052 -0.0045 0.0473 0.5690 0.5690
1494720000.0000 35550.0000 -0.1194 -0.1862 0.0261 0.3522 32.6804 0.0639 0.0637 0.0386 0.0249 -0.0302 -0.0106 0.0831 1.0567 0.9324
1494720000.0000 35850.0000 -0.2180 -0.2039 0.1364 0.3838 46.9178 0.0381 0.0605 0.0246 -0.0086 -0.0039 0.0111 0.0617 0.6177 0.6076
1494720000.0000 36150.0000 -0.2117 -0.1440 0.1709 0.3840 55.7700 0.0672 0.0764 0.0305 0.0035 -0.0177 0.0078 0.0870 0.7824 0.8542
1494720000.0000 36450.0000 -0.1980 -0.0946 0.1035 0.4034 64.4706 0.0605 0.1023 0.0423 -0.0078 -0.0207 -0.0175 0.1026 1.0776 1.0615
1494720000.0000 36750.0000 -0.3168 -0.2227 0.2256 0.4826 54.8962 0.0800 0.0562 0.0474 -0.0226 -0.0147 0.0143 0.0918 0.5520 0.5502
1494720000.0000 37050.0000 -0.2944 -0.3891 0.2583 0.5926 37.1090 0.0741 0.1191 0.0493 -0.0016 -0.0045 -0.0132 0.1212 0.5150 0.5200
1494720000.0000 37350.0000 -0.2864 -0.0939 0.1730 0.5266 71.8428 0.1162 0.1572 0.0683 -0.0019 -0.0361 -0.0188 0.1708 0.9710 1.0013
1494720000.0000 37650.0000 -0.2464 -0.6844 0.2512 0.8152 19.8003 0.1237 0.1613 0.0422 0.0097 -0.0226 -0.0063 0.1636 0.4292 0.4237
1494720000.0000 37950.0000 -0.1545 -0.6285 0.1512 0.7385 13.8067 0.1053 0.1638 0.0584 0.0095 -0.0188 -0.0036 0.1638 0.4971 0.4627
1494720000.0000 38250.0000 -0.2362 0.1830 0.0198 0.5137 127.7658 0.0939 0.1339 0.0732 0.0058 -0.0365 -0.0547 0.1505 1.0579 0.9223
1494720000.0000 38550.0000 -0.0843 -0.1148 0.1063 0.2970 36.2885 0.0579 0.0316 0.0217 -0.0051 -0.0155 0.0048 0.0556 1.0832 1.2124
1494720000.0000 38850.0000 -0.1537 -0.3585 0.1146 0.4650 23.2080 0.0370 0.0949 0.0308 -0.0161 -0.0044 0.0077 0.0813 0.5728 0.5376
1494720000.0000 39150.0000 -0.1789 -0.5598 0.1598 0.6769 17.7197 0.1111 0.1662 0.0544 0.0473 -0.0481 -0.0445 0.1659 0.5460 0.5174
1494720000.0000 39450.0000 -0.3054 -0.4796 0.1893 0.6765 32.4898 0.0916 0.1213 0.0552 -0.0213 -0.0233 0.0137 0.1340 0.4989 0.4686
1494720000.0000 39750.0000 -0.4280 -0.2604 0.2769 0.6444 58.6794 0.0832 0.1725 0.0476 -0.0409 -0.0138 0.0093 0.1516 0.5554 0.5827
1494720000.0000 40050.0000 -0.2764 -0.3128 0.1950 0.5370 41.4638 0.1107 0.0871 0.0627 0.0007 -0.0445 0.0059 0.1303 0.6397 0.6152
1494720000.0000 40350.0000 -0.1255 -0.3807 0.1331 0.5984 18.2516 0.1069 0.2244 0.0501 0.0380 -0.0306 -0.0317 0.1907 0.8442 0.8290
1494720000.0000 40650.0000 -0.2199 -0.1432 0.1733 0.4823 56.9326 0.1031 0.1408 0.0707 0.0268 -0.0173 -0.0431 0.1573 1.0296 1.0864
1494720000.0000 40950.0000 -0.0749 -0.1968 0.0613 0.4950 20.8447 0.1145 0.1485 0.0699 0.0355 -0.0358 -0.0351 0.1665 1.5191 1.4063
1494720000.0000 41250.0000 0.1289 -0.0371 0.0173 0.3542 286.0367 0.0887 0.0521 0.0388 -0.0169 -0.0248 -0.0115 0.0898 1.8089 1.6147
1494720000.0000 41550.0000 -0.2108 -0.4737 0.2115 0.6688 23.9938 0.0857 0.1578 0.0240 -0.0632 -0.0095 0.0090 0.1338 0.5333 0.5495
1494720000.0000 41850.0000 0.0535 -0.5086 0.0619 0.5689 353.9905 0.0659 0.0534 0.0250 -0.0002 -0.0119 -0.0022 0.0721 0.4257 0.3899
1494720000.0000 42150.0000 0.0174 -0.3604 0.0698 0.4519 357.2380 0.0593 0.0505 0.0218 -0.0189 -0.0146 0.0007 0.0658 0.5698 0.5301
1494720000.0000 42450.0000 -0.0805 -0.4156 0.0572 0.4974 10.9568 0.0495 0.0819 0.0338 -0.0096 -0.0149 -0.0136 0.0826 0.5494 0.4945
1494720000.0000 42750.0000 -0.1658 -0.4984 0.1739 0.6884 18.3957 0.1374 0.1917 0.0277 -0.0810 -0.0112 0.0033 0.1784 0.6233 0.6306
1494720000.0000 43050.0000 -0.1959 -0.2254 0.1057 0.6116 41.0001 0.1959 0.2009 0.0732 -0.0998 -0.0329 -0.0044 0.2351 1.2496 1.2179
1494720000.0000 43350.0000 0.0127 -0.3540 0.0179 0.5700 357.9422 0.0815 0.2062 0.0569 -0.0157 -0.0107 0.0034 0.1723 0.9557 0.8744
1494720000.0000 43650.0000 -0.1970 -0.2004 0.0748 0.4858 44.5141 0.0845 0.1430 0.0512 -0.0088 -0.0284 0.0023 0.1394 1.0481 0.9799
1494720000.0000 43950.0000 -0.2040 -0.3983 0.1668 0.5699 27.1243 0.0782 0.1346 0.0538 -0.0308 -0.0157 0.0113 0.1333 0.6241 0.5951
1494720000.0000 44250.0000 -0.1885 -0.3938 0.1659 0.5212 25.5834 0.0684 0.1149 0.0458 0.0045 -0.0100 -0.0148 0.1146 0.5918 0.5663
1494720000.0000 44550.0000 0.0362 -0.4345 0.0730 0.5053 355.2431 0.0651 0.0863 0.0311 -0.0078 0.0007 -0.0014 0.0912 0.5579 0.5153
1494720000.0000 44850.0000 -0.0463 -0.3479 0.1124 0.4968 7.5868 0.1117 0.0742 0.0499 -0.0136 -0.0419 0.0096 0.1179 0.7608 0.7092
1494720000.0000 45150.0000 0.1229 -0.2602 0.0316 0.6158 334.7101 0.2273 0.1596 0.0854 0.0484 -0.0976 -0.0416 0.2362 1.3706 1.2479
1494720000.0000 45450.0000 0.2907 -0.1421 -0.0788 0.9017 296.0466 0.3027 0.5847 0.1426 -0.1302 -0.0564 -0.1053 0.5150 1.7591 1.6806
1494720000.0000 45750.0000 -0.3172 -0.1073 0.1560 0.6915 71.3093 0.2215 0.3554 0.1156 -0.1042 -0.0567 -0.0053 0.3463 1.3005 1.3095
1494720000.0000 46050.0000 -0.0743 -0.2213 0.0244 0.5672 18.5573 0.1587 0.1977 0.0925 -0.0076 -0.0627 -0.0384 0.2245 1.6484 1.4769
1494720000.0000 46350.0000 -0.0186 -0.3084 0.0527 0.4140 3.4456 0.0768 0.0488 0.0261 -0.0025 -0.0092 0.0050 0.0758 0.7175 0.6623
1494720000.0000 46650.0000 0.2847 -0.4565 -0.0231 0.5960 328.0431 0.0613 0.0417 0.0289 0.0039 -0.0162 -0.0049 0.0659 0.3894 0.3444
1494720000.0000 46950.0000 -0.0672 -0.2950 0.0131 0.3865 12.8406 0.0497 0.0301 0.0508 0.0115 -0.0129 0.0002 0.0653 0.6890 0.5391
1494720000.0000 47250.0000 -0.0533 0.0919 -0.0395 0.4855 149.8802 0.1165 0.1852 0.0974 0.0157 -0.0505 -0.0628 0.1996 3.2185 2.9853
1494720000.0000 47550.0000 -0.2610 -0.1392 0.1326 0.5134 61.9345 0.1581 0.1547 0.0436 -0.0556 -0.0393 -0.0068 0.1782 1.0632 1.0915
1494720000.0000 47850.0000 0.0208 0.0852 -0.0555 0.3423 193.6990 0.0803 0.0580 0.0542 -0.0026 -0.0141 -0.0285 0.0963 2.4422 2.4494
1494720000.0000 48150.0000 0.0307 0.2293 -0.0563 0.5312 187.6363 0.2093 0.1300 0.0873 -0.0544 -0.0740 -0.0300 0.2133 1.5835 1.4533
1494720000.0000 48450.0000 -0.4321 -0.0539 0.2589 0.4757 82.8929 0.0528 0.0290 0.0263 -0.0102 -0.0095 0.0020 0.0540 0.3745 0.3791
1494720000.0000 48750.0000 -0.4592 -0.4522 0.3482 0.8115 45.4387 0.1378 0.3017 0.0807 0.0013 -0.0408 -0.0193 0.2601 0.5685 0.5940
1494720000.0000 49050.0000 -0.2003 -0.1939 0.1669 0.5036 45.9219 0.1126 0.1319 0.0930 0.0430 -0.0566 -0.0536 0.1687 1.0322 1.0241
1494720000.0000 49350.0000 0.2189 -0.2846 -0.0511 0.5300 322.4298 0.1196 0.0855 0.0502 -0.0170 -0.0451 0.0033 0.1277 0.8044 0.7282
1494720000.0000 49650.0000 0.0539 -0.4783 0.0187 0.5735 353.5646 0.0873 0.0621 0.0493 0.0102 -0.0146 -0.0127 0.0994 0.5344 0.4637
1494720000.0000 49950.0000 0.0240 -0.3612 0.0389 0.5043 356.2053 0.1054 0.1395 0.0354 -0.0399 -0.0226 -0.0170 0.1402 0.8396 0.7893
1494720000.0000 50250.0000 0.1182 -0.1328 -0.0143 0.5124 318.3182 0.2297 0.0907 0.0859 -0.0135 -0.0918 -0.0116 0.2032 2.0632 1.8380
1494720000.0000 50550.0000 -0.1676 -0.4107 0.1951 0.6607 22.1984 0.1587 0.1750 0.0379 -0.0376 -0.0328 -0.0080 0.1858 0.7264 0.7519
1494720000.0000 50850.0000 -0.3347 -0.1232 0.1858 0.5618 69.7962 0.1046 0.1557 0.0438 0.0042 -0.0315 -0.0439 0.1521 0.7918 0.8259
1494720000.0000 51150.0000 0.1046 -0.2538 -0.0074 0.3882 337.6002 0.0600 0.0522 0.0288 -0.0016 -0.0141 -0.0003 0.0705 0.7893 0.7043
1494720000.0000 51450.0000 0.0987 -0.2886 0.0093 0.4534 341.1097 0.0502 0.1100 0.0282 -0.0332 -0.0061 -0.0123 0.0942 0.8213 0.7577
1494720000.0000 51750.0000 0.2575 -0.3266 -0.0794 0.5984 321.7545 0.1363 0.1248 0.0520 -0.0574 -0.0193 -0.0211 0.1566 0.7631 0.7094
1494720000.0000 52050.0000 -0.0291 -0.1413 0.0994 0.3853 11.6259 0.1158 0.0558 0.0324 -0.0091 -0.0310 -0.0049 0.1020 1.4883 1.6580
1494720000.0000 52350.0000 -0.1555 -0.3614 0.1721 0.6736 23.2841 0.2261 0.1559 0.0530 -0.1052 -0.0680 0.0251 0.2175 0.8867 0.9070
1494720000.0000 52650.0000 -0.2092 0.0742 0.0114 0.4915 109.5177 0.1275 0.1739 0.0693 0.0427 -0.0534 -0.0569 0.1854 1.5817 1.4281
1494720000.0000 52950.0000 0.1598 -0.1360 -0.0195 0.3617 310.4029 0.0565 0.0607 0.0373 0.0137 -0.0278 -0.0164 0.0772 1.0770 0.9421
1494720000.0000 53250.0000 0.1194 -0.2728 0.0179 0.4274 336.3639 0.0628 0.0800 0.0328 -0.0095 -0.0159 -0.0167 0.0878 0.8109 0.7325
1494720000.0000 53550.0000 0.0817 -0.1446 -0.0049 0.5401 330.5372 0.1954 0.1209 0.0808 -0.0462 -0.0794 -0.0098 0.1985 2.1896 1.9550
1494720000.0000 53850.0000 -0.0196 0.1431 -0.0586 0.4130 172.1958 0.0622 0.1272 0.0335 -0.0123 -0.0167 -0.0267 0.1115 1.7485 1.7390
1494720000.0000 54150.0000 -0.1207 0.1190 0.0165 0.4163 134.5878 0.0383 0.1500 0.0400 0.0282 -0.0208 -0.0552 0.1142 1.6206 1.4788
1494720000.0000 54450.0000 -0.0048 0.1710 -0.0696 0.2722 178.3905 0.0384 0.0356 0.0171 -0.0194 -0.0027 -0.0066 0.0456 0.9439 0.9184
1494720000.0000 54750.0000 -0.2369 -0.3820 0.1482 0.5459 31.8052 0.0834 0.1776 0.0283 0.0472 -0.0295 -0.0361 0.1447 0.6561 0.6562
1494720000.0000 55050.0000 -0.4860 0.0490 0.2522 0.5658 95.7540 0.0945 0.0789 0.0423 0.0032 -0.0249 -0.0263 0.1078 0.4877 0.4921
1494720000.0000 55350.0000 -0.1620 -0.2102 0.1478 0.4758 37.6177 0.1084 0.1076 0.0336 -0.0642 -0.0292 0.0111 0.1248 0.9494 1.0109
1494720000.0000 55650.0000 -0.0047 -0.2046 0.0366 0.4509 1.3140 0.1273 0.1054 0.0481 -0.0532 -0.0469 0.0149 0.1404 1.4715 1.3607
1494720000.0000 55950.0000 0.1594 -0.0972 -0.0867 0.5942 301.3778 0.1052 0.3210 0.0757 -0.0696 -0.0153 -0.0542 0.2510 1.9874 2.0194
1494720000.0000 56250.0000 -0.1546 -0.5049 0.1665 0.6759 17.0256 0.1666 0.1500 0.0638 0.0143 -0.0630 -0.0180 0.1902 0.6431 0.6152
1494720000.0000 56550.0000 0.0833 -0.0855 0.0901 0.4174 315.7252 0.1554 0.0679 0.0629 -0.0193 -0.0467 -0.0093 0.1431 2.0655 2.2853
1494720000.0000 56850.0000 0.0582 -0.5308 0.0901 0.6730 353.7438 0.1108 0.1398 0.0570 0.0274 -0.0494 -0.0267 0.1538 0.5912 0.5412
1494720000.0000 57150.0000 -0.2182 -0.3428 0.1291 0.5567 32.4771 0.0948 0.2195 0.0788 0.0539 -0.0483 -0.0658 0.1965 0.8490 0.7966
1494720000.0000 57450.0000 -0.0661 -0.4485 0.1296 0.5708 8.3905 0.0598 0.1626 0.0296 0.0032 -0.0140 -0.0297 0.1260 0.6148 0.6007
1494720000.0000 57750.0000 -0.0015 -0.4726 0.0906 0.5309 0.1847 0.0574 0.0859 0.0427 -0.0111 -0.0152 0.0038 0.0930 0.5174 0.4624
1494720000.0000 58050.0000 -0.0537 -0.4574 0.1614 0.6248 6.6953 0.1489 0.1532 0.0474 -0.0162 -0.0488 -0.0001 0.1747 0.6995 0.6891
1494720000.0000 58350.0000 0.0595 -0.1031 0.0049 0.3325 330.0054 0.0473 0.0825 0.0270 0.0101 -0.0195 -0.0202 0.0784 1.9199 1.7484
1494720000.0000 58650.0000 0.0644 -0.3291 0.0394 0.4873 348.9310 0.0992 0.1103 0.0404 -0.0168 -0.0378 -0.0100 0.1250 0.8549 0.7882
1494720000.0000 58950.0000 -0.0795 -0.2326 0.0414 0.3705 18.8739 0.0397 0.0815 0.0318 -0.0100 -0.0084 -0.0059 0.0765 0.9060 0.8176
1494720000.0000 59250.0000 -0.2061 -0.2794 0.2041 0.4120 36.4193 0.0353 0.0616 0.0126 -0.0054 -0.0039 0.0015 0.0547 0.4743 0.5174
1494720000.0000 59550.0000 -0.0823 -0.2663 0.1010 0.5726 17.1653 0.2007 0.1750 0.0386 -0.1249 -0.0532 0.0229 0.2072 1.2535 1.2697
1494720000.0000 59850.0000 -0.2159 -0.2876 0.1931 0.5139 36.8977 0.1022 0.1105 0.0299 -0.0356 -0.0266 0.0036 0.1213 0.6967 0.7405
1494720000.0000 60150.0000 -0.1905 -0.5229 0.1718 0.6705 20.0178 0.1365 0.1298 0.0505 0.0005 -0.0510 -0.0246 0.1584 0.5579 0.5353
1494720000.0000 60450.0000 -0.1302 -0.1959 0.1218 0.4333 33.6052 0.0757 0.0885 0.0211 -0.0584 -0.0071 0.0083 0.0927 0.9382 0.9945
1494720000.0000 60750.0000 -0.1472 -0.4790 0.1696 0.5892 17.0852 0.0769 0.0814 0.0243 -0.0144 -0.0212 0.0049 0.0913 0.4664 0.4584
1494720000.0000 61050.0000 -0.0133 -0.0789 -0.0190 0.2328 9.5729 0.0252 0.0343 0.0208 -0.0003 -0.0054 -0.0111 0.0401 1.9883 1.7596
1494720000.0000 61350.0000 -0.2166 0.1158 0.0550 0.3674 118.1308 0.0401 0.0680 0.0232 -0.0141 -0.0169 -0.0100 0.0657 0.8315 0.7733
1494720000.0000 61650.0000 -0.0269 -0.1182 0.0369 0.3106 12.8078 0.0449 0.0562 0.0228 0.0057 -0.0183 -0.0099 0.0620 1.6040 1.5148
1494720000.0000 61950.0000 -0.1303 0.0022 0.0624 0.2850 90.9770 0.0505 0.0446 0.0109 -0.0185 -0.0125 -0.0007 0.0530 1.3010 1.3667
1494720000.0000 62250.0000 0.0207 -0.3367 0.0728 0.4279 356.4747 0.0648 0.0281 0.0204 -0.0096 -0.0240 0.0041 0.0566 0.5632 0.5216
1494720000.0000 62550.0000 -0.0405 -0.4831 0.1205 0.5504 4.7913 0.0652 0.0328 0.0146 -0.0070 -0.0120 0.0001 0.0563 0.3877 0.3728
1494720000.0000 62850.0000 0.1935 -0.2146 -0.0372 0.5116 317.9574 0.0886 0.1360 0.0421 0.0062 -0.0399 -0.0287 0.1334 1.0233 0.9468
1494720000.0000 63150.0000 0.1621 -0.0355 -0.0785 0.3477 282.3615 0.0550 0.0815 0.0289 -0.0076 -0.0210 -0.0218 0.0827 1.2796 1.2858
1494720000.0000 63450.0000 -0.1977 0.1035 0.0643 0.3859 117.6256 0.0343 0.0943 0.0107 -0.0377 0.0020 -0.0145 0.0696 0.9278 0.9277
1494720000.0000 63750.0000 -0.0118 -0.1152 0.0105 0.2473 5.8469 0.0179 0.0528 0.0085 -0.0171 -0.0020 -0.0015 0.0396 1.3980 1.3261
1494720000.0000 64050.0000 0.1599 0.0090 -0.0572 0.2299 266.7842 0.0122 0.0242 0.0133 -0.0023 -0.0027 -0.0100 0.0248 0.7567 0.6875
1494720000.0000 64350.0000 -0.0188 0.0562 0.0086 0.3859 161.5518 0.0918 0.0752 0.0414 -0.0093 -0.0372 -0.0218 0.1042 4.3985 3.9787
1494720000.0000 64650.0000 0.2657 0.0252 -0.0900 0.3513 264.5887 0.0177 0.0563 0.0193 -0.0165 0.0000 -0.0213 0.0466 0.6261 0.5886
1494720000.0000 64950.0000 0.2114 0.2388 -0.1944 0.3655 221.5253 0.0167 0.0261 0.0101 -0.0068 -0.0020 -0.0072 0.0264 0.3552 0.3742
1494720000.0000 65250.0000 0.3021 0.0622 -0.1523 0.3511 258.3687 0.0204 0.0304 0.0194 0.0117 -0.0135 -0.0170 0.0351 0.4446 0.4218
1494720000.0000 65550.0000 0.2500 -0.0344 -0.1218 0.4835 277.8423 0.0725 0.1341 0.0220 -0.0477 -0.0198 -0.0168 0.1143 0.9855 1.0402
1494720000.0000 65850.0000 0.1788 0.1032 -0.1238 0.3202 240.0180 0.0557 0.0227 0.0187 -0.0126 -0.0195 -0.0045 0.0486 0.7476 0.7832
1494720000.0000 66150.0000 0.2170 -0.0605 -0.0759 0.3667 285.5729 0.0346 0.0909 0.0219 -0.0141 -0.0078 -0.0154 0.0737 0.9326 0.9079
1494720000.0000 66450.0000 -0.1045 0.2029 -0.0390 0.4489 152.7552 0.1369 0.0791 0.0427 -0.0351 -0.0547 -0.0120 0.1293 1.2681 1.1756
1494720000.0000 66750.0000 0.2934 0.0257 -0.1248 0.3253 264.9923 0.0151 0.0192 0.0150 0.0006 -0.0080 -0.0067 0.0247 0.4010 0.3632
1494720000.0000 67050.0000 0.3694 0.0546 -0.1834 0.4144 261.5886 0.0170 0.0354 0.0160 0.0014 -0.0090 -0.0055 0.0342 0.3631 0.3540
1494720000.0000 67350.0000 0.4097 0.0196 -0.1831 0.4361 267.2585 0.0219 0.0207 0.0188 0.0057 -0.0134 -0.0068 0.0307 0.3184 0.2904
1494720000.0000 67650.0000 0.3843 0.1240 -0.2064 0.4357 252.1129 0.0120 0.0330 0.0209 0.0044 -0.0091 -0.0175 0.0329 0.3267 0.3030
1494720000.0000 67950.0000 0.4743 0.1908 -0.2832 0.5357 248.0861 0.0179 0.0314 0.0204 0.0064 -0.0128 -0.0165 0.0349 0.2608 0.2507
1494720000.0000 68250.0000 0.4287 0.1412 -0.2374 0.4756 251.7691 0.0117 0.0269 0.0210 0.0046 -0.0094 -0.0173 0.0298 0.2764 0.2512
1494720000.0000 68550.0000 0.5186 0.1212 -0.2977 0.5441 256.8521 0.0194 0.0121 0.0165 0.0073 -0.0140 -0.0087 0.0240 0.2074 0.1924
1494720000.0000 68850.0000 0.4746 0.2646 -0.3554 0.5577 240.8596 0.0105 0.0143 0.0077 -0.0022 -0.0032 -0.0060 0.0163 0.1603 0.1672
1494720000.0000 69150.0000 0.5606 0.2358 -0.3661 0.6275 247.1896 0.0066 0.0279 0.0142 0.0006 -0.0033 -0.0152 0.0244 0.1796 0.1763
1494720000.0000 69450.0000 0.5833 0.1121 -0.3119 0.6132 259.1186 0.0182 0.0238 0.0192 0.0050 -0.0119 -0.0104 0.0306 0.2129 0.1992
1494720000.0000 69750.0000 0.6196 0.1244 -0.3369 0.6407 258.6429 0.0139 0.0111 0.0142 0.0024 -0.0084 -0.0056 0.0196 0.1598 0.1445
1494720000.0000 70050.0000 0.5650 0.1615 -0.3259 0.6027 254.0506 0.0118 0.0191 0.0138 0.0009 -0.0070 -0.0087 0.0224 0.1818 0.1728
1494720000.0000 70350.0000 0.6081 0.0699 -0.2878 0.6234 263.4407 0.0206 0.0133 0.0218 0.0043 -0.0139 -0.0071 0.0279 0.2015 0.1737
1494720000.0000 70650.0000 0.5784 0.1506 -0.3085 0.6184 255.4039 0.0253 0.0285 0.0236 0.0050 -0.0164 -0.0132 0.0387 0.2389 0.2241
1494720000.0000 70950.0000 0.6051 0.1257 -0.3063 0.6276 258.2648 0.0174 0.0108 0.0133 -0.0003 -0.0087 -0.0025 0.0207 0.1704 0.1567
1494720000.0000 71250.0000 0.5599 0.0896 -0.2580 0.5780 260.9069 0.0171 0.0116 0.0171 0.0022 -0.0102 -0.0050 0.0229 0.1983 0.1724
1494720000.0000 71550.0000 0.5373 0.0734 -0.2507 0.5547 262.2253 0.0222 0.0122 0.0189 0.0020 -0.0139 -0.0048 0.0267 0.2232 0.1976
1494720000.0000 71850.0000 0.5963 0.0905 -0.2855 0.6132 261.3718 0.0193 0.0123 0.0206 0.0044 -0.0130 -0.0068 0.0261 0.1976 0.1700
1494720000.0000 72150.0000 0.6400 0.1057 -0.3171 0.6581 260.6251 0.0232 0.0128 0.0234 0.0052 -0.0166 -0.0072 0.0297 0.1949 0.1689
1494720000.0000 72450.0000 0.5444 0.1112 -0.2593 0.5771 258.4515 0.0258 0.0235 0.0207 0.0024 -0.0158 -0.0051 0.0350 0.2491 0.2308
1494720000.0000 72750.0000 0.5769 0.1102 -0.2822 0.6012 259.1871 0.0259 0.0149 0.0220 0.0025 -0.0159 -0.0056 0.0314 0.2219 0.1984
1494720000.0000 73050.0000 0.5681 0.1236 -0.2790 0.5954 257.7244 0.0240 0.0152 0.0228 0.0021 -0.0152 -0.0052 0.0310 0.2229 0.1967
1494720000.0000 73350.0000 0.5664 0.1406 -0.3082 0.6090 256.0592 0.0236 0.0337 0.0234 0.0082 -0.0135 -0.0178 0.0404 0.2485 0.2369
1494720000.0000 73650.0000 0.6044 0.1486 -0.3134 0.6384 256.1834 0.0223 0.0218 0.0246 0.0041 -0.0145 -0.0113 0.0343 0.2170 0.1947
1494720000.0000 73950.0000 0.6264 0.1633 -0.3239 0.6614 255.3907 0.0236 0.0184 0.0214 0.0009 -0.0140 -0.0053 0.0318 0.2010 0.1830
1494720000.0000 74250.0000 0.5864 0.1649 -0.2938 0.6239 254.2927 0.0242 0.0180 0.0241 0.0012 -0.0152 -0.0055 0.0332 0.2199 0.1948
1494720000.0000 74550.0000 0.6226 0.2225 -0.3425 0.6757 250.3363 0.0188 0.0186 0.0184 -0.0019 -0.0115 -0.0035 0.0279 0.1832 0.1689
1494720000.0000 74850.0000 0.6036 0.1849 -0.3130 0.6432 252.9729 0.0161 0.0153 0.0157 0.0001 -0.0087 -0.0054 0.0235 0.1778 0.1620
1494720000.0000 75150.0000 0.6169 0.1895 -0.3175 0.6557 252.9231 0.0181 0.0123 0.0162 -0.0010 -0.0099 -0.0027 0.0233 0.1732 0.1559
1494720000.0000 75450.0000 0.5805 0.1384 -0.3129 0.6027 256.5916 0.0131 0.0070 0.0111 0.0008 -0.0069 -0.0028 0.0156 0.1513 0.1370
1494720000.0000 75750.0000 0.5663 0.1661 -0.3262 0.5987 253.6536 0.0133 0.0104 0.0147 0.0015 -0.0097 -0.0047 0.0191 0.1675 0.1504
1494720000.0000 76050.0000 0.5881 0.2101 -0.3746 0.6336 250.3391 0.0072 0.0110 0.0080 -0.0017 -0.0034 -0.0030 0.0131 0.1282 0.1246
1494720000.0000 76350.0000 0.5082 0.3699 -0.4316 0.6437 233.9492 0.0075 0.0174 0.0081 -0.0050 -0.0002 -0.0068 0.0165 0.1377 0.1451
1494720000.0000 76650.0000 0.5271 0.3019 -0.4032 0.6198 240.1970 0.0048 0.0156 0.0082 -0.0022 -0.0003 -0.0082 0.0143 0.1341 0.1359
1494720000.0000 76950.0000 0.6366 0.1443 -0.3608 0.6574 257.2246 0.0066 0.0063 0.0084 0.0008 -0.0038 -0.0029 0.0107 0.1131 0.1006
1494720000.0000 77250.0000 0.5911 0.1772 -0.3449 0.6256 253.3138 0.0087 0.0106 0.0100 0.0007 -0.0051 -0.0046 0.0147 0.1398 0.1301
1494720000.0000 77550.0000 0.6032 0.1767 -0.3643 0.6336 253.6710 0.0094 0.0063 0.0101 0.0009 -0.0063 -0.0034 0.0129 0.1278 0.1151
1494720000.0000 77850.0000 0.6189 0.1716 -0.3725 0.6495 254.4999 0.0140 0.0098 0.0147 0.0023 -0.0105 -0.0049 0.0193 0.1527 0.1388
1494720000.0000 78150.0000 0.6288 0.2379 -0.4031 0.6858 249.2771 0.0127 0.0169 0.0121 -0.0030 -0.0075 -0.0033 0.0209 0.1504 0.1478
1494720000.0000 78450.0000 0.6821 0.1441 -0.3816 0.7017 258.0674 0.0079 0.0066 0.0086 0.0012 -0.0042 -0.0031 0.0116 0.1105 0.0997
1494720000.0000 78750.0000 0.6555 0.1409 -0.3673 0.6761 257.8689 0.0063 0.0077 0.0084 0.0002 -0.0028 -0.0031 0.0111 0.1127 0.1015
1494720000.0000 79050.0000 0.6891 0.1253 -0.3617 0.7062 259.6938 0.0089 0.0085 0.0114 0.0020 -0.0052 -0.0042 0.0144 0.1242 0.1087
1494720000.0000 79350.0000 0.7182 0.1695 -0.4296 0.7420 256.7233 0.0056 0.0063 0.0097 0.0008 -0.0035 -0.0036 0.0108 0.0994 0.0853
1494720000.0000 79650.0000 0.6840 0.1593 -0.3975 0.7058 256.8860 0.0064 0.0050 0.0084 0.0006 -0.0034 -0.0025 0.0099 0.1006 0.0878
1494720000.0000 79950.0000 0.6449 0.1811 -0.3851 0.6733 254.3121 0.0063 0.0047 0.0076 0.0006 -0.0036 -0.0022 0.0093 0.1019 0.0904
1494720000.0000 80250.0000 0.6270 0.1179 -0.3314 0.6438 259.3527 0.0073 0.0077 0.0085 0.0014 -0.0037 -0.0029 0.0118 0.1234 0.1111
1494720000.0000 80550.0000 0.5964 0.0939 -0.2974 0.6103 261.0499 0.0091 0.0079 0.0097 0.0016 -0.0042 -0.0034 0.0133 0.1401 0.1247
1494720000.0000 80850.0000 0.5149 0.2039 -0.3330 0.5606 248.3903 0.0036 0.0083 0.0048 -0.0003 -0.0014 -0.0029 0.0084 0.1156 0.1137
1494720000.0000 81150.0000 0.5206 0.1729 -0.3075 0.5537 251.6282 0.0053 0.0058 0.0062 -0.0001 -0.0029 -0.0018 0.0086 0.1206 0.1109
1494720000.0000 81450.0000 0.5887 0.1554 -0.3501 0.6120 255.2169 0.0049 0.0041 0.0066 0.0007 -0.0028 -0.0021 0.0078 0.1023 0.0895
1494720000.0000 81750.0000 0.5415 0.1592 -0.3095 0.5686 253.6137 0.0054 0.0043 0.0055 -0.0006 -0.0025 -0.0010 0.0076 0.1105 0.1004
1494720000.0000 82050.0000 0.5552 0.0948 -0.2826 0.5703 260.3072 0.0087 0.0076 0.0092 -0.0002 -0.0042 -0.0020 0.0128 0.1465 0.1309
1494720000.0000 82350.0000 0.5484 0.1510 -0.3085 0.5759 254.6092 0.0058 0.0075 0.0058 -0.0016 -0.0017 -0.0022 0.0095 0.1232 0.1169
1494720000.0000 82650.0000 0.5298 0.1085 -0.2725 0.5476 258.4269 0.0073 0.0071 0.0079 0.0001 -0.0037 -0.0022 0.0112 0.1426 0.1283
1494720000.0000 82950.0000 0.5628 0.1019 -0.3079 0.5777 259.7409 0.0063 0.0068 0.0105 0.0020 -0.0046 -0.0045 0.0118 0.1364 0.1155
1494720000.0000 83250.0000 0.4819 0.1564 -0.2801 0.5110 252.0233 0.0044 0.0047 0.0056 0.0004 -0.0025 -0.0020 0.0074 0.1211 0.1090
1494720000.0000 83550.0000 0.5529 0.1870 -0.3377 0.5889 251.3160 0.0050 0.0060 0.0053 -0.0008 -0.0021 -0.0016 0.0082 0.1093 0.1036
1494720000.0000 83850.0000 0.5793 0.0805 -0.2919 0.5904 262.0849 0.0069 0.0066 0.0078 0.0019 -0.0037 -0.0031 0.0106 0.1287 0.1144
1494720000.0000 84150.0000 0.6092 0.1526 -0.3531 0.6325 255.9393 0.0052 0.0057 0.0074 0.0002 -0.0029 -0.0027 0.0092 0.1086 0.0962
1494720000.0000 84450.0000 0.5129 0.2186 -0.3291 0.5678 246.9159 0.0083 0.0116 0.0079 -0.0007 -0.0042 -0.0041 0.0139 0.1486 0.1461
1494720000.0000 84750.0000 0.5683 0.1621 -0.3393 0.5940 254.0816 0.0048 0.0033 0.0064 -0.0000 -0.0028 -0.0011 0.0073 0.1021 0.0882
1494720000.0000 85050.0000 0.5636 0.2062 -0.3585 0.6073 249.9070 0.0063 0.0074 0.0064 -0.0019 -0.0027 -0.0021 0.0101 0.1173 0.1129
1494720000.0000 85350.0000 0.6035 0.2231 -0.3852 0.6508 249.7126 0.0119 0.0085 0.0098 -0.0011 -0.0068 -0.0029 0.0151 0.1338 0.1282
1494720000.0000 85650.0000 0.5641 0.1864 -0.3453 0.5991 251.7107 0.0101 0.0058 0.0092 0.0007 -0.0063 -0.0025 0.0126 0.1332 0.1228
1494720000.0000 85950.0000 0.5600 0.1929 -0.3458 0.5960 250.9902 0.0054 0.0043 0.0071 -0.0000 -0.0034 -0.0015 0.0084 0.1090 0.0959
1494720000.0000 86250.0000 0.4749 0.1824 -0.2876 0.5121 248.9891 0.0034 0.0040 0.0046 0.0007 -0.0020 -0.0017 0.0060 0.1085 0.0978
1494806400.0000 86550.0000 0.5690 0.1631 -0.3372 0.5954 254.0027 0.0080 0.0040 0.0078 0.0005 -0.0052 -0.0019 0.0099 0.1191 0.1068
1494806400.0000 86850.0000 0.6362 0.1485 -0.3650 0.6593 256.8609 0.0139 0.0069 0.0096 -0.0013 -0.0061 -0.0020 0.0152 0.1346 0.1277
1494806400.0000 87150.0000 0.6714 0.1906 -0.4249 0.7014 254.1503 0.0068 0.0052 0.0081 0.0009 -0.0041 -0.0027 0.0101 0.1004 0.0908
1494806400.0000 87450.0000 0.6691 0.1529 -0.3950 0.6900 257.1282 0.0046 0.0055 0.0080 0.0008 -0.0025 -0.0030 0.0090 0.0978 0.0843
1494806400.0000 87750.0000 0.6224 0.1631 -0.3837 0.6487 255.3115 0.0080 0.0062 0.0078 -0.0006 -0.0040 -0.0020 0.0110 0.1141 0.1068
1494806400.0000 88050.0000 0.4866 0.1962 -0.3104 0.5278 248.0420 0.0031 0.0037 0.0045 0.0005 -0.0019 -0.0016 0.0056 0.1006 0.0907
1494806400.0000 88350.0000 0.4487 0.1928 -0.2840 0.4921 246.7462 0.0023 0.0042 0.0034 0.0002 -0.0010 -0.0017 0.0049 0.1014 0.0949
1494806400.0000 88650.0000 0.4830 0.1695 -0.2942 0.5153 250.6608 0.0029 0.0035 0.0034 -0.0002 -0.0012 -0.0010 0.0049 0.0969 0.0900
1494806400.0000 88950.0000 0.5260 0.1411 -0.3186 0.5480 254.9837 0.0031 0.0037 0.0041 -0.0002 -0.0014 -0.0011 0.0055 0.0956 0.0874
1494806400.0000 89250.0000 0.5547 0.1587 -0.3290 0.5796 254.0316 0.0037 0.0031 0.0054 0.0002 -0.0020 -0.0012 0.0061 0.0960 0.0826
1494806400.0000 89550.0000 0.5096 0.1572 -0.3050 0.5369 252.8585 0.0045 0.0038 0.0058 0.0002 -0.0027 -0.0013 0.0070 0.1113 0.0983
1494806400.0000 89850.0000 0.5819 0.1567 -0.3583 0.6054 254.9304 0.0053 0.0034 0.0064 0.0005 -0.0033 -0.0016 0.0075 0.1011 0.0892
1494806400.0000 90150.0000 0.4974 0.2171 -0.3373 0.5572 246.4227 0.0134 0.0117 0.0083 -0.0051 -0.0036 -0.0030 0.0167 0.1653 0.1688
1494806400.0000 90450.0000 0.4623 0.2982 -0.3402 0.5572 237.1789 0.0055 0.0055 0.0032 -0.0022 -0.0001 -0.0021 0.0071 0.1065 0.1100
1494806400.0000 90750.0000 0.5460 0.1435 -0.3147 0.5708 255.2707 0.0077 0.0065 0.0078 -0.0009 -0.0039 -0.0016 0.0110 0.1326 0.1219
1494806400.0000 91050.0000 0.6566 0.1662 -0.3977 0.6818 255.7965 0.0066 0.0059 0.0071 -0.0002 -0.0028 -0.0019 0.0098 0.1028 0.0954
1494806400.0000 91350.0000 0.6000 0.2023 -0.3366 0.6452 251.3652 0.0223 0.0148 0.0174 0.0011 -0.0135 -0.0045 0.0273 0.1882 0.1758
1494806400.0000 91650.0000 0.5678 0.1678 -0.3145 0.5983 253.5361 0.0135 0.0067 0.0115 -0.0003 -0.0079 -0.0021 0.0159 0.1534 0.1386
1494806400.0000 91950.0000 0.3673 0.2097 -0.2827 0.4400 240.2786 0.0191 0.0069 0.0083 -0.0022 -0.0045 -0.0028 0.0172 0.2103 0.2204
1494806400.0000 92250.0000 0.4332 0.2091 -0.2838 0.4905 244.2342 0.0035 0.0100 0.0058 -0.0005 -0.0011 -0.0047 0.0096 0.1434 0.1394
1494806400.0000 92550.0000 0.5904 0.1807 -0.3661 0.6204 252.9825 0.0068 0.0042 0.0074 0.0014 -0.0045 -0.0026 0.0092 0.1092 0.0981
1494806400.0000 92850.0000 0.5330 0.1260 -0.2947 0.5543 256.7014 0.0085 0.0084 0.0100 0.0034 -0.0062 -0.0046 0.0135 0.1523 0.1370
1494806400.0000 93150.0000 0.4794 0.1369 -0.2660 0.5049 254.0648 0.0063 0.0066 0.0078 0.0012 -0.0047 -0.0029 0.0104 0.1473 0.1318
1494806400.0000 93450.0000 0.5497 0.1621 -0.3353 0.5775 253.5674 0.0046 0.0050 0.0057 0.0001 -0.0023 -0.0018 0.0077 0.1076 0.0987
1494806400.0000 93750.0000 0.4859 0.2032 -0.3042 0.5296 247.3034 0.0026 0.0036 0.0036 0.0006 -0.0015 -0.0013 0.0049 0.0942 0.0864
1494806400.0000 94050.0000 0.5141 0.1727 -0.3200 0.5455 251.4336 0.0038 0.0037 0.0053 0.0003 -0.0025 -0.0012 0.0064 0.1035 0.0922
1494806400.0000 94350.0000 0.4783 0.1993 -0.3111 0.5219 247.3761 0.0031 0.0043 0.0044 0.0003 -0.0018 -0.0014 0.0059 0.1038 0.0959
1494806400.0000 94650.0000 0.4481 0.1254 -0.2485 0.4748 254.3594 0.0093 0.0087 0.0097 0.0018 -0.0068 -0.0037 0.0138 0.1820 0.1662
1494806400.0000 94950.0000 0.4704 0.1035 -0.2458 0.4902 257.5857 0.0089 0.0083 0.0089 0.0018 -0.0057 -0.0029 0.0130 0.1725 0.1574
1494806400.0000 95250.0000 0.5452 0.1215 -0.3022 0.5657 257.4345 0.0072 0.0084 0.0085 0.0015 -0.0045 -0.0035 0.0120 0.1410 0.1289
1494806400.0000 95550.0000 0.5431 0.1829 -0.3372 0.5796 251.3849 0.0061 0.0094 0.0090 0.0015 -0.0046 -0.0044 0.0123 0.1360 0.1255
1494806400.0000 95850.0000 0.5725 0.1922 -0.3373 0.6212 251.4445 0.0082 0.0246 0.0110 0.0011 -0.0042 -0.0098 0.0219 0.1748 0.1733
1494806400.0000 96150.0000 0.4981 0.2661 -0.3477 0.5724 241.8861 0.0042 0.0104 0.0050 0.0003 -0.0017 -0.0040 0.0098 0.1221 0.1237
1494806400.0000 96450.0000 0.4889 0.1775 -0.2928 0.5299 250.0411 0.0067 0.0117 0.0092 0.0022 -0.0045 -0.0060 0.0138 0.1605 0.1504
1494806400.0000 96750.0000 0.5031 0.1604 -0.2899 0.5369 252.3170 0.0085 0.0084 0.0065 -0.0017 -0.0037 -0.0024 0.0117 0.1467 0.1422
1494806400.0000 97050.0000 0.5525 0.1820 -0.3442 0.5862 251.7663 0.0050 0.0052 0.0052 -0.0001 -0.0023 -0.0018 0.0077 0.1061 0.1005
1494806400.0000 97350.0000 0.5608 0.1943 -0.3434 0.6034 250.8888 0.0075 0.0111 0.0071 -0.0021 -0.0037 -0.0024 0.0128 0.1348 0.1324
1494806400.0000 97650.0000 0.5113 0.2037 -0.3149 0.5561 248.2772 0.0067 0.0061 0.0067 -0.0004 -0.0040 -0.0017 0.0097 0.1270 0.1185
1494806400.0000 97950.0000 0.4559 0.1635 -0.2544 0.4956 250.2713 0.0097 0.0117 0.0110 0.0027 -0.0070 -0.0060 0.0162 0.1900 0.1745
1494806400.0000 98250.0000 0.5039 0.1171 -0.2662 0.5239 256.9116 0.0107 0.0069 0.0125 0.0019 -0.0081 -0.0040 0.0151 0.1722 0.1483
1494806400.0000 98550.0000 0.4743 0.2157 -0.2938 0.5359 245.5400 0.0073 0.0157 0.0080 -0.0017 -0.0027 -0.0057 0.0155 0.1700 0.1683
1494806400.0000 98850.0000 0.3854 0.2886 -0.2870 0.4914 233.1712 0.0107 0.0062 0.0044 -0.0006 -0.0031 -0.0025 0.0106 0.1503 0.1560
1494806400.0000 99150.0000 0.3878 0.2116 -0.2589 0.4555 241.3860 0.0087 0.0086 0.0040 -0.0032 -0.0012 -0.0028 0.0107 0.1646 0.1719
1494806400.0000 99450.0000 0.4332 0.2071 -0.2822 0.4923 244.4488 0.0186 0.0080 0.0081 0.0004 -0.0078 -0.0029 0.0173 0.1931 0.1960
1494806400.0000 99750.0000 0.3294 0.2837 -0.2844 0.4424 229.2580 0.0108 0.0033 0.0040 0.0004 -0.0036 -0.0010 0.0090 0.1493 0.1574
1494806400.0000 100050.0000 0.3064 0.2023 -0.2275 0.3861 236.5668 0.0143 0.0074 0.0049 -0.0026 -0.0044 -0.0026 0.0133 0.2178 0.2314
1494806400.0000 100350.0000 0.3400 0.1866 -0.2452 0.3995 241.2461 0.0045 0.0091 0.0037 -0.0010 -0.0007 -0.0033 0.0086 0.1653 0.1734
1494806400.0000 100650.0000 0.2968 0.2142 -0.2167 0.3804 234.1755 0.0094 0.0076 0.0049 -0.0012 -0.0032 -0.0032 0.0110 0.2009 0.2060
1494806400.0000 100950.0000 0.2442 0.2078 -0.1899 0.3324 229.5949 0.0156 0.0034 0.0062 0.0023 -0.0068 -0.0020 0.0126 0.2460 0.2484
1494806400.0000 101250.0000 0.1919 0.2483 -0.1977 0.3247 217.6969 0.0083 0.0029 0.0025 -0.0004 -0.0027 -0.0008 0.0068 0.1820 0.1946
1494806400.0000 101550.0000 0.1278 0.1845 -0.1289 0.2863 214.6984 0.0277 0.0105 0.0105 -0.0062 -0.0119 0.0011 0.0243 0.4922 0.5026
1494806400.0000 101850.0000 0.1568 0.2312 -0.1724 0.3168 214.1520 0.0185 0.0087 0.0048 -0.0066 -0.0043 -0.0009 0.0160 0.3142 0.3407
1494806400.0000 102150.0000 0.3350 0.2226 -0.2393 0.4156 236.3961 0.0079 0.0070 0.0035 -0.0027 -0.0018 -0.0018 0.0092 0.1672 0.1752
1494806400.0000 102450.0000 0.1236 0.2089 -0.1486 0.2752 210.6021 0.0188 0.0056 0.0048 -0.0016 -0.0054 -0.0014 0.0146 0.3464 0.3716
1494806400.0000 102750.0000 0.2301 0.2602 -0.2250 0.3608 221.4908 0.0111 0.0053 0.0042 -0.0003 -0.0033 -0.0021 0.0103 0.2001 0.2129
1494806400.0000 103050.0000 0.2702 0.2268 -0.2083 0.3575 229.9933 0.0077 0.0044 0.0032 0.0027 -0.0028 -0.0013 0.0076 0.1742 0.1799
1494806400.0000 103350.0000 0.2525 0.2632 -0.2316 0.3704 223.8068 0.0073 0.0021 0.0029 0.0008 -0.0028 -0.0009 0.0062 0.1485 0.1537
1494806400.0000 103650.0000 0.3246 0.2189 -0.2433 0.4032 236.0091 0.0113 0.0052 0.0047 -0.0010 -0.0042 -0.0019 0.0106 0.1822 0.1891
1494806400.0000 103950.0000 0.1654 0.2791 -0.1899 0.3423 210.6594 0.0122 0.0060 0.0056 -0.0016 -0.0051 -0.0008 0.0119 0.2365 0.2398
1494806400.0000 104250.0000 0.0690 0.1421 -0.1001 0.2534 205.8867 0.0215 0.0250 0.0058 -0.0142 -0.0057 0.0023 0.0262 0.7066 0.7887
1494806400.0000 104550.0000 0.1524 0.1259 -0.1453 0.2163 230.4296 0.0154 0.0033 0.0043 0.0009 -0.0065 -0.0011 0.0115 0.3572 0.3999
1494806400.0000 104850.0000 0.1958 0.1574 -0.1618 0.2626 231.2106 0.0072 0.0086 0.0062 0.0033 -0.0044 -0.0052 0.0110 0.2866 0.2892
1494806400.0000 105150.0000 0.2194 0.2202 -0.1854 0.3278 224.9021 0.0091 0.0095 0.0051 0.0008 -0.0031 -0.0048 0.0118 0.2455 0.2529
1494806400.0000 105450.0000 -0.1467 0.2126 0.0076 0.3195 145.3962 0.0365 0.0107 0.0086 -0.0067 -0.0134 0.0010 0.0279 0.5274 0.4855
1494806400.0000 105750.0000 -0.1620 -0.0623 0.0982 0.1915 68.9799 0.0097 0.0049 0.0014 -0.0001 -0.0008 0.0002 0.0081 0.3675 0.4031
1494806400.0000 106050.0000 -0.0636 0.1382 -0.0298 0.2003 155.2704 0.0120 0.0102 0.0066 0.0029 -0.0051 -0.0056 0.0144 0.6316 0.5648
1494806400.0000 106350.0000 0.0336 0.2092 -0.1015 0.2611 189.1323 0.0192 0.0199 0.0041 -0.0111 -0.0029 -0.0016 0.0216 0.5111 0.5391
1494806400.0000 106650.0000 0.1105 0.0736 -0.0698 0.2078 236.3127 0.0158 0.0144 0.0062 -0.0073 -0.0032 -0.0013 0.0182 0.7339 0.7557
1494806400.0000 106950.0000 0.1133 0.1240 -0.1254 0.1967 222.4275 0.0088 0.0065 0.0030 -0.0024 -0.0023 -0.0005 0.0092 0.3726 0.4252
1494806400.0000 107250.0000 0.0446 0.1004 -0.0711 0.2049 203.9533 0.0184 0.0208 0.0073 -0.0070 -0.0035 -0.0042 0.0232 0.9516 1.0403
1494806400.0000 107550.0000 0.0321 0.1577 -0.0719 0.2602 191.5225 0.0407 0.0219 0.0079 -0.0192 -0.0098 0.0009 0.0352 0.8695 0.8975
1494806400.0000 107850.0000 0.0477 0.1498 -0.0935 0.2357 197.6587 0.0292 0.0127 0.0065 -0.0079 -0.0067 -0.0011 0.0242 0.6944 0.7514
1494806400.0000 108150.0000 -0.0658 0.0960 -0.0120 0.1666 145.5458 0.0183 0.0063 0.0033 -0.0054 -0.0051 0.0006 0.0139 0.8237 0.7781
1494806400.0000 108450.0000 -0.0665 0.0248 0.0096 0.1648 110.4344 0.0189 0.0089 0.0088 0.0046 -0.0105 -0.0045 0.0183 1.5416 1.3558
1494806400.0000 108750.0000 -0.1427 -0.2242 0.1011 0.2741 32.4637 0.0034 0.0069 0.0022 0.0007 -0.0008 0.0002 0.0062 0.2264 0.2198
1494806400.0000 109050.0000 -0.2446 -0.1853 0.1673 0.3221 52.8534 0.0095 0.0150 0.0020 0.0031 -0.0006 -0.0003 0.0133 0.2689 0.2943
1494806400.0000 109350.0000 -0.1673 -0.3288 0.1372 0.3818 26.9594 0.0102 0.0131 0.0036 0.0040 -0.0018 0.0005 0.0135 0.2409 0.2390
1494806400.0000 109650.0000 -0.3231 -0.1828 0.2130 0.3823 60.4970 0.0169 0.0073 0.0030 0.0033 -0.0003 0.0003 0.0136 0.2222 0.2418
1494806400.0000 109950.0000 -0.2881 -0.0976 0.1698 0.3221 71.2822 0.0144 0.0132 0.0055 0.0034 -0.0007 -0.0018 0.0165 0.3015 0.3154
1494806400.0000 110250.0000 -0.3490 -0.1471 0.2149 0.3939 67.1510 0.0233 0.0135 0.0059 0.0072 -0.0003 -0.0007 0.0213 0.2740 0.2926
1494806400.0000 110550.0000 -0.4529 -0.1958 0.2860 0.5130 66.6232 0.0364 0.0214 0.0097 0.0091 -0.0008 0.0002 0.0338 0.2631 0.2814
1494806400.0000 110850.0000 -0.2774 -0.2342 0.1982 0.4187 49.8262 0.0404 0.0317 0.0118 -0.0016 -0.0051 0.0028 0.0420 0.4044 0.4273
1494806400.0000 111150.0000 -0.1780 -0.1873 0.1270 0.4332 43.5476 0.0930 0.0588 0.0211 -0.0341 -0.0283 0.0087 0.0865 0.8339 0.8705
1494806400.0000 111450.0000 -0.4338 -0.2881 0.2817 0.5868 56.4069 0.0537 0.0782 0.0142 -0.0003 -0.0066 -0.0015 0.0730 0.3727 0.4026
1494806400.0000 111750.0000 -0.1695 -0.5714 0.1741 0.6403 16.5183 0.0489 0.0572 0.0248 0.0042 -0.0028 0.0082 0.0655 0.3365 0.3157
1494806400.0000 112050.0000 -0.4575 -0.3059 0.2977 0.6022 56.2307 0.0626 0.0491 0.0217 -0.0008 -0.0091 0.0073 0.0667 0.3371 0.3507
1494806400.0000 112350.0000 -0.5269 -0.3671 0.2950 0.7359 55.1288 0.0801 0.1449 0.0350 -0.0163 -0.0160 0.0206 0.1300 0.4166 0.4265
1494806400.0000 112650.0000 -0.5154 -0.1273 0.3477 0.5706 76.1317 0.0549 0.0437 0.0114 -0.0048 0.0009 0.0026 0.0550 0.3018 0.3415
1494806400.0000 112950.0000 -0.4074 -0.4172 0.3131 0.6444 44.3241 0.0617 0.0669 0.0152 -0.0039 -0.0033 0.0111 0.0719 0.3308 0.3551
1494806400.0000 113250.0000 -0.3645 -0.4767 0.2792 0.7038 37.4037 0.0962 0.1148 0.0320 -0.0285 -0.0005 0.0229 0.1215 0.4299 0.4419
1494806400.0000 113550.0000 -0.5009 -0.3892 0.3204 0.7047 52.1515 0.0510 0.1140 0.0222 -0.0039 -0.0009 -0.0092 0.0936 0.3515 0.3698
1494806400.0000 113850.0000 -0.4381 -0.2768 0.2869 0.5570 57.7200 0.0398 0.0533 0.0183 0.0087 -0.0078 0.0012 0.0557 0.3254 0.3400
1494806400.0000 114150.0000 -0.4170 -0.0662 0.3162 0.4480 80.9744 0.0427 0.0224 0.0152 0.0027 0.0010 -0.0009 0.0402 0.3102 0.3490
1494806400.0000 114450.0000 -0.3985 -0.3805 0.2562 0.6249 46.3228 0.0548 0.0904 0.0208 -0.0089 -0.0066 -0.0049 0.0830 0.3872 0.3993
1494806400.0000 114750.0000 -0.3638 -0.3332 0.2036 0.5385 47.5128 0.0530 0.0328 0.0188 -0.0040 -0.0049 0.0055 0.0523 0.3498 0.3427
1494806400.0000 115050.0000 -0.3368 -0.2219 0.2142 0.4926 56.6145 0.0427 0.0765 0.0150 -0.0242 -0.0058 0.0071 0.0671 0.4632 0.4943
1494806400.0000 115350.0000 -0.4379 -0.1758 0.2586 0.5339 68.1209 0.0396 0.0571 0.0156 -0.0100 -0.0003 -0.0004 0.0561 0.3595 0.3805
1494806400.0000 115650.0000 -0.3706 -0.3311 0.2825 0.5678 48.2218 0.0506 0.0618 0.0158 -0.0150 -0.0064 0.0090 0.0641 0.3617 0.3896
1494806400.0000 115950.0000 -0.4832 -0.0591 0.2660 0.5367 83.0206 0.0399 0.0485 0.0283 -0.0148 -0.0004 0.0062 0.0584 0.3555 0.3527
1494806400.0000 116250.0000 -0.4627 -0.2926 0.2683 0.5862 57.6872 0.0538 0.0376 0.0179 0.0017 -0.0064 0.0015 0.0546 0.3130 0.3188
1494806400.0000 116550.0000 -0.4990 -0.1565 0.3303 0.5654 72.5890 0.0386 0.0534 0.0144 0.0021 0.0022 0.0020 0.0532 0.3044 0.3348
1494806400.0000 116850.0000 -0.4539 -0.2948 0.3322 0.6228 56.9937 0.0613 0.0996 0.0183 -0.0038 -0.0042 0.0117 0.0896 0.3849 0.4279
1494806400.0000 117150.0000 -0.5345 -0.1833 0.3780 0.6118 71.0742 0.0715 0.0572 0.0153 0.0094 0.0008 0.0055 0.0720 0.3223 0.3666
1494806400.0000 117450.0000 -0.4880 -0.2404 0.3520 0.5820 63.7758 0.0576 0.0586 0.0169 0.0170 -0.0024 0.0047 0.0666 0.3251 0.3618
1494806400.0000 117750.0000 -0.4611 -0.3440 0.3335 0.6802 53.2727 0.0887 0.1269 0.0231 -0.0186 -0.0086 0.0189 0.1194 0.4242 0.4660
1494806400.0000 118050.0000 -0.5681 -0.2872 0.3742 0.6955 63.1792 0.0670 0.0870 0.0216 0.0060 -0.0006 0.0095 0.0878 0.3277 0.3560
1494806400.0000 118350.0000 -0.4270 -0.6991 0.3645 0.9289 31.4150 0.1150 0.1857 0.0342 -0.0277 -0.0052 0.0164 0.1674 0.3726 0.3865
1494806400.0000 118650.0000 -0.5456 -0.3169 0.3541 0.7122 59.8529 0.0595 0.1278 0.0214 0.0010 0.0002 -0.0044 0.1044 0.3646 0.3960
1494806400.0000 118950.0000 -0.4764 -0.3983 0.3828 0.7257 50.0983 0.0927 0.1382 0.0246 -0.0237 -0.0008 0.0142 0.1278 0.4001 0.4468
1494806400.0000 119250.0000 -0.4345 -0.3217 0.3251 0.7053 53.4861 0.1145 0.1949 0.0279 -0.0576 -0.0070 0.0144 0.1687 0.5316 0.5941
1494806400.0000 119550.0000 -0.3754 -0.6706 0.2958 0.8388 29.2437 0.0998 0.1176 0.0312 0.0085 -0.0153 0.0100 0.1243 0.3495 0.3502
1494806400.0000 119850.0000 -0.3960 -0.7527 0.3196 0.9308 27.7499 0.1096 0.1455 0.0347 -0.0164 -0.0150 0.0197 0.1449 0.3421 0.3429
1494806400.0000 120150.0000 -0.6008 -0.2476 0.3841 0.7282 67.6036 0.0674 0.1114 0.0264 -0.0129 -0.0016 0.0142 0.1026 0.3465 0.3757
1494806400.0000 120450.0000 -0.5508 -0.2441 0.3565 0.6604 66.0996 0.1015 0.0790 0.0350 0.0135 -0.0141 -0.0043 0.1077 0.3828 0.4071
1494806400.0000 120750.0000 -0.6181 -0.2736 0.4046 0.7938 66.1203 0.1152 0.1795 0.0265 -0.0233 -0.0092 0.0044 0.1606 0.4154 0.4637
1494806400.0000 121050.0000 -0.4442 -0.4505 0.3279 0.7255 44.5923 0.0725 0.1255 0.0243 -0.0154 -0.0098 0.0136 0.1112 0.3820 0.4060
1494806400.0000 121350.0000 -0.3907 -0.6110 0.3133 0.8234 32.5998 0.1341 0.1121 0.0305 -0.0088 -0.0184 0.0175 0.1383 0.3844 0.3949
1494806400.0000 121650.0000 -0.4913 -0.4741 0.3543 0.7953 46.0208 0.1272 0.1292 0.0320 -0.0327 -0.0156 0.0167 0.1442 0.4030 0.4282
1494806400.0000 121950.0000 -0.4141 -0.4253 0.3414 0.7052 44.2339 0.1155 0.0909 0.0279 -0.0306 -0.0227 0.0178 0.1171 0.4081 0.4418
1494806400.0000 122250.0000 -0.4174 -0.4474 0.2895 0.7529 43.0176 0.1002 0.1897 0.0421 -0.0348 -0.0078 0.0043 0.1660 0.4915 0.5081
1494806400.0000 122550.0000 -0.4146 -0.6040 0.3300 0.8275 34.4660 0.1018 0.1545 0.0394 -0.0220 -0.0101 0.0093 0.1479 0.3907 0.3990
1494806400.0000 122850.0000 -0.4643 -0.4459 0.3445 0.7400 46.1614 0.0717 0.1436 0.0283 -0.0139 -0.0024 0.0100 0.1218 0.3903 0.4161
1494806400.0000 123150.0000 -0.5062 -0.4953 0.3435 0.8858 45.6276 0.1507 0.2669 0.0490 -0.0654 -0.0269 0.0038 0.2333 0.5010 0.5268
1494806400.0000 123450.0000 -0.5307 0.0926 0.2058 0.7586 99.9025 0.1653 0.2252 0.0636 -0.0489 -0.0490 -0.0365 0.2271 0.6746 0.6697
1494806400.0000 123750.0000 -0.5336 -0.2123 0.3412 0.6325 68.3004 0.0628 0.0852 0.0293 0.0153 -0.0054 -0.0048 0.0886 0.3639 0.3868
1494806400.0000 124050.0000 -0.4518 -0.4120 0.3120 0.7105 47.6340 0.1225 0.1010 0.0460 -0.0061 -0.0218 0.0098 0.1348 0.4366 0.4464
1494806400.0000 124350.0000 -0.3453 -0.4077 0.2437 0.6319 40.2598 0.0961 0.0817 0.0650 -0.0117 -0.0236 0.0119 0.1213 0.4843 0.4555
1494806400.0000 124650.0000 -0.4202 -0.6655 0.3292 0.8996 32.2711 0.1476 0.2125 0.0547 -0.0386 -0.0236 0.0220 0.2074 0.4359 0.4402
1494806400.0000 124950.0000 -0.3355 -0.7927 0.3128 0.9630 22.9379 0.1524 0.1603 0.0641 -0.0124 -0.0295 0.0155 0.1884 0.3870 0.3751
1494806400.0000 125250.0000 -0.3493 -0.2485 0.2047 0.6861 54.5653 0.1169 0.3151 0.0728 -0.0130 -0.0335 -0.0420 0.2524 0.8635 0.8852
1494806400.0000 125550.0000 -0.3729 -0.5644 0.2778 0.8969 33.4560 0.2182 0.3154 0.0771 -0.0114 -0.0522 -0.0326 0.3054 0.6170 0.6235
1494806400.0000 125850.0000 -0.5598 0.1293 0.2007 0.8259 103.0087 0.1670 0.3243 0.0616 -0.0984 -0.0272 -0.0240 0.2764 0.7053 0.7043
1494806400.0000 126150.0000 -0.1692 -0.4579 0.1490 0.6088 20.2766 0.0786 0.1798 0.0440 -0.0425 -0.0094 -0.0026 0.1512 0.6220 0.6012
1494806400.0000 126450.0000 -0.3095 -0.3634 0.2073 0.6015 40.4190 0.0881 0.1298 0.0731 -0.0032 -0.0141 0.0237 0.1455 0.5986 0.5646
1494806400.0000 126750.0000 -0.2308 -0.3159 0.1195 0.6283 36.1512 0.1378 0.2241 0.0761 -0.0997 -0.0245 0.0406 0.2190 0.9340 0.8878
1494806400.0000 127050.0000 -0.1594 -0.2217 0.1646 0.6563 35.7185 0.1871 0.2837 0.0931 -0.0310 -0.0501 -0.0637 0.2820 1.3599 1.4508
1494806400.0000 127350.0000 -0.3054 -0.3364 0.1480 0.6477 42.2386 0.1220 0.2233 0.1139 0.0016 -0.0147 -0.0656 0.2296 0.8188 0.7467
1494806400.0000 127650.0000 -0.2049 -0.3565 0.1328 0.5366 29.8874 0.1031 0.1023 0.0531 0.0089 -0.0287 -0.0127 0.1292 0.6792 0.6363
1494806400.0000 127950.0000 -0.3238 -0.6824 0.2654 0.9200 25.3854 0.2291 0.2343 0.0774 -0.0578 -0.0440 0.0185 0.2704 0.5303 0.5203
1494806400.0000 128250.0000 -0.3255 -0.3688 0.2573 0.6831 41.4274 0.1089 0.1919 0.0502 -0.0705 -0.0157 0.0081 0.1755 0.6162 0.6438
1494806400.0000 128550.0000 -0.2521 -0.7124 0.2150 0.8655 19.4870 0.1521 0.1161 0.0648 -0.0234 -0.0319 0.0144 0.1665 0.4241 0.3957
1494806400.0000 128850.0000 -0.4408 -0.1527 0.3312 0.6045 70.8872 0.1415 0.0897 0.0288 -0.0146 -0.0171 -0.0035 0.1300 0.5145 0.5951
1494806400.0000 129150.0000 -0.2993 -0.2644 0.1937 0.6077 48.5495 0.1426 0.1212 0.0502 -0.0167 -0.0446 -0.0155 0.1570 0.7289 0.7425
1494806400.0000 129450.0000 -0.3026 -0.2595 0.1976 0.5601 49.3852 0.1146 0.1180 0.0435 -0.0336 -0.0242 -0.0053 0.1380 0.6819 0.6986
1494806400.0000 129750.0000 -0.1556 -0.5537 0.2110 0.7813 15.6911 0.1927 0.2058 0.0562 -0.0242 -0.0359 -0.0193 0.2274 0.6355 0.6337
1494806400.0000 130050.0000 -0.1503 -0.2762 0.1252 0.4872 28.5552 0.0757 0.1631 0.0397 0.0222 -0.0247 -0.0270 0.1392 0.9002 0.8973
1494806400.0000 130350.0000 -0.1576 -0.3147 0.1530 0.5395 26.5940 0.1214 0.1509 0.0576 -0.0296 -0.0336 0.0075 0.1649 0.8640 0.8559
1494806400.0000 130650.0000 -0.0362 -0.3727 0.0660 0.4661 5.5546 0.0642 0.0860 0.0333 -0.0129 -0.0125 0.0021 0.0918 0.6505 0.5975
1494806400.0000 130950.0000 -0.1950 -0.1219 0.0705 0.4057 57.9819 0.0778 0.0803 0.0484 0.0018 -0.0305 -0.0200 0.1032 1.0908 0.9984
1494806400.0000 131250.0000 -0.1976 -0.3647 0.1455 0.4964 28.4541 0.0636 0.0988 0.0426 0.0182 -0.0162 -0.0211 0.1025 0.5947 0.5609
1494806400.0000 131550.0000 -0.1006 -0.2865 0.1045 0.4548 19.3472 0.0521 0.1389 0.0336 -0.0022 -0.0135 -0.0201 0.1123 0.8520 0.8310
1494806400.0000 131850.0000 -0.1211 0.0532 0.0338 0.4903 113.7119 0.0659 0.2514 0.0550 -0.0187 -0.0169 -0.0550 0.1862 2.5812 2.4598
1494806400.0000 132150.0000 -0.1264 -0.3200 0.1189 0.5021 21.5543 0.0818 0.1139 0.0671 -0.0303 -0.0125 0.0111 0.1314 0.8129 0.7423
1494806400.0000 132450.0000 -0.0624 -0.1628 0.0415 0.3822 20.9673 0.0685 0.0745 0.0534 0.0126 -0.0205 -0.0384 0.0982 1.4274 1.2520
1494806400.0000 132750.0000 0.2148 -0.1509 -0.0984 0.3481 305.0935 0.0133 0.0586 0.0321 -0.0082 -0.0032 -0.0149 0.0520 0.6640 0.5897
1494806400.0000 133050.0000 -0.1768 -0.0705 0.0817 0.4655 68.2757 0.1427 0.0879 0.0395 -0.0916 -0.0469 0.0295 0.1351 1.4489 1.4568
1494806400.0000 133350.0000 -0.3739 -0.0705 0.1775 0.4764 79.3285 0.0806 0.0876 0.0317 -0.0315 -0.0238 0.0000 0.0999 0.6147 0.6222
1494806400.0000 133650.0000 -0.3416 -0.3011 0.1802 0.5355 48.6003 0.0309 0.0772 0.0211 -0.0183 -0.0091 0.0035 0.0646 0.4238 0.4169
1494806400.0000 133950.0000 -0.1877 -0.1860 0.1682 0.4146 45.2654 0.0655 0.0757 0.0412 -0.0103 -0.0201 0.0141 0.0912 0.7872 0.8209
1494806400.0000 134250.0000 -0.2733 -0.4820 0.2458 0.6529 29.5484 0.1016 0.1517 0.0479 0.0100 -0.0289 -0.0085 0.1506 0.5227 0.5244
1494806400.0000 134550.0000 -0.2275 -0.1633 0.0938 0.5081 54.3218 0.1245 0.1535 0.0465 -0.0514 -0.0332 0.0164 0.1623 1.1137 1.0871
1494806400.0000 134850.0000 -0.2012 0.0690 0.0697 0.4661 108.9398 0.1213 0.0962 0.0705 -0.0188 -0.0449 -0.0213 0.1440 1.3845 1.2662
1494806400.0000 135150.0000 -0.0658 -0.3874 0.1095 0.5397 9.6444 0.0815 0.1885 0.0444 0.0429 -0.0326 -0.0442 0.1572 0.7936 0.7635
1494806400.0000 135450.0000 0.0376 -0.6328 0.1631 0.7481 356.6033 0.1349 0.1130 0.0348 -0.0650 -0.0311 0.0237 0.1414 0.4690 0.4534
1494806400.0000 135750.0000 -0.0700 -0.2588 0.0919 0.5091 15.1418 0.0754 0.1655 0.0457 0.0293 -0.0347 -0.0421 0.1433 1.0907 1.0570
1494806400.0000 136050.0000 -0.3700 -0.0159 0.2125 0.5127 87.5445 0.0542 0.1285 0.0270 0.0059 -0.0033 -0.0232 0.1049 0.6192 0.6664
1494806400.0000 136350.0000 -0.3256 -0.0995 0.2030 0.5228 73.0033 0.0508 0.1629 0.0379 -0.0126 -0.0116 -0.0195 0.1258 0.7306 0.7839
1494806400.0000 136650.0000 -0.3121 -0.3629 0.2368 0.6108 40.6912 0.1134 0.1144 0.0395 -0.0205 -0.0260 -0.0022 0.1336 0.5589 0.5757
1494806400.0000 136950.0000 -0.6437 0.4313 0.1760 0.7991 123.8241 0.0725 0.0773 0.0245 -0.0458 -0.0188 0.0050 0.0871 0.3033 0.2884
1494806400.0000 137250.0000 -0.4847 0.0580 0.1817 0.5753 96.8275 0.1194 0.0988 0.0408 -0.0396 -0.0289 -0.0047 0.1295 0.5640 0.5525
1494806400.0000 137550.0000 -0.1049 -0.6524 0.2078 0.7496 9.1375 0.1136 0.1100 0.0296 -0.0164 -0.0188 0.0055 0.1266 0.4194 0.4132
1494806400.0000 137850.0000 -0.4021 -0.1245 0.2509 0.5293 72.8028 0.0789 0.0717 0.0304 -0.0140 -0.0122 0.0007 0.0905 0.5011 0.5323
1494806400.0000 138150.0000 0.0434 -0.4103 0.1078 0.5432 353.9688 0.0819 0.1246 0.0477 0.0287 -0.0361 -0.0216 0.1271 0.6825 0.6358
1494806400.0000 138450.0000 0.2653 -0.3419 -0.0630 0.5334 322.1897 0.0588 0.1140 0.0529 -0.0022 -0.0257 -0.0272 0.1128 0.6271 0.5545
1494806400.0000 138750.0000 -0.1703 0.0343 0.0487 0.2965 101.4016 0.0265 0.0609 0.0192 -0.0024 -0.0047 -0.0143 0.0533 1.0453 0.9830
1494806400.0000 139050.0000 -0.3047 0.2202 0.0768 0.4083 125.8520 0.0303 0.0291 0.0177 -0.0106 -0.0027 -0.0040 0.0386 0.4180 0.3746
1494806400.0000 139350.0000 -0.2016 0.1835 0.0309 0.3253 132.3121 0.0297 0.0248 0.0275 -0.0000 -0.0093 -0.0123 0.0410 0.6024 0.4943
1494806400.0000 139650.0000 -0.0856 0.3349 -0.1085 0.4352 165.6615 0.0637 0.0270 0.0456 0.0020 -0.0343 -0.0077 0.0682 0.5883 0.5030
1494806400.0000 139950.0000 -0.2519 0.3820 -0.0024 0.4916 146.5910 0.0292 0.0486 0.0267 0.0002 -0.0084 -0.0144 0.0523 0.4079 0.3520
1494806400.0000 140250.0000 -0.0107 0.0796 0.0002 0.2460 172.3538 0.0318 0.0429 0.0261 0.0055 -0.0153 -0.0121 0.0504 2.2812 1.9638
1494806400.0000 140550.0000 -0.1715 0.1899 -0.0208 0.2910 137.9104 0.0227 0.0195 0.0123 -0.0076 -0.0087 0.0015 0.0273 0.5251 0.4636
1494806400.0000 140850.0000 -0.0182 -0.1218 0.0193 0.3614 8.5128 0.0858 0.0933 0.0225 -0.0540 -0.0212 0.0027 0.1008 2.0801 1.9842
1494806400.0000 141150.0000 -0.2472 -0.1958 0.1732 0.4107 51.6216 0.0271 0.0722 0.0172 -0.0157 -0.0013 0.0012 0.0582 0.5475 0.5767
1494806400.0000 141450.0000 -0.3783 -0.3560 0.2491 0.6386 46.7429 0.0611 0.1224 0.0284 -0.0321 -0.0096 -0.0028 0.1060 0.4613 0.4760
1494806400.0000 141750.0000 -0.1659 0.0414 0.0221 0.2810 104.0227 0.0151 0.0535 0.0178 -0.0012 -0.0038 -0.0094 0.0432 0.9839 0.8840
1494806400.0000 142050.0000 -0.1345 -0.1498 0.0754 0.3187 41.9306 0.0328 0.0679 0.0120 -0.0157 -0.0042 0.0006 0.0563 0.9012 0.9098
1494806400.0000 142350.0000 -0.2114 0.0637 0.0769 0.4758 106.7694 0.0869 0.1263 0.0201 -0.0862 -0.0144 0.0093 0.1167 1.1927 1.2074
1494806400.0000 142650.0000 0.0700 0.0521 -0.0314 0.4145 233.3554 0.0910 0.0988 0.0397 -0.0332 -0.0356 -0.0117 0.1147 2.9834 2.8839
1494806400.0000 142950.0000 -0.2913 -0.1259 0.1527 0.4125 66.6190 0.0260 0.0899 0.0196 0.0022 -0.0038 -0.0143 0.0678 0.6036 0.6195
1494806400.0000 143250.0000 -0.4018 -0.3315 0.2921 0.6208 50.4745 0.0977 0.0865 0.0272 -0.0101 -0.0170 -0.0014 0.1057 0.4444 0.4757
1494806400.0000 143550.0000 -0.1771 -0.1182 0.1208 0.4759 56.2884 0.1560 0.0682 0.0502 -0.0319 -0.0570 0.0034 0.1372 1.2355 1.2839
1494806400.0000 143850.0000 -0.3038 -0.0937 0.1713 0.4629 72.8559 0.0600 0.0916 0.0280 -0.0144 -0.0124 -0.0157 0.0898 0.6776 0.7071
1494806400.0000 144150.0000 -0.3904 -0.0337 0.2116 0.4636 85.0688 0.0419 0.0670 0.0172 -0.0215 -0.0047 -0.0050 0.0630 0.4604 0.4863
1494806400.0000 144450.0000 -0.4421 -0.2342 0.2569 0.5795 62.0848 0.0398 0.0907 0.0187 -0.0158 -0.0055 0.0074 0.0747 0.3967 0.4170
1494806400.0000 144750.0000 -0.1751 -0.2646 0.1414 0.4342 33.4904 0.0625 0.0954 0.0314 0.0032 -0.0175 -0.0165 0.0947 0.7233 0.7232
1494806400.0000 145050.0000 -0.0514 -0.3278 0.1067 0.4315 8.9105 0.0639 0.0516 0.0153 -0.0066 -0.0116 0.0023 0.0654 0.5991 0.5914
1494806400.0000 145350.0000 -0.2144 -0.2925 0.1794 0.4743 36.2322 0.0568 0.0780 0.0154 -0.0061 -0.0105 -0.0048 0.0751 0.5531 0.5845
1494806400.0000 145650.0000 -0.2202 -0.0484 0.0997 0.4884 77.6112 0.0693 0.1581 0.0176 -0.0774 0.0042 -0.0174 0.1225 1.1593 1.2213
1494806400.0000 145950.0000 -0.0734 0.0521 0.0171 0.3393 125.4073 0.0499 0.0919 0.0144 -0.0489 -0.0079 -0.0034 0.0781 2.4905 2.4156
1494806400.0000 146250.0000 0.2884 -0.3553 -0.0670 0.5594 320.9331 0.0312 0.1804 0.0244 -0.0322 -0.0057 -0.0190 0.1180 0.6064 0.5804
1494806400.0000 146550.0000 -0.2158 0.2536 -0.0105 0.3868 139.6053 0.0174 0.0531 0.0175 -0.0138 -0.0038 -0.0112 0.0439 0.5138 0.4601
1494806400.0000 146850.0000 -0.1344 0.1424 -0.0222 0.2640 136.6523 0.0348 0.0054 0.0145 -0.0019 -0.0126 -0.0003 0.0273 0.6851 0.5914
1494806400.0000 147150.0000 0.1168 -0.1635 -0.0152 0.2694 324.4638 0.0183 0.0375 0.0132 0.0037 -0.0065 -0.0112 0.0345 0.7527 0.6788
1494806400.0000 147450.0000 -0.0026 -0.0522 0.0168 0.2939 2.8439 0.0308 0.0696 0.0125 -0.0167 -0.0062 -0.0107 0.0564 3.5306 3.4977
1494806400.0000 147750.0000 0.1421 -0.1527 -0.0484 0.2874 317.0582 0.0201 0.0449 0.0142 -0.0095 -0.0030 -0.0091 0.0396 0.7590 0.7057
1494806400.0000 148050.0000 0.0782 -0.2750 0.0247 0.3174 344.1252 0.0204 0.0099 0.0071 -0.0046 -0.0029 -0.0005 0.0187 0.3895 0.3519
1494806400.0000 148350.0000 0.1687 0.0054 -0.1135 0.2364 268.1763 0.0102 0.0262 0.0119 0.0055 -0.0066 -0.0114 0.0241 0.6233 0.6522
1494806400.0000 148650.0000 0.2867 0.0489 -0.1451 0.3211 260.3134 0.0145 0.0201 0.0164 0.0057 -0.0104 -0.0066 0.0255 0.4010 0.3689
1494806400.0000 148950.0000 0.2682 0.0302 -0.1361 0.2911 263.5722 0.0157 0.0118 0.0111 0.0052 -0.0101 -0.0058 0.0193 0.3751 0.3545
1494806400.0000 149250.0000 0.2784 0.0995 -0.1538 0.3350 250.3258 0.0128 0.0216 0.0127 -0.0038 -0.0045 -0.0082 0.0236 0.3761 0.3623
1494806400.0000 149550.0000 0.3142 -0.0095 -0.1307 0.3543 271.7245 0.0121 0.0297 0.0180 0.0029 -0.0072 -0.0133 0.0299 0.4148 0.3755
1494806400.0000 149850.0000 0.3699 0.0741 -0.1849 0.4065 258.6704 0.0142 0.0248 0.0172 0.0042 -0.0099 -0.0082 0.0281 0.3259 0.3022
1494806400.0000 150150.0000 0.3368 0.0778 -0.1732 0.3721 256.9953 0.0143 0.0194 0.0144 0.0027 -0.0101 -0.0067 0.0241 0.3275 0.3065
1494806400.0000 150450.0000 0.3679 0.0903 -0.1813 0.3890 256.2018 0.0145 0.0076 0.0165 0.0026 -0.0118 -0.0043 0.0193 0.2703 0.2267
1494806400.0000 150750.0000 0.3573 0.1373 -0.2145 0.3992 248.9867 0.0094 0.0143 0.0114 0.0017 -0.0060 -0.0061 0.0176 0.2466 0.2323
1494806400.0000 151050.0000 0.3866 0.0990 -0.2013 0.4110 255.6408 0.0123 0.0096 0.0132 0.0023 -0.0091 -0.0035 0.0175 0.2419 0.2140
