1494720000.0000 150.0000 -0.4573 -0.7652 -0.2369 0.8997 30.8624 0.0255 0.0256 0.0083 0.0140 0.0071 0.0102 0.0297 0.1526 0.1464
1494720000.0000 450.0000 -0.4108 -0.8041 -0.2425 0.9091 27.0637 0.0157 0.0134 0.0060 0.0056 0.0029 0.0052 0.0176 0.1157 0.1091
1494720000.0000 750.0000 -0.3931 -0.8172 -0.2486 0.9113 25.6872 0.0108 0.0130 0.0053 0.0044 0.0021 0.0054 0.0145 0.1047 0.0982
1494720000.0000 1050.0000 -0.3063 -0.6390 -0.1962 0.7158 25.6077 0.0276 0.0441 0.0092 0.0280 0.0084 0.0140 0.0405 0.2234 0.2182
1494720000.0000 1350.0000 -0.1049 -0.3463 -0.1481 0.3815 16.8590 0.0199 0.0197 0.0068 0.0116 0.0021 0.0048 0.0232 0.3180 0.3176
1494720000.0000 1650.0000 -0.2035 -0.4884 -0.1393 0.5341 22.6187 0.0086 0.0149 0.0038 0.0074 0.0018 0.0038 0.0137 0.1747 0.1675
1494720000.0000 1950.0000 -0.1485 -0.3666 -0.1099 0.4084 22.0433 0.0188 0.0304 0.0074 0.0164 0.0042 0.0090 0.0283 0.3345 0.3237
1494720000.0000 2250.0000 -0.1615 -0.0227 -0.0453 0.2446 82.0024 0.0177 0.0315 0.0046 -0.0023 0.0011 0.0042 0.0269 0.7910 0.7854
1494720000.0000 2550.0000 -0.3191 0.0419 -0.0396 0.3574 97.4833 0.0245 0.0235 0.0067 -0.0039 0.0044 0.0018 0.0273 0.4164 0.3930
1494720000.0000 2850.0000 -0.3295 0.0674 -0.0605 0.3883 101.5607 0.0467 0.0504 0.0091 -0.0291 0.0101 -0.0057 0.0531 0.5506 0.5349
1494720000.0000 3150.0000 -0.2033 0.0809 -0.0269 0.2857 111.7048 0.0239 0.0422 0.0070 0.0008 0.0038 0.0027 0.0365 0.7078 0.6783
1494720000.0000 3450.0000 -0.2498 0.0462 -0.0121 0.3036 100.4781 0.0238 0.0236 0.0069 0.0043 0.0031 0.0017 0.0271 0.5286 0.4945
1494720000.0000 3750.0000 -0.1919 0.0586 -0.0347 0.2496 106.9705 0.0217 0.0266 0.0066 -0.0064 0.0046 0.0000 0.0275 0.6648 0.6328
1494720000.0000 4050.0000 -0.3073 -0.0508 -0.0767 0.3496 80.6118 0.0340 0.0236 0.0111 -0.0014 0.0099 0.0022 0.0343 0.4716 0.4447
1494720000.0000 4350.0000 -0.2531 0.1998 -0.0065 0.3958 128.2788 0.0212 0.0747 0.0133 -0.0013 0.0060 0.0055 0.0546 0.5917 0.5545
1494720000.0000 4650.0000 -0.3485 0.3155 -0.0173 0.5157 132.1552 0.0393 0.0600 0.0124 -0.0029 0.0076 -0.0030 0.0558 0.4101 0.3869
1494720000.0000 4950.0000 -0.0621 0.2715 0.0527 0.3437 167.1176 0.0339 0.0617 0.0118 -0.0104 0.0068 0.0025 0.0537 0.6676 0.6411
1494720000.0000 5250.0000 -0.1014 0.4068 0.1019 0.4690 166.0017 0.0377 0.0615 0.0161 -0.0054 0.0038 -0.0062 0.0576 0.4542 0.4337
1494720000.0000 5550.0000 -0.0364 0.3759 0.1077 0.4421 174.4759 0.0529 0.0696 0.0188 -0.0035 0.0101 0.0024 0.0707 0.5527 0.5351
1494720000.0000 5850.0000 -0.1137 0.3077 0.0690 0.3913 159.7232 0.0491 0.0755 0.0143 -0.0191 0.0079 -0.0037 0.0694 0.6418 0.6212
1494720000.0000 6150.0000 -0.0706 0.4081 0.0780 0.4496 170.1888 0.0255 0.0609 0.0136 -0.0048 0.0017 0.0033 0.0501 0.4335 0.4100
1494720000.0000 6450.0000 -0.1147 0.2969 0.0638 0.3845 158.8858 0.0502 0.0611 0.0159 -0.0127 0.0101 -0.0038 0.0636 0.6343 0.6052
1494720000.0000 6750.0000 -0.1012 0.3551 0.0694 0.4130 164.0853 0.0247 0.0754 0.0105 -0.0016 0.0015 -0.0011 0.0553 0.5111 0.4948
1494720000.0000 7050.0000 0.1674 0.2899 0.1067 0.4131 210.0043 0.0767 0.0714 0.0138 0.0325 0.0105 0.0073 0.0809 0.6612 0.6637
1494720000.0000 7350.0000 0.1161 0.2070 0.0606 0.3231 209.2835 0.0522 0.0516 0.0134 0.0141 0.0069 0.0058 0.0586 0.8070 0.7836
1494720000.0000 7650.0000 0.0832 0.1411 0.0374 0.2360 210.5320 0.0179 0.0244 0.0047 0.0111 0.0025 0.0041 0.0235 0.7443 0.7244
1494720000.0000 7950.0000 0.0497 0.2462 0.0832 0.4061 191.4094 0.1182 0.0559 0.0181 0.0216 0.0267 0.0100 0.0961 0.9568 0.9593
1494720000.0000 8250.0000 -0.0508 0.1400 0.0297 0.2423 160.0674 0.0256 0.0466 0.0091 0.0034 0.0061 0.0083 0.0407 1.0841 1.0416
1494720000.0000 8550.0000 -0.3913 0.2936 0.0280 0.6148 126.8849 0.1797 0.0889 0.0226 -0.0138 0.0361 0.0024 0.1456 0.6358 0.6116
1494720000.0000 8850.0000 -0.2204 0.3076 0.0452 0.5122 144.3773 0.1617 0.1128 0.0220 -0.0174 0.0221 0.0060 0.1483 0.8250 0.7994
1494720000.0000 9150.0000 -0.0236 0.2875 0.0910 0.3373 175.3099 0.0353 0.0562 0.0126 -0.0140 0.0053 -0.0054 0.0520 0.6155 0.6051
1494720000.0000 9450.0000 0.0817 0.1232 0.0441 0.2016 213.5389 0.0186 0.0184 0.0055 0.0053 0.0010 0.0022 0.0212 0.7710 0.7511
1494720000.0000 9750.0000 0.1313 0.2318 0.0795 0.3065 209.5237 0.0277 0.0213 0.0079 0.0106 0.0032 0.0034 0.0285 0.4954 0.4800
1494720000.0000 10050.0000 0.0499 0.1771 0.0428 0.2954 195.7305 0.0581 0.0295 0.0081 0.0212 0.0072 0.0008 0.0479 0.9459 0.9291
1494720000.0000 10350.0000 -0.0758 0.1039 0.0122 0.3100 143.8793 0.0300 0.0831 0.0145 -0.0042 0.0035 0.0179 0.0638 1.5970 1.5103
1494720000.0000 10650.0000 -0.2764 0.4154 0.0330 0.8507 146.3556 0.5085 0.2571 0.0353 -0.0943 0.0488 0.0169 0.4005 1.0333 1.0125
1494720000.0000 10950.0000 0.1208 0.1879 0.0764 0.3202 212.7381 0.0374 0.0573 0.0130 -0.0004 0.0007 0.0087 0.0538 0.8023 0.7950
1494720000.0000 11250.0000 0.1800 0.1727 0.0742 0.3000 226.1779 0.0300 0.0330 0.0072 0.0036 -0.0049 0.0034 0.0351 0.5882 0.5813
1494720000.0000 11550.0000 -0.0795 0.3011 0.0897 0.3953 165.2182 0.0419 0.1164 0.0128 -0.0139 0.0035 0.0018 0.0856 0.7369 0.7376
1494720000.0000 11850.0000 -0.3783 0.3790 0.0196 0.5843 135.0561 0.0757 0.0515 0.0157 -0.0116 0.0104 -0.0044 0.0715 0.4074 0.3846
1494720000.0000 12150.0000 -0.0961 0.3845 0.0902 0.4679 165.9686 0.0655 0.0969 0.0169 -0.0244 0.0150 -0.0040 0.0896 0.6014 0.5869
1494720000.0000 12450.0000 -0.2578 0.4989 0.0712 0.6293 152.6730 0.1014 0.1131 0.0244 -0.0197 0.0172 -0.0071 0.1194 0.4985 0.4761
1494720000.0000 12750.0000 -0.0940 0.4457 0.1101 0.5488 168.0953 0.0950 0.1180 0.0261 -0.0113 0.0205 -0.0018 0.1195 0.6025 0.5850
1494720000.0000 13050.0000 -0.0502 0.2808 0.0856 0.4005 169.8665 0.0751 0.0633 0.0114 -0.0068 0.0116 0.0043 0.0749 0.7504 0.7531
1494720000.0000 13350.0000 -0.1473 0.3122 0.0294 0.3940 154.7437 0.0332 0.0296 0.0100 0.0019 0.0040 -0.0022 0.0364 0.4494 0.4188
1494720000.0000 13650.0000 0.0685 0.2381 0.0726 0.3622 196.0576 0.0649 0.0437 0.0095 -0.0198 0.0081 -0.0041 0.0590 0.7683 0.7677
1494720000.0000 13950.0000 0.2229 0.3833 0.1428 0.4687 210.1794 0.0367 0.0334 0.0123 0.0137 0.0039 0.0033 0.0412 0.3558 0.3447
1494720000.0000 14250.0000 -0.2046 0.4134 0.0486 0.5075 153.6607 0.0447 0.0734 0.0169 -0.0086 0.0067 -0.0085 0.0675 0.4575 0.4302
1494720000.0000 14550.0000 -0.2868 0.3371 0.0245 0.4875 139.6087 0.0662 0.0551 0.0127 -0.0172 0.0034 -0.0033 0.0670 0.4768 0.4544
1494720000.0000 14850.0000 0.0443 0.1962 0.0398 0.3170 192.7193 0.0543 0.0422 0.0071 -0.0159 0.0018 -0.0030 0.0518 0.9065 0.8917
1494720000.0000 15150.0000 -0.1427 0.3423 0.0366 0.4047 157.3678 0.0218 0.0390 0.0076 0.0021 0.0017 -0.0001 0.0342 0.4053 0.3840
1494720000.0000 15450.0000 -0.0308 0.1907 0.0585 0.2506 170.8299 0.0254 0.0341 0.0085 -0.0075 0.0016 -0.0022 0.0340 0.7462 0.7293
1494720000.0000 15750.0000 0.0750 0.2343 0.0673 0.3077 197.7446 0.0378 0.0294 0.0067 -0.0034 0.0023 0.0001 0.0369 0.6152 0.6080
1494720000.0000 16050.0000 0.1963 0.3864 0.1544 0.4763 206.9307 0.0420 0.0445 0.0128 0.0044 -0.0008 0.0021 0.0496 0.3954 0.3918
1494720000.0000 16350.0000 0.3387 0.3772 0.1124 0.5475 221.9250 0.0508 0.0461 0.0160 0.0095 -0.0041 0.0040 0.0564 0.3735 0.3545
1494720000.0000 16650.0000 -0.1847 0.3150 0.0815 0.4483 149.6221 0.0613 0.0876 0.0181 -0.0219 0.0095 0.0078 0.0835 0.6307 0.6103
1494720000.0000 16950.0000 -0.1312 0.3103 0.0588 0.3995 157.0844 0.0387 0.0719 0.0113 -0.0109 0.0057 -0.0011 0.0609 0.5894 0.5699
1494720000.0000 17250.0000 -0.2493 0.3106 0.0207 0.4605 141.2530 0.0698 0.0658 0.0126 -0.0107 0.0129 -0.0004 0.0741 0.5574 0.5338
1494720000.0000 17550.0000 -0.0519 0.2112 0.0614 0.2638 166.1831 0.0230 0.0299 0.0064 -0.0078 0.0023 0.0006 0.0296 0.6219 0.6104
1494720000.0000 17850.0000 -0.2590 0.2971 0.0339 0.4427 138.9209 0.0468 0.0671 0.0155 -0.0117 0.0114 0.0039 0.0648 0.5253 0.4946
1494720000.0000 18150.0000 -0.2180 0.2421 0.0017 0.3591 137.9990 0.0189 0.0392 0.0063 -0.0046 0.0025 -0.0012 0.0322 0.4496 0.4271
1494720000.0000 18450.0000 -0.1766 0.2313 0.0219 0.3446 142.6365 0.0334 0.0499 0.0123 -0.0164 0.0094 -0.0039 0.0478 0.6118 0.5727
1494720000.0000 18750.0000 -0.3098 0.4331 0.0315 0.5844 144.4204 0.0593 0.0538 0.0154 -0.0028 0.0094 -0.0027 0.0643 0.3881 0.3647
1494720000.0000 19050.0000 -0.0140 0.4163 0.1176 0.4588 178.0781 0.0310 0.0530 0.0148 -0.0053 0.0011 0.0005 0.0494 0.4192 0.4016
1494720000.0000 19350.0000 -0.1217 0.5216 0.1122 0.5740 166.8632 0.0449 0.0948 0.0164 -0.0185 0.0047 -0.0004 0.0781 0.4170 0.4030
1494720000.0000 19650.0000 -0.1853 0.4611 0.1003 0.5440 158.1047 0.0695 0.1175 0.0223 -0.0433 0.0113 -0.0144 0.1047 0.5211 0.5025
1494720000.0000 19950.0000 -0.4082 0.5070 0.0614 0.7539 141.1591 0.1397 0.1783 0.0296 -0.0180 0.0290 0.0118 0.1738 0.5206 0.5002
1494720000.0000 20250.0000 -0.4594 0.2894 -0.0236 0.5956 122.2126 0.0998 0.0856 0.0225 -0.0348 0.0205 -0.0024 0.1040 0.4844 0.4579
1494720000.0000 20550.0000 -0.3352 0.2104 -0.0066 0.4512 122.1178 0.0478 0.0365 0.0118 0.0019 0.0122 0.0001 0.0481 0.4521 0.4236
1494720000.0000 20850.0000 -0.3869 0.3502 0.0378 0.5633 132.1502 0.0505 0.0536 0.0206 -0.0055 0.0108 0.0008 0.0624 0.3898 0.3570
1494720000.0000 21150.0000 -0.2037 0.2570 0.0578 0.3717 141.6101 0.0363 0.0347 0.0156 -0.0059 0.0111 -0.0002 0.0433 0.5104 0.4692
1494720000.0000 21450.0000 -0.2439 0.5674 0.0658 0.6683 156.7358 0.0685 0.0900 0.0197 -0.0171 0.0131 -0.0052 0.0891 0.3924 0.3722
1494720000.0000 21750.0000 -0.2306 0.4729 0.0829 0.6053 154.0008 0.0921 0.0617 0.0215 -0.0036 0.0220 -0.0027 0.0876 0.4538 0.4304
1494720000.0000 22050.0000 -0.3874 0.3572 0.0274 0.5687 132.6763 0.0722 0.0589 0.0214 -0.0215 0.0216 -0.0111 0.0762 0.4272 0.3967
1494720000.0000 22350.0000 -0.4285 0.3535 0.0156 0.6352 129.5193 0.0934 0.0901 0.0264 0.0037 0.0299 0.0060 0.1050 0.4760 0.4453
1494720000.0000 22650.0000 -0.4527 0.1524 -0.0390 0.5401 108.6017 0.0738 0.0531 0.0254 -0.0015 0.0195 0.0042 0.0762 0.4702 0.4306
1494720000.0000 22950.0000 -0.3206 0.3321 0.0428 0.5525 136.0075 0.0864 0.0808 0.0257 0.0082 0.0244 0.0090 0.0964 0.5469 0.5114
1494720000.0000 23250.0000 -0.1680 0.5906 0.1535 0.6949 164.1187 0.1072 0.1767 0.0264 -0.0286 0.0202 -0.0084 0.1552 0.5081 0.5010
1494720000.0000 23550.0000 -0.2865 0.5488 0.0888 0.6791 152.4323 0.0952 0.0972 0.0271 -0.0159 0.0217 -0.0077 0.1098 0.4325 0.4091
1494720000.0000 23850.0000 0.0350 0.3724 0.1290 0.4260 185.3624 0.0463 0.0377 0.0184 -0.0021 0.0060 -0.0020 0.0512 0.4669 0.4473
1494720000.0000 24150.0000 -0.1113 0.6854 0.1594 0.7822 170.7800 0.1342 0.1485 0.0315 -0.0096 0.0304 0.0004 0.1571 0.4542 0.4421
1494720000.0000 24450.0000 0.0730 0.5512 0.1743 0.6273 187.5401 0.0995 0.0512 0.0219 0.0137 0.0201 0.0007 0.0863 0.4117 0.4032
1494720000.0000 24750.0000 -0.2346 0.3862 0.0688 0.5429 148.7189 0.1009 0.0516 0.0233 -0.0030 0.0287 -0.0015 0.0879 0.5296 0.4990
1494720000.0000 25050.0000 -0.5086 0.3826 0.0174 0.6885 126.9551 0.0841 0.0779 0.0281 -0.0167 0.0198 -0.0056 0.0951 0.3954 0.3651
1494720000.0000 25350.0000 -0.3395 0.6501 0.1232 0.7931 152.4212 0.0764 0.1467 0.0324 -0.0050 0.0162 -0.0016 0.1277 0.3924 0.3718
1494720000.0000 25650.0000 -0.1411 0.6504 0.1349 0.7301 167.7585 0.0854 0.1472 0.0286 -0.0411 0.0127 -0.0041 0.1306 0.4345 0.4184
1494720000.0000 25950.0000 -0.3048 0.6347 0.1230 0.7861 154.3465 0.1302 0.1451 0.0330 -0.0196 0.0249 -0.0162 0.1542 0.4485 0.4303
1494720000.0000 26250.0000 -0.3996 0.8839 0.1325 1.0326 155.6716 0.1283 0.1622 0.0474 -0.0174 0.0335 -0.0142 0.1690 0.3428 0.3208
1494720000.0000 26550.0000 -0.1339 0.6115 0.1296 0.6873 167.6494 0.0738 0.1746 0.0232 -0.0342 0.0108 0.0040 0.1358 0.4707 0.4597
1494720000.0000 26850.0000 -0.3097 0.4534 0.0825 0.6227 145.6620 0.0918 0.1016 0.0331 -0.0213 0.0257 -0.0140 0.1132 0.4949 0.4624
1494720000.0000 27150.0000 -0.4634 0.2661 0.0102 0.6145 119.8644 0.1412 0.0829 0.0286 -0.0066 0.0351 0.0049 0.1264 0.5430 0.5115
1494720000.0000 27450.0000 -0.2968 0.4549 0.0514 0.6328 146.8788 0.0779 0.1075 0.0255 0.0220 0.0248 0.0125 0.1055 0.4860 0.4577
1494720000.0000 27750.0000 -0.2903 0.5526 0.0891 0.6856 152.2845 0.0729 0.1137 0.0262 -0.0037 0.0163 0.0014 0.1064 0.4223 0.3995
1494720000.0000 28050.0000 -0.4378 0.1143 -0.0393 0.5895 104.6351 0.1073 0.1372 0.0304 -0.0458 0.0191 0.0092 0.1374 0.6666 0.6310
1494720000.0000 28350.0000 -0.4398 -0.1839 -0.1326 0.6023 67.3058 0.0817 0.1615 0.0450 -0.0141 0.0209 0.0351 0.1441 0.6265 0.5973
1494720000.0000 28650.0000 -0.4876 -0.3896 -0.1743 0.7422 51.3712 0.1365 0.1844 0.0608 -0.0090 0.0396 0.0570 0.1908 0.5504 0.5240
1494720000.0000 28950.0000 -0.4789 -0.5150 -0.1961 0.8295 42.9206 0.0855 0.3168 0.0615 0.0392 0.0334 0.1002 0.2319 0.5386 0.5207
1494720000.0000 29250.0000 -0.4668 -0.3717 -0.1947 0.6910 51.4726 0.0959 0.1156 0.0361 0.0022 0.0237 0.0168 0.1238 0.4577 0.4450
1494720000.0000 29550.0000 -0.5360 -0.5944 -0.2607 0.9409 42.0420 0.0756 0.3332 0.0603 0.0286 0.0264 0.0868 0.2345 0.4697 0.4612
1494720000.0000 29850.0000 -0.4953 0.0089 -0.0544 0.6258 91.0240 0.0994 0.1683 0.0457 -0.0350 0.0139 0.0448 0.1567 0.6485 0.6029
1494720000.0000 30150.0000 -0.5927 -0.1260 -0.1287 0.8043 77.9975 0.1247 0.2837 0.0634 -0.0746 0.0173 0.0520 0.2359 0.6402 0.6089
1494720000.0000 30450.0000 -0.4312 0.2464 0.0250 0.7004 119.7434 0.0990 0.3228 0.0536 -0.0105 0.0249 0.0575 0.2377 0.8006 0.7550
1494720000.0000 30750.0000 -0.4663 0.1129 -0.0395 0.6780 103.6139 0.1007 0.2515 0.0502 -0.0436 0.0204 0.0442 0.2012 0.7608 0.7142
1494720000.0000 31050.0000 -0.3974 0.8609 0.1455 1.0266 155.2239 0.1276 0.2857 0.0565 -0.0243 0.0363 0.0189 0.2349 0.4125 0.3914
1494720000.0000 31350.0000 -0.4604 0.6095 0.0767 0.8501 142.9344 0.1527 0.1773 0.0429 -0.0197 0.0369 -0.0001 0.1864 0.4592 0.4342
1494720000.0000 31650.0000 -0.3604 0.6097 0.1189 0.8500 149.4150 0.2326 0.1366 0.0695 0.0077 0.0736 0.0051 0.2194 0.5325 0.4953
1494720000.0000 31950.0000 -0.0744 0.6291 0.1763 0.6918 173.2545 0.0680 0.1233 0.0314 -0.0294 0.0082 -0.0051 0.1113 0.4143 0.3986
1494720000.0000 32250.0000 0.0864 0.3125 0.1023 0.4946 195.4650 0.0799 0.1344 0.0380 -0.0281 0.0135 0.0188 0.1262 0.8531 0.8244
1494720000.0000 32550.0000 -0.0602 0.2751 0.0834 0.3733 167.6586 0.0316 0.0779 0.0223 -0.0108 0.0048 0.0144 0.0659 0.7137 0.6785
1494720000.0000 32850.0000 -0.1276 0.4941 0.1067 0.7378 165.5192 0.3096 0.0705 0.0362 0.0007 0.0322 0.0073 0.2082 0.7146 0.6975
1494720000.0000 33150.0000 -0.0371 -0.1443 -0.0177 0.3863 14.4140 0.1221 0.0687 0.0312 0.0083 0.0326 0.0214 0.1110 1.8125 1.6922
1494720000.0000 33450.0000 0.4123 -0.0906 0.0239 0.6524 282.3966 0.1300 0.2061 0.0544 0.0753 0.0074 0.0623 0.1953 0.8533 0.7929
1494720000.0000 33750.0000 0.3677 -0.1221 -0.0396 0.5782 288.3741 0.1229 0.1542 0.0631 0.0307 -0.0106 0.0508 0.1701 0.8647 0.7845
1494720000.0000 34050.0000 0.5663 0.1618 0.0688 0.7221 254.0510 0.2097 0.0957 0.0480 -0.0421 -0.0122 0.0138 0.1766 0.5787 0.5416
1494720000.0000 34350.0000 0.1836 0.1288 0.0389 0.5501 234.9548 0.2324 0.1019 0.0305 -0.0520 0.0070 0.0242 0.1824 1.5319 1.4883
1494720000.0000 34650.0000 -0.0063 0.6554 0.1650 0.8905 179.4476 0.3733 0.1121 0.0479 -0.0134 0.0552 0.0031 0.2667 0.6239 0.6138
1494720000.0000 34950.0000 0.0726 0.2206 0.1258 0.3484 198.2277 0.0522 0.0598 0.0242 -0.0120 0.0073 0.0132 0.0681 0.8068 0.8320
1494720000.0000 35250.0000 0.3518 0.2673 0.1144 0.6132 232.7662 0.1449 0.1027 0.0297 -0.0206 0.0083 0.0096 0.1387 0.6662 0.6503
1494720000.0000 35550.0000 -0.0538 -0.0209 -0.0463 0.4120 68.7966 0.1329 0.1380 0.0400 0.0569 0.0301 0.0320 0.1554 4.3508 5.2057
1494720000.0000 35850.0000 -0.3454 0.1587 0.0244 0.6091 114.6766 0.1012 0.2415 0.0428 -0.0322 0.0204 0.0384 0.1927 0.9412 0.8892
1494720000.0000 36150.0000 -0.2576 0.3888 0.0790 0.6231 146.4694 0.1162 0.1718 0.0546 -0.0264 0.0229 0.0210 0.1713 0.7144 0.6644
1494720000.0000 36450.0000 -0.3629 0.3260 0.0408 0.7154 131.9397 0.1511 0.2876 0.0771 -0.0069 0.0482 0.0528 0.2579 0.8471 0.7840
1494720000.0000 36750.0000 -0.6799 0.9845 0.1068 1.3352 145.3707 0.2055 0.4862 0.1060 0.0079 0.0680 0.0298 0.3989 0.4293 0.4013
1494720000.0000 37050.0000 -0.4945 0.7706 0.1037 1.0529 147.3103 0.3171 0.3168 0.0742 -0.0563 0.0608 0.0156 0.3540 0.5272 0.5020
1494720000.0000 37350.0000 -0.1203 0.6390 0.1758 0.8034 169.3431 0.1978 0.2414 0.0753 -0.0522 0.0501 0.0143 0.2572 0.6148 0.5884
1494720000.0000 37650.0000 0.2924 -0.0498 0.0272 0.6454 279.6680 0.1765 0.2518 0.0524 0.0799 0.0341 0.0606 0.2404 1.3439 1.2739
1494720000.0000 37950.0000 0.7268 0.5050 0.1656 0.9902 235.2086 0.1791 0.2197 0.0670 0.0106 -0.0257 0.0542 0.2329 0.4376 0.4119
1494720000.0000 38250.0000 0.7665 0.8515 0.2458 1.2304 221.9944 0.2104 0.2142 0.0663 0.0388 -0.0207 0.0369 0.2455 0.3453 0.3284
1494720000.0000 38550.0000 0.6033 0.4439 0.1163 0.9287 233.6561 0.1559 0.3347 0.0637 0.0245 -0.0199 0.0810 0.2772 0.5671 0.5399
1494720000.0000 38850.0000 0.2507 0.5665 0.1570 0.7134 203.8705 0.1327 0.1083 0.0387 0.0738 0.0248 0.0209 0.1398 0.4778 0.4575
1494720000.0000 39150.0000 -0.3489 0.3617 0.0399 0.5497 136.0338 0.0685 0.0406 0.0274 -0.0043 0.0190 0.0030 0.0683 0.4231 0.3796
1494720000.0000 39450.0000 -0.2769 0.4603 0.0497 0.6679 148.9690 0.1493 0.1650 0.0498 -0.0034 0.0282 0.0067 0.1820 0.6457 0.6025
1494720000.0000 39750.0000 0.3743 0.5151 0.1770 0.8091 216.0064 0.1977 0.2134 0.0645 0.0090 -0.0219 0.0485 0.2378 0.6025 0.5814
1494720000.0000 40050.0000 0.0224 -0.3677 -0.1107 0.7965 356.5116 0.4388 0.2452 0.1096 0.0596 0.0909 0.0897 0.3968 1.3371 1.2962
1494720000.0000 40350.0000 -0.3667 1.0260 0.2366 1.5499 160.3341 0.6821 1.1390 0.1711 -0.1813 0.1241 0.1371 0.9961 0.7309 0.7151
1494720000.0000 40650.0000 -0.0309 0.8233 0.2491 0.9326 177.8510 0.1544 0.3005 0.0581 -0.0660 0.0076 0.0126 0.2565 0.4805 0.4727
1494720000.0000 40950.0000 -0.4123 0.8593 0.2139 1.1154 154.3677 0.3367 0.4074 0.0846 -0.0469 0.0778 0.0078 0.4143 0.5381 0.5225
1494720000.0000 41250.0000 0.4208 0.5886 0.1983 0.7961 215.5652 0.1109 0.1614 0.0495 0.0560 0.0120 0.0261 0.1609 0.4365 0.4164
1494720000.0000 41550.0000 0.5363 0.6659 0.1990 1.0047 218.8508 0.3280 0.1849 0.0538 0.0256 0.0045 0.0145 0.2833 0.4951 0.4836
1494720000.0000 41850.0000 -0.3890 0.5353 0.0763 0.7570 143.9972 0.0885 0.3089 0.0429 -0.0353 0.0158 0.0172 0.2202 0.5752 0.5501
1494720000.0000 42150.0000 -0.0173 0.6227 0.1999 0.8191 178.4050 0.2040 0.3854 0.0917 0.0599 0.0593 0.0900 0.3405 0.7282 0.7115
1494720000.0000 42450.0000 -0.3655 0.0160 -0.0020 0.9074 92.4999 0.2328 0.6783 0.1166 0.0025 0.0647 0.1486 0.5139 1.6000 1.5065
1494720000.0000 42750.0000 -0.0868 0.5388 0.1407 0.7719 170.8472 0.1619 0.3740 0.0561 -0.0890 0.0145 0.0313 0.2960 0.7882 0.7744
1494720000.0000 43050.0000 0.1981 0.1300 0.0098 0.6083 236.7195 0.2008 0.2539 0.0564 -0.0859 -0.0199 0.0695 0.2555 1.7406 1.6432
1494720000.0000 43350.0000 0.0969 0.5227 0.1652 0.6929 190.5055 0.1821 0.1147 0.0318 -0.0600 -0.0035 0.0068 0.1643 0.5945 0.5916
1494720000.0000 43650.0000 0.3788 0.4069 0.1341 0.7444 222.9468 0.2868 0.1014 0.0352 -0.0452 -0.0192 0.0152 0.2117 0.6570 0.6471
1494720000.0000 43950.0000 -0.0943 0.8217 0.2254 1.0349 173.4534 0.3689 0.2589 0.0626 0.1105 0.0329 0.0206 0.3452 0.5596 0.5530
1494720000.0000 44250.0000 -0.3679 0.7295 0.1715 1.0334 153.2364 0.3439 0.3528 0.0821 -0.0507 0.0596 -0.0152 0.3894 0.6103 0.5899
1494720000.0000 44550.0000 -0.1568 0.5833 0.1388 0.7756 164.9543 0.2196 0.3618 0.0480 -0.0963 0.0188 0.0154 0.3147 0.7390 0.7288
1494720000.0000 44850.0000 -0.2935 1.0165 0.2030 1.1400 163.8934 0.1869 0.5791 0.0733 -0.1338 0.0030 0.0471 0.4197 0.4910 0.4776
1494720000.0000 45150.0000 0.5623 0.1535 0.0368 0.7744 254.7277 0.1090 0.2940 0.0565 0.0728 0.0090 0.0727 0.2297 0.6700 0.6288
1494720000.0000 45450.0000 -0.0122 0.3200 0.0856 0.9583 177.8246 0.6872 0.3809 0.1351 0.1945 0.1694 0.1187 0.6016 1.9106 1.8634
1494720000.0000 45750.0000 0.1757 1.2985 0.4428 1.4523 187.7049 0.3913 0.4792 0.0905 -0.1473 0.0177 -0.0374 0.4805 0.4092 0.4111
1494720000.0000 46050.0000 0.8879 1.2466 0.3997 1.6176 215.4605 0.3663 0.3565 0.0935 0.0957 -0.0142 0.0308 0.4082 0.3298 0.3207
1494720000.0000 46350.0000 0.0319 0.9086 0.2918 1.0255 182.0085 0.2225 0.2335 0.0548 -0.0009 0.0216 -0.0041 0.2554 0.4321 0.4288
1494720000.0000 46650.0000 -0.1786 0.8641 0.1862 1.1380 168.3241 0.4905 0.3780 0.0756 -0.1358 0.0747 -0.0059 0.4721 0.6221 0.6098
1494720000.0000 46950.0000 0.0158 0.9079 0.3000 1.0386 180.9984 0.2704 0.2847 0.0596 0.0306 0.0580 -0.0062 0.3074 0.4734 0.4738
1494720000.0000 47250.0000 -0.0865 0.9638 0.3011 1.1083 174.8690 0.3281 0.3063 0.0708 -0.0233 0.0561 -0.0024 0.3526 0.4784 0.4752
1494720000.0000 47550.0000 0.0541 0.9931 0.3269 1.0955 183.1207 0.2295 0.2421 0.0777 0.0047 0.0576 0.0086 0.2747 0.4087 0.3986
1494720000.0000 47850.0000 0.4873 0.5750 0.2028 0.9220 220.2798 0.2625 0.2023 0.0621 -0.0428 -0.0104 0.0295 0.2634 0.5369 0.5222
1494720000.0000 48150.0000 0.1626 0.0009 0.0172 0.7570 269.6795 0.2258 0.4212 0.1197 0.0876 0.0328 0.1737 0.3833 3.0910 2.8553
1494720000.0000 48450.0000 0.7484 0.9027 0.2975 1.2839 219.6582 0.2170 0.2819 0.0950 0.0118 -0.0305 0.0484 0.2969 0.3678 0.3478
1494720000.0000 48750.0000 0.8867 1.1763 0.4397 1.5632 217.0081 0.3207 0.2938 0.0953 0.0735 -0.0356 0.0081 0.3549 0.3164 0.3072
1494720000.0000 49050.0000 0.7303 1.0702 0.3610 1.3943 214.3107 0.3488 0.2330 0.0839 0.0876 -0.0064 0.0218 0.3329 0.3503 0.3399
1494720000.0000 49350.0000 -0.0661 1.0679 0.2504 1.2969 176.4563 0.5312 0.3075 0.0795 -0.1365 0.0390 -0.0131 0.4591 0.5035 0.4942
1494720000.0000 49650.0000 -0.0237 1.1531 0.2982 1.3231 178.8204 0.4271 0.4627 0.1046 -0.1030 0.0604 0.0185 0.4972 0.4833 0.4722
1494720000.0000 49950.0000 0.1320 0.9371 0.2294 1.2425 188.0208 0.5739 0.6414 0.0726 -0.2970 -0.0211 0.0287 0.6439 0.6729 0.6726
1494720000.0000 50250.0000 0.1061 0.9274 0.3131 1.0554 186.5285 0.2251 0.2807 0.0557 -0.0926 0.0174 -0.0077 0.2807 0.4394 0.4399
1494720000.0000 50550.0000 0.0342 0.7039 0.2121 0.7953 182.7793 0.1371 0.1345 0.0410 -0.0063 0.0147 0.0106 0.1563 0.4386 0.4269
1494720000.0000 50850.0000 0.0942 1.0485 0.3265 1.2363 185.1313 0.4575 0.3084 0.0840 0.0160 0.0800 -0.0012 0.4249 0.4829 0.4800
1494720000.0000 51150.0000 0.0968 0.6490 0.2179 0.7834 188.4811 0.2067 0.1510 0.0497 0.0202 0.0435 0.0198 0.2037 0.5330 0.5262
1494720000.0000 51450.0000 -0.2760 0.9311 0.1904 1.0792 163.4879 0.1874 0.4553 0.0733 -0.0792 0.0253 -0.0061 0.3580 0.4936 0.4766
1494720000.0000 51750.0000 0.0442 0.9642 0.2184 1.1430 182.6219 0.4021 0.2711 0.0683 -0.0091 0.0505 -0.0006 0.3707 0.5024 0.4908
1494720000.0000 52050.0000 -0.6318 0.7685 0.0915 1.1313 140.5768 0.2162 0.3182 0.0743 0.0454 0.0695 0.0202 0.3043 0.4509 0.4242
1494720000.0000 52350.0000 -0.2245 0.5557 0.1731 0.7370 158.0047 0.2087 0.1241 0.0517 0.0306 0.0691 0.0129 0.1923 0.5739 0.5558
1494720000.0000 52650.0000 -0.3066 1.0962 0.2133 1.2535 164.3735 0.2363 0.5303 0.0585 -0.1301 0.0311 -0.0072 0.4126 0.4529 0.4441
1494720000.0000 52950.0000 -0.4295 1.0741 0.2130 1.2502 158.2062 0.1810 0.4169 0.0702 -0.0493 0.0330 -0.0166 0.3341 0.4013 0.3860
1494720000.0000 53250.0000 -0.1419 0.7370 0.2269 0.8301 169.1026 0.1545 0.1812 0.0437 -0.0518 0.0269 -0.0076 0.1897 0.4536 0.4457
1494720000.0000 53550.0000 0.1049 0.7792 0.2371 0.9088 187.6700 0.2496 0.1629 0.0440 0.0126 0.0504 0.0039 0.2283 0.4750 0.4716
1494720000.0000 53850.0000 -0.5316 1.1873 0.2019 1.3989 155.8807 0.3109 0.6350 0.1089 -0.1372 0.0511 -0.0069 0.5274 0.4504 0.4316
1494720000.0000 54150.0000 0.0729 0.9128 0.3234 1.0277 184.5676 0.2410 0.2621 0.0700 -0.0547 0.0413 -0.0117 0.2866 0.4501 0.4472
1494720000.0000 54450.0000 0.0018 0.7363 0.2366 0.8118 180.1407 0.1250 0.1917 0.0304 -0.0676 0.0079 -0.0057 0.1735 0.4398 0.4413
1494720000.0000 54750.0000 0.2244 0.8640 0.3328 0.9888 194.5628 0.2161 0.2159 0.0558 0.0039 0.0186 -0.0177 0.2439 0.4233 0.4251
1494720000.0000 55050.0000 1.0658 0.6777 0.2222 1.3573 237.5490 0.3377 0.2513 0.0736 0.0459 -0.0509 0.0221 0.3313 0.3665 0.3508
1494720000.0000 55350.0000 0.5572 0.6925 0.2237 1.0170 218.8197 0.3055 0.2865 0.0661 0.0976 0.0025 0.0562 0.3290 0.5110 0.4998
1494720000.0000 55650.0000 0.3643 -0.0682 0.0125 0.8440 280.6040 0.2926 0.4580 0.1093 0.1090 0.0468 0.1586 0.4300 1.4437 1.3496
1494720000.0000 55950.0000 0.7118 0.9608 0.3019 1.2628 216.5327 0.1801 0.2343 0.0571 0.0435 -0.0160 0.0196 0.2357 0.3214 0.3108
1494720000.0000 56250.0000 0.5592 0.7916 0.2605 1.0748 215.2364 0.2241 0.1477 0.0447 0.0083 -0.0107 0.0045 0.2082 0.3712 0.3632
1494720000.0000 56550.0000 0.3118 0.7502 0.1875 0.9728 202.5652 0.2981 0.2195 0.0666 0.0556 0.0115 0.0301 0.2921 0.5292 0.5113
1494720000.0000 56850.0000 0.8348 -0.1854 -0.0245 1.0539 282.5218 0.2898 0.4178 0.1043 -0.0482 -0.0444 0.0908 0.4059 0.6081 0.5679
1494720000.0000 57150.0000 0.8831 0.2185 0.1045 1.1267 256.1027 0.2551 0.4591 0.0957 -0.0320 -0.0527 0.0893 0.4050 0.5675 0.5364
1494720000.0000 57450.0000 0.6699 0.4562 0.1617 0.9638 235.7458 0.2340 0.3212 0.0602 0.0624 -0.0127 0.0619 0.3077 0.5481 0.5309
1494720000.0000 57750.0000 0.7703 0.3669 0.1614 0.9817 244.5327 0.2333 0.1807 0.0703 -0.0418 -0.0518 0.0128 0.2422 0.4627 0.4354
1494720000.0000 58050.0000 0.7549 0.5989 0.1635 1.0841 231.5756 0.1648 0.2319 0.0871 -0.0026 -0.0417 0.0665 0.2419 0.4109 0.3774
1494720000.0000 58350.0000 0.3976 0.1565 0.0642 0.5894 248.5076 0.1251 0.1542 0.0500 0.0226 0.0013 0.0421 0.1646 0.7667 0.7140
1494720000.0000 58650.0000 0.6952 0.3672 0.1340 0.9547 242.1581 0.4445 0.3208 0.0962 0.2024 0.0078 0.0731 0.4308 0.6719 0.6424
1494720000.0000 58950.0000 0.6390 0.8795 0.2403 1.1652 216.0014 0.2174 0.2117 0.0653 0.0574 -0.0208 0.0151 0.2472 0.3646 0.3479
1494720000.0000 59250.0000 0.7123 0.0850 0.0668 0.9616 263.1973 0.2769 0.4078 0.1169 0.0519 -0.0244 0.1161 0.4008 0.7175 0.6660
1494720000.0000 59550.0000 0.7203 0.2809 0.1575 0.9169 248.6973 0.2914 0.2236 0.0794 0.0682 -0.0078 0.0487 0.2972 0.5641 0.5359
1494720000.0000 59850.0000 0.8388 0.7508 0.2477 1.2515 228.1674 0.3604 0.4427 0.1113 0.1236 -0.0063 0.1094 0.4572 0.4789 0.4596
1494720000.0000 60150.0000 1.1591 0.7876 0.2059 1.5123 235.8043 0.3903 0.3815 0.1197 0.1081 -0.0294 0.0776 0.4457 0.3849 0.3619
1494720000.0000 60450.0000 0.9006 0.6001 0.1504 1.2668 236.3227 0.2728 0.5168 0.1049 0.0904 -0.0142 0.1215 0.4472 0.4997 0.4740
1494720000.0000 60750.0000 0.7940 0.3769 0.1257 1.0106 244.6098 0.2352 0.2716 0.0698 0.0290 -0.0225 0.0628 0.2883 0.4938 0.4677
1494720000.0000 61050.0000 0.7318 0.7730 0.2406 1.1864 223.4313 0.3182 0.3948 0.0564 0.1295 -0.0024 0.0543 0.3847 0.4641 0.4580
1494720000.0000 61350.0000 0.6489 0.4967 0.1634 0.9450 232.5706 0.1519 0.2550 0.0615 0.0103 -0.0291 0.0498 0.2342 0.4741 0.4507
1494720000.0000 61650.0000 0.7822 0.7977 0.2170 1.1879 224.4394 0.1147 0.1623 0.0526 -0.0127 -0.0253 0.0224 0.1648 0.2912 0.2720
1494720000.0000 61950.0000 0.9192 0.7719 0.2177 1.3354 229.9801 0.4804 0.2299 0.0780 0.0133 -0.0479 0.0280 0.3941 0.4202 0.4054
1494720000.0000 62250.0000 0.6362 0.4331 0.1268 1.0422 235.7546 0.3346 0.4365 0.1012 0.0537 -0.0122 0.0969 0.4361 0.6913 0.6588
1494720000.0000 62550.0000 0.7021 -0.0157 0.0269 0.9431 271.2852 0.3757 0.3340 0.1244 0.0158 -0.0592 0.0646 0.4170 0.7503 0.6926
1494720000.0000 62850.0000 0.7683 0.2276 0.0772 0.9384 253.5010 0.1397 0.2387 0.0683 -0.0128 -0.0214 0.0487 0.2234 0.4794 0.4432
1494720000.0000 63150.0000 0.2455 0.0842 0.0228 0.6730 251.0814 0.3111 0.3007 0.0858 -0.0825 -0.0188 0.0898 0.3487 1.8506 1.7397
1494720000.0000 63450.0000 0.4387 0.9025 0.2872 1.1244 205.9220 0.2491 0.2615 0.0539 0.0356 0.0063 0.0186 0.2823 0.4156 0.4111
1494720000.0000 63750.0000 0.2978 0.5491 0.2080 0.7151 208.4721 0.1371 0.2311 0.0469 0.1156 0.0253 0.0414 0.2076 0.5650 0.5609
1494720000.0000 64050.0000 0.4214 0.6679 0.2499 0.8772 212.2453 0.1602 0.1594 0.0345 0.0268 -0.0146 0.0026 0.1771 0.4148 0.4134
1494720000.0000 64350.0000 0.5542 0.8108 0.2579 1.0635 214.3546 0.1466 0.1961 0.0488 0.0812 0.0131 0.0269 0.1957 0.3558 0.3441
1494720000.0000 64650.0000 0.2521 1.0791 0.2970 1.3215 193.1493 0.5442 0.2437 0.0659 0.0482 0.0548 -0.0043 0.4269 0.4650 0.4624
1494720000.0000 64950.0000 0.5906 0.7216 0.2431 1.0200 219.2958 0.1838 0.1921 0.0435 0.0283 -0.0039 0.0233 0.2097 0.3880 0.3796
1494720000.0000 65250.0000 0.0330 0.6218 0.1590 0.7342 183.0350 0.1539 0.0878 0.0264 -0.0197 0.0152 -0.0074 0.1341 0.4652 0.4559
1494720000.0000 65550.0000 0.6904 0.5156 0.1847 0.9473 233.2462 0.1219 0.1724 0.0332 0.0094 -0.0185 0.0175 0.1637 0.3749 0.3635
1494720000.0000 65850.0000 0.4321 0.4770 0.1145 0.7648 222.1694 0.1974 0.1198 0.0336 0.0807 0.0206 0.0268 0.1754 0.5231 0.5052
1494720000.0000 66150.0000 0.5041 -0.2697 -0.1008 0.8091 298.1443 0.2222 0.3695 0.1111 -0.0362 -0.0347 0.1306 0.3514 0.8338 0.7768
1494720000.0000 66450.0000 0.8831 0.6910 0.1860 1.1887 231.9604 0.2868 0.1602 0.0629 0.0483 -0.0335 0.0116 0.2549 0.3627 0.3442
1494720000.0000 66750.0000 0.4933 0.2852 0.1012 0.7061 239.9644 0.1487 0.1604 0.0413 0.0075 -0.0152 0.0274 0.1752 0.5905 0.5633
1494720000.0000 67050.0000 0.5743 0.4694 0.1314 0.7992 230.7360 0.1152 0.0797 0.0338 0.0065 -0.0234 0.0149 0.1144 0.3666 0.3437
1494720000.0000 67350.0000 0.6163 0.5091 0.1576 0.9116 230.4412 0.1182 0.2241 0.0596 0.0135 -0.0144 0.0494 0.2009 0.4492 0.4225
1494720000.0000 67650.0000 0.4627 0.5932 0.1891 0.8177 217.9563 0.0978 0.1296 0.0474 0.0153 -0.0143 0.0211 0.1374 0.3902 0.3660
1494720000.0000 67950.0000 0.4250 0.3866 0.0956 0.6326 227.7070 0.0762 0.0769 0.0307 0.0114 -0.0139 0.0104 0.0919 0.4249 0.3932
1494720000.0000 68250.0000 0.2346 0.2938 0.0926 0.4248 218.6060 0.0367 0.0380 0.0178 -0.0022 -0.0064 0.0026 0.0463 0.4536 0.4197
1494720000.0000 68550.0000 0.2115 0.1360 0.0201 0.3336 237.2586 0.0511 0.0528 0.0265 0.0141 -0.0053 0.0100 0.0652 0.8262 0.7400
1494720000.0000 68850.0000 0.1539 -0.0815 -0.0285 0.3499 297.9077 0.0776 0.0674 0.0208 0.0199 -0.0034 0.0177 0.0829 1.3326 1.2627
1494720000.0000 69150.0000 -0.2594 -0.4404 -0.1389 0.5704 30.4995 0.0391 0.0723 0.0116 0.0385 0.0072 0.0185 0.0615 0.3822 0.3769
1494720000.0000 69450.0000 -0.3936 -0.7179 -0.2298 0.8262 28.7351 0.0160 0.0303 0.0080 0.0097 0.0040 0.0108 0.0272 0.1583 0.1518
1494720000.0000 69750.0000 -0.3060 -0.6619 -0.2224 0.7424 24.8122 0.0240 0.0228 0.0096 0.0088 0.0009 0.0060 0.0282 0.1798 0.1713
1494720000.0000 70050.0000 -0.3116 -0.6375 -0.2063 0.7221 26.0512 0.0283 0.0299 0.0074 0.0181 0.0026 0.0079 0.0328 0.2000 0.1961
1494720000.0000 70350.0000 -0.3638 -0.7220 -0.2405 0.8188 26.7440 0.0269 0.0318 0.0088 0.0167 0.0040 0.0097 0.0338 0.1779 0.1731
1494720000.0000 70650.0000 -0.4222 -0.7493 -0.2450 0.8684 29.4009 0.0240 0.0283 0.0090 0.0126 0.0041 0.0101 0.0306 0.1598 0.1535
1494720000.0000 70950.0000 -0.3851 -0.7035 -0.2280 0.8111 28.6961 0.0215 0.0219 0.0075 0.0095 0.0025 0.0081 0.0255 0.1563 0.1500
1494720000.0000 71250.0000 -0.3684 -0.6731 -0.2077 0.7732 28.6955 0.0147 0.0171 0.0044 0.0076 0.0019 0.0052 0.0180 0.1379 0.1340
1494720000.0000 71550.0000 -0.2988 -0.6061 -0.1849 0.6785 26.2428 0.0063 0.0073 0.0019 0.0034 0.0009 0.0016 0.0077 0.1025 0.0995
1494720000.0000 71850.0000 -0.4321 -0.7915 -0.2436 0.9081 28.6313 0.0113 0.0111 0.0053 0.0003 0.0002 0.0042 0.0138 0.1028 0.0959
1494720000.0000 72150.0000 -0.4936 -0.7938 -0.2567 0.9424 31.8754 0.0175 0.0208 0.0071 0.0055 0.0023 0.0072 0.0227 0.1269 0.1208
1494720000.0000 72450.0000 -0.3674 -0.6839 -0.2120 0.7861 28.2472 0.0250 0.0156 0.0043 0.0117 0.0029 0.0046 0.0225 0.1520 0.1498
1494720000.0000 72750.0000 -0.3511 -0.6987 -0.2110 0.7855 26.6770 0.0082 0.0126 0.0038 0.0046 0.0017 0.0043 0.0123 0.1119 0.1065
1494720000.0000 73050.0000 -0.3267 -0.6577 -0.1943 0.7378 26.4145 0.0062 0.0064 0.0025 0.0016 0.0004 0.0019 0.0075 0.0932 0.0882
1494720000.0000 73350.0000 -0.4133 -0.7890 -0.2375 0.8956 27.6489 0.0105 0.0123 0.0047 0.0026 0.0019 0.0050 0.0138 0.1039 0.0980
1494720000.0000 73650.0000 -0.3293 -0.7034 -0.2289 0.7847 25.0845 0.0222 0.0240 0.0057 0.0148 0.0020 0.0065 0.0260 0.1625 0.1599
1494720000.0000 73950.0000 -0.3755 -0.7127 -0.2224 0.8141 27.7847 0.0226 0.0183 0.0054 0.0105 0.0025 0.0044 0.0232 0.1487 0.1450
1494720000.0000 74250.0000 -0.2866 -0.6638 -0.1993 0.7257 23.3486 0.0071 0.0111 0.0025 0.0055 0.0015 0.0028 0.0104 0.1109 0.1077
1494720000.0000 74550.0000 -0.3676 -0.6629 -0.1988 0.7622 29.0101 0.0078 0.0051 0.0022 0.0010 0.0005 0.0014 0.0076 0.0907 0.0865
1494720000.0000 74850.0000 -0.3045 -0.6876 -0.1959 0.7545 23.8892 0.0058 0.0065 0.0024 0.0031 0.0006 0.0016 0.0073 0.0898 0.0850
1494720000.0000 75150.0000 -0.3557 -0.7743 -0.2218 0.8560 24.6707 0.0096 0.0116 0.0047 0.0042 0.0013 0.0044 0.0129 0.1054 0.0986
1494720000.0000 75450.0000 -0.4447 -0.8907 -0.2641 1.0007 26.5306 0.0127 0.0141 0.0062 0.0035 0.0021 0.0055 0.0165 0.1018 0.0949
1494720000.0000 75750.0000 -0.4477 -0.8822 -0.2566 0.9937 26.9058 0.0102 0.0142 0.0066 0.0029 0.0022 0.0061 0.0155 0.0995 0.0912
1494720000.0000 76050.0000 -0.3387 -0.8385 -0.2584 0.9072 21.9972 0.0087 0.0128 0.0034 0.0063 0.0021 0.0042 0.0124 0.0968 0.0937
1494720000.0000 76350.0000 -0.4521 -0.9167 -0.2792 1.0270 26.2502 0.0123 0.0166 0.0059 0.0042 0.0022 0.0067 0.0174 0.1016 0.0960
1494720000.0000 76650.0000 -0.4554 -0.8405 -0.2403 0.9595 28.4522 0.0077 0.0091 0.0044 0.0012 0.0008 0.0036 0.0106 0.0854 0.0784
1494720000.0000 76950.0000 -0.4785 -0.9208 -0.2703 1.0430 27.4597 0.0124 0.0241 0.0074 0.0043 0.0022 0.0093 0.0220 0.1129 0.1063
1494720000.0000 77250.0000 -0.5046 -1.0902 -0.3379 1.2042 24.8378 0.0084 0.0146 0.0054 0.0033 0.0019 0.0053 0.0142 0.0780 0.0729
1494720000.0000 77550.0000 -0.5174 -1.1450 -0.3622 1.2592 24.3158 0.0102 0.0179 0.0057 0.0066 0.0033 0.0071 0.0169 0.0812 0.0771
1494720000.0000 77850.0000 -0.4719 -1.0611 -0.3269 1.1656 23.9743 0.0157 0.0222 0.0077 0.0099 0.0046 0.0088 0.0228 0.1021 0.0967
1494720000.0000 78150.0000 -0.4847 -1.0261 -0.3197 1.1386 25.2853 0.0119 0.0222 0.0069 0.0071 0.0030 0.0085 0.0205 0.0992 0.0940
1494720000.0000 78450.0000 -0.3835 -0.8956 -0.2721 0.9795 23.1786 0.0170 0.0216 0.0071 0.0112 0.0037 0.0077 0.0229 0.1221 0.1165
1494720000.0000 78750.0000 -0.3778 -0.8876 -0.2687 0.9678 23.0544 0.0093 0.0130 0.0043 0.0055 0.0013 0.0040 0.0133 0.0941 0.0894
1494720000.0000 79050.0000 -0.3905 -0.9003 -0.2728 0.9842 23.4498 0.0077 0.0129 0.0052 0.0042 0.0015 0.0055 0.0129 0.0911 0.0845
1494720000.0000 79350.0000 -0.4167 -0.9297 -0.2858 1.0221 24.1426 0.0096 0.0129 0.0045 0.0049 0.0020 0.0047 0.0135 0.0897 0.0851
1494720000.0000 79650.0000 -0.3598 -0.8391 -0.2562 0.9157 23.2090 0.0077 0.0112 0.0034 0.0046 0.0015 0.0038 0.0112 0.0910 0.0869
1494720000.0000 79950.0000 -0.3438 -0.7666 -0.2224 0.8437 24.1541 0.0089 0.0105 0.0045 0.0044 0.0017 0.0041 0.0119 0.1027 0.0957
1494720000.0000 80250.0000 -0.2802 -0.7394 -0.2182 0.7931 20.7526 0.0050 0.0080 0.0029 0.0024 0.0006 0.0026 0.0080 0.0888 0.0833
1494720000.0000 80550.0000 -0.3093 -0.7543 -0.2310 0.8174 22.2971 0.0065 0.0101 0.0027 0.0053 0.0020 0.0034 0.0096 0.0945 0.0911
1494720000.0000 80850.0000 -0.4264 -0.8290 -0.2491 0.9370 27.2205 0.0112 0.0120 0.0047 0.0030 0.0013 0.0047 0.0140 0.0999 0.0944
1494720000.0000 81150.0000 -0.4376 -0.8354 -0.2385 0.9475 27.6497 0.0109 0.0098 0.0050 0.0028 0.0015 0.0039 0.0128 0.0951 0.0881
1494720000.0000 81450.0000 -0.3944 -0.8311 -0.2442 0.9236 25.3844 0.0104 0.0123 0.0046 0.0054 0.0021 0.0045 0.0136 0.1001 0.0945
1494720000.0000 81750.0000 -0.3454 -0.7714 -0.2371 0.8492 24.1214 0.0113 0.0158 0.0040 0.0073 0.0025 0.0058 0.0155 0.1159 0.1124
1494720000.0000 82050.0000 -0.2265 -0.6873 -0.2129 0.7274 18.2372 0.0123 0.0355 0.0065 0.0166 0.0054 0.0118 0.0271 0.1784 0.1744
1494720000.0000 82350.0000 -0.3338 -0.7895 -0.2413 0.8657 22.9152 0.0325 0.0394 0.0073 0.0277 0.0099 0.0131 0.0396 0.1825 0.1807
1494720000.0000 82650.0000 -0.4608 -1.0337 -0.3200 1.1359 24.0276 0.0148 0.0212 0.0060 0.0090 0.0037 0.0074 0.0210 0.1006 0.0968
1494720000.0000 82950.0000 -0.4119 -0.9684 -0.3038 1.0563 23.0420 0.0141 0.0199 0.0061 0.0096 0.0042 0.0074 0.0201 0.1056 0.1012
1494720000.0000 83250.0000 -0.1963 -0.6580 -0.1893 0.6917 16.6106 0.0122 0.0286 0.0089 0.0135 0.0049 0.0108 0.0249 0.1807 0.1699
1494720000.0000 83550.0000 -0.4735 -1.0201 -0.3081 1.1301 24.8996 0.0261 0.0510 0.0119 0.0246 0.0099 0.0189 0.0445 0.1477 0.1425
1494720000.0000 83850.0000 -0.5517 -1.1324 -0.3547 1.2656 25.9766 0.0162 0.0400 0.0112 0.0082 0.0051 0.0155 0.0337 0.1146 0.1087
1494720000.0000 84150.0000 -0.3593 -0.9598 -0.2999 1.0301 20.5208 0.0291 0.0653 0.0121 0.0364 0.0132 0.0235 0.0532 0.1764 0.1730
1494720000.0000 84450.0000 -0.1867 -0.5933 -0.1704 0.6284 17.4641 0.0144 0.0360 0.0080 0.0174 0.0059 0.0126 0.0292 0.2162 0.2083
1494720000.0000 84750.0000 -0.2571 -0.7733 -0.2337 0.8190 18.3875 0.0109 0.0238 0.0072 0.0104 0.0035 0.0089 0.0209 0.1394 0.1320
1494720000.0000 85050.0000 -0.3518 -0.9855 -0.3066 1.0511 19.6465 0.0149 0.0198 0.0072 0.0096 0.0037 0.0077 0.0209 0.1083 0.1027
1494720000.0000 85350.0000 -0.1020 -0.6193 -0.2028 0.6538 9.3560 0.0427 0.0496 0.0090 0.0209 0.0062 0.0145 0.0506 0.2786 0.2795
1494720000.0000 85650.0000 -0.4261 -0.7681 -0.2267 0.8860 29.0189 0.0134 0.0234 0.0073 0.0040 0.0012 0.0092 0.0221 0.1337 0.1261
1494720000.0000 85950.0000 -0.3067 -0.7427 -0.2188 0.8099 22.4395 0.0209 0.0328 0.0064 0.0200 0.0063 0.0105 0.0300 0.1699 0.1664
1494720000.0000 86250.0000 -0.4706 -1.0717 -0.3236 1.1748 23.7061 0.0200 0.0368 0.0101 0.0177 0.0074 0.0141 0.0335 0.1230 0.1176
1494806400.0000 86550.0000 -0.5745 -1.0790 -0.3369 1.2281 28.0310 0.0167 0.0213 0.0082 0.0042 0.0034 0.0082 0.0231 0.0979 0.0921
1494806400.0000 86850.0000 -0.4992 -1.1009 -0.3442 1.2144 24.3912 0.0197 0.0258 0.0090 0.0096 0.0049 0.0103 0.0272 0.1072 0.1019
1494806400.0000 87150.0000 -0.1175 -0.4948 -0.1637 0.5243 13.3602 0.0310 0.0558 0.0086 0.0328 0.0091 0.0160 0.0477 0.3338 0.3345
1494806400.0000 87450.0000 -0.2081 -0.6467 -0.1880 0.6846 17.8363 0.0145 0.0330 0.0079 0.0171 0.0053 0.0106 0.0277 0.1929 0.1853
1494806400.0000 87750.0000 -0.2538 -0.7074 -0.2036 0.7573 19.7395 0.0144 0.0230 0.0065 0.0126 0.0036 0.0076 0.0219 0.1553 0.1486
1494806400.0000 88050.0000 -0.3003 -0.8481 -0.2621 0.9038 19.4978 0.0181 0.0382 0.0076 0.0211 0.0070 0.0130 0.0320 0.1558 0.1522
1494806400.0000 88350.0000 -0.3948 -0.9698 -0.3006 1.0533 22.1528 0.0356 0.0808 0.0137 0.0469 0.0169 0.0286 0.0651 0.1912 0.1881
1494806400.0000 88650.0000 -0.0464 -0.3859 -0.1159 0.4026 6.8584 0.0136 0.0225 0.0098 0.0094 0.0047 0.0104 0.0229 0.3048 0.2820
1494806400.0000 88950.0000 -0.1970 -0.7005 -0.2087 0.7425 15.7086 0.0365 0.0792 0.0154 0.0439 0.0153 0.0276 0.0655 0.2761 0.2699
1494806400.0000 89250.0000 -0.0742 -0.4795 -0.1594 0.5014 8.7907 0.0242 0.0521 0.0104 0.0221 0.0065 0.0170 0.0433 0.3328 0.3287
1494806400.0000 89550.0000 -0.3701 -0.8604 -0.2673 0.9400 23.2736 0.0095 0.0137 0.0042 0.0053 0.0015 0.0046 0.0137 0.0980 0.0937
1494806400.0000 89850.0000 -0.2598 -0.7372 -0.2255 0.7849 19.4110 0.0103 0.0218 0.0057 0.0109 0.0037 0.0078 0.0189 0.1381 0.1324
1494806400.0000 90150.0000 -0.3691 -0.8691 -0.2676 0.9496 23.0116 0.0154 0.0196 0.0048 0.0103 0.0010 0.0038 0.0199 0.1173 0.1143
1494806400.0000 90450.0000 -0.3958 -0.8258 -0.2538 0.9221 25.6057 0.0207 0.0226 0.0052 0.0132 0.0044 0.0076 0.0243 0.1338 0.1312
1494806400.0000 90750.0000 -0.2371 -0.5801 -0.1698 0.6444 22.2319 0.0456 0.0450 0.0076 0.0349 0.0097 0.0129 0.0491 0.2786 0.2772
1494806400.0000 91050.0000 0.0041 -0.4106 -0.1489 0.4218 359.4333 0.0115 0.0295 0.0087 -0.0050 -0.0005 0.0121 0.0248 0.2945 0.2847
1494806400.0000 91350.0000 -0.3102 -0.8200 -0.2549 0.8816 20.7186 0.0155 0.0256 0.0062 0.0137 0.0030 0.0069 0.0236 0.1375 0.1335
1494806400.0000 91650.0000 -0.3331 -0.8914 -0.2722 0.9553 20.4872 0.0113 0.0161 0.0060 0.0076 0.0016 0.0049 0.0167 0.1065 0.1004
1494806400.0000 91950.0000 -0.3629 -0.8962 -0.2731 0.9701 22.0450 0.0107 0.0127 0.0043 0.0069 0.0023 0.0043 0.0139 0.0957 0.0914
1494806400.0000 92250.0000 -0.4173 -0.8994 -0.2747 0.9972 24.8887 0.0222 0.0270 0.0066 0.0154 0.0054 0.0095 0.0278 0.1324 0.1291
1494806400.0000 92550.0000 -0.6510 -1.2484 -0.3973 1.4146 27.5408 0.0202 0.0275 0.0090 0.0036 0.0038 0.0097 0.0283 0.0939 0.0895
1494806400.0000 92850.0000 -0.7286 -1.2289 -0.3960 1.4377 30.6639 0.0330 0.0316 0.0141 0.0075 0.0078 0.0134 0.0393 0.1092 0.1027
1494806400.0000 93150.0000 -0.6912 -1.3073 -0.4128 1.4885 27.8676 0.0284 0.0457 0.0160 0.0049 0.0070 0.0173 0.0450 0.1129 0.1063
1494806400.0000 93450.0000 -0.7427 -1.3247 -0.4274 1.5279 29.2781 0.0277 0.0445 0.0179 0.0051 0.0072 0.0183 0.0450 0.1098 0.1021
1494806400.0000 93750.0000 -0.7343 -1.4115 -0.4608 1.6009 27.4843 0.0321 0.0577 0.0190 0.0095 0.0097 0.0225 0.0544 0.1150 0.1087
1494806400.0000 94050.0000 -0.7202 -1.3071 -0.4097 1.5044 28.8539 0.0405 0.0592 0.0219 0.0106 0.0084 0.0244 0.0608 0.1301 0.1222
1494806400.0000 94350.0000 -0.7269 -1.2974 -0.4106 1.4989 29.2614 0.0382 0.0549 0.0208 0.0086 0.0090 0.0230 0.0570 0.1263 0.1185
1494806400.0000 94650.0000 -0.7537 -1.4228 -0.4699 1.6289 27.9107 0.0676 0.0804 0.0326 0.0150 0.0172 0.0342 0.0903 0.1463 0.1380
1494806400.0000 94950.0000 -0.7379 -1.3420 -0.4375 1.5471 28.8030 0.0646 0.0675 0.0294 0.0210 0.0183 0.0297 0.0808 0.1457 0.1370
1494806400.0000 95250.0000 -0.6504 -1.2137 -0.3962 1.3892 28.1852 0.0471 0.0511 0.0198 0.0187 0.0134 0.0217 0.0590 0.1384 0.1314
1494806400.0000 95550.0000 -0.5778 -1.0865 -0.3454 1.2398 28.0017 0.0286 0.0317 0.0125 0.0092 0.0060 0.0128 0.0364 0.1219 0.1152
1494806400.0000 95850.0000 -0.5608 -1.1059 -0.3515 1.2502 26.8874 0.0342 0.0441 0.0175 0.0160 0.0085 0.0191 0.0479 0.1387 0.1303
1494806400.0000 96150.0000 -0.5709 -0.9735 -0.3170 1.1391 30.3891 0.0243 0.0541 0.0129 0.0099 0.0059 0.0185 0.0456 0.1488 0.1432
1494806400.0000 96450.0000 -0.5174 -1.0602 -0.3339 1.1895 26.0109 0.0323 0.0532 0.0183 0.0193 0.0087 0.0221 0.0519 0.1517 0.1431
1494806400.0000 96750.0000 -0.5843 -1.1427 -0.3653 1.2939 27.0822 0.0345 0.0433 0.0181 0.0116 0.0088 0.0190 0.0479 0.1340 0.1254
1494806400.0000 97050.0000 -0.5323 -0.9733 -0.3084 1.1172 28.6746 0.0198 0.0365 0.0114 0.0073 0.0048 0.0147 0.0339 0.1305 0.1236
1494806400.0000 97350.0000 -0.5068 -0.7481 -0.2368 0.9089 34.1131 0.0095 0.0134 0.0046 0.0012 0.0024 0.0042 0.0138 0.1025 0.0967
1494806400.0000 97650.0000 -0.5414 -0.8992 -0.2846 1.0559 31.0505 0.0182 0.0156 0.0064 0.0047 0.0046 0.0060 0.0201 0.1065 0.1012
1494806400.0000 97950.0000 -0.4600 -0.9113 -0.2833 1.0287 26.7841 0.0265 0.0280 0.0082 0.0146 0.0066 0.0108 0.0314 0.1365 0.1320
1494806400.0000 98250.0000 -0.4187 -0.8891 -0.2806 0.9930 25.2185 0.0311 0.0397 0.0128 0.0178 0.0089 0.0166 0.0418 0.1633 0.1563
1494806400.0000 98550.0000 -0.4453 -0.8192 -0.2702 0.9469 28.5299 0.0472 0.0456 0.0141 0.0249 0.0102 0.0168 0.0534 0.1944 0.1886
1494806400.0000 98850.0000 -0.3466 -0.7061 -0.2132 0.8146 26.1408 0.0507 0.0569 0.0214 0.0130 0.0094 0.0236 0.0645 0.2544 0.2407
1494806400.0000 99150.0000 -0.4513 -0.7646 -0.2419 0.9138 30.5515 0.0741 0.0703 0.0283 0.0333 0.0207 0.0289 0.0864 0.2607 0.2471
1494806400.0000 99450.0000 -0.3543 -0.7484 -0.2462 0.8462 25.3331 0.0513 0.0749 0.0240 0.0343 0.0137 0.0301 0.0751 0.2590 0.2476
1494806400.0000 99750.0000 -0.4732 -0.7610 -0.2465 0.9192 31.8724 0.0525 0.0501 0.0181 0.0156 0.0129 0.0187 0.0603 0.2158 0.2064
1494806400.0000 100050.0000 -0.2951 -0.7604 -0.2317 0.8394 21.2100 0.0584 0.0633 0.0283 0.0346 0.0170 0.0287 0.0750 0.2637 0.2469
1494806400.0000 100350.0000 -0.4131 -0.8741 -0.2751 0.9869 25.2985 0.0448 0.0706 0.0269 0.0184 0.0101 0.0314 0.0712 0.2167 0.2029
1494806400.0000 100650.0000 -0.4614 -0.8833 -0.2835 1.0286 27.5799 0.0708 0.1128 0.0415 0.0244 0.0159 0.0502 0.1125 0.2643 0.2482
1494806400.0000 100950.0000 -0.3372 -0.7852 -0.2453 0.9027 23.2421 0.1264 0.1110 0.0548 0.0532 0.0331 0.0540 0.1461 0.3510 0.3292
1494806400.0000 101250.0000 -0.1288 -0.6260 -0.1873 0.6952 11.6228 0.0901 0.0707 0.0296 0.0020 0.0059 0.0234 0.0952 0.3782 0.3622
1494806400.0000 101550.0000 -0.0235 -0.4716 -0.1449 0.5225 2.8502 0.0484 0.0575 0.0318 0.0030 0.0000 0.0250 0.0689 0.4338 0.3980
1494806400.0000 101850.0000 -0.1294 -0.3958 -0.1133 0.4646 18.1027 0.0590 0.0483 0.0180 0.0230 0.0102 0.0185 0.0626 0.4735 0.4541
1494806400.0000 102150.0000 -0.1652 -0.3794 -0.1186 0.4823 23.5323 0.0562 0.0731 0.0368 0.0189 0.0188 0.0337 0.0830 0.5466 0.5016
1494806400.0000 102450.0000 -0.4091 -0.5303 -0.1952 0.7305 37.6510 0.0887 0.1122 0.0389 0.0287 0.0263 0.0372 0.1199 0.4053 0.3865
1494806400.0000 102750.0000 -0.2015 -0.3793 -0.1305 0.4861 27.9751 0.0582 0.0666 0.0292 0.0151 0.0130 0.0255 0.0770 0.5048 0.4749
1494806400.0000 103050.0000 -0.2523 -0.2707 -0.1241 0.4156 42.9861 0.0198 0.0532 0.0094 -0.0001 0.0025 0.0122 0.0413 0.4249 0.4218
1494806400.0000 103350.0000 -0.3728 -0.2474 -0.1226 0.5066 56.4290 0.0430 0.0644 0.0141 -0.0083 0.0069 0.0080 0.0607 0.4337 0.4228
1494806400.0000 103650.0000 -0.2061 -0.2719 -0.0855 0.3653 37.1553 0.0340 0.0280 0.0089 0.0188 0.0090 0.0076 0.0355 0.4371 0.4213
1494806400.0000 103950.0000 -0.2209 -0.1010 -0.0985 0.3103 65.4231 0.0229 0.0356 0.0113 -0.0003 0.0000 0.0059 0.0349 0.5818 0.5750
1494806400.0000 104250.0000 -0.1857 -0.2700 -0.0949 0.3908 34.5121 0.0357 0.0515 0.0199 0.0058 0.0066 0.0141 0.0536 0.5539 0.5204
1494806400.0000 104550.0000 -0.2432 -0.2796 -0.1024 0.3965 41.0160 0.0258 0.0222 0.0100 0.0039 0.0060 0.0054 0.0290 0.3617 0.3414
1494806400.0000 104850.0000 -0.2670 -0.1154 -0.0613 0.3593 66.6275 0.0234 0.0426 0.0115 -0.0068 0.0004 0.0091 0.0387 0.5405 0.5095
1494806400.0000 105150.0000 -0.3187 -0.4302 -0.1470 0.5507 36.5318 0.0238 0.0280 0.0094 0.0107 0.0071 0.0110 0.0306 0.2574 0.2455
1494806400.0000 105450.0000 -0.2491 -0.3021 -0.1058 0.4225 39.5040 0.0186 0.0531 0.0114 0.0120 0.0056 0.0153 0.0415 0.4102 0.3948
1494806400.0000 105750.0000 0.0177 -0.4642 -0.1081 0.5795 357.8134 0.1168 0.0850 0.0431 0.0132 0.0111 0.0355 0.1224 0.5990 0.5582
1494806400.0000 106050.0000 0.0575 -0.2838 -0.1129 0.4460 348.5399 0.1047 0.0713 0.0505 -0.0078 0.0077 0.0204 0.1132 0.8839 0.8363
1494806400.0000 106350.0000 -0.1572 -0.0386 -0.0353 0.4320 76.1901 0.0852 0.1334 0.0474 0.0051 0.0063 0.0470 0.1330 1.7974 1.6677
1494806400.0000 106650.0000 -0.2709 0.0289 -0.0364 0.4043 96.0862 0.0444 0.0877 0.0282 0.0028 0.0103 0.0216 0.0802 0.8411 0.7704
1494806400.0000 106950.0000 -0.3964 0.1164 -0.0475 0.4647 106.3607 0.0650 0.0439 0.0162 -0.0116 0.0126 0.0065 0.0625 0.4910 0.4612
1494806400.0000 107250.0000 -0.3983 0.0847 -0.0375 0.4754 102.0071 0.0592 0.0582 0.0167 -0.0139 0.0122 0.0095 0.0670 0.5168 0.4857
1494806400.0000 107550.0000 -0.3363 0.0917 -0.0194 0.4881 105.2487 0.0922 0.1121 0.0410 -0.0175 0.0165 0.0341 0.1226 0.8190 0.7486
1494806400.0000 107850.0000 -0.4314 -0.0625 -0.0978 0.5595 81.7542 0.0602 0.1456 0.0466 0.0043 0.0194 0.0413 0.1262 0.6493 0.6009
1494806400.0000 108150.0000 -0.5640 -0.1804 -0.1824 0.7115 72.2613 0.1366 0.1529 0.0513 -0.0314 0.0221 0.0362 0.1704 0.5440 0.5246
1494806400.0000 108450.0000 -0.5193 0.0241 -0.0825 0.6005 92.6625 0.1098 0.0941 0.0452 -0.0238 0.0165 0.0208 0.1245 0.5474 0.5015
1494806400.0000 108750.0000 -0.6693 0.0793 -0.1160 0.7733 96.7576 0.1836 0.1464 0.0639 -0.0776 0.0277 0.0201 0.1970 0.5298 0.4921
1494806400.0000 109050.0000 -0.5463 -0.2466 -0.1498 0.7824 65.7100 0.1549 0.2782 0.0793 -0.0102 0.0373 0.0624 0.2562 0.6689 0.6338
1494806400.0000 109350.0000 -0.5246 -0.3347 -0.1818 0.7356 57.4625 0.2375 0.1525 0.0894 0.0531 0.0894 0.0548 0.2397 0.6166 0.5794
1494806400.0000 109650.0000 -0.3686 -0.2199 -0.0967 0.6247 59.1854 0.1998 0.1826 0.0648 -0.0056 0.0586 0.0434 0.2236 0.8775 0.8318
1494806400.0000 109950.0000 -0.2537 -0.4069 -0.1486 0.6345 31.9442 0.1171 0.1710 0.0763 0.0150 0.0340 0.0580 0.1822 0.6941 0.6461
1494806400.0000 110250.0000 -0.4293 -0.5356 -0.2106 0.8245 38.7131 0.1809 0.2214 0.0794 0.0307 0.0435 0.0825 0.2409 0.5581 0.5335
1494806400.0000 110550.0000 -0.1392 -0.3636 -0.1280 0.5913 20.9538 0.2333 0.1699 0.0830 0.0628 0.0635 0.0586 0.2431 0.9822 0.9415
1494806400.0000 110850.0000 -0.4391 -0.6922 -0.2457 0.9491 32.3918 0.1634 0.3045 0.1026 0.0127 0.0368 0.1043 0.2853 0.5096 0.4818
1494806400.0000 111150.0000 -0.4691 -0.5039 -0.1773 0.8362 42.9501 0.3049 0.2200 0.0722 0.0079 0.0518 0.0689 0.2986 0.6276 0.6077
1494806400.0000 111450.0000 -0.4150 -0.2843 -0.1239 0.7692 55.5843 0.2225 0.3477 0.1012 -0.0226 0.0553 0.0968 0.3357 0.9131 0.8666
1494806400.0000 111750.0000 -0.2806 -0.0338 -0.0366 0.5630 83.1386 0.2019 0.1678 0.0664 -0.0356 0.0103 0.0330 0.2181 1.3381 1.2423
1494806400.0000 112050.0000 -0.3307 -0.3284 -0.1355 0.7817 45.2022 0.2435 0.3741 0.1224 0.0678 0.0661 0.1084 0.3700 1.0233 0.9735
1494806400.0000 112350.0000 -0.5927 -0.4913 -0.2368 1.0176 50.3456 0.3023 0.4720 0.1251 -0.0321 0.0539 0.1087 0.4497 0.6798 0.6599
1494806400.0000 112650.0000 -0.5822 -0.2876 -0.1820 0.9114 63.7098 0.2961 0.3572 0.1102 -0.0479 0.0271 0.0905 0.3817 0.7480 0.7186
1494806400.0000 112950.0000 -0.5982 -0.2001 -0.1024 0.8888 71.5014 0.2964 0.4477 0.1334 -0.0030 0.0613 0.1361 0.4387 0.8463 0.7895
1494806400.0000 113250.0000 -0.7567 -0.7050 -0.3380 1.2429 47.0260 0.3181 0.6514 0.1488 0.0770 0.0928 0.1867 0.5591 0.5611 0.5497
1494806400.0000 113550.0000 -0.8105 -0.3511 -0.2187 1.1340 66.5799 0.3692 0.4624 0.1560 -0.1111 0.0910 0.0700 0.4938 0.6306 0.5961
1494806400.0000 113850.0000 -0.7178 -0.1244 -0.1566 0.9923 80.1705 0.4042 0.3703 0.1292 -0.0703 0.0882 0.0870 0.4519 0.7366 0.6974
1494806400.0000 114150.0000 -0.4193 -0.1668 -0.0689 0.7877 68.3119 0.3351 0.3678 0.0931 -0.1198 0.0334 0.0540 0.3980 1.1284 1.0726
1494806400.0000 114450.0000 -0.4863 -0.2951 -0.1657 0.8353 58.7530 0.2455 0.3840 0.1152 -0.0122 0.0664 0.0861 0.3723 0.8409 0.8053
1494806400.0000 114750.0000 -0.3040 -0.2615 -0.1271 0.6576 49.2995 0.2316 0.2591 0.0873 -0.0248 0.0459 0.0572 0.2890 1.0435 1.0086
1494806400.0000 115050.0000 -0.2321 -0.6353 -0.1968 0.7781 20.0699 0.2067 0.1516 0.0767 0.0656 0.0428 0.0675 0.2175 0.5406 0.5110
1494806400.0000 115350.0000 0.0781 -0.1343 -0.0339 0.4651 329.8382 0.1856 0.0894 0.0407 -0.0430 0.0190 0.0145 0.1578 2.0397 1.9487
1494806400.0000 115650.0000 -0.6184 0.1670 -0.0775 0.8183 105.1148 0.2347 0.2495 0.0836 -0.0727 0.0411 0.0312 0.2839 0.6742 0.6271
1494806400.0000 115950.0000 -0.8508 0.2489 -0.0815 1.0438 106.3092 0.2811 0.2867 0.1217 -0.0334 0.0947 0.0356 0.3447 0.5385 0.4908
1494806400.0000 116250.0000 -0.9152 0.2075 -0.1116 1.0889 102.7756 0.4197 0.3030 0.1172 -0.1404 0.0588 0.0412 0.4200 0.5599 0.5230
1494806400.0000 116550.0000 -0.6195 0.4316 0.0156 0.9578 124.8643 0.3699 0.2761 0.1101 -0.0624 0.1012 0.0252 0.3780 0.6647 0.6146
1494806400.0000 116850.0000 -0.9087 0.2125 -0.0557 1.1411 103.1599 0.5051 0.4172 0.1675 -0.1138 0.1268 0.0622 0.5449 0.6447 0.5941
1494806400.0000 117150.0000 -0.6604 -0.0148 -0.1393 0.9666 88.7205 0.4797 0.3321 0.1390 0.0089 0.1242 0.0744 0.4754 0.8339 0.7874
1494806400.0000 117450.0000 -0.5958 -0.0176 -0.0556 1.0373 88.3036 0.3903 0.5988 0.1337 -0.1486 0.0397 0.1186 0.5614 1.0219 0.9633
1494806400.0000 117750.0000 -0.3522 -0.1564 -0.0493 0.7417 66.0525 0.3693 0.3835 0.1442 0.0085 0.0903 0.1273 0.4485 1.4076 1.3000
1494806400.0000 118050.0000 -0.0739 -0.2279 -0.0503 0.7518 17.9660 0.3064 0.4413 0.1287 -0.0082 0.0642 0.1286 0.4383 2.2077 2.0835
1494806400.0000 118350.0000 -0.3727 0.1239 -0.0622 0.8818 108.3953 0.5759 0.3393 0.1653 -0.0232 0.0549 0.1010 0.5403 1.5093 1.4064
1494806400.0000 118650.0000 -0.6236 -0.0910 -0.1529 0.9775 81.6989 0.5044 0.4629 0.1474 -0.0811 0.0974 0.0909 0.5573 0.9399 0.9010
1494806400.0000 118950.0000 -0.6609 0.1556 -0.1078 1.0084 103.2502 0.5456 0.4671 0.1391 -0.1083 0.1027 0.0750 0.5759 0.9013 0.8557
1494806400.0000 119250.0000 -0.4379 -0.3365 -0.1793 0.8773 52.4588 0.3347 0.4569 0.1383 0.0467 0.0982 0.1123 0.4649 0.9589 0.9302
1494806400.0000 119550.0000 -0.4106 0.0082 -0.0470 0.9192 91.1488 0.3497 0.6073 0.1797 0.0567 0.0982 0.2099 0.5683 1.4891 1.3752
1494806400.0000 119850.0000 -0.3954 -0.1970 -0.0825 0.9705 63.5149 0.6446 0.4889 0.1804 0.0108 0.1405 0.1345 0.6570 1.4726 1.3914
1494806400.0000 120150.0000 -0.5102 0.0070 -0.0767 1.1128 90.7836 0.5987 0.7923 0.2228 -0.1000 0.1575 0.1622 0.8069 1.4215 1.3346
1494806400.0000 120450.0000 -0.1860 -0.4162 -0.1522 0.9691 24.0784 0.5738 0.4048 0.1514 -0.1217 0.0590 0.0913 0.5651 1.2771 1.2529
1494806400.0000 120750.0000 -0.5875 -0.0202 -0.1196 1.0428 88.0331 0.8068 0.4234 0.2021 -0.0604 0.1955 0.0954 0.7161 1.1518 1.0893
1494806400.0000 121050.0000 0.1786 -0.0859 -0.0036 0.6221 295.6798 0.2012 0.2770 0.0728 -0.0307 -0.0040 0.0728 0.2755 2.1621 2.0146
1494806400.0000 121350.0000 0.0842 0.2962 0.1640 0.6880 195.8623 0.2524 0.2596 0.0768 0.0193 0.0179 0.0610 0.2944 1.2699 1.3417
1494806400.0000 121650.0000 -0.3261 -0.1126 -0.1246 0.9568 70.9525 0.4682 0.8360 0.1645 0.0579 0.1263 0.1751 0.7343 1.9075 1.9110
1494806400.0000 121950.0000 -0.2540 -0.0088 -0.0325 0.5712 88.0178 0.1772 0.2469 0.1098 0.0070 0.0559 0.0612 0.2670 1.6463 1.4792
1494806400.0000 122250.0000 -0.2167 -0.2814 -0.0821 0.9089 37.5992 0.5425 0.5342 0.1693 -0.0933 0.0362 0.1747 0.6230 1.7678 1.6867
1494806400.0000 122550.0000 -0.5755 0.3416 0.0125 1.0250 120.6916 0.4785 0.4371 0.1324 0.0245 0.1158 0.0846 0.5240 0.8830 0.8255
1494806400.0000 122850.0000 0.1463 0.0010 0.0455 0.6693 269.5993 0.2151 0.4556 0.0976 0.0376 0.0409 0.1256 0.3842 3.3030 3.2319
1494806400.0000 123150.0000 0.3251 0.7356 0.1998 1.2016 203.8398 0.6150 0.5983 0.1487 0.2245 0.0758 0.1698 0.6810 0.8131 0.7908
1494806400.0000 123450.0000 -0.6278 -0.0837 -0.1482 1.0805 82.4094 0.4493 0.7710 0.1749 -0.0040 0.1108 0.1940 0.6976 1.0485 1.0071
1494806400.0000 123750.0000 -0.8473 0.5375 0.0282 1.2246 122.3881 0.4636 0.4177 0.1392 -0.0572 0.1132 0.0616 0.5102 0.5810 0.5402
1494806400.0000 124050.0000 -0.1933 0.0845 0.0233 0.8283 113.6129 0.5081 0.3917 0.1329 -0.0933 0.0830 0.0654 0.5163 2.7647 2.5964
1494806400.0000 124350.0000 -0.3535 -0.1033 -0.0400 0.8739 73.7021 0.3788 0.5288 0.1389 -0.0689 0.0530 0.1334 0.5232 1.5944 1.4936
1494806400.0000 124650.0000 -0.2055 0.0236 -0.0216 0.9630 96.5618 0.4971 0.7381 0.1675 -0.1275 0.0960 0.1524 0.7013 3.2880 3.1022
1494806400.0000 124950.0000 0.3418 0.7179 0.2500 1.0531 205.4631 0.3763 0.5486 0.0925 -0.0586 0.0289 0.0878 0.5087 0.6987 0.6983
1494806400.0000 125250.0000 0.0776 0.6349 0.1822 1.0092 186.9676 0.7449 0.2909 0.1077 0.2427 0.1431 0.0708 0.5718 0.9284 0.9187
1494806400.0000 125550.0000 -0.1513 0.4291 0.0968 0.7918 160.5752 0.3239 0.3037 0.0945 -0.1165 0.0352 0.0368 0.3611 1.0547 1.0053
1494806400.0000 125850.0000 -0.1133 0.0865 -0.0104 1.0254 127.3695 0.7250 0.6577 0.1433 -0.1164 0.1396 0.1030 0.7630 4.9913 4.7639
1494806400.0000 126150.0000 -0.3177 0.0210 -0.0927 0.9827 93.7762 0.6892 0.5761 0.0912 -0.2138 0.0496 0.0656 0.6783 2.0279 2.0399
1494806400.0000 126450.0000 0.4409 0.9823 0.3493 1.2993 204.1727 0.5065 0.3094 0.1064 0.0760 0.0671 0.0390 0.4612 0.4898 0.4843
1494806400.0000 126750.0000 -0.1192 0.6867 0.1584 0.9216 170.1506 0.3500 0.3210 0.0838 -0.0344 0.0395 0.0170 0.3774 0.7018 0.6786
1494806400.0000 127050.0000 -0.0495 0.8220 0.2645 0.9287 176.5517 0.1937 0.2028 0.0997 0.0261 0.0691 0.0173 0.2481 0.4702 0.4414
1494806400.0000 127350.0000 0.0156 -0.0452 0.0281 1.0500 340.9672 0.6045 0.8518 0.1793 0.0956 0.0990 0.2255 0.8178 13.3106 14.5601
1494806400.0000 127650.0000 0.3894 0.8806 0.3328 1.1581 203.8547 0.4278 0.4041 0.0914 0.0528 0.0098 0.0360 0.4616 0.5445 0.5469
1494806400.0000 127950.0000 -0.0924 1.3574 0.3727 1.4906 176.1052 0.3613 1.0080 0.1374 -0.0492 0.0639 0.0730 0.7534 0.5024 0.4966
1494806400.0000 128250.0000 -0.2737 0.4351 0.0618 0.8418 147.8306 0.4698 0.2713 0.0752 -0.0881 0.0847 0.0031 0.4082 1.0076 0.9669
1494806400.0000 128550.0000 0.3408 0.1174 0.0484 0.7592 250.9924 0.2888 0.3098 0.0799 0.0511 0.0052 0.0561 0.3392 1.3076 1.2392
1494806400.0000 128850.0000 -0.1456 0.5190 0.1145 0.8420 164.3298 0.4138 0.2802 0.0963 -0.0563 0.0489 0.0220 0.3951 0.9314 0.8922
1494806400.0000 129150.0000 -0.1851 0.4037 0.0609 0.8925 155.3674 0.3089 0.6116 0.1268 0.0503 0.0713 0.1452 0.5237 1.3182 1.2474
1494806400.0000 129450.0000 -0.0052 0.9973 0.2523 1.1547 179.7035 0.3283 0.8528 0.1243 -0.0990 0.0147 0.1420 0.6527 0.6412 0.6291
1494806400.0000 129750.0000 -0.1063 0.7504 0.2241 0.9523 171.9375 0.3426 0.2568 0.0826 0.0350 0.0797 0.0045 0.3410 0.6033 0.5898
1494806400.0000 130050.0000 -0.4205 0.8346 0.1656 1.2843 153.2607 0.4178 0.9141 0.1685 -0.0606 0.0871 0.1390 0.7502 0.7451 0.7130
1494806400.0000 130350.0000 -0.4522 0.7715 0.1824 1.1386 149.6243 0.4374 0.3758 0.1320 0.1337 0.1317 0.0739 0.4726 0.6150 0.5822
1494806400.0000 130650.0000 -0.3671 0.7796 0.1845 0.9855 154.7881 0.1796 0.3879 0.0749 -0.0434 0.0542 0.0078 0.3212 0.5251 0.5047
1494806400.0000 130950.0000 -0.2811 0.2219 0.0390 0.7747 128.2949 0.2419 0.4243 0.0895 -0.0191 0.0539 0.1006 0.3778 1.3932 1.3159
1494806400.0000 131250.0000 0.0028 0.5700 0.2247 0.7545 180.2842 0.1840 0.1978 0.0637 0.0298 0.0298 0.0292 0.2228 0.6290 0.6259
1494806400.0000 131550.0000 0.6954 0.0839 0.0995 0.9146 263.1210 0.2867 0.2825 0.0873 -0.1334 -0.0640 0.0804 0.3283 0.6612 0.6219
1494806400.0000 131850.0000 0.2327 0.3913 0.1315 0.7828 210.7372 0.2912 0.3259 0.0779 0.1837 0.0536 0.0960 0.3475 1.0157 0.9962
1494806400.0000 132150.0000 -0.2466 0.0176 -0.0468 0.6147 94.0752 0.2863 0.2404 0.0631 -0.0639 0.0352 0.0366 0.2949 1.7622 1.6948
1494806400.0000 132450.0000 -0.4030 0.2405 -0.0114 0.8377 120.8255 0.2680 0.4372 0.0931 -0.0326 0.0408 0.0912 0.3992 1.0989 1.0331
1494806400.0000 132750.0000 -0.0480 0.8696 0.1908 1.0830 176.8409 0.3420 0.4645 0.0957 0.0695 0.0842 0.0620 0.4512 0.6151 0.5954
1494806400.0000 133050.0000 0.5862 0.6516 0.2139 0.9482 221.9752 0.1904 0.1500 0.0504 0.0525 0.0110 0.0200 0.1954 0.4000 0.3843
1494806400.0000 133350.0000 0.1611 0.8412 0.2603 1.0103 190.8445 0.2981 0.1605 0.0516 0.0388 0.0507 -0.0042 0.2551 0.4607 0.4565
1494806400.0000 133650.0000 -0.0298 0.9053 0.2482 1.0619 178.1133 0.2580 0.3942 0.0683 -0.0341 0.0547 0.0251 0.3603 0.5218 0.5148
1494806400.0000 133950.0000 0.0818 0.5198 0.1474 0.8467 188.9399 0.2673 0.5080 0.0746 -0.1741 -0.0182 0.0624 0.4249 0.9740 0.9661
1494806400.0000 134250.0000 0.1987 -0.3884 -0.0239 0.7152 332.9084 0.2878 0.1813 0.0762 -0.0245 0.0258 0.0456 0.2726 0.9757 0.9063
1494806400.0000 134550.0000 -0.2768 0.8070 0.2512 1.1622 161.0689 0.5792 0.3112 0.1250 0.0008 0.1222 0.0408 0.5077 0.6541 0.6385
1494806400.0000 134850.0000 -0.2558 0.8535 0.2132 1.0065 163.3162 0.2297 0.4303 0.0732 -0.1276 0.0178 0.0349 0.3666 0.5396 0.5264
1494806400.0000 135150.0000 0.3721 -0.4683 -0.0927 0.6922 321.5336 0.2052 0.1360 0.0813 -0.0667 -0.0284 0.0538 0.2113 0.6200 0.5638
1494806400.0000 135450.0000 0.5030 0.1202 0.0363 0.7357 256.5609 0.2738 0.1437 0.0668 0.0392 -0.0191 0.0362 0.2422 0.7751 0.7214
1494806400.0000 135750.0000 0.0759 0.6725 0.1816 0.9555 186.4418 0.3141 0.5608 0.0780 -0.0145 0.0332 0.0462 0.4764 0.8043 0.7979
1494806400.0000 136050.0000 -0.9384 0.4416 -0.0453 1.2726 115.2002 0.5137 0.4638 0.1242 -0.0670 0.0955 0.0650 0.5509 0.5838 0.5504
1494806400.0000 136350.0000 -0.3935 0.6087 0.0739 0.8981 147.1164 0.2096 0.4808 0.0861 -0.1312 0.0184 0.0510 0.3882 0.6982 0.6618
1494806400.0000 136650.0000 -0.2575 0.6895 0.1792 0.9248 159.5207 0.3092 0.1924 0.0817 0.0463 0.0669 -0.0034 0.2916 0.5821 0.5556
1494806400.0000 136950.0000 -0.1697 0.9221 0.2498 1.0982 169.5729 0.3247 0.2766 0.0802 0.0041 0.0677 0.0042 0.3408 0.4912 0.4775
1494806400.0000 137250.0000 -0.0227 0.9164 0.2889 1.1808 178.5827 0.4445 0.3453 0.0917 0.1280 0.1038 0.0572 0.4408 0.5640 0.5597
1494806400.0000 137550.0000 0.3904 0.7030 0.2104 0.9790 209.0437 0.3596 0.1708 0.0788 0.0422 0.0149 0.0152 0.3046 0.5421 0.5229
1494806400.0000 137850.0000 0.0171 -0.2934 -0.1180 0.6490 356.6649 0.2085 0.2589 0.0714 -0.0805 -0.0031 0.0717 0.2694 1.3382 1.3431
1494806400.0000 138150.0000 -0.0312 -0.2843 -0.1077 0.6160 6.2555 0.2943 0.1651 0.0816 0.0963 0.0738 0.0456 0.2706 1.3898 1.3685
1494806400.0000 138450.0000 -0.0416 -0.4168 -0.1206 0.7228 5.7007 0.3164 0.2054 0.0727 -0.0303 0.0319 0.0616 0.2973 1.0213 0.9957
1494806400.0000 138750.0000 0.0448 0.4108 0.1185 0.7082 186.2257 0.2128 0.2270 0.0521 0.0606 0.0447 0.0553 0.2460 0.9419 0.9265
1494806400.0000 139050.0000 -0.4116 -0.7177 -0.2626 0.8974 29.8343 0.1684 0.2218 0.0697 0.1038 0.0524 0.0837 0.2299 0.4510 0.4359
1494806400.0000 139350.0000 0.0752 -0.4696 -0.1486 0.6249 350.9036 0.1787 0.0876 0.0577 -0.0286 0.0267 0.0241 0.1620 0.6596 0.6266
1494806400.0000 139650.0000 0.3448 0.1543 0.0723 0.6267 245.8958 0.1327 0.1907 0.0655 0.0865 0.0439 0.0812 0.1945 0.9361 0.8692
1494806400.0000 139950.0000 0.3809 0.6068 0.1979 0.7648 212.1183 0.0977 0.0834 0.0290 0.0276 0.0033 0.0027 0.1050 0.3560 0.3429
1494806400.0000 140250.0000 0.4402 0.6405 0.2031 0.8115 214.4999 0.0851 0.0929 0.0275 0.0405 0.0001 -0.0031 0.1027 0.3258 0.3133
1494806400.0000 140550.0000 0.0196 0.3410 0.1194 0.4340 183.2823 0.0710 0.0333 0.0189 -0.0050 0.0124 -0.0014 0.0616 0.5602 0.5459
1494806400.0000 140850.0000 -0.1534 -0.0046 -0.0503 0.4019 88.2887 0.1281 0.1090 0.0507 0.0015 0.0115 0.0289 0.1439 1.9179 1.8321
1494806400.0000 141150.0000 -0.0221 0.1267 -0.0007 0.5912 170.1053 0.2069 0.2102 0.0648 -0.0143 0.0349 0.0592 0.2410 3.1169 2.8998
1494806400.0000 141450.0000 0.0565 0.2049 0.0763 0.6681 195.4123 0.3288 0.2427 0.0644 -0.0667 0.0297 0.0409 0.3179 2.0386 2.0533
1494806400.0000 141750.0000 -0.2366 -0.1816 -0.0727 0.6083 52.4834 0.2817 0.1424 0.0685 0.0049 0.0303 0.0471 0.2463 1.3199 1.2605
1494806400.0000 142050.0000 -0.2894 0.1518 -0.0088 0.5649 117.6872 0.2312 0.0996 0.0395 -0.0382 0.0210 0.0159 0.1852 1.0747 1.0161
1494806400.0000 142350.0000 0.0897 0.3396 0.1107 0.5910 194.7945 0.2325 0.1475 0.0486 -0.0412 0.0212 0.0169 0.2143 1.0262 1.0132
1494806400.0000 142650.0000 0.1943 -0.0018 0.0536 0.5914 270.5309 0.1820 0.2462 0.0625 -0.0274 0.0009 0.0802 0.2453 2.0065 1.9443
1494806400.0000 142950.0000 -0.0753 0.2751 0.0748 0.4975 164.6951 0.1201 0.1130 0.0530 0.0170 0.0205 0.0193 0.1431 1.0473 0.9773
1494806400.0000 143250.0000 0.9354 0.7810 0.2477 1.3397 230.1371 0.3107 0.4822 0.1214 0.1517 0.0187 0.1059 0.4572 0.4440 0.4219
1494806400.0000 143550.0000 0.0716 0.3201 0.1024 0.7483 192.6026 0.4213 0.2474 0.0760 0.0976 0.0691 0.0378 0.3723 1.4498 1.4392
1494806400.0000 143850.0000 0.5370 0.5507 0.1641 0.9004 224.2778 0.2772 0.1871 0.0613 0.0126 -0.0196 0.0059 0.2628 0.5321 0.5114
1494806400.0000 144150.0000 0.5393 0.5152 0.1716 0.8288 226.3087 0.1588 0.1898 0.0510 0.0560 -0.0037 0.0261 0.1998 0.4769 0.4570
1494806400.0000 144450.0000 0.3833 0.1108 0.0556 0.5670 253.8687 0.1040 0.1498 0.0463 0.0230 0.0061 0.0310 0.1500 0.7852 0.7291
1494806400.0000 144750.0000 0.1238 -0.0714 0.0487 0.7304 299.9636 0.3507 0.4378 0.0873 0.2203 0.0790 0.1432 0.4379 3.5794 3.5883
1494806400.0000 145050.0000 -0.3063 -0.2137 -0.0877 0.5488 55.1031 0.1366 0.1371 0.0615 0.0228 0.0431 0.0500 0.1676 0.8713 0.8087
1494806400.0000 145350.0000 -0.1003 -0.0905 -0.0752 0.6086 47.9227 0.2452 0.1909 0.0812 0.0698 0.0620 0.0545 0.2587 2.6854 2.8224
1494806400.0000 145650.0000 -0.1177 -0.1249 -0.1546 0.6744 43.3115 0.3597 0.2287 0.0641 0.0169 0.0216 0.0622 0.3263 2.0190 2.5801
1494806400.0000 145950.0000 0.1972 0.4300 0.1431 0.6517 204.6393 0.1714 0.1100 0.0400 0.0371 0.0100 0.0153 0.1606 0.6621 0.6473
1494806400.0000 146250.0000 0.1427 -0.2541 -0.0524 0.6122 330.6881 0.2459 0.1614 0.0620 0.0563 0.0199 0.0482 0.2347 1.3359 1.2645
1494806400.0000 146550.0000 0.0437 -0.4135 -0.1177 0.5457 353.9700 0.1178 0.0901 0.0401 0.0023 -0.0002 0.0302 0.1240 0.6653 0.6331
1494806400.0000 146850.0000 0.5066 0.1978 0.1570 0.6960 248.6664 0.0892 0.2190 0.0372 0.0225 -0.0078 0.0358 0.1727 0.5994 0.5894
1494806400.0000 147150.0000 0.2261 0.3329 0.0818 0.4760 214.1787 0.0811 0.0722 0.0350 0.0244 0.0081 0.0196 0.0942 0.6101 0.5618
1494806400.0000 147450.0000 -0.0646 -0.2011 -0.0972 0.4938 17.8062 0.0678 0.2265 0.0403 0.0084 0.0120 0.0550 0.1673 1.4366 1.4831
1494806400.0000 147750.0000 0.2243 0.3883 0.0766 0.8142 210.0064 0.4646 0.1482 0.0484 -0.0966 0.0012 0.0195 0.3306 1.0319 1.0078
1494806400.0000 148050.0000 0.1720 0.3234 0.1290 0.5689 208.0078 0.1175 0.1594 0.0392 -0.0131 -0.0081 0.0310 0.1580 0.8358 0.8294
1494806400.0000 148350.0000 -0.0003 -0.0878 -0.0495 0.5883 0.1847 0.2327 0.2710 0.0679 0.1336 0.0513 0.0844 0.2858 4.3297 4.6648
1494806400.0000 148650.0000 -0.2183 -0.3617 -0.1296 0.6203 31.1159 0.1680 0.1368 0.0678 -0.0237 0.0035 0.0370 0.1863 0.7975 0.7545
1494806400.0000 148950.0000 -0.0372 -0.4169 -0.1154 0.6251 5.0961 0.1917 0.1217 0.0521 0.0381 0.0220 0.0443 0.1827 0.8039 0.7722
1494806400.0000 149250.0000 -0.0483 -0.0450 0.0050 0.5098 47.0215 0.1899 0.1482 0.0583 -0.0182 0.0269 0.0437 0.1983 5.4862 5.0811
1494806400.0000 149550.0000 0.0451 -0.1533 -0.0229 0.5585 343.6057 0.0828 0.3071 0.0656 0.0059 -0.0001 0.0949 0.2278 2.4131 2.2553
1494806400.0000 149850.0000 -0.1266 -0.6640 -0.2022 0.8021 10.7963 0.1867 0.1760 0.0633 0.0491 0.0273 0.0719 0.2130 0.5341 0.5144
1494806400.0000 150150.0000 0.0793 -0.4455 -0.1143 0.5901 349.9041 0.1400 0.0797 0.0400 0.0217 0.0175 0.0337 0.1299 0.6304 0.5981
1494806400.0000 150450.0000 -0.0097 -0.5037 -0.1144 0.5857 1.1025 0.0890 0.0601 0.0363 0.0181 0.0105 0.0290 0.0927 0.4813 0.4425
1494806400.0000 150750.0000 -0.0680 -0.4850 -0.1539 0.5548 7.9795 0.0703 0.0767 0.0412 0.0222 0.0084 0.0366 0.0941 0.4879 0.4521
1494806400.0000 151050.0000 0.2246 -0.4226 -0.1089 0.6466 332.0099 0.1777 0.1203 0.0551 0.0484 0.0153 0.0526 0.1765 0.6990 0.6586
