1494720000.0000 150.0000 -0.2930 -0.4171 -0.0948 0.5134 35.0844 0.0047 0.0096 0.0030 0.0031 0.0016 0.0027 0.0086 0.1464 0.1354
1494720000.0000 450.0000 -0.3414 -0.4691 -0.1076 0.5834 36.0500 0.0034 0.0081 0.0030 0.0015 0.0011 0.0021 0.0073 0.1179 0.1069
1494720000.0000 750.0000 -0.3165 -0.4761 -0.1115 0.5752 33.6088 0.0091 0.0160 0.0038 0.0091 0.0032 0.0049 0.0144 0.1684 0.1600
1494720000.0000 1050.0000 -0.0763 -0.2355 -0.0124 0.2725 17.9472 0.0109 0.0232 0.0040 0.0028 0.0010 0.0034 0.0190 0.4547 0.4305
1494720000.0000 1350.0000 -0.1686 -0.0964 -0.0498 0.2299 60.2479 0.0028 0.0178 0.0013 0.0025 0.0010 0.0029 0.0110 0.4272 0.4274
1494720000.0000 1650.0000 -0.2848 -0.2292 -0.0996 0.3731 51.1772 0.0062 0.0077 0.0020 0.0015 0.0025 0.0013 0.0079 0.1919 0.1860
1494720000.0000 1950.0000 -0.0519 0.0217 -0.0023 0.2387 112.7259 0.0303 0.0378 0.0031 0.0316 0.0066 0.0074 0.0356 2.7354 2.6777
1494720000.0000 2250.0000 -0.1922 -0.1140 -0.0683 0.3298 59.3287 0.0205 0.0534 0.0075 0.0248 0.0094 0.0127 0.0407 0.7049 0.7024
1494720000.0000 2550.0000 -0.3174 -0.2967 -0.1291 0.4415 46.9305 0.0057 0.0097 0.0026 0.0014 0.0019 0.0033 0.0090 0.1713 0.1651
1494720000.0000 2850.0000 -0.2982 -0.3289 -0.1084 0.4661 42.1921 0.0152 0.0233 0.0071 0.0017 0.0038 0.0077 0.0228 0.2698 0.2552
1494720000.0000 3150.0000 -0.1144 -0.1138 -0.0436 0.2104 45.1562 0.0123 0.0225 0.0048 0.0104 0.0054 0.0064 0.0198 0.6875 0.6679
1494720000.0000 3450.0000 -0.0327 -0.1882 -0.0357 0.2214 9.8656 0.0058 0.0178 0.0035 0.0070 0.0021 0.0048 0.0135 0.4887 0.4641
1494720000.0000 3750.0000 -0.1924 -0.2458 -0.0624 0.3237 38.0434 0.0025 0.0112 0.0018 -0.0005 0.0005 0.0020 0.0078 0.2258 0.2164
1494720000.0000 4050.0000 -0.0668 0.0986 0.0102 0.1529 145.8800 0.0065 0.0064 0.0011 0.0049 0.0013 0.0013 0.0070 0.5730 0.5523
1494720000.0000 4350.0000 0.0154 -0.0365 -0.0096 0.1797 337.1561 0.0252 0.0134 0.0039 0.0037 0.0047 0.0030 0.0212 2.9190 2.8633
1494720000.0000 4650.0000 0.0017 -0.1831 -0.0189 0.2235 359.4649 0.0122 0.0162 0.0054 0.0023 -0.0010 0.0039 0.0169 0.5772 0.5321
1494720000.0000 4950.0000 -0.1606 -0.2292 -0.0566 0.2903 35.0209 0.0045 0.0060 0.0020 -0.0008 0.0013 0.0008 0.0063 0.2266 0.2119
1494720000.0000 5250.0000 -0.2389 -0.1947 -0.0847 0.3271 50.8232 0.0094 0.0110 0.0039 -0.0022 0.0037 0.0000 0.0122 0.2819 0.2676
1494720000.0000 5550.0000 -0.1864 -0.1536 -0.0641 0.2649 50.5070 0.0115 0.0135 0.0040 0.0020 0.0044 0.0022 0.0144 0.3927 0.3774
1494720000.0000 5850.0000 -0.2504 -0.1633 -0.0637 0.3210 56.8802 0.0107 0.0132 0.0050 0.0003 0.0040 0.0010 0.0144 0.3209 0.2981
1494720000.0000 6150.0000 -0.2973 -0.1490 -0.0934 0.3538 63.3778 0.0076 0.0159 0.0054 -0.0018 0.0029 0.0025 0.0144 0.2838 0.2659
1494720000.0000 6450.0000 0.0562 -0.0349 0.0194 0.1717 301.8492 0.0178 0.0165 0.0058 0.0092 0.0026 0.0045 0.0201 1.6782 1.6168
1494720000.0000 6750.0000 -0.2954 -0.1389 -0.0982 0.3782 64.8222 0.0197 0.0307 0.0038 0.0037 0.0042 0.0057 0.0271 0.3941 0.3969
1494720000.0000 7050.0000 -0.2263 -0.2360 -0.0710 0.3445 43.7965 0.0056 0.0165 0.0024 -0.0011 0.0013 0.0030 0.0123 0.2705 0.2627
1494720000.0000 7350.0000 -0.0022 0.0059 0.0115 0.1058 159.8261 0.0066 0.0074 0.0025 0.0016 0.0012 0.0017 0.0083 5.6521 10.9025
1494720000.0000 7650.0000 -0.0818 -0.0197 -0.0093 0.1202 76.4529 0.0019 0.0078 0.0005 -0.0011 0.0002 0.0003 0.0051 0.6887 0.6756
1494720000.0000 7950.0000 -0.2382 -0.1993 -0.0722 0.3279 50.0814 0.0043 0.0183 0.0023 0.0049 0.0017 0.0024 0.0125 0.2859 0.2799
1494720000.0000 8250.0000 -0.2027 -0.2368 -0.0622 0.3372 40.5625 0.0116 0.0119 0.0042 -0.0026 0.0020 0.0011 0.0138 0.3021 0.2836
1494720000.0000 8550.0000 -0.0717 0.0214 -0.0035 0.1682 106.5919 0.0194 0.0124 0.0025 -0.0071 0.0037 -0.0015 0.0172 1.4295 1.3772
1494720000.0000 8850.0000 -0.0215 0.1140 0.0226 0.1374 169.3290 0.0062 0.0085 0.0013 -0.0015 0.0007 0.0003 0.0080 0.6173 0.6027
1494720000.0000 9150.0000 -0.0738 -0.1083 -0.0271 0.1639 34.2829 0.0125 0.0181 0.0036 0.0108 0.0049 0.0057 0.0171 0.7978 0.7712
1494720000.0000 9450.0000 -0.0720 -0.0186 -0.0110 0.1163 75.5353 0.0074 0.0056 0.0008 -0.0020 0.0006 0.0002 0.0069 0.9043 0.8875
1494720000.0000 9750.0000 -0.0709 -0.1444 -0.0439 0.2197 26.1397 0.0272 0.0174 0.0057 0.0158 0.0097 0.0084 0.0252 0.7769 0.7581
1494720000.0000 10050.0000 -0.3940 -0.2289 -0.1242 0.4784 59.8429 0.0094 0.0237 0.0038 -0.0003 0.0025 0.0042 0.0184 0.2346 0.2304
1494720000.0000 10350.0000 -0.2088 -0.1195 -0.0618 0.3925 60.2172 0.0433 0.0767 0.0105 0.0441 0.0152 0.0178 0.0652 0.8395 0.8313
1494720000.0000 10650.0000 -0.0263 -0.0559 -0.0123 0.2475 25.2163 0.0416 0.0256 0.0069 0.0078 0.0090 0.0042 0.0371 2.4971 2.4251
1494720000.0000 10950.0000 -0.1598 -0.1924 -0.0550 0.2759 39.7243 0.0120 0.0047 0.0017 -0.0044 0.0023 -0.0004 0.0092 0.3061 0.2988
1494720000.0000 11250.0000 -0.0579 0.1050 0.0102 0.2466 151.1190 0.0150 0.0515 0.0038 0.0010 0.0045 0.0033 0.0352 1.2725 1.2418
1494720000.0000 11550.0000 0.0252 -0.1031 -0.0162 0.2518 346.2586 0.0245 0.0512 0.0084 0.0264 0.0081 0.0134 0.0421 1.5599 1.4972
1494720000.0000 11850.0000 -0.0826 -0.0852 -0.0245 0.1734 44.0850 0.0083 0.0158 0.0024 -0.0002 0.0018 0.0016 0.0133 0.7756 0.7550
1494720000.0000 12150.0000 0.0795 0.0579 0.0244 0.1831 233.9412 0.0218 0.0171 0.0058 0.0105 0.0063 0.0032 0.0223 1.2036 1.1574
1494720000.0000 12450.0000 0.0375 0.0375 -0.0248 0.1427 225.0269 0.0145 0.0118 0.0080 -0.0006 -0.0052 0.0050 0.0171 1.8256 1.7660
1494720000.0000 12750.0000 -0.2132 -0.1101 -0.0566 0.2572 62.7005 0.0203 0.0110 0.0023 0.0121 0.0043 0.0027 0.0168 0.4292 0.4255
1494720000.0000 13050.0000 -0.1424 -0.2070 -0.0620 0.2755 34.5235 0.0213 0.0036 0.0018 0.0032 0.0042 0.0012 0.0134 0.3653 0.3631
1494720000.0000 13350.0000 0.0511 0.0784 0.0317 0.1245 213.0661 0.0024 0.0088 0.0016 0.0018 0.0003 0.0012 0.0064 0.6628 0.6548
1494720000.0000 13650.0000 0.0226 0.0105 -0.0055 0.1265 244.9743 0.0133 0.0073 0.0043 0.0055 0.0003 0.0018 0.0124 3.5664 3.3230
1494720000.0000 13950.0000 -0.2210 -0.1903 -0.0718 0.3028 49.2721 0.0048 0.0046 0.0012 -0.0026 0.0011 -0.0008 0.0053 0.1978 0.1922
1494720000.0000 14250.0000 -0.3202 -0.1621 -0.0934 0.3754 63.1522 0.0081 0.0105 0.0037 -0.0013 0.0027 0.0007 0.0111 0.2323 0.2194
1494720000.0000 14550.0000 -0.1370 0.0243 -0.0022 0.2351 100.0485 0.0195 0.0279 0.0060 0.0133 0.0049 0.0066 0.0267 0.9594 0.9040
1494720000.0000 14850.0000 -0.0266 -0.1155 -0.0184 0.1569 12.9740 0.0121 0.0123 0.0017 0.0092 0.0032 0.0031 0.0130 0.7767 0.7596
1494720000.0000 15150.0000 -0.0908 -0.0922 -0.0333 0.1515 44.5456 0.0080 0.0016 0.0010 -0.0005 0.0013 0.0002 0.0053 0.4437 0.4360
1494720000.0000 15450.0000 -0.0945 -0.1354 -0.0332 0.1995 34.9163 0.0101 0.0070 0.0031 0.0057 0.0039 0.0035 0.0101 0.4864 0.4569
1494720000.0000 15750.0000 -0.1108 -0.1129 -0.0610 0.3638 44.4463 0.0834 0.0539 0.0087 0.0544 0.0229 0.0177 0.0730 1.3012 1.3525
1494720000.0000 16050.0000 -0.1610 -0.1913 -0.0555 0.3353 40.0695 0.0341 0.0430 0.0136 0.0212 0.0159 0.0166 0.0454 0.6792 0.6413
1494720000.0000 16350.0000 -0.1319 -0.0141 -0.0466 0.2571 83.8981 0.0322 0.0293 0.0057 0.0282 0.0109 0.0094 0.0336 1.0643 1.0789
1494720000.0000 16650.0000 -0.1723 -0.0938 -0.0731 0.3579 61.4273 0.0422 0.1010 0.0157 0.0464 0.0206 0.0320 0.0795 1.0991 1.1133
1494720000.0000 16950.0000 -0.1858 -0.0133 -0.0405 0.2732 85.9201 0.0319 0.0416 0.0126 -0.0005 0.0133 0.0022 0.0430 0.8887 0.8402
1494720000.0000 17250.0000 -0.3563 -0.1176 -0.1076 0.4502 71.7337 0.0356 0.0667 0.0230 -0.0112 0.0169 -0.0115 0.0626 0.5235 0.4921
1494720000.0000 17550.0000 0.0374 0.1385 0.0188 0.2513 195.1005 0.0359 0.0268 0.0071 0.0162 0.0080 0.0011 0.0349 1.0542 1.0077
1494720000.0000 17850.0000 -0.0175 -0.1547 -0.0565 0.2837 6.4709 0.0491 0.0382 0.0087 -0.0121 0.0038 -0.0017 0.0480 1.0795 1.0952
1494720000.0000 18150.0000 -0.1971 0.0397 -0.0547 0.3392 101.3825 0.0703 0.0465 0.0241 0.0202 0.0257 0.0035 0.0705 1.0403 0.9816
1494720000.0000 18450.0000 0.0028 0.1258 0.0218 0.2379 181.2853 0.0283 0.0262 0.0076 0.0144 0.0049 0.0018 0.0310 1.1265 1.0711
1494720000.0000 18750.0000 -0.2306 -0.1064 -0.0660 0.3092 65.2256 0.0350 0.0286 0.0157 0.0034 0.0117 0.0020 0.0397 0.6198 0.5737
1494720000.0000 19050.0000 -0.2542 -0.0501 -0.0309 0.3356 78.8447 0.0347 0.0378 0.0126 0.0014 0.0084 -0.0005 0.0426 0.6455 0.6002
1494720000.0000 19350.0000 -0.3347 -0.1848 -0.1018 0.4222 61.0922 0.0286 0.0345 0.0119 0.0004 0.0077 0.0031 0.0375 0.3997 0.3794
1494720000.0000 19650.0000 -0.2230 0.0500 -0.0726 0.3033 102.6478 0.0241 0.0319 0.0093 0.0041 0.0076 -0.0009 0.0327 0.6153 0.5978
1494720000.0000 19950.0000 0.1071 -0.0362 0.0107 0.1538 288.6809 0.0118 0.0080 0.0047 -0.0017 0.0020 -0.0011 0.0122 0.7952 0.7184
1494720000.0000 20250.0000 -0.0858 -0.0258 -0.0622 0.1193 73.2518 0.0039 0.0071 0.0044 0.0019 0.0018 0.0017 0.0077 0.6580 0.6770
1494720000.0000 20550.0000 -0.0019 0.0608 -0.0054 0.1128 178.1984 0.0037 0.0109 0.0029 -0.0024 0.0002 0.0002 0.0087 1.2504 1.1469
1494720000.0000 20850.0000 -0.0693 -0.0160 -0.0011 0.1667 76.9813 0.0248 0.0082 0.0062 -0.0103 0.0061 -0.0015 0.0196 1.6060 1.4743
1494720000.0000 21150.0000 -0.0389 0.0637 0.0008 0.1733 148.6181 0.0213 0.0136 0.0092 0.0073 0.0074 0.0024 0.0221 1.6241 1.4449
1494720000.0000 21450.0000 -0.0897 0.2423 -0.0399 0.3788 159.6954 0.0485 0.0978 0.0209 0.0344 0.0163 0.0004 0.0836 0.9029 0.8546
1494720000.0000 21750.0000 -0.0635 0.2266 0.0051 0.4300 164.3488 0.0808 0.1133 0.0358 0.0526 0.0220 0.0149 0.1150 1.1759 1.0806
1494720000.0000 22050.0000 -0.0894 0.1576 -0.0092 0.3822 150.4267 0.0685 0.0913 0.0405 0.0250 0.0244 -0.0013 0.1001 1.4239 1.2734
1494720000.0000 22350.0000 -0.0758 0.1099 -0.0068 0.2937 145.3814 0.0512 0.0537 0.0209 -0.0009 0.0182 -0.0038 0.0630 1.5325 1.4012
1494720000.0000 22650.0000 -0.0223 0.1224 0.0116 0.2917 169.6610 0.0416 0.0697 0.0190 0.0119 0.0079 -0.0094 0.0652 1.6675 1.5475
1494720000.0000 22950.0000 0.0202 0.1766 0.0374 0.3414 186.5174 0.0503 0.0786 0.0328 0.0180 -0.0007 -0.0185 0.0808 1.2778 1.1660
1494720000.0000 23250.0000 0.0024 0.1172 0.0082 0.2659 181.1951 0.0419 0.0442 0.0161 0.0081 0.0048 -0.0005 0.0511 1.5700 1.4444
1494720000.0000 23550.0000 0.0469 0.1533 0.0180 0.2305 196.9989 0.0151 0.0437 0.0105 0.0062 0.0033 -0.0013 0.0346 0.9418 0.8731
1494720000.0000 23850.0000 0.0338 0.2259 0.0329 0.3595 188.5092 0.0579 0.0743 0.0295 0.0107 0.0156 -0.0097 0.0809 1.0062 0.9192
1494720000.0000 24150.0000 -0.0282 0.1777 -0.0446 0.3427 170.9762 0.0487 0.0995 0.0222 0.0282 0.0107 0.0004 0.0852 1.2857 1.2354
1494720000.0000 24450.0000 0.0459 0.2997 -0.0007 0.4390 188.7092 0.0701 0.1684 0.0250 0.0292 0.0151 -0.0104 0.1317 0.9774 0.9299
1494720000.0000 24750.0000 0.1594 0.4226 0.0501 0.5852 200.6675 0.1409 0.0844 0.0393 -0.0023 0.0207 -0.0190 0.1323 0.6535 0.6067
1494720000.0000 25050.0000 -0.0100 0.1218 -0.0091 0.3342 175.3255 0.0655 0.0836 0.0300 0.0188 0.0201 0.0023 0.0896 1.9936 1.8239
1494720000.0000 25350.0000 0.1088 0.4312 0.0157 0.5059 194.1633 0.0437 0.0935 0.0220 0.0212 0.0053 -0.0073 0.0796 0.5176 0.4808
1494720000.0000 25650.0000 -0.0318 0.3943 0.0146 0.4441 175.3897 0.0337 0.0784 0.0201 0.0028 -0.0008 -0.0135 0.0661 0.5303 0.4887
1494720000.0000 25950.0000 -0.0470 0.1391 -0.0082 0.3166 161.3433 0.0475 0.0700 0.0299 0.0147 0.0138 0.0001 0.0737 1.5078 1.3483
1494720000.0000 26250.0000 -0.1562 0.0742 -0.0460 0.4350 115.4137 0.1685 0.0893 0.0408 0.0127 0.0519 -0.0049 0.1493 1.7635 1.6954
1494720000.0000 26550.0000 0.1451 0.2262 -0.0034 0.3842 212.6809 0.0449 0.1039 0.0173 0.0155 0.0054 -0.0019 0.0831 0.8757 0.8289
1494720000.0000 26850.0000 0.0864 0.3098 0.0089 0.4386 195.5761 0.0744 0.0844 0.0219 0.0367 0.0096 0.0011 0.0903 0.7627 0.7153
1494720000.0000 27150.0000 -0.0333 0.1872 -0.0150 0.3064 169.9213 0.0335 0.0628 0.0160 0.0179 0.0037 -0.0018 0.0562 1.0146 0.9426
1494720000.0000 27450.0000 0.1064 0.1608 0.0308 0.2520 213.4868 0.0264 0.0381 0.0113 0.0123 -0.0017 -0.0033 0.0379 0.8143 0.7608
1494720000.0000 27750.0000 0.0493 0.2169 -0.0290 0.2797 192.8162 0.0279 0.0316 0.0104 0.0087 0.0039 -0.0038 0.0350 0.6806 0.6333
1494720000.0000 28050.0000 -0.0734 0.1627 0.0085 0.2608 155.7093 0.0185 0.0383 0.0102 0.0116 -0.0037 -0.0075 0.0335 0.8362 0.7709
1494720000.0000 28350.0000 0.1300 0.2708 -0.0008 0.4095 205.6435 0.0587 0.0475 0.0234 -0.0040 0.0000 -0.0038 0.0648 0.6921 0.6264
1494720000.0000 28650.0000 0.0741 0.2843 0.0465 0.3699 194.6159 0.0450 0.0458 0.0239 -0.0055 0.0081 -0.0024 0.0574 0.6574 0.5921
1494720000.0000 28950.0000 0.1147 0.0928 0.0031 0.3024 231.0369 0.0474 0.0665 0.0259 0.0151 -0.0018 -0.0127 0.0699 1.4630 1.3208
1494720000.0000 29250.0000 0.0064 0.2195 -0.0505 0.3920 181.6746 0.0902 0.0727 0.0362 0.0310 0.0119 0.0087 0.0996 1.1435 1.0614
1494720000.0000 29550.0000 -0.0057 0.1629 0.0545 0.3171 178.0020 0.0437 0.0620 0.0246 0.0135 0.0026 0.0009 0.0652 1.2130 1.1518
1494720000.0000 29850.0000 -0.0699 0.1877 0.0351 0.4091 159.5698 0.1051 0.0924 0.0334 0.0120 0.0179 -0.0034 0.1155 1.3647 1.2814
1494720000.0000 30150.0000 0.0979 0.2578 0.0029 0.4431 200.7935 0.0533 0.1553 0.0317 0.0126 0.0047 -0.0051 0.1201 1.0261 0.9561
1494720000.0000 30450.0000 0.1134 0.3466 0.0247 0.5166 198.1204 0.0512 0.1805 0.0347 0.0142 0.0073 -0.0034 0.1332 0.8152 0.7620
1494720000.0000 30750.0000 0.0561 0.4143 0.0523 0.5668 187.7160 0.0658 0.1775 0.0477 0.0154 0.0168 -0.0135 0.1455 0.7392 0.6812
1494720000.0000 31050.0000 -0.0200 0.2584 0.0368 0.4667 175.5714 0.0962 0.1477 0.0421 0.0289 0.0246 0.0035 0.1430 1.1793 1.0999
1494720000.0000 31350.0000 0.1315 0.3731 0.0504 0.5454 199.4098 0.0890 0.1594 0.0434 0.0092 0.0140 -0.0093 0.1459 0.7820 0.7273
1494720000.0000 31650.0000 0.1188 0.1078 -0.0082 0.3825 227.7872 0.0539 0.1473 0.0345 -0.0063 0.0130 -0.0224 0.1178 1.7444 1.6138
1494720000.0000 31950.0000 0.1949 -0.0316 0.0569 0.3648 279.2166 0.0740 0.0599 0.0237 -0.0026 -0.0019 -0.0018 0.0788 1.1155 1.0701
1494720000.0000 32250.0000 -0.0445 0.2961 -0.0874 0.5134 171.4604 0.0990 0.1252 0.0248 -0.0261 0.0064 0.0088 0.1245 0.9237 0.9130
1494720000.0000 32550.0000 0.0703 0.1345 0.0144 0.3274 207.6077 0.0473 0.0990 0.0192 0.0127 0.0081 0.0007 0.0827 1.5408 1.4551
1494720000.0000 32850.0000 0.3554 0.0961 0.0042 0.4579 254.8663 0.0622 0.0740 0.0240 -0.0033 -0.0050 -0.0001 0.0801 0.6275 0.5787
1494720000.0000 33150.0000 -0.0986 0.2407 -0.0270 0.5172 157.7283 0.1549 0.1041 0.0410 -0.0013 0.0201 -0.0052 0.1500 1.2093 1.1296
1494720000.0000 33450.0000 0.1290 0.2238 0.0338 0.3326 209.9604 0.0459 0.0525 0.0179 0.0130 0.0024 -0.0001 0.0582 0.7561 0.7012
1494720000.0000 33750.0000 0.4247 0.2796 0.0291 0.6542 236.6407 0.1130 0.1740 0.0432 0.0252 0.0025 0.0221 0.1651 0.6515 0.6083
1494720000.0000 34050.0000 0.2137 0.3137 0.0719 0.4828 214.2673 0.0845 0.1092 0.0264 0.0333 -0.0115 -0.0075 0.1100 0.7011 0.6694
1494720000.0000 34350.0000 0.0334 0.0736 -0.0216 0.3270 204.3960 0.0390 0.1116 0.0210 0.0163 0.0070 0.0177 0.0858 2.8594 2.7728
1494720000.0000 34650.0000 -0.0375 -0.1668 -0.0229 0.3934 12.6608 0.0556 0.1445 0.0316 0.0284 0.0161 0.0379 0.1158 1.6112 1.5108
1494720000.0000 34950.0000 0.3306 -0.0625 0.0192 0.4148 280.7085 0.0549 0.0460 0.0402 0.0060 0.0026 0.0168 0.0706 0.6436 0.5452
1494720000.0000 35250.0000 0.0260 0.0749 0.0065 0.4091 199.1230 0.0786 0.1340 0.0377 0.0242 0.0209 0.0211 0.1251 3.6305 3.3570
1494720000.0000 35550.0000 0.0942 0.3098 -0.0115 0.4635 196.9173 0.0704 0.1309 0.0313 -0.0089 0.0037 -0.0059 0.1163 0.8594 0.8000
1494720000.0000 35850.0000 0.0671 -0.1980 -0.0800 0.4517 341.2826 0.1438 0.0487 0.0312 0.0020 0.0260 0.0095 0.1118 1.2197 1.2114
1494720000.0000 36150.0000 0.3520 0.1758 0.0948 0.4936 243.4629 0.0681 0.0737 0.0352 -0.0014 -0.0086 0.0020 0.0885 0.6001 0.5526
1494720000.0000 36450.0000 0.2514 0.4849 0.0522 0.6302 207.3983 0.0654 0.1646 0.0475 0.0192 -0.0141 -0.0208 0.1388 0.5544 0.5070
1494720000.0000 36750.0000 0.0830 0.4715 0.0230 0.6520 189.9887 0.1951 0.1933 0.0514 0.0980 0.0205 0.0103 0.2199 0.7988 0.7516
1494720000.0000 37050.0000 0.2922 0.3568 0.0553 0.6745 219.3107 0.1705 0.2669 0.0840 0.0696 0.0065 0.0566 0.2607 0.8975 0.8279
1494720000.0000 37350.0000 0.2261 0.3406 0.0738 0.5948 213.5764 0.1426 0.1259 0.0523 0.0115 0.0120 -0.0055 0.1604 0.7870 0.7316
1494720000.0000 37650.0000 0.3584 0.0763 -0.0392 0.5324 257.9885 0.1474 0.0955 0.0455 -0.0145 -0.0180 0.0272 0.1442 0.8414 0.7767
1494720000.0000 37950.0000 0.2401 0.0896 0.0188 0.3189 249.5261 0.0775 0.0366 0.0193 0.0200 -0.0022 0.0116 0.0667 0.8207 0.7611
1494720000.0000 38250.0000 0.0732 -0.0395 -0.0210 0.2112 298.3722 0.0472 0.0242 0.0129 -0.0084 0.0019 0.0000 0.0421 1.9543 1.8553
1494720000.0000 38550.0000 0.0448 -0.0236 -0.1434 0.2860 297.7595 0.0718 0.0311 0.0143 0.0183 0.0077 0.0052 0.0586 1.2995 3.6554
1494720000.0000 38850.0000 -0.1819 -0.1014 -0.0955 0.3100 60.8615 0.0515 0.0525 0.0202 0.0085 0.0134 0.0036 0.0621 0.8882 0.8940
1494720000.0000 39150.0000 0.1285 0.3425 0.0409 0.6429 200.5695 0.1905 0.2153 0.0812 0.0739 0.0356 0.0285 0.2435 1.0946 1.0054
1494720000.0000 39450.0000 0.2681 0.4469 0.0514 0.7543 210.9618 0.1908 0.2632 0.0685 0.0710 0.0295 -0.0027 0.2612 0.7968 0.7463
1494720000.0000 39750.0000 0.1097 0.6484 0.0370 1.0403 189.6041 0.4899 0.4025 0.1570 0.1862 0.1286 0.0531 0.5247 0.8980 0.8294
1494720000.0000 40050.0000 -0.0045 0.5346 -0.0363 0.8849 179.5209 0.3333 0.5500 0.0828 0.2351 0.0640 0.0323 0.4831 1.0590 1.0149
1494720000.0000 40350.0000 0.0260 0.2847 -0.0023 0.5851 185.2279 0.1459 0.2616 0.0548 0.0860 0.0339 0.0176 0.2312 1.3733 1.2894
1494720000.0000 40650.0000 0.2690 0.7515 0.0815 0.9206 199.6978 0.1715 0.1834 0.0824 -0.0233 0.0287 -0.0353 0.2187 0.4759 0.4309
1494720000.0000 40950.0000 0.2381 0.4254 0.0222 0.6344 209.2391 0.0999 0.1876 0.0548 0.0159 0.0162 -0.0130 0.1712 0.6923 0.6351
1494720000.0000 41250.0000 0.0068 0.1341 -0.0169 0.3364 182.8995 0.0605 0.0781 0.0217 0.0307 0.0001 0.0067 0.0801 1.7081 1.6010
1494720000.0000 41550.0000 -0.3571 -0.1938 -0.1500 0.6626 61.5184 0.1657 0.2496 0.0502 0.0104 0.0403 0.0355 0.2327 0.9094 0.9157
1494720000.0000 41850.0000 -0.0099 0.2535 0.0230 0.4524 177.7684 0.1035 0.1327 0.0438 0.0393 0.0124 -0.0104 0.1400 1.1994 1.1061
1494720000.0000 42150.0000 0.0417 0.0938 0.0286 0.6055 203.9515 0.2077 0.2993 0.0591 0.0662 0.0257 -0.0035 0.2830 4.0766 4.0050
1494720000.0000 42450.0000 0.1868 0.2252 0.0013 0.5059 219.6761 0.0900 0.1861 0.0408 0.0220 0.0062 -0.0107 0.1584 1.1104 1.0366
1494720000.0000 42750.0000 0.0382 0.2627 0.0564 0.3915 188.2763 0.0608 0.0729 0.0292 0.0120 0.0024 -0.0070 0.0815 0.8588 0.7954
1494720000.0000 43050.0000 0.0180 0.3836 -0.0293 0.6983 182.6919 0.2195 0.2961 0.0800 0.0617 0.0185 0.0164 0.2978 1.1567 1.0794
1494720000.0000 43350.0000 -0.2330 0.0755 -0.0801 0.4311 107.9436 0.0916 0.0879 0.0400 0.0362 0.0274 0.0210 0.1097 1.0495 0.9986
1494720000.0000 43650.0000 -0.0350 0.2142 -0.0028 0.4424 170.7217 0.1035 0.1047 0.0330 0.0247 0.0125 -0.0039 0.1206 1.3065 1.2140
1494720000.0000 43950.0000 0.0615 0.0843 -0.0692 0.6662 216.1097 0.0942 0.5226 0.0529 -0.0043 0.0164 0.0032 0.3348 3.7747 4.3478
1494720000.0000 44250.0000 0.1253 0.3792 -0.0438 0.5763 198.2788 0.1618 0.1792 0.0545 0.0104 -0.0049 -0.0220 0.1978 0.9037 0.8441
1494720000.0000 44550.0000 -0.2164 0.2470 -0.0143 0.7424 138.7815 0.2625 0.3288 0.1178 0.0678 0.0884 0.0260 0.3545 1.4792 1.3521
1494720000.0000 44850.0000 -0.2428 -0.0485 -0.1809 0.6515 78.6976 0.2878 0.1927 0.0632 -0.0641 0.0532 0.0048 0.2718 1.3881 1.6160
1494720000.0000 45150.0000 -0.0326 0.4265 -0.0347 0.7875 175.6254 0.2735 0.3749 0.0783 0.0759 0.0678 0.0151 0.3634 1.1468 1.0868
1494720000.0000 45450.0000 -0.2108 0.0103 -0.1090 0.5864 92.8096 0.2344 0.1672 0.0644 -0.0511 0.0517 -0.0078 0.2330 1.6591 1.7332
1494720000.0000 45750.0000 0.1457 0.3877 -0.0092 0.5348 200.5882 0.0585 0.1105 0.0280 0.0100 0.0036 0.0026 0.0985 0.6187 0.5731
1494720000.0000 46050.0000 0.0774 0.1563 0.0542 0.3587 206.3608 0.0667 0.0960 0.0307 -0.0135 -0.0051 -0.0154 0.0967 1.3903 1.3356
1494720000.0000 46350.0000 0.1228 0.2300 -0.0269 0.4717 208.0928 0.0754 0.1532 0.0241 0.0235 0.0042 -0.0124 0.1264 1.1075 1.0589
1494720000.0000 46650.0000 0.1129 0.2554 0.0300 0.4228 203.8524 0.0606 0.1240 0.0451 -0.0020 0.0171 0.0125 0.1149 0.9854 0.8884
1494720000.0000 46950.0000 0.3450 0.4890 0.0486 0.6594 215.2058 0.0644 0.0877 0.0465 0.0043 -0.0125 -0.0078 0.0993 0.4286 0.3763
1494720000.0000 47250.0000 0.2897 0.1712 0.0082 0.5559 239.4130 0.0940 0.1807 0.0534 -0.0355 -0.0132 0.0101 0.1640 0.9824 0.8992
1494720000.0000 47550.0000 0.3570 0.2215 0.0806 0.6163 238.1825 0.0934 0.2233 0.0602 0.0492 -0.0021 0.0427 0.1884 0.8285 0.7733
1494720000.0000 47850.0000 0.3082 0.6108 0.0679 0.7932 206.7744 0.1288 0.1893 0.0714 -0.0099 0.0065 -0.0241 0.1948 0.5241 0.4759
1494720000.0000 48150.0000 -0.0819 0.3038 0.0257 0.7233 164.9165 0.3128 0.3218 0.0896 0.1661 0.0672 0.0304 0.3621 1.5563 1.4618
1494720000.0000 48450.0000 -0.0782 0.4964 -0.0830 0.8874 171.0455 0.3321 0.3920 0.1033 0.1576 0.0661 0.0310 0.4137 1.0311 0.9777
1494720000.0000 48750.0000 -0.1086 0.3632 -0.0265 0.7552 163.3584 0.3447 0.2994 0.1654 0.0705 0.1167 0.0007 0.4048 1.3669 1.2223
1494720000.0000 49050.0000 -0.0864 0.2509 -0.0270 0.5399 160.9979 0.1519 0.1732 0.0572 0.0395 0.0313 0.0053 0.1912 1.3383 1.2405
1494720000.0000 49350.0000 0.1356 0.5425 -0.0236 0.7717 194.0329 0.1509 0.3340 0.0779 -0.0364 0.0063 -0.0229 0.2814 0.7739 0.7190
1494720000.0000 49650.0000 0.0317 0.4744 0.0478 0.6003 183.8185 0.0972 0.2402 0.0548 0.0461 0.0104 -0.0104 0.1961 0.7567 0.7054
1494720000.0000 49950.0000 0.1780 0.7611 0.0174 0.8885 193.1638 0.1393 0.3036 0.0657 0.0421 0.0072 -0.0326 0.2543 0.5266 0.4916
1494720000.0000 50250.0000 0.2072 0.3915 0.0539 0.5568 207.8864 0.1085 0.0735 0.0492 0.0073 0.0018 -0.0031 0.1156 0.6222 0.5560
1494720000.0000 50550.0000 0.2401 -0.0291 0.0536 0.5039 276.9079 0.0710 0.2191 0.0619 0.0410 0.0050 0.0490 0.1760 1.3826 1.2856
1494720000.0000 50850.0000 0.1503 0.3263 -0.0397 0.4569 204.7248 0.0419 0.1315 0.0353 0.0130 0.0011 0.0054 0.1043 0.7296 0.6691
1494720000.0000 51150.0000 0.1870 0.0936 0.0055 0.4121 243.4008 0.0752 0.1395 0.0323 -0.0291 -0.0116 0.0218 0.1235 1.3717 1.2792
1494720000.0000 51450.0000 0.1840 0.5500 -0.0033 0.6175 198.5023 0.0625 0.1323 0.0296 0.0450 0.0057 0.0094 0.1122 0.4715 0.4393
1494720000.0000 51750.0000 0.2367 0.2535 0.0408 0.4514 223.0439 0.0679 0.1146 0.0255 0.0199 -0.0050 -0.0122 0.1040 0.7539 0.7110
1494720000.0000 52050.0000 0.2952 0.0608 0.0217 0.5126 258.3672 0.0692 0.1684 0.0472 0.0088 -0.0043 0.0276 0.1424 1.0196 0.9338
1494720000.0000 52350.0000 0.0064 0.3833 -0.0272 0.5917 180.9495 0.1083 0.2142 0.0679 0.0301 0.0289 0.0072 0.1952 0.9385 0.8552
1494720000.0000 52650.0000 0.0972 0.4705 0.0667 0.6413 191.6759 0.1098 0.2331 0.0565 0.0338 0.0125 -0.0135 0.1997 0.7523 0.7037
1494720000.0000 52950.0000 0.0751 0.2514 0.0408 0.5492 196.6284 0.1626 0.2210 0.0513 0.0440 0.0327 0.0103 0.2175 1.4342 1.3631
1494720000.0000 53250.0000 -0.0421 0.3985 0.0122 0.7266 173.9709 0.3140 0.2624 0.0821 0.0430 0.0826 0.0074 0.3292 1.1687 1.0939
1494720000.0000 53550.0000 -0.1292 0.0261 -0.0470 0.4561 101.4291 0.0981 0.1667 0.0458 0.0450 0.0281 0.0173 0.1553 2.2990 2.2540
1494720000.0000 53850.0000 -0.0839 0.1516 -0.0177 0.3242 151.0259 0.0449 0.0724 0.0222 -0.0012 0.0117 -0.0043 0.0698 1.2381 1.1412
1494720000.0000 54150.0000 -0.0142 0.1917 0.0364 0.3785 175.7737 0.0547 0.1091 0.0299 -0.0008 0.0035 0.0027 0.0968 1.2988 1.2155
1494720000.0000 54450.0000 0.1471 0.0957 0.0267 0.3446 236.9586 0.0849 0.0540 0.0230 -0.0100 0.0095 -0.0038 0.0809 1.3083 1.2259
1494720000.0000 54750.0000 0.3542 0.0091 0.0005 0.4862 268.5227 0.0732 0.1033 0.0312 -0.0397 -0.0099 0.0041 0.1039 0.7426 0.6846
1494720000.0000 55050.0000 0.2018 -0.0891 0.0394 0.4020 293.8244 0.0567 0.1060 0.0339 -0.0020 -0.0077 0.0024 0.0983 1.1424 1.0557
1494720000.0000 55350.0000 -0.0383 0.3320 -0.0239 0.4402 173.4148 0.0516 0.1098 0.0380 0.0176 -0.0068 -0.0263 0.0997 0.7695 0.6940
1494720000.0000 55650.0000 0.1668 0.1717 0.0236 0.4508 224.1630 0.0659 0.1806 0.0311 -0.0154 -0.0018 -0.0127 0.1388 1.2645 1.1973
1494720000.0000 55950.0000 0.1937 0.0433 0.0308 0.5063 257.4079 0.0956 0.2589 0.0456 0.0462 0.0097 0.0221 0.2001 1.8180 1.7318
1494720000.0000 56250.0000 0.4204 0.0161 0.0580 0.6173 267.8044 0.2022 0.2042 0.0657 -0.0094 -0.0285 0.0184 0.2360 0.9340 0.8748
1494720000.0000 56550.0000 0.2540 0.0792 0.1022 0.5172 252.6861 0.1613 0.1439 0.0489 -0.0176 -0.0279 0.0289 0.1770 1.2054 1.1988
1494720000.0000 56850.0000 0.2047 0.1958 0.0050 0.4212 226.2688 0.0632 0.0874 0.0322 -0.0014 0.0024 0.0097 0.0914 0.8712 0.7908
1494720000.0000 57150.0000 0.2743 0.0893 0.0126 0.4731 251.9718 0.1331 0.1176 0.0372 -0.0195 -0.0312 0.0115 0.1440 1.0728 1.0020
1494720000.0000 57450.0000 0.0690 0.1948 0.0578 0.3749 199.5129 0.0834 0.0649 0.0283 0.0165 0.0060 0.0029 0.0883 1.1307 1.0758
1494720000.0000 57750.0000 0.3171 0.2021 0.0659 0.5128 237.4905 0.1186 0.0972 0.0454 -0.0077 -0.0129 0.0259 0.1306 0.7728 0.7131
1494720000.0000 58050.0000 0.2276 0.2805 0.0827 0.5263 219.0583 0.1324 0.1228 0.0493 -0.0137 -0.0112 0.0190 0.1523 0.8599 0.8076
1494720000.0000 58350.0000 0.0848 0.1469 0.0498 0.2924 210.0016 0.0267 0.0625 0.0310 -0.0051 -0.0020 0.0034 0.0601 1.1319 1.0159
1494720000.0000 58650.0000 0.2852 0.3211 0.0527 0.5016 221.6113 0.0558 0.1199 0.0350 0.0255 -0.0028 0.0087 0.1053 0.6124 0.5635
1494720000.0000 58950.0000 0.4576 0.4802 0.0510 0.9036 223.6192 0.2721 0.3524 0.1116 -0.0697 -0.0609 0.0701 0.3681 0.7446 0.6879
1494720000.0000 59250.0000 0.1879 0.2946 0.0605 0.5364 212.5316 0.1323 0.1818 0.0671 0.0204 -0.0000 0.0127 0.1906 1.0052 0.9260
1494720000.0000 59550.0000 0.4356 0.3210 0.0169 0.7461 233.6198 0.2150 0.1661 0.0688 -0.0828 -0.0294 0.0403 0.2249 0.7153 0.6587
1494720000.0000 59850.0000 0.2305 0.0881 0.0087 0.5179 249.0761 0.1505 0.1289 0.0545 -0.0420 -0.0128 0.0356 0.1669 1.3510 1.2366
1494720000.0000 60150.0000 0.1335 0.2587 0.0488 0.4645 207.3074 0.0951 0.1627 0.0405 0.0373 -0.0061 -0.0058 0.1491 1.0683 1.0070
1494720000.0000 60450.0000 0.2382 0.2705 0.0700 0.5453 221.3646 0.1229 0.1339 0.0683 -0.0333 -0.0259 0.0327 0.1626 0.8968 0.8120
1494720000.0000 60750.0000 0.0948 0.1405 -0.0255 0.3472 213.9925 0.0843 0.0473 0.0309 0.0091 -0.0049 0.0086 0.0812 1.3576 1.2353
1494720000.0000 61050.0000 0.1430 0.3973 0.0133 0.4964 199.7930 0.0887 0.1048 0.0223 0.0561 0.0073 0.0133 0.1079 0.6348 0.6014
1494720000.0000 61350.0000 0.3143 0.4368 0.1185 0.6618 215.7381 0.0840 0.1631 0.0512 0.0188 -0.0064 0.0249 0.1491 0.5722 0.5332
1494720000.0000 61650.0000 0.2451 0.2506 0.0125 0.5059 224.3743 0.0713 0.1264 0.0325 -0.0137 -0.0008 0.0092 0.1151 0.7897 0.7323
1494720000.0000 61950.0000 0.1217 0.1396 0.0661 0.5179 221.0689 0.1382 0.2008 0.0424 -0.0854 0.0012 -0.0094 0.1907 1.8131 1.8149
1494720000.0000 62250.0000 0.1077 0.4198 0.0376 0.5504 194.3909 0.0635 0.1303 0.0375 -0.0011 0.0013 -0.0102 0.1156 0.6383 0.5864
1494720000.0000 62550.0000 0.0261 0.3150 0.0233 0.5267 184.7416 0.0813 0.2179 0.0502 -0.0180 0.0069 -0.0337 0.1747 1.0766 0.9990
1494720000.0000 62850.0000 0.1027 0.1546 -0.0170 0.3677 213.5851 0.0646 0.1194 0.0361 0.0261 -0.0019 -0.0137 0.1100 1.4532 1.3341
1494720000.0000 63150.0000 0.2570 0.3650 -0.0062 0.5474 215.1525 0.1097 0.1378 0.0428 0.0318 -0.0085 -0.0275 0.1451 0.6967 0.6433
1494720000.0000 63450.0000 0.2947 -0.0379 -0.0400 0.5391 277.3220 0.1224 0.1468 0.0451 -0.0004 -0.0161 0.0337 0.1571 1.0796 1.0081
1494720000.0000 63750.0000 0.2464 -0.0146 -0.0084 0.3549 273.4018 0.1012 0.0398 0.0220 -0.0067 -0.0243 0.0057 0.0815 0.9439 0.8783
1494720000.0000 64050.0000 0.1366 0.3676 -0.0270 0.5332 200.3924 0.0886 0.0906 0.0465 -0.0058 -0.0051 -0.0130 0.1128 0.6977 0.6233
1494720000.0000 64350.0000 0.0412 0.4914 -0.0067 0.5664 184.7902 0.0645 0.0850 0.0286 0.0055 -0.0029 -0.0104 0.0891 0.4941 0.4527
1494720000.0000 64650.0000 0.1344 0.0711 0.0262 0.2791 242.1076 0.0385 0.0448 0.0112 -0.0019 -0.0053 0.0013 0.0472 1.1500 1.0953
1494720000.0000 64950.0000 0.2074 0.2275 0.0618 0.3851 222.3463 0.0562 0.0908 0.0195 0.0296 -0.0035 0.0015 0.0833 0.7503 0.7190
1494720000.0000 65250.0000 0.0594 0.0029 0.0011 0.3026 267.2428 0.0468 0.0803 0.0208 -0.0000 0.0023 -0.0104 0.0740 3.7327 3.4608
1494720000.0000 65550.0000 0.0815 0.0219 -0.0108 0.2802 254.9576 0.0443 0.0503 0.0267 0.0153 -0.0011 -0.0131 0.0607 2.3630 2.1036
1494720000.0000 65850.0000 0.1242 -0.2109 -0.0496 0.3078 329.4991 0.0304 0.0220 0.0101 0.0025 0.0029 0.0027 0.0313 0.5783 0.5402
1494720000.0000 66150.0000 0.0235 -0.0286 0.0165 0.2525 320.5281 0.0411 0.0638 0.0198 -0.0131 0.0011 0.0092 0.0623 5.0248 5.0482
1494720000.0000 66450.0000 0.1393 -0.0155 0.0628 0.3222 276.3317 0.0307 0.0802 0.0305 0.0087 -0.0008 0.0244 0.0707 1.4135 1.3716
1494720000.0000 66750.0000 0.2026 -0.0607 0.0247 0.2948 286.6849 0.0557 0.0279 0.0176 -0.0021 -0.0091 0.0023 0.0506 0.8627 0.7896
1494720000.0000 67050.0000 0.2366 -0.0972 -0.0461 0.3355 292.3277 0.0707 0.0350 0.0191 0.0018 -0.0133 0.0042 0.0624 0.7849 0.7340
1494720000.0000 67350.0000 0.0928 -0.0560 0.0124 0.2715 301.1122 0.0673 0.0309 0.0209 0.0013 -0.0082 0.0018 0.0595 1.8268 1.6698
1494720000.0000 67650.0000 -0.0529 -0.1518 -0.0407 0.2871 19.2139 0.0461 0.0278 0.0201 -0.0078 0.0015 0.0013 0.0470 1.0677 0.9768
1494720000.0000 67950.0000 -0.2022 -0.2458 -0.0992 0.3399 39.4342 0.0191 0.0088 0.0032 0.0042 0.0001 0.0006 0.0155 0.3053 0.3030
1494720000.0000 68250.0000 -0.2379 -0.3048 -0.0959 0.3945 37.9769 0.0087 0.0074 0.0023 0.0023 0.0020 0.0020 0.0092 0.1962 0.1892
1494720000.0000 68550.0000 -0.3013 -0.3751 -0.1433 0.4839 38.7785 0.0025 0.0025 0.0008 -0.0003 0.0004 0.0001 0.0029 0.0876 0.0850
1494720000.0000 68850.0000 -0.3302 -0.4463 -0.1594 0.5587 36.4943 0.0033 0.0042 0.0013 -0.0003 0.0002 0.0007 0.0044 0.0935 0.0900
1494720000.0000 69150.0000 -0.3945 -0.4433 -0.1693 0.6007 41.6691 0.0029 0.0107 0.0016 -0.0022 -0.0001 0.0020 0.0075 0.1149 0.1132
1494720000.0000 69450.0000 -0.3276 -0.4710 -0.1655 0.5783 34.8184 0.0046 0.0048 0.0017 -0.0004 0.0005 0.0008 0.0056 0.1019 0.0977
1494720000.0000 69750.0000 -0.3558 -0.4900 -0.1822 0.6080 35.9827 0.0035 0.0037 0.0013 0.0007 0.0007 0.0006 0.0042 0.0839 0.0808
1494720000.0000 70050.0000 -0.3653 -0.4263 -0.1677 0.5737 40.5915 0.0171 0.0057 0.0018 -0.0024 0.0014 0.0007 0.0123 0.1546 0.1553
1494720000.0000 70350.0000 -0.3808 -0.3957 -0.1583 0.5594 43.9014 0.0095 0.0087 0.0027 -0.0020 0.0014 0.0021 0.0104 0.1459 0.1416
1494720000.0000 70650.0000 -0.3847 -0.3519 -0.1573 0.5418 47.5453 0.0214 0.0092 0.0024 -0.0049 0.0014 0.0016 0.0165 0.1926 0.1937
1494720000.0000 70950.0000 -0.3996 -0.3512 -0.1558 0.5610 48.6893 0.0258 0.0174 0.0043 -0.0082 0.0043 0.0029 0.0238 0.2272 0.2258
1494720000.0000 71250.0000 -0.3813 -0.3427 -0.1486 0.5255 48.0499 0.0076 0.0126 0.0038 -0.0026 0.0006 0.0041 0.0120 0.1674 0.1600
1494720000.0000 71550.0000 -0.4467 -0.3143 -0.1417 0.5820 54.8674 0.0327 0.0262 0.0080 -0.0123 -0.0009 0.0094 0.0335 0.2647 0.2565
1494720000.0000 71850.0000 -0.3400 -0.3221 -0.1352 0.5138 46.5479 0.0315 0.0273 0.0069 -0.0184 -0.0018 0.0060 0.0328 0.3036 0.2988
1494720000.0000 72150.0000 -0.3403 -0.3157 -0.1437 0.5016 47.1514 0.0238 0.0292 0.0079 -0.0075 0.0003 0.0050 0.0305 0.2932 0.2863
1494720000.0000 72450.0000 -0.3480 -0.3474 -0.1520 0.5007 45.0543 0.0070 0.0065 0.0018 -0.0019 0.0007 0.0017 0.0076 0.1386 0.1361
1494720000.0000 72750.0000 -0.3700 -0.2885 -0.1449 0.5139 52.0583 0.0370 0.0122 0.0025 -0.0129 0.0005 0.0019 0.0258 0.2673 0.2730
1494720000.0000 73050.0000 -0.4706 -0.3030 -0.1394 0.5875 57.2244 0.0281 0.0216 0.0109 -0.0051 0.0045 0.0065 0.0303 0.2463 0.2298
1494720000.0000 73350.0000 -0.3497 -0.2128 -0.0996 0.4708 58.6735 0.0364 0.0455 0.0131 0.0039 0.0068 0.0156 0.0475 0.4225 0.4037
1494720000.0000 73650.0000 -0.3608 -0.3481 -0.1476 0.5365 46.0249 0.0279 0.0206 0.0071 -0.0052 0.0033 0.0032 0.0278 0.2606 0.2537
1494720000.0000 73950.0000 -0.4298 -0.3105 -0.1491 0.5490 54.1513 0.0119 0.0190 0.0047 -0.0027 0.0004 0.0044 0.0178 0.1977 0.1914
1494720000.0000 74250.0000 -0.3127 -0.3524 -0.1542 0.4814 41.5877 0.0100 0.0077 0.0028 -0.0004 0.0035 0.0012 0.0103 0.1668 0.1629
1494720000.0000 74550.0000 -0.3335 -0.4629 -0.1695 0.5757 35.7769 0.0105 0.0053 0.0022 0.0040 0.0035 0.0020 0.0090 0.1301 0.1271
1494720000.0000 74850.0000 -0.3802 -0.4851 -0.1700 0.6221 38.0858 0.0043 0.0063 0.0016 -0.0019 0.0008 0.0004 0.0061 0.0998 0.0966
1494720000.0000 75150.0000 -0.3592 -0.5660 -0.1836 0.6719 32.4041 0.0031 0.0025 0.0015 0.0009 0.0007 0.0004 0.0035 0.0698 0.0640
1494720000.0000 75450.0000 -0.3901 -0.5151 -0.1669 0.6568 37.1373 0.0115 0.0062 0.0026 -0.0044 0.0024 -0.0004 0.0102 0.1234 0.1190
1494720000.0000 75750.0000 -0.4130 -0.5003 -0.1832 0.6524 39.5399 0.0023 0.0057 0.0012 -0.0010 -0.0000 0.0004 0.0046 0.0819 0.0795
1494720000.0000 76050.0000 -0.3879 -0.5143 -0.1861 0.6468 37.0200 0.0025 0.0047 0.0012 -0.0000 0.0003 0.0003 0.0042 0.0785 0.0758
1494720000.0000 76350.0000 -0.3974 -0.5395 -0.1930 0.6720 36.3768 0.0021 0.0041 0.0010 0.0004 0.0001 0.0004 0.0036 0.0703 0.0679
1494720000.0000 76650.0000 -0.4191 -0.5291 -0.1915 0.6775 38.3844 0.0018 0.0046 0.0012 -0.0004 0.0001 0.0006 0.0038 0.0718 0.0687
1494720000.0000 76950.0000 -0.3401 -0.5585 -0.1549 0.6572 31.3411 0.0072 0.0045 0.0034 0.0027 0.0029 0.0018 0.0075 0.1055 0.0956
1494720000.0000 77250.0000 -0.4242 -0.5895 -0.1927 0.7283 35.7408 0.0032 0.0033 0.0016 0.0004 0.0010 0.0004 0.0041 0.0694 0.0643
1494720000.0000 77550.0000 -0.3898 -0.6148 -0.1981 0.7292 32.3761 0.0026 0.0023 0.0016 0.0007 0.0005 0.0005 0.0033 0.0618 0.0556
1494720000.0000 77850.0000 -0.3855 -0.6036 -0.1915 0.7177 32.5703 0.0039 0.0032 0.0021 0.0018 0.0012 0.0011 0.0046 0.0749 0.0680
1494720000.0000 78150.0000 -0.3795 -0.5818 -0.1405 0.6979 33.1190 0.0071 0.0049 0.0039 0.0024 0.0015 0.0017 0.0079 0.1026 0.0908
1494720000.0000 78450.0000 -0.3394 -0.5677 -0.1678 0.6632 30.8751 0.0044 0.0036 0.0026 0.0020 0.0014 0.0009 0.0053 0.0875 0.0783
1494720000.0000 78750.0000 -0.3833 -0.5597 -0.1811 0.6798 34.4007 0.0026 0.0024 0.0013 0.0007 0.0005 0.0003 0.0031 0.0652 0.0602
1494720000.0000 79050.0000 -0.4058 -0.6021 -0.2022 0.7272 33.9772 0.0016 0.0027 0.0012 0.0005 0.0003 0.0004 0.0028 0.0571 0.0525
1494720000.0000 79350.0000 -0.4083 -0.4917 -0.1820 0.6410 39.7084 0.0019 0.0023 0.0010 -0.0004 0.0002 0.0001 0.0026 0.0628 0.0587
1494720000.0000 79650.0000 -0.4088 -0.5635 -0.1811 0.6979 35.9635 0.0015 0.0038 0.0015 -0.0001 0.0002 0.0003 0.0034 0.0663 0.0604
1494720000.0000 79950.0000 -0.3507 -0.5599 -0.1669 0.6624 32.0665 0.0054 0.0060 0.0029 0.0039 0.0022 0.0025 0.0071 0.1013 0.0933
1494720000.0000 80250.0000 -0.2919 -0.4100 -0.0950 0.5097 35.4493 0.0098 0.0200 0.0065 0.0087 0.0048 0.0083 0.0182 0.2149 0.1981
1494720000.0000 80550.0000 -0.3361 -0.5121 -0.1512 0.6160 33.2811 0.0074 0.0044 0.0028 0.0025 0.0024 0.0013 0.0073 0.1106 0.1024
1494720000.0000 80850.0000 -0.3418 -0.5065 -0.1573 0.6143 34.0124 0.0055 0.0028 0.0020 0.0008 0.0017 0.0003 0.0052 0.0931 0.0863
1494720000.0000 81150.0000 -0.3669 -0.4424 -0.1482 0.5784 39.6671 0.0043 0.0024 0.0016 -0.0006 0.0007 0.0002 0.0042 0.0887 0.0826
1494720000.0000 81450.0000 -0.3189 -0.5275 -0.1403 0.6184 31.1561 0.0032 0.0040 0.0028 0.0011 0.0007 0.0009 0.0050 0.0912 0.0792
1494720000.0000 81750.0000 -0.3812 -0.5644 -0.1830 0.6824 34.0337 0.0017 0.0022 0.0014 0.0002 0.0002 0.0003 0.0027 0.0601 0.0532
1494720000.0000 82050.0000 -0.3215 -0.5043 -0.1415 0.6007 32.5183 0.0090 0.0143 0.0048 0.0087 0.0041 0.0058 0.0140 0.1574 0.1473
1494720000.0000 82350.0000 -0.3859 -0.3806 -0.1211 0.5511 45.3950 0.0198 0.0061 0.0024 0.0039 0.0033 0.0021 0.0141 0.1747 0.1714
1494720000.0000 82650.0000 -0.2610 -0.5016 -0.0827 0.5712 27.4883 0.0064 0.0062 0.0037 -0.0002 0.0017 0.0005 0.0082 0.1292 0.1147
1494720000.0000 82950.0000 -0.3249 -0.4888 -0.1229 0.5908 33.6123 0.0061 0.0044 0.0032 0.0013 0.0019 0.0006 0.0069 0.1129 0.1011
1494720000.0000 83250.0000 -0.2758 -0.3934 -0.1271 0.4828 35.0313 0.0032 0.0034 0.0015 0.0011 0.0009 0.0009 0.0041 0.1047 0.0975
1494720000.0000 83550.0000 -0.2590 -0.4655 -0.1156 0.5380 29.0856 0.0053 0.0050 0.0028 -0.0005 0.0018 0.0001 0.0065 0.1211 0.1098
1494720000.0000 83850.0000 -0.2066 -0.4423 -0.0875 0.4905 25.0392 0.0025 0.0029 0.0023 0.0005 0.0006 0.0003 0.0039 0.1022 0.0873
1494720000.0000 84150.0000 -0.2604 -0.4184 -0.1085 0.4944 31.8937 0.0028 0.0031 0.0013 0.0015 0.0004 0.0002 0.0036 0.0973 0.0900
1494720000.0000 84450.0000 -0.2040 -0.3797 -0.0903 0.4341 28.2508 0.0040 0.0052 0.0021 0.0019 0.0015 0.0011 0.0057 0.1398 0.1290
1494720000.0000 84750.0000 -0.2795 -0.3544 -0.1109 0.4587 38.2674 0.0089 0.0036 0.0016 0.0003 0.0019 0.0005 0.0070 0.1470 0.1426
1494720000.0000 85050.0000 -0.3305 -0.3512 -0.1223 0.4864 43.2661 0.0031 0.0050 0.0013 -0.0002 0.0004 0.0010 0.0047 0.1129 0.1079
1494720000.0000 85350.0000 -0.2434 -0.3771 -0.1001 0.4504 32.8454 0.0019 0.0023 0.0012 0.0007 0.0003 0.0004 0.0027 0.0925 0.0833
1494720000.0000 85650.0000 -0.2025 -0.3556 -0.0882 0.4121 29.6631 0.0034 0.0026 0.0015 0.0009 0.0011 0.0006 0.0037 0.1194 0.1089
1494720000.0000 85950.0000 -0.2920 -0.3532 -0.1033 0.4685 39.5769 0.0123 0.0022 0.0017 -0.0012 0.0025 -0.0000 0.0081 0.1566 0.1518
1494720000.0000 86250.0000 -0.2436 -0.4091 -0.0970 0.4800 30.7762 0.0093 0.0074 0.0028 0.0062 0.0032 0.0028 0.0097 0.1656 0.1565
1494806400.0000 86550.0000 -0.2711 -0.4341 -0.1218 0.5137 31.9808 0.0022 0.0017 0.0012 0.0002 0.0003 0.0001 0.0025 0.0780 0.0702
1494806400.0000 86850.0000 -0.2967 -0.3874 -0.1276 0.4926 37.4495 0.0067 0.0018 0.0013 0.0004 0.0016 0.0001 0.0049 0.1135 0.1091
1494806400.0000 87150.0000 -0.2393 -0.3481 -0.0937 0.4293 34.5074 0.0052 0.0090 0.0016 0.0011 0.0014 0.0010 0.0079 0.1675 0.1624
1494806400.0000 87450.0000 -0.2864 -0.4283 -0.1353 0.5204 33.7685 0.0080 0.0041 0.0023 0.0017 0.0028 0.0012 0.0072 0.1305 0.1237
1494806400.0000 87750.0000 -0.2247 -0.2496 -0.0876 0.3619 41.9882 0.0281 0.0041 0.0032 0.0054 0.0081 0.0017 0.0177 0.3127 0.3082
1494806400.0000 88050.0000 -0.2281 -0.4131 -0.0955 0.4755 28.9114 0.0039 0.0039 0.0020 0.0007 0.0011 0.0006 0.0049 0.1188 0.1085
1494806400.0000 88350.0000 -0.1598 -0.3692 -0.0582 0.4073 23.4115 0.0046 0.0038 0.0019 0.0009 0.0005 0.0007 0.0051 0.1437 0.1311
1494806400.0000 88650.0000 -0.1530 -0.3206 -0.0799 0.3587 25.5067 0.0027 0.0033 0.0019 0.0006 0.0008 0.0007 0.0040 0.1413 0.1258
1494806400.0000 88950.0000 -0.1859 -0.2081 -0.0730 0.2865 41.7875 0.0091 0.0049 0.0012 0.0041 0.0016 0.0009 0.0076 0.2464 0.2443
1494806400.0000 89250.0000 -0.2139 -0.2357 -0.0762 0.3215 42.2190 0.0043 0.0047 0.0011 0.0024 0.0012 0.0011 0.0050 0.1770 0.1718
1494806400.0000 89550.0000 -0.1978 -0.0913 -0.0480 0.2361 65.2387 0.0077 0.0171 0.0020 0.0071 0.0025 0.0043 0.0134 0.4234 0.4170
1494806400.0000 89850.0000 -0.1836 -0.1880 -0.0591 0.2700 44.3235 0.0105 0.0060 0.0016 0.0053 0.0028 0.0019 0.0091 0.2886 0.2824
1494806400.0000 90150.0000 -0.2313 -0.2201 -0.0713 0.3254 46.4252 0.0030 0.0042 0.0010 -0.0001 0.0004 0.0006 0.0041 0.1595 0.1536
1494806400.0000 90450.0000 -0.2919 -0.1194 -0.0777 0.3410 67.7432 0.0068 0.0181 0.0032 -0.0032 0.0018 0.0009 0.0140 0.2977 0.2888
1494806400.0000 90750.0000 -0.2208 -0.3267 -0.0822 0.4112 34.0574 0.0147 0.0098 0.0052 -0.0015 0.0050 0.0009 0.0149 0.2474 0.2296
1494806400.0000 91050.0000 -0.1827 -0.0944 -0.0594 0.2187 62.6845 0.0275 0.0053 0.0030 0.0094 0.0075 0.0028 0.0179 0.5108 0.5088
1494806400.0000 91350.0000 -0.0375 -0.4077 -0.0821 0.4140 5.2496 0.0029 0.0107 0.0025 -0.0008 0.0003 0.0031 0.0081 0.1755 0.1645
1494806400.0000 91650.0000 -0.2647 -0.2838 -0.0882 0.3989 43.0111 0.0092 0.0081 0.0023 -0.0006 0.0021 0.0018 0.0098 0.2031 0.1959
1494806400.0000 91950.0000 -0.2406 -0.2505 -0.0818 0.3560 43.8454 0.0179 0.0070 0.0027 0.0060 0.0050 0.0023 0.0138 0.2686 0.2619
1494806400.0000 92250.0000 -0.1645 -0.1560 -0.0586 0.2400 46.5091 0.0106 0.0118 0.0021 0.0075 0.0035 0.0032 0.0123 0.3865 0.3817
1494806400.0000 92550.0000 -0.1971 -0.2995 -0.0754 0.3608 33.3412 0.0026 0.0038 0.0013 0.0014 0.0008 0.0008 0.0038 0.1382 0.1286
1494806400.0000 92850.0000 -0.0188 -0.2574 -0.0332 0.2723 4.1804 0.0071 0.0081 0.0019 -0.0006 0.0009 0.0016 0.0086 0.2904 0.2757
1494806400.0000 93150.0000 -0.1400 -0.2100 -0.0419 0.2574 33.6983 0.0033 0.0026 0.0015 0.0007 0.0011 0.0006 0.0037 0.1951 0.1761
1494806400.0000 93450.0000 -0.1239 -0.2452 -0.0484 0.2901 26.8016 0.0096 0.0045 0.0017 0.0003 0.0028 0.0004 0.0079 0.2604 0.2496
1494806400.0000 93750.0000 -0.1106 -0.2852 -0.0588 0.3219 21.1864 0.0066 0.0117 0.0016 -0.0047 -0.0002 0.0023 0.0100 0.2615 0.2555
1494806400.0000 94050.0000 -0.2216 -0.1300 -0.0562 0.2710 59.6057 0.0150 0.0059 0.0026 0.0032 0.0042 0.0024 0.0118 0.3371 0.3251
1494806400.0000 94350.0000 -0.2211 -0.3083 -0.0883 0.4042 35.6422 0.0181 0.0115 0.0032 -0.0025 0.0042 0.0015 0.0164 0.2687 0.2620
1494806400.0000 94650.0000 0.1207 -0.1914 -0.0329 0.2690 327.7563 0.0134 0.0221 0.0040 0.0062 0.0003 0.0012 0.0197 0.5014 0.4804
1494806400.0000 94950.0000 -0.1143 -0.0933 -0.0386 0.1921 50.7634 0.0154 0.0063 0.0023 0.0037 0.0027 0.0015 0.0120 0.5866 0.5764
1494806400.0000 95250.0000 -0.2624 -0.1730 -0.0714 0.3265 56.5979 0.0073 0.0088 0.0018 0.0003 0.0020 0.0019 0.0090 0.2398 0.2330
1494806400.0000 95550.0000 -0.0194 -0.2426 -0.0353 0.2922 4.5820 0.0231 0.0272 0.0042 0.0010 0.0041 0.0043 0.0272 0.5479 0.5319
1494806400.0000 95850.0000 -0.0462 -0.0538 -0.0158 0.1050 40.6475 0.0056 0.0050 0.0012 0.0015 0.0010 0.0005 0.0059 0.8648 0.8390
1494806400.0000 96150.0000 -0.1051 -0.2161 -0.0522 0.2683 25.9478 0.0161 0.0085 0.0020 -0.0024 0.0031 0.0015 0.0133 0.3828 0.3769
1494806400.0000 96450.0000 -0.2617 -0.2428 -0.0886 0.3643 47.1390 0.0034 0.0100 0.0018 0.0022 0.0015 0.0025 0.0076 0.1940 0.1877
1494806400.0000 96750.0000 -0.0402 -0.2179 -0.0372 0.2494 10.4499 0.0144 0.0176 0.0018 0.0062 0.0023 0.0031 0.0169 0.4724 0.4661
1494806400.0000 97050.0000 -0.0986 0.0484 -0.0109 0.2230 116.1670 0.0303 0.0207 0.0037 0.0030 0.0058 0.0046 0.0274 1.2238 1.1876
1494806400.0000 97350.0000 -0.0890 -0.2273 -0.0536 0.2606 21.3749 0.0089 0.0096 0.0016 -0.0001 0.0021 0.0017 0.0101 0.3278 0.3220
1494806400.0000 97650.0000 -0.1992 -0.1738 -0.0649 0.3085 48.8833 0.0138 0.0246 0.0019 -0.0086 0.0009 0.0032 0.0202 0.4262 0.4284
1494806400.0000 97950.0000 -0.0218 -0.1615 -0.0249 0.1984 7.6943 0.0141 0.0068 0.0016 -0.0000 0.0029 0.0010 0.0113 0.5257 0.5124
1494806400.0000 98250.0000 0.0298 0.0163 0.0109 0.1737 241.3733 0.0241 0.0128 0.0031 -0.0071 0.0032 0.0002 0.0200 3.2419 3.2684
1494806400.0000 98550.0000 -0.1312 -0.1438 -0.0496 0.2588 42.3719 0.0245 0.0205 0.0024 -0.0008 0.0046 0.0031 0.0237 0.6255 0.6290
1494806400.0000 98850.0000 -0.0872 -0.1693 -0.0401 0.2491 27.2366 0.0314 0.0117 0.0046 0.0084 0.0086 0.0047 0.0239 0.6482 0.6296
1494806400.0000 99150.0000 -0.1242 -0.0389 -0.0270 0.2674 72.6003 0.0408 0.0312 0.0064 -0.0012 0.0093 0.0084 0.0392 1.2157 1.1899
1494806400.0000 99450.0000 -0.0322 -0.0522 -0.0014 0.3321 31.6813 0.0676 0.0815 0.0206 -0.0010 0.0117 0.0206 0.0848 3.8780 3.6363
1494806400.0000 99750.0000 -0.0809 0.0866 0.0122 0.2501 136.9536 0.0430 0.0244 0.0076 -0.0005 0.0066 0.0060 0.0375 1.3274 1.2651
1494806400.0000 100050.0000 -0.1870 -0.1865 -0.0726 0.3929 45.0816 0.0408 0.0710 0.0051 -0.0230 0.0048 0.0043 0.0585 0.7210 0.7311
1494806400.0000 100350.0000 -0.1013 -0.0471 -0.0032 0.3229 65.0504 0.0508 0.0638 0.0143 0.0080 0.0179 0.0102 0.0644 1.8530 1.7482
1494806400.0000 100650.0000 -0.2772 -0.0376 -0.0750 0.4411 82.2789 0.1248 0.0823 0.0302 -0.0301 0.0345 -0.0010 0.1187 0.9713 0.9393
1494806400.0000 100950.0000 0.2495 0.0683 0.0454 0.4314 254.6883 0.0842 0.1036 0.0212 0.0102 0.0129 0.0144 0.1045 1.0051 0.9673
1494806400.0000 101250.0000 -0.2573 -0.0849 -0.0868 0.6069 71.7496 0.1618 0.2351 0.0658 -0.0762 0.0166 0.0232 0.2314 1.3802 1.3422
1494806400.0000 101550.0000 -0.2322 0.0325 -0.0534 0.4901 97.9594 0.1585 0.1409 0.0387 -0.0539 0.0359 0.0020 0.1690 1.3959 1.3472
1494806400.0000 101850.0000 -0.3563 -0.2453 -0.1470 0.7492 55.4492 0.2713 0.2469 0.0859 -0.0795 0.0428 0.0318 0.3020 0.9822 0.9608
1494806400.0000 102150.0000 -0.3385 -0.0088 -0.0494 0.6546 88.5113 0.2683 0.2587 0.1051 -0.0463 0.0795 0.0182 0.3160 1.3414 1.2378
1494806400.0000 102450.0000 -0.4574 -0.0794 -0.1923 0.8005 80.1499 0.4279 0.3662 0.1837 -0.0781 0.1095 0.0182 0.4890 1.1363 1.1083
1494806400.0000 102750.0000 -0.2929 -0.0034 -0.0882 0.7135 89.3405 0.2810 0.3476 0.1213 -0.0936 0.0405 0.0164 0.3750 1.6344 1.5627
1494806400.0000 103050.0000 -0.2679 0.0985 -0.0695 0.6276 110.1885 0.2755 0.1616 0.1327 -0.0497 0.0441 0.0377 0.2849 1.4837 1.3374
1494806400.0000 103350.0000 -0.5382 0.0295 -0.1179 0.8375 93.1397 0.3755 0.3451 0.1364 -0.1162 0.0649 0.0427 0.4285 0.9687 0.9093
1494806400.0000 103650.0000 -0.3903 0.0103 -0.0817 0.7345 91.5048 0.2605 0.2763 0.1086 -0.0763 0.0589 0.0022 0.3227 1.1628 1.0835
1494806400.0000 103950.0000 -0.2025 0.1008 -0.0089 0.4776 116.4633 0.1458 0.1044 0.0443 -0.0234 0.0325 0.0045 0.1472 1.3837 1.2763
1494806400.0000 104250.0000 -0.2225 0.0609 -0.0404 0.5893 105.3096 0.2648 0.2338 0.0915 -0.0649 0.0508 0.0145 0.2950 1.8932 1.7667
1494806400.0000 104550.0000 -0.2333 -0.1119 -0.0822 0.6068 64.3823 0.2214 0.2494 0.0995 -0.0513 0.0470 0.0508 0.2852 1.6058 1.5309
1494806400.0000 104850.0000 0.1186 0.2350 0.0022 0.5668 206.7730 0.1462 0.2113 0.0257 0.0061 0.0248 0.0094 0.1916 1.3577 1.3114
1494806400.0000 105150.0000 -0.2017 -0.1614 -0.0953 0.5138 51.3186 0.1301 0.1518 0.0723 -0.0062 0.0124 0.0231 0.1771 1.2481 1.1868
1494806400.0000 105450.0000 -0.3366 -0.1554 -0.1010 0.7207 65.2115 0.2371 0.2866 0.1085 -0.0829 0.0583 0.0443 0.3161 1.1947 1.1269
1494806400.0000 105750.0000 -0.4581 0.0250 -0.1473 0.8262 93.1242 0.2971 0.4521 0.1325 -0.0982 0.0816 0.0135 0.4409 1.1250 1.0892
1494806400.0000 106050.0000 -0.0814 -0.0143 -0.0400 0.5972 80.0093 0.2338 0.2323 0.0711 -0.0475 0.0415 0.0240 0.2686 4.6107 4.7708
1494806400.0000 106350.0000 -0.4597 -0.1090 -0.1921 0.9052 76.6673 0.4024 0.4615 0.1409 -0.1607 0.0593 0.0213 0.5024 1.1347 1.1358
1494806400.0000 106650.0000 -0.2180 -0.2633 -0.1447 0.7560 39.6295 0.3108 0.3603 0.1489 -0.0928 0.0149 0.0580 0.4100 1.4085 1.3837
1494806400.0000 106950.0000 -0.1672 -0.0693 -0.0545 0.7104 67.4711 0.2939 0.3351 0.0985 -0.1118 0.0343 0.0286 0.3638 2.6056 2.5302
1494806400.0000 107250.0000 -0.4540 -0.0733 -0.1208 1.0005 80.8344 0.6495 0.4932 0.2127 -0.1220 0.1075 0.0586 0.6777 1.4136 1.3420
1494806400.0000 107550.0000 -0.3897 -0.1742 -0.0645 0.8198 65.9123 0.3662 0.3331 0.1204 -0.0066 0.0510 0.0706 0.4098 1.2107 1.1309
1494806400.0000 107850.0000 -0.2668 -0.1323 -0.0651 0.6781 63.6268 0.2355 0.2997 0.1108 -0.0951 0.0464 0.0511 0.3230 1.5221 1.4182
1494806400.0000 108150.0000 -0.1100 -0.4087 -0.1356 0.6748 15.0619 0.1813 0.3631 0.1030 -0.0421 0.0013 0.0848 0.3237 1.0453 1.0066
1494806400.0000 108450.0000 -0.4364 -0.2670 -0.1837 0.8125 58.5367 0.3168 0.3437 0.1526 -0.0041 0.0772 0.1136 0.4065 0.9578 0.9171
1494806400.0000 108750.0000 -0.1354 0.1481 -0.0573 0.5687 137.5503 0.2363 0.1955 0.0739 -0.0505 0.0566 -0.0087 0.2528 1.9673 1.8904
1494806400.0000 109050.0000 -0.3903 -0.0301 -0.1478 0.7573 85.5825 0.2671 0.3697 0.1455 -0.0691 0.0627 0.0229 0.3911 1.2205 1.1770
1494806400.0000 109350.0000 -0.2822 -0.3748 -0.2501 0.8568 36.9812 0.2762 0.4620 0.1598 -0.1412 0.0654 0.0138 0.4490 1.0292 1.0574
1494806400.0000 109650.0000 -0.5652 0.0847 -0.1410 1.0084 98.5202 0.4322 0.6134 0.1694 -0.2149 0.0600 0.0236 0.6075 1.0812 1.0331
1494806400.0000 109950.0000 -0.4736 -0.1274 -0.1844 0.7848 74.9446 0.4219 0.1944 0.1105 -0.1162 0.1271 -0.0153 0.3634 0.9394 0.9242
1494806400.0000 110250.0000 -0.3627 -0.2511 -0.1360 0.7545 55.3002 0.3213 0.3399 0.1602 -0.0870 0.0812 0.0528 0.4107 1.1335 1.0643
1494806400.0000 110550.0000 -0.2595 -0.0642 -0.0911 0.6956 76.1092 0.2210 0.3564 0.0862 -0.1112 0.0371 -0.0034 0.3318 1.6655 1.6412
1494806400.0000 110850.0000 0.1387 0.1590 -0.0094 0.4400 221.1001 0.1041 0.1077 0.0678 0.0148 0.0270 0.0278 0.1398 1.4454 1.2592
1494806400.0000 111150.0000 0.0087 0.2658 0.0459 0.4555 181.8739 0.1195 0.0643 0.0176 0.0322 0.0300 0.0112 0.1007 0.9601 0.9308
1494806400.0000 111450.0000 -0.3192 -0.0597 -0.1039 0.5347 79.3992 0.1033 0.1745 0.0444 -0.0403 0.0281 0.0058 0.1611 0.9611 0.9371
1494806400.0000 111750.0000 0.2216 0.0181 0.0521 0.4508 265.3260 0.1214 0.0943 0.0258 0.0112 0.0215 0.0148 0.1207 1.2427 1.2062
1494806400.0000 112050.0000 0.0097 0.0785 -0.0409 0.4215 187.0604 0.1228 0.1035 0.0384 0.0124 0.0079 0.0021 0.1323 3.3345 3.4705
1494806400.0000 112350.0000 0.0349 -0.0624 -0.0207 0.3807 330.7862 0.0967 0.1006 0.0328 0.0233 0.0203 0.0252 0.1150 3.7219 3.5885
1494806400.0000 112650.0000 -0.2100 0.2439 -0.0946 0.7570 139.2731 0.2734 0.4459 0.0916 -0.0958 0.0689 -0.0329 0.4054 1.5496 1.5213
1494806400.0000 112950.0000 -0.2143 0.1310 -0.0535 0.4785 121.4470 0.1474 0.1410 0.0628 -0.0397 0.0312 0.0003 0.1756 1.3324 1.2345
1494806400.0000 113250.0000 -0.4690 0.2080 -0.1354 0.7389 113.9191 0.2053 0.2524 0.1062 -0.0118 0.0624 0.0218 0.2820 0.8171 0.7614
1494806400.0000 113550.0000 -0.5549 0.0531 -0.1825 0.8273 95.4715 0.2640 0.3020 0.1468 -0.0598 0.0596 0.0413 0.3564 0.8311 0.7793
1494806400.0000 113850.0000 -0.4759 -0.1041 -0.2356 0.7928 77.6660 0.3880 0.2934 0.1434 -0.0617 0.1487 -0.0071 0.4124 0.9689 0.9783
1494806400.0000 114150.0000 -0.0161 -0.0760 -0.0804 0.5850 11.9425 0.1911 0.2615 0.0729 0.0006 0.0166 0.0456 0.2628 3.7443 5.0014
1494806400.0000 114450.0000 -0.2798 0.1490 -0.0803 0.6126 118.0389 0.2500 0.1634 0.0760 -0.0627 0.0606 0.0135 0.2447 1.2350 1.1709
1494806400.0000 114750.0000 0.1446 0.0772 0.0495 0.5064 241.9028 0.1648 0.1610 0.0629 -0.0593 0.0182 0.0158 0.1944 2.1027 2.0109
1494806400.0000 115050.0000 0.3367 -0.1732 -0.0445 0.6790 297.2271 0.1947 0.2898 0.0863 -0.0481 0.0231 0.0515 0.2854 1.1442 1.0615
1494806400.0000 115350.0000 0.3999 0.4169 0.0786 0.7703 223.8060 0.1404 0.3277 0.0638 0.0810 0.0252 0.0625 0.2659 0.7222 0.6837
1494806400.0000 115650.0000 0.4058 0.6513 0.1358 0.8885 211.9272 0.1266 0.2331 0.0385 0.0041 0.0045 0.0144 0.1991 0.4675 0.4512
1494806400.0000 115950.0000 0.4855 0.3251 0.0812 0.8245 236.1980 0.2088 0.3328 0.0456 0.1002 0.0106 0.0050 0.2936 0.7500 0.7272
1494806400.0000 116250.0000 0.1532 0.2126 0.0358 0.7345 215.7774 0.2919 0.3106 0.0493 0.0772 0.0126 0.0245 0.3259 1.7624 1.7102
1494806400.0000 116550.0000 0.4952 0.1568 0.0734 0.9770 252.4323 0.5040 0.6169 0.1111 -0.0560 0.0344 0.0783 0.6160 1.2217 1.1769
1494806400.0000 116850.0000 0.2560 0.0554 -0.0096 0.7980 257.7840 0.4655 0.3549 0.1231 -0.0916 0.0086 0.0535 0.4717 2.1396 1.9965
1494806400.0000 117150.0000 -0.2349 -0.3218 -0.1732 0.9314 36.1308 0.4307 0.5008 0.1032 -0.2454 0.0781 -0.0175 0.5173 1.3518 1.3986
1494806400.0000 117450.0000 -0.0385 -0.4463 -0.1735 0.7109 4.9340 0.2714 0.2527 0.1176 -0.0743 0.0376 0.0536 0.3209 0.9628 0.9331
1494806400.0000 117750.0000 0.0831 -0.5790 -0.2076 1.0148 351.8363 0.5585 0.5037 0.1672 -0.2456 0.0253 0.0934 0.6147 1.0313 1.0173
1494806400.0000 118050.0000 -0.3270 -0.2217 -0.1379 0.8188 55.8648 0.3788 0.3720 0.1648 -0.1020 0.0578 0.0595 0.4578 1.3204 1.2664
1494806400.0000 118350.0000 -0.6173 -0.1265 -0.2501 0.9914 78.4229 0.5495 0.4178 0.2322 -0.0009 0.1589 0.0691 0.5997 0.9327 0.9012
1494806400.0000 118650.0000 -0.8812 -0.0116 -0.2173 1.1618 89.2447 0.5627 0.5255 0.2272 -0.2428 0.1673 -0.0184 0.6577 0.7295 0.6834
1494806400.0000 118950.0000 -0.6502 -0.1429 -0.2352 1.0235 77.6027 0.4674 0.4134 0.1977 -0.1127 0.1005 0.0322 0.5393 0.8492 0.8139
1494806400.0000 119250.0000 -0.3158 -0.3423 -0.1617 0.9589 42.6937 0.3820 0.6286 0.1150 -0.3036 0.0345 0.0367 0.5628 1.2424 1.2461
1494806400.0000 119550.0000 -0.5173 0.4457 -0.1292 0.9892 130.7485 0.2942 0.6588 0.1349 -0.1151 0.0913 -0.0437 0.5439 0.8665 0.8254
1494806400.0000 119850.0000 -0.5368 0.0524 -0.1407 0.9347 95.5728 0.3538 0.4729 0.1903 -0.0816 0.0823 0.0622 0.5085 1.0446 0.9733
1494806400.0000 120150.0000 -0.7750 -0.1103 -0.3346 1.2395 81.8994 0.5633 0.8563 0.2388 -0.2296 0.0990 0.1143 0.8292 0.8733 0.8788
1494806400.0000 120450.0000 -0.0504 -0.1925 -0.1237 0.7256 14.6881 0.3123 0.4191 0.1068 -0.1864 0.0381 0.0426 0.4191 2.2563 2.4818
1494806400.0000 120750.0000 -0.2118 -0.1328 -0.0975 0.6912 57.9213 0.2391 0.3930 0.0901 -0.1048 0.0381 0.0424 0.3611 1.8285 1.8360
1494806400.0000 121050.0000 -0.2649 -0.3054 -0.1609 0.9327 40.9430 0.5620 0.3915 0.2115 -0.1569 0.1121 0.0782 0.5826 1.4321 1.3945
1494806400.0000 121350.0000 -0.5472 0.1046 -0.1730 1.0864 100.8186 0.7745 0.6786 0.1979 -0.2377 0.2019 -0.0088 0.8255 1.2716 1.2492
1494806400.0000 121650.0000 -0.3845 -0.3160 -0.1737 1.2163 50.5802 0.7337 0.9282 0.2430 -0.3602 0.0076 0.1410 0.9525 1.5117 1.4955
1494806400.0000 121950.0000 -0.4616 -0.3245 -0.2298 1.1435 54.8948 0.5613 0.7064 0.1733 -0.3067 0.0863 0.0723 0.7205 1.1375 1.1520
1494806400.0000 122250.0000 -0.4141 -0.1722 -0.2234 0.8720 67.4194 0.4373 0.3739 0.1301 -0.0309 0.0895 0.0499 0.4707 1.1181 1.1596
1494806400.0000 122550.0000 -0.1279 0.0366 -0.0945 0.6740 105.9698 0.3041 0.3019 0.1430 -0.0691 0.0821 0.0407 0.3745 3.0621 3.3785
1494806400.0000 122850.0000 -0.2212 0.0373 -0.0947 0.6739 99.5616 0.2974 0.2803 0.0769 -0.1063 0.0737 -0.0250 0.3273 1.9183 1.9562
1494806400.0000 123150.0000 0.0064 0.4187 -0.0788 0.8411 180.8791 0.3777 0.4387 0.1187 0.0873 0.0588 0.0585 0.4675 1.3104 1.2459
1494806400.0000 123450.0000 -0.4558 0.6108 -0.0498 1.0549 143.2686 0.3855 0.5279 0.1496 0.0919 0.1064 0.0486 0.5315 0.7794 0.7240
1494806400.0000 123750.0000 0.3604 0.5768 0.0001 0.8879 211.9995 0.3749 0.1745 0.1013 -0.0009 0.0787 -0.0208 0.3253 0.6847 0.6291
1494806400.0000 124050.0000 -0.2902 0.0008 -0.1066 0.6212 90.1620 0.2394 0.2549 0.0826 0.0209 0.0693 0.0327 0.2885 1.4188 1.3990
1494806400.0000 124350.0000 0.2476 0.3081 0.0452 0.7575 218.7851 0.3088 0.3876 0.0713 -0.0400 0.0731 -0.0110 0.3838 1.2714 1.2188
1494806400.0000 124650.0000 -0.3836 0.4968 -0.1016 0.9911 142.3258 0.4439 0.4632 0.1546 -0.0396 0.1319 -0.0174 0.5308 0.9356 0.8760
1494806400.0000 124950.0000 -0.0437 0.1114 -0.1007 0.8662 158.5721 0.3622 0.6119 0.1152 -0.0763 0.1037 0.0446 0.5446 3.8532 4.7629
1494806400.0000 125250.0000 0.1340 0.4519 0.0130 1.1111 196.5128 0.8164 0.6441 0.1737 0.0109 0.1557 0.0322 0.8171 1.5652 1.4802
1494806400.0000 125550.0000 0.6109 0.2822 0.0892 0.9211 245.2095 0.4455 0.4179 0.0998 0.0984 0.0656 0.0593 0.4816 0.8347 0.7972
1494806400.0000 125850.0000 0.0347 0.2148 -0.0741 0.5464 189.1689 0.2284 0.1452 0.0675 -0.0238 0.0380 0.0067 0.2205 1.6680 1.6217
1494806400.0000 126150.0000 0.2037 0.7691 0.0733 1.0821 194.8355 0.5247 0.4524 0.1314 0.0523 0.0948 -0.0157 0.5542 0.7607 0.7172
1494806400.0000 126450.0000 0.1382 0.2293 0.0054 0.5827 211.0809 0.1328 0.3202 0.0724 0.0336 0.0051 0.0486 0.2627 1.5624 1.4511
1494806400.0000 126750.0000 -0.2479 0.4303 -0.0517 0.9154 150.0560 0.3336 0.6882 0.1861 0.1782 0.1159 0.1017 0.6040 1.2710 1.1753
1494806400.0000 127050.0000 0.0745 0.3733 -0.0626 1.0010 191.2798 0.6009 0.6272 0.1353 -0.1885 0.0787 0.0436 0.6817 1.7474 1.6807
1494806400.0000 127350.0000 0.3884 0.1825 -0.0230 1.0151 244.8398 0.2258 1.1573 0.1931 0.1238 0.0841 0.2315 0.7881 1.6865 1.5821
1494806400.0000 127650.0000 0.3137 0.2111 -0.0106 0.6626 236.0591 0.1533 0.2841 0.0710 -0.0326 0.0040 0.0137 0.2542 1.0881 1.0096
1494806400.0000 127950.0000 0.6710 0.4373 0.1205 1.3702 236.9077 0.6676 0.8189 0.1688 0.0294 0.1004 0.0965 0.8277 0.9172 0.8790
1494806400.0000 128250.0000 0.4723 0.3772 0.0544 0.7978 231.3895 0.2040 0.2393 0.0787 -0.0045 0.0095 0.0053 0.2610 0.6873 0.6360
1494806400.0000 128550.0000 0.1967 -0.0776 -0.1402 0.8189 291.5415 0.5430 0.3033 0.1000 -0.1438 0.0435 0.0060 0.4731 2.2137 2.5117
1494806400.0000 128850.0000 0.4756 0.3638 0.0731 1.0313 232.5826 0.3800 0.5588 0.0919 -0.1192 0.0252 -0.0288 0.5154 0.9717 0.9342
1494806400.0000 129150.0000 -0.1116 0.0468 -0.1233 0.5764 112.7597 0.2503 0.2546 0.0799 0.1044 0.0713 0.0401 0.2924 2.5553 3.3896
1494806400.0000 129450.0000 0.0885 0.3951 0.0043 0.8184 192.6245 0.2317 0.5774 0.0798 0.0715 0.0327 0.0708 0.4444 1.3442 1.2825
1494806400.0000 129750.0000 0.2189 0.6763 -0.0176 0.8944 197.9358 0.2455 0.3942 0.0976 0.1035 0.0123 0.0004 0.3687 0.6973 0.6497
1494806400.0000 130050.0000 0.0308 0.3967 -0.0014 0.6697 184.4342 0.1729 0.3119 0.0911 0.0178 0.0345 0.0440 0.2879 1.1011 1.0103
1494806400.0000 130350.0000 -0.3023 0.1799 -0.0741 0.6066 120.7621 0.2094 0.1610 0.0700 0.0474 0.0411 0.0139 0.2202 1.0659 0.9990
1494806400.0000 130650.0000 0.0680 0.3409 0.0121 0.5682 191.2850 0.1244 0.2020 0.0592 0.0247 0.0326 0.0092 0.1928 1.0308 0.9490
1494806400.0000 130950.0000 0.0599 0.5899 0.0319 0.9352 185.7966 0.2482 0.7426 0.1015 0.2466 0.0709 0.0613 0.5462 1.0162 0.9692
1494806400.0000 131250.0000 0.1216 0.3539 -0.0585 0.7777 198.9696 0.2722 0.5820 0.1057 -0.0959 0.0353 0.0620 0.4799 1.4934 1.4259
1494806400.0000 131550.0000 0.7052 0.1622 0.1482 0.9058 257.0491 0.1552 0.3000 0.0764 0.0837 -0.0223 0.0525 0.2658 0.5699 0.5383
1494806400.0000 131850.0000 0.2711 -0.1109 -0.0445 0.6352 292.2462 0.2104 0.2552 0.0628 -0.0429 0.0252 0.0290 0.2642 1.4164 1.3449
1494806400.0000 132150.0000 0.4577 -0.1959 0.0623 0.8023 293.1671 0.1281 0.4296 0.0587 -0.0057 0.0004 0.0439 0.3082 0.9034 0.8660
1494806400.0000 132450.0000 0.1522 0.3199 0.0334 0.8236 205.4415 0.2109 0.5376 0.0675 0.1178 0.0319 0.0041 0.4080 1.4657 1.4100
1494806400.0000 132750.0000 0.0782 0.2265 0.0811 0.4777 199.0473 0.1268 0.1500 0.0408 0.0166 0.0234 -0.0183 0.1588 1.2861 1.2675
1494806400.0000 133050.0000 -0.0818 0.5186 0.0321 0.6792 171.0387 0.1309 0.2306 0.0530 0.0762 0.0280 -0.0037 0.2073 0.7067 0.6612
1494806400.0000 133350.0000 -0.0072 0.5640 0.0326 0.7531 179.2657 0.1707 0.3154 0.0922 0.0914 0.0592 0.0205 0.2891 0.7772 0.7137
1494806400.0000 133650.0000 0.1307 0.4358 0.0642 0.5394 196.6950 0.0748 0.1043 0.0427 0.0116 -0.0002 -0.0155 0.1109 0.5917 0.5370
1494806400.0000 133950.0000 0.1471 0.6399 0.0033 0.7622 192.9483 0.0872 0.2460 0.0528 -0.0335 0.0115 -0.0414 0.1930 0.5463 0.5076
1494806400.0000 134250.0000 0.4275 0.1212 0.0108 0.7040 254.1761 0.1148 0.3082 0.0646 0.0322 -0.0029 0.0446 0.2438 0.9071 0.8451
1494806400.0000 134550.0000 0.3613 0.1734 0.0652 0.5911 244.3649 0.1529 0.2267 0.0571 0.0872 0.0069 0.0378 0.2184 0.9398 0.8878
1494806400.0000 134850.0000 0.1577 0.2998 -0.0004 0.6110 207.7458 0.2054 0.1204 0.0744 0.0028 0.0413 0.0108 0.2001 1.0781 0.9727
1494806400.0000 135150.0000 0.1997 0.3650 0.0109 0.6384 208.6801 0.1739 0.1962 0.0745 0.0480 0.0067 -0.0009 0.2223 0.9250 0.8442
1494806400.0000 135450.0000 -0.1491 0.3602 -0.0793 0.8596 157.5164 0.3787 0.4891 0.0903 0.1185 0.0941 0.0626 0.4791 1.4205 1.3795
1494806400.0000 135750.0000 -0.2915 0.3102 -0.0829 0.6075 136.7768 0.1666 0.1466 0.0662 -0.0862 0.0474 -0.0203 0.1897 0.8201 0.7591
1494806400.0000 136050.0000 0.3752 -0.1905 -0.0670 0.6247 296.9119 0.1920 0.1361 0.0639 0.0403 -0.0148 0.0459 0.1960 0.8483 0.7859
1494806400.0000 136350.0000 0.2058 -0.0392 0.0074 0.7343 280.7745 0.2534 0.4023 0.0843 0.1375 0.0418 0.0731 0.3700 2.3694 2.2317
1494806400.0000 136650.0000 0.0758 0.7509 0.0510 0.9084 185.7681 0.1984 0.2706 0.0605 -0.0098 0.0088 -0.0150 0.2648 0.5554 0.5239
1494806400.0000 136950.0000 0.1681 0.3225 -0.0926 0.8905 207.5249 0.5018 0.3789 0.0801 0.1414 0.0654 0.0565 0.4804 1.5077 1.4896
1494806400.0000 137250.0000 0.6660 0.2544 0.1868 0.9047 249.0909 0.3119 0.3407 0.0854 0.1462 0.0068 0.0755 0.3690 0.6729 0.6542
1494806400.0000 137550.0000 0.1556 -0.0953 0.0333 0.5992 301.4910 0.3072 0.1385 0.0543 -0.0216 0.0451 0.0111 0.2499 2.2012 2.1127
1494806400.0000 137850.0000 -0.0490 0.5222 -0.0148 0.8452 174.6419 0.1965 0.4820 0.0664 0.0013 0.0001 -0.0272 0.3725 0.9497 0.9068
1494806400.0000 138150.0000 -0.0650 0.4537 -0.0466 0.7433 171.8438 0.1886 0.3805 0.0889 0.1089 0.0494 0.0394 0.3290 1.0166 0.9503
1494806400.0000 138450.0000 0.3367 0.2059 0.0557 0.6021 238.5521 0.1428 0.1542 0.0908 0.0131 0.0095 0.0381 0.1939 0.9020 0.7971
1494806400.0000 138750.0000 -0.0930 -0.0097 -0.0820 0.6947 84.0203 0.4285 0.1942 0.1016 -0.0481 0.0847 -0.0097 0.3622 3.9512 4.8744
1494806400.0000 139050.0000 0.2189 -0.2419 -0.0357 0.4849 317.8580 0.0996 0.1056 0.0670 0.0176 0.0086 0.0428 0.1361 0.9177 0.8016
1494806400.0000 139350.0000 0.0600 0.3131 0.0148 0.5239 190.8521 0.1287 0.1199 0.0385 -0.0208 0.0051 0.0198 0.1435 0.9694 0.9030
1494806400.0000 139650.0000 -0.0467 0.3071 0.0227 0.5393 171.3501 0.1231 0.2245 0.0408 0.0123 0.0147 0.0174 0.1942 1.1553 1.0959
1494806400.0000 139950.0000 -0.1272 -0.0733 -0.1504 0.5581 60.0620 0.1680 0.2591 0.0643 -0.1091 0.0010 0.0023 0.2457 1.9252 2.5696
1494806400.0000 140250.0000 0.0162 0.2442 -0.0010 0.5521 183.7939 0.1444 0.1675 0.0510 0.0531 0.0280 0.0112 0.1815 1.4210 1.3173
1494806400.0000 140550.0000 -0.0791 -0.0364 -0.0862 0.3970 65.3102 0.0641 0.1244 0.0330 0.0557 0.0251 0.0284 0.1107 2.2180 2.8802
1494806400.0000 140850.0000 0.3803 0.4328 0.0747 0.7678 221.3093 0.1848 0.2016 0.0427 0.0064 -0.0059 0.0137 0.2146 0.6510 0.6229
1494806400.0000 141150.0000 0.0953 0.5028 0.0055 0.6859 190.7318 0.1645 0.1679 0.0481 0.0247 -0.0086 0.0058 0.1903 0.6959 0.6505
1494806400.0000 141450.0000 0.3348 0.1289 0.0447 0.5459 248.9485 0.0685 0.1739 0.0328 -0.0295 -0.0116 0.0099 0.1377 0.8379 0.7924
1494806400.0000 141750.0000 0.2170 0.2190 0.0279 0.4362 224.7372 0.0690 0.0837 0.0286 0.0225 0.0007 -0.0020 0.0907 0.7940 0.7317
1494806400.0000 142050.0000 0.3957 0.1687 0.0961 0.6779 246.9080 0.0886 0.3091 0.0356 0.0328 0.0025 0.0136 0.2167 0.8623 0.8465
1494806400.0000 142350.0000 0.3486 0.4615 0.0405 0.7359 217.0632 0.1762 0.1675 0.0399 -0.0390 -0.0048 0.0018 0.1918 0.6168 0.5852
1494806400.0000 142650.0000 0.2510 0.4096 0.0147 0.7165 211.4945 0.1183 0.3727 0.0559 -0.0000 0.0091 0.0189 0.2735 0.8884 0.8421
1494806400.0000 142950.0000 0.3006 0.6206 0.0813 0.7656 205.8479 0.1067 0.1309 0.0514 0.0194 0.0062 -0.0084 0.1445 0.4469 0.4080
1494806400.0000 143250.0000 0.2813 0.2705 0.0595 0.5256 226.1194 0.1212 0.0947 0.0493 0.0183 0.0035 -0.0014 0.1326 0.7531 0.6873
1494806400.0000 143550.0000 -0.1569 0.1776 -0.0919 0.6152 138.5344 0.2544 0.1984 0.0538 0.0714 0.0554 0.0266 0.2533 1.6166 1.6391
1494806400.0000 143850.0000 -0.6590 0.5513 -0.1213 1.1015 129.9130 0.4884 0.2682 0.0936 0.1016 0.1154 0.0115 0.4251 0.6135 0.5845
1494806400.0000 144150.0000 -0.3571 0.4421 -0.0742 0.8302 141.0687 0.2934 0.2426 0.1302 0.0954 0.0991 0.0274 0.3331 0.8222 0.7437
1494806400.0000 144450.0000 0.0250 -0.4013 -0.1819 0.7153 356.4323 0.3141 0.1199 0.0559 -0.0449 0.0300 0.0159 0.2450 0.9157 0.9459
1494806400.0000 144750.0000 0.4916 0.1249 0.0594 0.5740 255.7439 0.0491 0.0794 0.0410 0.0019 -0.0082 0.0156 0.0847 0.4654 0.4080
1494806400.0000 145050.0000 -0.0294 -0.5076 -0.1748 0.6437 3.3160 0.1429 0.0981 0.0635 0.0204 0.0286 0.0229 0.1522 0.5925 0.5574
1494806400.0000 145350.0000 0.3977 0.4545 -0.0143 0.7445 221.1874 0.0828 0.2239 0.0499 0.0130 -0.0173 -0.0015 0.1783 0.5708 0.5295
1494806400.0000 145650.0000 0.0070 0.4483 0.0329 0.6429 180.8985 0.1770 0.1180 0.0418 0.0030 0.0057 -0.0163 0.1684 0.7454 0.6995
1494806400.0000 145950.0000 0.8453 0.9554 0.2305 1.4457 221.5019 0.7341 1.0107 0.2147 0.4404 0.2102 0.2523 0.9798 0.6235 0.5979
1494806400.0000 146250.0000 -0.4198 0.0649 -0.1575 1.0165 98.7943 0.3434 0.8391 0.1004 0.1143 0.0936 0.0857 0.6414 1.4434 1.4780
1494806400.0000 146550.0000 -0.2712 0.2681 -0.0637 0.6871 134.6770 0.3652 0.1104 0.0780 0.0102 0.0490 0.0213 0.2768 1.1110 1.0441
1494806400.0000 146850.0000 0.3849 0.3957 0.0670 0.7341 224.2039 0.1351 0.1993 0.0551 -0.0061 -0.0028 0.0363 0.1947 0.6480 0.6049
1494806400.0000 147150.0000 0.1245 0.2520 0.0533 0.3519 206.2914 0.0464 0.0408 0.0204 0.0062 0.0046 -0.0013 0.0538 0.6618 0.6064
1494806400.0000 147450.0000 0.2019 0.4394 0.0629 0.7201 204.6785 0.1700 0.2549 0.0589 0.0602 0.0123 0.0393 0.2419 0.8236 0.7783
1494806400.0000 147750.0000 -0.1750 0.2880 -0.0541 0.5771 148.7106 0.1480 0.1595 0.0509 0.0371 0.0252 0.0158 0.1792 1.0126 0.9500
1494806400.0000 148050.0000 0.3359 0.2978 0.0736 0.7292 228.4386 0.2962 0.2136 0.0862 0.0758 0.0312 0.0317 0.2980 0.9797 0.9182
1494806400.0000 148350.0000 0.0393 0.0386 -0.0494 0.8892 225.4705 0.4478 0.4715 0.0724 0.0503 0.0835 0.0466 0.4959 7.7735 10.0532
1494806400.0000 148650.0000 0.3698 0.3517 0.1151 0.6217 226.4350 0.1270 0.1473 0.0527 0.0531 0.0045 0.0167 0.1635 0.6310 0.5924
1494806400.0000 148950.0000 -0.2306 -0.2330 -0.1018 0.5402 44.6963 0.1751 0.1519 0.0335 0.0492 0.0281 0.0289 0.1803 1.0099 1.0071
1494806400.0000 149250.0000 0.0948 -0.0440 -0.0610 0.3865 294.8917 0.0347 0.1652 0.0253 0.0321 0.0052 0.0253 0.1126 2.2641 2.4706
1494806400.0000 149550.0000 0.2972 0.2343 0.1106 0.5982 231.7505 0.1184 0.1959 0.0899 0.0369 0.0242 0.0824 0.2021 0.9309 0.8552
1494806400.0000 149850.0000 -0.1008 0.1372 -0.0290 0.3850 143.6917 0.0856 0.1019 0.0271 -0.0372 -0.0032 0.0196 0.1073 1.5489 1.4687
1494806400.0000 150150.0000 0.1325 0.1354 0.0576 0.2883 224.3653 0.0335 0.0466 0.0175 0.0069 -0.0032 0.0094 0.0488 0.9109 0.8625
1494806400.0000 150450.0000 0.1017 0.0416 0.0408 0.1952 247.7432 0.0236 0.0291 0.0191 0.0107 0.0054 0.0120 0.0359 1.3198 1.2062
1494806400.0000 150750.0000 -0.0410 0.0615 -0.0106 0.2671 146.3559 0.0484 0.0463 0.0271 -0.0001 0.0118 0.0078 0.0609 2.6975 2.4030
1494806400.0000 151050.0000 0.0001 0.0610 -0.0119 0.2552 180.1108 0.0387 0.0465 0.0232 0.0048 0.0116 0.0143 0.0542 3.0596 2.7636
