1494720000.0000 150.0000 0.5110 0.4047 -0.1443 0.6600 231.6261 0.0485 0.0466 0.0187 0.0409 -0.0240 -0.0221 0.0569 0.2918 0.2732
1494720000.0000 450.0000 0.4891 0.3154 -0.1613 0.5861 237.1853 0.0121 0.0061 0.0046 0.0039 -0.0047 -0.0023 0.0114 0.1442 0.1338
1494720000.0000 750.0000 0.6368 0.3964 -0.2208 0.7526 238.1006 0.0068 0.0038 0.0032 0.0010 -0.0016 -0.0009 0.0069 0.0868 0.0792
1494720000.0000 1050.0000 0.6142 0.4395 -0.2400 0.7587 234.4115 0.0052 0.0067 0.0033 0.0008 -0.0009 -0.0003 0.0076 0.0898 0.0832
1494720000.0000 1350.0000 0.6319 0.4583 -0.2305 0.7857 234.0497 0.0093 0.0130 0.0056 0.0035 -0.0024 -0.0015 0.0140 0.1186 0.1105
1494720000.0000 1650.0000 0.5625 0.6603 -0.2413 0.8826 220.4257 0.0347 0.0087 0.0063 -0.0012 -0.0052 -0.0021 0.0248 0.1429 0.1386
1494720000.0000 1950.0000 0.1266 0.3854 -0.0746 0.4417 198.1845 0.0173 0.0929 0.0150 0.0169 -0.0062 -0.0279 0.0626 0.4952 0.4724
1494720000.0000 2250.0000 0.2975 0.4628 -0.1354 0.5631 212.7301 0.0130 0.0199 0.0054 0.0022 -0.0027 -0.0063 0.0192 0.1996 0.1905
1494720000.0000 2550.0000 0.3250 0.3664 -0.1341 0.5016 221.5707 0.0298 0.0418 0.0066 0.0278 -0.0103 -0.0136 0.0391 0.3179 0.3154
1494720000.0000 2850.0000 0.4860 0.3836 -0.1772 0.6291 231.7186 0.0174 0.0095 0.0043 0.0005 -0.0035 -0.0025 0.0156 0.1582 0.1529
1494720000.0000 3150.0000 0.5378 0.4735 -0.2026 0.7224 228.6388 0.0130 0.0172 0.0050 0.0071 -0.0046 -0.0047 0.0176 0.1455 0.1400
1494720000.0000 3450.0000 0.4896 0.3260 -0.1770 0.5970 236.3393 0.0099 0.0169 0.0065 0.0055 -0.0042 -0.0052 0.0167 0.1715 0.1608
1494720000.0000 3750.0000 0.4284 0.3698 -0.1684 0.5738 229.1980 0.0078 0.0116 0.0043 0.0005 -0.0031 -0.0025 0.0119 0.1507 0.1423
1494720000.0000 4050.0000 0.4199 0.3962 -0.1559 0.5841 226.6629 0.0102 0.0150 0.0042 0.0053 -0.0033 -0.0039 0.0147 0.1657 0.1588
1494720000.0000 4350.0000 0.4536 0.3185 -0.1441 0.5613 234.9198 0.0116 0.0100 0.0064 0.0031 -0.0053 -0.0035 0.0140 0.1687 0.1531
1494720000.0000 4650.0000 0.3294 0.2615 -0.1247 0.4383 231.5588 0.0266 0.0102 0.0051 0.0053 -0.0064 -0.0036 0.0210 0.2695 0.2634
1494720000.0000 4950.0000 0.4406 0.3102 -0.1463 0.5513 234.8479 0.0080 0.0182 0.0038 0.0009 -0.0018 -0.0042 0.0150 0.1792 0.1734
1494720000.0000 5250.0000 0.3814 0.2824 -0.1422 0.4848 233.4806 0.0045 0.0109 0.0033 -0.0011 -0.0004 -0.0031 0.0093 0.1593 0.1507
1494720000.0000 5550.0000 0.2819 0.2023 -0.1141 0.3723 234.3364 0.0087 0.0234 0.0061 0.0049 -0.0018 -0.0062 0.0191 0.3087 0.2979
1494720000.0000 5850.0000 0.3598 0.2399 -0.1220 0.4403 236.3023 0.0092 0.0055 0.0029 0.0002 -0.0027 -0.0017 0.0088 0.1702 0.1617
1494720000.0000 6150.0000 0.3596 0.4012 -0.1471 0.5549 221.8729 0.0113 0.0142 0.0028 -0.0049 -0.0016 -0.0023 0.0142 0.1741 0.1714
1494720000.0000 6450.0000 0.4572 0.2912 -0.1646 0.5476 237.5094 0.0098 0.0094 0.0049 0.0047 -0.0041 -0.0030 0.0121 0.1587 0.1479
1494720000.0000 6750.0000 0.4839 0.4474 -0.2068 0.6629 227.2430 0.0076 0.0059 0.0017 0.0014 -0.0008 -0.0006 0.0076 0.1032 0.1017
1494720000.0000 7050.0000 0.5547 0.3736 -0.1911 0.6748 236.0342 0.0113 0.0077 0.0040 0.0007 -0.0026 -0.0014 0.0115 0.1257 0.1190
1494720000.0000 7350.0000 0.5132 0.4304 -0.1945 0.6746 230.0127 0.0136 0.0116 0.0047 0.0063 -0.0052 -0.0038 0.0150 0.1432 0.1369
1494720000.0000 7650.0000 0.4381 0.3416 -0.1517 0.5732 232.0530 0.0368 0.0092 0.0069 0.0121 -0.0114 -0.0048 0.0264 0.2306 0.2228
1494720000.0000 7950.0000 -0.0218 0.0332 -0.0017 0.1678 146.7499 0.0240 0.0088 0.0027 0.0074 -0.0049 -0.0022 0.0178 2.7361 2.6310
1494720000.0000 8250.0000 -0.0519 -0.0491 -0.0030 0.1406 46.5806 0.0128 0.0072 0.0027 0.0065 -0.0027 -0.0009 0.0113 1.2151 1.1412
1494720000.0000 8550.0000 0.0003 0.0341 -0.0002 0.1437 180.4858 0.0112 0.0103 0.0026 0.0053 -0.0013 -0.0041 0.0121 2.6325 2.4886
1494720000.0000 8850.0000 -0.0136 0.0755 -0.0318 0.1821 169.7480 0.0151 0.0216 0.0044 0.0141 -0.0036 -0.0072 0.0206 1.4109 1.4432
1494720000.0000 9150.0000 -0.0405 0.0437 -0.0228 0.1272 137.1698 0.0057 0.0098 0.0019 0.0045 -0.0012 -0.0026 0.0087 1.1941 1.2051
1494720000.0000 9450.0000 0.1398 0.1260 -0.0497 0.2444 227.9811 0.0036 0.0302 0.0036 -0.0018 0.0001 -0.0078 0.0187 0.5734 0.5641
1494720000.0000 9750.0000 0.0393 0.0825 -0.0274 0.2048 205.4602 0.0157 0.0304 0.0035 0.0176 -0.0052 -0.0080 0.0248 1.3490 1.3572
1494720000.0000 10050.0000 -0.0935 -0.0540 0.0002 0.1278 59.9995 0.0016 0.0066 0.0011 0.0022 -0.0004 -0.0006 0.0047 0.5186 0.4862
1494720000.0000 10350.0000 0.0762 0.0419 -0.0286 0.1793 241.1777 0.0070 0.0233 0.0040 0.0016 -0.0017 0.0001 0.0172 1.1687 1.1556
1494720000.0000 10650.0000 0.1374 0.1487 -0.0683 0.2691 222.7292 0.0146 0.0434 0.0068 0.0179 -0.0078 -0.0125 0.0324 0.6875 0.6866
1494720000.0000 10950.0000 0.0521 0.2133 -0.0687 0.3126 193.7338 0.0223 0.0358 0.0054 0.0250 -0.0085 -0.0106 0.0317 0.6320 0.6335
1494720000.0000 11250.0000 0.0513 0.1562 -0.0364 0.1860 198.1659 0.0099 0.0082 0.0021 0.0046 -0.0026 -0.0023 0.0101 0.4872 0.4729
1494720000.0000 11550.0000 0.1035 0.1540 -0.0232 0.2007 213.8992 0.0052 0.0063 0.0036 0.0014 -0.0024 -0.0030 0.0076 0.3801 0.3340
1494720000.0000 11850.0000 0.0382 0.1137 -0.0157 0.1406 198.5810 0.0083 0.0051 0.0021 0.0048 -0.0025 -0.0018 0.0077 0.5938 0.5577
1494720000.0000 12150.0000 0.0330 0.0727 -0.0496 0.1857 204.4102 0.0076 0.0380 0.0037 0.0132 -0.0029 -0.0048 0.0247 1.3644 1.5448
1494720000.0000 12450.0000 0.0342 0.1755 -0.0839 0.1907 191.0349 0.0034 0.0131 0.0027 0.0049 -0.0017 -0.0037 0.0096 0.4056 0.4149
1494720000.0000 12750.0000 -0.0640 0.0163 -0.0191 0.1908 104.3189 0.0121 0.0262 0.0031 0.0160 -0.0043 -0.0065 0.0207 1.7103 1.7115
1494720000.0000 13050.0000 -0.0299 -0.0244 0.0318 0.1390 50.7794 0.0078 0.0133 0.0052 0.0052 -0.0008 -0.0011 0.0131 1.8731 2.1723
1494720000.0000 13350.0000 -0.0519 0.0003 0.0048 0.1060 90.3573 0.0048 0.0084 0.0019 0.0029 -0.0001 -0.0010 0.0075 1.3583 1.2735
1494720000.0000 13650.0000 -0.0740 -0.0083 0.0051 0.1469 83.5761 0.0052 0.0164 0.0024 0.0058 -0.0013 -0.0037 0.0120 1.2001 1.1403
1494720000.0000 13950.0000 -0.0644 -0.0265 -0.0130 0.1445 67.6230 0.0039 0.0151 0.0043 0.0056 -0.0014 -0.0042 0.0117 1.2438 1.1431
1494720000.0000 14250.0000 -0.0178 0.1467 -0.0532 0.2227 173.0910 0.0194 0.0196 0.0041 0.0176 -0.0070 -0.0069 0.0215 0.7629 0.7714
1494720000.0000 14550.0000 0.0276 0.1414 -0.0400 0.1594 191.0553 0.0044 0.0080 0.0013 0.0045 -0.0012 -0.0018 0.0069 0.4528 0.4466
1494720000.0000 14850.0000 0.0533 0.0321 0.0118 0.1069 238.9497 0.0047 0.0055 0.0011 -0.0013 -0.0000 0.0005 0.0056 0.9689 0.9383
1494720000.0000 15150.0000 0.0971 0.1627 -0.0452 0.2007 210.8271 0.0046 0.0034 0.0030 0.0002 -0.0023 -0.0003 0.0055 0.3104 0.2725
1494720000.0000 15450.0000 0.1752 0.0720 -0.0374 0.2232 247.6688 0.0088 0.0105 0.0025 -0.0024 -0.0021 -0.0012 0.0109 0.4414 0.4233
1494720000.0000 15750.0000 0.0945 0.1273 -0.0316 0.1767 216.5980 0.0090 0.0027 0.0037 0.0013 -0.0039 -0.0013 0.0077 0.4433 0.3944
1494720000.0000 16050.0000 -0.0380 0.0659 -0.0139 0.1030 150.0656 0.0042 0.0033 0.0010 0.0028 -0.0003 -0.0004 0.0043 0.6893 0.6574
1494720000.0000 16350.0000 -0.0081 0.0875 -0.0339 0.1879 174.6980 0.0233 0.0111 0.0016 0.0113 -0.0041 -0.0024 0.0180 1.1626 1.2177
1494720000.0000 16650.0000 -0.1106 -0.0028 0.0129 0.1707 88.5757 0.0083 0.0156 0.0039 0.0093 -0.0038 -0.0057 0.0139 0.8629 0.8055
1494720000.0000 16950.0000 0.0046 0.0340 -0.0211 0.1815 187.6556 0.0255 0.0131 0.0045 0.0152 -0.0076 -0.0041 0.0215 2.9736 3.3050
1494720000.0000 17250.0000 0.0124 0.0258 0.0015 0.1492 205.6867 0.0216 0.0062 0.0080 0.0039 -0.0084 -0.0004 0.0179 3.8140 3.3636
1494720000.0000 17550.0000 0.0982 0.0609 -0.0460 0.1725 238.1678 0.0116 0.0091 0.0041 -0.0025 -0.0009 -0.0023 0.0124 0.7306 0.7179
1494720000.0000 17850.0000 -0.0360 -0.0572 -0.0231 0.0980 32.1704 0.0034 0.0041 0.0020 -0.0001 -0.0017 -0.0002 0.0048 0.7892 0.7428
1494720000.0000 18150.0000 -0.0401 0.0292 -0.0273 0.0822 126.0958 0.0018 0.0045 0.0018 -0.0013 -0.0000 -0.0002 0.0041 0.9217 0.9268
1494720000.0000 18450.0000 -0.0579 -0.0118 -0.0240 0.0826 78.5219 0.0043 0.0017 0.0022 0.0015 0.0014 0.0001 0.0041 0.8195 0.7538
1494720000.0000 18750.0000 0.0135 -0.0164 -0.0433 0.0905 320.4722 0.0046 0.0045 0.0026 0.0019 -0.0004 -0.0013 0.0059 1.2946 2.5940
1494720000.0000 19050.0000 -0.0617 0.0100 -0.0130 0.1049 99.2181 0.0035 0.0049 0.0012 0.0023 -0.0008 -0.0005 0.0048 0.8869 0.8474
1494720000.0000 19350.0000 -0.1219 0.0381 0.0204 0.1504 107.3558 0.0051 0.0040 0.0019 0.0033 -0.0006 -0.0003 0.0055 0.4697 0.4321
1494720000.0000 19650.0000 -0.0208 0.0332 -0.0012 0.1486 147.9174 0.0167 0.0076 0.0078 0.0092 -0.0085 -0.0042 0.0160 2.6326 2.2927
1494720000.0000 19950.0000 -0.0853 -0.1236 0.0574 0.1826 34.5953 0.0074 0.0115 0.0058 0.0044 -0.0016 -0.0040 0.0123 0.5633 0.5278
1494720000.0000 20250.0000 -0.0399 -0.1412 0.0191 0.1925 15.7743 0.0148 0.0036 0.0041 -0.0009 0.0025 -0.0003 0.0113 0.5856 0.5346
1494720000.0000 20550.0000 -0.1481 -0.0810 0.0561 0.1868 61.3050 0.0059 0.0029 0.0043 0.0022 -0.0022 -0.0014 0.0066 0.3718 0.3215
1494720000.0000 20850.0000 0.1274 0.0157 -0.0356 0.1710 262.9897 0.0091 0.0095 0.0071 0.0045 -0.0029 -0.0006 0.0129 0.6951 0.6136
1494720000.0000 21150.0000 -0.0213 -0.0675 -0.0320 0.0977 17.5453 0.0043 0.0023 0.0035 -0.0006 -0.0018 0.0009 0.0051 0.7500 0.6662
1494720000.0000 21450.0000 -0.0133 0.0019 -0.0040 0.1144 98.0975 0.0055 0.0099 0.0042 -0.0049 -0.0016 0.0014 0.0098 5.7860 5.3532
1494720000.0000 21750.0000 -0.0677 -0.0378 -0.0033 0.1504 60.7906 0.0081 0.0132 0.0061 0.0026 -0.0035 -0.0038 0.0137 1.2329 1.0871
1494720000.0000 22050.0000 -0.1437 -0.0111 0.0082 0.1635 85.5799 0.0046 0.0047 0.0019 0.0013 -0.0006 0.0000 0.0056 0.4234 0.3861
1494720000.0000 22350.0000 -0.1501 -0.0467 0.0144 0.1952 72.7107 0.0143 0.0053 0.0086 0.0006 0.0029 -0.0002 0.0141 0.6134 0.5136
1494720000.0000 22650.0000 -0.1222 0.0187 -0.0529 0.1404 98.6809 0.0034 0.0033 0.0031 0.0010 0.0004 0.0007 0.0049 0.4241 0.3811
1494720000.0000 22950.0000 -0.0997 -0.0656 -0.0342 0.1615 56.6689 0.0108 0.0077 0.0096 0.0030 -0.0063 -0.0011 0.0140 0.7785 0.6569
1494720000.0000 23250.0000 -0.0458 -0.1561 0.0545 0.2146 16.3598 0.0081 0.0204 0.0100 -0.0001 0.0028 -0.0035 0.0193 0.6605 0.5994
1494720000.0000 23550.0000 -0.1435 -0.1840 -0.0502 0.2751 37.9418 0.0199 0.0144 0.0161 0.0016 -0.0074 -0.0032 0.0252 0.5432 0.4585
1494720000.0000 23850.0000 -0.1738 -0.2286 0.0471 0.3023 37.2443 0.0068 0.0095 0.0055 -0.0000 -0.0018 -0.0022 0.0109 0.2930 0.2567
1494720000.0000 24150.0000 -0.2226 -0.1965 0.0451 0.3123 48.5662 0.0043 0.0134 0.0127 0.0009 0.0019 0.0067 0.0152 0.3351 0.2585
1494720000.0000 24450.0000 -0.2222 -0.1707 0.0112 0.3082 52.4673 0.0078 0.0203 0.0138 0.0040 0.0010 0.0014 0.0210 0.4216 0.3455
1494720000.0000 24750.0000 -0.1740 -0.0783 0.0650 0.2323 65.7748 0.0071 0.0165 0.0119 0.0009 -0.0025 0.0017 0.0178 0.5398 0.4652
1494720000.0000 25050.0000 -0.2036 -0.2263 0.0183 0.3451 41.9809 0.0146 0.0302 0.0103 0.0078 0.0018 0.0039 0.0275 0.4440 0.4010
1494720000.0000 25350.0000 -0.1312 -0.1939 0.0786 0.2563 34.0949 0.0114 0.0075 0.0077 0.0006 0.0026 -0.0002 0.0133 0.3812 0.3393
1494720000.0000 25650.0000 -0.1572 -0.1633 0.0481 0.2671 43.9164 0.0070 0.0221 0.0081 -0.0004 0.0006 -0.0068 0.0186 0.4802 0.4344
1494720000.0000 25950.0000 -0.1236 -0.1132 0.0104 0.2469 47.5132 0.0178 0.0277 0.0126 -0.0006 -0.0059 -0.0014 0.0291 0.8293 0.7353
1494720000.0000 26250.0000 -0.1623 -0.1687 0.0375 0.2618 43.8770 0.0076 0.0202 0.0090 0.0034 -0.0001 0.0010 0.0184 0.4667 0.4110
1494720000.0000 26550.0000 -0.1641 -0.2244 0.0227 0.2986 36.1779 0.0090 0.0176 0.0111 0.0017 0.0033 0.0031 0.0189 0.4021 0.3387
1494720000.0000 26850.0000 -0.1093 -0.1395 0.0479 0.2755 38.0855 0.0326 0.0226 0.0081 0.0046 -0.0021 0.0017 0.0316 0.7910 0.7650
1494720000.0000 27150.0000 -0.0408 0.0056 0.0373 0.1696 97.7679 0.0150 0.0195 0.0072 0.0098 -0.0051 -0.0068 0.0209 2.1257 2.6093
1494720000.0000 27450.0000 -0.0925 -0.0609 0.0496 0.1693 56.6224 0.0057 0.0167 0.0086 0.0024 0.0018 0.0045 0.0155 0.8372 0.7800
1494720000.0000 27750.0000 -0.1823 -0.1052 0.0541 0.2244 59.9948 0.0086 0.0082 0.0075 0.0025 0.0026 0.0000 0.0122 0.4146 0.3561
1494720000.0000 28050.0000 -0.1733 -0.1796 0.0670 0.2577 43.9782 0.0055 0.0051 0.0045 0.0017 0.0009 0.0010 0.0076 0.2752 0.2393
1494720000.0000 28350.0000 -0.1372 -0.0997 0.0710 0.2120 54.0017 0.0162 0.0086 0.0092 -0.0039 -0.0015 0.0009 0.0170 0.5787 0.5360
1494720000.0000 28650.0000 -0.0897 -0.1816 0.0123 0.2325 26.2831 0.0121 0.0089 0.0161 0.0004 0.0024 0.0029 0.0185 0.5477 0.4131
1494720000.0000 28950.0000 0.0254 0.0699 0.0528 0.1950 199.9641 0.0093 0.0341 0.0076 0.0054 -0.0011 -0.0013 0.0255 1.4293 1.6180
1494720000.0000 29250.0000 -0.1732 -0.1475 -0.0197 0.2444 49.5871 0.0084 0.0075 0.0148 0.0004 0.0022 0.0037 0.0154 0.4429 0.3199
1494720000.0000 29550.0000 -0.2509 -0.1309 -0.0108 0.2990 62.4432 0.0064 0.0085 0.0209 -0.0009 -0.0038 0.0011 0.0179 0.3859 0.2494
1494720000.0000 29850.0000 -0.1149 -0.1022 -0.0028 0.2178 48.3454 0.0169 0.0197 0.0135 0.0030 -0.0017 0.0011 0.0251 0.8402 0.7180
1494720000.0000 30150.0000 -0.0031 -0.0709 0.0194 0.2004 2.4646 0.0334 0.0109 0.0141 -0.0016 -0.0099 0.0025 0.0292 1.8965 1.7127
1494720000.0000 30450.0000 -0.1825 -0.1304 0.1129 0.3190 54.4563 0.0290 0.0329 0.0105 0.0051 0.0013 0.0073 0.0362 0.6185 0.6403
1494720000.0000 30750.0000 -0.1228 -0.1616 0.0679 0.3288 37.2441 0.0419 0.0461 0.0187 0.0115 0.0038 0.0043 0.0534 0.8813 0.8442
1494720000.0000 31050.0000 -0.0379 -0.0841 0.0096 0.2136 24.2516 0.0257 0.0294 0.0174 0.0069 -0.0021 0.0118 0.0363 1.6761 1.4686
1494720000.0000 31350.0000 -0.2534 -0.1991 0.0606 0.3559 51.8469 0.0128 0.0302 0.0124 0.0038 0.0002 0.0010 0.0277 0.4142 0.3714
1494720000.0000 31650.0000 -0.2410 -0.2684 0.0416 0.3978 41.9269 0.0231 0.0349 0.0184 0.0007 0.0088 0.0039 0.0382 0.4396 0.3855
1494720000.0000 31950.0000 -0.2101 -0.2097 0.0197 0.3498 45.0505 0.0172 0.0395 0.0156 -0.0033 -0.0031 -0.0041 0.0361 0.5218 0.4632
1494720000.0000 32250.0000 -0.1609 -0.3253 0.0840 0.3922 26.3152 0.0236 0.0184 0.0135 0.0046 0.0075 0.0038 0.0278 0.3652 0.3262
1494720000.0000 32550.0000 -0.1221 -0.3152 0.0136 0.3974 21.1670 0.0276 0.0351 0.0183 -0.0077 0.0025 -0.0011 0.0405 0.4857 0.4276
1494720000.0000 32850.0000 0.0135 -0.0397 -0.1302 0.2524 341.2051 0.0377 0.0411 0.0287 0.0104 -0.0085 0.0017 0.0538 1.3847 3.8691
1494720000.0000 33150.0000 -0.1213 -0.2852 0.0173 0.3534 23.0371 0.0296 0.0362 0.0255 0.0123 0.0020 0.0040 0.0457 0.5623 0.4781
1494720000.0000 33450.0000 -0.1406 -0.2062 -0.0117 0.3397 34.2863 0.0312 0.0540 0.0175 0.0033 0.0023 0.0012 0.0514 0.7406 0.6754
1494720000.0000 33750.0000 0.1532 0.0751 -0.0789 0.2361 243.9059 0.0181 0.0272 0.0166 0.0110 -0.0018 -0.0043 0.0310 0.7647 0.7205
1494720000.0000 34050.0000 0.1264 -0.0152 -0.0943 0.2276 276.8611 0.0268 0.0266 0.0106 0.0168 -0.0073 -0.0068 0.0320 0.9219 1.0481
1494720000.0000 34350.0000 -0.1521 -0.0610 -0.0975 0.4208 68.1264 0.1390 0.0605 0.0457 0.0440 -0.0162 0.0022 0.1226 1.4994 1.5736
1494720000.0000 34650.0000 -0.3292 -0.1013 -0.1208 0.5880 72.8913 0.2165 0.0800 0.0585 -0.0119 -0.0247 0.0135 0.1775 0.9423 0.9126
1494720000.0000 34950.0000 -0.2310 0.1136 0.0496 0.3498 116.1934 0.0430 0.0417 0.0312 0.0162 0.0077 -0.0020 0.0580 0.7498 0.6527
1494720000.0000 35250.0000 0.0126 -0.0305 -0.0687 0.2548 337.5815 0.0729 0.0215 0.0250 0.0049 0.0111 -0.0003 0.0597 2.6182 5.3792
1494720000.0000 35550.0000 -0.0090 -0.1464 -0.0726 0.3119 3.5084 0.0702 0.0506 0.0449 0.0106 -0.0138 0.0095 0.0828 1.4362 1.3682
1494720000.0000 35850.0000 -0.1337 -0.1478 0.0477 0.2675 42.1362 0.0250 0.0222 0.0164 0.0067 -0.0092 -0.0113 0.0318 0.7103 0.6294
1494720000.0000 36150.0000 -0.3629 -0.2768 0.1614 0.4846 52.6706 0.0242 0.0185 0.0236 -0.0038 0.0008 0.0043 0.0332 0.3074 0.2616
1494720000.0000 36450.0000 -0.0322 -0.0094 0.0296 0.3907 73.7457 0.0612 0.1300 0.0299 0.0645 -0.0256 -0.0387 0.1105 6.0685 7.5260
1494720000.0000 36750.0000 -0.2624 -0.2885 0.0814 0.4712 42.2870 0.0476 0.0789 0.0424 0.0150 0.0063 0.0003 0.0844 0.5955 0.5264
1494720000.0000 37050.0000 -0.2990 -0.2492 0.0830 0.5058 50.1868 0.0606 0.0775 0.0290 -0.0013 0.0016 -0.0016 0.0836 0.5930 0.5513
1494720000.0000 37350.0000 -0.1968 -0.3316 0.1313 0.5952 30.6927 0.1497 0.1265 0.0530 -0.0045 -0.0177 -0.0188 0.1646 0.8132 0.7868
1494720000.0000 37650.0000 -0.3013 -0.4870 0.0947 0.6476 31.7428 0.0833 0.1312 0.0558 0.0135 0.0073 0.0142 0.1351 0.5172 0.4670
1494720000.0000 37950.0000 -0.2811 -0.1715 0.0997 0.5263 58.6220 0.0626 0.1940 0.0400 0.0457 0.0011 0.0029 0.1483 0.9140 0.8882
1494720000.0000 38250.0000 -0.1315 0.0180 0.0444 0.4029 97.7883 0.0718 0.1066 0.0369 0.0525 -0.0215 -0.0353 0.1076 1.9143 1.8376
1494720000.0000 38550.0000 -0.1254 -0.2933 0.0859 0.3586 23.1448 0.0211 0.0312 0.0098 -0.0016 -0.0018 -0.0041 0.0311 0.4357 0.4139
1494720000.0000 38850.0000 -0.0999 -0.2463 0.0678 0.3929 22.0699 0.0332 0.0914 0.0205 -0.0045 0.0027 -0.0044 0.0725 0.8017 0.7668
1494720000.0000 39150.0000 -0.1040 -0.1168 0.0467 0.3107 41.6992 0.0499 0.0497 0.0284 0.0105 -0.0018 -0.0047 0.0640 1.2653 1.1652
1494720000.0000 39450.0000 -0.1875 -0.2996 0.0416 0.4718 32.0339 0.0711 0.0715 0.0740 0.0079 -0.0070 -0.0097 0.1084 0.7552 0.6170
1494720000.0000 39750.0000 -0.3290 -0.3398 0.1097 0.5453 44.0795 0.0487 0.0840 0.0479 0.0017 0.0057 -0.0165 0.0903 0.5053 0.4447
1494720000.0000 40050.0000 0.0360 -0.1209 0.0346 0.4269 343.4137 0.1637 0.0578 0.0461 -0.0303 -0.0437 0.0005 0.1338 2.2828 2.1535
1494720000.0000 40350.0000 -0.1805 -0.2756 0.1197 0.5924 33.2228 0.1051 0.2033 0.0610 0.0621 0.0051 -0.0177 0.1847 1.0011 0.9731
1494720000.0000 40650.0000 -0.2568 -0.1345 0.0807 0.4175 62.3505 0.0650 0.0694 0.0463 0.0021 -0.0083 -0.0119 0.0904 0.8157 0.7303
1494720000.0000 40950.0000 0.0380 -0.1070 -0.0359 0.4603 340.4249 0.1529 0.1210 0.0642 0.0043 -0.0068 -0.0102 0.1690 2.8192 2.6616
1494720000.0000 41250.0000 -0.2100 -0.2861 0.1437 0.4384 36.2825 0.0593 0.0473 0.0295 0.0122 0.0017 0.0109 0.0680 0.5563 0.5311
1494720000.0000 41550.0000 0.0247 0.0241 -0.0070 0.4021 225.6362 0.1357 0.0805 0.0571 0.0516 -0.0303 -0.0284 0.1366 8.5756 7.7824
1494720000.0000 41850.0000 -0.1755 -0.1975 0.0487 0.3215 41.6289 0.0278 0.0271 0.0163 0.0080 -0.0018 0.0009 0.0356 0.5734 0.5120
1494720000.0000 42150.0000 0.0143 -0.0885 -0.0129 0.3225 350.8061 0.0917 0.0410 0.0354 -0.0006 0.0092 0.0017 0.0840 2.6132 2.3459
1494720000.0000 42450.0000 0.0564 -0.2581 -0.0030 0.3555 347.6678 0.0443 0.0294 0.0267 0.0039 -0.0034 -0.0021 0.0502 0.6924 0.5933
1494720000.0000 42750.0000 -0.1870 -0.3255 0.1361 0.4767 29.8763 0.0731 0.0692 0.0272 -0.0042 0.0020 -0.0036 0.0848 0.5954 0.5802
1494720000.0000 43050.0000 -0.1421 -0.3839 0.1243 0.4914 20.3169 0.0670 0.0781 0.0296 0.0010 -0.0004 -0.0077 0.0873 0.5639 0.5371
1494720000.0000 43350.0000 -0.1034 -0.3237 0.1048 0.4692 17.7238 0.0976 0.0485 0.0315 0.0019 0.0088 -0.0037 0.0888 0.6843 0.6494
1494720000.0000 43650.0000 -0.1286 -0.1964 0.0943 0.3147 33.2300 0.0321 0.0417 0.0148 0.0053 -0.0026 -0.0049 0.0443 0.6795 0.6684
1494720000.0000 43950.0000 -0.1368 -0.1585 0.0741 0.3710 40.8028 0.0562 0.0651 0.0262 0.0209 -0.0023 -0.0101 0.0737 0.9984 0.9606
1494720000.0000 44250.0000 -0.2257 -0.4343 0.1191 0.5711 27.4659 0.0492 0.0919 0.0486 0.0162 0.0085 0.0006 0.0948 0.4992 0.4431
1494720000.0000 44550.0000 -0.0749 -0.1801 0.0595 0.3531 22.5697 0.0625 0.0703 0.0554 -0.0036 0.0075 0.0058 0.0941 1.2284 1.0789
1494720000.0000 44850.0000 0.0564 0.1174 -0.0663 0.3903 205.6585 0.1117 0.0754 0.0292 0.0225 -0.0167 -0.0087 0.1082 1.8376 1.9175
1494720000.0000 45150.0000 -0.0479 -0.2796 0.0072 0.3822 9.7126 0.0515 0.0728 0.0426 0.0050 -0.0136 -0.0023 0.0835 0.8312 0.7175
1494720000.0000 45450.0000 -0.2339 -0.4150 0.1063 0.6588 29.4094 0.1652 0.1360 0.0777 -0.0128 -0.0307 -0.0133 0.1895 0.7281 0.6652
1494720000.0000 45750.0000 -0.0917 -0.1911 0.0385 0.5767 25.6392 0.2718 0.1766 0.0646 -0.0346 -0.0214 -0.0245 0.2565 1.9198 1.8241
1494720000.0000 46050.0000 -0.0970 0.0225 0.0539 0.5071 103.0760 0.1362 0.1950 0.0471 0.0539 -0.0098 -0.0370 0.1892 3.1362 3.3371
1494720000.0000 46350.0000 -0.0010 0.0396 0.0178 0.3894 178.5398 0.0769 0.1104 0.0279 0.0433 -0.0054 -0.0174 0.1076 6.1743 6.3142
1494720000.0000 46650.0000 -0.0678 -0.3930 0.1376 0.5597 9.7897 0.1373 0.1477 0.0441 0.0414 -0.0062 -0.0209 0.1645 0.7851 0.7728
1494720000.0000 46950.0000 -0.0202 -0.1074 0.0439 0.3329 10.6712 0.0915 0.0500 0.0448 0.0003 0.0130 0.0014 0.0932 2.1163 1.9873
1494720000.0000 47250.0000 -0.0918 -0.0871 0.0241 0.3887 46.5154 0.1060 0.0852 0.0267 0.0353 -0.0160 -0.0217 0.1090 2.0921 1.9949
1494720000.0000 47550.0000 -0.0726 -0.1217 0.0908 0.5276 30.8099 0.1298 0.1842 0.0573 0.0118 0.0001 -0.0544 0.1857 2.0901 2.2828
1494720000.0000 47850.0000 -0.2577 -0.2440 0.1047 0.4770 46.5659 0.0560 0.1353 0.0209 0.0567 -0.0050 -0.0156 0.1061 0.7187 0.7116
1494720000.0000 48150.0000 -0.1591 -0.2611 0.1570 0.5135 31.3437 0.1355 0.0917 0.0507 0.0292 -0.0111 -0.0181 0.1390 0.8857 0.9001
1494720000.0000 48450.0000 -0.0409 -0.0561 -0.0904 0.4337 36.1079 0.1217 0.1144 0.0564 0.0521 -0.0365 -0.0162 0.1462 2.7381 4.0377
1494720000.0000 48750.0000 -0.4223 -0.3669 0.1019 0.7680 49.0156 0.2262 0.1935 0.0842 0.0136 -0.0121 -0.0430 0.2520 0.7208 0.6687
1494720000.0000 49050.0000 -0.1287 -0.2904 0.1439 0.5093 23.9073 0.1049 0.1141 0.0443 0.0017 -0.0059 -0.0134 0.1317 0.8497 0.8506
1494720000.0000 49350.0000 -0.1700 -0.0880 0.1114 0.4377 62.6234 0.1139 0.0927 0.0375 0.0484 -0.0088 -0.0137 0.1221 1.2878 1.3708
1494720000.0000 49650.0000 -0.2015 -0.1500 0.0723 0.4943 53.3400 0.0944 0.1389 0.0637 0.0278 -0.0123 -0.0335 0.1485 1.2036 1.1101
1494720000.0000 49950.0000 0.0765 -0.1047 0.0425 0.4058 323.8566 0.0676 0.1324 0.0267 0.0015 -0.0051 -0.0140 0.1133 2.0136 1.9907
1494720000.0000 50250.0000 -0.0837 -0.1173 0.0904 0.4965 35.5010 0.1142 0.1551 0.0427 0.0548 -0.0224 -0.0179 0.1560 1.8959 2.0797
1494720000.0000 50550.0000 0.1305 -0.0552 -0.0009 0.3604 292.9151 0.0742 0.0713 0.0311 -0.0007 -0.0072 0.0072 0.0883 1.7120 1.5537
1494720000.0000 50850.0000 0.2548 0.1027 -0.1075 0.5257 248.0410 0.0955 0.1725 0.0487 0.0298 -0.0135 -0.0231 0.1583 1.1013 1.0880
1494720000.0000 51150.0000 -0.1963 -0.0695 0.1199 0.3870 70.4927 0.0598 0.0723 0.0192 0.0257 -0.0019 -0.0101 0.0757 0.9348 1.0079
1494720000.0000 51450.0000 -0.1611 0.0097 0.0705 0.4174 93.4453 0.0968 0.1101 0.0281 0.0466 -0.0137 -0.0162 0.1175 1.5893 1.6273
1494720000.0000 51750.0000 -0.2884 -0.1397 0.0965 0.4275 64.1559 0.0553 0.0578 0.0206 0.0275 -0.0042 -0.0166 0.0669 0.6308 0.6059
1494720000.0000 52050.0000 -0.0256 0.0026 0.0742 0.3521 95.8965 0.0642 0.0923 0.0241 0.0347 -0.0059 -0.0142 0.0903 3.1215 8.8631
1494720000.0000 52350.0000 -0.1522 -0.0352 0.0285 0.3542 76.9799 0.0448 0.0831 0.0271 0.0257 -0.0048 -0.0148 0.0775 1.4315 1.3216
1494720000.0000 52650.0000 -0.0509 0.0028 0.0262 0.2977 93.1496 0.0712 0.0376 0.0215 0.0025 -0.0114 -0.0057 0.0652 3.6336 3.7327
1494720000.0000 52950.0000 -0.1381 -0.1144 0.0951 0.3744 50.3650 0.0624 0.0865 0.0287 0.0064 0.0016 -0.0076 0.0888 1.1983 1.2420
1494720000.0000 53250.0000 -0.1346 -0.2101 0.0861 0.4161 32.6324 0.0707 0.0920 0.0238 0.0139 -0.0149 -0.0106 0.0932 0.9445 0.9332
1494720000.0000 53550.0000 -0.0742 -0.2182 0.1075 0.4074 18.7931 0.1153 0.0942 0.0309 0.0606 -0.0303 -0.0301 0.1202 1.1131 1.1468
1494720000.0000 53850.0000 -0.2033 -0.1935 0.0609 0.3570 46.4185 0.0488 0.0474 0.0118 0.0168 -0.0076 -0.0118 0.0540 0.6605 0.6378
1494720000.0000 54150.0000 0.1460 -0.0053 -0.0589 0.4206 272.0606 0.1112 0.1149 0.0358 0.0869 -0.0482 -0.0513 0.1309 1.8752 1.8786
1494720000.0000 54450.0000 0.1452 0.1611 -0.0847 0.2873 222.0200 0.0341 0.0322 0.0148 0.0202 -0.0110 -0.0096 0.0406 0.7062 0.6857
1494720000.0000 54750.0000 0.1916 -0.0721 -0.0618 0.3069 290.6153 0.0326 0.0355 0.0177 -0.0020 -0.0049 -0.0070 0.0429 0.7910 0.7360
1494720000.0000 55050.0000 0.1405 0.0109 -0.0386 0.2932 265.5731 0.0278 0.0521 0.0242 0.0032 -0.0039 -0.0100 0.0521 1.2756 1.1586
1494720000.0000 55350.0000 -0.2013 -0.2445 0.0919 0.5565 39.4673 0.2291 0.0775 0.0427 -0.0058 -0.0541 0.0104 0.1747 1.0350 1.0097
1494720000.0000 55650.0000 -0.0119 -0.2824 0.0936 0.5868 2.4146 0.2012 0.2105 0.0669 0.0652 -0.0634 -0.0110 0.2393 1.3416 1.3107
1494720000.0000 55950.0000 -0.1564 -0.0232 -0.0083 0.6801 81.5660 0.3328 0.1935 0.0838 0.0411 -0.0988 -0.0314 0.3051 2.8483 2.6491
1494720000.0000 56250.0000 -0.1436 0.0548 -0.0044 0.5298 110.8927 0.1471 0.1478 0.0431 0.0891 -0.0438 -0.0399 0.1690 2.1832 2.0402
1494720000.0000 56550.0000 -0.0662 -0.0428 0.0429 0.3217 57.1106 0.0810 0.0432 0.0183 0.0189 -0.0110 -0.0098 0.0712 2.4282 2.5803
1494720000.0000 56850.0000 0.1720 -0.0593 -0.1184 0.5193 289.0134 0.1775 0.1813 0.0399 -0.0907 -0.0144 -0.0038 0.1993 1.6797 1.9013
1494720000.0000 57150.0000 0.0646 0.1128 0.0094 0.6229 209.7911 0.2610 0.2077 0.0844 0.1293 -0.0755 -0.0322 0.2766 3.2951 3.0411
1494720000.0000 57450.0000 0.0244 0.3543 -0.0743 0.6755 183.9351 0.3225 0.1240 0.0577 0.1409 -0.0718 -0.0465 0.2521 1.1297 1.0862
1494720000.0000 57750.0000 -0.0467 -0.0361 -0.0172 0.4057 52.3251 0.1392 0.0572 0.0340 -0.0051 -0.0326 -0.0073 0.1152 4.5100 4.3367
1494720000.0000 58050.0000 0.0169 0.3273 -0.1990 0.8385 182.9581 0.3605 0.4771 0.0896 0.3054 -0.0812 -0.0087 0.4636 1.4498 1.6121
1494720000.0000 58350.0000 -0.1002 0.1154 -0.0298 0.5274 139.0320 0.1200 0.2372 0.0542 -0.0461 -0.0039 0.0125 0.2057 2.3788 2.2583
1494720000.0000 58650.0000 -0.1684 0.0920 -0.0097 0.2776 118.6475 0.0248 0.0384 0.0172 0.0077 -0.0079 -0.0058 0.0402 0.8517 0.7559
1494720000.0000 58950.0000 -0.3211 -0.1250 0.0404 0.4492 68.7361 0.0887 0.0454 0.0237 0.0183 -0.0041 0.0088 0.0789 0.6611 0.6136
1494720000.0000 59250.0000 -0.0643 0.0042 -0.0220 0.2461 93.7650 0.0174 0.0495 0.0198 -0.0127 0.0070 -0.0100 0.0434 2.4996 2.3205
1494720000.0000 59550.0000 0.0365 0.2175 -0.0746 0.3442 189.5143 0.0331 0.0749 0.0194 0.0189 -0.0094 -0.0206 0.0637 0.8853 0.8605
1494720000.0000 59850.0000 0.1083 0.0739 -0.0429 0.3188 235.6935 0.0663 0.0564 0.0200 0.0301 -0.0081 0.0025 0.0714 1.5818 1.5432
1494720000.0000 60150.0000 0.1794 -0.0376 -0.0872 0.6152 281.8442 0.1999 0.2023 0.0433 0.1581 -0.0471 -0.0349 0.2227 1.8983 1.9974
1494720000.0000 60450.0000 0.1205 0.1412 -0.0468 0.3811 220.4713 0.0785 0.0617 0.0308 0.0331 -0.0196 -0.0190 0.0855 1.2468 1.1644
1494720000.0000 60750.0000 0.0478 -0.2057 0.0051 0.4156 346.9166 0.1185 0.0316 0.0279 0.0028 -0.0277 -0.0053 0.0890 1.1529 1.0590
1494720000.0000 61050.0000 0.2247 0.0865 -0.0520 0.3982 248.9485 0.0455 0.0718 0.0168 0.0353 -0.0188 -0.0208 0.0671 0.8584 0.8212
1494720000.0000 61350.0000 0.3093 0.1202 -0.0630 0.3760 248.7548 0.0530 0.0144 0.0222 0.0078 -0.0094 -0.0036 0.0448 0.5116 0.4516
1494720000.0000 61650.0000 -0.1050 0.0736 -0.0099 0.3091 125.0364 0.0592 0.0397 0.0131 0.0294 -0.0069 -0.0075 0.0560 1.5018 1.4155
1494720000.0000 61950.0000 0.0353 0.0651 -0.0066 0.2627 208.4681 0.0338 0.0711 0.0260 0.0131 -0.0006 0.0048 0.0655 2.8107 2.5263
1494720000.0000 62250.0000 -0.0888 -0.0474 -0.0059 0.3415 61.8897 0.0910 0.0485 0.0239 0.0197 -0.0013 0.0066 0.0817 2.3135 2.1414
1494720000.0000 62550.0000 0.1470 0.1101 -0.0179 0.4127 233.1594 0.1209 0.0645 0.0285 0.0417 -0.0269 -0.0112 0.1069 1.4466 1.3531
1494720000.0000 62850.0000 0.0159 -0.0905 0.0674 0.4727 350.0517 0.1797 0.1065 0.0279 0.0833 -0.0280 -0.0094 0.1570 2.8390 3.3600
1494720000.0000 63150.0000 0.1572 0.3116 -0.0109 0.4311 206.7679 0.0519 0.0366 0.0196 -0.0005 -0.0100 -0.0021 0.0540 0.5436 0.4922
1494720000.0000 63450.0000 0.3140 0.2900 -0.1588 0.4408 227.2778 0.0257 0.0222 0.0125 0.0148 -0.0132 -0.0112 0.0302 0.3114 0.2958
1494720000.0000 63750.0000 0.2138 0.1347 -0.0566 0.3630 237.7927 0.0222 0.0701 0.0138 -0.0023 -0.0018 -0.0186 0.0530 0.7260 0.6938
1494720000.0000 64050.0000 0.2106 0.2719 -0.1034 0.3965 217.7578 0.0158 0.0514 0.0093 0.0049 -0.0049 -0.0145 0.0382 0.4445 0.4352
1494720000.0000 64350.0000 0.4334 0.3546 -0.1686 0.5956 230.7128 0.0520 0.0248 0.0089 0.0165 -0.0128 -0.0061 0.0429 0.2892 0.2859
1494720000.0000 64650.0000 0.2671 0.2099 -0.0874 0.4050 231.8455 0.0754 0.0240 0.0099 0.0337 -0.0175 -0.0080 0.0547 0.5442 0.5359
1494720000.0000 64950.0000 0.5486 0.5703 -0.2266 0.8066 223.8912 0.0214 0.0280 0.0059 0.0024 -0.0052 -0.0051 0.0276 0.1649 0.1621
1494720000.0000 65250.0000 0.5951 0.4471 -0.2167 0.7519 233.0846 0.0104 0.0095 0.0047 -0.0013 -0.0027 -0.0014 0.0123 0.1167 0.1093
1494720000.0000 65550.0000 0.5525 0.4976 -0.2041 0.7589 227.9950 0.0237 0.0209 0.0062 0.0002 -0.0057 -0.0033 0.0254 0.1687 0.1639
1494720000.0000 65850.0000 0.3726 0.3593 -0.1460 0.6152 226.0396 0.1629 0.0905 0.0200 0.0730 -0.0416 -0.0328 0.1367 0.5613 0.5615
1494720000.0000 66150.0000 0.4429 0.2462 -0.1502 0.5475 240.9269 0.0669 0.0416 0.0194 0.0175 -0.0182 -0.0166 0.0640 0.3908 0.3754
1494720000.0000 66450.0000 0.2146 0.3248 -0.0864 0.4760 213.4489 0.0821 0.0637 0.0194 0.0377 -0.0234 -0.0229 0.0826 0.5884 0.5663
1494720000.0000 66750.0000 0.3462 0.1921 -0.1349 0.5720 240.9792 0.1683 0.0550 0.0162 0.0460 -0.0369 -0.0176 0.1197 0.6755 0.6891
1494720000.0000 67050.0000 0.4738 0.3588 -0.1509 0.6298 232.8653 0.0516 0.0221 0.0102 0.0024 -0.0114 -0.0057 0.0419 0.2727 0.2636
1494720000.0000 67350.0000 0.6886 0.5005 -0.2417 0.8631 233.9873 0.0151 0.0174 0.0064 -0.0045 -0.0026 -0.0020 0.0194 0.1286 0.1221
1494720000.0000 67650.0000 0.5714 0.4250 -0.1898 0.7282 233.3583 0.0734 0.0171 0.0131 0.0215 -0.0223 -0.0098 0.0518 0.2521 0.2439
1494720000.0000 67950.0000 0.6417 0.5058 -0.2349 0.8259 231.7569 0.0233 0.0112 0.0058 0.0020 -0.0047 -0.0021 0.0202 0.1364 0.1313
1494720000.0000 68250.0000 0.6106 0.4633 -0.2165 0.7752 232.8111 0.0237 0.0192 0.0072 0.0072 -0.0065 -0.0044 0.0251 0.1624 0.1561
1494720000.0000 68550.0000 0.6454 0.5092 -0.2151 0.8301 231.7287 0.0161 0.0195 0.0080 0.0056 -0.0058 -0.0047 0.0218 0.1419 0.1325
1494720000.0000 68850.0000 0.6450 0.5321 -0.2306 0.8450 230.4769 0.0112 0.0152 0.0070 -0.0012 -0.0027 -0.0019 0.0167 0.1216 0.1122
1494720000.0000 69150.0000 0.7438 0.6544 -0.2853 0.9989 228.6579 0.0140 0.0158 0.0084 -0.0010 -0.0043 -0.0028 0.0191 0.1095 0.1007
1494720000.0000 69450.0000 0.8081 0.5740 -0.2850 0.9977 234.6139 0.0153 0.0141 0.0095 0.0017 -0.0047 -0.0028 0.0195 0.1105 0.1000
1494720000.0000 69750.0000 0.8394 0.6542 -0.3038 1.0716 232.0697 0.0143 0.0168 0.0091 0.0001 -0.0038 -0.0020 0.0201 0.1046 0.0957
1494720000.0000 70050.0000 0.7755 0.5430 -0.2659 0.9545 235.0031 0.0217 0.0240 0.0115 0.0092 -0.0085 -0.0080 0.0286 0.1404 0.1304
1494720000.0000 70350.0000 0.8749 0.5202 -0.2906 1.0240 239.2648 0.0183 0.0122 0.0099 0.0018 -0.0050 -0.0042 0.0202 0.1097 0.0991
1494720000.0000 70650.0000 0.8474 0.5694 -0.3041 1.0272 236.1037 0.0142 0.0140 0.0087 0.0011 -0.0032 -0.0028 0.0185 0.1042 0.0950
1494720000.0000 70950.0000 0.8609 0.5574 -0.3058 1.0323 237.0768 0.0176 0.0136 0.0101 0.0011 -0.0049 -0.0034 0.0206 0.1096 0.0994
1494720000.0000 71250.0000 0.8620 0.5449 -0.2921 1.0291 237.7051 0.0309 0.0206 0.0145 0.0049 -0.0099 -0.0066 0.0330 0.1398 0.1285
1494720000.0000 71550.0000 0.8402 0.5229 -0.2826 0.9958 238.1016 0.0193 0.0127 0.0104 0.0031 -0.0065 -0.0044 0.0212 0.1155 0.1044
1494720000.0000 71850.0000 0.8451 0.5550 -0.2929 1.0213 236.7084 0.0268 0.0190 0.0100 0.0005 -0.0056 -0.0033 0.0279 0.1296 0.1222
1494720000.0000 72150.0000 0.8208 0.5351 -0.2672 0.9868 236.9009 0.0177 0.0173 0.0132 0.0042 -0.0070 -0.0059 0.0241 0.1247 0.1102
1494720000.0000 72450.0000 0.7995 0.5197 -0.2675 0.9604 236.9754 0.0161 0.0140 0.0097 0.0016 -0.0044 -0.0041 0.0200 0.1165 0.1052
1494720000.0000 72750.0000 0.7686 0.4483 -0.2330 0.8978 239.7455 0.0197 0.0176 0.0113 0.0044 -0.0061 -0.0043 0.0243 0.1384 0.1253
1494720000.0000 73050.0000 0.8275 0.5201 -0.2775 0.9868 237.8473 0.0296 0.0170 0.0140 0.0031 -0.0070 -0.0059 0.0303 0.1399 0.1275
1494720000.0000 73350.0000 0.8148 0.5511 -0.2973 0.9918 235.9237 0.0221 0.0173 0.0103 0.0031 -0.0045 -0.0040 0.0248 0.1252 0.1164
1494720000.0000 73650.0000 0.8116 0.5477 -0.2698 0.9888 235.9896 0.0245 0.0185 0.0146 0.0014 -0.0079 -0.0058 0.0288 0.1365 0.1223
1494720000.0000 73950.0000 0.8006 0.5413 -0.2618 0.9761 235.9379 0.0238 0.0170 0.0158 0.0007 -0.0078 -0.0064 0.0283 0.1371 0.1206
1494720000.0000 74250.0000 0.8119 0.5357 -0.2683 0.9795 236.5808 0.0167 0.0139 0.0126 0.0019 -0.0061 -0.0046 0.0216 0.1190 0.1039
1494720000.0000 74550.0000 0.7971 0.5421 -0.2712 0.9713 235.7820 0.0180 0.0136 0.0097 0.0007 -0.0040 -0.0027 0.0207 0.1173 0.1066
1494720000.0000 74850.0000 0.6015 0.4326 -0.1874 0.7487 234.2758 0.0144 0.0118 0.0092 0.0012 -0.0055 -0.0031 0.0177 0.1421 0.1260
1494720000.0000 75150.0000 0.5213 0.4013 -0.1647 0.6672 232.4089 0.0216 0.0095 0.0052 0.0019 -0.0064 -0.0024 0.0181 0.1621 0.1546
1494720000.0000 75450.0000 0.7453 0.5661 -0.2568 0.9421 232.7813 0.0098 0.0147 0.0066 0.0014 -0.0030 -0.0020 0.0156 0.1049 0.0966
1494720000.0000 75750.0000 0.7312 0.4951 -0.2613 0.8881 235.8992 0.0109 0.0099 0.0066 0.0015 -0.0027 -0.0027 0.0137 0.1038 0.0944
1494720000.0000 76050.0000 0.7813 0.5554 -0.2786 0.9639 234.5907 0.0111 0.0097 0.0051 -0.0001 -0.0020 -0.0004 0.0130 0.0933 0.0870
1494720000.0000 76350.0000 0.7822 0.6283 -0.2888 1.0082 231.2280 0.0075 0.0127 0.0044 0.0008 -0.0007 -0.0001 0.0123 0.0869 0.0819
1494720000.0000 76650.0000 0.7792 0.6424 -0.2876 1.0143 230.4995 0.0062 0.0117 0.0045 0.0007 -0.0006 0.0002 0.0112 0.0823 0.0765
1494720000.0000 76950.0000 0.8428 0.5521 -0.2987 1.0115 236.7749 0.0111 0.0058 0.0058 -0.0005 -0.0019 -0.0007 0.0114 0.0829 0.0746
1494720000.0000 77250.0000 0.8096 0.5405 -0.2827 0.9775 236.2753 0.0119 0.0063 0.0070 0.0001 -0.0025 -0.0015 0.0126 0.0904 0.0800
1494720000.0000 77550.0000 0.8267 0.5690 -0.2983 1.0077 235.4618 0.0128 0.0056 0.0052 -0.0007 -0.0020 -0.0002 0.0118 0.0847 0.0780
1494720000.0000 77850.0000 0.8272 0.5796 -0.2944 1.0148 234.9818 0.0120 0.0079 0.0068 -0.0007 -0.0026 -0.0002 0.0134 0.0897 0.0808
1494720000.0000 78150.0000 0.8263 0.6136 -0.3084 1.0339 233.4008 0.0101 0.0096 0.0055 -0.0002 -0.0017 -0.0003 0.0126 0.0852 0.0787
1494720000.0000 78450.0000 0.8602 0.5827 -0.3215 1.0427 235.8846 0.0137 0.0048 0.0054 -0.0002 -0.0024 0.0000 0.0120 0.0822 0.0757
1494720000.0000 78750.0000 0.8766 0.5896 -0.3179 1.0605 236.0766 0.0141 0.0049 0.0059 -0.0008 -0.0024 0.0001 0.0124 0.0826 0.0753
1494720000.0000 79050.0000 0.8994 0.5859 -0.3234 1.0772 236.9165 0.0142 0.0048 0.0068 -0.0005 -0.0026 -0.0004 0.0129 0.0828 0.0743
1494720000.0000 79350.0000 0.8037 0.6612 -0.2841 1.0448 230.5577 0.0069 0.0116 0.0048 0.0013 -0.0008 -0.0005 0.0116 0.0816 0.0753
1494720000.0000 79650.0000 0.7279 0.5982 -0.2641 0.9458 230.5876 0.0066 0.0125 0.0039 0.0034 -0.0008 -0.0006 0.0114 0.0893 0.0845
1494720000.0000 79950.0000 0.7738 0.5310 -0.2716 0.9434 235.5422 0.0094 0.0081 0.0050 -0.0010 -0.0017 -0.0001 0.0112 0.0886 0.0814
1494720000.0000 80250.0000 0.8077 0.5413 -0.2914 0.9756 236.1724 0.0123 0.0041 0.0053 0.0002 -0.0023 -0.0005 0.0108 0.0837 0.0760
1494720000.0000 80550.0000 0.7414 0.4888 -0.2481 0.8920 236.6013 0.0100 0.0052 0.0056 -0.0004 -0.0023 -0.0009 0.0104 0.0904 0.0803
1494720000.0000 80850.0000 0.6945 0.5497 -0.2523 0.8895 231.6366 0.0055 0.0090 0.0040 0.0009 -0.0010 -0.0008 0.0093 0.0854 0.0786
1494720000.0000 81150.0000 0.6751 0.4686 -0.2311 0.8257 235.2340 0.0092 0.0051 0.0045 -0.0001 -0.0018 -0.0002 0.0094 0.0927 0.0840
1494720000.0000 81450.0000 0.6591 0.4852 -0.2347 0.8222 233.6412 0.0067 0.0066 0.0036 0.0003 -0.0010 -0.0001 0.0085 0.0882 0.0814
1494720000.0000 81750.0000 0.6896 0.4947 -0.2538 0.8524 234.3451 0.0074 0.0055 0.0033 -0.0002 -0.0011 0.0001 0.0081 0.0830 0.0773
1494720000.0000 82050.0000 0.7056 0.4370 -0.2478 0.8324 238.2291 0.0071 0.0035 0.0046 0.0007 -0.0024 -0.0008 0.0076 0.0824 0.0718
1494720000.0000 82350.0000 0.6888 0.5282 -0.2425 0.8723 232.5190 0.0063 0.0074 0.0033 -0.0007 -0.0013 0.0010 0.0085 0.0838 0.0781
1494720000.0000 82650.0000 0.7252 0.4941 -0.2458 0.8826 235.7329 0.0064 0.0095 0.0043 -0.0004 -0.0014 -0.0004 0.0101 0.0901 0.0829
1494720000.0000 82950.0000 0.6872 0.4859 -0.2470 0.8452 234.7370 0.0070 0.0057 0.0037 -0.0001 -0.0012 0.0001 0.0082 0.0844 0.0773
1494720000.0000 83250.0000 0.5208 0.3810 -0.1584 0.6499 233.8103 0.0084 0.0119 0.0046 0.0048 -0.0028 -0.0021 0.0124 0.1370 0.1274
1494720000.0000 83550.0000 0.5817 0.3600 -0.1889 0.6876 238.2469 0.0076 0.0030 0.0031 -0.0005 -0.0020 -0.0002 0.0069 0.0954 0.0871
1494720000.0000 83850.0000 0.7247 0.4395 -0.2637 0.8509 238.7619 0.0082 0.0061 0.0043 0.0010 -0.0015 -0.0014 0.0093 0.0886 0.0814
1494720000.0000 84150.0000 0.7658 0.5800 -0.2860 0.9648 232.8580 0.0081 0.0083 0.0044 0.0001 -0.0010 0.0005 0.0104 0.0829 0.0768
1494720000.0000 84450.0000 0.6022 0.4886 -0.1992 0.7789 230.9445 0.0067 0.0090 0.0039 0.0029 -0.0011 -0.0004 0.0098 0.1011 0.0935
1494720000.0000 84750.0000 0.6393 0.4443 -0.2127 0.7826 235.2035 0.0076 0.0065 0.0042 0.0004 -0.0018 -0.0006 0.0091 0.0968 0.0879
1494720000.0000 85050.0000 0.6709 0.5087 -0.2301 0.8489 232.8311 0.0090 0.0129 0.0048 -0.0003 -0.0023 -0.0017 0.0133 0.1079 0.1014
1494720000.0000 85350.0000 0.6339 0.4716 -0.2292 0.7961 233.3550 0.0078 0.0097 0.0036 -0.0010 -0.0012 0.0003 0.0106 0.1021 0.0968
1494720000.0000 85650.0000 0.6824 0.5285 -0.2398 0.8667 232.2425 0.0065 0.0097 0.0033 0.0024 -0.0008 -0.0001 0.0098 0.0901 0.0852
1494720000.0000 85950.0000 0.5893 0.4788 -0.1950 0.7653 230.9082 0.0087 0.0123 0.0052 0.0019 -0.0029 -0.0017 0.0131 0.1193 0.1103
1494720000.0000 86250.0000 0.6645 0.4926 -0.2227 0.8331 233.4512 0.0122 0.0094 0.0056 0.0004 -0.0037 -0.0012 0.0136 0.1111 0.1026
1494806400.0000 86550.0000 0.7367 0.5684 -0.2625 0.9352 232.3451 0.0082 0.0090 0.0051 -0.0002 -0.0016 -0.0002 0.0111 0.0891 0.0814
1494806400.0000 86850.0000 0.7062 0.6012 -0.2429 0.9296 229.5915 0.0042 0.0070 0.0031 0.0019 -0.0007 -0.0009 0.0071 0.0720 0.0657
1494806400.0000 87150.0000 0.6543 0.4957 -0.2362 0.8245 232.8519 0.0081 0.0055 0.0033 0.0003 -0.0013 -0.0004 0.0085 0.0881 0.0821
1494806400.0000 87450.0000 0.7289 0.4768 -0.2570 0.8746 236.8082 0.0084 0.0044 0.0037 -0.0006 -0.0011 -0.0001 0.0083 0.0817 0.0750
1494806400.0000 87750.0000 0.6393 0.4561 -0.2139 0.7893 234.4942 0.0079 0.0056 0.0047 0.0000 -0.0017 -0.0000 0.0091 0.0958 0.0856
1494806400.0000 88050.0000 0.5688 0.4285 -0.1939 0.7160 233.0054 0.0053 0.0078 0.0032 0.0012 -0.0015 -0.0007 0.0082 0.1000 0.0928
1494806400.0000 88350.0000 0.5801 0.4617 -0.1987 0.7448 231.4830 0.0041 0.0067 0.0029 0.0007 -0.0007 0.0000 0.0069 0.0880 0.0808
1494806400.0000 88650.0000 0.6824 0.5207 -0.2443 0.8629 232.6542 0.0090 0.0060 0.0046 -0.0009 -0.0026 0.0003 0.0098 0.0905 0.0822
1494806400.0000 88950.0000 0.7277 0.5867 -0.2686 0.9401 231.1220 0.0062 0.0136 0.0048 0.0007 -0.0005 -0.0014 0.0123 0.0930 0.0868
1494806400.0000 89250.0000 0.6779 0.5654 -0.2453 0.8863 230.1678 0.0057 0.0086 0.0044 0.0012 -0.0010 -0.0005 0.0094 0.0863 0.0784
1494806400.0000 89550.0000 0.7028 0.4825 -0.2440 0.8569 235.5312 0.0105 0.0060 0.0052 -0.0003 -0.0020 -0.0007 0.0109 0.0961 0.0872
1494806400.0000 89850.0000 0.6730 0.4958 -0.2439 0.8405 233.6206 0.0106 0.0065 0.0041 0.0002 -0.0027 0.0000 0.0106 0.0966 0.0904
1494806400.0000 90150.0000 0.6660 0.5558 -0.2332 0.8699 230.1527 0.0050 0.0088 0.0029 0.0032 -0.0006 -0.0006 0.0084 0.0833 0.0784
1494806400.0000 90450.0000 0.6744 0.5392 -0.2287 0.8674 231.3571 0.0049 0.0081 0.0030 0.0001 -0.0006 -0.0003 0.0080 0.0817 0.0761
1494806400.0000 90750.0000 0.6555 0.4916 -0.2196 0.8236 233.1293 0.0065 0.0081 0.0039 0.0005 -0.0014 -0.0002 0.0092 0.0926 0.0851
1494806400.0000 91050.0000 0.6399 0.5256 -0.2178 0.8320 230.6013 0.0052 0.0074 0.0027 0.0001 -0.0003 -0.0003 0.0076 0.0832 0.0781
1494806400.0000 91350.0000 0.6291 0.5428 -0.2057 0.8325 229.2083 0.0029 0.0046 0.0025 0.0013 -0.0005 -0.0006 0.0050 0.0674 0.0602
1494806400.0000 91650.0000 0.5592 0.4467 -0.1953 0.7198 231.3834 0.0040 0.0069 0.0025 -0.0004 -0.0004 -0.0008 0.0067 0.0899 0.0842
1494806400.0000 91950.0000 0.4861 0.5588 -0.1987 0.7444 221.0223 0.0102 0.0037 0.0011 0.0025 -0.0001 0.0001 0.0075 0.0921 0.0917
1494806400.0000 92250.0000 0.4797 0.4287 -0.1663 0.6479 228.2123 0.0111 0.0058 0.0039 0.0029 -0.0011 -0.0010 0.0103 0.1250 0.1164
1494806400.0000 92550.0000 0.6599 0.5598 -0.2219 0.8676 229.6959 0.0035 0.0057 0.0029 0.0011 -0.0003 -0.0002 0.0061 0.0712 0.0640
1494806400.0000 92850.0000 0.6625 0.5143 -0.2236 0.8433 232.1755 0.0061 0.0106 0.0028 0.0011 -0.0011 -0.0002 0.0098 0.0930 0.0890
1494806400.0000 93150.0000 0.6383 0.4542 -0.2284 0.7870 234.5634 0.0066 0.0044 0.0035 -0.0006 -0.0011 -0.0001 0.0072 0.0852 0.0773
1494806400.0000 93450.0000 0.6164 0.4903 -0.2161 0.7903 231.5028 0.0035 0.0063 0.0028 0.0009 -0.0003 -0.0002 0.0063 0.0792 0.0725
1494806400.0000 93750.0000 0.6255 0.5540 -0.1949 0.8368 228.4688 0.0023 0.0034 0.0022 0.0008 -0.0003 -0.0001 0.0040 0.0600 0.0524
1494806400.0000 94050.0000 0.6830 0.5703 -0.2318 0.8921 230.1378 0.0039 0.0064 0.0032 0.0015 -0.0006 -0.0005 0.0068 0.0731 0.0661
1494806400.0000 94350.0000 0.6828 0.5939 -0.2229 0.9064 228.9801 0.0031 0.0036 0.0022 0.0008 -0.0001 -0.0003 0.0044 0.0584 0.0522
1494806400.0000 94650.0000 0.7325 0.5907 -0.2664 0.9444 231.1178 0.0060 0.0081 0.0033 0.0007 -0.0008 -0.0000 0.0087 0.0781 0.0730
1494806400.0000 94950.0000 0.7402 0.5281 -0.2581 0.9139 234.4966 0.0103 0.0065 0.0059 -0.0009 -0.0018 -0.0003 0.0113 0.0920 0.0823
1494806400.0000 95250.0000 0.7483 0.5608 -0.2715 0.9392 233.1531 0.0081 0.0105 0.0048 0.0018 -0.0015 -0.0013 0.0117 0.0908 0.0843
1494806400.0000 95550.0000 0.8498 0.6824 -0.3039 1.0945 231.2362 0.0079 0.0139 0.0038 0.0015 -0.0010 -0.0007 0.0128 0.0816 0.0781
1494806400.0000 95850.0000 0.8184 0.5105 -0.2852 0.9679 238.0454 0.0120 0.0059 0.0065 0.0014 -0.0032 -0.0018 0.0122 0.0897 0.0802
1494806400.0000 96150.0000 0.7681 0.5887 -0.2840 0.9724 232.5315 0.0082 0.0092 0.0048 -0.0003 -0.0010 -0.0001 0.0111 0.0854 0.0788
1494806400.0000 96450.0000 0.8077 0.5305 -0.2844 0.9711 236.7030 0.0084 0.0082 0.0053 -0.0011 -0.0017 -0.0005 0.0110 0.0849 0.0770
1494806400.0000 96750.0000 0.8227 0.5340 -0.2917 0.9847 237.0121 0.0118 0.0062 0.0047 0.0004 -0.0027 -0.0004 0.0114 0.0851 0.0790
1494806400.0000 97050.0000 0.7900 0.5586 -0.2797 0.9729 234.7354 0.0141 0.0073 0.0059 -0.0009 -0.0035 0.0002 0.0137 0.0948 0.0874
1494806400.0000 97350.0000 0.7480 0.5610 -0.2560 0.9393 233.1320 0.0092 0.0063 0.0045 -0.0010 -0.0018 0.0002 0.0100 0.0842 0.0768
1494806400.0000 97650.0000 0.7258 0.5853 -0.2559 0.9357 231.1178 0.0062 0.0101 0.0043 0.0025 -0.0011 -0.0006 0.0103 0.0859 0.0792
1494806400.0000 97950.0000 0.7343 0.5025 -0.2605 0.8937 235.6165 0.0096 0.0070 0.0052 0.0007 -0.0025 -0.0005 0.0109 0.0919 0.0835
1494806400.0000 98250.0000 0.7764 0.5116 -0.2827 0.9339 236.6172 0.0091 0.0062 0.0047 -0.0005 -0.0015 -0.0006 0.0100 0.0840 0.0768
1494806400.0000 98550.0000 0.7649 0.5321 -0.2757 0.9360 235.1785 0.0095 0.0067 0.0045 -0.0006 -0.0016 -0.0001 0.0103 0.0854 0.0789
1494806400.0000 98850.0000 0.6495 0.4654 -0.2347 0.8028 234.3747 0.0103 0.0071 0.0039 0.0021 -0.0024 -0.0012 0.0106 0.1011 0.0952
1494806400.0000 99150.0000 0.3602 0.3117 -0.1449 0.4900 229.1278 0.0251 0.0049 0.0041 0.0014 -0.0038 -0.0011 0.0170 0.2140 0.2099
1494806400.0000 99450.0000 0.4695 0.3304 -0.1564 0.5791 234.8691 0.0145 0.0122 0.0058 0.0080 -0.0058 -0.0044 0.0163 0.1750 0.1645
1494806400.0000 99750.0000 0.4546 0.3469 -0.1438 0.5813 232.6474 0.0073 0.0118 0.0032 -0.0003 -0.0012 -0.0010 0.0111 0.1461 0.1393
1494806400.0000 100050.0000 0.5662 0.2658 -0.1594 0.6295 244.8532 0.0141 0.0066 0.0050 0.0043 -0.0047 -0.0027 0.0129 0.1434 0.1328
1494806400.0000 100350.0000 0.5624 0.4498 -0.2048 0.7247 231.3481 0.0046 0.0105 0.0020 0.0019 -0.0002 0.0000 0.0085 0.1007 0.0985
1494806400.0000 100650.0000 0.5901 0.4976 -0.1934 0.7759 229.8605 0.0104 0.0107 0.0045 0.0048 -0.0030 -0.0023 0.0128 0.1162 0.1086
1494806400.0000 100950.0000 0.5027 0.4041 -0.1655 0.6538 231.2056 0.0105 0.0081 0.0025 -0.0025 -0.0017 -0.0010 0.0105 0.1259 0.1219
1494806400.0000 101250.0000 0.5461 0.4568 -0.2005 0.7189 230.0897 0.0072 0.0086 0.0021 -0.0019 -0.0008 0.0004 0.0090 0.1046 0.1020
1494806400.0000 101550.0000 0.5804 0.5753 -0.2049 0.8203 225.2523 0.0083 0.0078 0.0039 0.0031 -0.0022 -0.0027 0.0100 0.0968 0.0895
1494806400.0000 101850.0000 0.5156 0.3854 -0.1527 0.6479 233.2219 0.0064 0.0093 0.0042 0.0029 -0.0019 -0.0016 0.0099 0.1228 0.1122
1494806400.0000 102150.0000 0.5539 0.3734 -0.1891 0.6717 236.0109 0.0100 0.0038 0.0032 0.0010 -0.0023 -0.0003 0.0086 0.1088 0.1018
1494806400.0000 102450.0000 0.4677 0.3801 -0.1607 0.6125 230.9014 0.0097 0.0071 0.0024 -0.0042 -0.0012 0.0000 0.0095 0.1279 0.1239
1494806400.0000 102750.0000 0.4471 0.4598 -0.1874 0.6459 224.1970 0.0046 0.0049 0.0015 -0.0012 -0.0006 0.0002 0.0055 0.0906 0.0878
1494806400.0000 103050.0000 0.4665 0.3509 -0.1540 0.5875 233.0531 0.0064 0.0038 0.0026 0.0003 -0.0014 -0.0009 0.0064 0.1085 0.1000
1494806400.0000 103350.0000 0.4616 0.4536 -0.1691 0.6496 225.4984 0.0046 0.0058 0.0026 0.0020 -0.0015 -0.0017 0.0065 0.0983 0.0908
1494806400.0000 103650.0000 0.4640 0.3100 -0.1524 0.5662 236.2581 0.0063 0.0073 0.0020 -0.0023 -0.0004 -0.0009 0.0078 0.1247 0.1206
1494806400.0000 103950.0000 0.3789 0.3838 -0.1381 0.5477 224.6294 0.0120 0.0174 0.0044 0.0060 -0.0052 -0.0050 0.0169 0.1905 0.1834
1494806400.0000 104250.0000 0.3435 0.3758 -0.1317 0.5286 222.4253 0.0149 0.0145 0.0031 -0.0055 -0.0039 -0.0008 0.0162 0.1978 0.1943
1494806400.0000 104550.0000 0.3901 0.4116 -0.1543 0.5758 223.4599 0.0086 0.0072 0.0028 -0.0015 -0.0026 -0.0006 0.0093 0.1338 0.1276
1494806400.0000 104850.0000 0.5302 0.5114 -0.2007 0.7410 226.0363 0.0070 0.0073 0.0030 0.0008 -0.0016 -0.0016 0.0086 0.0994 0.0937
1494806400.0000 105150.0000 0.5614 0.4418 -0.2064 0.7177 231.7962 0.0077 0.0087 0.0032 0.0037 -0.0016 -0.0014 0.0098 0.1088 0.1036
1494806400.0000 105450.0000 0.3152 0.3790 -0.1217 0.4984 219.7451 0.0108 0.0104 0.0028 0.0053 -0.0036 -0.0030 0.0120 0.1762 0.1706
1494806400.0000 105750.0000 0.0182 0.0601 -0.0141 0.1377 196.8612 0.0042 0.0166 0.0019 0.0037 -0.0005 -0.0030 0.0114 1.3525 1.3277
1494806400.0000 106050.0000 0.2326 0.3095 -0.1107 0.4111 216.9238 0.0146 0.0133 0.0081 -0.0038 -0.0051 0.0014 0.0180 0.2721 0.2489
1494806400.0000 106350.0000 0.0811 0.2763 -0.0478 0.3007 196.3611 0.0112 0.0318 0.0037 0.0146 -0.0044 -0.0078 0.0233 0.4273 0.4156
1494806400.0000 106650.0000 0.3340 0.4164 -0.1436 0.5396 218.7381 0.0111 0.0058 0.0032 0.0028 -0.0033 -0.0022 0.0101 0.1483 0.1407
1494806400.0000 106950.0000 0.5347 0.4050 -0.1971 0.6762 232.8591 0.0070 0.0052 0.0029 -0.0015 -0.0015 -0.0001 0.0076 0.1016 0.0953
1494806400.0000 107250.0000 0.1558 0.1216 -0.0403 0.2219 232.0263 0.0183 0.0090 0.0031 0.0072 -0.0042 -0.0031 0.0152 0.4995 0.4829
1494806400.0000 107550.0000 0.2503 0.3051 -0.0938 0.3993 219.3662 0.0050 0.0088 0.0013 0.0032 -0.0015 -0.0017 0.0076 0.1752 0.1723
1494806400.0000 107850.0000 0.2437 0.2813 -0.0842 0.3801 220.9050 0.0104 0.0033 0.0026 0.0010 -0.0042 -0.0007 0.0081 0.1928 0.1813
1494806400.0000 108150.0000 0.2050 0.3370 -0.0771 0.4019 211.3136 0.0106 0.0035 0.0026 0.0025 -0.0039 -0.0018 0.0084 0.1858 0.1737
1494806400.0000 108450.0000 0.2040 0.2147 -0.0799 0.3089 223.5461 0.0124 0.0021 0.0017 0.0003 -0.0025 -0.0005 0.0081 0.2394 0.2348
1494806400.0000 108750.0000 0.1360 0.1602 -0.0464 0.2406 220.3340 0.0095 0.0120 0.0031 0.0089 -0.0043 -0.0048 0.0123 0.4210 0.4030
1494806400.0000 109050.0000 -0.1025 -0.0242 -0.0145 0.1142 76.7206 0.0012 0.0022 0.0005 -0.0000 -0.0000 -0.0002 0.0020 0.3409 0.3205
1494806400.0000 109350.0000 0.0523 0.0048 -0.0114 0.0833 264.7768 0.0040 0.0038 0.0029 0.0011 0.0014 0.0018 0.0053 1.1066 0.9667
1494806400.0000 109650.0000 -0.0967 0.0402 -0.0029 0.1203 112.5563 0.0052 0.0024 0.0037 0.0008 0.0019 0.0001 0.0057 0.5871 0.4814
1494806400.0000 109950.0000 -0.0297 0.0017 -0.0086 0.0713 93.3158 0.0028 0.0038 0.0027 0.0004 0.0000 0.0017 0.0046 1.7928 1.5696
1494806400.0000 110250.0000 -0.1150 0.0063 -0.0120 0.1809 93.1250 0.0139 0.0152 0.0058 0.0050 0.0013 0.0026 0.0174 0.9311 0.8545
1494806400.0000 110550.0000 -0.1798 -0.0999 -0.0134 0.2685 60.9388 0.0218 0.0439 0.0199 0.0159 0.0052 0.0054 0.0428 0.8198 0.7198
1494806400.0000 110850.0000 -0.1754 -0.0673 0.0463 0.2469 69.0044 0.0144 0.0287 0.0085 0.0101 0.0006 0.0024 0.0258 0.6775 0.6378
1494806400.0000 111150.0000 -0.1804 -0.0328 -0.0511 0.2384 79.7026 0.0112 0.0259 0.0146 0.0066 0.0022 0.0033 0.0259 0.6899 0.6067
1494806400.0000 111450.0000 -0.2047 -0.1842 0.0853 0.3211 48.0095 0.0107 0.0264 0.0069 0.0008 0.0011 -0.0067 0.0220 0.4201 0.4040
1494806400.0000 111750.0000 -0.2732 -0.0910 0.0628 0.3176 71.5730 0.0179 0.0317 0.0142 0.0142 0.0042 0.0112 0.0319 0.4946 0.4465
1494806400.0000 112050.0000 -0.2810 -0.1650 0.0441 0.3688 59.5736 0.0132 0.0448 0.0169 0.0041 -0.0034 -0.0005 0.0374 0.4804 0.4266
1494806400.0000 112350.0000 -0.3558 -0.2351 0.0239 0.4890 56.5463 0.0469 0.0567 0.0340 0.0083 0.0051 0.0028 0.0688 0.5015 0.4358
1494806400.0000 112650.0000 -0.3090 -0.0595 0.0676 0.3350 79.1000 0.0158 0.0114 0.0121 0.0066 0.0001 0.0001 0.0197 0.3559 0.3027
1494806400.0000 112950.0000 -0.2211 -0.1704 -0.0359 0.4141 52.3724 0.0720 0.0550 0.0340 0.0302 0.0092 0.0019 0.0805 0.8230 0.7370
1494806400.0000 113250.0000 -0.2922 -0.2213 -0.0532 0.4111 52.8636 0.0323 0.0422 0.0464 0.0079 0.0046 0.0030 0.0605 0.5421 0.4302
1494806400.0000 113550.0000 -0.2956 -0.1065 0.0764 0.3541 70.1951 0.0182 0.0276 0.0131 -0.0005 -0.0011 -0.0018 0.0294 0.4333 0.3932
1494806400.0000 113850.0000 -0.2563 -0.2150 0.0880 0.3650 49.9994 0.0106 0.0251 0.0097 -0.0005 0.0006 -0.0031 0.0227 0.3559 0.3261
1494806400.0000 114150.0000 -0.1726 -0.2323 0.0884 0.3657 36.6211 0.0284 0.0604 0.0175 0.0148 0.0045 0.0145 0.0532 0.6223 0.5947
1494806400.0000 114450.0000 -0.1738 -0.0097 0.0594 0.2693 86.8099 0.0126 0.0402 0.0097 0.0083 0.0011 0.0016 0.0312 0.7847 0.7622
1494806400.0000 114750.0000 -0.1403 -0.0852 0.0643 0.2859 58.7176 0.0307 0.0395 0.0224 0.0069 -0.0047 -0.0145 0.0463 0.9968 0.9321
1494806400.0000 115050.0000 -0.1396 -0.1316 -0.0473 0.4106 46.6849 0.0786 0.0844 0.0393 0.0508 -0.0177 -0.0171 0.1012 1.3139 1.2146
1494806400.0000 115350.0000 -0.2469 -0.2804 0.0461 0.4168 41.3663 0.0167 0.0434 0.0252 -0.0078 0.0044 -0.0040 0.0426 0.4478 0.3787
1494806400.0000 115650.0000 -0.2025 -0.1642 0.0563 0.3468 50.9722 0.0458 0.0300 0.0292 0.0146 -0.0089 -0.0095 0.0525 0.7016 0.6097
1494806400.0000 115950.0000 -0.1949 -0.1026 0.0643 0.3258 62.2261 0.0392 0.0416 0.0171 0.0111 0.0090 0.0019 0.0490 0.7878 0.7455
1494806400.0000 116250.0000 -0.1447 -0.0764 0.0588 0.3895 62.1590 0.0315 0.1104 0.0201 0.0114 -0.0065 -0.0265 0.0810 1.3364 1.3292
1494806400.0000 116550.0000 -0.2348 -0.1688 0.0731 0.3398 54.2847 0.0253 0.0326 0.0224 0.0073 0.0062 0.0057 0.0401 0.5483 0.4803
1494806400.0000 116850.0000 -0.1516 -0.1776 0.0525 0.3736 40.4910 0.0587 0.0524 0.0242 0.0250 -0.0111 -0.0109 0.0677 0.8876 0.8243
1494806400.0000 117150.0000 0.0124 -0.1157 0.0159 0.3522 353.9066 0.1248 0.0360 0.0297 -0.0061 -0.0065 0.0119 0.0953 2.1456 1.9894
1494806400.0000 117450.0000 -0.0954 -0.0728 0.0375 0.3042 52.6698 0.0644 0.0474 0.0271 0.0248 -0.0044 -0.0057 0.0695 1.7119 1.6091
1494806400.0000 117750.0000 -0.2376 -0.2434 0.0342 0.4038 44.3041 0.0198 0.0542 0.0273 0.0058 -0.0031 0.0055 0.0506 0.5375 0.4617
1494806400.0000 118050.0000 -0.2062 -0.2221 0.0674 0.3476 42.8735 0.0234 0.0328 0.0294 0.0015 0.0039 -0.0038 0.0428 0.5440 0.4516
1494806400.0000 118350.0000 -0.2469 -0.1773 0.0401 0.3794 54.3224 0.0400 0.0512 0.0235 0.0111 -0.0009 -0.0046 0.0574 0.6379 0.5738
1494806400.0000 118650.0000 -0.3009 -0.3246 0.0760 0.4741 42.8329 0.0195 0.0353 0.0190 0.0016 0.0033 -0.0095 0.0369 0.3493 0.3054
1494806400.0000 118950.0000 -0.2281 -0.2659 0.0991 0.4794 40.6301 0.0422 0.1345 0.0243 -0.0149 0.0008 -0.0141 0.1005 0.7109 0.6926
1494806400.0000 119250.0000 -0.3239 -0.3160 0.0068 0.5034 45.7071 0.0300 0.0486 0.0227 -0.0053 0.0032 0.0028 0.0506 0.4059 0.3576
1494806400.0000 119550.0000 -0.3010 -0.2089 0.0666 0.4811 55.2321 0.0665 0.0849 0.0369 0.0076 0.0023 0.0004 0.0942 0.6729 0.6133
1494806400.0000 119850.0000 -0.2726 -0.3274 0.0888 0.5001 39.7848 0.0587 0.0398 0.0360 -0.0072 0.0072 0.0012 0.0673 0.4866 0.4254
1494806400.0000 120150.0000 -0.3124 -0.1133 0.0668 0.4389 70.0703 0.0485 0.0847 0.0310 0.0240 0.0058 0.0060 0.0821 0.6903 0.6341
1494806400.0000 120450.0000 -0.2117 -0.2865 0.0590 0.5234 36.4565 0.1309 0.0823 0.0380 0.0209 -0.0024 0.0033 0.1256 0.8013 0.7483
1494806400.0000 120750.0000 -0.3279 -0.0203 0.0417 0.4938 86.4539 0.1144 0.0862 0.0348 0.0332 -0.0076 -0.0009 0.1177 0.8458 0.7870
1494806400.0000 121050.0000 -0.0700 -0.2126 0.0531 0.3508 18.2233 0.0446 0.0558 0.0218 -0.0251 -0.0045 0.0038 0.0611 0.8773 0.8173
1494806400.0000 121350.0000 -0.3168 0.0056 0.0745 0.3662 91.0172 0.0342 0.0257 0.0194 0.0088 -0.0014 -0.0040 0.0397 0.4998 0.4461
1494806400.0000 121650.0000 -0.0596 -0.0675 -0.0329 0.4315 41.4422 0.1616 0.0757 0.0558 -0.0035 -0.0303 -0.0091 0.1465 3.2594 3.1222
1494806400.0000 121950.0000 -0.0406 -0.1205 0.0823 0.3728 18.6337 0.1147 0.0503 0.0366 0.0067 -0.0062 -0.0051 0.1008 1.7113 1.8444
1494806400.0000 122250.0000 -0.3761 -0.1857 -0.0269 0.4913 63.7277 0.0411 0.0820 0.0609 0.0178 -0.0039 0.0178 0.0920 0.5891 0.4828
1494806400.0000 122550.0000 -0.2470 -0.1306 0.0529 0.3956 62.1309 0.0449 0.0606 0.0364 0.0201 -0.0127 -0.0045 0.0709 0.7649 0.6711
1494806400.0000 122850.0000 -0.2972 -0.2132 0.1334 0.4327 54.3400 0.0362 0.0702 0.0230 0.0014 -0.0040 0.0085 0.0647 0.5335 0.5148
1494806400.0000 123150.0000 -0.2038 -0.0387 0.0236 0.4768 79.2356 0.1257 0.0985 0.0363 0.0413 -0.0086 -0.0079 0.1303 1.4114 1.3177
1494806400.0000 123450.0000 -0.2188 -0.1470 0.0093 0.5337 56.1066 0.1457 0.1369 0.0547 0.0168 0.0246 -0.0080 0.1686 1.2713 1.1645
1494806400.0000 123750.0000 -0.3127 -0.2875 0.0894 0.4911 47.4042 0.0427 0.0420 0.0287 -0.0051 -0.0024 -0.0022 0.0567 0.4478 0.3953
1494806400.0000 124050.0000 -0.2665 -0.1904 0.0457 0.4414 54.4511 0.0731 0.0562 0.0538 0.0069 0.0037 0.0096 0.0915 0.7471 0.6339
1494806400.0000 124350.0000 -0.1598 -0.0941 0.0603 0.3911 59.5162 0.0461 0.1237 0.0377 0.0287 0.0047 -0.0102 0.1038 1.3487 1.2827
1494806400.0000 124650.0000 -0.3269 -0.2876 0.0833 0.4999 48.6655 0.0303 0.0785 0.0345 0.0091 0.0046 0.0086 0.0717 0.4931 0.4375
1494806400.0000 124950.0000 -0.3360 -0.0926 0.0848 0.4953 74.5877 0.0839 0.1028 0.0547 0.0185 0.0225 0.0101 0.1207 0.7909 0.7157
1494806400.0000 125250.0000 -0.2820 -0.2995 0.1610 0.5202 43.2764 0.0673 0.0934 0.0496 0.0123 -0.0029 -0.0114 0.1051 0.5992 0.5624
1494806400.0000 125550.0000 -0.1971 0.1969 -0.0318 0.6272 134.9648 0.1247 0.2532 0.0949 0.1215 -0.0624 -0.0845 0.2364 1.4158 1.2740
1494806400.0000 125850.0000 -0.1899 -0.1262 -0.0149 0.4262 56.3952 0.0725 0.1154 0.0375 0.0275 -0.0234 -0.0061 0.1127 1.1996 1.0977
1494806400.0000 126150.0000 -0.1532 0.0256 -0.0378 0.4068 99.4805 0.0729 0.1267 0.0495 0.0565 0.0064 -0.0041 0.1245 1.8019 1.6601
1494806400.0000 126450.0000 -0.1056 -0.0863 0.0576 0.4406 50.7356 0.1041 0.1323 0.0449 0.0557 -0.0033 -0.0086 0.1406 2.0677 2.0579
1494806400.0000 126750.0000 -0.2303 -0.4413 0.1556 0.5856 27.5640 0.0864 0.0917 0.0508 0.0015 0.0140 -0.0068 0.1145 0.5297 0.4895
1494806400.0000 127050.0000 -0.3397 -0.3723 0.1764 0.6422 42.3803 0.0851 0.1295 0.0430 -0.0168 0.0089 -0.0358 0.1288 0.5488 0.5307
1494806400.0000 127350.0000 -0.1664 -0.0429 0.0762 0.5588 75.5320 0.1350 0.2038 0.0717 0.0502 -0.0127 -0.0515 0.2053 1.9679 1.9560
1494806400.0000 127650.0000 -0.2487 -0.2563 0.0086 0.4923 44.1409 0.0527 0.1184 0.0697 0.0069 0.0051 -0.0171 0.1204 0.7932 0.6689
1494806400.0000 127950.0000 -0.1728 0.0979 0.1140 0.5067 119.5369 0.1237 0.1776 0.0466 0.0530 -0.0060 -0.0027 0.1740 1.4872 1.5959
1494806400.0000 128250.0000 -0.1001 -0.1459 0.0785 0.3799 34.4667 0.0903 0.0537 0.0630 0.0030 -0.0032 -0.0038 0.1035 1.3574 1.2385
1494806400.0000 128550.0000 -0.2069 -0.3405 0.0919 0.5722 31.2832 0.1336 0.1106 0.0416 0.0119 0.0043 -0.0017 0.1429 0.7550 0.7162
1494806400.0000 128850.0000 -0.1885 -0.0558 0.0541 0.3496 73.5137 0.0656 0.0529 0.0323 0.0244 -0.0007 -0.0050 0.0754 1.0993 1.0107
1494806400.0000 129150.0000 -0.0638 -0.1408 0.0811 0.4532 24.3685 0.1126 0.1323 0.0397 0.0086 -0.0099 -0.0051 0.1423 1.7650 1.8490
1494806400.0000 129450.0000 -0.1043 -0.3229 0.1431 0.4890 17.9014 0.0802 0.0934 0.0280 0.0065 0.0077 0.0018 0.1008 0.7039 0.7089
1494806400.0000 129750.0000 -0.1165 -0.0154 0.0566 0.4779 82.4757 0.0813 0.1850 0.0665 0.0137 -0.0053 -0.0709 0.1664 2.5530 2.5352
1494806400.0000 130050.0000 -0.1684 -0.3291 0.0978 0.5602 27.0953 0.0903 0.1957 0.0673 0.0301 0.0091 -0.0364 0.1767 0.8974 0.8352
1494806400.0000 130350.0000 -0.2487 -0.2948 0.1227 0.5017 40.1517 0.0585 0.0974 0.0470 0.0012 -0.0029 -0.0187 0.1014 0.6425 0.5911
1494806400.0000 130650.0000 -0.0584 0.0695 0.0523 0.3419 139.9355 0.0503 0.0876 0.0247 0.0134 -0.0013 -0.0132 0.0813 2.2224 2.3621
1494806400.0000 130950.0000 -0.1434 -0.1648 0.0737 0.3705 41.0372 0.0451 0.0703 0.0204 0.0178 -0.0050 -0.0072 0.0679 0.9228 0.8977
1494806400.0000 131250.0000 -0.1895 -0.3030 0.1437 0.4607 32.0202 0.0368 0.1013 0.0399 0.0160 0.0118 -0.0062 0.0890 0.6322 0.6002
1494806400.0000 131550.0000 -0.0762 -0.1231 0.0883 0.3839 31.7540 0.0489 0.1098 0.0250 0.0286 -0.0025 -0.0204 0.0919 1.4594 1.5892
1494806400.0000 131850.0000 -0.1337 -0.0888 0.0683 0.3926 56.3941 0.0595 0.1171 0.0381 0.0171 -0.0029 -0.0283 0.1074 1.5336 1.5117
1494806400.0000 132150.0000 -0.1397 -0.1829 0.1190 0.3365 37.3721 0.0535 0.0453 0.0442 0.0034 0.0067 -0.0043 0.0715 0.8422 0.7881
1494806400.0000 132450.0000 -0.1171 -0.2959 0.1137 0.4113 21.5953 0.0621 0.0354 0.0206 -0.0034 -0.0071 -0.0119 0.0590 0.5870 0.5664
1494806400.0000 132750.0000 0.2372 0.1314 -0.1333 0.3568 241.0174 0.0438 0.0352 0.0173 0.0156 -0.0137 -0.0120 0.0482 0.5931 0.5984
1494806400.0000 133050.0000 -0.1275 0.0586 0.0116 0.2288 114.6852 0.0291 0.0252 0.0218 0.0090 0.0012 -0.0037 0.0381 1.1316 0.9590
1494806400.0000 133350.0000 -0.1392 0.0976 -0.0724 0.3911 125.0222 0.0494 0.1092 0.0503 0.0352 0.0133 0.0098 0.1045 1.4280 1.3525
1494806400.0000 133650.0000 0.1674 0.2699 -0.1063 0.3781 211.8125 0.0421 0.0424 0.0303 0.0114 -0.0146 -0.0195 0.0574 0.5842 0.5285
1494806400.0000 133950.0000 0.1604 -0.1640 -0.1246 0.5078 315.6202 0.1824 0.1267 0.0592 -0.0290 -0.0258 -0.0044 0.1841 1.3421 1.3991
1494806400.0000 134250.0000 -0.2981 -0.1298 0.0052 0.5131 66.4659 0.1300 0.0851 0.0494 0.0031 -0.0171 -0.0123 0.1322 0.9129 0.8234
1494806400.0000 134550.0000 -0.3316 -0.2752 0.1411 0.5210 50.3118 0.0475 0.0730 0.0445 -0.0155 0.0034 -0.0236 0.0825 0.5171 0.4650
1494806400.0000 134850.0000 0.2075 -0.1090 -0.1159 0.4797 297.7117 0.1586 0.0759 0.0484 -0.0320 -0.0248 -0.0031 0.1414 1.1743 1.1925
1494806400.0000 135150.0000 0.0295 -0.2850 -0.0046 0.4529 354.0855 0.1107 0.0440 0.0591 0.0037 -0.0155 0.0078 0.1069 0.9318 0.7928
1494806400.0000 135450.0000 0.0512 0.0347 -0.0433 0.3484 235.9076 0.0651 0.0836 0.0386 -0.0210 -0.0087 -0.0105 0.0936 3.3101 3.5995
1494806400.0000 135750.0000 0.1055 -0.2609 -0.0535 0.4427 337.9728 0.1018 0.0755 0.0551 0.0292 -0.0273 -0.0261 0.1162 0.9716 0.8639
1494806400.0000 136050.0000 -0.2797 -0.3263 0.1562 0.5095 40.6088 0.0777 0.0538 0.0268 0.0016 -0.0195 -0.0047 0.0792 0.5023 0.4871
1494806400.0000 136350.0000 0.0261 0.1050 0.0122 0.3636 193.9343 0.1014 0.0594 0.0254 0.0126 -0.0161 -0.0056 0.0931 2.2875 2.1392
1494806400.0000 136650.0000 0.0313 0.0498 -0.0024 0.4093 212.1121 0.1335 0.1091 0.0627 0.0454 -0.0304 0.0092 0.1526 5.4200 4.8353
1494806400.0000 136950.0000 0.3486 0.1312 -0.1092 0.5184 249.3802 0.1175 0.0726 0.0456 0.0130 -0.0023 0.0022 0.1179 0.7222 0.6758
1494806400.0000 137250.0000 -0.1549 0.0567 -0.0039 0.3378 110.0916 0.0607 0.0607 0.0439 0.0097 -0.0025 -0.0016 0.0826 1.4223 1.2192
1494806400.0000 137550.0000 -0.0834 -0.1312 0.0435 0.3436 32.4486 0.0547 0.0673 0.0371 0.0129 0.0109 0.0038 0.0795 1.4261 1.2968
1494806400.0000 137850.0000 -0.1859 0.0052 -0.0182 0.3035 91.5990 0.0378 0.0487 0.0289 0.0020 -0.0105 0.0079 0.0577 1.0494 0.9129
1494806400.0000 138150.0000 -0.2431 -0.0531 0.0647 0.3967 77.6844 0.0975 0.0494 0.0205 0.0439 -0.0101 -0.0057 0.0837 0.9188 0.8893
1494806400.0000 138450.0000 0.1940 -0.0957 -0.0208 0.4377 296.2455 0.1161 0.0692 0.0343 0.0044 -0.0252 -0.0083 0.1098 1.2451 1.1490
1494806400.0000 138750.0000 0.1616 -0.1252 -0.0621 0.3718 307.7658 0.0846 0.0545 0.0267 -0.0034 -0.0036 -0.0014 0.0829 1.1005 1.0535
1494806400.0000 139050.0000 0.0402 0.0040 -0.0482 0.3495 264.2979 0.0493 0.0973 0.0282 0.0361 -0.0199 -0.0297 0.0874 3.8384 5.4674
1494806400.0000 139350.0000 0.1053 0.2408 -0.1069 0.3174 203.6151 0.0301 0.0136 0.0158 0.0032 -0.0068 -0.0039 0.0298 0.4965 0.4593
1494806400.0000 139650.0000 0.1377 0.2472 -0.1154 0.3221 209.1264 0.0202 0.0239 0.0159 0.0001 -0.0035 -0.0066 0.0300 0.4630 0.4286
1494806400.0000 139950.0000 0.2708 0.1235 -0.0717 0.3306 245.4812 0.0280 0.0204 0.0277 0.0057 -0.0169 -0.0097 0.0380 0.5201 0.4267
1494806400.0000 140250.0000 0.2300 0.2476 -0.1377 0.3816 222.8919 0.0200 0.0298 0.0111 0.0010 -0.0066 -0.0092 0.0305 0.3905 0.3811
1494806400.0000 140550.0000 0.2973 0.2467 -0.1653 0.4292 230.3125 0.0305 0.0203 0.0164 -0.0049 -0.0081 -0.0038 0.0336 0.3560 0.3366
1494806400.0000 140850.0000 0.1588 0.2232 -0.0991 0.4099 215.4226 0.0665 0.0903 0.0224 0.0365 -0.0196 -0.0216 0.0896 0.8388 0.8344
1494806400.0000 141150.0000 -0.0562 -0.0096 -0.0535 0.2880 80.2914 0.0889 0.0374 0.0303 0.0248 0.0134 0.0110 0.0783 2.9237 3.5996
1494806400.0000 141450.0000 -0.1914 -0.1319 0.0567 0.3551 55.4292 0.0377 0.0812 0.0251 0.0088 0.0043 0.0054 0.0720 0.9159 0.8566
1494806400.0000 141750.0000 0.1195 0.0594 -0.0216 0.2199 243.5552 0.0270 0.0186 0.0181 0.0093 -0.0096 -0.0074 0.0319 1.0778 0.9241
1494806400.0000 142050.0000 0.2408 0.2121 -0.1259 0.3557 228.6177 0.0261 0.0188 0.0138 0.0033 -0.0045 -0.0046 0.0294 0.4059 0.3814
1494806400.0000 142350.0000 0.2813 0.1503 -0.0775 0.3766 241.8805 0.0470 0.0305 0.0292 0.0056 -0.0254 -0.0009 0.0534 0.5747 0.5040
1494806400.0000 142650.0000 0.0959 -0.1133 -0.0304 0.2730 319.7384 0.0671 0.0350 0.0257 -0.0234 -0.0235 0.0090 0.0638 1.3615 1.2422
1494806400.0000 142950.0000 0.1461 0.0586 -0.0688 0.2927 248.1355 0.1002 0.0360 0.0398 -0.0058 -0.0476 -0.0032 0.0880 1.4095 1.3532
1494806400.0000 143250.0000 0.3039 0.1412 -0.0926 0.4983 245.0827 0.0990 0.1093 0.0574 0.0123 -0.0223 0.0058 0.1328 0.8559 0.7862
1494806400.0000 143550.0000 -0.0687 -0.0672 -0.0225 0.3419 45.6395 0.0720 0.0750 0.0496 0.0286 0.0058 0.0180 0.0983 2.5938 2.3034
1494806400.0000 143850.0000 -0.0872 0.1249 0.0319 0.3993 145.0599 0.1239 0.0773 0.0504 0.0357 0.0142 0.0150 0.1258 1.8611 1.7004
1494806400.0000 144150.0000 -0.0507 0.1435 0.0611 0.3857 160.5494 0.0776 0.0960 0.0407 0.0128 0.0075 0.0186 0.1072 1.6300 1.5810
1494806400.0000 144450.0000 -0.1241 -0.0688 0.0524 0.3093 61.0029 0.0593 0.0558 0.0366 0.0033 -0.0046 0.0036 0.0758 1.4864 1.3801
1494806400.0000 144750.0000 0.1641 0.0177 -0.0457 0.3396 263.8540 0.0944 0.0253 0.0161 0.0235 -0.0009 0.0005 0.0678 1.2421 1.2102
1494806400.0000 145050.0000 0.3346 0.1617 -0.1551 0.4105 244.2044 0.0317 0.0208 0.0190 0.0007 -0.0075 0.0056 0.0357 0.3833 0.3559
1494806400.0000 145350.0000 0.1972 0.0675 -0.0583 0.3098 251.0968 0.0468 0.0349 0.0189 0.0079 -0.0110 0.0030 0.0503 0.8460 0.7918
1494806400.0000 145650.0000 0.4008 0.1835 -0.1645 0.5106 245.3990 0.0136 0.0661 0.0101 -0.0075 -0.0002 -0.0104 0.0449 0.3678 0.3697
1494806400.0000 145950.0000 0.3416 0.3245 -0.1595 0.4871 226.4732 0.0132 0.0096 0.0081 -0.0034 -0.0004 -0.0005 0.0154 0.2037 0.1847
1494806400.0000 146250.0000 0.3351 0.1523 -0.0969 0.4648 245.5550 0.0687 0.0530 0.0229 0.0069 -0.0174 -0.0089 0.0723 0.5767 0.5472
1494806400.0000 146550.0000 0.2367 0.3031 -0.1065 0.3940 217.9831 0.0091 0.0155 0.0056 0.0056 -0.0028 -0.0049 0.0151 0.2512 0.2352
1494806400.0000 146850.0000 0.3660 0.3350 -0.1121 0.5150 227.5339 0.0444 0.0207 0.0127 0.0208 -0.0169 -0.0108 0.0389 0.3167 0.2971
1494806400.0000 147150.0000 0.5152 0.3700 -0.1702 0.6451 234.3197 0.0220 0.0245 0.0121 0.0129 -0.0092 -0.0099 0.0293 0.2130 0.1964
1494806400.0000 147450.0000 0.3397 0.4401 -0.1519 0.5743 217.6622 0.0344 0.0195 0.0106 0.0116 -0.0096 -0.0041 0.0322 0.2544 0.2411
1494806400.0000 147750.0000 0.3909 0.3887 -0.1256 0.5837 225.1659 0.0326 0.0398 0.0184 0.0146 -0.0103 -0.0102 0.0454 0.3077 0.2817
1494806400.0000 148050.0000 0.6665 0.4050 -0.2128 0.7973 238.7126 0.0517 0.0196 0.0098 0.0036 -0.0090 -0.0045 0.0405 0.2034 0.1977
1494806400.0000 148350.0000 0.4178 0.4238 -0.1907 0.6104 224.5914 0.0142 0.0153 0.0068 -0.0026 -0.0030 -0.0004 0.0181 0.1759 0.1666
1494806400.0000 148650.0000 0.5388 0.5037 -0.2180 0.7462 226.9315 0.0135 0.0122 0.0037 0.0009 -0.0012 -0.0021 0.0147 0.1285 0.1253
1494806400.0000 148950.0000 0.6179 0.4984 -0.2587 0.8057 231.1082 0.0187 0.0129 0.0055 -0.0041 -0.0032 -0.0016 0.0186 0.1332 0.1293
1494806400.0000 149250.0000 0.6520 0.5039 -0.2471 0.8297 232.3034 0.0153 0.0107 0.0062 0.0032 -0.0049 -0.0030 0.0161 0.1204 0.1130
1494806400.0000 149550.0000 0.6842 0.5203 -0.2577 0.8665 232.7522 0.0072 0.0126 0.0044 -0.0015 -0.0008 -0.0013 0.0121 0.1000 0.0945
1494806400.0000 149850.0000 0.7283 0.5155 -0.2663 0.8997 234.7087 0.0111 0.0156 0.0064 0.0007 -0.0031 -0.0031 0.0166 0.1128 0.1058
1494806400.0000 150150.0000 0.7279 0.5674 -0.2815 0.9334 232.0604 0.0187 0.0181 0.0054 -0.0013 -0.0001 -0.0021 0.0211 0.1229 0.1200
1494806400.0000 150450.0000 0.7389 0.5713 -0.2849 0.9391 232.2875 0.0088 0.0110 0.0043 0.0005 -0.0006 -0.0009 0.0121 0.0919 0.0871
1494806400.0000 150750.0000 0.7750 0.5499 -0.2844 0.9554 234.6423 0.0095 0.0107 0.0053 0.0004 -0.0017 -0.0008 0.0127 0.0929 0.0863
1494806400.0000 151050.0000 0.7808 0.5655 -0.2887 0.9685 234.0866 0.0097 0.0106 0.0059 0.0017 -0.0023 -0.0017 0.0131 0.0928 0.0854
