1494720000.0000 150.0000 nan nan nan nan nan nan nan nan nan nan nan nan nan nan
1494720000.0000 450.0000 nan nan nan nan nan nan nan nan nan nan nan nan nan nan
1494720000.0000 750.0000 nan nan nan nan nan nan nan nan nan nan nan nan nan nan
1494720000.0000 1050.0000 nan nan nan nan nan nan nan nan nan nan nan nan nan nan
1494720000.0000 1350.0000 nan nan nan nan nan nan nan nan nan nan nan nan nan nan
1494720000.0000 1650.0000 nan nan nan nan nan nan nan nan nan nan nan nan nan nan
1494720000.0000 1950.0000 nan nan nan nan nan nan nan nan nan nan nan nan nan nan
1494720000.0000 2250.0000 nan nan nan nan nan nan nan nan nan nan nan nan nan nan
1494720000.0000 2550.0000 nan nan nan nan nan nan nan nan nan nan nan nan nan nan
1494720000.0000 2850.0000 nan nan nan nan nan nan nan nan nan nan nan nan nan nan
1494720000.0000 3150.0000 nan nan nan nan nan nan nan nan nan nan nan nan nan nan
1494720000.0000 3450.0000 nan nan nan nan nan nan nan nan nan nan nan nan nan nan
1494720000.0000 3750.0000 nan nan nan nan nan nan nan nan nan nan nan nan nan nan
1494720000.0000 4050.0000 nan nan nan nan nan nan nan nan nan nan nan nan nan nan
1494720000.0000 4350.0000 nan nan nan nan nan nan nan nan nan nan nan nan nan nan
1494720000.0000 4650.0000 nan nan nan nan nan nan nan nan nan nan nan nan nan nan
1494720000.0000 4950.0000 nan nan nan nan nan nan nan nan nan nan nan nan nan nan
1494720000.0000 5250.0000 nan nan nan nan nan nan nan nan nan nan nan nan nan nan
1494720000.0000 5550.0000 nan nan nan nan nan nan nan nan nan nan nan nan nan nan
1494720000.0000 5850.0000 nan nan nan nan nan nan nan nan nan nan nan nan nan nan
1494720000.0000 6150.0000 nan nan nan nan nan nan nan nan nan nan nan nan nan nan
1494720000.0000 6450.0000 nan nan nan nan nan nan nan nan nan nan nan nan nan nan
1494720000.0000 6750.0000 nan nan nan nan nan nan nan nan nan nan nan nan nan nan
1494720000.0000 7050.0000 nan nan nan nan nan nan nan nan nan nan nan nan nan nan
1494720000.0000 7350.0000 nan nan nan nan nan nan nan nan nan nan nan nan nan nan
1494720000.0000 7650.0000 nan nan nan nan nan nan nan nan nan nan nan nan nan nan
1494720000.0000 7950.0000 nan nan nan nan nan nan nan nan nan nan nan nan nan nan
1494720000.0000 8250.0000 nan nan nan nan nan nan nan nan nan nan nan nan nan nan
1494720000.0000 8550.0000 nan nan nan nan nan nan nan nan nan nan nan nan nan nan
1494720000.0000 8850.0000 nan nan nan nan nan nan nan nan nan nan nan nan nan nan
1494720000.0000 9150.0000 nan nan nan nan nan nan nan nan nan nan nan nan nan nan
1494720000.0000 9450.0000 nan nan nan nan nan nan nan nan nan nan nan nan nan nan
1494720000.0000 9750.0000 nan nan nan nan nan nan nan nan nan nan nan nan nan nan
1494720000.0000 10050.0000 nan nan nan nan nan nan nan nan nan nan nan nan nan nan
1494720000.0000 10350.0000 nan nan nan nan nan nan nan nan nan nan nan nan nan nan
1494720000.0000 10650.0000 nan nan nan nan nan nan nan nan nan nan nan nan nan nan
1494720000.0000 10950.0000 nan nan nan nan nan nan nan nan nan nan nan nan nan nan
1494720000.0000 11250.0000 nan nan nan nan nan nan nan nan nan nan nan nan nan nan
1494720000.0000 11550.0000 nan nan nan nan nan nan nan nan nan nan nan nan nan nan
1494720000.0000 11850.0000 nan nan nan nan nan nan nan nan nan nan nan nan nan nan
1494720000.0000 12150.0000 nan nan nan nan nan nan nan nan nan nan nan nan nan nan
1494720000.0000 12450.0000 nan nan nan nan nan nan nan nan nan nan nan nan nan nan
1494720000.0000 12750.0000 nan nan nan nan nan nan nan nan nan nan nan nan nan nan
1494720000.0000 13050.0000 nan nan nan nan nan nan nan nan nan nan nan nan nan nan
1494720000.0000 13350.0000 nan nan nan nan nan nan nan nan nan nan nan nan nan nan
1494720000.0000 13650.0000 nan nan nan nan nan nan nan nan nan nan nan nan nan nan
1494720000.0000 13950.0000 nan nan nan nan nan nan nan nan nan nan nan nan nan nan
1494720000.0000 14250.0000 nan nan nan nan nan nan nan nan nan nan nan nan nan nan
1494720000.0000 14550.0000 nan nan nan nan nan nan nan nan nan nan nan nan nan nan
1494720000.0000 14850.0000 nan nan nan nan nan nan nan nan nan nan nan nan nan nan
1494720000.0000 15150.0000 nan nan nan nan nan nan nan nan nan nan nan nan nan nan
1494720000.0000 15450.0000 nan nan nan nan nan nan nan nan nan nan nan nan nan nan
1494720000.0000 15750.0000 nan nan nan nan nan nan nan nan nan nan nan nan nan nan
1494720000.0000 16050.0000 nan nan nan nan nan nan nan nan nan nan nan nan nan nan
1494720000.0000 16350.0000 nan nan nan nan nan nan nan nan nan nan nan nan nan nan
1494720000.0000 16650.0000 nan nan nan nan nan nan nan nan nan nan nan nan nan nan
1494720000.0000 16950.0000 nan nan nan nan nan nan nan nan nan nan nan nan nan nan
1494720000.0000 17250.0000 nan nan nan nan nan nan nan nan nan nan nan nan nan nan
1494720000.0000 17550.0000 nan nan nan nan nan nan nan nan nan nan nan nan nan nan
1494720000.0000 17850.0000 nan nan nan nan nan nan nan nan nan nan nan nan nan nan
1494720000.0000 18150.0000 nan nan nan nan nan nan nan nan nan nan nan nan nan nan
1494720000.0000 18450.0000 nan nan nan nan nan nan nan nan nan nan nan nan nan nan
1494720000.0000 18750.0000 nan nan nan nan nan nan nan nan nan nan nan nan nan nan
1494720000.0000 19050.0000 nan nan nan nan nan nan nan nan nan nan nan nan nan nan
1494720000.0000 19350.0000 nan nan nan nan nan nan nan nan nan nan nan nan nan nan
1494720000.0000 19650.0000 nan nan nan nan nan nan nan nan nan nan nan nan nan nan
1494720000.0000 19950.0000 nan nan nan nan nan nan nan nan nan nan nan nan nan nan
1494720000.0000 20250.0000 nan nan nan nan nan nan nan nan nan nan nan nan nan nan
1494720000.0000 20550.0000 nan nan nan nan nan nan nan nan nan nan nan nan nan nan
1494720000.0000 20850.0000 nan nan nan nan nan nan nan nan nan nan nan nan nan nan
1494720000.0000 21150.0000 nan nan nan nan nan nan nan nan nan nan nan nan nan nan
1494720000.0000 21450.0000 nan nan nan nan nan nan nan nan nan nan nan nan nan nan
1494720000.0000 21750.0000 nan nan nan nan nan nan nan nan nan nan nan nan nan nan
1494720000.0000 22050.0000 nan nan nan nan nan nan nan nan nan nan nan nan nan nan
1494720000.0000 22350.0000 nan nan nan nan nan nan nan nan nan nan nan nan nan nan
1494720000.0000 22650.0000 nan nan nan nan nan nan nan nan nan nan nan nan nan nan
1494720000.0000 22950.0000 nan nan nan nan nan nan nan nan nan nan nan nan nan nan
1494720000.0000 23250.0000 nan nan nan nan nan nan nan nan nan nan nan nan nan nan
1494720000.0000 23550.0000 nan nan nan nan nan nan nan nan nan nan nan nan nan nan
1494720000.0000 23850.0000 nan nan nan nan nan nan nan nan nan nan nan nan nan nan
1494720000.0000 24150.0000 nan nan nan nan nan nan nan nan nan nan nan nan nan nan
1494720000.0000 24450.0000 nan nan nan nan nan nan nan nan nan nan nan nan nan nan
1494720000.0000 24750.0000 nan nan nan nan nan nan nan nan nan nan nan nan nan nan
1494720000.0000 25050.0000 nan nan nan nan nan nan nan nan nan nan nan nan nan nan
1494720000.0000 25350.0000 nan nan nan nan nan nan nan nan nan nan nan nan nan nan
1494720000.0000 25650.0000 nan nan nan nan nan nan nan nan nan nan nan nan nan nan
1494720000.0000 25950.0000 nan nan nan nan nan nan nan nan nan nan nan nan nan nan
1494720000.0000 26250.0000 nan nan nan nan nan nan nan nan nan nan nan nan nan nan
1494720000.0000 26550.0000 nan nan nan nan nan nan nan nan nan nan nan nan nan nan
1494720000.0000 26850.0000 nan nan nan nan nan nan nan nan nan nan nan nan nan nan
1494720000.0000 27150.0000 nan nan nan nan nan nan nan nan nan nan nan nan nan nan
1494720000.0000 27450.0000 nan nan nan nan nan nan nan nan nan nan nan nan nan nan
1494720000.0000 27750.0000 nan nan nan nan nan nan nan nan nan nan nan nan nan nan
1494720000.0000 28050.0000 nan nan nan nan nan nan nan nan nan nan nan nan nan nan
1494720000.0000 28350.0000 nan nan nan nan nan nan nan nan nan nan nan nan nan nan
1494720000.0000 28650.0000 nan nan nan nan nan nan nan nan nan nan nan nan nan nan
1494720000.0000 28950.0000 nan nan nan nan nan nan nan nan nan nan nan nan nan nan
1494720000.0000 29250.0000 nan nan nan nan nan nan nan nan nan nan nan nan nan nan
1494720000.0000 29550.0000 nan nan nan nan nan nan nan nan nan nan nan nan nan nan
1494720000.0000 29850.0000 nan nan nan nan nan nan nan nan nan nan nan nan nan nan
1494720000.0000 30150.0000 nan nan nan nan nan nan nan nan nan nan nan nan nan nan
1494720000.0000 30450.0000 nan nan nan nan nan nan nan nan nan nan nan nan nan nan
1494720000.0000 30750.0000 nan nan nan nan nan nan nan nan nan nan nan nan nan nan
1494720000.0000 31050.0000 nan nan nan nan nan nan nan nan nan nan nan nan nan nan
1494720000.0000 31350.0000 nan nan nan nan nan nan nan nan nan nan nan nan nan nan
1494720000.0000 31650.0000 nan nan nan nan nan nan nan nan nan nan nan nan nan nan
1494720000.0000 31950.0000 nan nan nan nan nan nan nan nan nan nan nan nan nan nan
1494720000.0000 32250.0000 nan nan nan nan nan nan nan nan nan nan nan nan nan nan
1494720000.0000 32550.0000 nan nan nan nan nan nan nan nan nan nan nan nan nan nan
1494720000.0000 32850.0000 0.2035 0.1611 0.0701 0.3338 231.6295 0.0140 0.0474 0.0107 -0.0025 0.0013 0.0053 0.0360 0.5765 0.5510
1494720000.0000 33150.0000 0.2152 0.1146 0.1214 0.2798 241.9640 0.0111 0.0239 0.0057 0.0041 -0.0025 -0.0000 0.0204 0.4279 0.4430
1494720000.0000 33450.0000 0.2335 0.1340 0.0604 0.3460 240.1612 0.0345 0.0485 0.0144 0.0185 0.0021 0.0089 0.0487 0.6530 0.6176
1494720000.0000 33750.0000 0.1665 0.1416 0.1181 0.2615 229.6189 0.0235 0.0290 0.0082 0.0093 -0.0053 0.0015 0.0303 0.5722 0.6049
1494720000.0000 34050.0000 0.0566 0.3436 0.0802 0.4605 189.3573 0.0866 0.0439 0.0113 0.0105 0.0101 0.0017 0.0709 0.6086 0.5991
1494720000.0000 34350.0000 0.1172 0.1820 0.0908 0.3244 212.7730 0.0399 0.0422 0.0125 -0.0083 -0.0039 0.0013 0.0473 0.7564 0.7640
1494720000.0000 34650.0000 0.0008 0.3096 0.1261 0.4162 180.1522 0.0592 0.0585 0.0084 -0.0062 0.0022 0.0021 0.0630 0.6132 0.6398
1494720000.0000 34950.0000 -0.2409 0.2702 -0.0295 0.4478 138.2846 0.0906 0.0211 0.0337 0.0015 0.0185 0.0069 0.0727 0.6059 0.5328
1494720000.0000 35250.0000 -0.1427 0.2184 -0.0192 0.4031 146.8393 0.0555 0.0790 0.0299 0.0124 0.0110 0.0276 0.0822 0.8948 0.8116
1494720000.0000 35550.0000 0.2323 0.1520 0.0635 0.3725 236.7960 0.0463 0.0462 0.0213 -0.0130 -0.0020 0.0043 0.0569 0.6838 0.6324
1494720000.0000 35850.0000 0.0771 0.1829 0.0325 0.3786 202.8592 0.0597 0.0989 0.0207 0.0053 0.0117 0.0131 0.0896 1.2155 1.1584
1494720000.0000 36150.0000 0.0060 0.3885 0.1214 0.5425 180.8890 0.1112 0.0761 0.0241 -0.0230 0.0188 0.0050 0.1057 0.6521 0.6431
1494720000.0000 36450.0000 0.2689 0.1610 0.1014 0.3916 239.0808 0.0421 0.0440 0.0158 0.0199 -0.0020 0.0027 0.0509 0.5593 0.5404
1494720000.0000 36750.0000 0.0474 0.3515 0.1240 0.4625 187.6761 0.0824 0.0772 0.0232 0.0110 0.0032 0.0003 0.0914 0.6569 0.6502
1494720000.0000 37050.0000 0.0083 0.3035 0.0606 0.3945 181.5665 0.0440 0.0497 0.0169 -0.0111 0.0039 0.0044 0.0553 0.6203 0.5821
1494720000.0000 37350.0000 0.3985 -0.0202 0.0464 0.4785 272.8978 0.0441 0.0700 0.0180 -0.0292 -0.0145 0.0142 0.0660 0.5223 0.4887
1494720000.0000 37650.0000 0.2419 0.1068 0.0117 0.4064 246.1787 0.0336 0.0938 0.0194 -0.0370 -0.0103 0.0178 0.0734 0.8357 0.7792
1494720000.0000 37950.0000 0.0860 0.0567 0.0462 0.2871 236.6041 0.0352 0.0530 0.0142 -0.0177 -0.0010 0.0113 0.0511 1.6357 1.6641
1494720000.0000 38250.0000 -0.1946 0.2941 0.0886 0.3771 146.5109 0.0217 0.0128 0.0090 -0.0032 0.0049 0.0010 0.0217 0.3312 0.3041
1494720000.0000 38550.0000 -0.1482 0.3863 0.0642 0.4426 159.0096 0.0197 0.0305 0.0082 0.0033 0.0006 0.0044 0.0292 0.3331 0.3126
1494720000.0000 38850.0000 -0.1178 0.2847 0.0438 0.4431 157.5179 0.0961 0.0438 0.0259 -0.0032 0.0162 0.0088 0.0828 0.7550 0.7006
1494720000.0000 39150.0000 -0.1407 0.4755 0.0582 0.6163 163.5106 0.1190 0.1040 0.0571 -0.0025 0.0402 -0.0002 0.1400 0.6119 0.5498
1494720000.0000 39450.0000 0.3145 0.3225 0.1079 0.6905 224.2786 0.1585 0.2409 0.0590 -0.0592 0.0016 0.0507 0.2292 0.8438 0.8099
1494720000.0000 39750.0000 0.0281 0.4324 0.1432 0.6716 183.7166 0.0824 0.3834 0.0395 -0.0655 -0.0040 0.0399 0.2526 0.8992 0.9092
1494720000.0000 40050.0000 0.1107 0.3406 0.0829 0.6502 198.0070 0.2712 0.1575 0.0571 -0.0339 0.0353 0.0184 0.2429 1.0948 1.0557
1494720000.0000 40350.0000 -0.1691 0.3898 0.0765 0.6456 156.5523 0.2112 0.1535 0.0472 -0.0931 -0.0116 0.0267 0.2059 0.8582 0.8206
1494720000.0000 40650.0000 -0.1407 0.3612 0.1231 0.5357 158.7156 0.1073 0.1293 0.0252 -0.0360 0.0112 0.0032 0.1309 0.7263 0.7245
1494720000.0000 40950.0000 0.2393 0.2815 0.1040 0.4154 220.3614 0.0168 0.0506 0.0105 -0.0055 -0.0026 0.0010 0.0390 0.4200 0.4057
1494720000.0000 41250.0000 -0.0139 0.2332 0.0804 0.3615 176.5837 0.0673 0.0482 0.0176 0.0191 0.0135 0.0068 0.0666 0.8526 0.8399
1494720000.0000 41550.0000 -0.1149 0.2472 0.0418 0.5092 155.0793 0.0967 0.1750 0.0374 -0.0531 -0.0064 0.0372 0.1545 1.1639 1.1040
1494720000.0000 41850.0000 -0.0447 0.3880 0.1396 0.6266 173.4330 0.1631 0.1729 0.0292 -0.0538 -0.0027 0.0159 0.1826 0.8412 0.8569
1494720000.0000 42150.0000 0.1310 0.2183 0.1465 0.4110 210.9594 0.0738 0.1033 0.0210 0.0227 -0.0035 -0.0002 0.0991 0.8749 0.9543
1494720000.0000 42450.0000 -0.1876 0.3980 0.0376 0.6122 154.7686 0.2251 0.0764 0.0413 -0.0482 0.0047 0.0142 0.1714 0.7654 0.7205
1494720000.0000 42750.0000 0.1205 0.2116 0.0180 0.3988 209.6632 0.0758 0.0822 0.0277 -0.0225 0.0136 0.0079 0.0928 1.0187 0.9422
1494720000.0000 43050.0000 0.1383 0.3448 0.1245 0.4822 201.8476 0.0509 0.0912 0.0157 -0.0369 -0.0036 -0.0038 0.0789 0.5855 0.5860
1494720000.0000 43350.0000 0.1039 0.2309 0.0920 0.3457 204.2293 0.0450 0.0329 0.0150 -0.0127 0.0001 -0.0032 0.0465 0.6531 0.6362
1494720000.0000 43650.0000 -0.2031 0.4431 0.0274 0.5787 155.3802 0.0840 0.0946 0.0378 -0.0004 0.0157 0.0179 0.1082 0.5502 0.5006
1494720000.0000 43950.0000 -0.2476 0.2980 0.0658 0.7281 140.2787 0.1645 0.3790 0.0671 -0.0366 0.0015 0.0627 0.3053 1.1482 1.0987
1494720000.0000 44250.0000 0.0094 0.3006 0.0402 0.4924 181.7878 0.1624 0.0984 0.0497 -0.0282 0.0434 0.0117 0.1552 1.0602 0.9803
1494720000.0000 44550.0000 0.0173 0.4793 0.1556 0.6619 182.0641 0.1198 0.1997 0.0331 -0.0650 -0.0163 0.0160 0.1763 0.6798 0.6804
1494720000.0000 44850.0000 -0.1115 0.3789 0.0481 0.5796 163.6053 0.1899 0.0896 0.0454 -0.0315 0.0405 -0.0028 0.1624 0.8272 0.7729
1494720000.0000 45150.0000 -0.0562 0.3620 0.0507 0.6027 171.1770 0.1243 0.1817 0.0485 -0.0407 0.0072 0.0485 0.1773 0.9296 0.8719
1494720000.0000 45450.0000 -0.0677 0.3453 0.0778 0.5756 168.9124 0.1918 0.1047 0.0270 0.0029 0.0211 0.0181 0.1617 0.9112 0.8935
1494720000.0000 45750.0000 0.0227 0.2212 0.1250 0.4036 185.8578 0.0995 0.0586 0.0194 -0.0251 0.0074 0.0013 0.0888 0.9537 1.0326
1494720000.0000 46050.0000 0.2433 0.3489 0.1358 0.5267 214.8847 0.0818 0.0941 0.0180 -0.0180 -0.0015 0.0066 0.0969 0.5693 0.5693
1494720000.0000 46350.0000 0.2187 0.2156 0.0978 0.3576 225.4051 0.0244 0.0350 0.0114 0.0007 -0.0012 -0.0022 0.0354 0.4767 0.4581
1494720000.0000 46650.0000 0.2442 0.2065 0.0893 0.3791 229.7901 0.0292 0.0493 0.0174 0.0053 -0.0058 -0.0009 0.0480 0.5386 0.5059
1494720000.0000 46950.0000 0.2796 0.2734 0.1050 0.4365 225.6478 0.0321 0.0478 0.0137 0.0055 -0.0045 0.0027 0.0468 0.4362 0.4173
1494720000.0000 47250.0000 -0.2292 0.5602 0.0874 0.6998 157.7434 0.1205 0.1411 0.0469 -0.0307 0.0194 0.0128 0.1543 0.5244 0.4879
1494720000.0000 47550.0000 0.1985 0.3669 0.1262 0.5495 208.4085 0.0835 0.1258 0.0242 0.0122 0.0106 0.0163 0.1167 0.6401 0.6332
1494720000.0000 47850.0000 0.1270 0.5247 0.1721 0.7672 193.6062 0.2507 0.2254 0.0295 -0.1190 -0.0135 0.0284 0.2528 0.7245 0.7379
1494720000.0000 48150.0000 -0.1895 0.5652 0.1435 0.7369 161.4676 0.1314 0.2461 0.0579 -0.0837 -0.0117 0.0499 0.2177 0.6214 0.5951
1494720000.0000 48450.0000 0.1260 0.2497 0.0789 0.5617 206.7761 0.1754 0.1444 0.0468 -0.0266 0.0244 0.0262 0.1833 1.2029 1.1674
1494720000.0000 48750.0000 -0.2198 0.6464 0.1322 0.8739 161.2173 0.2011 0.2349 0.0448 -0.1126 -0.0087 0.0414 0.2404 0.5756 0.5583
1494720000.0000 49050.0000 0.3121 0.0398 0.1026 0.5723 262.7331 0.1611 0.1540 0.0372 0.1002 0.0382 0.0255 0.1761 1.0356 1.0301
1494720000.0000 49350.0000 0.1973 0.3483 0.1372 0.5394 209.5329 0.1037 0.1067 0.0264 0.0125 0.0153 0.0106 0.1184 0.6640 0.6615
1494720000.0000 49650.0000 -0.2824 0.7618 0.1805 0.8953 159.6599 0.1743 0.0708 0.0317 -0.0295 -0.0156 0.0106 0.1384 0.3650 0.3518
1494720000.0000 49950.0000 0.2168 0.3880 0.1277 0.5805 209.1958 0.1080 0.1204 0.0202 -0.0138 0.0039 0.0062 0.1243 0.6226 0.6209
1494720000.0000 50250.0000 0.3345 0.1378 0.1230 0.4577 247.6101 0.0334 0.0814 0.0191 0.0095 0.0001 0.0038 0.0670 0.5530 0.5407
1494720000.0000 50550.0000 0.4148 0.1951 0.1184 0.5216 244.8107 0.0564 0.0825 0.0160 0.0176 -0.0020 0.0099 0.0775 0.4800 0.4695
1494720000.0000 50850.0000 0.2286 0.4478 0.1296 0.5398 207.0403 0.0500 0.0409 0.0114 0.0062 0.0001 0.0001 0.0512 0.3557 0.3463
1494720000.0000 51150.0000 0.2657 0.2872 0.1065 0.4774 222.7669 0.0415 0.0745 0.0186 -0.0184 -0.0087 0.0071 0.0673 0.5225 0.5027
1494720000.0000 51450.0000 0.0492 0.2556 0.0395 0.3526 190.8980 0.0479 0.0490 0.0202 0.0067 0.0000 0.0099 0.0585 0.7503 0.6902
1494720000.0000 51750.0000 0.2331 0.3308 0.1277 0.4439 215.1730 0.0269 0.0341 0.0108 0.0019 -0.0027 -0.0011 0.0359 0.3644 0.3523
1494720000.0000 52050.0000 0.1321 0.3919 0.1273 0.5677 198.6237 0.0930 0.1230 0.0161 -0.0449 0.0047 0.0027 0.1161 0.6429 0.6488
1494720000.0000 52350.0000 -0.0097 0.4641 0.1108 0.5770 178.8038 0.0983 0.1480 0.0221 -0.0555 -0.0074 0.0120 0.1342 0.6268 0.6172
1494720000.0000 52650.0000 -0.1625 0.5333 0.1207 0.6476 163.0572 0.0913 0.1261 0.0266 -0.0281 -0.0038 0.0215 0.1220 0.5001 0.4829
1494720000.0000 52950.0000 -0.0275 0.4006 0.0793 0.5147 176.0786 0.0772 0.1058 0.0256 -0.0488 -0.0056 0.0181 0.1043 0.6443 0.6151
1494720000.0000 53250.0000 -0.2588 0.2637 0.0481 0.5662 135.5377 0.1353 0.1099 0.0374 -0.0263 0.0223 0.0211 0.1413 0.8238 0.7738
1494720000.0000 53550.0000 -0.0070 0.3349 0.0823 0.5499 178.8021 0.1244 0.2018 0.0197 -0.0769 0.0069 0.0138 0.1730 0.9844 0.9845
1494720000.0000 53850.0000 -0.0864 0.3437 0.0679 0.4996 165.8962 0.0688 0.1101 0.0201 -0.0378 -0.0006 -0.0004 0.0995 0.7136 0.6890
1494720000.0000 54150.0000 -0.0146 0.4160 0.1205 0.5196 177.9901 0.0835 0.1097 0.0153 -0.0564 -0.0047 0.0037 0.1043 0.6084 0.6096
1494720000.0000 54450.0000 0.2054 0.2796 0.1250 0.4684 216.2965 0.0618 0.0931 0.0171 -0.0190 0.0003 0.0012 0.0860 0.6493 0.6550
1494720000.0000 54750.0000 0.2725 0.1594 0.1145 0.3635 239.6733 0.0504 0.0571 0.0109 0.0294 0.0029 0.0055 0.0592 0.5914 0.5993
1494720000.0000 55050.0000 0.2920 0.2318 0.1081 0.3995 231.5574 0.0183 0.0327 0.0095 0.0110 0.0007 0.0024 0.0302 0.3658 0.3498
1494720000.0000 55350.0000 0.1064 0.3852 0.1053 0.4439 195.4399 0.0364 0.0331 0.0078 -0.0101 0.0005 0.0014 0.0387 0.3886 0.3809
1494720000.0000 55650.0000 0.1610 0.2343 0.0879 0.3559 214.5004 0.0384 0.0310 0.0084 -0.0123 0.0003 -0.0026 0.0389 0.5412 0.5350
1494720000.0000 55950.0000 0.2785 0.2537 0.1242 0.4490 227.6652 0.0483 0.0782 0.0133 0.0104 0.0029 0.0119 0.0699 0.5442 0.5451
1494720000.0000 56250.0000 0.2119 0.1756 0.1421 0.3813 230.3530 0.0792 0.0779 0.0150 0.0207 0.0018 0.0118 0.0861 0.7734 0.8316
1494720000.0000 56550.0000 0.3245 0.3246 0.1485 0.5272 224.9858 0.0664 0.1093 0.0204 0.0323 -0.0071 0.0141 0.0980 0.5298 0.5272
1494720000.0000 56850.0000 0.2342 0.3297 0.0956 0.4236 215.3885 0.0216 0.0213 0.0095 0.0062 0.0004 0.0001 0.0262 0.3178 0.2955
1494720000.0000 57150.0000 0.2937 0.2655 0.1244 0.4376 227.8932 0.0357 0.0498 0.0125 0.0174 -0.0010 0.0046 0.0490 0.4355 0.4263
1494720000.0000 57450.0000 0.2408 0.2608 0.1451 0.3960 222.7216 0.0169 0.0415 0.0098 0.0010 -0.0003 -0.0028 0.0341 0.3932 0.3930
1494720000.0000 57750.0000 0.2055 0.1713 0.0733 0.3423 230.1725 0.0151 0.0547 0.0100 -0.0092 -0.0029 0.0039 0.0399 0.5881 0.5702
1494720000.0000 58050.0000 0.2647 0.1878 0.1256 0.3746 234.6461 0.0375 0.0554 0.0115 0.0199 -0.0008 0.0094 0.0522 0.5359 0.5421
1494720000.0000 58350.0000 0.2813 0.1327 0.0900 0.3555 244.7507 0.0221 0.0413 0.0099 0.0090 0.0015 0.0074 0.0367 0.4827 0.4675
1494720000.0000 58650.0000 0.2270 0.1517 0.1322 0.3436 236.2511 0.0404 0.0510 0.0121 0.0153 -0.0035 0.0074 0.0518 0.6124 0.6394
1494720000.0000 58950.0000 0.3473 0.2857 0.1927 0.5551 230.5615 0.0697 0.1138 0.0190 0.0056 -0.0086 0.0070 0.1013 0.5311 0.5501
1494720000.0000 59250.0000 0.1960 0.2526 0.1829 0.4447 217.8128 0.0595 0.0947 0.0172 -0.0262 -0.0071 0.0049 0.0857 0.6490 0.7091
1494720000.0000 59550.0000 0.3455 0.1612 0.1012 0.5958 244.9925 0.0753 0.2157 0.0455 -0.0258 -0.0210 0.0607 0.1682 0.8491 0.8170
1494720000.0000 59850.0000 0.0760 0.2794 0.1075 0.5660 195.2125 0.1345 0.1729 0.0188 -0.1069 0.0008 0.0059 0.1631 1.0675 1.1053
1494720000.0000 60150.0000 0.1519 0.2084 0.0855 0.3811 216.0950 0.0369 0.0931 0.0100 -0.0344 -0.0004 0.0006 0.0700 0.7952 0.8074
1494720000.0000 60450.0000 0.3658 -0.0403 0.0630 0.4679 276.2875 0.0880 0.0940 0.0201 -0.0482 -0.0069 0.0067 0.1010 0.6951 0.6693
1494720000.0000 60750.0000 0.1123 0.2358 0.0956 0.3383 205.4642 0.0205 0.0595 0.0077 -0.0131 -0.0033 0.0056 0.0439 0.6148 0.6253
1494720000.0000 61050.0000 0.1695 0.1085 0.0655 0.2912 237.3849 0.0151 0.0529 0.0079 0.0007 -0.0026 0.0063 0.0380 0.7517 0.7481
1494720000.0000 61350.0000 0.2281 0.1346 0.1442 0.3118 239.4520 0.0185 0.0329 0.0072 0.0012 -0.0001 0.0019 0.0294 0.4640 0.4946
1494720000.0000 61650.0000 0.3644 0.3262 0.1440 0.5317 228.1711 0.0503 0.0764 0.0180 0.0297 0.0002 0.0110 0.0724 0.4309 0.4203
1494720000.0000 61950.0000 0.2176 0.5171 0.1889 0.7139 202.8225 0.1671 0.2018 0.0292 -0.0172 0.0011 0.0261 0.1991 0.6154 0.6251
1494720000.0000 62250.0000 -0.2752 0.7911 0.1560 0.8902 160.8206 0.0973 0.1136 0.0307 -0.0361 -0.0201 0.0233 0.1208 0.3331 0.3165
1494720000.0000 62550.0000 0.2142 0.3375 0.1284 0.4925 212.4007 0.0685 0.0947 0.0130 0.0053 0.0046 0.0072 0.0881 0.5772 0.5835
1494720000.0000 62850.0000 0.0629 0.3814 0.1233 0.4730 189.3706 0.0646 0.0743 0.0114 -0.0137 0.0001 0.0029 0.0751 0.5515 0.5565
1494720000.0000 63150.0000 -0.0931 0.5050 0.1340 0.5952 169.5555 0.0623 0.1548 0.0226 -0.0473 -0.0109 0.0110 0.1198 0.5326 0.5239
1494720000.0000 63450.0000 0.2249 0.2941 0.1293 0.4280 217.4138 0.0435 0.0636 0.0114 0.0153 -0.0027 0.0037 0.0592 0.5067 0.5103
1494720000.0000 63750.0000 0.2311 0.0504 0.0496 0.3215 257.7052 0.0318 0.0510 0.0088 -0.0153 -0.0047 0.0089 0.0458 0.7228 0.7023
1494720000.0000 64050.0000 -0.0487 0.3789 0.0916 0.4908 172.6769 0.0766 0.0962 0.0150 -0.0410 -0.0046 0.0113 0.0939 0.6370 0.6284
1494720000.0000 64350.0000 0.0573 0.2891 0.1117 0.3642 191.2008 0.0267 0.0621 0.0100 -0.0091 -0.0035 0.0004 0.0494 0.5759 0.5839
1494720000.0000 64650.0000 0.1590 0.1846 0.1044 0.3384 220.7386 0.0439 0.0467 0.0085 0.0022 -0.0034 0.0057 0.0495 0.6857 0.7134
1494720000.0000 64950.0000 0.2433 0.1333 0.0769 0.3089 241.2849 0.0225 0.0267 0.0061 0.0089 0.0028 0.0041 0.0277 0.4717 0.4616
1494720000.0000 65250.0000 0.1508 0.1097 0.0777 0.2502 233.9862 0.0208 0.0250 0.0037 -0.0056 -0.0004 0.0019 0.0248 0.6360 0.6626
1494720000.0000 65550.0000 -0.1871 0.3155 0.0565 0.4013 149.3340 0.0197 0.0331 0.0090 0.0001 0.0012 0.0032 0.0309 0.3868 0.3619
1494720000.0000 65850.0000 0.0418 0.1343 0.0542 0.3469 197.2891 0.1016 0.0431 0.0066 -0.0389 -0.0112 0.0088 0.0757 1.4906 1.5620
1494720000.0000 66150.0000 0.1554 0.0790 0.0491 0.2104 243.0431 0.0114 0.0234 0.0050 0.0100 0.0037 0.0061 0.0199 0.6364 0.6179
1494720000.0000 66450.0000 0.2314 0.1658 0.0722 0.3180 234.3750 0.0171 0.0341 0.0073 0.0166 0.0032 0.0066 0.0293 0.4755 0.4588
1494720000.0000 66750.0000 0.2177 0.2355 0.0929 0.3618 222.7550 0.0348 0.0213 0.0075 0.0062 -0.0002 0.0025 0.0318 0.4362 0.4264
1494720000.0000 67050.0000 0.1210 0.0274 0.0440 0.1927 257.2294 0.0110 0.0235 0.0055 -0.0001 -0.0003 0.0053 0.0200 0.8772 0.8642
1494720000.0000 67350.0000 0.1135 0.0144 0.0470 0.1439 262.7439 0.0071 0.0063 0.0016 -0.0010 -0.0005 0.0003 0.0075 0.5715 0.5843
1494720000.0000 67650.0000 0.1074 -0.0156 0.0437 0.2094 278.2427 0.0184 0.0368 0.0055 -0.0158 -0.0046 0.0099 0.0303 1.2152 1.2492
1494720000.0000 67950.0000 -0.0116 -0.0131 0.0385 0.0985 41.5481 0.0086 0.0077 0.0031 -0.0058 -0.0019 0.0029 0.0097 1.9019 4.2068
1494720000.0000 68250.0000 -0.0928 -0.0139 -0.0112 0.1564 81.4510 0.0083 0.0119 0.0077 -0.0027 0.0015 0.0045 0.0140 1.0218 0.8754
1494720000.0000 68550.0000 -0.1134 -0.1113 -0.0793 0.1907 45.5529 0.0140 0.0062 0.0055 0.0008 0.0047 0.0019 0.0129 0.5215 0.5167
1494720000.0000 68850.0000 -0.1655 -0.1777 -0.1240 0.2660 42.9613 0.0116 0.0077 0.0056 -0.0004 0.0025 0.0014 0.0125 0.3345 0.3306
1494720000.0000 69150.0000 -0.2372 -0.1202 -0.1152 0.2837 63.1199 0.0149 0.0051 0.0054 -0.0017 0.0013 0.0002 0.0127 0.3177 0.3074
1494720000.0000 69450.0000 -0.2559 -0.1469 -0.1484 0.3087 60.1443 0.0114 0.0039 0.0041 -0.0025 0.0047 -0.0016 0.0096 0.2427 0.2415
1494720000.0000 69750.0000 -0.2995 -0.1285 -0.1742 0.3333 66.7741 0.0098 0.0044 0.0033 0.0011 0.0020 -0.0000 0.0087 0.2063 0.2107
1494720000.0000 70050.0000 -0.2690 -0.1460 -0.1411 0.3198 61.5127 0.0124 0.0044 0.0047 -0.0019 0.0043 -0.0003 0.0108 0.2513 0.2447
1494720000.0000 70350.0000 -0.1617 -0.2165 -0.0601 0.2925 36.7508 0.0141 0.0106 0.0075 -0.0001 0.0018 -0.0017 0.0161 0.3743 0.3359
1494720000.0000 70650.0000 -0.0576 -0.2120 -0.0287 0.2789 15.2019 0.0344 0.0117 0.0092 -0.0056 0.0032 0.0011 0.0276 0.6128 0.5642
1494720000.0000 70950.0000 -0.1649 -0.2165 -0.0522 0.3293 37.2822 0.0389 0.0151 0.0078 0.0010 0.0014 0.0014 0.0309 0.5177 0.4929
1494720000.0000 71250.0000 -0.1813 -0.1800 -0.0780 0.3297 45.1959 0.0420 0.0173 0.0056 -0.0080 0.0008 -0.0010 0.0325 0.5510 0.5506
1494720000.0000 71550.0000 -0.1953 -0.1690 -0.0608 0.3537 49.1220 0.0578 0.0232 0.0125 -0.0127 0.0011 0.0032 0.0467 0.6652 0.6362
1494720000.0000 71850.0000 -0.0473 -0.2505 -0.0385 0.3413 10.6840 0.0557 0.0386 0.0111 -0.0316 -0.0007 0.0056 0.0527 0.7272 0.6956
1494720000.0000 72150.0000 -0.1964 -0.1741 -0.1032 0.3151 48.4477 0.0288 0.0213 0.0070 -0.0079 0.0025 0.0011 0.0286 0.4895 0.4925
1494720000.0000 72450.0000 -0.1722 -0.2083 -0.0977 0.3655 39.5749 0.0556 0.0360 0.0155 -0.0096 -0.0052 0.0069 0.0535 0.6575 0.6467
1494720000.0000 72750.0000 -0.2789 -0.1636 -0.1033 0.3567 59.6051 0.0290 0.0142 0.0075 -0.0061 -0.0022 0.0026 0.0254 0.3832 0.3713
1494720000.0000 73050.0000 -0.2485 -0.1756 -0.0980 0.3400 54.7630 0.0278 0.0069 0.0058 -0.0081 0.0064 -0.0012 0.0203 0.3635 0.3533
1494720000.0000 73350.0000 -0.3052 -0.1763 -0.1046 0.4175 59.9890 0.0479 0.0323 0.0155 -0.0093 -0.0012 -0.0034 0.0478 0.4858 0.4638
1494720000.0000 73650.0000 -0.3339 -0.1275 -0.1157 0.3773 69.1000 0.0221 0.0099 0.0108 -0.0017 0.0004 0.0028 0.0214 0.3181 0.2891
1494720000.0000 73950.0000 -0.4006 -0.1261 -0.1172 0.4422 72.5309 0.0233 0.0148 0.0139 -0.0032 -0.0021 0.0029 0.0260 0.3018 0.2681
1494720000.0000 74250.0000 -0.2855 -0.1291 -0.1202 0.3347 65.6708 0.0179 0.0116 0.0066 -0.0021 0.0030 0.0017 0.0181 0.3274 0.3169
1494720000.0000 74550.0000 -0.2847 -0.1847 -0.1258 0.3653 57.0306 0.0205 0.0103 0.0060 -0.0053 -0.0002 0.0022 0.0184 0.3059 0.2984
1494720000.0000 74850.0000 -0.3560 -0.1737 -0.1635 0.4097 63.9943 0.0143 0.0080 0.0076 -0.0020 0.0017 0.0011 0.0149 0.2328 0.2177
1494720000.0000 75150.0000 -0.4169 -0.1294 -0.1484 0.4456 72.7584 0.0079 0.0077 0.0067 -0.0002 0.0011 0.0007 0.0112 0.1872 0.1653
1494720000.0000 75450.0000 -0.2707 -0.1552 -0.0871 0.3248 60.1729 0.0109 0.0058 0.0056 -0.0006 -0.0018 0.0016 0.0111 0.2659 0.2390
1494720000.0000 75750.0000 -0.3005 -0.1617 -0.1397 0.3537 61.7087 0.0093 0.0064 0.0071 -0.0009 0.0006 0.0003 0.0114 0.2365 0.2119
1494720000.0000 76050.0000 -0.3339 -0.1033 -0.1585 0.3645 72.8052 0.0165 0.0079 0.0082 -0.0016 0.0031 0.0038 0.0163 0.2713 0.2577
1494720000.0000 76350.0000 -0.4167 -0.1187 -0.1668 0.4410 74.0924 0.0111 0.0065 0.0088 0.0003 0.0012 0.0025 0.0132 0.2023 0.1770
1494720000.0000 76650.0000 -0.2964 -0.1216 -0.1776 0.3288 67.6973 0.0110 0.0040 0.0047 -0.0006 0.0010 0.0008 0.0098 0.2210 0.2208
1494720000.0000 76950.0000 -0.3460 -0.1493 -0.2003 0.3858 66.6630 0.0084 0.0051 0.0037 -0.0016 0.0023 0.0002 0.0085 0.1769 0.1776
1494720000.0000 77250.0000 -0.2488 -0.1981 -0.1659 0.3337 51.4760 0.0159 0.0038 0.0034 -0.0020 0.0038 -0.0004 0.0115 0.2446 0.2549
1494720000.0000 77550.0000 -0.1667 -0.2316 -0.1397 0.2894 35.7523 0.0040 0.0043 0.0019 0.0017 0.0003 0.0007 0.0051 0.1837 0.1841
1494720000.0000 77850.0000 -0.2943 -0.1760 -0.1904 0.3537 59.1180 0.0145 0.0036 0.0037 -0.0011 0.0043 0.0001 0.0109 0.2174 0.2265
1494720000.0000 78150.0000 -0.2331 -0.2324 -0.1496 0.3518 45.0894 0.0176 0.0077 0.0059 -0.0032 0.0041 -0.0002 0.0156 0.2821 0.2790
1494720000.0000 78450.0000 -0.1653 -0.2787 -0.1258 0.3355 30.6716 0.0080 0.0051 0.0045 0.0004 0.0022 0.0021 0.0088 0.2205 0.2044
1494720000.0000 78750.0000 -0.2048 -0.2572 -0.1171 0.3341 38.5284 0.0030 0.0041 0.0024 -0.0004 0.0005 0.0002 0.0048 0.1616 0.1479
1494720000.0000 79050.0000 -0.1452 -0.3316 -0.1526 0.3676 23.6442 0.0033 0.0034 0.0020 -0.0008 -0.0004 0.0005 0.0044 0.1375 0.1309
1494720000.0000 79350.0000 -0.1752 -0.2822 -0.1423 0.3379 31.8304 0.0041 0.0031 0.0037 -0.0003 -0.0008 0.0017 0.0055 0.1673 0.1477
1494720000.0000 79650.0000 -0.1624 -0.2696 -0.1563 0.3186 31.0578 0.0016 0.0038 0.0014 -0.0004 -0.0004 0.0013 0.0034 0.1352 0.1348
1494720000.0000 79950.0000 -0.1792 -0.1747 -0.1286 0.2582 45.7365 0.0035 0.0026 0.0011 -0.0012 0.0003 0.0001 0.0036 0.1732 0.1798
1494720000.0000 80250.0000 -0.3176 -0.1903 -0.1925 0.3779 59.0731 0.0151 0.0037 0.0039 0.0012 0.0040 0.0011 0.0114 0.2088 0.2141
1494720000.0000 80550.0000 -0.2471 -0.2358 -0.1589 0.3556 46.3389 0.0097 0.0058 0.0039 -0.0019 0.0008 0.0001 0.0097 0.2133 0.2106
1494720000.0000 80850.0000 -0.2340 -0.2639 -0.1347 0.3605 41.5672 0.0063 0.0033 0.0036 -0.0006 0.0011 0.0002 0.0066 0.1758 0.1603
1494720000.0000 81150.0000 -0.1394 -0.2846 -0.1463 0.3195 26.0954 0.0015 0.0021 0.0022 -0.0000 0.0000 0.0004 0.0029 0.1252 0.1082
1494720000.0000 81450.0000 -0.1457 -0.3719 -0.0983 0.4042 21.3892 0.0025 0.0057 0.0053 -0.0008 -0.0008 0.0022 0.0068 0.1631 0.1307
1494720000.0000 81750.0000 -0.1487 -0.3132 -0.1497 0.3499 25.3950 0.0015 0.0029 0.0021 -0.0007 -0.0005 0.0005 0.0033 0.1238 0.1107
1494720000.0000 82050.0000 -0.1446 -0.4020 -0.1268 0.4323 19.7831 0.0033 0.0070 0.0031 -0.0007 -0.0000 0.0019 0.0067 0.1497 0.1368
1494720000.0000 82350.0000 -0.1820 -0.2633 -0.1130 0.3243 34.6533 0.0024 0.0029 0.0024 -0.0002 0.0006 -0.0005 0.0039 0.1501 0.1322
1494720000.0000 82650.0000 -0.1657 -0.3163 -0.1525 0.3605 27.6440 0.0019 0.0025 0.0014 -0.0005 -0.0003 0.0009 0.0029 0.1135 0.1078
1494720000.0000 82950.0000 -0.1658 -0.3171 -0.1161 0.3665 27.6058 0.0056 0.0045 0.0042 -0.0011 -0.0002 0.0005 0.0071 0.1832 0.1620
1494720000.0000 83250.0000 -0.1775 -0.3457 -0.1643 0.3918 27.1745 0.0025 0.0028 0.0010 0.0001 -0.0003 0.0001 0.0031 0.1084 0.1078
1494720000.0000 83550.0000 -0.1985 -0.2777 -0.1193 0.3546 35.5599 0.0081 0.0059 0.0046 -0.0024 0.0018 0.0009 0.0093 0.2179 0.1999
1494720000.0000 83850.0000 -0.1631 -0.3142 -0.0890 0.3591 27.4273 0.0037 0.0051 0.0050 0.0004 0.0013 0.0007 0.0069 0.1860 0.1535
1494720000.0000 84150.0000 -0.1539 -0.3708 -0.0980 0.4044 22.5376 0.0023 0.0038 0.0049 0.0001 -0.0009 0.0002 0.0055 0.1461 0.1121
1494720000.0000 84450.0000 -0.1633 -0.3804 -0.1278 0.4164 23.2385 0.0017 0.0042 0.0027 0.0002 0.0001 0.0004 0.0044 0.1243 0.1077
1494720000.0000 84750.0000 -0.1398 -0.3605 -0.1371 0.3901 21.2022 0.0019 0.0042 0.0031 -0.0005 -0.0005 0.0024 0.0046 0.1349 0.1169
1494720000.0000 85050.0000 -0.1560 -0.3530 -0.0785 0.3899 23.8369 0.0029 0.0027 0.0037 -0.0003 0.0003 0.0005 0.0046 0.1412 0.1115
1494720000.0000 85350.0000 -0.1434 -0.3541 -0.1312 0.3864 22.0431 0.0023 0.0070 0.0038 -0.0002 0.0004 0.0011 0.0066 0.1638 0.1458
1494720000.0000 85650.0000 -0.1381 -0.3625 -0.0995 0.3927 20.8594 0.0025 0.0051 0.0026 -0.0009 -0.0004 0.0014 0.0051 0.1451 0.1296
1494720000.0000 85950.0000 -0.1554 -0.3690 -0.1385 0.4054 22.8345 0.0025 0.0045 0.0029 -0.0015 0.0000 0.0003 0.0050 0.1360 0.1211
1494720000.0000 86250.0000 -0.2083 -0.3564 -0.1359 0.4164 30.3009 0.0021 0.0043 0.0031 0.0001 0.0008 0.0011 0.0047 0.1290 0.1116
1494806400.0000 86550.0000 -0.1249 -0.3319 -0.1224 0.3737 20.6306 0.0042 0.0164 0.0050 -0.0036 -0.0018 0.0057 0.0128 0.2464 0.2336
1494806400.0000 86850.0000 -0.1664 -0.2495 -0.1159 0.3034 33.7094 0.0026 0.0047 0.0015 0.0011 -0.0000 0.0009 0.0044 0.1684 0.1643
1494806400.0000 87150.0000 -0.1128 -0.2397 -0.0674 0.2704 25.1942 0.0031 0.0038 0.0025 0.0009 -0.0002 0.0004 0.0047 0.2054 0.1822
1494806400.0000 87450.0000 -0.1434 -0.2240 -0.1029 0.2779 32.6211 0.0044 0.0101 0.0038 -0.0006 0.0001 0.0024 0.0092 0.2743 0.2617
1494806400.0000 87750.0000 -0.1531 -0.3522 -0.1130 0.3886 23.4908 0.0034 0.0077 0.0030 0.0008 -0.0000 0.0011 0.0070 0.1711 0.1584
1494806400.0000 88050.0000 -0.1688 -0.3794 -0.1483 0.4219 23.9773 0.0024 0.0110 0.0021 -0.0020 -0.0004 0.0021 0.0077 0.1626 0.1604
1494806400.0000 88350.0000 -0.1812 -0.3300 -0.1051 0.3902 28.7735 0.0087 0.0066 0.0046 -0.0025 -0.0003 0.0007 0.0100 0.2088 0.1899
1494806400.0000 88650.0000 -0.2077 -0.2366 -0.1511 0.3227 41.2690 0.0049 0.0032 0.0022 -0.0012 0.0008 0.0002 0.0051 0.1674 0.1649
1494806400.0000 88950.0000 -0.2763 -0.1691 -0.1728 0.3360 58.5356 0.0080 0.0057 0.0037 -0.0016 0.0026 0.0004 0.0087 0.2076 0.2087
1494806400.0000 89250.0000 -0.1379 -0.2280 -0.0772 0.2935 31.1642 0.0106 0.0157 0.0050 0.0005 0.0004 0.0044 0.0156 0.3681 0.3513
1494806400.0000 89550.0000 -0.2673 -0.1545 -0.1375 0.3275 59.9703 0.0150 0.0076 0.0058 -0.0027 0.0045 -0.0002 0.0142 0.2879 0.2810
1494806400.0000 89850.0000 -0.1494 -0.2838 -0.0728 0.3314 27.7634 0.0053 0.0055 0.0049 -0.0014 0.0017 -0.0006 0.0079 0.2200 0.1868
1494806400.0000 90150.0000 -0.2824 -0.2289 -0.1574 0.3943 50.9816 0.0197 0.0148 0.0066 -0.0073 0.0036 -0.0006 0.0205 0.2954 0.2951
1494806400.0000 90450.0000 -0.4308 -0.0986 -0.1440 0.4678 77.1096 0.0292 0.0150 0.0079 -0.0142 -0.0029 0.0050 0.0260 0.2834 0.2746
1494806400.0000 90750.0000 -0.4046 -0.0747 -0.1048 0.4267 79.5407 0.0089 0.0112 0.0074 -0.0035 -0.0005 0.0028 0.0137 0.2254 0.1990
1494806400.0000 91050.0000 -0.4587 -0.0461 -0.1306 0.4704 84.2614 0.0058 0.0088 0.0084 0.0003 0.0017 0.0041 0.0115 0.1828 0.1515
1494806400.0000 91350.0000 -0.4523 -0.0303 -0.0901 0.4605 86.1619 0.0045 0.0066 0.0039 0.0005 0.0006 0.0016 0.0075 0.1531 0.1344
1494806400.0000 91650.0000 -0.4695 -0.0830 -0.1243 0.4846 79.9696 0.0074 0.0075 0.0055 0.0001 -0.0001 0.0033 0.0102 0.1674 0.1481
1494806400.0000 91950.0000 -0.4241 -0.1342 -0.1607 0.4581 72.4429 0.0137 0.0084 0.0045 -0.0048 0.0008 0.0014 0.0133 0.1988 0.1927
1494806400.0000 92250.0000 -0.4216 -0.0283 -0.1338 0.4298 86.1603 0.0093 0.0062 0.0053 -0.0006 0.0011 0.0025 0.0104 0.1879 0.1700
1494806400.0000 92550.0000 -0.2812 -0.1124 -0.1131 0.3120 68.2113 0.0085 0.0047 0.0057 -0.0003 0.0023 0.0001 0.0095 0.2459 0.2194
1494806400.0000 92850.0000 -0.2158 -0.1483 -0.0919 0.2687 55.5022 0.0033 0.0039 0.0030 -0.0001 0.0009 0.0006 0.0051 0.2106 0.1873
1494806400.0000 93150.0000 -0.3270 -0.1643 -0.1507 0.3854 63.3245 0.0262 0.0094 0.0138 -0.0032 0.0086 -0.0013 0.0247 0.3243 0.2977
1494806400.0000 93450.0000 -0.4664 -0.1018 -0.1643 0.5037 77.6879 0.0205 0.0288 0.0317 -0.0000 0.0074 0.0100 0.0405 0.3254 0.2684
1494806400.0000 93750.0000 -0.3997 -0.0658 -0.1331 0.4207 80.6573 0.0163 0.0118 0.0167 -0.0016 0.0060 0.0015 0.0224 0.2867 0.2389
1494806400.0000 94050.0000 -0.4050 -0.0880 -0.1499 0.4363 77.7366 0.0184 0.0164 0.0155 -0.0018 0.0060 0.0018 0.0251 0.2937 0.2599
1494806400.0000 94350.0000 -0.5544 -0.0885 -0.1994 0.6357 80.9281 0.1127 0.0789 0.0701 -0.0321 0.0363 0.0116 0.1309 0.4958 0.4501
1494806400.0000 94650.0000 -0.5174 -0.0304 -0.1088 0.5692 86.6365 0.0735 0.0539 0.0563 -0.0185 0.0100 0.0034 0.0918 0.4672 0.3976
1494806400.0000 94950.0000 -0.4711 -0.0091 -0.1288 0.5079 88.8947 0.0450 0.0329 0.0423 -0.0084 0.0130 0.0043 0.0601 0.4097 0.3419
1494806400.0000 95250.0000 -0.5209 0.0150 -0.1166 0.5592 91.6529 0.0470 0.0441 0.0394 -0.0145 0.0066 0.0023 0.0652 0.3905 0.3343
1494806400.0000 95550.0000 -0.5043 -0.0182 -0.1427 0.5299 87.9311 0.0646 0.0270 0.0360 -0.0120 0.0201 0.0048 0.0638 0.3933 0.3463
1494806400.0000 95850.0000 -0.5392 -0.0055 -0.1218 0.5619 89.4183 0.0562 0.0256 0.0293 -0.0154 0.0048 0.0035 0.0555 0.3480 0.3061
1494806400.0000 96150.0000 -0.4970 -0.0293 -0.1173 0.5344 86.6284 0.0461 0.0387 0.0340 -0.0139 0.0085 0.0019 0.0594 0.3890 0.3376
1494806400.0000 96450.0000 -0.3600 -0.1300 -0.1134 0.4771 70.1420 0.0890 0.0545 0.0353 -0.0263 0.0178 0.0057 0.0894 0.6116 0.5714
1494806400.0000 96750.0000 -0.4350 -0.0720 -0.1264 0.4820 80.6073 0.0743 0.0282 0.0259 -0.0217 0.0179 -0.0044 0.0642 0.4512 0.4193
1494806400.0000 97050.0000 -0.5019 -0.0673 -0.0999 0.5663 82.3587 0.0935 0.0593 0.0537 -0.0185 0.0021 0.0086 0.1033 0.5083 0.4457
1494806400.0000 97350.0000 -0.4171 -0.0166 -0.0973 0.4875 87.7194 0.0880 0.0537 0.0417 -0.0270 0.0119 -0.0021 0.0917 0.5769 0.5207
1494806400.0000 97650.0000 -0.5741 0.0024 -0.1018 0.6470 90.2406 0.1429 0.0838 0.0473 -0.0509 0.0027 0.0235 0.1370 0.5183 0.4788
1494806400.0000 97950.0000 -0.2034 0.1002 -0.0114 0.4943 116.2367 0.0870 0.2292 0.0484 -0.0654 0.0068 0.0090 0.1823 1.5358 1.4319
1494806400.0000 98250.0000 -0.2071 0.2444 0.0087 0.5237 139.7144 0.1120 0.1586 0.0350 -0.0005 0.0172 0.0380 0.1528 0.9960 0.9375
1494806400.0000 98550.0000 -0.2857 0.1105 0.0176 0.5818 111.1498 0.1757 0.1499 0.0400 -0.0394 0.0145 0.0289 0.1828 1.1374 1.0752
1494806400.0000 98850.0000 0.2648 0.0552 -0.0692 0.6824 258.2249 0.2475 0.3535 0.0830 -0.0950 -0.0156 0.0633 0.3420 1.7105 1.6549
1494806400.0000 99150.0000 -0.0777 0.2633 0.0812 0.5018 163.5501 0.0796 0.1928 0.0337 0.0035 0.0094 0.0472 0.1531 1.1160 1.0979
1494806400.0000 99450.0000 -0.0782 0.0693 0.0305 0.5467 131.5233 0.1702 0.1932 0.0273 -0.0622 0.0092 0.0231 0.1954 3.3158 3.3316
1494806400.0000 99750.0000 -0.0028 0.0756 -0.0088 0.4438 177.8720 0.1783 0.0655 0.0336 -0.0003 0.0218 -0.0012 0.1387 3.9919 3.7672
1494806400.0000 100050.0000 -0.0897 0.4094 0.0588 0.5786 167.6489 0.1038 0.1548 0.0329 0.0474 0.0194 0.0402 0.1458 0.7365 0.7005
1494806400.0000 100350.0000 -0.2233 0.3952 0.1061 0.5753 150.5283 0.0951 0.2052 0.0602 -0.0380 -0.0041 0.0561 0.1803 0.7436 0.6970
1494806400.0000 100650.0000 -0.1643 0.1873 0.0699 0.4570 138.7451 0.1067 0.1050 0.0190 -0.0259 0.0090 0.0116 0.1154 1.0719 1.0664
1494806400.0000 100950.0000 0.1655 0.1829 0.0967 0.4480 222.1266 0.1101 0.1221 0.0227 0.0209 0.0183 0.0077 0.1275 1.1002 1.1280
1494806400.0000 101250.0000 -0.1990 0.0458 0.0054 0.4849 102.9499 0.1484 0.1038 0.0240 -0.0273 0.0180 0.0182 0.1381 1.4850 1.4196
1494806400.0000 101550.0000 0.0823 0.2569 0.0695 0.6874 197.7554 0.3293 0.2364 0.0707 -0.0770 -0.0295 0.0415 0.3182 1.6535 1.6098
1494806400.0000 101850.0000 0.0699 0.4006 0.0588 0.5924 189.9023 0.1182 0.2134 0.0745 0.0195 0.0248 0.0408 0.2031 0.8954 0.8176
1494806400.0000 102150.0000 0.0055 0.3928 -0.0088 0.9216 180.8029 0.5938 0.3596 0.1395 -0.0604 0.0088 0.0764 0.5464 1.5361 1.4351
1494806400.0000 102450.0000 0.2899 0.4560 0.0336 0.9312 212.4476 0.3746 0.4502 0.1454 -0.1748 0.0009 0.0483 0.4851 1.0504 0.9703
1494806400.0000 102750.0000 0.2076 0.3369 -0.0107 0.5712 211.6368 0.2335 0.1338 0.0668 0.0172 -0.0099 -0.0053 0.2171 0.9609 0.8841
1494806400.0000 103050.0000 0.0344 0.0823 -0.0215 0.4425 202.7222 0.1556 0.1168 0.0418 0.0239 0.0302 0.0286 0.1571 3.5279 3.3790
1494806400.0000 103350.0000 0.3821 0.2558 0.0044 0.6703 236.1942 0.1810 0.1792 0.1118 -0.0453 -0.0123 0.0279 0.2360 0.8626 0.7536
1494806400.0000 103650.0000 0.0006 0.1835 0.0703 0.2660 180.1731 0.0347 0.0362 0.0103 0.0100 0.0050 0.0082 0.0406 0.8368 0.8374
1494806400.0000 103950.0000 0.0777 0.1443 0.0068 0.4478 208.3070 0.1083 0.1812 0.0460 0.0321 0.0071 -0.0171 0.1678 2.0391 1.8957
1494806400.0000 104250.0000 0.3577 0.1914 0.0533 0.6946 241.8516 0.2477 0.2658 0.0927 -0.0003 -0.0072 0.0408 0.3031 1.0986 1.0198
1494806400.0000 104550.0000 0.1937 0.2068 -0.0002 0.5166 223.1237 0.1736 0.1290 0.0662 -0.0012 -0.0352 0.0209 0.1844 1.2371 1.1206
1494806400.0000 104850.0000 0.2055 0.5144 0.0968 0.7183 201.7787 0.1464 0.2058 0.0656 -0.0093 -0.0075 0.0256 0.2089 0.6636 0.6185
1494806400.0000 105150.0000 0.1514 0.4499 0.0286 0.6832 198.6046 0.1428 0.2385 0.0798 -0.0328 -0.0236 0.0489 0.2305 0.8243 0.7510
1494806400.0000 105450.0000 0.1476 0.3328 0.0306 0.6362 203.9131 0.1665 0.2659 0.0668 0.0331 -0.0087 0.0213 0.2496 1.1164 1.0427
1494806400.0000 105750.0000 0.2329 0.1699 0.1139 0.5371 233.8839 0.1646 0.1450 0.0351 0.0556 -0.0052 0.0155 0.1724 1.0937 1.1145
1494806400.0000 106050.0000 0.1007 0.3475 0.0580 0.5921 196.1593 0.1568 0.2512 0.0469 -0.0234 -0.0006 0.0194 0.2274 1.0626 1.0192
1494806400.0000 106350.0000 0.1036 0.4110 0.1240 0.8006 194.1408 0.3061 0.4664 0.0508 -0.0424 0.0150 0.0665 0.4117 1.1862 1.1972
1494806400.0000 106650.0000 0.0153 0.5353 0.0488 0.8860 181.6388 0.3277 0.7285 0.1106 -0.0859 -0.0066 0.0549 0.5834 1.1597 1.1079
1494806400.0000 106950.0000 -0.0135 0.6826 0.2007 0.8789 178.8642 0.2347 0.4890 0.0637 -0.1815 -0.0229 0.0996 0.3937 0.7200 0.7194
1494806400.0000 107250.0000 -0.0252 0.8317 0.1928 1.0693 178.2658 0.3443 0.3855 0.0771 -0.0836 -0.0139 0.0587 0.4034 0.6072 0.5928
1494806400.0000 107550.0000 0.3458 0.3991 0.0832 0.8120 220.9058 0.2144 0.3893 0.0603 -0.0430 -0.0185 0.0259 0.3320 0.8800 0.8494
1494806400.0000 107850.0000 0.2487 0.6447 0.1069 0.9192 201.0920 0.1832 0.3551 0.0874 -0.0931 -0.0335 0.0707 0.3129 0.6532 0.6130
1494806400.0000 108150.0000 -0.1061 0.2819 0.0395 0.8336 159.3832 0.6371 0.3470 0.1527 -0.0432 0.0906 0.0362 0.5684 2.0263 1.9014
1494806400.0000 108450.0000 0.0777 0.7344 0.2026 0.9166 186.0364 0.1934 0.3596 0.0645 -0.1070 -0.0237 0.0730 0.3087 0.5924 0.5813
1494806400.0000 108750.0000 -0.2400 0.8911 0.2015 1.0464 164.9258 0.1918 0.4805 0.1357 -0.0287 0.0282 0.0822 0.4040 0.5494 0.5129
1494806400.0000 109050.0000 -0.1092 0.7464 0.1495 1.0183 171.6739 0.3205 0.4725 0.1436 -0.2145 -0.0229 0.0780 0.4683 0.7266 0.6816
1494806400.0000 109350.0000 -0.0902 0.5519 0.1494 0.7444 170.7174 0.1844 0.1947 0.0486 -0.0411 0.0092 0.0075 0.2138 0.6522 0.6355
1494806400.0000 109650.0000 0.1964 0.7228 0.1535 0.9397 195.1991 0.3136 0.2935 0.0874 0.0228 0.0123 0.0133 0.3473 0.6293 0.6006
1494806400.0000 109950.0000 0.1926 0.3465 0.0187 0.8139 209.0706 0.4292 0.3553 0.1643 -0.1817 -0.0557 0.1183 0.4744 1.4170 1.2899
1494806400.0000 110250.0000 -0.1303 0.8729 0.2667 0.9804 171.5078 0.1798 0.2361 0.0688 -0.0478 -0.0220 0.0435 0.2424 0.4360 0.4219
1494806400.0000 110550.0000 -0.0271 0.6075 0.1183 0.7848 177.4478 0.2111 0.2418 0.0678 -0.0644 0.0165 0.0339 0.2604 0.6725 0.6390
1494806400.0000 110850.0000 0.0441 0.5568 0.1248 0.7665 184.5335 0.2904 0.1781 0.0751 -0.0968 0.0312 -0.0190 0.2718 0.7438 0.7075
1494806400.0000 111150.0000 0.1385 0.2022 0.0484 0.5005 214.4141 0.1029 0.1714 0.0271 -0.0216 0.0011 0.0335 0.1507 1.2689 1.2339
1494806400.0000 111450.0000 0.0751 0.0692 0.0430 0.5083 227.3468 0.1155 0.2045 0.0214 -0.0673 -0.0111 0.0425 0.1707 3.0452 3.1992
1494806400.0000 111750.0000 -0.2211 0.7347 0.1762 0.8923 163.2499 0.1934 0.3748 0.0668 -0.0665 -0.0233 0.0199 0.3175 0.5844 0.5672
1494806400.0000 112050.0000 0.0827 0.2816 0.0731 0.4275 196.3675 0.0718 0.0920 0.0151 -0.0111 0.0016 0.0131 0.0895 0.8074 0.7962
1494806400.0000 112350.0000 0.2015 0.2226 0.1083 0.4147 222.1532 0.0506 0.1301 0.0169 -0.0201 0.0028 0.0163 0.0988 0.8042 0.8174
1494806400.0000 112650.0000 -0.2022 0.6390 0.1217 0.8486 162.4387 0.2533 0.2535 0.1086 -0.0537 -0.0082 0.0299 0.3077 0.6649 0.6133
1494806400.0000 112950.0000 -0.1048 0.7093 0.1635 0.8026 171.5935 0.0994 0.2390 0.0517 -0.0259 -0.0094 0.0379 0.1951 0.4903 0.4684
1494806400.0000 113250.0000 0.0227 0.5933 0.1543 0.8697 182.1884 0.3769 0.3949 0.0885 -0.1824 0.0097 0.0475 0.4301 0.8729 0.8543
1494806400.0000 113550.0000 0.0780 0.6651 0.2209 0.9348 186.6872 0.2604 0.3453 0.0796 -0.1585 -0.0094 0.0440 0.3427 0.6778 0.6710
1494806400.0000 113850.0000 0.1921 0.3499 0.1398 0.5651 208.7642 0.1082 0.1889 0.0369 -0.0589 0.0025 0.0097 0.1670 0.7888 0.7883
1494806400.0000 114150.0000 0.3106 0.1346 0.0465 0.5210 246.5720 0.1331 0.1291 0.0465 -0.0342 -0.0163 0.0251 0.1543 0.9387 0.8731
1494806400.0000 114450.0000 0.2148 0.2626 0.0292 0.5566 219.2782 0.2200 0.0611 0.0375 -0.0378 0.0011 0.0029 0.1593 0.9573 0.9025
1494806400.0000 114750.0000 0.0494 0.3615 0.0510 0.7691 187.7843 0.3451 0.2994 0.0799 -0.1727 -0.0085 0.0457 0.3622 1.3338 1.2703
1494806400.0000 115050.0000 0.0851 0.3466 0.1137 0.5535 193.7905 0.1110 0.2195 0.0389 0.0228 0.0040 0.0496 0.1847 0.9369 0.9301
1494806400.0000 115350.0000 0.0496 0.2002 0.0867 0.4509 193.9095 0.1440 0.0894 0.0242 0.0313 0.0127 0.0164 0.1288 1.3100 1.3528
1494806400.0000 115650.0000 0.0478 0.1390 0.0862 0.3839 198.9600 0.0438 0.1293 0.0167 0.0098 0.0004 0.0233 0.0949 1.4762 1.6341
1494806400.0000 115950.0000 0.0687 0.1996 0.0628 0.3769 198.9991 0.0618 0.0720 0.0170 -0.0104 0.0099 0.0090 0.0754 1.0181 1.0003
1494806400.0000 116250.0000 0.0879 0.0838 0.0560 0.2831 226.3728 0.0339 0.0534 0.0136 -0.0098 0.0017 0.0069 0.0504 1.3708 1.4046
1494806400.0000 116550.0000 0.2530 0.0346 0.0705 0.4049 262.2168 0.0568 0.0902 0.0095 -0.0022 0.0005 0.0090 0.0782 0.8622 0.8670
1494806400.0000 116850.0000 0.1690 0.2400 0.0512 0.5520 215.1479 0.1544 0.1774 0.0314 -0.0643 -0.0030 0.0235 0.1816 1.1676 1.1328
1494806400.0000 117150.0000 0.1717 0.3390 0.1299 0.4623 206.8629 0.0590 0.0777 0.0115 -0.0152 -0.0012 0.0047 0.0741 0.5534 0.5618
1494806400.0000 117450.0000 0.1090 0.4650 0.1178 0.6012 193.1872 0.0962 0.1322 0.0249 -0.0485 -0.0073 0.0084 0.1267 0.5907 0.5778
1494806400.0000 117750.0000 0.3172 0.0873 0.0791 0.4204 254.6030 0.0486 0.0620 0.0158 -0.0063 0.0050 0.0092 0.0632 0.6064 0.5835
1494806400.0000 118050.0000 0.2049 0.5205 0.1111 0.7534 201.4901 0.1636 0.1826 0.0390 -0.0289 0.0178 0.0303 0.1926 0.6284 0.6074
1494806400.0000 118350.0000 0.2415 0.3951 0.0912 0.8525 211.4313 0.4417 0.3284 0.1172 -0.2029 -0.0053 0.0400 0.4437 1.1523 1.0941
1494806400.0000 118650.0000 -0.1084 0.8025 -0.0029 1.0427 172.3078 0.3254 0.3994 0.1671 -0.0679 0.0336 0.0869 0.4460 0.6734 0.6070
1494806400.0000 118950.0000 0.0749 0.7445 0.1350 0.9189 185.7418 0.2431 0.2854 0.0895 -0.1265 -0.0554 0.0432 0.3090 0.5969 0.5609
1494806400.0000 119250.0000 -0.0210 0.4203 0.0644 0.7611 177.1366 0.2738 0.3146 0.0971 -0.1495 -0.0055 0.0260 0.3428 1.1228 1.0524
1494806400.0000 119550.0000 -0.0726 0.7977 0.1023 0.9609 174.8027 0.1595 0.3735 0.0914 -0.0329 -0.0083 0.0332 0.3122 0.5650 0.5262
1494806400.0000 119850.0000 -0.1514 0.9762 0.2583 1.1124 171.1836 0.2803 0.2583 0.0593 -0.1272 0.0050 0.0365 0.2989 0.4372 0.4289
1494806400.0000 120150.0000 0.2310 0.5694 0.1551 0.9464 202.0811 0.3709 0.4325 0.1063 -0.1908 -0.0188 0.0263 0.4549 0.8689 0.8422
1494806400.0000 120450.0000 0.1947 0.4349 0.1226 0.8023 204.1206 0.2384 0.3779 0.0693 -0.1477 -0.0307 0.0514 0.3428 0.9716 0.9512
1494806400.0000 120750.0000 0.4873 0.0538 0.0570 0.8847 263.7021 0.4320 0.4644 0.0993 -0.2666 -0.0750 0.0889 0.4979 1.1673 1.1150
1494806400.0000 121050.0000 0.1923 0.5905 0.1082 0.9741 198.0349 0.5163 0.2871 0.0948 -0.1071 -0.0525 0.0324 0.4491 0.8680 0.8332
1494806400.0000 121350.0000 0.1781 0.5315 0.1526 0.7553 198.5206 0.2113 0.2239 0.0577 -0.0779 0.0038 0.0217 0.2465 0.6978 0.6795
1494806400.0000 121650.0000 -0.0669 0.6306 0.0855 1.0771 173.9460 0.5562 0.4853 0.1376 -0.1845 -0.0866 0.1294 0.5896 0.9798 0.9291
1494806400.0000 121950.0000 -0.0109 0.3834 0.0425 0.9027 178.3656 0.3939 0.5220 0.1466 -0.2393 -0.0099 0.1395 0.5312 1.5421 1.4405
1494806400.0000 122250.0000 0.1915 0.3650 0.1228 0.5683 207.6840 0.1020 0.1557 0.0341 -0.0507 -0.0109 0.0184 0.1459 0.7250 0.7109
1494806400.0000 122550.0000 0.0930 0.5593 0.1481 0.6802 189.4380 0.1285 0.0889 0.0312 -0.0420 0.0109 -0.0027 0.1243 0.4912 0.4747
1494806400.0000 122850.0000 0.3676 0.2461 0.1202 0.5494 236.2009 0.0964 0.0786 0.0117 -0.0387 -0.0032 0.0037 0.0934 0.5443 0.5460
1494806400.0000 123150.0000 0.1501 0.5498 0.2042 0.7372 195.2674 0.1625 0.2256 0.0286 -0.0114 0.0045 0.0233 0.2084 0.6157 0.6312
1494806400.0000 123450.0000 0.1538 0.6065 0.1255 0.8999 194.2314 0.2730 0.3419 0.0682 -0.2240 -0.0331 0.0558 0.3416 0.7477 0.7236
1494806400.0000 123750.0000 0.2664 0.0554 0.0728 0.4151 258.2461 0.0321 0.1188 0.0225 -0.0071 -0.0047 0.0134 0.0867 0.8534 0.8241
1494806400.0000 124050.0000 0.0400 0.4819 0.1432 0.6243 184.7460 0.1303 0.1498 0.0187 -0.0876 -0.0111 0.0120 0.1494 0.6258 0.6319
1494806400.0000 124350.0000 0.3590 0.1225 0.0910 0.6116 251.1625 0.1937 0.1677 0.0571 -0.0341 -0.0001 0.0340 0.2092 0.9574 0.9150
1494806400.0000 124650.0000 -0.0042 1.0360 0.1655 1.2206 179.7683 0.3540 0.6633 0.1400 -0.1119 0.0009 0.0667 0.5786 0.5920 0.5621
1494806400.0000 124950.0000 0.0168 0.4309 0.1173 0.6973 182.2362 0.1964 0.2460 0.0492 -0.0451 -0.0137 0.0209 0.2458 0.9058 0.8905
1494806400.0000 125250.0000 0.1445 0.3812 0.1739 0.6433 200.7526 0.1856 0.2854 0.0445 -0.0949 -0.0181 0.0331 0.2578 0.9353 0.9719
1494806400.0000 125550.0000 0.3628 0.1406 0.1160 0.4944 248.8155 0.0695 0.1047 0.0243 -0.0082 -0.0076 0.0245 0.0993 0.6336 0.6194
1494806400.0000 125850.0000 0.3164 0.3166 0.1141 0.5873 224.9792 0.1280 0.1033 0.0332 -0.0244 -0.0210 0.0128 0.1323 0.6429 0.6204
1494806400.0000 126150.0000 0.2025 0.2766 0.0776 0.5893 216.2034 0.1469 0.1867 0.0619 0.0181 -0.0199 0.0307 0.1978 1.0333 0.9730
1494806400.0000 126450.0000 0.1678 0.1814 -0.0161 0.6481 222.7760 0.1628 0.2845 0.0636 -0.0223 0.0112 0.0383 0.2554 1.6664 1.5626
1494806400.0000 126750.0000 0.1215 0.3790 0.0905 0.5783 197.7662 0.1025 0.1700 0.0350 -0.0251 0.0053 0.0397 0.1537 0.7842 0.7571
1494806400.0000 127050.0000 -0.2510 0.4401 0.1570 0.7366 150.3032 0.2723 0.2452 0.0664 -0.0584 0.0151 0.0237 0.2919 0.8318 0.8198
1494806400.0000 127350.0000 -0.2966 0.5155 0.0675 0.7927 150.0821 0.2710 0.1545 0.0490 -0.0394 0.0203 0.0156 0.2373 0.6645 0.6333
1494806400.0000 127650.0000 -0.3326 0.4302 -0.0348 1.3712 142.2908 1.4993 0.5808 0.2146 -0.5850 0.1786 -0.0428 1.1473 1.6051 1.5313
1494806400.0000 127950.0000 0.6606 0.2775 0.1561 0.8439 247.2138 0.1831 0.2252 0.0735 0.0112 -0.0338 -0.0048 0.2409 0.5465 0.5149
1494806400.0000 128250.0000 -0.0767 1.0708 0.2122 1.1688 175.9032 0.2141 0.4091 0.0759 -0.1196 -0.0517 0.0851 0.3495 0.4411 0.4245
1494806400.0000 128550.0000 0.0477 0.3174 0.0700 0.7400 188.5469 0.3486 0.1884 0.0516 -0.1596 -0.0044 0.0177 0.2943 1.3485 1.3183
1494806400.0000 128850.0000 -0.5687 0.4108 -0.0164 1.0062 125.8463 0.5987 0.3781 0.1729 0.1549 0.2127 0.1348 0.5749 0.8822 0.8134
1494806400.0000 129150.0000 -0.0439 0.3830 0.0960 0.5615 173.4654 0.1263 0.1947 0.0392 -0.0940 -0.0113 0.0201 0.1800 0.8721 0.8484
1494806400.0000 129450.0000 -0.1533 0.7746 0.2098 0.9488 168.8077 0.2806 0.4857 0.0468 -0.2647 -0.0406 0.0807 0.4066 0.6372 0.6401
1494806400.0000 129750.0000 -0.0308 0.2863 -0.0751 0.5855 173.8654 0.1987 0.1979 0.0764 0.0342 0.0659 0.0515 0.2365 1.3343 1.2626
1494806400.0000 130050.0000 0.0641 0.3314 0.0350 0.7224 190.9394 0.2474 0.3211 0.0927 -0.0481 -0.0075 0.0575 0.3306 1.3834 1.2897
1494806400.0000 130350.0000 -0.2558 0.6387 0.1187 0.8368 158.1756 0.2444 0.2389 0.0449 -0.1197 -0.0260 0.0301 0.2641 0.6010 0.5834
1494806400.0000 130650.0000 -0.1123 0.3692 0.0376 0.5468 163.0752 0.0955 0.1251 0.0360 -0.0095 0.0070 0.0167 0.1283 0.7543 0.7028
1494806400.0000 130950.0000 -0.0292 0.6626 0.1483 0.7335 177.4749 0.0853 0.1046 0.0249 -0.0192 -0.0000 0.0133 0.1074 0.3937 0.3793
1494806400.0000 131250.0000 -0.0251 0.3595 0.1314 0.6644 176.0072 0.1975 0.2179 0.0334 -0.0684 0.0002 0.0212 0.2244 1.0084 1.0326
1494806400.0000 131550.0000 -0.3939 0.6238 0.1478 0.8651 147.7270 0.1552 0.2661 0.0633 -0.1092 -0.0017 0.0537 0.2423 0.5342 0.5080
1494806400.0000 131850.0000 -0.2384 0.2747 0.0593 0.5782 139.0473 0.2574 0.1048 0.0594 -0.0411 0.0075 0.0023 0.2108 1.0173 0.9553
1494806400.0000 132150.0000 0.0402 0.2427 0.1175 0.4504 189.4022 0.1376 0.0942 0.0244 0.0024 0.0070 -0.0045 0.1281 1.0718 1.1298
1494806400.0000 132450.0000 0.0910 0.3602 0.0754 0.4839 194.1839 0.0930 0.0580 0.0406 -0.0102 0.0118 0.0096 0.0958 0.6666 0.6038
1494806400.0000 132750.0000 0.2354 0.1393 0.0628 0.3798 239.3838 0.0440 0.0636 0.0179 0.0211 0.0016 0.0118 0.0628 0.7290 0.6927
1494806400.0000 133050.0000 0.0696 0.2872 0.0929 0.5166 193.6201 0.0957 0.2273 0.0268 -0.0761 -0.0038 0.0127 0.1749 1.1024 1.1105
1494806400.0000 133350.0000 -0.2796 0.7643 0.1270 0.9471 159.9084 0.3016 0.2823 0.0641 -0.1730 -0.0197 0.0637 0.3240 0.5643 0.5421
1494806400.0000 133650.0000 0.0144 0.5239 0.0906 0.6781 181.5769 0.1605 0.1510 0.0423 -0.0837 -0.0176 0.0373 0.1769 0.6457 0.6148
1494806400.0000 133950.0000 0.0752 0.1885 -0.0459 0.4927 201.7580 0.1639 0.1153 0.0508 -0.0366 -0.0160 0.0151 0.1650 1.5942 1.5033
1494806400.0000 134250.0000 -0.1890 0.4111 0.0773 0.7441 155.3105 0.3797 0.0943 0.0520 -0.0628 0.0304 0.0099 0.2630 0.9122 0.8785
1494806400.0000 134550.0000 0.0229 0.5039 0.1229 0.5716 182.6030 0.0693 0.0774 0.0262 0.0155 0.0035 0.0049 0.0864 0.4624 0.4383
1494806400.0000 134850.0000 0.2114 0.5489 0.1785 0.6473 201.0599 0.0644 0.0828 0.0209 -0.0121 -0.0131 0.0039 0.0840 0.3851 0.3766
1494806400.0000 135150.0000 -0.1836 0.4408 0.0366 0.6720 157.3883 0.1873 0.1238 0.0730 -0.0491 -0.0469 0.0375 0.1920 0.7471 0.6743
1494806400.0000 135450.0000 0.0107 0.6339 0.1574 0.7838 180.9666 0.2130 0.1771 0.0424 -0.0512 0.0176 0.0177 0.2163 0.5813 0.5688
1494806400.0000 135750.0000 -0.0493 0.4471 0.1040 0.5945 173.7038 0.1315 0.1027 0.0499 0.0225 -0.0056 0.0013 0.1420 0.6664 0.6211
1494806400.0000 136050.0000 0.3035 0.4715 0.1691 0.6446 212.7739 0.1010 0.0873 0.0386 0.0052 0.0021 0.0052 0.1135 0.4696 0.4468
1494806400.0000 136350.0000 0.0573 0.3045 0.0897 0.5724 190.6648 0.1328 0.2289 0.0427 -0.0727 0.0014 0.0263 0.2022 1.1382 1.1207
1494806400.0000 136650.0000 0.1037 0.5246 0.1399 0.6794 191.1799 0.1537 0.1182 0.0275 -0.0350 0.0019 0.0171 0.1497 0.5714 0.5629
1494806400.0000 136950.0000 0.5543 0.0878 0.1301 0.6461 260.9958 0.1644 0.1120 0.0329 -0.0795 -0.0035 0.0141 0.1547 0.5574 0.5409
1494806400.0000 137250.0000 0.4028 0.2361 0.1159 0.5733 239.6222 0.0795 0.1070 0.0256 -0.0161 -0.0022 0.0024 0.1060 0.5526 0.5340
1494806400.0000 137550.0000 -0.1116 0.7979 0.2296 1.0115 172.0375 0.2880 0.3046 0.0444 -0.0674 0.0085 0.0469 0.3185 0.5501 0.5517
1494806400.0000 137850.0000 -0.1952 0.2384 0.0599 0.8500 140.6929 0.5472 0.2848 0.0619 -0.2550 0.0244 0.0344 0.4469 1.7391 1.7092
1494806400.0000 138150.0000 0.1366 0.2843 -0.0755 0.6950 205.6579 0.2908 0.2352 0.0847 -0.1008 -0.0155 0.0311 0.3054 1.3910 1.3273
1494806400.0000 138450.0000 0.0611 0.3425 0.0909 0.8264 190.1213 0.3398 0.4265 0.0843 -0.2740 -0.0643 0.0943 0.4253 1.4806 1.4526
1494806400.0000 138750.0000 0.5765 0.0692 0.1012 0.9123 263.1531 0.4041 0.3708 0.0391 -0.2807 -0.0198 0.0346 0.4070 0.8838 0.8753
1494806400.0000 139050.0000 0.1428 0.4798 0.0525 0.8160 196.5715 0.3134 0.3366 0.0989 0.0094 0.0000 0.0447 0.3745 0.9926 0.9299
1494806400.0000 139350.0000 0.1035 0.0607 0.0770 0.4081 239.6239 0.1282 0.0950 0.0207 -0.0690 -0.0098 0.0101 0.1219 2.0005 2.2743
1494806400.0000 139650.0000 -0.0543 0.3672 0.0776 0.5018 171.5818 0.0686 0.0946 0.0322 -0.0415 -0.0003 0.0069 0.0977 0.6729 0.6283
1494806400.0000 139950.0000 0.1247 0.3753 0.0780 0.6489 198.3854 0.1345 0.2389 0.0297 -0.1265 -0.0208 0.0273 0.2016 0.9093 0.8920
1494806400.0000 140250.0000 -0.3132 0.5773 0.0828 0.6956 151.5183 0.0420 0.0826 0.0268 -0.0077 0.0022 0.0154 0.0757 0.3393 0.3103
1494806400.0000 140550.0000 0.0392 0.3674 0.0629 0.4689 186.0877 0.0569 0.0639 0.0148 -0.0184 0.0052 0.0108 0.0678 0.5671 0.5430
1494806400.0000 140850.0000 0.1606 0.2980 0.0888 0.3992 208.3147 0.0168 0.0866 0.0097 -0.0003 -0.0011 0.0064 0.0566 0.5549 0.5485
1494806400.0000 141150.0000 0.0711 0.4729 0.1023 0.5974 188.5461 0.0709 0.1160 0.0310 -0.0259 -0.0056 0.0230 0.1090 0.5511 0.5219
1494806400.0000 141450.0000 0.1862 0.2258 0.0796 0.3643 219.5037 0.0398 0.0350 0.0099 -0.0033 -0.0010 0.0046 0.0423 0.5539 0.5394
1494806400.0000 141750.0000 -0.1833 0.2171 -0.0124 0.4104 139.8320 0.0464 0.1047 0.0321 -0.0038 0.0048 0.0172 0.0916 0.8691 0.7900
1494806400.0000 142050.0000 0.1959 0.0685 0.0680 0.3461 250.7236 0.0601 0.0580 0.0219 0.0338 0.0090 0.0142 0.0700 0.9894 0.9560
1494806400.0000 142350.0000 0.0548 0.1948 0.0676 0.3514 195.7169 0.0702 0.0468 0.0196 -0.0100 0.0034 -0.0056 0.0683 1.0005 0.9763
1494806400.0000 142650.0000 0.1753 0.1922 0.1103 0.3295 222.3699 0.0347 0.0461 0.0114 0.0098 0.0015 0.0077 0.0461 0.6203 0.6308
1494806400.0000 142950.0000 0.1217 0.2926 0.0763 0.4553 202.5829 0.0857 0.0667 0.0249 -0.0218 0.0120 -0.0039 0.0887 0.7461 0.7114
1494806400.0000 143250.0000 0.0021 0.5055 0.1347 0.5780 180.2423 0.0641 0.0747 0.0213 -0.0239 -0.0004 -0.0033 0.0800 0.4415 0.4255
1494806400.0000 143550.0000 0.0523 0.2268 0.1003 0.4619 192.9794 0.1506 0.0766 0.0244 0.0170 0.0093 -0.0007 0.1258 1.1427 1.1823
1494806400.0000 143850.0000 -0.3727 0.7709 0.1179 0.9363 154.1964 0.1400 0.1187 0.0481 -0.0066 0.0074 0.0216 0.1534 0.3700 0.3430
1494806400.0000 144150.0000 -0.1410 0.4364 0.0485 0.8359 162.0927 0.3056 0.3266 0.0599 -0.1208 0.0069 0.0715 0.3461 1.0415 1.0010
1494806400.0000 144450.0000 0.1893 0.5115 0.1411 0.6295 200.3107 0.0843 0.0740 0.0177 0.0050 0.0036 0.0053 0.0880 0.4299 0.4211
1494806400.0000 144750.0000 0.1047 0.4920 0.1161 0.6141 192.0171 0.1048 0.1003 0.0173 -0.0301 0.0014 0.0039 0.1112 0.5273 0.5197
1494806400.0000 145050.0000 -0.2485 0.4205 0.0360 0.6546 149.4187 0.1350 0.1665 0.0451 0.0116 0.0204 0.0406 0.1733 0.6940 0.6491
1494806400.0000 145350.0000 0.0339 0.3848 0.1009 0.5369 185.0422 0.1311 0.0731 0.0178 -0.0002 0.0151 0.0054 0.1110 0.6815 0.6755
1494806400.0000 145650.0000 -0.1965 0.3095 0.0554 0.5254 147.5863 0.1120 0.0913 0.0203 -0.0226 -0.0008 0.0104 0.1118 0.7362 0.7100
1494806400.0000 145950.0000 0.0150 0.3724 0.1287 0.6276 182.3007 0.1938 0.1756 0.0220 -0.1031 -0.0107 0.0249 0.1957 0.9160 0.9415
1494806400.0000 146250.0000 0.3194 0.0396 0.0610 0.6387 262.9314 0.1277 0.2868 0.0371 -0.0945 -0.0181 0.0558 0.2257 1.1841 1.1547
1494806400.0000 146550.0000 0.0331 0.4278 0.0891 0.5011 184.4258 0.0608 0.0634 0.0164 -0.0035 0.0046 0.0111 0.0703 0.4941 0.4742
1494806400.0000 146850.0000 -0.2796 0.2890 -0.0348 0.4989 135.9425 0.0713 0.0564 0.0312 0.0111 0.0194 0.0213 0.0795 0.5703 0.5132
1494806400.0000 147150.0000 -0.0684 0.4494 0.0860 0.5353 171.3481 0.0727 0.0430 0.0229 -0.0081 -0.0143 0.0013 0.0692 0.4644 0.4318
1494806400.0000 147450.0000 -0.1306 0.6929 0.1590 0.7533 169.3253 0.0676 0.0874 0.0194 -0.0089 -0.0082 0.0057 0.0872 0.3335 0.3223
1494806400.0000 147750.0000 0.0704 0.2519 0.0740 0.4161 195.6179 0.0327 0.1282 0.0153 -0.0305 -0.0070 0.0286 0.0881 0.8914 0.8852
1494806400.0000 148050.0000 0.0647 0.1320 0.0269 0.3263 206.0878 0.0570 0.0867 0.0278 0.0235 0.0148 0.0170 0.0857 1.5996 1.4888
1494806400.0000 148350.0000 0.0874 0.4063 0.1009 0.5467 192.1352 0.0739 0.1142 0.0151 -0.0202 0.0031 0.0107 0.1016 0.6086 0.6026
1494806400.0000 148650.0000 0.2193 0.1634 0.0948 0.3475 233.3090 0.0275 0.0534 0.0095 0.0012 -0.0016 0.0044 0.0452 0.5994 0.6002
1494806400.0000 148950.0000 0.1810 0.2465 0.1182 0.3431 216.2941 0.0298 0.0297 0.0079 0.0068 -0.0009 0.0017 0.0337 0.4572 0.4605
1494806400.0000 149250.0000 -0.0147 0.2598 0.0665 0.3503 176.7518 0.0554 0.0333 0.0073 -0.0127 0.0009 0.0020 0.0480 0.6661 0.6607
1494806400.0000 149550.0000 -0.2193 0.2792 0.0228 0.4155 141.8470 0.0644 0.0326 0.0182 -0.0059 0.0113 0.0001 0.0576 0.5508 0.5064
1494806400.0000 149850.0000 0.2507 0.0901 0.0367 0.3331 250.2353 0.0179 0.0502 0.0178 0.0034 0.0009 0.0018 0.0429 0.6290 0.5652
1494806400.0000 150150.0000 0.1102 0.1254 0.0776 0.2670 221.3105 0.0295 0.0527 0.0083 0.0086 0.0040 0.0126 0.0453 0.9443 0.9923
1494806400.0000 150450.0000 0.0021 0.1637 0.0710 0.3052 180.7373 0.0448 0.0421 0.0070 -0.0311 -0.0083 0.0078 0.0469 0.9912 1.0396
1494806400.0000 150750.0000 0.0294 0.1030 0.0618 0.2404 195.9263 0.0287 0.0363 0.0088 -0.0147 -0.0047 0.0075 0.0369 1.2688 1.3749
1494806400.0000 151050.0000 0.1378 0.0912 0.0311 0.2223 236.5048 0.0139 0.0238 0.0067 -0.0018 0.0022 0.0029 0.0221 0.7229 0.6779
