1494720000.0000 150.0000 0.7021 0.2239 -0.2054 0.7431 252.3135 0.0080 0.0087 0.0049 -0.0001 -0.0036 -0.0011 0.0108 0.1107 0.1011
1494720000.0000 450.0000 0.5089 0.2200 -0.1437 0.5595 246.6161 0.0081 0.0042 0.0037 -0.0012 -0.0021 -0.0006 0.0080 0.1275 0.1154
1494720000.0000 750.0000 0.4890 0.2683 -0.1798 0.5655 241.2504 0.0060 0.0113 0.0036 0.0009 -0.0015 -0.0037 0.0104 0.1423 0.1361
1494720000.0000 1050.0000 0.5247 0.1940 -0.1247 0.5674 249.7071 0.0086 0.0067 0.0027 -0.0032 -0.0010 -0.0015 0.0090 0.1350 0.1276
1494720000.0000 1350.0000 0.4940 0.2383 -0.1752 0.5541 244.2496 0.0178 0.0027 0.0043 -0.0014 -0.0057 -0.0001 0.0124 0.1579 0.1506
1494720000.0000 1650.0000 0.3904 0.2639 -0.1395 0.4827 235.9482 0.0171 0.0051 0.0047 -0.0010 -0.0042 -0.0020 0.0134 0.1923 0.1822
1494720000.0000 1950.0000 0.2270 0.1700 -0.0746 0.3495 233.1597 0.0227 0.0269 0.0075 -0.0175 0.0035 -0.0067 0.0285 0.4704 0.4534
1494720000.0000 2250.0000 0.1652 0.1783 -0.0634 0.2631 222.8255 0.0062 0.0067 0.0037 -0.0032 0.0003 -0.0026 0.0083 0.2966 0.2703
1494720000.0000 2550.0000 0.2216 0.0564 -0.0605 0.3127 255.7214 0.0441 0.0261 0.0043 0.0011 -0.0012 -0.0051 0.0372 0.6660 0.6687
1494720000.0000 2850.0000 0.4552 0.2498 -0.1404 0.5240 241.2454 0.0095 0.0042 0.0044 0.0009 -0.0023 -0.0012 0.0090 0.1443 0.1301
1494720000.0000 3150.0000 0.5011 0.3440 -0.1925 0.6187 235.5297 0.0108 0.0126 0.0067 -0.0016 -0.0021 -0.0052 0.0151 0.1572 0.1454
1494720000.0000 3450.0000 0.3417 0.2721 -0.1395 0.5620 231.4678 0.1355 0.0129 0.0096 -0.0269 -0.0169 0.0001 0.0790 0.5005 0.5093
1494720000.0000 3750.0000 0.2175 0.1592 -0.0775 0.3253 233.7919 0.0520 0.0141 0.0087 0.0195 -0.0163 -0.0087 0.0374 0.5629 0.5506
1494720000.0000 4050.0000 0.1505 0.2225 -0.0769 0.2890 214.0749 0.0127 0.0128 0.0053 0.0010 -0.0024 -0.0066 0.0154 0.3624 0.3433
1494720000.0000 4350.0000 0.1435 0.2466 -0.0826 0.3817 210.2064 0.0660 0.0124 0.0041 -0.0122 -0.0052 -0.0025 0.0413 0.5585 0.5668
1494720000.0000 4650.0000 0.3659 0.2471 -0.1186 0.4519 235.9676 0.0144 0.0053 0.0063 -0.0005 -0.0044 -0.0019 0.0130 0.2036 0.1834
1494720000.0000 4950.0000 0.2316 0.1523 -0.0882 0.3652 236.6819 0.0625 0.0225 0.0070 -0.0010 -0.0090 -0.0052 0.0460 0.6020 0.6071
1494720000.0000 5250.0000 0.2520 0.2017 -0.0961 0.4203 231.3240 0.0696 0.0163 0.0066 0.0009 -0.0103 -0.0036 0.0463 0.5215 0.5243
1494720000.0000 5550.0000 0.1882 0.0402 -0.0859 0.2884 257.9428 0.0507 0.0082 0.0034 0.0145 0.0055 0.0011 0.0312 0.6839 0.7280
1494720000.0000 5850.0000 0.4166 0.1685 -0.0961 0.4607 247.9721 0.0050 0.0094 0.0051 -0.0021 0.0005 -0.0045 0.0097 0.1752 0.1538
1494720000.0000 6150.0000 0.4189 0.2784 -0.1671 0.5075 236.3933 0.0072 0.0049 0.0050 0.0008 -0.0022 -0.0023 0.0086 0.1425 0.1261
1494720000.0000 6450.0000 0.0909 0.1451 -0.0560 0.3208 212.0500 0.0849 0.0154 0.0098 0.0271 -0.0198 -0.0084 0.0551 1.0638 1.0681
1494720000.0000 6750.0000 0.3319 0.2382 -0.1507 0.4139 234.3346 0.0186 0.0145 0.0098 0.0125 -0.0106 -0.0092 0.0215 0.2749 0.2574
1494720000.0000 7050.0000 0.1003 0.1228 -0.0298 0.3431 219.2298 0.0640 0.0486 0.0204 0.0386 -0.0289 -0.0231 0.0665 1.3049 1.2219
1494720000.0000 7350.0000 0.4245 0.1974 -0.1260 0.4759 245.0638 0.0180 0.0103 0.0082 0.0077 -0.0074 -0.0069 0.0182 0.2274 0.2074
1494720000.0000 7650.0000 -0.0434 -0.0453 0.0562 0.2772 43.7647 0.0382 0.0425 0.0044 -0.0156 0.0022 -0.0080 0.0426 1.9986 2.6134
1494720000.0000 7950.0000 0.0655 0.1318 -0.0572 0.2217 206.4137 0.0277 0.0061 0.0033 0.0043 -0.0032 -0.0025 0.0186 0.7056 0.7222
1494720000.0000 8250.0000 0.1701 0.0361 -0.0205 0.1826 258.0170 0.0099 0.0018 0.0011 0.0014 -0.0013 -0.0003 0.0064 0.3721 0.3587
1494720000.0000 8550.0000 -0.0350 0.0650 0.0083 0.1431 151.6932 0.0107 0.0090 0.0033 0.0059 -0.0039 -0.0040 0.0115 1.1793 1.0988
1494720000.0000 8850.0000 0.1232 0.0517 0.0002 0.2995 247.2184 0.0193 0.0682 0.0135 0.0311 -0.0116 -0.0256 0.0505 1.3729 1.2777
1494720000.0000 9150.0000 0.1754 0.0867 -0.0117 0.2196 243.6935 0.0038 0.0108 0.0026 -0.0017 0.0014 -0.0022 0.0086 0.3866 0.3574
1494720000.0000 9450.0000 0.2284 0.1406 -0.0678 0.3251 238.3900 0.0065 0.0392 0.0092 0.0082 -0.0045 -0.0134 0.0274 0.4888 0.4599
1494720000.0000 9750.0000 0.2052 0.2150 -0.0767 0.3341 223.6735 0.0202 0.0161 0.0046 -0.0038 -0.0050 -0.0041 0.0204 0.3801 0.3698
1494720000.0000 10050.0000 0.0737 0.0022 0.0008 0.2094 268.2575 0.0165 0.0347 0.0053 0.0150 -0.0064 -0.0102 0.0283 1.8618 1.7730
1494720000.0000 10350.0000 0.0907 0.1429 -0.0397 0.2297 212.3997 0.0232 0.0121 0.0044 0.0038 -0.0071 -0.0036 0.0199 0.6621 0.6410
1494720000.0000 10650.0000 0.2128 0.1278 -0.0695 0.3089 239.0112 0.0156 0.0352 0.0077 0.0110 -0.0061 -0.0130 0.0293 0.5420 0.5245
1494720000.0000 10950.0000 0.1788 0.1128 -0.0285 0.2513 237.7529 0.0080 0.0201 0.0052 -0.0045 -0.0014 -0.0033 0.0167 0.4939 0.4577
1494720000.0000 11250.0000 0.2720 0.1442 -0.0507 0.3290 242.0784 0.0126 0.0103 0.0030 -0.0051 -0.0024 -0.0003 0.0129 0.2978 0.2839
1494720000.0000 11550.0000 0.3263 0.0766 -0.0580 0.3482 256.7913 0.0165 0.0088 0.0052 0.0045 -0.0064 -0.0034 0.0152 0.2963 0.2736
1494720000.0000 11850.0000 0.0569 0.0956 -0.0136 0.1656 210.7614 0.0181 0.0097 0.0036 0.0057 -0.0058 -0.0027 0.0157 0.9134 0.8663
1494720000.0000 12150.0000 0.0849 0.0389 -0.0300 0.1541 245.3987 0.0091 0.0134 0.0028 -0.0007 -0.0012 -0.0043 0.0126 0.9356 0.9273
1494720000.0000 12450.0000 0.0051 -0.0301 0.0080 0.1799 350.4072 0.0256 0.0141 0.0033 0.0031 -0.0042 -0.0048 0.0215 3.7992 3.7714
1494720000.0000 12750.0000 -0.1889 0.1662 -0.0176 0.2689 131.3471 0.0058 0.0077 0.0043 0.0015 -0.0002 -0.0022 0.0089 0.3057 0.2670
1494720000.0000 13050.0000 -0.1023 0.0694 -0.0110 0.1737 124.1625 0.0113 0.0078 0.0053 0.0032 -0.0009 -0.0015 0.0122 0.7259 0.6439
1494720000.0000 13350.0000 -0.0647 -0.0543 0.0302 0.1411 49.9921 0.0091 0.0102 0.0034 0.0077 -0.0032 -0.0029 0.0114 0.9705 0.9494
1494720000.0000 13650.0000 -0.0438 0.0064 0.0019 0.1602 98.2659 0.0092 0.0187 0.0028 -0.0047 0.0001 -0.0023 0.0153 2.2805 2.1770
1494720000.0000 13950.0000 0.1152 0.0719 -0.0455 0.1806 238.0129 0.0106 0.0068 0.0023 -0.0031 -0.0026 0.0001 0.0099 0.5659 0.5603
1494720000.0000 14250.0000 0.0909 0.1278 -0.0151 0.1886 215.4308 0.0083 0.0057 0.0034 -0.0028 -0.0014 -0.0003 0.0087 0.4834 0.4354
1494720000.0000 14550.0000 0.0656 0.1485 -0.0356 0.2544 203.8495 0.0375 0.0051 0.0036 -0.0019 -0.0074 -0.0013 0.0231 0.7463 0.7339
1494720000.0000 14850.0000 0.1801 -0.0287 0.0072 0.1966 279.0674 0.0043 0.0055 0.0019 0.0021 -0.0013 -0.0019 0.0059 0.3426 0.3133
1494720000.0000 15150.0000 0.1402 0.1239 -0.0523 0.2063 228.5347 0.0106 0.0046 0.0033 0.0014 -0.0031 -0.0028 0.0093 0.4046 0.3805
1494720000.0000 15450.0000 0.3367 0.0634 -0.0624 0.3469 259.3328 0.0047 0.0032 0.0019 0.0010 -0.0010 -0.0008 0.0049 0.1638 0.1495
1494720000.0000 15750.0000 0.0899 0.1428 -0.0264 0.1935 212.1849 0.0105 0.0025 0.0017 -0.0015 -0.0015 -0.0009 0.0073 0.4095 0.3903
1494720000.0000 16050.0000 0.0369 0.1678 -0.0312 0.1825 192.3987 0.0040 0.0023 0.0014 0.0005 -0.0003 -0.0004 0.0039 0.2908 0.2680
1494720000.0000 16350.0000 0.0635 0.0569 -0.0265 0.2656 228.1717 0.0503 0.0195 0.0064 0.0049 -0.0127 -0.0052 0.0381 1.7850 1.7883
1494720000.0000 16650.0000 0.1066 0.2048 -0.0690 0.2801 207.5102 0.0223 0.0105 0.0051 -0.0015 -0.0049 0.0007 0.0189 0.4664 0.4530
1494720000.0000 16950.0000 -0.0974 0.0346 -0.0108 0.2237 109.5689 0.0475 0.0165 0.0061 0.0132 0.0092 -0.0003 0.0350 1.4707 1.4133
1494720000.0000 17250.0000 -0.1795 0.0139 0.0057 0.2648 94.4212 0.0410 0.0106 0.0080 -0.0015 -0.0053 0.0018 0.0298 0.7825 0.7283
1494720000.0000 17550.0000 -0.0620 0.0548 -0.0249 0.2234 131.4497 0.0372 0.0141 0.0059 -0.0126 -0.0081 0.0018 0.0286 1.5989 1.5817
1494720000.0000 17850.0000 0.0276 -0.1270 0.0268 0.1796 347.7477 0.0083 0.0164 0.0043 0.0002 -0.0003 -0.0055 0.0145 0.7403 0.6979
1494720000.0000 18150.0000 -0.0908 0.0224 0.0304 0.2174 103.8386 0.0412 0.0049 0.0077 0.0065 -0.0106 -0.0017 0.0269 1.3623 1.3256
1494720000.0000 18450.0000 -0.1685 -0.0846 -0.0417 0.2063 63.3487 0.0100 0.0060 0.0044 0.0014 0.0024 0.0004 0.0102 0.4271 0.3875
1494720000.0000 18750.0000 0.1005 -0.0498 -0.0062 0.1551 296.3380 0.0083 0.0066 0.0040 -0.0028 -0.0025 0.0011 0.0095 0.7069 0.6282
1494720000.0000 19050.0000 -0.0502 -0.0858 0.0342 0.1618 30.3466 0.0062 0.0171 0.0044 0.0040 -0.0031 -0.0040 0.0139 0.9145 0.8862
1494720000.0000 19350.0000 -0.1987 0.0211 0.0251 0.2136 96.0574 0.0072 0.0049 0.0045 -0.0018 -0.0002 -0.0005 0.0083 0.3688 0.3173
1494720000.0000 19650.0000 -0.1869 -0.0356 0.0280 0.2006 79.2128 0.0038 0.0036 0.0042 -0.0002 -0.0008 0.0010 0.0058 0.3246 0.2621
1494720000.0000 19950.0000 -0.1989 -0.0719 0.0089 0.2481 70.1158 0.0136 0.0146 0.0090 -0.0008 0.0021 -0.0008 0.0186 0.5261 0.4586
1494720000.0000 20250.0000 -0.2043 -0.0486 -0.0218 0.2203 76.6176 0.0060 0.0035 0.0094 -0.0014 -0.0012 0.0013 0.0094 0.3753 0.2668
1494720000.0000 20550.0000 -0.3066 -0.0560 -0.0242 0.3312 79.6434 0.0222 0.0117 0.0095 0.0052 0.0034 0.0017 0.0217 0.3845 0.3409
1494720000.0000 20850.0000 -0.1055 -0.0893 -0.0243 0.2098 49.7381 0.0120 0.0189 0.0070 0.0022 0.0005 -0.0029 0.0189 0.8009 0.7338
1494720000.0000 21150.0000 -0.0153 -0.0335 0.0100 0.0871 24.6301 0.0052 0.0029 0.0035 0.0017 -0.0001 -0.0009 0.0058 1.6325 1.4107
1494720000.0000 21450.0000 0.0925 -0.0398 -0.0194 0.1219 293.3022 0.0023 0.0040 0.0035 0.0008 -0.0009 -0.0001 0.0049 0.5551 0.4534
1494720000.0000 21750.0000 -0.1080 -0.0631 -0.0164 0.1785 59.6874 0.0218 0.0053 0.0041 0.0035 -0.0032 -0.0020 0.0156 0.8082 0.7595
1494720000.0000 22050.0000 -0.3136 -0.0036 0.0147 0.3408 89.3348 0.0217 0.0142 0.0084 0.0029 0.0012 0.0008 0.0221 0.3869 0.3486
1494720000.0000 22350.0000 -0.0915 -0.0338 -0.0258 0.1376 69.7388 0.0078 0.0057 0.0103 -0.0014 -0.0028 -0.0007 0.0119 0.8821 0.6877
1494720000.0000 22650.0000 -0.1703 -0.0197 -0.0109 0.1978 83.4080 0.0050 0.0091 0.0045 0.0003 -0.0001 -0.0013 0.0093 0.4578 0.3991
1494720000.0000 22950.0000 -0.0749 0.0017 -0.0334 0.1612 91.2763 0.0185 0.0098 0.0066 0.0041 -0.0041 0.0003 0.0175 1.3163 1.2973
1494720000.0000 23250.0000 -0.1466 -0.2018 0.0734 0.3355 35.9879 0.0382 0.0258 0.0086 -0.0201 0.0071 -0.0045 0.0363 0.5985 0.5856
1494720000.0000 23550.0000 -0.1902 -0.2013 0.0840 0.3456 43.3725 0.0398 0.0311 0.0104 -0.0145 0.0099 -0.0047 0.0406 0.5685 0.5549
1494720000.0000 23850.0000 -0.1436 -0.1723 0.0287 0.3073 39.8087 0.0376 0.0348 0.0127 -0.0131 0.0022 -0.0043 0.0426 0.7449 0.6925
1494720000.0000 24150.0000 -0.2202 -0.0832 0.0834 0.2717 69.2946 0.0142 0.0161 0.0125 0.0004 0.0049 -0.0001 0.0214 0.4781 0.4264
1494720000.0000 24450.0000 -0.2067 -0.1496 0.0514 0.3234 54.1107 0.0580 0.0265 0.0145 -0.0110 0.0037 -0.0018 0.0495 0.6979 0.6578
1494720000.0000 24750.0000 -0.2814 -0.0955 0.0830 0.3477 71.2546 0.0265 0.0275 0.0173 -0.0053 0.0022 0.0032 0.0356 0.4995 0.4514
1494720000.0000 25050.0000 -0.3184 -0.1129 0.0479 0.3753 70.4731 0.0418 0.0171 0.0157 -0.0038 0.0094 -0.0001 0.0373 0.4620 0.4146
1494720000.0000 25350.0000 -0.3530 -0.0281 -0.0059 0.3970 85.4458 0.0222 0.0304 0.0178 0.0067 0.0039 0.0021 0.0352 0.4323 0.3737
1494720000.0000 25650.0000 -0.0656 -0.0436 0.0052 0.1964 56.4000 0.0306 0.0134 0.0105 0.0005 -0.0023 0.0013 0.0273 1.7066 1.5368
1494720000.0000 25950.0000 -0.2296 -0.0017 -0.0175 0.2698 89.5718 0.0265 0.0187 0.0213 0.0027 -0.0034 0.0011 0.0332 0.6466 0.5348
1494720000.0000 26250.0000 -0.3016 -0.0801 -0.0466 0.3382 75.1199 0.0246 0.0150 0.0169 0.0038 0.0008 -0.0014 0.0282 0.4350 0.3683
1494720000.0000 26550.0000 -0.2931 -0.0727 -0.0198 0.3427 76.0656 0.0483 0.0189 0.0128 0.0050 0.0045 0.0030 0.0401 0.5399 0.4958
1494720000.0000 26850.0000 -0.2322 -0.0720 0.0457 0.3143 72.7748 0.0169 0.0370 0.0244 -0.0039 0.0028 0.0015 0.0391 0.6532 0.5516
1494720000.0000 27150.0000 -0.0864 -0.1646 0.0266 0.2495 27.6839 0.0198 0.0197 0.0167 0.0032 0.0027 -0.0109 0.0281 0.7285 0.6171
1494720000.0000 27450.0000 -0.1504 -0.1499 0.0618 0.3060 45.0956 0.0509 0.0166 0.0129 -0.0067 0.0096 -0.0039 0.0402 0.7401 0.7065
1494720000.0000 27750.0000 -0.2115 -0.1136 0.0835 0.3070 61.7587 0.0353 0.0298 0.0154 -0.0122 0.0025 -0.0023 0.0402 0.6441 0.6132
1494720000.0000 28050.0000 -0.3751 -0.0927 0.0330 0.4355 76.1180 0.0398 0.0256 0.0195 -0.0047 0.0034 -0.0036 0.0424 0.4338 0.3821
1494720000.0000 28350.0000 -0.1634 -0.0575 0.0485 0.2655 70.6208 0.0469 0.0268 0.0147 -0.0087 0.0048 0.0041 0.0442 0.9539 0.9046
1494720000.0000 28650.0000 -0.2881 -0.0221 0.0087 0.3164 85.6218 0.0226 0.0121 0.0093 -0.0021 -0.0009 0.0016 0.0220 0.4187 0.3722
1494720000.0000 28950.0000 -0.2067 0.1527 -0.0391 0.2838 126.4427 0.0165 0.0238 0.0068 -0.0088 -0.0036 -0.0011 0.0236 0.4821 0.4510
1494720000.0000 29250.0000 -0.2172 0.0852 0.0123 0.3492 111.4171 0.0178 0.0654 0.0178 -0.0084 0.0002 -0.0211 0.0505 0.7852 0.7139
1494720000.0000 29550.0000 0.0523 -0.1725 0.0297 0.2157 343.1219 0.0165 0.0143 0.0098 -0.0012 -0.0023 -0.0013 0.0203 0.6368 0.5618
1494720000.0000 29850.0000 0.1350 -0.2444 0.0437 0.3168 331.0848 0.0250 0.0163 0.0105 -0.0051 -0.0074 0.0001 0.0259 0.4650 0.4205
1494720000.0000 30150.0000 -0.0965 -0.2871 0.0813 0.3355 18.5748 0.0159 0.0232 0.0102 -0.0044 0.0011 -0.0026 0.0246 0.4087 0.3770
1494720000.0000 30450.0000 -0.1324 -0.1967 0.0969 0.3030 33.9534 0.0201 0.0280 0.0147 -0.0063 -0.0014 0.0012 0.0314 0.5649 0.5341
1494720000.0000 30750.0000 -0.3094 0.0134 -0.0182 0.4843 92.4875 0.0768 0.1210 0.0387 -0.0525 0.0140 -0.0252 0.1183 0.9053 0.8292
1494720000.0000 31050.0000 -0.2219 -0.2483 0.0813 0.4034 41.7902 0.0444 0.0402 0.0181 -0.0120 0.0053 -0.0076 0.0513 0.5396 0.5041
1494720000.0000 31350.0000 -0.3393 -0.3183 0.0261 0.5135 46.8256 0.1051 0.0352 0.0315 0.0214 0.0280 0.0069 0.0859 0.5136 0.4648
1494720000.0000 31650.0000 -0.3564 -0.2431 0.0230 0.4951 55.7024 0.0855 0.0373 0.0382 0.0074 0.0264 -0.0036 0.0805 0.5361 0.4689
1494720000.0000 31950.0000 -0.3932 -0.1488 0.0825 0.5451 69.2666 0.0727 0.0945 0.0392 -0.0195 0.0179 -0.0191 0.1032 0.6121 0.5615
1494720000.0000 32250.0000 -0.2632 0.0176 -0.0162 0.3916 93.8178 0.0656 0.0660 0.0338 -0.0003 0.0005 -0.0181 0.0827 0.8885 0.7939
1494720000.0000 32550.0000 0.1437 0.0775 -0.1298 0.3816 241.6534 0.1078 0.0416 0.0305 0.0142 -0.0183 -0.0010 0.0899 1.1739 1.3666
1494720000.0000 32850.0000 0.0260 -0.1546 0.0262 0.3457 350.4667 0.0893 0.0337 0.0454 0.0266 -0.0456 -0.0201 0.0842 1.4912 1.2921
1494720000.0000 33150.0000 -0.2055 -0.0731 -0.0258 0.3566 70.4289 0.0870 0.0328 0.0192 0.0103 -0.0027 -0.0051 0.0695 0.9803 0.9164
1494720000.0000 33450.0000 -0.1877 0.1755 -0.0739 0.3716 133.0731 0.0531 0.0525 0.0297 0.0063 -0.0211 -0.0106 0.0676 0.7941 0.7299
1494720000.0000 33750.0000 0.0253 -0.1153 -0.0016 0.2777 347.6275 0.0275 0.0700 0.0263 -0.0005 -0.0057 -0.0212 0.0619 1.7197 1.5265
1494720000.0000 34050.0000 0.3061 -0.2244 0.0085 0.4195 306.2447 0.0175 0.0358 0.0245 0.0020 0.0040 -0.0094 0.0389 0.4242 0.3511
1494720000.0000 34350.0000 -0.0639 -0.0276 0.0454 0.2815 66.6228 0.0527 0.0528 0.0392 -0.0170 0.0115 -0.0016 0.0724 2.6411 2.6929
1494720000.0000 34650.0000 -0.3335 -0.2267 0.1490 0.6288 55.7925 0.2047 0.1061 0.0293 -0.0839 -0.0116 0.0028 0.1700 0.7831 0.7981
1494720000.0000 34950.0000 -0.1752 -0.1030 0.0822 0.4662 59.5480 0.1616 0.0713 0.0331 -0.0344 -0.0235 0.0040 0.1330 1.3586 1.3713
1494720000.0000 35250.0000 -0.5302 0.0236 -0.0071 0.6116 92.5440 0.1560 0.0627 0.0429 0.0134 0.0024 -0.0007 0.1308 0.5563 0.5087
1494720000.0000 35550.0000 -0.2177 -0.1218 0.0004 0.4457 60.7779 0.1310 0.0922 0.0447 0.0211 -0.0082 -0.0206 0.1339 1.1978 1.0932
1494720000.0000 35850.0000 -0.5706 0.2441 -0.0816 0.7084 113.1569 0.0912 0.1297 0.0531 -0.0208 0.0187 -0.0169 0.1370 0.4828 0.4372
1494720000.0000 36150.0000 -0.3004 0.1512 -0.0914 0.4455 116.7080 0.0907 0.0508 0.0453 0.0013 -0.0179 -0.0101 0.0934 0.7162 0.6459
1494720000.0000 36450.0000 -0.4921 -0.0437 0.0595 0.5859 84.9310 0.0843 0.0938 0.0321 0.0063 0.0178 -0.0046 0.1051 0.5320 0.4932
1494720000.0000 36750.0000 -0.5660 -0.1803 -0.0360 0.7061 72.3285 0.0897 0.1425 0.0567 0.0473 0.0197 0.0009 0.1444 0.5215 0.4684
1494720000.0000 37050.0000 -0.6486 -0.0780 0.0309 0.8299 83.1398 0.1754 0.2352 0.1025 -0.0215 0.0269 -0.0183 0.2566 0.6324 0.5663
1494720000.0000 37350.0000 -0.7216 -0.1915 0.0264 0.9742 75.1360 0.2072 0.3116 0.1150 -0.0477 0.0579 -0.0057 0.3170 0.6153 0.5570
1494720000.0000 37650.0000 -0.8263 -0.2672 0.0329 1.0623 72.0807 0.2533 0.3190 0.1285 0.0023 0.0465 -0.0193 0.3504 0.5562 0.5030
1494720000.0000 37950.0000 -0.7822 0.0527 0.0507 1.1057 93.8576 0.4132 0.5389 0.1389 -0.1569 0.0687 -0.0858 0.5455 0.7676 0.7186
1494720000.0000 38250.0000 -0.5399 -0.0704 -0.0718 0.7736 82.5741 0.2230 0.2347 0.0997 0.0757 0.0070 -0.0231 0.2787 0.7849 0.7175
1494720000.0000 38550.0000 -0.3477 0.1046 -0.0451 0.5387 106.7461 0.0982 0.1363 0.0591 0.0336 0.0042 -0.0231 0.1468 0.8550 0.7700
1494720000.0000 38850.0000 -0.2954 -0.0103 -0.0240 0.4168 88.0099 0.0943 0.0639 0.0239 -0.0264 0.0091 0.0021 0.0911 0.8310 0.7770
1494720000.0000 39150.0000 -0.3816 -0.0399 -0.0426 0.4680 84.0342 0.0790 0.0639 0.0354 -0.0162 -0.0005 0.0014 0.0892 0.6317 0.5689
1494720000.0000 39450.0000 -0.6521 0.0506 -0.0352 0.7569 94.4329 0.0752 0.1468 0.0601 0.0267 0.0051 0.0094 0.1410 0.4681 0.4159
1494720000.0000 39750.0000 -0.4367 -0.2218 -0.0000 0.6154 63.0776 0.1640 0.1010 0.0593 0.0021 0.0051 -0.0025 0.1622 0.6713 0.6069
1494720000.0000 40050.0000 -0.2266 -0.2914 -0.0226 0.6553 37.8630 0.3475 0.0774 0.0649 -0.0095 -0.0244 -0.0068 0.2449 1.0926 1.0195
1494720000.0000 40350.0000 -0.5650 -0.2182 0.0061 0.8165 68.8841 0.2869 0.2290 0.0820 0.0280 0.0357 -0.0083 0.2990 0.7370 0.6847
1494720000.0000 40650.0000 -0.6446 0.0092 -0.0512 0.8502 90.8146 0.2660 0.3636 0.0881 0.0115 0.0295 -0.0393 0.3589 0.7564 0.7107
1494720000.0000 40950.0000 -0.3198 -0.2001 -0.0178 0.6203 57.9621 0.2041 0.1969 0.1214 0.0347 0.0132 -0.0119 0.2612 1.1051 0.9692
1494720000.0000 41250.0000 -0.3774 0.0268 -0.0024 0.6228 94.0668 0.1771 0.1568 0.0730 -0.0140 0.0175 -0.0250 0.2034 0.9734 0.8818
1494720000.0000 41550.0000 -0.1773 -0.4392 0.1041 0.6320 21.9825 0.1334 0.0886 0.0381 -0.0573 0.0077 -0.0119 0.1300 0.6071 0.5743
1494720000.0000 41850.0000 -0.1916 -0.3760 0.0857 0.5792 27.0043 0.1316 0.1212 0.0416 -0.0317 0.0171 -0.0144 0.1472 0.7274 0.6878
1494720000.0000 42150.0000 -0.1986 -0.3065 0.0882 0.5298 32.9467 0.1145 0.0930 0.0504 -0.0199 0.0048 -0.0043 0.1289 0.7804 0.7202
1494720000.0000 42450.0000 -0.0635 -0.2111 0.0899 0.4366 16.7337 0.0490 0.1337 0.0250 -0.0373 0.0002 -0.0133 0.1038 1.1052 1.1195
1494720000.0000 42750.0000 -0.4590 -0.3885 0.0979 0.9629 49.7575 0.2523 0.5901 0.1030 -0.1534 0.0533 -0.0818 0.4727 0.9214 0.8812
1494720000.0000 43050.0000 -0.8053 -0.1977 -0.0856 1.0295 76.2091 0.3322 0.3685 0.1192 0.1041 0.0513 -0.0023 0.4100 0.6271 0.5829
1494720000.0000 43350.0000 -0.3967 -0.0215 -0.0893 0.5753 86.9002 0.1856 0.1528 0.0880 0.0540 0.0142 -0.0062 0.2132 0.9259 0.8454
1494720000.0000 43650.0000 -0.3879 0.0947 -0.0639 0.6649 103.7247 0.1731 0.2128 0.0892 0.0568 0.0032 -0.0395 0.2376 0.9842 0.8983
1494720000.0000 43950.0000 -0.4374 -0.0291 -0.0470 0.6535 86.1912 0.1585 0.1786 0.0776 0.0144 -0.0029 0.0006 0.2073 0.8433 0.7647
1494720000.0000 44250.0000 -0.3010 -0.1047 -0.0466 0.5212 70.8135 0.1380 0.1227 0.0682 0.0141 0.0018 -0.0290 0.1645 1.0281 0.9250
1494720000.0000 44550.0000 -0.5678 -0.1335 -0.0682 0.7096 76.7654 0.1896 0.1518 0.0871 0.0680 0.0351 0.0244 0.2143 0.6435 0.5783
1494720000.0000 44850.0000 -0.3929 -0.2091 0.0182 0.6627 61.9769 0.2470 0.1720 0.0781 0.0207 0.0031 -0.0260 0.2486 0.9138 0.8396
1494720000.0000 45150.0000 0.1774 -0.1582 -0.0409 0.6164 311.7195 0.2313 0.2516 0.0718 0.0157 -0.0666 -0.0415 0.2773 1.7830 1.6881
1494720000.0000 45450.0000 -0.4161 -0.2230 0.0717 0.7764 61.8170 0.2650 0.3144 0.1232 -0.0061 -0.0049 -0.0747 0.3513 1.0135 0.9309
1494720000.0000 45750.0000 -0.1703 -0.1471 -0.1388 0.6139 49.1861 0.2996 0.1647 0.0915 -0.0221 -0.0609 -0.0358 0.2779 1.6277 1.7478
1494720000.0000 46050.0000 -0.5965 -0.0928 0.0056 0.7709 81.1535 0.2676 0.2066 0.1033 0.0071 0.0236 -0.0452 0.2888 0.7269 0.6587
1494720000.0000 46350.0000 -0.5034 -0.1254 -0.0556 0.7401 76.0178 0.2295 0.2539 0.1339 -0.0039 0.0344 -0.0592 0.3086 0.8694 0.7737
1494720000.0000 46650.0000 -0.3714 -0.0946 0.0201 0.5942 75.7098 0.1919 0.1453 0.0645 -0.0031 0.0232 -0.0097 0.2008 0.9534 0.8748
1494720000.0000 46950.0000 -0.5256 -0.1873 0.0199 0.7404 70.3822 0.2999 0.2272 0.1043 -0.0015 0.0205 -0.0179 0.3157 0.8216 0.7512
1494720000.0000 47250.0000 -0.9594 -0.6602 0.0172 1.2468 55.4673 0.4149 0.2377 0.1228 0.1195 0.0594 0.0428 0.3877 0.4365 0.4005
1494720000.0000 47550.0000 -1.0220 -0.4412 -0.0967 1.2939 66.6498 0.8415 0.5057 0.1953 0.2075 0.1173 0.0435 0.7712 0.6417 0.6020
1494720000.0000 47850.0000 -0.6169 -0.3026 0.1140 0.8545 63.8706 0.2372 0.1587 0.0681 0.0033 0.0216 -0.0208 0.2320 0.5646 0.5287
1494720000.0000 48150.0000 -1.0298 -0.3624 0.0687 1.1895 70.6126 0.1516 0.2144 0.0938 0.0365 0.0086 0.0007 0.2299 0.3579 0.3200
1494720000.0000 48450.0000 0.0421 -0.5092 0.0522 0.7407 355.2700 0.2051 0.1892 0.0758 -0.0804 -0.0092 -0.0276 0.2350 0.7707 0.7095
1494720000.0000 48750.0000 -0.7722 0.0787 -0.0832 0.9833 95.8185 0.2632 0.3779 0.1618 -0.0598 0.0087 -0.0622 0.4015 0.6628 0.5956
1494720000.0000 49050.0000 -0.5168 -0.1971 -0.0322 0.8730 69.1306 0.3998 0.2850 0.1415 0.0543 -0.0452 -0.0742 0.4131 0.9472 0.8637
1494720000.0000 49350.0000 -0.9129 -0.1963 -0.0663 1.1032 77.8653 0.3391 0.3816 0.1351 0.0980 0.0579 -0.0004 0.4279 0.5706 0.5249
1494720000.0000 49650.0000 -0.6958 -0.2403 -0.0399 0.8328 70.9483 0.1413 0.1490 0.0765 0.0117 0.0124 0.0094 0.1834 0.4744 0.4226
1494720000.0000 49950.0000 -0.7248 -0.4625 0.0205 0.9855 57.4576 0.2610 0.2229 0.0994 0.0492 0.0391 0.0135 0.2917 0.5127 0.4671
1494720000.0000 50250.0000 -0.6729 -0.2934 0.0582 0.8877 66.4407 0.2379 0.2264 0.0912 0.0227 0.0366 -0.0343 0.2778 0.5844 0.5360
1494720000.0000 50550.0000 -0.5701 -0.1939 -0.0353 0.7699 71.2148 0.1265 0.2330 0.0718 -0.0404 0.0161 -0.0344 0.2156 0.6286 0.5748
1494720000.0000 50850.0000 -0.6183 0.0129 -0.0266 0.8227 91.1913 0.3327 0.2523 0.0977 -0.0757 0.0487 -0.0542 0.3414 0.7707 0.7140
1494720000.0000 51150.0000 -0.5633 -0.3458 0.0375 0.8365 58.4530 0.1753 0.2758 0.0769 -0.0142 0.0312 -0.0119 0.2640 0.6337 0.5867
1494720000.0000 51450.0000 -0.9171 -0.3914 0.0148 1.1486 66.8877 0.4210 0.2921 0.1218 0.0318 0.0987 -0.0010 0.4174 0.5290 0.4889
1494720000.0000 51750.0000 -0.5536 -0.1961 -0.0086 0.6675 70.4915 0.0982 0.0960 0.0690 0.0066 0.0151 -0.0141 0.1316 0.5042 0.4332
1494720000.0000 52050.0000 -0.5920 0.1532 -0.0829 0.7373 104.5080 0.1157 0.1782 0.0669 0.0359 -0.0062 -0.0217 0.1804 0.5620 0.5119
1494720000.0000 52350.0000 0.0972 -0.1272 -0.0709 0.3767 322.6081 0.1188 0.0671 0.0345 -0.0325 -0.0113 0.0004 0.1102 1.5480 1.5547
1494720000.0000 52650.0000 -0.4580 0.0040 -0.0008 0.5183 90.4951 0.0364 0.0601 0.0258 -0.0018 -0.0009 -0.0014 0.0612 0.4410 0.3917
1494720000.0000 52950.0000 -0.6410 -0.0646 -0.0490 0.7739 84.2433 0.3992 0.2535 0.0922 0.0638 0.0621 -0.0058 0.3725 0.7713 0.7241
1494720000.0000 53250.0000 -0.7769 -0.2867 0.0431 0.9277 69.7428 0.1647 0.1588 0.0718 0.0228 0.0299 -0.0066 0.1976 0.4377 0.3965
1494720000.0000 53550.0000 -0.6077 -0.3491 0.0548 0.7770 60.1282 0.1907 0.1336 0.0579 0.0535 0.0269 0.0237 0.1911 0.5078 0.4692
1494720000.0000 53850.0000 -0.1337 -0.1107 -0.0158 0.4309 50.3707 0.1247 0.0638 0.0169 0.0241 -0.0064 -0.0085 0.1027 1.5013 1.4442
1494720000.0000 54150.0000 0.0831 -0.1468 -0.0458 0.4392 330.5014 0.1098 0.1124 0.0447 0.0085 -0.0203 -0.0221 0.1335 1.7066 1.6133
1494720000.0000 54450.0000 -0.2737 0.0286 -0.0427 0.4571 95.9744 0.1204 0.0855 0.0327 0.0436 -0.0049 -0.0066 0.1193 1.0125 0.9519
1494720000.0000 54750.0000 -0.3658 -0.0773 0.0136 0.4905 78.0684 0.0844 0.1036 0.0327 -0.0003 0.0069 -0.0034 0.1103 0.7250 0.6695
1494720000.0000 55050.0000 -0.1608 -0.2373 0.0513 0.4323 34.1274 0.1007 0.0541 0.0255 -0.0108 0.0135 0.0017 0.0901 0.8418 0.7923
1494720000.0000 55350.0000 0.0356 -0.4517 0.0477 0.7541 355.4927 0.3344 0.1885 0.0714 -0.0146 -0.0681 -0.0135 0.2971 0.9769 0.9214
1494720000.0000 55650.0000 0.4336 -0.4829 -0.0581 0.8882 318.0747 0.2966 0.2291 0.1036 0.0623 -0.0844 -0.0452 0.3147 0.7029 0.6450
1494720000.0000 55950.0000 0.4245 -0.0488 -0.1674 0.9563 276.5607 0.5111 0.4520 0.1514 0.0801 -0.1450 -0.1335 0.5572 1.3279 1.3258
1494720000.0000 56250.0000 0.0613 -0.1526 0.0080 0.5332 338.1183 0.2184 0.1200 0.0504 0.0553 -0.0493 -0.0375 0.1944 2.1874 2.0430
1494720000.0000 56550.0000 -0.0685 0.1956 -0.0601 0.4850 160.7103 0.2291 0.1224 0.0570 -0.0789 -0.0336 -0.0114 0.2042 1.7100 1.6514
1494720000.0000 56850.0000 0.2519 -0.2621 -0.0904 0.7444 316.1373 0.3831 0.1817 0.0874 0.0796 -0.0930 -0.0611 0.3261 1.2449 1.1938
1494720000.0000 57150.0000 0.1355 -0.1460 -0.0513 0.8530 317.1288 0.4737 0.3792 0.1358 0.0777 -0.0973 -0.0902 0.4944 2.7916 2.6773
1494720000.0000 57450.0000 -0.1093 -0.0885 -0.0716 0.5602 51.0021 0.3206 0.0924 0.0578 0.0707 -0.0164 -0.0153 0.2354 2.5096 2.6377
1494720000.0000 57750.0000 -0.2639 0.0270 -0.1087 0.5456 95.8512 0.2332 0.0719 0.0643 0.0510 -0.0135 -0.0033 0.1847 1.2238 1.2019
1494720000.0000 58050.0000 0.1787 0.0352 -0.0941 0.7936 258.8532 0.3390 0.4309 0.1418 0.1105 -0.0970 -0.1332 0.4559 2.6884 2.7808
1494720000.0000 58350.0000 -0.0777 0.5493 -0.2521 1.1775 171.9489 0.9732 0.4690 0.1510 -0.3539 -0.1268 -0.0306 0.7966 1.1960 1.2498
1494720000.0000 58650.0000 0.0359 -0.0016 -0.0125 0.5883 272.4939 0.2255 0.2007 0.0689 -0.0244 -0.0441 -0.0230 0.2475 10.6926 10.5036
1494720000.0000 58950.0000 0.0006 -0.1951 -0.0281 0.5732 359.8231 0.2943 0.0610 0.0542 -0.0002 -0.0508 -0.0127 0.2047 1.8741 1.7637
1494720000.0000 59250.0000 0.0971 -0.0418 -0.0023 0.4893 293.2959 0.1409 0.1212 0.0326 -0.0413 -0.0243 0.0086 0.1473 2.9648 2.7967
1494720000.0000 59550.0000 -0.0595 -0.1313 -0.0345 0.3725 24.3676 0.0964 0.0659 0.0380 -0.0124 0.0027 -0.0139 0.1001 1.7430 1.6133
1494720000.0000 59850.0000 -0.2920 -0.1154 0.0075 0.5362 68.4361 0.1081 0.1578 0.0416 -0.0347 0.0141 -0.0243 0.1538 1.0194 0.9481
1494720000.0000 60150.0000 0.1604 -0.0306 -0.0944 0.4950 280.8032 0.1168 0.1600 0.0594 -0.0040 -0.0191 -0.0305 0.1681 1.7745 1.8601
1494720000.0000 60450.0000 -0.5628 -0.1110 0.0843 0.7195 78.8449 0.2618 0.1206 0.0527 -0.0297 -0.0007 0.0046 0.2175 0.6569 0.6224
1494720000.0000 60750.0000 -0.1807 -0.0915 0.0296 0.4646 63.1385 0.2022 0.0682 0.0301 -0.0464 -0.0200 -0.0102 0.1503 1.5464 1.4825
1494720000.0000 61050.0000 -0.0618 -0.2003 0.0386 0.3754 17.1443 0.0999 0.0315 0.0138 -0.0178 -0.0069 -0.0010 0.0726 1.0324 0.9985
1494720000.0000 61350.0000 -0.1071 -0.0713 -0.0099 0.3220 56.3619 0.0633 0.0503 0.0199 0.0027 -0.0062 -0.0108 0.0667 1.6340 1.5119
1494720000.0000 61650.0000 0.0882 -0.0657 -0.0418 0.4137 306.6708 0.1127 0.0859 0.0366 0.0217 -0.0241 -0.0227 0.1176 2.3800 2.3396
1494720000.0000 61950.0000 -0.3072 -0.1284 0.1073 0.5904 67.3079 0.0813 0.2121 0.0298 -0.0499 0.0084 -0.0320 0.1616 0.9383 0.9393
1494720000.0000 62250.0000 0.2394 -0.0421 -0.0345 0.4338 279.9793 0.1159 0.0835 0.0435 -0.0249 -0.0123 -0.0086 0.1214 1.1591 1.0607
1494720000.0000 62550.0000 0.1514 -0.1696 -0.0190 0.4774 318.2537 0.1706 0.0803 0.0380 -0.0592 -0.0397 0.0155 0.1445 1.3601 1.2719
1494720000.0000 62850.0000 0.1121 -0.2546 0.0441 0.4894 336.2426 0.1226 0.1177 0.0384 0.0385 -0.0251 -0.0268 0.1394 1.0822 1.0174
1494720000.0000 63150.0000 0.0988 0.0325 -0.0843 0.3666 251.8236 0.1214 0.0662 0.0312 -0.0233 -0.0018 -0.0160 0.1094 2.0167 2.4038
1494720000.0000 63450.0000 0.0671 -0.0189 -0.0389 0.4283 285.7292 0.1269 0.1187 0.0243 -0.1024 0.0107 -0.0107 0.1349 3.7580 4.1048
1494720000.0000 63750.0000 0.0258 -0.3396 0.1081 0.4214 355.6618 0.0528 0.0547 0.0140 0.0114 -0.0093 -0.0087 0.0608 0.5634 0.5560
1494720000.0000 64050.0000 0.0409 0.0146 -0.0061 0.3389 250.3624 0.0817 0.0576 0.0157 0.0002 -0.0153 -0.0036 0.0775 5.1886 4.9673
1494720000.0000 64350.0000 0.4860 0.0689 -0.1329 0.5157 261.9364 0.0278 0.0285 0.0164 0.0061 -0.0116 -0.0087 0.0363 0.3061 0.2791
1494720000.0000 64650.0000 0.5787 0.1706 -0.2015 0.6111 253.5741 0.0120 0.0083 0.0081 0.0006 -0.0058 -0.0019 0.0142 0.1531 0.1363
1494720000.0000 64950.0000 0.5348 0.2554 -0.2089 0.6072 244.4694 0.0303 0.0093 0.0098 -0.0054 -0.0099 -0.0006 0.0247 0.2042 0.1939
1494720000.0000 65250.0000 0.6269 0.1819 -0.2511 0.6620 253.8157 0.0199 0.0085 0.0072 -0.0038 -0.0071 0.0009 0.0178 0.1556 0.1490
1494720000.0000 65550.0000 0.5989 0.2334 -0.2390 0.6555 248.7075 0.0213 0.0115 0.0074 -0.0059 -0.0056 -0.0009 0.0201 0.1688 0.1627
1494720000.0000 65850.0000 0.1716 0.3787 -0.1544 0.7272 204.3815 0.3967 0.0621 0.0311 -0.1038 -0.0721 0.0063 0.2450 0.9112 0.9406
1494720000.0000 66150.0000 0.6638 0.1264 -0.1926 0.7095 259.2174 0.0742 0.0388 0.0301 0.0184 -0.0290 -0.0156 0.0715 0.3108 0.2872
1494720000.0000 66450.0000 0.5384 0.1954 -0.1626 0.6253 250.0541 0.0733 0.0317 0.0179 -0.0116 -0.0147 -0.0078 0.0614 0.3399 0.3266
1494720000.0000 66750.0000 0.4782 0.1893 -0.1462 0.6021 248.4082 0.1192 0.0277 0.0140 -0.0146 -0.0255 -0.0020 0.0804 0.4331 0.4301
1494720000.0000 67050.0000 0.5594 0.2659 -0.1762 0.6787 244.5751 0.0830 0.0285 0.0191 -0.0222 -0.0148 -0.0053 0.0653 0.3240 0.3112
1494720000.0000 67350.0000 0.6440 0.2567 -0.1896 0.7145 248.2666 0.0277 0.0239 0.0132 -0.0085 -0.0107 0.0014 0.0324 0.2045 0.1892
1494720000.0000 67650.0000 0.7025 0.1568 -0.2198 0.7341 257.4203 0.0813 0.0185 0.0178 0.0156 -0.0296 -0.0074 0.0588 0.2631 0.2534
1494720000.0000 67950.0000 0.6813 0.1586 -0.2114 0.7072 256.8992 0.0213 0.0095 0.0096 -0.0002 -0.0093 -0.0013 0.0202 0.1587 0.1448
1494720000.0000 68250.0000 0.7091 0.1548 -0.2124 0.7463 257.6852 0.0488 0.0156 0.0149 -0.0105 -0.0171 0.0024 0.0397 0.2151 0.2020
1494720000.0000 68550.0000 0.6966 0.2386 -0.1994 0.7543 251.0910 0.0217 0.0219 0.0135 -0.0055 -0.0100 0.0021 0.0285 0.1808 0.1637
1494720000.0000 68850.0000 0.5802 0.1599 -0.1566 0.6173 254.5941 0.0182 0.0188 0.0104 0.0015 -0.0072 -0.0053 0.0237 0.2020 0.1844
1494720000.0000 69150.0000 0.6901 0.2267 -0.2194 0.7499 251.8158 0.0393 0.0262 0.0105 -0.0062 -0.0108 -0.0031 0.0380 0.2097 0.2033
1494720000.0000 69450.0000 0.9120 0.2612 -0.2678 0.9530 254.0188 0.0183 0.0074 0.0080 0.0001 -0.0074 -0.0007 0.0169 0.1076 0.0976
1494720000.0000 69750.0000 0.8422 0.2158 -0.2357 0.8800 255.6284 0.0319 0.0144 0.0131 -0.0043 -0.0111 -0.0035 0.0297 0.1563 0.1430
1494720000.0000 70050.0000 0.8963 0.1863 -0.2635 0.9246 258.2584 0.0385 0.0126 0.0144 -0.0025 -0.0178 0.0000 0.0327 0.1550 0.1425
1494720000.0000 70350.0000 0.9020 0.2452 -0.2508 0.9458 254.7920 0.0340 0.0164 0.0130 -0.0052 -0.0141 0.0009 0.0317 0.1502 0.1386
1494720000.0000 70650.0000 0.9527 0.2677 -0.2573 1.0013 254.3068 0.0343 0.0193 0.0177 -0.0025 -0.0145 -0.0039 0.0356 0.1507 0.1350
1494720000.0000 70950.0000 0.9758 0.3024 -0.2675 1.0313 252.7806 0.0372 0.0165 0.0159 -0.0017 -0.0169 -0.0013 0.0348 0.1443 0.1310
1494720000.0000 71250.0000 0.8932 0.3039 -0.2533 0.9657 251.2081 0.0508 0.0372 0.0321 -0.0035 -0.0189 -0.0091 0.0601 0.2049 0.1816
1494720000.0000 71550.0000 0.8600 0.2598 -0.2022 0.9102 253.1906 0.0411 0.0199 0.0227 0.0023 -0.0183 -0.0056 0.0419 0.1814 0.1588
1494720000.0000 71850.0000 0.8269 0.2819 -0.2047 0.8875 251.1730 0.0432 0.0239 0.0238 0.0036 -0.0195 -0.0060 0.0455 0.1940 0.1713
1494720000.0000 72150.0000 0.9399 0.2574 -0.2483 0.9812 254.6866 0.0307 0.0108 0.0126 -0.0002 -0.0140 -0.0011 0.0271 0.1336 0.1208
1494720000.0000 72450.0000 0.8947 0.2601 -0.2337 0.9415 253.7935 0.0323 0.0138 0.0153 -0.0041 -0.0131 -0.0004 0.0307 0.1490 0.1331
1494720000.0000 72750.0000 0.8948 0.2459 -0.2264 0.9358 254.6325 0.0267 0.0130 0.0170 -0.0001 -0.0121 -0.0007 0.0283 0.1439 0.1239
1494720000.0000 73050.0000 0.8986 0.2267 -0.2322 0.9441 255.8406 0.0486 0.0325 0.0284 0.0057 -0.0218 -0.0021 0.0547 0.1999 0.1773
1494720000.0000 73350.0000 0.8150 0.2471 -0.2060 0.8700 253.1310 0.0467 0.0250 0.0251 -0.0031 -0.0200 -0.0002 0.0484 0.2050 0.1815
1494720000.0000 73650.0000 0.8647 0.2493 -0.2063 0.9117 253.9153 0.0382 0.0201 0.0196 0.0033 -0.0188 -0.0024 0.0389 0.1745 0.1549
1494720000.0000 73950.0000 0.8916 0.2176 -0.2261 0.9266 256.2853 0.0312 0.0114 0.0135 -0.0055 -0.0134 0.0020 0.0280 0.1446 0.1298
1494720000.0000 74250.0000 0.8796 0.2501 -0.2249 0.9230 254.1292 0.0395 0.0102 0.0121 -0.0041 -0.0154 0.0003 0.0309 0.1524 0.1407
1494720000.0000 74550.0000 0.7942 0.2788 -0.2027 0.8528 250.6536 0.0433 0.0121 0.0129 -0.0034 -0.0153 -0.0005 0.0341 0.1743 0.1615
1494720000.0000 74850.0000 0.6629 0.3650 -0.2053 0.7676 241.1624 0.0125 0.0134 0.0071 -0.0042 -0.0017 -0.0047 0.0165 0.1339 0.1229
1494720000.0000 75150.0000 0.7527 0.3380 -0.2460 0.8342 245.8176 0.0177 0.0111 0.0087 -0.0048 -0.0047 -0.0011 0.0187 0.1298 0.1187
1494720000.0000 75450.0000 0.7814 0.2848 -0.1968 0.8412 249.9712 0.0226 0.0105 0.0076 -0.0062 -0.0074 0.0007 0.0204 0.1365 0.1265
1494720000.0000 75750.0000 0.8487 0.2335 -0.2166 0.8868 254.6152 0.0197 0.0077 0.0061 -0.0044 -0.0066 0.0003 0.0168 0.1166 0.1086
1494720000.0000 76050.0000 0.8399 0.2845 -0.2137 0.8957 251.2874 0.0246 0.0110 0.0078 -0.0044 -0.0072 -0.0007 0.0217 0.1318 0.1229
1494720000.0000 76350.0000 0.8277 0.2137 -0.2019 0.8619 255.5239 0.0209 0.0096 0.0070 -0.0025 -0.0066 -0.0009 0.0187 0.1272 0.1179
1494720000.0000 76650.0000 0.7400 0.2873 -0.2158 0.8002 248.7824 0.0143 0.0066 0.0054 -0.0039 -0.0039 -0.0001 0.0131 0.1137 0.1049
1494720000.0000 76950.0000 0.8485 0.2483 -0.2271 0.8873 253.6867 0.0130 0.0038 0.0047 -0.0018 -0.0049 0.0002 0.0108 0.0929 0.0847
1494720000.0000 77250.0000 0.7961 0.2973 -0.2186 0.8560 249.5224 0.0231 0.0077 0.0074 -0.0010 -0.0075 -0.0003 0.0191 0.1286 0.1192
1494720000.0000 77550.0000 0.7848 0.2854 -0.2022 0.8414 250.0145 0.0142 0.0073 0.0058 -0.0031 -0.0043 -0.0003 0.0136 0.1110 0.1014
1494720000.0000 77850.0000 0.9162 0.1804 -0.2286 0.9372 258.8584 0.0161 0.0068 0.0076 0.0019 -0.0076 -0.0011 0.0152 0.1049 0.0936
1494720000.0000 78150.0000 0.8280 0.2306 -0.1942 0.8640 254.4411 0.0158 0.0059 0.0067 -0.0017 -0.0058 -0.0006 0.0142 0.1106 0.0991
1494720000.0000 78450.0000 0.8899 0.2186 -0.2214 0.9181 256.1985 0.0084 0.0030 0.0038 0.0004 -0.0025 -0.0007 0.0076 0.0755 0.0674
1494720000.0000 78750.0000 0.8761 0.2112 -0.2139 0.9031 256.4474 0.0042 0.0032 0.0029 -0.0003 -0.0012 -0.0006 0.0052 0.0634 0.0554
1494720000.0000 79050.0000 0.8462 0.1538 -0.1919 0.8631 259.6969 0.0075 0.0057 0.0042 0.0023 -0.0021 -0.0001 0.0087 0.0864 0.0771
1494720000.0000 79350.0000 0.6554 0.2191 -0.1936 0.6966 251.5155 0.0163 0.0053 0.0047 -0.0026 -0.0027 -0.0003 0.0132 0.1305 0.1228
1494720000.0000 79650.0000 0.6426 0.4348 -0.2573 0.7798 235.9172 0.0087 0.0102 0.0094 0.0037 -0.0047 -0.0053 0.0142 0.1189 0.1024
1494720000.0000 79950.0000 0.6187 0.3746 -0.2361 0.7277 238.8046 0.0052 0.0087 0.0051 0.0010 -0.0018 -0.0026 0.0095 0.1048 0.0942
1494720000.0000 80250.0000 0.6661 0.3232 -0.2326 0.7467 244.1172 0.0116 0.0085 0.0081 -0.0011 -0.0016 -0.0045 0.0141 0.1248 0.1104
1494720000.0000 80550.0000 0.6317 0.3111 -0.2036 0.7072 243.7834 0.0058 0.0039 0.0053 -0.0002 -0.0008 -0.0013 0.0075 0.0965 0.0809
1494720000.0000 80850.0000 0.5706 0.3057 -0.1971 0.6496 241.8181 0.0039 0.0031 0.0033 0.0004 -0.0005 -0.0009 0.0051 0.0866 0.0745
1494720000.0000 81150.0000 0.6102 0.3861 -0.2429 0.7250 237.6772 0.0048 0.0059 0.0057 0.0016 -0.0021 -0.0028 0.0083 0.0974 0.0830
1494720000.0000 81450.0000 0.5684 0.3371 -0.2208 0.6635 239.3295 0.0045 0.0048 0.0054 0.0013 -0.0021 -0.0015 0.0073 0.1001 0.0840
1494720000.0000 81750.0000 0.6304 0.3859 -0.2551 0.7423 238.5275 0.0047 0.0065 0.0065 0.0015 -0.0023 -0.0034 0.0088 0.0982 0.0828
1494720000.0000 82050.0000 0.5972 0.2401 -0.1640 0.6504 248.0969 0.0107 0.0059 0.0044 -0.0024 -0.0014 0.0003 0.0105 0.1259 0.1156
1494720000.0000 82350.0000 0.6005 0.2789 -0.1955 0.6648 245.0836 0.0068 0.0024 0.0028 -0.0006 0.0002 -0.0006 0.0060 0.0919 0.0838
1494720000.0000 82650.0000 0.5888 0.3127 -0.1927 0.6698 242.0270 0.0067 0.0038 0.0039 0.0001 -0.0012 -0.0014 0.0071 0.0994 0.0884
1494720000.0000 82950.0000 0.4440 0.3062 -0.1746 0.5426 235.4121 0.0054 0.0025 0.0028 0.0000 -0.0017 -0.0006 0.0054 0.1055 0.0953
1494720000.0000 83250.0000 0.6011 0.2959 -0.1807 0.6805 243.7907 0.0129 0.0119 0.0051 -0.0034 -0.0011 -0.0027 0.0150 0.1439 0.1356
1494720000.0000 83550.0000 0.5784 0.4413 -0.2328 0.7333 232.6581 0.0041 0.0099 0.0052 -0.0005 -0.0004 -0.0045 0.0096 0.1048 0.0939
1494720000.0000 83850.0000 0.6230 0.2913 -0.1850 0.6908 244.9366 0.0076 0.0030 0.0038 -0.0006 -0.0016 -0.0003 0.0072 0.0973 0.0866
1494720000.0000 84150.0000 0.6886 0.2206 -0.1683 0.7262 252.2390 0.0068 0.0041 0.0039 -0.0000 -0.0023 -0.0009 0.0074 0.0947 0.0834
1494720000.0000 84450.0000 0.6978 0.2605 -0.2068 0.7575 249.5257 0.0161 0.0177 0.0072 -0.0008 -0.0059 -0.0029 0.0205 0.1513 0.1425
1494720000.0000 84750.0000 0.6425 0.3138 -0.1691 0.7246 243.9703 0.0211 0.0061 0.0043 -0.0068 -0.0053 0.0018 0.0157 0.1394 0.1330
1494720000.0000 85050.0000 0.6501 0.2117 -0.1820 0.6913 251.9640 0.0203 0.0053 0.0036 -0.0055 -0.0045 0.0009 0.0146 0.1395 0.1351
1494720000.0000 85350.0000 0.6223 0.2817 -0.1749 0.6883 245.6474 0.0122 0.0047 0.0039 -0.0018 -0.0022 -0.0004 0.0104 0.1182 0.1100
1494720000.0000 85650.0000 0.6118 0.2728 -0.2125 0.6775 245.9692 0.0113 0.0079 0.0046 -0.0034 -0.0031 0.0002 0.0119 0.1266 0.1194
1494720000.0000 85950.0000 0.6171 0.3021 -0.1895 0.6927 243.9156 0.0090 0.0062 0.0043 -0.0019 -0.0032 -0.0004 0.0097 0.1131 0.1036
1494720000.0000 86250.0000 0.8018 0.2479 -0.2263 0.8433 252.8216 0.0176 0.0048 0.0051 -0.0009 -0.0054 -0.0001 0.0137 0.1099 0.1028
1494806400.0000 86550.0000 0.7648 0.2920 -0.2057 0.8245 249.1037 0.0230 0.0057 0.0070 -0.0021 -0.0070 -0.0008 0.0179 0.1293 0.1196
1494806400.0000 86850.0000 0.6800 0.2610 -0.1704 0.7326 249.0002 0.0131 0.0042 0.0048 -0.0015 -0.0034 -0.0007 0.0110 0.1147 0.1043
1494806400.0000 87150.0000 0.6416 0.2725 -0.2127 0.7005 246.9901 0.0096 0.0041 0.0051 0.0002 -0.0017 -0.0012 0.0094 0.1089 0.0972
1494806400.0000 87450.0000 0.6164 0.2602 -0.1746 0.6724 247.1096 0.0101 0.0032 0.0045 -0.0002 -0.0029 -0.0009 0.0089 0.1115 0.0995
1494806400.0000 87750.0000 0.5498 0.2966 -0.2056 0.6291 241.6533 0.0051 0.0048 0.0037 -0.0008 -0.0007 -0.0011 0.0068 0.1025 0.0922
1494806400.0000 88050.0000 0.5750 0.2882 -0.1778 0.6496 243.3835 0.0123 0.0045 0.0036 -0.0035 -0.0010 -0.0006 0.0102 0.1237 0.1164
1494806400.0000 88350.0000 0.6126 0.2703 -0.1994 0.6838 246.1892 0.0198 0.0124 0.0043 -0.0067 -0.0026 -0.0015 0.0182 0.1579 0.1547
1494806400.0000 88650.0000 0.6653 0.2471 -0.1736 0.7173 249.6290 0.0185 0.0090 0.0062 -0.0002 -0.0063 -0.0011 0.0168 0.1451 0.1348
1494806400.0000 88950.0000 0.7675 0.2398 -0.1968 0.8093 252.6475 0.0131 0.0053 0.0039 -0.0029 -0.0033 -0.0003 0.0112 0.1042 0.0973
1494806400.0000 89250.0000 0.7664 0.2018 -0.1948 0.7972 255.2504 0.0127 0.0053 0.0055 -0.0028 -0.0052 0.0004 0.0117 0.1084 0.0977
1494806400.0000 89550.0000 0.7599 0.1680 -0.1921 0.7826 257.5349 0.0154 0.0068 0.0064 0.0021 -0.0073 -0.0015 0.0143 0.1218 0.1107
1494806400.0000 89850.0000 0.6700 0.2414 -0.1510 0.7160 250.1821 0.0141 0.0039 0.0059 -0.0003 -0.0057 -0.0009 0.0120 0.1227 0.1090
1494806400.0000 90150.0000 0.6190 0.1850 -0.1453 0.6519 253.3626 0.0149 0.0057 0.0059 -0.0022 -0.0059 0.0001 0.0132 0.1417 0.1281
1494806400.0000 90450.0000 0.5945 0.2466 -0.1533 0.6466 247.4722 0.0099 0.0024 0.0038 -0.0005 -0.0023 -0.0006 0.0081 0.1110 0.0998
1494806400.0000 90750.0000 0.7227 0.2148 -0.1734 0.7606 253.4444 0.0165 0.0074 0.0056 -0.0032 -0.0063 0.0002 0.0147 0.1279 0.1182
1494806400.0000 91050.0000 0.6765 0.2376 -0.1847 0.7230 250.6497 0.0151 0.0055 0.0045 -0.0035 -0.0044 0.0002 0.0126 0.1237 0.1156
1494806400.0000 91350.0000 0.5694 0.3021 -0.1783 0.6466 242.0505 0.0030 0.0026 0.0029 0.0001 -0.0005 -0.0008 0.0043 0.0796 0.0671
1494806400.0000 91650.0000 0.5834 0.3055 -0.2117 0.6618 242.3654 0.0050 0.0041 0.0035 -0.0001 -0.0006 -0.0009 0.0063 0.0939 0.0839
1494806400.0000 91950.0000 0.3640 0.3271 -0.1454 0.5257 228.0563 0.0652 0.0096 0.0112 0.0114 -0.0183 -0.0047 0.0430 0.3315 0.3225
1494806400.0000 92250.0000 0.4287 0.3684 -0.1622 0.5696 229.3286 0.0133 0.0072 0.0076 0.0055 -0.0071 -0.0053 0.0140 0.1645 0.1461
1494806400.0000 92550.0000 0.5092 0.3556 -0.2316 0.6238 235.0674 0.0041 0.0046 0.0046 0.0011 -0.0018 -0.0017 0.0067 0.1004 0.0867
1494806400.0000 92850.0000 0.5977 0.3437 -0.2172 0.6928 240.0997 0.0043 0.0056 0.0060 0.0006 -0.0015 -0.0025 0.0080 0.1007 0.0834
1494806400.0000 93150.0000 0.5916 0.4012 -0.2348 0.7172 235.8572 0.0031 0.0048 0.0044 0.0009 -0.0013 -0.0019 0.0061 0.0850 0.0716
1494806400.0000 93450.0000 0.5681 0.3405 -0.2219 0.6645 239.0647 0.0024 0.0031 0.0039 0.0000 -0.0009 -0.0010 0.0047 0.0804 0.0651
1494806400.0000 93750.0000 0.5592 0.3598 -0.2100 0.6681 237.2383 0.0040 0.0063 0.0054 0.0014 -0.0014 -0.0028 0.0078 0.1036 0.0881
1494806400.0000 94050.0000 0.4861 0.3479 -0.1913 0.6010 234.4061 0.0079 0.0046 0.0043 0.0020 -0.0028 -0.0020 0.0084 0.1192 0.1081
1494806400.0000 94350.0000 0.6512 0.4723 -0.3119 0.8077 234.0469 0.0095 0.0102 0.0080 0.0051 -0.0048 -0.0060 0.0138 0.1113 0.1007
1494806400.0000 94650.0000 0.6585 0.4402 -0.2706 0.7972 236.2370 0.0062 0.0138 0.0087 0.0035 -0.0035 -0.0073 0.0143 0.1167 0.1030
1494806400.0000 94950.0000 0.6192 0.3121 -0.1919 0.6980 243.2516 0.0089 0.0055 0.0056 -0.0007 -0.0010 -0.0025 0.0100 0.1135 0.0999
1494806400.0000 95250.0000 0.5933 0.2983 -0.1908 0.6674 243.3114 0.0073 0.0043 0.0046 0.0003 -0.0019 -0.0015 0.0081 0.1065 0.0937
1494806400.0000 95550.0000 0.6363 0.3248 -0.2306 0.7187 242.9588 0.0094 0.0054 0.0053 -0.0003 -0.0018 -0.0010 0.0101 0.1093 0.0985
1494806400.0000 95850.0000 0.6285 0.3009 -0.2047 0.6995 244.4182 0.0066 0.0028 0.0034 -0.0004 -0.0005 -0.0004 0.0064 0.0902 0.0805
1494806400.0000 96150.0000 0.5545 0.2728 -0.1863 0.6222 243.8068 0.0220 0.0038 0.0037 0.0020 -0.0037 -0.0013 0.0147 0.1534 0.1499
1494806400.0000 96450.0000 0.5348 0.2610 -0.1578 0.5978 243.9841 0.0084 0.0027 0.0031 0.0005 -0.0010 -0.0004 0.0071 0.1120 0.1024
1494806400.0000 96750.0000 0.7372 0.2942 -0.2026 0.7964 248.2469 0.0136 0.0033 0.0068 0.0010 -0.0050 -0.0010 0.0118 0.1085 0.0946
1494806400.0000 97050.0000 0.6732 0.2639 -0.1710 0.7259 248.5924 0.0137 0.0031 0.0063 0.0010 -0.0040 -0.0014 0.0116 0.1183 0.1036
1494806400.0000 97350.0000 0.4020 0.2722 -0.1454 0.4982 235.9039 0.0200 0.0051 0.0037 -0.0011 -0.0040 -0.0006 0.0144 0.1933 0.1882
1494806400.0000 97650.0000 0.5720 0.2946 -0.1909 0.6461 242.7494 0.0050 0.0031 0.0047 -0.0001 -0.0010 -0.0009 0.0064 0.0974 0.0809
1494806400.0000 97950.0000 0.4967 0.3186 -0.1897 0.5957 237.3225 0.0082 0.0053 0.0055 -0.0005 -0.0027 -0.0011 0.0095 0.1282 0.1136
1494806400.0000 98250.0000 0.6719 0.2228 -0.1810 0.7101 251.6554 0.0071 0.0041 0.0048 0.0022 -0.0036 -0.0017 0.0080 0.1000 0.0865
1494806400.0000 98550.0000 0.4817 0.1289 -0.1008 0.5033 255.0152 0.0099 0.0046 0.0028 0.0014 -0.0017 -0.0014 0.0086 0.1491 0.1392
1494806400.0000 98850.0000 0.4221 0.2438 -0.0945 0.5233 239.9914 0.0179 0.0274 0.0057 -0.0143 -0.0005 -0.0021 0.0255 0.2625 0.2520
1494806400.0000 99150.0000 0.4028 0.2725 -0.0893 0.4928 235.9283 0.0057 0.0048 0.0027 -0.0011 -0.0012 -0.0013 0.0066 0.1344 0.1221
1494806400.0000 99450.0000 0.4262 0.3360 -0.1434 0.5475 231.7434 0.0054 0.0049 0.0040 0.0001 -0.0009 -0.0025 0.0071 0.1226 0.1076
1494806400.0000 99750.0000 0.5645 0.2243 -0.1403 0.6120 248.3297 0.0090 0.0032 0.0026 -0.0023 -0.0006 -0.0003 0.0074 0.1127 0.1048
1494806400.0000 100050.0000 0.6228 0.2415 -0.1498 0.6712 248.8057 0.0116 0.0039 0.0050 0.0010 -0.0052 -0.0008 0.0103 0.1208 0.1075
1494806400.0000 100350.0000 0.5095 0.2422 -0.1591 0.5676 244.5784 0.0075 0.0038 0.0027 0.0005 0.0000 -0.0003 0.0070 0.1165 0.1086
1494806400.0000 100650.0000 0.5256 0.2036 -0.1596 0.5686 248.8228 0.0083 0.0034 0.0025 -0.0024 -0.0017 0.0006 0.0071 0.1178 0.1110
1494806400.0000 100950.0000 0.6333 0.2432 -0.1734 0.6843 248.9953 0.0139 0.0052 0.0043 -0.0026 -0.0028 -0.0004 0.0117 0.1260 0.1175
1494806400.0000 101250.0000 0.6646 0.2259 -0.1599 0.7102 251.2294 0.0197 0.0088 0.0076 -0.0016 -0.0076 -0.0010 0.0181 0.1524 0.1390
1494806400.0000 101550.0000 0.5708 0.1826 -0.1494 0.6102 252.2621 0.0158 0.0113 0.0051 -0.0019 -0.0042 -0.0024 0.0161 0.1676 0.1586
1494806400.0000 101850.0000 0.5752 0.1334 -0.1668 0.5976 256.9437 0.0139 0.0073 0.0034 -0.0003 -0.0034 -0.0003 0.0123 0.1474 0.1421
1494806400.0000 102150.0000 0.5066 0.1929 -0.1501 0.5444 249.1565 0.0084 0.0021 0.0040 0.0006 -0.0033 -0.0004 0.0073 0.1237 0.1094
1494806400.0000 102450.0000 0.4879 0.2422 -0.1215 0.5501 243.6028 0.0086 0.0069 0.0031 0.0016 -0.0019 -0.0022 0.0093 0.1411 0.1320
1494806400.0000 102750.0000 0.4560 0.2736 -0.1727 0.5377 239.0354 0.0051 0.0053 0.0026 -0.0015 0.0000 -0.0020 0.0065 0.1176 0.1105
1494806400.0000 103050.0000 0.5359 0.2129 -0.1515 0.5798 248.3373 0.0047 0.0028 0.0030 -0.0009 -0.0008 -0.0004 0.0052 0.0987 0.0863
1494806400.0000 103350.0000 0.4079 0.2493 -0.1379 0.4814 238.5740 0.0034 0.0054 0.0043 0.0016 -0.0019 -0.0023 0.0065 0.1327 0.1131
1494806400.0000 103650.0000 0.4466 0.2773 -0.1137 0.5293 238.1629 0.0038 0.0061 0.0039 0.0015 -0.0016 -0.0028 0.0069 0.1264 0.1096
1494806400.0000 103950.0000 0.5247 0.3219 -0.1671 0.6365 238.4712 0.0215 0.0166 0.0067 -0.0100 -0.0052 -0.0004 0.0224 0.1915 0.1829
1494806400.0000 104250.0000 0.5891 0.2154 -0.1695 0.6400 249.9109 0.0133 0.0104 0.0044 -0.0076 -0.0021 0.0006 0.0141 0.1493 0.1420
1494806400.0000 104550.0000 0.4776 0.2583 -0.1321 0.5547 241.5901 0.0119 0.0089 0.0049 -0.0035 -0.0027 -0.0004 0.0129 0.1658 0.1535
1494806400.0000 104850.0000 0.6188 0.1975 -0.1698 0.6599 252.2984 0.0200 0.0106 0.0076 -0.0020 -0.0061 -0.0008 0.0191 0.1682 0.1556
1494806400.0000 105150.0000 0.5569 0.1103 -0.1245 0.5759 258.7926 0.0188 0.0087 0.0070 0.0016 -0.0063 -0.0007 0.0173 0.1846 0.1688
1494806400.0000 105450.0000 0.2197 0.1242 -0.0415 0.2709 240.5121 0.0149 0.0028 0.0053 -0.0020 -0.0044 0.0006 0.0115 0.3423 0.3040
1494806400.0000 105750.0000 0.1971 0.1950 -0.0704 0.2916 225.2934 0.0179 0.0068 0.0068 0.0069 -0.0094 -0.0044 0.0158 0.3583 0.3275
1494806400.0000 106050.0000 0.4274 0.1306 -0.1322 0.4718 253.0119 0.0166 0.0162 0.0057 -0.0081 -0.0039 0.0014 0.0193 0.2431 0.2341
1494806400.0000 106350.0000 0.2461 0.2097 -0.0394 0.3377 229.5726 0.0096 0.0076 0.0064 -0.0009 -0.0044 -0.0008 0.0118 0.2723 0.2339
1494806400.0000 106650.0000 0.3733 0.2445 -0.1367 0.4507 236.7760 0.0037 0.0039 0.0025 -0.0003 -0.0009 -0.0013 0.0050 0.1239 0.1126
1494806400.0000 106950.0000 0.4514 0.1431 -0.1183 0.4784 252.4151 0.0096 0.0032 0.0034 -0.0011 -0.0029 0.0001 0.0081 0.1506 0.1379
1494806400.0000 107250.0000 0.2874 0.1587 -0.0794 0.3461 241.1033 0.0073 0.0144 0.0054 0.0043 -0.0037 -0.0066 0.0136 0.2814 0.2591
1494806400.0000 107550.0000 0.3059 0.2336 -0.1025 0.3874 232.6291 0.0024 0.0017 0.0019 0.0002 -0.0009 -0.0005 0.0030 0.1129 0.0963
1494806400.0000 107850.0000 0.3305 0.2088 -0.0990 0.3939 237.7177 0.0032 0.0014 0.0010 -0.0005 -0.0004 -0.0001 0.0028 0.1072 0.0998
1494806400.0000 108150.0000 0.2834 0.2063 -0.0915 0.3534 233.9484 0.0052 0.0018 0.0019 0.0013 -0.0017 -0.0007 0.0045 0.1507 0.1383
1494806400.0000 108450.0000 0.2229 0.1111 -0.0533 0.2532 243.5139 0.0022 0.0019 0.0016 -0.0000 -0.0012 -0.0003 0.0029 0.1716 0.1491
1494806400.0000 108750.0000 0.1182 0.0407 -0.0113 0.1363 251.0123 0.0020 0.0026 0.0013 -0.0002 0.0002 -0.0009 0.0029 0.3515 0.3127
1494806400.0000 109050.0000 -0.1027 0.0518 0.0008 0.1439 116.7427 0.0064 0.0050 0.0012 0.0038 -0.0004 -0.0001 0.0063 0.5636 0.5361
1494806400.0000 109350.0000 0.1202 -0.1444 0.0171 0.2084 320.2157 0.0101 0.0036 0.0021 -0.0002 -0.0033 -0.0003 0.0079 0.3853 0.3598
1494806400.0000 109650.0000 0.1099 0.0149 -0.0268 0.1817 262.2757 0.0105 0.0187 0.0056 0.0071 -0.0040 -0.0059 0.0174 0.9438 0.8890
1494806400.0000 109950.0000 0.1573 0.0895 -0.0670 0.1992 240.3513 0.0063 0.0068 0.0051 0.0010 -0.0028 -0.0010 0.0091 0.4035 0.3649
1494806400.0000 110250.0000 0.0647 0.0623 -0.0434 0.1653 226.0776 0.0131 0.0124 0.0069 0.0024 -0.0027 -0.0037 0.0162 1.0413 1.0262
1494806400.0000 110550.0000 -0.2419 -0.0618 0.0184 0.3039 75.6667 0.0414 0.0225 0.0183 0.0081 -0.0056 0.0045 0.0411 0.6610 0.5844
1494806400.0000 110850.0000 -0.1046 -0.0507 0.0640 0.2092 64.1491 0.0241 0.0166 0.0093 -0.0062 -0.0059 0.0013 0.0250 0.9717 1.0012
1494806400.0000 111150.0000 -0.2199 -0.0262 0.0621 0.2777 83.1981 0.0614 0.0099 0.0083 -0.0050 0.0115 0.0008 0.0398 0.7082 0.6961
1494806400.0000 111450.0000 -0.5416 -0.1142 -0.0228 0.5766 78.0895 0.0298 0.0269 0.0237 0.0052 0.0039 0.0056 0.0402 0.2955 0.2484
1494806400.0000 111750.0000 -0.4871 -0.0382 -0.0728 0.5253 85.5130 0.0433 0.0336 0.0211 0.0057 -0.0068 -0.0071 0.0490 0.3659 0.3278
1494806400.0000 112050.0000 -0.4555 -0.0958 0.0532 0.5370 78.1187 0.1280 0.0510 0.0246 -0.0214 0.0150 -0.0000 0.1018 0.5561 0.5248
1494806400.0000 112350.0000 -0.1945 -0.2837 0.1232 0.4849 34.4293 0.0665 0.0885 0.0249 -0.0385 0.0027 -0.0014 0.0899 0.6702 0.6608
1494806400.0000 112650.0000 -0.2642 -0.2376 0.1445 0.4792 48.0354 0.1029 0.0490 0.0236 -0.0189 -0.0092 0.0058 0.0878 0.6307 0.6334
1494806400.0000 112950.0000 -0.0220 -0.3458 0.0712 0.3758 3.6321 0.0106 0.0386 0.0119 -0.0053 -0.0013 0.0045 0.0305 0.4034 0.3696
1494806400.0000 113250.0000 -0.1061 -0.1742 0.0155 0.3804 31.3457 0.1131 0.0446 0.0336 0.0071 0.0251 -0.0125 0.0956 1.2345 1.1242
1494806400.0000 113550.0000 -0.3971 -0.0729 0.0218 0.5626 79.6007 0.0829 0.1209 0.0543 -0.0327 0.0205 -0.0368 0.1291 0.7256 0.6457
1494806400.0000 113850.0000 -0.5214 -0.0783 -0.0041 0.5988 81.4605 0.0468 0.0734 0.0287 -0.0063 0.0035 0.0060 0.0744 0.4225 0.3796
1494806400.0000 114150.0000 -0.3753 0.0027 0.0136 0.4551 90.4087 0.0497 0.0819 0.0247 -0.0139 0.0116 -0.0079 0.0782 0.6079 0.5582
1494806400.0000 114450.0000 -0.3497 0.0938 -0.0506 0.4949 105.0109 0.0545 0.1001 0.0328 0.0070 0.0012 -0.0199 0.0937 0.6839 0.6272
1494806400.0000 114750.0000 -0.3424 -0.0423 -0.0197 0.4244 82.9543 0.0403 0.0535 0.0378 0.0112 -0.0001 -0.0188 0.0658 0.6060 0.5123
1494806400.0000 115050.0000 -0.3243 -0.2281 0.0900 0.4667 54.8850 0.0582 0.0401 0.0185 -0.0141 0.0169 -0.0045 0.0584 0.4854 0.4566
1494806400.0000 115350.0000 -0.4227 0.0661 -0.0042 0.5309 98.8872 0.0661 0.1002 0.0510 -0.0206 0.0204 -0.0223 0.1086 0.6289 0.5503
1494806400.0000 115650.0000 -0.4074 0.0155 0.0170 0.5963 92.1764 0.1013 0.1467 0.0483 0.0181 -0.0095 -0.0266 0.1481 0.7701 0.7052
1494806400.0000 115950.0000 -0.3057 0.0118 -0.0200 0.4300 92.2194 0.0563 0.0949 0.0385 -0.0015 -0.0009 -0.0125 0.0948 0.8203 0.7339
1494806400.0000 116250.0000 -0.4611 0.0405 0.0104 0.5906 95.0151 0.0537 0.1369 0.0486 0.0130 0.0163 -0.0015 0.1196 0.6100 0.5446
1494806400.0000 116550.0000 -0.4031 0.1259 -0.0615 0.5232 107.3430 0.0503 0.1032 0.0396 0.0032 0.0058 -0.0176 0.0965 0.5944 0.5356
1494806400.0000 116850.0000 -0.3620 -0.0192 -0.0977 0.4909 86.9600 0.0792 0.0822 0.0319 0.0277 -0.0009 -0.0103 0.0967 0.6761 0.6397
1494806400.0000 117150.0000 -0.0689 -0.2075 0.0401 0.3940 18.3686 0.0537 0.0875 0.0336 -0.0267 0.0038 -0.0282 0.0874 1.0858 0.9923
1494806400.0000 117450.0000 -0.0376 -0.1702 0.0524 0.2970 12.4522 0.0267 0.0582 0.0191 -0.0048 -0.0016 -0.0173 0.0520 1.0233 0.9654
1494806400.0000 117750.0000 -0.5903 -0.0347 -0.0380 0.6332 86.6315 0.0591 0.0425 0.0419 -0.0120 0.0054 0.0011 0.0718 0.3692 0.3113
1494806400.0000 118050.0000 -0.7086 0.1352 0.0095 0.7696 100.7997 0.0962 0.0716 0.0398 -0.0106 -0.0099 -0.0008 0.1038 0.3646 0.3278
1494806400.0000 118350.0000 -0.0754 -0.3340 0.1091 0.4870 12.7259 0.0878 0.0684 0.0191 -0.0438 0.0004 0.0000 0.0877 0.6728 0.6665
1494806400.0000 118650.0000 -0.6465 -0.1763 0.0167 0.8179 74.7445 0.1365 0.1814 0.0801 0.0280 0.0080 0.0004 0.1990 0.5433 0.4857
1494806400.0000 118950.0000 -0.5510 -0.1330 0.0128 0.6752 76.4309 0.1295 0.1081 0.0729 0.0171 0.0257 -0.0101 0.1553 0.5674 0.4965
1494806400.0000 119250.0000 -0.0474 -0.1735 0.0320 0.4283 15.2794 0.0821 0.1259 0.0498 0.0118 -0.0038 -0.0364 0.1289 1.6045 1.4638
1494806400.0000 119550.0000 -0.2324 -0.2926 0.0925 0.4892 38.4554 0.1060 0.0681 0.0241 -0.0224 -0.0034 -0.0039 0.0991 0.6676 0.6446
1494806400.0000 119850.0000 -0.4400 -0.2595 0.1007 0.7002 59.4658 0.1606 0.1837 0.0579 -0.0464 -0.0034 -0.0105 0.2011 0.7033 0.6632
1494806400.0000 120150.0000 -0.3860 -0.2153 0.1011 0.6543 60.8501 0.1794 0.1662 0.0569 -0.0452 -0.0043 -0.0135 0.2013 0.8080 0.7680
1494806400.0000 120450.0000 -0.3778 -0.2295 0.0121 0.5864 58.7200 0.1972 0.0923 0.0593 -0.0046 -0.0134 -0.0205 0.1744 0.7711 0.7028
1494806400.0000 120750.0000 -0.4770 -0.1989 0.0917 0.6913 67.3636 0.1700 0.1628 0.0763 -0.0668 0.0065 0.0175 0.2045 0.7035 0.6444
1494806400.0000 121050.0000 -0.5646 0.3026 0.0990 0.8301 118.1927 0.2203 0.2871 0.0649 -0.0758 0.0421 -0.0274 0.2861 0.6738 0.6420
1494806400.0000 121350.0000 -0.1771 -0.1519 0.0741 0.5123 49.3752 0.1742 0.1088 0.0473 -0.0510 0.0050 -0.0101 0.1652 1.3555 1.3164
1494806400.0000 121650.0000 -0.1246 -0.2326 0.1095 0.4489 28.1792 0.0889 0.0977 0.0328 -0.0280 0.0023 -0.0166 0.1097 0.9465 0.9451
1494806400.0000 121950.0000 -0.2949 -0.2530 0.1212 0.5894 49.3799 0.0955 0.1640 0.0488 -0.0539 0.0105 -0.0264 0.1542 0.7876 0.7570
1494806400.0000 122250.0000 -0.2972 -0.2127 0.1052 0.5178 54.4134 0.1513 0.0855 0.0369 -0.0214 0.0152 0.0052 0.1369 0.7943 0.7688
1494806400.0000 122550.0000 -0.3951 -0.1151 0.1383 0.5800 73.7590 0.0848 0.1478 0.0509 -0.0021 0.0169 0.0015 0.1417 0.7080 0.6766
1494806400.0000 122850.0000 -0.3058 -0.3546 0.1040 0.6342 40.7792 0.1889 0.1081 0.0527 -0.0214 -0.0210 0.0054 0.1749 0.7118 0.6720
1494806400.0000 123150.0000 -0.1877 -0.1988 0.0903 0.5855 43.3610 0.2447 0.1317 0.0370 -0.0816 0.0031 -0.0022 0.2067 1.2891 1.2955
1494806400.0000 123450.0000 -0.2492 -0.1393 0.0449 0.5436 60.7960 0.1221 0.1564 0.0803 -0.0064 -0.0000 -0.0097 0.1794 1.1967 1.0673
1494806400.0000 123750.0000 -0.5083 -0.1112 -0.0080 0.8587 77.6584 0.3391 0.3144 0.0970 0.0477 0.0032 -0.0210 0.3752 0.9611 0.8970
1494806400.0000 124050.0000 -0.7330 -0.0060 0.0110 0.8454 89.5327 0.2185 0.1672 0.0665 0.0777 0.0114 0.0113 0.2261 0.5297 0.4892
1494806400.0000 124350.0000 -0.3838 0.1378 -0.0434 0.5449 109.7483 0.0700 0.1445 0.0583 -0.0252 0.0182 -0.0222 0.1364 0.7354 0.6558
1494806400.0000 124650.0000 -0.4689 -0.1216 0.1557 0.8330 75.4669 0.1795 0.4130 0.0584 -0.1586 0.0212 -0.0210 0.3254 0.9155 0.9175
1494806400.0000 124950.0000 -0.2112 -0.3958 0.1617 0.6269 28.0816 0.1634 0.1470 0.0662 -0.0638 -0.0082 0.0067 0.1883 0.7429 0.7170
1494806400.0000 125250.0000 -0.4369 -0.0634 0.0960 0.7775 81.7417 0.2009 0.3774 0.0853 -0.0793 -0.0151 -0.0304 0.3318 1.0408 0.9944
1494806400.0000 125550.0000 -0.4651 0.1800 -0.0513 0.6511 111.1600 0.1935 0.1398 0.0869 0.0060 -0.0091 -0.0326 0.2101 0.7465 0.6683
1494806400.0000 125850.0000 -0.6863 -0.0778 -0.0158 0.8392 83.5339 0.2177 0.1970 0.0932 0.0479 0.0377 0.0064 0.2539 0.5955 0.5383
1494806400.0000 126150.0000 -0.5257 -0.0651 -0.0721 0.6517 82.9407 0.1595 0.1376 0.0760 0.0370 0.0288 0.0045 0.1865 0.6595 0.5940
1494806400.0000 126450.0000 -0.5026 -0.1664 0.0355 0.7669 71.6816 0.1891 0.2599 0.0655 -0.0463 0.0241 0.0032 0.2573 0.7804 0.7307
1494806400.0000 126750.0000 -0.6513 -0.0357 -0.0802 0.8998 86.8643 0.2868 0.3664 0.1088 0.1409 0.0126 -0.0398 0.3809 0.7668 0.7153
1494806400.0000 127050.0000 -0.8431 -0.0944 -0.0498 1.0579 83.6142 0.1785 0.4109 0.1529 0.0395 0.0277 -0.0527 0.3712 0.5853 0.5225
1494806400.0000 127350.0000 -0.7335 0.2713 -0.0821 1.0369 110.2965 0.2641 0.3931 0.1796 0.0498 0.0092 -0.0723 0.4184 0.6717 0.5985
1494806400.0000 127650.0000 -0.3611 0.0878 0.0137 0.5571 103.6724 0.1697 0.1168 0.0759 -0.0363 0.0035 -0.0305 0.1812 0.9346 0.8315
1494806400.0000 127950.0000 -0.9691 -0.0570 -0.0398 1.1808 86.6315 0.2511 0.5113 0.1572 0.0263 0.0191 -0.0042 0.4598 0.5699 0.5193
1494806400.0000 128250.0000 -0.5723 0.0250 0.0358 0.7166 92.4989 0.1717 0.1407 0.1091 0.0381 0.0110 -0.0280 0.2108 0.6531 0.5634
1494806400.0000 128550.0000 -0.3051 -0.5017 0.0486 0.8236 31.3057 0.4321 0.0962 0.0781 -0.0351 0.0577 0.0137 0.3032 0.7631 0.7147
1494806400.0000 128850.0000 -0.6082 -0.1498 0.0426 0.7766 76.1627 0.1605 0.1696 0.0638 -0.0051 0.0021 0.0164 0.1970 0.5772 0.5296
1494806400.0000 129150.0000 -0.3241 -0.2352 0.0272 0.6200 54.0242 0.2791 0.0966 0.0898 0.0302 -0.0139 -0.0026 0.2327 0.9814 0.8837
1494806400.0000 129450.0000 -0.5023 0.0865 -0.1208 0.6895 99.7728 0.1883 0.1679 0.0825 -0.0073 -0.0164 -0.0278 0.2193 0.7299 0.6759
1494806400.0000 129750.0000 -0.8133 0.1621 -0.0978 1.0806 101.2719 0.3152 0.5637 0.1786 -0.0519 0.0703 -0.0799 0.5288 0.7110 0.6527
1494806400.0000 130050.0000 -0.5317 -0.0395 -0.0803 0.7453 85.7466 0.2063 0.2170 0.1212 0.0108 0.0323 -0.0549 0.2722 0.7901 0.7045
1494806400.0000 130350.0000 -0.5389 0.1222 -0.0665 0.8546 102.7754 0.2773 0.2971 0.1413 0.0743 0.0113 -0.0614 0.3579 0.8776 0.7919
1494806400.0000 130650.0000 -0.5424 -0.0870 -0.0115 0.6629 80.8922 0.1541 0.1257 0.0926 0.0190 0.0260 -0.0039 0.1862 0.6412 0.5559
1494806400.0000 130950.0000 -0.5878 -0.1992 -0.0580 0.7591 71.2786 0.2100 0.1943 0.0873 0.0776 0.0340 0.0192 0.2458 0.6495 0.5916
1494806400.0000 131250.0000 -0.3091 0.1094 -0.0841 0.5166 109.4919 0.1569 0.1700 0.0584 0.0155 0.0095 0.0075 0.1926 1.0585 1.0065
1494806400.0000 131550.0000 -0.5591 -0.0667 -0.0580 0.7586 83.1922 0.1644 0.2170 0.0742 0.0179 -0.0025 -0.0461 0.2278 0.6885 0.6332
1494806400.0000 131850.0000 -0.4688 -0.1499 0.0605 0.7003 72.2642 0.1798 0.2081 0.0994 -0.0243 0.0300 -0.0576 0.2437 0.8127 0.7306
1494806400.0000 132150.0000 -0.5992 -0.2136 -0.0108 0.8181 70.3825 0.2713 0.2044 0.0768 0.0550 0.0288 -0.0134 0.2762 0.6745 0.6260
1494806400.0000 132450.0000 -0.0537 -0.0886 -0.1252 0.5146 31.2189 0.2063 0.1025 0.0588 -0.0573 -0.0310 0.0004 0.1838 2.1538 3.0964
1494806400.0000 132750.0000 -0.1647 -0.2532 0.0630 0.4755 33.0535 0.1218 0.0585 0.0299 -0.0404 -0.0083 0.0038 0.1051 0.8580 0.8117
1494806400.0000 133050.0000 -0.5451 -0.2867 0.0507 0.6851 62.2566 0.1099 0.0564 0.0559 -0.0020 0.0159 0.0059 0.1111 0.4403 0.3822
1494806400.0000 133350.0000 -0.1003 0.0121 -0.1147 0.3014 96.8703 0.0583 0.0590 0.0336 -0.0136 0.0104 -0.0007 0.0755 1.4670 1.9572
1494806400.0000 133650.0000 -0.0588 -0.1861 0.0418 0.3696 17.5471 0.0386 0.0855 0.0271 -0.0087 -0.0070 -0.0077 0.0756 1.1249 1.0422
1494806400.0000 133950.0000 0.1794 -0.4434 0.1052 0.5612 337.9674 0.0858 0.0611 0.0546 -0.0128 -0.0137 0.0008 0.1008 0.5293 0.4627
1494806400.0000 134250.0000 -0.5448 -0.1854 -0.0119 0.6772 71.2037 0.1248 0.1284 0.0668 0.0245 0.0109 0.0069 0.1600 0.5675 0.5049
1494806400.0000 134550.0000 -0.6734 0.0388 -0.1283 0.8812 93.2970 0.1472 0.3087 0.1075 0.0388 0.0246 -0.0701 0.2817 0.6312 0.5779
1494806400.0000 134850.0000 0.1328 -0.1931 -0.1426 0.5302 325.4803 0.1561 0.1981 0.0671 -0.0423 -0.0221 -0.0264 0.2107 1.3662 1.4665
1494806400.0000 135150.0000 0.2284 -0.4161 -0.0453 0.5659 331.2330 0.0906 0.0748 0.0688 -0.0145 -0.0340 -0.0069 0.1171 0.5860 0.4948
1494806400.0000 135450.0000 0.3711 -0.1762 -0.1339 0.6019 295.4014 0.1658 0.0997 0.0963 0.0596 -0.0864 -0.0621 0.1809 0.8036 0.7240
1494806400.0000 135750.0000 0.1887 -0.2418 -0.1163 0.5093 322.0267 0.0874 0.1469 0.0724 -0.0305 -0.0143 -0.0239 0.1534 0.9748 0.9112
1494806400.0000 136050.0000 -0.4494 -0.0264 -0.0494 0.6805 86.6396 0.1954 0.1882 0.0832 0.0623 -0.0142 -0.0164 0.2334 0.8710 0.7943
1494806400.0000 136350.0000 -0.7762 0.0935 0.0136 0.8505 96.8709 0.2068 0.1007 0.0631 0.0146 0.0220 -0.0074 0.1853 0.4495 0.4095
1494806400.0000 136650.0000 -0.4578 -0.0843 0.0679 0.6325 79.5678 0.2564 0.1342 0.0733 0.0009 0.0159 0.0104 0.2319 0.8359 0.7752
1494806400.0000 136950.0000 -0.2121 -0.0527 0.0854 0.5787 76.0516 0.2116 0.2120 0.0516 -0.0704 -0.0003 -0.0201 0.2376 1.6962 1.7193
1494806400.0000 137250.0000 -0.1093 -0.1113 -0.0436 0.5966 44.4734 0.3028 0.1317 0.0878 -0.0186 -0.0642 -0.0106 0.2611 2.5765 2.4400
1494806400.0000 137550.0000 -0.5121 -0.0289 0.1260 0.7100 86.7723 0.1813 0.2187 0.0577 -0.0716 0.0010 -0.0036 0.2289 0.7396 0.7119
1494806400.0000 137850.0000 0.0673 -0.0925 -0.0463 0.6484 323.9674 0.3510 0.2361 0.0850 -0.1990 -0.0564 0.0102 0.3360 3.8367 3.8688
1494806400.0000 138150.0000 0.0795 -0.3540 -0.0172 0.4511 347.3498 0.0412 0.0765 0.0423 0.0176 -0.0153 -0.0234 0.0800 0.6359 0.5460
1494806400.0000 138450.0000 0.4348 -0.2253 -0.1323 0.6846 297.3924 0.1554 0.1589 0.0931 0.0621 -0.0640 -0.0648 0.2037 0.7264 0.6609
1494806400.0000 138750.0000 0.5648 -0.3690 -0.1540 0.7359 303.1569 0.1150 0.0754 0.0659 -0.0012 -0.0442 -0.0142 0.1281 0.4223 0.3734
1494806400.0000 139050.0000 0.3993 -0.4249 -0.1232 0.6914 316.7824 0.0811 0.1196 0.0598 0.0258 -0.0300 -0.0231 0.1303 0.4945 0.4436
1494806400.0000 139350.0000 0.2878 -0.1697 -0.0708 0.4492 300.5195 0.0708 0.0581 0.0374 0.0031 -0.0325 -0.0148 0.0832 0.6895 0.6204
1494806400.0000 139650.0000 0.2273 0.0228 -0.1344 0.3493 264.2759 0.0628 0.0405 0.0355 0.0060 -0.0154 -0.0145 0.0694 0.8114 0.8123
1494806400.0000 139950.0000 -0.2203 0.1574 -0.0858 0.3273 125.5526 0.0249 0.0302 0.0234 0.0028 -0.0071 -0.0122 0.0393 0.5696 0.5008
1494806400.0000 140250.0000 -0.0794 -0.0028 -0.0007 0.2232 88.0127 0.0186 0.0416 0.0129 0.0007 0.0021 -0.0012 0.0366 1.9653 1.7843
1494806400.0000 140550.0000 0.1761 0.0122 0.0417 0.2913 266.0251 0.0263 0.0469 0.0181 -0.0128 -0.0060 0.0022 0.0457 0.9617 0.8847
1494806400.0000 140850.0000 -0.2141 -0.0759 -0.0011 0.3468 70.4811 0.0526 0.0709 0.0115 -0.0157 0.0009 -0.0048 0.0675 0.9343 0.8936
1494806400.0000 141150.0000 -0.0895 -0.1052 0.0312 0.3060 40.3809 0.0835 0.0432 0.0227 -0.0089 -0.0006 -0.0058 0.0747 1.5755 1.4875
1494806400.0000 141450.0000 -0.1899 -0.3223 0.0644 0.4986 30.5034 0.0533 0.1421 0.0311 -0.0228 0.0048 -0.0121 0.1132 0.7238 0.6821
1494806400.0000 141750.0000 -0.1415 -0.1795 0.0068 0.2805 38.2517 0.0140 0.0236 0.0107 -0.0092 0.0021 -0.0042 0.0242 0.5554 0.4901
1494806400.0000 142050.0000 -0.2007 -0.0797 0.0271 0.3899 68.3364 0.0979 0.0345 0.0161 -0.0262 -0.0089 -0.0006 0.0742 1.0221 0.9726
1494806400.0000 142350.0000 -0.0997 0.0863 -0.0878 0.2726 130.8866 0.0467 0.0360 0.0173 0.0064 0.0003 0.0019 0.0500 1.1519 1.2585
1494806400.0000 142650.0000 0.2728 0.2995 -0.2678 0.6181 222.3224 0.1068 0.1869 0.0634 -0.0508 -0.0217 -0.0336 0.1785 0.7103 0.7722
1494806400.0000 142950.0000 0.2795 -0.3722 -0.0417 0.6199 323.0969 0.1653 0.1382 0.0855 -0.0000 -0.0628 -0.0107 0.1945 0.7706 0.6834
1494806400.0000 143250.0000 0.2616 -0.1669 -0.0647 0.5836 302.5413 0.2582 0.1413 0.0944 -0.0131 -0.0910 -0.0151 0.2470 1.2800 1.1759
1494806400.0000 143550.0000 -0.4851 -0.0061 0.0908 0.6276 89.2853 0.1701 0.1518 0.0408 -0.0150 0.0239 0.0083 0.1814 0.7044 0.6752
1494806400.0000 143850.0000 -0.1504 0.0483 0.1301 0.5524 107.8032 0.2730 0.1359 0.0489 -0.0172 -0.0185 0.0112 0.2289 1.9088 2.3372
1494806400.0000 144150.0000 0.0117 -0.0519 0.1414 0.4885 347.2888 0.1836 0.1237 0.0347 -0.0376 -0.0027 -0.0001 0.1710 2.2346 6.0204
1494806400.0000 144450.0000 -0.1654 -0.2885 0.0750 0.4890 29.8234 0.1003 0.0930 0.0268 -0.0302 0.0090 -0.0034 0.1101 0.7946 0.7633
1494806400.0000 144750.0000 -0.0003 -0.2010 0.0060 0.4506 0.0851 0.1457 0.0653 0.0260 -0.0654 -0.0242 0.0155 0.1185 1.3975 1.3191
1494806400.0000 145050.0000 0.1557 -0.1475 0.0172 0.4015 313.4431 0.1090 0.0699 0.0424 0.0187 -0.0381 -0.0163 0.1107 1.2625 1.1386
1494806400.0000 145350.0000 0.0545 -0.3237 0.0345 0.4196 350.4349 0.0587 0.0554 0.0258 -0.0122 -0.0078 -0.0048 0.0699 0.6541 0.5939
1494806400.0000 145650.0000 0.0828 -0.1015 -0.0541 0.3545 320.7700 0.0780 0.1042 0.0295 -0.0433 -0.0092 -0.0158 0.1059 1.8748 1.8816
1494806400.0000 145950.0000 0.0281 0.1006 -0.0395 0.2145 195.6086 0.0287 0.0205 0.0183 -0.0055 -0.0101 0.0028 0.0338 1.3438 1.2270
1494806400.0000 146250.0000 0.2281 -0.1883 0.0320 0.3785 309.5383 0.0563 0.0398 0.0362 0.0064 -0.0270 -0.0127 0.0661 0.7057 0.6048
1494806400.0000 146550.0000 0.0349 0.0800 -0.0957 0.2227 203.5943 0.0365 0.0329 0.0203 -0.0009 -0.0070 -0.0101 0.0449 1.3346 1.7427
1494806400.0000 146850.0000 -0.2925 0.2102 -0.0281 0.4479 125.7063 0.0773 0.0680 0.0199 0.0166 0.0024 0.0041 0.0826 0.6496 0.6110
1494806400.0000 147150.0000 0.0851 -0.0088 -0.0108 0.2826 275.8991 0.0718 0.0374 0.0183 0.0199 -0.0094 -0.0075 0.0637 2.3892 2.2288
1494806400.0000 147450.0000 0.2417 0.1021 0.0358 0.3315 247.1057 0.0375 0.0333 0.0212 -0.0071 -0.0144 0.0007 0.0460 0.6610 0.5853
1494806400.0000 147750.0000 0.0796 0.0249 0.0468 0.3717 252.6202 0.0844 0.0895 0.0316 -0.0151 0.0075 -0.0159 0.1028 2.7356 2.8854
1494806400.0000 148050.0000 0.3272 -0.0141 -0.0198 0.3926 272.4657 0.0299 0.0458 0.0296 0.0022 -0.0131 0.0001 0.0526 0.5709 0.4850
1494806400.0000 148350.0000 0.4074 -0.0021 -0.0788 0.4631 270.2911 0.0301 0.0519 0.0231 -0.0106 -0.0100 0.0010 0.0525 0.4509 0.4057
1494806400.0000 148650.0000 0.4596 0.0791 -0.0658 0.5029 260.2325 0.0304 0.0320 0.0253 -0.0035 -0.0146 0.0041 0.0438 0.3630 0.3093
1494806400.0000 148950.0000 0.6294 0.1652 -0.1812 0.6701 255.2925 0.0309 0.0197 0.0150 -0.0026 -0.0120 -0.0033 0.0328 0.2189 0.1996
1494806400.0000 149250.0000 0.5588 0.1806 -0.1482 0.6008 252.0855 0.0190 0.0133 0.0129 -0.0013 -0.0050 0.0002 0.0226 0.2028 0.1768
1494806400.0000 149550.0000 0.7199 0.2174 -0.1969 0.7638 253.1999 0.0226 0.0170 0.0133 0.0019 -0.0106 -0.0043 0.0265 0.1709 0.1528
1494806400.0000 149850.0000 0.7384 0.1874 -0.1905 0.7797 255.7601 0.0263 0.0279 0.0232 0.0036 -0.0123 -0.0032 0.0387 0.2045 0.1764
1494806400.0000 150150.0000 0.7955 0.2072 -0.2259 0.8343 255.4014 0.0248 0.0195 0.0141 0.0006 -0.0093 -0.0007 0.0292 0.1637 0.1479
1494806400.0000 150450.0000 0.8558 0.2326 -0.2451 0.8934 254.7915 0.0315 0.0100 0.0146 0.0009 -0.0122 -0.0019 0.0281 0.1487 0.1326
1494806400.0000 150750.0000 0.8307 0.2666 -0.2254 0.8832 252.2091 0.0304 0.0153 0.0144 -0.0034 -0.0143 0.0015 0.0301 0.1571 0.1415
1494806400.0000 151050.0000 0.9025 0.1974 -0.2593 0.9315 257.6605 0.0244 0.0111 0.0104 -0.0023 -0.0110 0.0005 0.0229 0.1289 0.1177
