1494720000.0000 150.0000 0.8651 0.3188 -0.3567 0.9274 249.7724 0.0125 0.0102 0.0102 0.0009 -0.0052 -0.0011 0.0165 0.1060 0.0943
1494720000.0000 450.0000 0.7611 0.1458 -0.3137 0.7832 259.1557 0.0123 0.0132 0.0151 0.0001 -0.0060 -0.0012 0.0203 0.1391 0.1190
1494720000.0000 750.0000 0.7031 0.1069 -0.3019 0.7190 261.3560 0.0124 0.0103 0.0124 -0.0019 -0.0064 0.0007 0.0176 0.1402 0.1225
1494720000.0000 1050.0000 0.7675 0.0980 -0.3246 0.7823 262.7254 0.0186 0.0125 0.0177 -0.0019 -0.0104 -0.0006 0.0244 0.1519 0.1315
1494720000.0000 1350.0000 0.8871 0.0605 -0.3608 0.8984 266.1008 0.0140 0.0163 0.0163 0.0004 -0.0075 -0.0005 0.0233 0.1299 0.1130
1494720000.0000 1650.0000 0.7451 0.1763 -0.3085 0.7841 256.6859 0.0208 0.0214 0.0105 -0.0119 -0.0083 0.0037 0.0263 0.1606 0.1549
1494720000.0000 1950.0000 0.5020 0.4495 -0.2119 0.6919 228.1591 0.0280 0.0172 0.0109 0.0001 -0.0113 -0.0004 0.0281 0.1936 0.1821
1494720000.0000 2250.0000 0.4044 0.2550 -0.1419 0.5241 237.7686 0.0305 0.0445 0.0114 -0.0122 -0.0136 0.0069 0.0432 0.3404 0.3308
1494720000.0000 2550.0000 0.5006 0.1163 -0.1882 0.5247 256.9263 0.0206 0.0092 0.0079 -0.0018 -0.0090 0.0012 0.0188 0.2048 0.1939
1494720000.0000 2850.0000 0.6039 0.0617 -0.2561 0.6122 264.1627 0.0090 0.0062 0.0069 0.0007 -0.0049 -0.0006 0.0111 0.1303 0.1172
1494720000.0000 3150.0000 0.5963 0.1233 -0.2520 0.6151 258.3144 0.0106 0.0088 0.0065 0.0039 -0.0048 -0.0022 0.0130 0.1412 0.1323
1494720000.0000 3450.0000 0.6040 0.0014 -0.2462 0.6117 269.8716 0.0055 0.0093 0.0066 -0.0015 -0.0024 0.0005 0.0107 0.1293 0.1162
1494720000.0000 3750.0000 0.5623 0.0610 -0.2304 0.5801 263.8041 0.0141 0.0160 0.0068 -0.0018 -0.0052 0.0007 0.0184 0.1816 0.1772
1494720000.0000 4050.0000 0.5761 0.0694 -0.2215 0.5905 263.1314 0.0079 0.0120 0.0049 0.0011 -0.0036 -0.0016 0.0124 0.1463 0.1403
1494720000.0000 4350.0000 0.5808 0.0671 -0.2366 0.5977 263.4059 0.0163 0.0133 0.0086 -0.0050 -0.0086 0.0026 0.0191 0.1790 0.1699
1494720000.0000 4650.0000 0.4766 -0.0402 -0.1873 0.4875 274.8266 0.0189 0.0091 0.0074 -0.0015 -0.0087 0.0005 0.0177 0.2116 0.2023
1494720000.0000 4950.0000 0.4614 0.0110 -0.1996 0.4720 268.6360 0.0053 0.0096 0.0049 -0.0019 -0.0023 0.0011 0.0099 0.1615 0.1528
1494720000.0000 5250.0000 0.4030 0.0043 -0.1666 0.4093 269.3914 0.0061 0.0051 0.0033 -0.0017 -0.0028 0.0008 0.0072 0.1593 0.1514
1494720000.0000 5550.0000 0.3020 -0.0060 -0.1169 0.3166 271.1351 0.0130 0.0073 0.0048 -0.0067 -0.0055 0.0030 0.0126 0.2824 0.2721
1494720000.0000 5850.0000 0.3678 0.0280 -0.1512 0.3780 265.6446 0.0057 0.0067 0.0026 0.0004 -0.0024 0.0001 0.0075 0.1771 0.1742
1494720000.0000 6150.0000 0.4423 0.1466 -0.1773 0.4720 251.6650 0.0091 0.0033 0.0033 -0.0020 -0.0032 0.0004 0.0078 0.1450 0.1381
1494720000.0000 6450.0000 0.5643 0.0331 -0.2365 0.5695 266.6385 0.0068 0.0047 0.0054 0.0006 -0.0034 -0.0002 0.0084 0.1224 0.1096
1494720000.0000 6750.0000 0.5623 0.0913 -0.2273 0.5759 260.7760 0.0056 0.0067 0.0060 -0.0008 -0.0025 0.0007 0.0091 0.1271 0.1123
1494720000.0000 7050.0000 0.6628 0.0934 -0.2714 0.6746 261.9809 0.0115 0.0067 0.0069 -0.0009 -0.0056 0.0001 0.0125 0.1266 0.1164
1494720000.0000 7350.0000 0.6381 0.0755 -0.2562 0.6479 263.2540 0.0117 0.0068 0.0085 0.0002 -0.0061 -0.0009 0.0135 0.1369 0.1220
1494720000.0000 7650.0000 0.6533 0.0751 -0.2605 0.6625 263.4419 0.0090 0.0065 0.0076 0.0006 -0.0044 -0.0003 0.0116 0.1242 0.1094
1494720000.0000 7950.0000 0.5578 0.0569 -0.2329 0.5662 264.1795 0.0138 0.0061 0.0075 0.0011 -0.0065 -0.0007 0.0137 0.1576 0.1454
1494720000.0000 8250.0000 0.2743 0.1104 -0.1159 0.3823 248.0738 0.0547 0.0213 0.0093 0.0191 -0.0190 -0.0067 0.0427 0.5311 0.5384
1494720000.0000 8550.0000 0.0794 0.0738 -0.0234 0.2425 227.0951 0.0332 0.0227 0.0040 0.0142 -0.0084 -0.0039 0.0299 1.2739 1.2596
1494720000.0000 8850.0000 -0.1198 -0.0470 0.0483 0.1643 68.5799 0.0089 0.0105 0.0027 0.0051 -0.0024 -0.0028 0.0110 0.6238 0.6248
1494720000.0000 9150.0000 0.0143 0.0933 -0.0043 0.2203 188.7251 0.0208 0.0225 0.0038 0.0106 -0.0070 -0.0043 0.0236 1.3265 1.2730
1494720000.0000 9450.0000 0.2626 0.0578 -0.1015 0.2938 257.5941 0.0038 0.0142 0.0019 -0.0008 -0.0017 -0.0015 0.0100 0.2837 0.2887
1494720000.0000 9750.0000 0.2546 0.0397 -0.0840 0.2690 261.1458 0.0085 0.0061 0.0024 0.0055 -0.0035 -0.0027 0.0085 0.2769 0.2701
1494720000.0000 10050.0000 -0.0627 0.0601 0.0177 0.1946 133.7920 0.0314 0.0040 0.0037 -0.0027 -0.0080 0.0007 0.0195 1.2867 1.2502
1494720000.0000 10350.0000 -0.1716 -0.0720 0.0546 0.2564 67.2558 0.0226 0.0196 0.0037 0.0125 -0.0028 -0.0008 0.0229 0.6372 0.6370
1494720000.0000 10650.0000 -0.0690 -0.0293 0.0047 0.2236 67.0091 0.0389 0.0192 0.0060 0.0135 -0.0126 -0.0058 0.0320 1.9464 1.8572
1494720000.0000 10950.0000 0.1062 0.1061 -0.0245 0.2107 225.0329 0.0126 0.0147 0.0050 0.0088 -0.0055 -0.0053 0.0161 0.6818 0.6348
1494720000.0000 11250.0000 0.0278 0.1883 -0.0248 0.2163 188.3997 0.0075 0.0130 0.0015 0.0036 -0.0017 -0.0005 0.0110 0.4459 0.4341
1494720000.0000 11550.0000 -0.0038 0.0096 -0.0253 0.1271 158.4349 0.0105 0.0108 0.0032 0.0066 -0.0044 -0.0024 0.0122 3.3021 8.1603
1494720000.0000 11850.0000 -0.0181 0.0780 -0.0223 0.1700 166.9247 0.0137 0.0120 0.0047 0.0024 -0.0054 0.0011 0.0152 1.2111 1.1564
1494720000.0000 12150.0000 -0.0137 0.0526 -0.0113 0.1375 165.3642 0.0136 0.0039 0.0021 0.0007 -0.0031 -0.0006 0.0098 1.4529 1.4038
1494720000.0000 12450.0000 0.0874 0.1104 -0.0469 0.1683 218.3750 0.0044 0.0075 0.0037 -0.0033 -0.0024 0.0023 0.0078 0.4858 0.4475
1494720000.0000 12750.0000 -0.0015 0.0984 -0.0200 0.1555 179.1032 0.0150 0.0032 0.0037 -0.0014 -0.0054 0.0002 0.0109 0.8505 0.7917
1494720000.0000 13050.0000 -0.1604 0.0279 0.0367 0.1748 99.8727 0.0176 0.0023 0.0032 0.0019 -0.0039 -0.0004 0.0116 0.5260 0.5002
1494720000.0000 13350.0000 -0.0699 0.0309 0.0029 0.1495 113.8283 0.0132 0.0067 0.0022 0.0078 -0.0037 -0.0023 0.0111 1.1231 1.0666
1494720000.0000 13650.0000 -0.0775 0.0469 0.0165 0.1909 121.1849 0.0322 0.0078 0.0073 0.0122 -0.0123 -0.0049 0.0237 1.3639 1.2749
1494720000.0000 13950.0000 -0.0800 -0.0092 0.0329 0.0973 83.4234 0.0061 0.0022 0.0015 0.0005 -0.0008 0.0003 0.0049 0.6559 0.6535
1494720000.0000 14250.0000 -0.1460 0.0896 0.0382 0.2210 121.5351 0.0235 0.0150 0.0033 -0.0048 -0.0056 0.0006 0.0209 0.6724 0.6609
1494720000.0000 14550.0000 0.0353 0.1099 -0.0263 0.1638 197.8066 0.0146 0.0044 0.0032 0.0056 -0.0059 -0.0021 0.0111 0.7265 0.6896
1494720000.0000 14850.0000 0.1020 0.0851 -0.0569 0.1470 230.1700 0.0027 0.0064 0.0013 0.0011 -0.0006 0.0008 0.0052 0.4069 0.4143
1494720000.0000 15150.0000 0.0471 0.0678 -0.0146 0.1308 214.7682 0.0015 0.0133 0.0014 0.0009 -0.0003 -0.0001 0.0081 0.8770 0.8512
1494720000.0000 15450.0000 -0.0633 -0.1131 0.0034 0.2088 29.2483 0.0021 0.0291 0.0011 0.0033 -0.0006 0.0008 0.0162 0.8012 0.7876
1494720000.0000 15750.0000 0.0722 -0.1094 -0.0314 0.1441 326.5753 0.0033 0.0054 0.0016 -0.0009 -0.0007 0.0003 0.0051 0.4344 0.4106
1494720000.0000 16050.0000 -0.0177 0.2217 -0.0052 0.2562 175.4368 0.0069 0.0231 0.0019 0.0013 -0.0018 -0.0022 0.0160 0.4636 0.4499
1494720000.0000 16350.0000 -0.1007 0.0219 0.0307 0.2339 102.2528 0.0445 0.0094 0.0072 -0.0112 -0.0152 0.0052 0.0306 1.3281 1.3014
1494720000.0000 16650.0000 -0.1437 0.1209 0.0437 0.2947 130.0687 0.0645 0.0100 0.0092 0.0147 -0.0202 -0.0048 0.0419 0.8666 0.8393
1494720000.0000 16950.0000 -0.0927 0.0200 0.0297 0.2262 102.1472 0.0549 0.0041 0.0059 -0.0008 -0.0109 0.0003 0.0324 1.4791 1.4775
1494720000.0000 17250.0000 -0.2707 0.0467 0.0559 0.3104 99.7807 0.0280 0.0161 0.0052 0.0105 -0.0071 -0.0026 0.0247 0.4575 0.4414
1494720000.0000 17550.0000 -0.0144 0.0884 -0.0139 0.2341 170.7126 0.0385 0.0227 0.0062 0.0247 -0.0118 -0.0078 0.0337 1.6554 1.5962
1494720000.0000 17850.0000 0.0735 0.0124 -0.0244 0.1226 260.4042 0.0054 0.0111 0.0047 0.0044 -0.0034 -0.0023 0.0106 1.0705 0.9937
1494720000.0000 18150.0000 -0.0662 0.0624 0.0315 0.1205 133.3115 0.0029 0.0057 0.0025 -0.0000 0.0005 0.0002 0.0056 0.6324 0.5883
1494720000.0000 18450.0000 0.0751 -0.0239 -0.0632 0.1377 287.6462 0.0130 0.0030 0.0021 0.0013 -0.0001 -0.0002 0.0091 0.7697 0.9287
1494720000.0000 18750.0000 0.1288 0.0006 -0.0739 0.1540 269.7336 0.0071 0.0054 0.0027 0.0012 -0.0020 -0.0013 0.0076 0.4801 0.5012
1494720000.0000 19050.0000 0.0117 -0.0428 -0.0464 0.2071 344.6970 0.0454 0.0050 0.0081 0.0060 -0.0154 -0.0021 0.0293 2.1769 2.9234
1494720000.0000 19350.0000 -0.2589 0.1285 0.0494 0.3089 116.3996 0.0077 0.0162 0.0027 -0.0036 -0.0016 0.0003 0.0133 0.3213 0.3094
1494720000.0000 19650.0000 -0.1081 0.1421 0.0019 0.2053 142.7340 0.0222 0.0071 0.0056 -0.0065 -0.0070 0.0021 0.0174 0.6041 0.5534
1494720000.0000 19950.0000 -0.1188 -0.0746 0.0421 0.1993 57.8810 0.0209 0.0174 0.0039 0.0135 -0.0062 -0.0031 0.0211 0.8088 0.8048
1494720000.0000 20250.0000 -0.0319 -0.1051 0.0073 0.1474 16.8790 0.0088 0.0071 0.0032 -0.0001 -0.0022 0.0013 0.0095 0.7229 0.6614
1494720000.0000 20550.0000 -0.4068 0.0420 0.1370 0.4228 95.8882 0.0207 0.0108 0.0052 -0.0007 -0.0016 0.0008 0.0184 0.2566 0.2507
1494720000.0000 20850.0000 -0.1693 -0.1767 0.0215 0.2583 43.7860 0.0130 0.0039 0.0050 0.0009 -0.0025 -0.0012 0.0110 0.3482 0.3069
1494720000.0000 21150.0000 -0.1914 -0.0447 0.0456 0.2099 76.8431 0.0068 0.0059 0.0065 0.0036 -0.0012 -0.0013 0.0096 0.3970 0.3321
1494720000.0000 21450.0000 -0.1417 0.0152 0.0316 0.1600 96.1070 0.0050 0.0051 0.0044 0.0020 -0.0027 -0.0014 0.0073 0.4771 0.4072
1494720000.0000 21750.0000 -0.0263 0.0434 0.0092 0.1234 148.7428 0.0122 0.0052 0.0050 0.0051 -0.0051 -0.0021 0.0112 1.6775 1.5022
1494720000.0000 22050.0000 -0.3418 0.1423 0.0585 0.4006 112.6057 0.0101 0.0336 0.0054 -0.0112 -0.0012 0.0006 0.0245 0.3412 0.3257
1494720000.0000 22350.0000 0.0169 -0.0423 0.0061 0.1695 338.2043 0.0230 0.0121 0.0055 -0.0112 -0.0014 -0.0022 0.0203 2.5298 2.3741
1494720000.0000 22650.0000 0.0125 -0.0690 -0.0003 0.1534 349.7327 0.0102 0.0127 0.0055 0.0003 -0.0043 -0.0007 0.0142 1.3871 1.2465
1494720000.0000 22950.0000 -0.0191 -0.1035 -0.0493 0.1856 10.4274 0.0126 0.0189 0.0123 0.0037 -0.0043 -0.0044 0.0219 1.0384 0.9727
1494720000.0000 23250.0000 -0.4215 -0.1774 0.1127 0.4877 67.1742 0.0185 0.0303 0.0057 0.0025 -0.0027 -0.0013 0.0273 0.2863 0.2790
1494720000.0000 23550.0000 -0.2110 -0.2387 0.0725 0.3835 41.4735 0.0438 0.0181 0.0107 -0.0162 -0.0105 0.0064 0.0363 0.4762 0.4510
1494720000.0000 23850.0000 -0.3639 0.0251 0.1102 0.3879 93.9489 0.0332 0.0140 0.0064 -0.0004 -0.0017 0.0013 0.0269 0.3511 0.3442
1494720000.0000 24150.0000 -0.4089 -0.2393 0.1103 0.5228 59.6582 0.0556 0.0179 0.0072 -0.0138 -0.0110 0.0039 0.0403 0.3370 0.3303
1494720000.0000 24450.0000 -0.3083 -0.0329 0.0979 0.3451 83.9104 0.0339 0.0258 0.0123 0.0192 -0.0070 -0.0081 0.0360 0.4764 0.4549
1494720000.0000 24750.0000 -0.2948 0.0774 0.0711 0.3189 104.7071 0.0143 0.0087 0.0094 -0.0012 -0.0041 0.0004 0.0162 0.3319 0.2871
1494720000.0000 25050.0000 -0.2960 0.1463 0.0488 0.3560 116.3052 0.0227 0.0196 0.0136 0.0009 -0.0057 0.0011 0.0280 0.4092 0.3597
1494720000.0000 25350.0000 -0.2790 0.0868 0.0637 0.3419 107.2751 0.0092 0.0301 0.0075 -0.0014 -0.0013 -0.0026 0.0234 0.4177 0.3918
1494720000.0000 25650.0000 -0.4315 -0.0340 0.0895 0.4668 85.4967 0.0212 0.0324 0.0125 0.0022 -0.0030 -0.0051 0.0331 0.3358 0.3088
1494720000.0000 25950.0000 -0.1971 0.0842 -0.0165 0.2386 113.1309 0.0267 0.0144 0.0103 -0.0132 -0.0073 0.0046 0.0257 0.6090 0.5462
1494720000.0000 26250.0000 -0.1733 0.1245 0.0652 0.2974 125.7046 0.0358 0.0259 0.0098 0.0080 -0.0039 -0.0037 0.0358 0.6919 0.6720
1494720000.0000 26550.0000 -0.4413 -0.1680 0.0968 0.4939 69.1535 0.0239 0.0202 0.0100 -0.0018 -0.0058 0.0020 0.0271 0.2787 0.2570
1494720000.0000 26850.0000 -0.3293 -0.1052 0.1013 0.3720 72.2915 0.0169 0.0193 0.0089 0.0018 -0.0047 0.0008 0.0226 0.3404 0.3177
1494720000.0000 27150.0000 -0.2475 -0.0365 0.0465 0.3019 81.6100 0.0446 0.0184 0.0139 -0.0013 -0.0097 -0.0008 0.0385 0.6292 0.5793
1494720000.0000 27450.0000 -0.1101 -0.0983 0.0464 0.2219 48.2359 0.0245 0.0109 0.0082 -0.0052 -0.0066 0.0029 0.0218 0.7790 0.7355
1494720000.0000 27750.0000 -0.1261 -0.2149 0.0299 0.2565 30.4017 0.0047 0.0068 0.0044 0.0021 -0.0011 -0.0013 0.0079 0.2898 0.2484
1494720000.0000 28050.0000 -0.4230 -0.1289 0.0908 0.4579 73.0575 0.0261 0.0142 0.0099 0.0026 -0.0066 -0.0012 0.0251 0.2867 0.2622
1494720000.0000 28350.0000 -0.3436 -0.1871 0.0750 0.4044 61.4302 0.0149 0.0096 0.0088 0.0011 -0.0012 -0.0011 0.0166 0.2643 0.2307
1494720000.0000 28650.0000 -0.2590 -0.1349 0.0300 0.3089 62.4807 0.0106 0.0081 0.0066 -0.0008 0.0002 0.0006 0.0127 0.3130 0.2703
1494720000.0000 28950.0000 -0.0966 -0.1076 0.0257 0.2204 41.9082 0.0209 0.0142 0.0082 -0.0121 -0.0065 0.0047 0.0217 0.8184 0.7482
1494720000.0000 29250.0000 -0.3128 -0.1339 0.0743 0.3718 66.8301 0.0273 0.0160 0.0083 -0.0012 -0.0039 0.0020 0.0258 0.3767 0.3532
1494720000.0000 29550.0000 -0.2141 0.0820 0.0826 0.3122 110.9494 0.0292 0.0267 0.0069 0.0188 -0.0043 -0.0044 0.0314 0.5942 0.5957
1494720000.0000 29850.0000 -0.1414 -0.2757 0.0519 0.3545 27.1484 0.0315 0.0148 0.0165 -0.0032 -0.0097 0.0011 0.0314 0.4606 0.4008
1494720000.0000 30150.0000 -0.1698 -0.0171 0.0514 0.2537 84.2644 0.0211 0.0290 0.0100 -0.0006 -0.0040 0.0001 0.0300 0.7939 0.7571
1494720000.0000 30450.0000 -0.3775 0.0624 0.1136 0.4247 99.3890 0.0365 0.0303 0.0107 -0.0039 -0.0015 -0.0003 0.0387 0.4026 0.3900
1494720000.0000 30750.0000 -0.5584 -0.0454 0.1308 0.5879 85.3560 0.0434 0.0298 0.0211 -0.0038 -0.0115 -0.0030 0.0471 0.3081 0.2788
1494720000.0000 31050.0000 -0.0184 0.1502 -0.0601 0.2775 173.0168 0.0453 0.0259 0.0133 -0.0047 -0.0103 0.0027 0.0423 1.0312 1.0184
1494720000.0000 31350.0000 -0.2455 0.2307 0.0609 0.4167 133.2204 0.0732 0.0236 0.0175 0.0134 -0.0207 -0.0048 0.0571 0.5701 0.5332
1494720000.0000 31650.0000 -0.5703 0.0423 0.1309 0.5965 94.2385 0.0737 0.0244 0.0257 -0.0070 -0.0164 0.0066 0.0619 0.3464 0.3162
1494720000.0000 31950.0000 -0.4860 -0.1233 0.1078 0.6143 75.7614 0.0583 0.1074 0.0146 0.0164 -0.0162 -0.0090 0.0902 0.4781 0.4688
1494720000.0000 32250.0000 -0.5384 -0.1565 0.1674 0.6316 73.7973 0.0893 0.0671 0.0192 0.0472 -0.0122 -0.0069 0.0878 0.4135 0.4073
1494720000.0000 32550.0000 -0.5110 -0.1593 0.1361 0.5622 72.6861 0.0395 0.0295 0.0154 0.0112 -0.0033 0.0015 0.0422 0.3037 0.2834
1494720000.0000 32850.0000 -0.2509 0.0189 0.0070 0.3446 94.3156 0.0264 0.0447 0.0207 0.0144 0.0020 0.0011 0.0459 0.6952 0.6120
1494720000.0000 33150.0000 -0.3431 -0.1164 0.0955 0.4010 71.2608 0.0430 0.0276 0.0193 -0.0016 -0.0065 0.0016 0.0449 0.4618 0.4233
1494720000.0000 33450.0000 -0.3738 -0.0655 0.1201 0.4093 80.0540 0.0283 0.0205 0.0135 -0.0004 -0.0056 0.0035 0.0312 0.3621 0.3361
1494720000.0000 33750.0000 -0.2660 -0.1172 0.1383 0.3393 66.2190 0.0410 0.0238 0.0076 0.0164 -0.0057 -0.0022 0.0361 0.4822 0.5053
1494720000.0000 34050.0000 -0.1538 0.0834 0.0786 0.2506 118.4825 0.0274 0.0258 0.0087 -0.0037 -0.0010 -0.0017 0.0309 0.7485 0.7606
1494720000.0000 34350.0000 -0.2341 -0.1600 0.0365 0.3414 55.6510 0.0279 0.0314 0.0193 0.0097 -0.0111 -0.0040 0.0393 0.5661 0.4957
1494720000.0000 34650.0000 -0.5081 -0.2765 0.1436 0.5979 61.4470 0.0540 0.0305 0.0131 0.0173 -0.0100 -0.0046 0.0488 0.3027 0.2902
1494720000.0000 34950.0000 -0.5238 0.1844 0.1323 0.5947 109.3947 0.0327 0.0468 0.0159 -0.0059 -0.0051 -0.0048 0.0477 0.3124 0.2932
1494720000.0000 35250.0000 -0.1235 0.2297 0.0067 0.3489 151.7413 0.0657 0.0181 0.0151 -0.0138 -0.0124 0.0040 0.0494 0.6961 0.6410
1494720000.0000 35550.0000 -0.1767 -0.1916 0.0260 0.3731 42.6775 0.0528 0.0728 0.0172 0.0381 -0.0108 -0.0085 0.0714 0.8331 0.7852
1494720000.0000 35850.0000 -0.4669 0.0065 0.1591 0.5135 90.7941 0.0470 0.0425 0.0179 0.0070 -0.0081 -0.0039 0.0537 0.3836 0.3700
1494720000.0000 36150.0000 -0.1854 0.3263 0.0825 0.4896 150.3951 0.0867 0.0447 0.0196 0.0150 -0.0167 -0.0075 0.0755 0.5837 0.5575
1494720000.0000 36450.0000 -0.2942 0.0855 0.0441 0.4725 106.2020 0.1476 0.0544 0.0502 0.0662 -0.0609 -0.0293 0.1261 0.9369 0.8471
1494720000.0000 36750.0000 -0.5763 0.0340 0.1582 0.6761 93.3789 0.0745 0.1351 0.0368 0.0117 -0.0132 -0.0218 0.1232 0.4788 0.4579
1494720000.0000 37050.0000 -0.7611 0.0778 0.1988 0.8153 95.8341 0.0840 0.0820 0.0524 -0.0047 -0.0230 0.0014 0.1092 0.3414 0.3075
1494720000.0000 37350.0000 -0.7866 0.0265 0.2004 0.9138 91.9295 0.1586 0.2155 0.0573 0.0311 -0.0388 -0.0266 0.2157 0.4669 0.4486
1494720000.0000 37650.0000 -0.8213 -0.1692 0.2483 1.0232 78.3574 0.2785 0.3004 0.0641 0.1553 -0.0830 -0.0606 0.3215 0.5294 0.5239
1494720000.0000 37950.0000 -0.6004 -0.0403 0.1490 0.7678 86.1581 0.3450 0.0978 0.0586 0.0494 -0.0694 -0.0150 0.2507 0.6595 0.6385
1494720000.0000 38250.0000 -0.1606 0.1112 0.0413 0.3331 124.6965 0.0521 0.0426 0.0168 -0.0007 -0.0080 0.0031 0.0557 0.9654 0.9094
1494720000.0000 38550.0000 -0.3399 0.1942 0.0883 0.4237 119.7382 0.0312 0.0213 0.0123 -0.0001 -0.0072 -0.0006 0.0324 0.3662 0.3379
1494720000.0000 38850.0000 -0.3683 -0.0425 0.1470 0.4182 83.4130 0.0658 0.0163 0.0103 -0.0050 -0.0029 0.0040 0.0462 0.4401 0.4464
1494720000.0000 39150.0000 -0.4944 -0.0466 0.1491 0.5552 84.6203 0.0492 0.0605 0.0209 -0.0090 -0.0084 -0.0025 0.0653 0.4024 0.3852
1494720000.0000 39450.0000 -0.4052 -0.4096 0.0913 0.6333 44.6901 0.0662 0.0799 0.0339 0.0068 -0.0188 0.0002 0.0900 0.4199 0.3829
1494720000.0000 39750.0000 -0.9032 -0.0027 0.2275 0.9626 89.8258 0.1369 0.1056 0.0548 0.0029 -0.0204 0.0098 0.1487 0.3380 0.3148
1494720000.0000 40050.0000 -0.4768 -0.2928 0.1188 0.8460 58.4484 0.2196 0.3477 0.0623 -0.1609 -0.0615 0.0493 0.3148 0.8010 0.7773
1494720000.0000 40350.0000 -0.4144 0.0794 0.0909 0.5798 100.8414 0.1571 0.0808 0.0545 0.0299 -0.0580 -0.0107 0.1462 0.7234 0.6675
1494720000.0000 40650.0000 -0.7746 0.2575 0.2154 0.8720 108.3857 0.1437 0.0700 0.0401 0.0090 -0.0378 0.0007 0.1269 0.3445 0.3270
1494720000.0000 40950.0000 -0.2479 0.1826 -0.0011 0.5689 126.3844 0.2386 0.0676 0.0637 0.0208 -0.0735 -0.0000 0.1849 1.1404 1.0375
1494720000.0000 41250.0000 -0.5647 -0.0360 0.1524 0.6830 86.3500 0.1619 0.0985 0.0428 0.0243 -0.0352 -0.0123 0.1516 0.5425 0.5207
1494720000.0000 41550.0000 -0.6273 -0.2285 0.1677 0.7360 69.9851 0.1095 0.0655 0.0263 -0.0331 -0.0155 0.0026 0.1006 0.3763 0.3617
1494720000.0000 41850.0000 -0.3780 -0.2281 0.1227 0.4861 58.8972 0.0349 0.0428 0.0145 -0.0010 -0.0063 0.0038 0.0461 0.3827 0.3646
1494720000.0000 42150.0000 -0.0742 -0.1574 0.0254 0.3672 25.2253 0.0608 0.0648 0.0184 0.0292 -0.0165 -0.0132 0.0720 1.2458 1.1759
1494720000.0000 42450.0000 -0.3792 -0.3112 0.0930 0.5369 50.6258 0.0458 0.0512 0.0160 -0.0031 -0.0082 0.0004 0.0565 0.3886 0.3665
1494720000.0000 42750.0000 -0.4377 -0.6917 0.1163 0.8909 32.3223 0.1535 0.0600 0.0306 0.0206 -0.0063 0.0064 0.1220 0.3450 0.3259
1494720000.0000 43050.0000 -0.4556 -0.0338 0.0554 0.8339 85.7573 0.5068 0.1946 0.0910 0.1853 -0.1243 -0.0386 0.3962 1.1167 1.0583
1494720000.0000 43350.0000 -0.3411 -0.1684 0.1042 0.5639 63.7320 0.1912 0.1017 0.0388 -0.0003 -0.0381 0.0069 0.1659 0.8430 0.8214
1494720000.0000 43650.0000 -0.4619 0.0595 0.1508 0.5716 97.3371 0.0709 0.0943 0.0216 0.0099 -0.0104 -0.0074 0.0934 0.5098 0.5039
1494720000.0000 43950.0000 -0.5667 0.0536 0.1553 0.6612 95.4044 0.0792 0.0954 0.0231 -0.0165 -0.0179 0.0032 0.0989 0.4351 0.4238
1494720000.0000 44250.0000 -0.6072 0.0283 0.1672 0.6814 92.6692 0.1215 0.0757 0.0539 -0.0304 -0.0286 0.0037 0.1255 0.4589 0.4218
1494720000.0000 44550.0000 -0.0098 0.1699 -0.0098 0.5071 176.7054 0.2175 0.0719 0.0364 -0.0230 -0.0347 0.0099 0.1629 1.9332 1.8250
1494720000.0000 44850.0000 -0.1955 -0.0559 0.0359 0.3892 74.0531 0.0650 0.0909 0.0295 -0.0216 -0.0101 0.0064 0.0927 1.2038 1.1210
1494720000.0000 45150.0000 -0.2130 -0.3610 0.0196 0.6169 30.5466 0.2306 0.0727 0.0516 0.0181 -0.0673 -0.0050 0.1775 0.8198 0.7587
1494720000.0000 45450.0000 -0.9287 -0.5258 0.2947 1.4013 60.4819 0.2451 1.0535 0.0736 -0.0348 -0.0468 0.0122 0.6861 0.6108 0.6165
1494720000.0000 45750.0000 -0.5481 0.2147 0.0650 0.9060 111.3935 0.4800 0.2337 0.1482 0.0130 -0.1472 -0.0434 0.4309 0.9050 0.8285
1494720000.0000 46050.0000 -0.5935 -0.2000 0.1479 0.7525 71.3808 0.1801 0.1167 0.0505 0.0298 -0.0461 -0.0155 0.1737 0.5287 0.5023
1494720000.0000 46350.0000 -0.1849 -0.2014 0.0730 0.3976 42.5566 0.1009 0.0293 0.0181 -0.0154 -0.0230 0.0082 0.0742 0.7856 0.7618
1494720000.0000 46650.0000 -0.3821 -0.0902 0.0993 0.6045 76.7133 0.2386 0.0658 0.0488 0.0081 -0.0767 0.0012 0.1766 0.8473 0.8114
1494720000.0000 46950.0000 -0.3995 -0.1322 0.0834 0.5011 71.6943 0.0665 0.0632 0.0207 -0.0103 -0.0088 -0.0028 0.0752 0.5218 0.4940
1494720000.0000 47250.0000 -0.4132 0.1712 0.1159 0.7275 112.5060 0.3916 0.0924 0.0655 -0.1110 -0.1217 0.0358 0.2748 0.9264 0.8981
1494720000.0000 47550.0000 -0.5810 0.0853 0.1403 0.8469 98.3500 0.3649 0.2932 0.0519 -0.2107 -0.0744 0.0570 0.3550 0.8058 0.7976
1494720000.0000 47850.0000 -0.3905 -0.1949 0.1493 0.5387 63.4838 0.1786 0.0692 0.0257 0.0408 -0.0120 -0.0040 0.1368 0.6546 0.6586
1494720000.0000 48150.0000 -0.4911 -0.2875 0.1296 0.7544 59.6522 0.2122 0.1486 0.0623 -0.0643 -0.0585 0.0237 0.2116 0.6435 0.6095
1494720000.0000 48450.0000 -0.3523 -0.3765 0.1084 0.7818 43.1027 0.1860 0.2686 0.0557 -0.0389 -0.0570 0.0072 0.2552 0.7828 0.7550
1494720000.0000 48750.0000 -0.5888 0.0747 0.1296 0.8345 97.2334 0.2079 0.2906 0.0723 0.0155 -0.0280 -0.0175 0.2854 0.7181 0.6869
1494720000.0000 49050.0000 -0.5923 -0.0688 0.1778 0.6793 83.3741 0.1003 0.1192 0.0422 -0.0011 -0.0236 -0.0053 0.1309 0.4747 0.4536
1494720000.0000 49350.0000 -0.7056 0.2781 0.1708 0.8362 111.5098 0.2810 0.1298 0.0703 -0.0627 -0.0842 0.0228 0.2406 0.5151 0.4879
1494720000.0000 49650.0000 -0.5674 -0.0693 0.1751 0.6747 83.0364 0.2319 0.0797 0.0486 -0.0140 -0.0598 0.0123 0.1801 0.5796 0.5638
1494720000.0000 49950.0000 -0.0088 -0.2298 0.0113 0.3614 2.2014 0.0565 0.0531 0.0224 -0.0049 -0.0035 0.0013 0.0660 0.9107 0.8308
1494720000.0000 50250.0000 -0.0762 -0.2010 0.0280 0.5800 20.7546 0.2251 0.1486 0.0373 -0.0444 -0.0576 0.0096 0.2055 1.7073 1.6419
1494720000.0000 50550.0000 0.2707 0.0331 -0.1270 0.3822 263.0193 0.0391 0.0629 0.0347 -0.0028 -0.0116 -0.0053 0.0683 0.7096 0.6762
1494720000.0000 50850.0000 0.0701 0.0421 -0.0868 0.7031 239.0197 0.3711 0.2601 0.0711 0.1588 -0.1291 -0.0709 0.3512 4.0577 5.6086
1494720000.0000 51150.0000 -0.8751 -0.1262 0.2460 0.9524 81.7927 0.0850 0.1141 0.0334 -0.0283 -0.0146 0.0021 0.1163 0.3034 0.2914
1494720000.0000 51450.0000 -0.3821 -0.0671 0.1245 0.5205 80.0474 0.1292 0.0582 0.0267 -0.0282 -0.0181 0.0022 0.1071 0.6557 0.6442
1494720000.0000 51750.0000 -0.7927 0.0787 0.2382 0.8690 95.6679 0.1749 0.1099 0.0403 0.0435 -0.0553 -0.0183 0.1626 0.3960 0.3868
1494720000.0000 52050.0000 -0.4581 0.1296 0.1335 0.6116 105.8003 0.0848 0.1344 0.0152 -0.0454 -0.0077 -0.0026 0.1172 0.5653 0.5677
1494720000.0000 52350.0000 -0.5450 0.1894 0.1508 0.6781 109.1597 0.0646 0.1305 0.0256 0.0372 -0.0141 -0.0253 0.1104 0.4548 0.4420
1494720000.0000 52650.0000 -0.4808 0.1903 0.1470 0.5485 111.5959 0.0684 0.0512 0.0184 -0.0375 -0.0117 0.0105 0.0690 0.3988 0.3861
1494720000.0000 52950.0000 -0.4370 0.0870 0.1395 0.4946 101.2618 0.0976 0.0444 0.0224 -0.0114 -0.0224 -0.0000 0.0822 0.5013 0.4883
1494720000.0000 53250.0000 -0.1966 -0.0718 0.0481 0.3779 69.9368 0.0791 0.0666 0.0210 0.0222 -0.0209 -0.0102 0.0833 1.0979 1.0531
1494720000.0000 53550.0000 0.0659 -0.1898 -0.0208 0.3321 340.8540 0.0565 0.0457 0.0200 -0.0292 -0.0195 0.0131 0.0611 0.9995 0.9191
1494720000.0000 53850.0000 -0.0870 0.0697 -0.0367 0.4631 128.7103 0.2193 0.0668 0.0456 -0.0341 -0.0850 0.0118 0.1658 2.8330 2.7697
1494720000.0000 54150.0000 -0.0121 -0.1819 -0.0251 0.6490 3.8090 0.3628 0.0610 0.0622 -0.0367 -0.1273 0.0146 0.2430 2.1871 2.0616
1494720000.0000 54450.0000 0.2916 -0.0256 -0.1541 0.3324 275.0199 0.0362 0.0240 0.0153 -0.0065 -0.0128 0.0022 0.0377 0.4795 0.4839
1494720000.0000 54750.0000 0.2361 -0.2735 -0.1154 0.4708 319.2040 0.0817 0.0521 0.0304 0.0259 -0.0390 -0.0091 0.0821 0.6170 0.5847
1494720000.0000 55050.0000 0.0397 0.0814 -0.0499 0.4758 206.0001 0.1772 0.1657 0.0296 0.0193 -0.0516 -0.0094 0.1863 3.4064 3.7315
1494720000.0000 55350.0000 -0.3561 -0.2225 0.0450 0.7826 57.9992 0.3728 0.2499 0.0586 0.1085 -0.0880 -0.0358 0.3406 1.1285 1.0850
1494720000.0000 55650.0000 -0.1749 -0.1019 0.0379 0.6717 59.7625 0.1790 0.3579 0.0359 -0.0707 -0.0373 0.0079 0.2864 2.1221 2.0901
1494720000.0000 55950.0000 -0.3883 -0.1963 0.0046 0.9134 63.1827 0.3442 0.5466 0.1320 0.1291 -0.1315 -0.1031 0.5114 1.3417 1.2523
1494720000.0000 56250.0000 -0.3438 -0.2693 0.1202 0.6976 51.9352 0.2899 0.1565 0.0493 0.1020 -0.0723 -0.0379 0.2478 0.8973 0.8832
1494720000.0000 56550.0000 -0.1231 -0.1788 0.0045 0.4702 34.5422 0.0821 0.1682 0.0401 -0.0333 -0.0155 -0.0032 0.1452 1.4331 1.3307
1494720000.0000 56850.0000 -0.4998 -0.4248 0.1095 0.8966 49.6326 0.4674 0.2564 0.0647 0.1616 -0.1270 -0.0393 0.3942 0.7709 0.7488
1494720000.0000 57150.0000 -0.1354 -0.2872 -0.0177 0.7170 25.2484 0.3115 0.2603 0.0843 0.0517 -0.1015 0.0006 0.3280 1.4704 1.3748
1494720000.0000 57450.0000 -0.1780 0.0330 0.0645 0.5445 100.5069 0.2277 0.1225 0.0549 0.0256 -0.0475 0.0134 0.2025 1.9121 1.8874
1494720000.0000 57750.0000 -0.3930 -0.3457 0.0912 0.5935 48.6680 0.1660 0.0931 0.0427 0.0400 -0.0591 -0.0156 0.1509 0.5970 0.5615
1494720000.0000 58050.0000 -0.4541 -0.1266 0.1212 0.8457 74.4224 0.5044 0.2697 0.0696 0.0173 -0.1220 0.0044 0.4219 1.0896 1.0776
1494720000.0000 58350.0000 -0.3951 -0.1897 0.1235 0.6013 64.3511 0.1646 0.0909 0.0289 -0.0070 -0.0309 0.0051 0.1422 0.6761 0.6658
1494720000.0000 58650.0000 -0.0102 0.3261 -0.0730 0.4874 178.2043 0.1070 0.0678 0.0280 0.0358 -0.0303 -0.0079 0.1014 0.7778 0.7399
1494720000.0000 58950.0000 -0.6993 -0.0077 0.2190 0.7531 89.3670 0.1452 0.0662 0.0302 -0.0389 -0.0332 0.0132 0.1208 0.3873 0.3796
1494720000.0000 59250.0000 -0.1676 -0.0458 0.0465 0.3795 74.7010 0.0843 0.0831 0.0247 0.0202 -0.0271 -0.0113 0.0961 1.4073 1.3598
1494720000.0000 59550.0000 -0.2890 0.4676 0.0726 0.7269 148.2751 0.1937 0.1942 0.0510 0.0623 -0.0633 -0.0512 0.2195 0.6899 0.6542
1494720000.0000 59850.0000 0.1034 -0.0101 -0.0818 0.3544 275.5850 0.0433 0.0879 0.0258 0.0055 -0.0173 -0.0028 0.0785 1.7299 2.0129
1494720000.0000 60150.0000 -0.2510 0.0116 0.0809 0.6452 92.6475 0.3809 0.0901 0.0760 0.0673 -0.1374 -0.0227 0.2735 1.6179 1.5772
1494720000.0000 60450.0000 0.0016 -0.0048 0.0269 0.2891 341.8540 0.0774 0.0452 0.0219 0.0165 -0.0296 -0.0118 0.0723 8.0114 39.9480
1494720000.0000 60750.0000 -0.3111 -0.2899 0.0892 0.6893 47.0130 0.2730 0.1403 0.0578 -0.0155 -0.0805 0.0077 0.2355 0.9120 0.8728
1494720000.0000 61050.0000 0.2176 -0.0774 -0.0877 0.3923 289.5891 0.1177 0.0242 0.0346 0.0253 -0.0432 -0.0130 0.0883 0.9819 0.9417
1494720000.0000 61350.0000 0.2934 -0.0151 -0.1378 0.3615 272.9387 0.0582 0.0330 0.0162 -0.0042 -0.0253 0.0015 0.0537 0.5833 0.5937
1494720000.0000 61650.0000 -0.0359 0.0328 -0.0175 0.3583 132.4011 0.1453 0.0387 0.0211 0.0365 -0.0412 -0.0122 0.1026 5.0572 5.0899
1494720000.0000 61950.0000 0.2606 0.0101 -0.1328 0.3207 267.7748 0.0400 0.0257 0.0184 -0.0073 -0.0177 0.0020 0.0421 0.5721 0.5676
1494720000.0000 62250.0000 -0.0507 -0.1952 -0.0135 0.3536 14.5489 0.0876 0.0226 0.0240 0.0078 -0.0227 0.0026 0.0671 1.0465 0.9504
1494720000.0000 62550.0000 -0.2146 -0.2435 0.0697 0.4474 41.3852 0.0683 0.1073 0.0183 -0.0251 -0.0196 0.0149 0.0970 0.7659 0.7456
1494720000.0000 62850.0000 -0.4055 -0.2486 0.1226 0.6776 58.4936 0.1972 0.1389 0.0368 0.0160 -0.0561 -0.0021 0.1865 0.7178 0.7038
1494720000.0000 63150.0000 0.2450 0.2001 -0.1378 0.3677 230.7588 0.0502 0.0350 0.0155 0.0254 -0.0166 -0.0086 0.0503 0.5308 0.5324
1494720000.0000 63450.0000 0.2687 0.1752 -0.1160 0.3704 236.8952 0.0344 0.0195 0.0125 -0.0092 -0.0160 0.0020 0.0332 0.4361 0.4177
1494720000.0000 63750.0000 0.1981 0.0017 -0.0764 0.2849 269.5081 0.0343 0.0294 0.0151 0.0043 -0.0156 -0.0085 0.0394 0.7633 0.7353
1494720000.0000 64050.0000 0.4658 0.0428 -0.1932 0.5519 264.7457 0.0537 0.0603 0.0149 -0.0467 -0.0225 0.0206 0.0644 0.4095 0.4167
1494720000.0000 64350.0000 0.0660 -0.0586 -0.0544 0.7239 311.5744 0.4934 0.1205 0.0665 0.2250 -0.1704 -0.0777 0.3402 4.5940 5.1259
1494720000.0000 64650.0000 0.3425 0.0101 -0.1463 0.4657 268.3091 0.1061 0.0254 0.0277 0.0085 -0.0471 -0.0053 0.0796 0.6182 0.6110
1494720000.0000 64950.0000 0.6603 0.1454 -0.2837 0.6884 257.5846 0.0146 0.0162 0.0078 0.0001 -0.0052 -0.0002 0.0193 0.1547 0.1499
1494720000.0000 65250.0000 0.6612 0.0187 -0.2892 0.6776 268.3795 0.0121 0.0212 0.0077 -0.0006 -0.0036 0.0017 0.0206 0.1622 0.1595
1494720000.0000 65550.0000 0.6280 0.1305 -0.2628 0.6702 258.2576 0.0589 0.0224 0.0157 -0.0086 -0.0234 0.0024 0.0485 0.2594 0.2567
1494720000.0000 65850.0000 0.4990 0.2511 -0.2086 0.6630 243.2915 0.1559 0.0553 0.0348 -0.0322 -0.0661 0.0095 0.1230 0.4803 0.4750
1494720000.0000 66150.0000 0.5013 -0.0502 -0.2049 0.6214 275.7130 0.1282 0.0620 0.0281 -0.0148 -0.0481 0.0068 0.1091 0.4960 0.4998
1494720000.0000 66450.0000 0.2523 0.2457 -0.0938 0.5135 225.7624 0.1367 0.0635 0.0306 -0.0037 -0.0485 -0.0027 0.1154 0.7609 0.7334
1494720000.0000 66750.0000 0.4580 -0.0350 -0.1779 0.5123 274.3697 0.0816 0.0348 0.0218 -0.0006 -0.0350 -0.0010 0.0691 0.4358 0.4289
1494720000.0000 67050.0000 0.6288 0.1183 -0.2671 0.6726 259.3430 0.0392 0.0333 0.0132 -0.0147 -0.0161 0.0082 0.0429 0.2438 0.2430
1494720000.0000 67350.0000 0.7099 0.0093 -0.2992 0.7302 269.2459 0.0204 0.0278 0.0109 -0.0035 -0.0084 0.0028 0.0296 0.1822 0.1786
1494720000.0000 67650.0000 0.7644 0.0471 -0.3198 0.7821 266.4770 0.0719 0.0163 0.0249 -0.0161 -0.0324 0.0073 0.0566 0.2340 0.2240
1494720000.0000 67950.0000 0.8399 0.1544 -0.3618 0.8621 259.5813 0.0291 0.0159 0.0128 0.0102 -0.0143 -0.0055 0.0289 0.1496 0.1434
1494720000.0000 68250.0000 0.8357 0.0251 -0.3530 0.8502 268.2782 0.0158 0.0234 0.0108 0.0071 -0.0072 -0.0033 0.0250 0.1423 0.1367
1494720000.0000 68550.0000 0.9094 0.1453 -0.3901 0.9316 260.9205 0.0230 0.0199 0.0146 -0.0001 -0.0120 0.0004 0.0287 0.1384 0.1298
1494720000.0000 68850.0000 0.8324 0.1658 -0.3479 0.8633 258.7347 0.0306 0.0229 0.0152 0.0011 -0.0148 -0.0010 0.0344 0.1651 0.1574
1494720000.0000 69150.0000 0.9712 0.0956 -0.4089 0.9905 264.3753 0.0125 0.0281 0.0129 0.0026 -0.0059 -0.0019 0.0267 0.1262 0.1192
1494720000.0000 69450.0000 0.9863 0.0642 -0.4199 1.0022 266.2766 0.0186 0.0273 0.0204 -0.0044 -0.0105 0.0019 0.0331 0.1384 0.1252
1494720000.0000 69750.0000 0.9918 0.1270 -0.4184 1.0060 262.7035 0.0146 0.0120 0.0161 -0.0005 -0.0084 -0.0009 0.0213 0.1100 0.0940
1494720000.0000 70050.0000 0.9783 0.1458 -0.4116 0.9965 261.5207 0.0152 0.0143 0.0170 -0.0011 -0.0079 -0.0013 0.0232 0.1161 0.1002
1494720000.0000 70350.0000 0.9404 0.0445 -0.3973 0.9531 267.2887 0.0184 0.0215 0.0210 -0.0006 -0.0101 0.0007 0.0304 0.1393 0.1224
1494720000.0000 70650.0000 1.0032 0.0180 -0.4340 1.0136 268.9700 0.0170 0.0205 0.0196 -0.0016 -0.0090 0.0016 0.0285 0.1262 0.1114
1494720000.0000 70950.0000 0.9728 -0.0470 -0.4025 0.9829 272.7655 0.0164 0.0174 0.0210 -0.0023 -0.0094 0.0016 0.0274 0.1282 0.1090
1494720000.0000 71250.0000 0.9534 -0.0459 -0.3957 0.9691 272.7583 0.0207 0.0278 0.0217 -0.0055 -0.0124 0.0024 0.0351 0.1480 0.1332
1494720000.0000 71550.0000 0.9089 -0.0223 -0.3715 0.9203 271.4025 0.0254 0.0203 0.0240 -0.0061 -0.0151 0.0038 0.0348 0.1551 0.1357
1494720000.0000 71850.0000 0.9890 -0.0295 -0.4107 1.0001 271.7062 0.0218 0.0214 0.0253 -0.0045 -0.0129 0.0031 0.0342 0.1410 0.1213
1494720000.0000 72150.0000 0.9925 -0.0531 -0.4131 1.0051 273.0600 0.0216 0.0218 0.0268 -0.0019 -0.0133 0.0008 0.0350 0.1420 0.1209
1494720000.0000 72450.0000 0.9913 -0.0212 -0.4092 1.0030 271.2264 0.0238 0.0228 0.0230 -0.0053 -0.0128 0.0023 0.0349 0.1421 0.1258
1494720000.0000 72750.0000 1.0297 -0.0485 -0.4318 1.0424 272.6991 0.0256 0.0237 0.0256 -0.0032 -0.0135 0.0030 0.0375 0.1414 0.1244
1494720000.0000 73050.0000 1.0324 -0.0789 -0.4260 1.0480 274.3684 0.0293 0.0261 0.0268 -0.0032 -0.0176 0.0024 0.0411 0.1479 0.1313
1494720000.0000 73350.0000 1.0118 -0.0207 -0.4207 1.0235 271.1723 0.0348 0.0230 0.0263 -0.0029 -0.0190 0.0020 0.0420 0.1527 0.1371
1494720000.0000 73650.0000 1.0399 -0.0208 -0.4333 1.0507 271.1465 0.0239 0.0215 0.0269 -0.0016 -0.0137 0.0007 0.0361 0.1377 0.1182
1494720000.0000 73950.0000 1.0251 -0.0317 -0.4214 1.0360 271.7702 0.0214 0.0211 0.0242 -0.0027 -0.0127 0.0030 0.0334 0.1345 0.1161
1494720000.0000 74250.0000 0.9978 -0.0372 -0.4091 1.0094 272.1361 0.0209 0.0218 0.0243 -0.0023 -0.0125 0.0017 0.0335 0.1385 0.1195
1494720000.0000 74550.0000 1.0026 -0.0355 -0.4177 1.0117 272.0252 0.0134 0.0169 0.0177 -0.0015 -0.0068 0.0005 0.0240 0.1164 0.1002
1494720000.0000 74850.0000 0.9639 -0.0271 -0.4005 0.9720 271.6130 0.0156 0.0153 0.0149 -0.0047 -0.0070 0.0015 0.0229 0.1183 0.1052
1494720000.0000 75150.0000 0.7614 -0.0151 -0.3088 0.7706 271.1373 0.0234 0.0138 0.0148 -0.0016 -0.0104 0.0011 0.0259 0.1600 0.1461
1494720000.0000 75450.0000 0.6949 0.0509 -0.2829 0.7090 265.8126 0.0145 0.0184 0.0084 0.0039 -0.0062 -0.0017 0.0206 0.1560 0.1503
1494720000.0000 75750.0000 0.9236 0.0823 -0.4008 0.9340 264.9104 0.0120 0.0123 0.0131 -0.0020 -0.0060 0.0006 0.0187 0.1105 0.0970
1494720000.0000 76050.0000 0.8959 0.1055 -0.3710 0.9082 263.2865 0.0146 0.0104 0.0136 -0.0026 -0.0071 0.0009 0.0193 0.1163 0.1013
1494720000.0000 76350.0000 0.9243 0.1795 -0.3921 0.9457 259.0097 0.0067 0.0076 0.0075 -0.0004 -0.0028 -0.0000 0.0109 0.0835 0.0733
1494720000.0000 76650.0000 0.9253 0.1435 -0.3800 0.9415 261.1868 0.0072 0.0090 0.0086 -0.0025 -0.0030 0.0008 0.0124 0.0901 0.0785
1494720000.0000 76950.0000 1.0210 0.0774 -0.4269 1.0295 265.6672 0.0154 0.0107 0.0166 -0.0026 -0.0080 -0.0003 0.0214 0.1076 0.0912
1494720000.0000 77250.0000 0.9353 0.0757 -0.3792 0.9436 265.3755 0.0216 0.0093 0.0186 -0.0004 -0.0131 -0.0010 0.0247 0.1269 0.1082
1494720000.0000 77550.0000 0.9454 0.0763 -0.3861 0.9539 265.3858 0.0158 0.0099 0.0162 -0.0006 -0.0087 -0.0018 0.0210 0.1154 0.0976
1494720000.0000 77850.0000 0.9723 0.0869 -0.4017 0.9824 264.8940 0.0136 0.0117 0.0165 -0.0025 -0.0068 -0.0012 0.0209 0.1119 0.0942
1494720000.0000 78150.0000 0.9343 0.1458 -0.3928 0.9510 261.1287 0.0098 0.0096 0.0109 -0.0009 -0.0044 -0.0003 0.0152 0.0983 0.0851
1494720000.0000 78450.0000 0.9764 0.1299 -0.4043 0.9915 262.4202 0.0138 0.0124 0.0156 -0.0013 -0.0063 -0.0012 0.0209 0.1110 0.0950
1494720000.0000 78750.0000 1.0565 0.1116 -0.4466 1.0681 263.9686 0.0130 0.0119 0.0168 -0.0017 -0.0066 -0.0014 0.0208 0.1022 0.0856
1494720000.0000 79050.0000 1.1298 0.0898 -0.4794 1.1389 265.4553 0.0161 0.0116 0.0195 -0.0028 -0.0090 0.0004 0.0236 0.1019 0.0847
1494720000.0000 79350.0000 0.9322 0.1104 -0.3869 0.9460 263.2433 0.0126 0.0133 0.0143 -0.0016 -0.0050 -0.0014 0.0201 0.1141 0.0990
1494720000.0000 79650.0000 0.9103 0.1017 -0.3800 0.9220 263.6273 0.0086 0.0109 0.0129 -0.0016 -0.0035 -0.0011 0.0162 0.1047 0.0880
1494720000.0000 79950.0000 0.9580 0.0905 -0.4020 0.9683 264.6047 0.0129 0.0109 0.0137 -0.0025 -0.0060 -0.0007 0.0188 0.1073 0.0927
1494720000.0000 80250.0000 1.0130 0.0690 -0.4287 1.0215 266.1019 0.0198 0.0116 0.0233 -0.0013 -0.0127 -0.0008 0.0274 0.1225 0.1007
1494720000.0000 80550.0000 0.9157 0.0563 -0.3835 0.9240 266.4846 0.0168 0.0112 0.0203 -0.0017 -0.0106 -0.0003 0.0242 0.1277 0.1054
1494720000.0000 80850.0000 0.8454 0.0941 -0.3491 0.8540 263.6470 0.0078 0.0056 0.0074 -0.0005 -0.0032 -0.0010 0.0104 0.0906 0.0787
1494720000.0000 81150.0000 0.9635 0.0651 -0.4072 0.9699 266.1349 0.0115 0.0078 0.0131 -0.0022 -0.0056 -0.0006 0.0162 0.0991 0.0830
1494720000.0000 81450.0000 0.9142 0.0722 -0.3837 0.9226 265.4861 0.0115 0.0097 0.0120 -0.0019 -0.0049 -0.0012 0.0166 0.1057 0.0916
1494720000.0000 81750.0000 0.8956 0.0544 -0.3638 0.9022 266.5214 0.0146 0.0086 0.0161 -0.0007 -0.0090 -0.0005 0.0196 0.1181 0.0979
1494720000.0000 82050.0000 0.8850 0.0559 -0.3622 0.8919 266.3875 0.0102 0.0088 0.0148 -0.0006 -0.0068 0.0012 0.0169 0.1109 0.0899
1494720000.0000 82350.0000 0.8331 0.0882 -0.3409 0.8422 263.9554 0.0092 0.0072 0.0100 -0.0009 -0.0052 0.0001 0.0132 0.1036 0.0882
1494720000.0000 82650.0000 0.8571 0.0321 -0.3633 0.8637 267.8563 0.0122 0.0099 0.0115 -0.0022 -0.0047 0.0004 0.0168 0.1136 0.1000
1494720000.0000 82950.0000 0.7930 0.0528 -0.3336 0.8008 266.1906 0.0098 0.0093 0.0122 -0.0008 -0.0052 -0.0004 0.0156 0.1183 0.1002
1494720000.0000 83250.0000 0.7547 0.0881 -0.3169 0.7641 263.3436 0.0074 0.0066 0.0084 0.0001 -0.0031 -0.0014 0.0112 0.1049 0.0897
1494720000.0000 83550.0000 0.7997 0.0823 -0.3370 0.8088 264.1277 0.0129 0.0070 0.0078 -0.0030 -0.0058 0.0012 0.0139 0.1103 0.1014
1494720000.0000 83850.0000 0.9043 0.0591 -0.3903 0.9111 266.2631 0.0108 0.0085 0.0126 -0.0007 -0.0061 0.0014 0.0160 0.1045 0.0885
1494720000.0000 84150.0000 0.8980 0.0922 -0.3683 0.9082 264.1403 0.0124 0.0095 0.0146 -0.0019 -0.0075 0.0001 0.0182 0.1131 0.0946
1494720000.0000 84450.0000 0.7700 0.1437 -0.3165 0.7856 259.4284 0.0065 0.0038 0.0045 0.0009 -0.0029 -0.0005 0.0073 0.0828 0.0746
1494720000.0000 84750.0000 0.7756 0.0812 -0.3270 0.7833 264.0240 0.0058 0.0055 0.0062 -0.0003 -0.0020 -0.0006 0.0088 0.0904 0.0787
1494720000.0000 85050.0000 0.8150 0.1067 -0.3359 0.8286 262.5397 0.0178 0.0091 0.0102 -0.0056 -0.0088 0.0025 0.0185 0.1252 0.1152
1494720000.0000 85350.0000 0.7858 0.0977 -0.3360 0.7963 262.9095 0.0062 0.0068 0.0077 -0.0007 -0.0021 -0.0004 0.0103 0.0965 0.0831
1494720000.0000 85650.0000 0.8067 0.0811 -0.3347 0.8150 264.2588 0.0117 0.0065 0.0079 -0.0015 -0.0042 0.0005 0.0130 0.1062 0.0959
1494720000.0000 85950.0000 0.7790 0.1444 -0.3078 0.7963 259.5010 0.0090 0.0060 0.0069 -0.0008 -0.0045 0.0008 0.0109 0.1005 0.0893
1494720000.0000 86250.0000 0.7323 0.1011 -0.3008 0.7434 262.1373 0.0047 0.0061 0.0057 -0.0004 -0.0017 -0.0002 0.0082 0.0929 0.0810
1494806400.0000 86550.0000 0.7967 0.1133 -0.3269 0.8099 261.9076 0.0092 0.0083 0.0092 0.0001 -0.0047 -0.0005 0.0133 0.1085 0.0949
1494806400.0000 86850.0000 0.8484 0.1255 -0.3494 0.8634 261.5844 0.0092 0.0095 0.0111 -0.0018 -0.0045 -0.0005 0.0149 0.1075 0.0918
1494806400.0000 87150.0000 0.8066 0.0702 -0.3434 0.8167 265.0252 0.0174 0.0103 0.0150 -0.0027 -0.0077 -0.0007 0.0213 0.1356 0.1187
1494806400.0000 87450.0000 0.8811 0.0417 -0.3629 0.8865 267.2926 0.0124 0.0075 0.0141 0.0004 -0.0077 -0.0004 0.0170 0.1115 0.0923
1494806400.0000 87750.0000 0.8317 0.0679 -0.3433 0.8380 265.3338 0.0084 0.0057 0.0092 -0.0011 -0.0036 -0.0004 0.0117 0.0979 0.0823
1494806400.0000 88050.0000 0.7052 0.1086 -0.2778 0.7177 261.2462 0.0060 0.0062 0.0046 0.0015 -0.0018 -0.0009 0.0084 0.0977 0.0894
1494806400.0000 88350.0000 0.6921 0.1139 -0.2719 0.7040 260.6515 0.0038 0.0038 0.0033 0.0008 -0.0008 -0.0004 0.0054 0.0799 0.0715
1494806400.0000 88650.0000 0.7722 0.0773 -0.3198 0.7797 264.2867 0.0090 0.0053 0.0078 -0.0022 -0.0039 0.0004 0.0110 0.1023 0.0891
1494806400.0000 88950.0000 0.8350 0.0675 -0.3450 0.8416 265.3802 0.0090 0.0062 0.0130 -0.0008 -0.0056 -0.0000 0.0141 0.1071 0.0850
1494806400.0000 89250.0000 0.8004 0.1032 -0.3381 0.8100 262.6520 0.0042 0.0047 0.0056 -0.0006 -0.0014 -0.0001 0.0073 0.0796 0.0676
1494806400.0000 89550.0000 0.8577 0.0838 -0.3610 0.8664 264.4170 0.0086 0.0073 0.0087 -0.0027 -0.0033 0.0000 0.0123 0.0968 0.0845
1494806400.0000 89850.0000 0.8199 0.0788 -0.3452 0.8279 264.5117 0.0108 0.0067 0.0100 -0.0015 -0.0049 -0.0007 0.0137 0.1071 0.0927
1494806400.0000 90150.0000 0.7379 0.1229 -0.2987 0.7526 260.5443 0.0066 0.0069 0.0053 0.0001 -0.0028 0.0001 0.0094 0.0982 0.0898
1494806400.0000 90450.0000 0.7701 0.1643 -0.3014 0.7901 257.9601 0.0045 0.0036 0.0040 -0.0012 -0.0020 0.0009 0.0061 0.0754 0.0660
1494806400.0000 90750.0000 0.8107 0.0931 -0.3325 0.8201 263.4491 0.0095 0.0059 0.0074 -0.0030 -0.0040 0.0012 0.0114 0.0989 0.0879
1494806400.0000 91050.0000 0.7314 0.1364 -0.2910 0.7487 259.4358 0.0117 0.0054 0.0072 -0.0048 -0.0061 0.0022 0.0122 0.1127 0.1015
1494806400.0000 91350.0000 0.6787 0.1457 -0.2619 0.6966 257.8838 0.0041 0.0031 0.0036 -0.0008 -0.0017 0.0005 0.0054 0.0806 0.0704
1494806400.0000 91650.0000 0.5696 0.0748 -0.2245 0.5800 262.5232 0.0106 0.0063 0.0085 -0.0001 -0.0048 -0.0010 0.0127 0.1493 0.1306
1494806400.0000 91950.0000 0.5477 0.1792 -0.1657 0.5787 251.8779 0.0048 0.0029 0.0045 0.0005 -0.0024 -0.0009 0.0061 0.1063 0.0880
1494806400.0000 92250.0000 0.6877 0.1300 -0.2640 0.7037 259.2935 0.0126 0.0039 0.0065 -0.0041 -0.0068 0.0025 0.0115 0.1171 0.1058
1494806400.0000 92550.0000 0.8029 0.1085 -0.3312 0.8135 262.3049 0.0045 0.0051 0.0056 -0.0007 -0.0015 -0.0002 0.0076 0.0812 0.0697
1494806400.0000 92850.0000 0.7617 0.0721 -0.3059 0.7701 264.5897 0.0050 0.0076 0.0057 -0.0004 -0.0018 0.0008 0.0091 0.0946 0.0844
1494806400.0000 93150.0000 0.7408 0.0577 -0.2910 0.7481 265.5444 0.0078 0.0071 0.0119 -0.0003 -0.0052 0.0005 0.0134 0.1184 0.0949
1494806400.0000 93450.0000 0.7888 0.0934 -0.3292 0.7980 263.2457 0.0057 0.0054 0.0076 -0.0014 -0.0027 -0.0001 0.0094 0.0920 0.0767
1494806400.0000 93750.0000 0.7338 0.1409 -0.2873 0.7497 259.1335 0.0042 0.0035 0.0038 -0.0004 -0.0017 -0.0001 0.0058 0.0775 0.0679
1494806400.0000 94050.0000 0.7936 0.1131 -0.3182 0.8048 261.8924 0.0065 0.0048 0.0061 -0.0007 -0.0027 0.0000 0.0087 0.0882 0.0765
1494806400.0000 94350.0000 0.8060 0.1611 -0.3213 0.8252 258.6943 0.0051 0.0050 0.0055 -0.0002 -0.0019 -0.0003 0.0078 0.0819 0.0709
1494806400.0000 94650.0000 0.8584 0.0905 -0.3538 0.8679 263.9815 0.0156 0.0074 0.0122 -0.0029 -0.0071 -0.0001 0.0176 0.1162 0.1014
1494806400.0000 94950.0000 0.9393 0.0939 -0.3797 0.9492 264.2906 0.0119 0.0094 0.0143 -0.0012 -0.0071 -0.0001 0.0178 0.1071 0.0892
1494806400.0000 95250.0000 0.9007 0.0940 -0.3649 0.9112 264.0447 0.0113 0.0097 0.0147 -0.0014 -0.0061 -0.0011 0.0178 0.1117 0.0924
1494806400.0000 95550.0000 0.8830 0.1337 -0.3581 0.8981 261.3919 0.0129 0.0094 0.0100 0.0027 -0.0054 -0.0018 0.0162 0.1079 0.0965
1494806400.0000 95850.0000 0.8891 0.0714 -0.3572 0.8988 265.4074 0.0183 0.0118 0.0173 -0.0009 -0.0094 -0.0007 0.0237 0.1308 0.1122
1494806400.0000 96150.0000 0.8452 0.1316 -0.3486 0.8591 261.1522 0.0055 0.0061 0.0065 -0.0007 -0.0023 -0.0001 0.0090 0.0841 0.0727
1494806400.0000 96450.0000 0.8855 0.0603 -0.3690 0.8940 266.1040 0.0136 0.0107 0.0173 -0.0019 -0.0084 0.0004 0.0208 0.1225 0.1012
1494806400.0000 96750.0000 0.9367 0.0747 -0.3878 0.9445 265.4408 0.0168 0.0086 0.0150 -0.0025 -0.0090 0.0004 0.0202 0.1140 0.0978
1494806400.0000 97050.0000 0.9488 0.1094 -0.3902 0.9606 263.4243 0.0149 0.0098 0.0159 -0.0025 -0.0082 0.0004 0.0203 0.1126 0.0949
1494806400.0000 97350.0000 0.9092 0.0977 -0.3713 0.9205 263.8646 0.0151 0.0105 0.0156 -0.0017 -0.0082 -0.0001 0.0206 0.1188 0.1011
1494806400.0000 97650.0000 0.8646 0.1202 -0.3521 0.8768 262.0861 0.0057 0.0071 0.0081 0.0003 -0.0026 -0.0016 0.0104 0.0886 0.0747
1494806400.0000 97950.0000 0.8812 0.0695 -0.3522 0.8892 265.4911 0.0096 0.0092 0.0115 0.0001 -0.0045 -0.0014 0.0152 0.1057 0.0896
1494806400.0000 98250.0000 0.9149 0.0295 -0.3760 0.9226 268.1548 0.0107 0.0129 0.0142 -0.0020 -0.0063 0.0011 0.0189 0.1134 0.0969
1494806400.0000 98550.0000 0.8978 0.0716 -0.3706 0.9056 265.4412 0.0139 0.0084 0.0145 -0.0014 -0.0081 0.0001 0.0184 0.1137 0.0957
1494806400.0000 98850.0000 0.8139 0.0666 -0.3306 0.8222 265.3236 0.0158 0.0085 0.0139 -0.0010 -0.0071 -0.0001 0.0191 0.1282 0.1104
1494806400.0000 99150.0000 0.7332 0.0235 -0.2865 0.7420 268.1602 0.0124 0.0121 0.0081 -0.0042 -0.0051 0.0020 0.0163 0.1323 0.1231
1494806400.0000 99450.0000 0.7972 0.0392 -0.3257 0.8045 267.1866 0.0121 0.0095 0.0149 -0.0031 -0.0077 0.0013 0.0183 0.1280 0.1063
1494806400.0000 99750.0000 0.6862 0.0663 -0.2703 0.6934 264.4781 0.0109 0.0053 0.0096 0.0003 -0.0050 -0.0008 0.0129 0.1251 0.1066
1494806400.0000 100050.0000 0.6017 -0.0234 -0.2443 0.6112 272.2274 0.0079 0.0106 0.0083 -0.0015 -0.0040 0.0013 0.0134 0.1456 0.1305
1494806400.0000 100350.0000 0.6375 0.0787 -0.2527 0.6482 262.9597 0.0080 0.0070 0.0065 -0.0034 -0.0043 0.0020 0.0107 0.1223 0.1098
1494806400.0000 100650.0000 0.7327 0.0633 -0.2930 0.7395 265.0640 0.0097 0.0056 0.0086 -0.0011 -0.0041 -0.0002 0.0119 0.1127 0.0971
1494806400.0000 100950.0000 0.5957 0.0931 -0.2347 0.6061 261.1152 0.0036 0.0036 0.0031 -0.0007 -0.0012 0.0006 0.0051 0.0904 0.0809
1494806400.0000 101250.0000 0.6052 0.1023 -0.2361 0.6180 260.4039 0.0090 0.0045 0.0049 -0.0020 -0.0042 0.0010 0.0092 0.1189 0.1090
1494806400.0000 101550.0000 0.5579 0.1804 -0.2073 0.5896 252.0786 0.0040 0.0041 0.0021 0.0009 -0.0010 -0.0004 0.0052 0.0942 0.0889
1494806400.0000 101850.0000 0.6201 0.1022 -0.2401 0.6326 260.6432 0.0047 0.0046 0.0042 -0.0015 -0.0018 0.0005 0.0068 0.0999 0.0887
1494806400.0000 102150.0000 0.6864 0.0664 -0.2786 0.6954 264.4714 0.0078 0.0072 0.0054 -0.0040 -0.0032 0.0022 0.0102 0.1107 0.1025
1494806400.0000 102450.0000 0.5571 0.0599 -0.2260 0.5654 263.8651 0.0045 0.0055 0.0043 -0.0003 -0.0021 0.0011 0.0072 0.1145 0.1031
1494806400.0000 102750.0000 0.6204 0.0694 -0.2509 0.6279 263.6154 0.0078 0.0044 0.0048 0.0003 -0.0029 -0.0000 0.0085 0.1117 0.1021
1494806400.0000 103050.0000 0.5861 0.0626 -0.2312 0.5936 263.9055 0.0050 0.0049 0.0059 0.0002 -0.0025 0.0005 0.0079 0.1145 0.0973
1494806400.0000 103350.0000 0.5849 0.1664 -0.2194 0.6108 254.1175 0.0051 0.0034 0.0027 0.0003 -0.0021 -0.0002 0.0056 0.0949 0.0878
1494806400.0000 103650.0000 0.6438 0.0178 -0.2630 0.6504 268.4206 0.0075 0.0080 0.0068 -0.0005 -0.0029 -0.0005 0.0112 0.1240 0.1117
1494806400.0000 103950.0000 0.4735 0.1298 -0.1775 0.4991 254.6717 0.0181 0.0050 0.0061 -0.0037 -0.0075 0.0016 0.0146 0.1890 0.1790
1494806400.0000 104250.0000 0.4002 0.0970 -0.1356 0.4518 256.3713 0.0126 0.0336 0.0052 -0.0071 -0.0045 0.0031 0.0257 0.3021 0.3014
1494806400.0000 104550.0000 0.5012 0.0719 -0.1978 0.5136 261.8413 0.0050 0.0073 0.0038 -0.0007 -0.0016 0.0008 0.0080 0.1344 0.1262
1494806400.0000 104850.0000 0.5804 0.1481 -0.2380 0.6018 255.6827 0.0039 0.0029 0.0028 -0.0011 -0.0016 0.0007 0.0048 0.0875 0.0793
1494806400.0000 105150.0000 0.6080 0.1181 -0.2589 0.6237 259.0065 0.0082 0.0056 0.0041 0.0008 -0.0033 -0.0008 0.0090 0.1154 0.1098
1494806400.0000 105450.0000 0.3015 0.1375 -0.1153 0.3381 245.4853 0.0076 0.0052 0.0044 0.0014 -0.0033 -0.0011 0.0086 0.2159 0.1971
1494806400.0000 105750.0000 0.1930 -0.0607 -0.0308 0.2170 287.4669 0.0035 0.0052 0.0013 0.0015 -0.0004 -0.0008 0.0050 0.2816 0.2661
1494806400.0000 106050.0000 0.2868 0.0730 -0.0984 0.3061 255.7102 0.0083 0.0041 0.0032 -0.0014 -0.0035 -0.0000 0.0078 0.2316 0.2178
1494806400.0000 106350.0000 0.2283 0.2014 -0.0895 0.3125 228.5819 0.0027 0.0086 0.0022 0.0012 -0.0004 -0.0011 0.0067 0.2114 0.2017
1494806400.0000 106650.0000 0.3175 0.2034 -0.1353 0.3859 237.3590 0.0088 0.0068 0.0042 0.0007 -0.0034 -0.0011 0.0099 0.2026 0.1911
1494806400.0000 106950.0000 0.5782 0.0824 -0.2468 0.5888 261.8922 0.0099 0.0057 0.0057 0.0004 -0.0045 0.0003 0.0106 0.1329 0.1233
1494806400.0000 107250.0000 0.3755 0.0748 -0.1351 0.3922 258.7357 0.0055 0.0070 0.0029 0.0003 -0.0019 -0.0003 0.0077 0.1766 0.1686
1494806400.0000 107550.0000 0.3158 0.1642 -0.1200 0.3723 242.5320 0.0081 0.0102 0.0035 -0.0041 -0.0036 0.0030 0.0109 0.2271 0.2193
1494806400.0000 107850.0000 0.3057 0.1646 -0.1160 0.3652 241.7061 0.0164 0.0056 0.0042 -0.0032 -0.0057 0.0016 0.0131 0.2552 0.2465
1494806400.0000 108150.0000 0.2727 0.1536 -0.0890 0.3288 240.6213 0.0099 0.0063 0.0024 -0.0028 -0.0038 0.0011 0.0093 0.2419 0.2345
1494806400.0000 108450.0000 0.2819 0.1155 -0.1234 0.3115 247.7143 0.0076 0.0037 0.0033 -0.0000 -0.0026 -0.0010 0.0073 0.2127 0.2018
1494806400.0000 108750.0000 0.1669 0.0963 -0.0601 0.1991 240.0250 0.0026 0.0022 0.0015 -0.0002 -0.0010 -0.0000 0.0031 0.2267 0.2070
1494806400.0000 109050.0000 -0.1122 0.0213 0.0442 0.1552 100.7600 0.0211 0.0040 0.0027 0.0022 -0.0059 -0.0007 0.0139 0.7870 0.8014
1494806400.0000 109350.0000 -0.0805 -0.0843 0.0439 0.1357 43.6544 0.0047 0.0038 0.0020 -0.0009 -0.0011 0.0011 0.0052 0.4731 0.4556
1494806400.0000 109650.0000 -0.2214 0.0545 0.0704 0.2422 103.8332 0.0165 0.0044 0.0026 0.0018 -0.0028 -0.0001 0.0117 0.3700 0.3654
1494806400.0000 109950.0000 -0.0886 0.0249 0.0319 0.1182 105.6849 0.0138 0.0023 0.0025 0.0006 -0.0029 0.0002 0.0093 0.8070 0.7948
1494806400.0000 110250.0000 -0.1083 0.0553 0.0004 0.2389 117.0319 0.0420 0.0181 0.0142 -0.0174 -0.0159 0.0110 0.0371 1.2935 1.1630
1494806400.0000 110550.0000 -0.4619 0.0524 0.1324 0.4922 96.4780 0.0267 0.0224 0.0059 -0.0058 -0.0005 0.0003 0.0275 0.2799 0.2750
1494806400.0000 110850.0000 -0.4950 0.0748 0.1434 0.5125 98.5931 0.0179 0.0116 0.0065 -0.0019 -0.0004 0.0010 0.0180 0.2104 0.1982
1494806400.0000 111150.0000 -0.1047 -0.0642 0.0315 0.2149 58.4616 0.0446 0.0109 0.0087 0.0014 -0.0083 0.0001 0.0321 1.1533 1.1072
1494806400.0000 111450.0000 -0.6232 -0.0213 0.1866 0.6554 88.0467 0.0646 0.0389 0.0161 -0.0069 -0.0124 0.0010 0.0598 0.3067 0.2979
1494806400.0000 111750.0000 -0.3894 0.2224 0.1055 0.4939 119.7326 0.0354 0.0310 0.0137 0.0061 -0.0039 -0.0035 0.0400 0.3547 0.3317
1494806400.0000 112050.0000 -0.5762 -0.1086 0.1861 0.6628 79.3220 0.0574 0.0893 0.0261 -0.0020 -0.0107 0.0066 0.0864 0.3901 0.3771
1494806400.0000 112350.0000 -0.6017 -0.3772 0.2087 0.7630 57.9174 0.0561 0.0687 0.0154 -0.0100 -0.0064 0.0077 0.0701 0.2921 0.2872
1494806400.0000 112650.0000 -0.5529 -0.2516 0.1897 0.7100 65.5293 0.0612 0.1122 0.0142 -0.0423 -0.0089 0.0072 0.0938 0.3929 0.3956
1494806400.0000 112950.0000 -0.6423 0.1360 0.1711 0.6805 101.9577 0.0432 0.0238 0.0161 0.0067 -0.0074 0.0023 0.0415 0.2452 0.2275
1494806400.0000 113250.0000 -0.4873 -0.1137 0.1464 0.5938 76.8699 0.0682 0.0885 0.0222 -0.0225 -0.0155 0.0042 0.0895 0.4685 0.4568
1494806400.0000 113550.0000 -0.6060 0.0575 0.1649 0.7438 95.4164 0.0643 0.1905 0.0283 0.0032 -0.0140 -0.0308 0.1415 0.4871 0.4788
1494806400.0000 113850.0000 -0.5268 0.1406 0.1731 0.6026 104.9398 0.0721 0.0573 0.0239 0.0105 -0.0115 -0.0034 0.0767 0.3952 0.3809
1494806400.0000 114150.0000 -0.5407 0.1952 0.1018 0.6314 109.8539 0.0403 0.0646 0.0212 0.0065 -0.0078 0.0034 0.0631 0.3512 0.3253
1494806400.0000 114450.0000 -0.5563 0.1539 0.1265 0.6623 105.4641 0.0796 0.0781 0.0202 0.0375 -0.0175 -0.0170 0.0890 0.4121 0.3972
1494806400.0000 114750.0000 -0.3521 0.1657 0.1038 0.4815 115.1979 0.0343 0.0869 0.0142 -0.0101 0.0003 -0.0071 0.0677 0.5273 0.5164
1494806400.0000 115050.0000 -0.2127 0.0103 0.0803 0.3746 92.7828 0.0292 0.0924 0.0103 -0.0242 0.0029 -0.0039 0.0660 0.9213 0.9453
1494806400.0000 115350.0000 -0.4594 0.2101 0.0660 0.5425 114.5747 0.0264 0.0469 0.0264 -0.0040 -0.0096 -0.0024 0.0498 0.3577 0.3093
1494806400.0000 115650.0000 -0.4868 -0.0110 0.1376 0.5358 88.7089 0.0735 0.0462 0.0276 0.0115 -0.0150 -0.0013 0.0737 0.4380 0.4102
1494806400.0000 115950.0000 -0.2538 -0.0296 0.0549 0.3741 83.3437 0.0444 0.0654 0.0133 -0.0239 -0.0074 0.0030 0.0615 0.7750 0.7486
1494806400.0000 116250.0000 -0.5771 0.0152 0.1928 0.6305 91.5078 0.0352 0.0621 0.0145 0.0177 -0.0025 -0.0119 0.0559 0.3171 0.3120
1494806400.0000 116550.0000 -0.5185 0.0075 0.1192 0.5588 90.8285 0.0362 0.0451 0.0219 -0.0083 -0.0082 0.0020 0.0516 0.3484 0.3173
1494806400.0000 116850.0000 -0.4110 0.0488 0.1176 0.5176 96.7693 0.1215 0.0426 0.0379 0.0181 -0.0337 -0.0025 0.1010 0.6031 0.5650
1494806400.0000 117150.0000 -0.4978 -0.1306 0.1560 0.6540 75.3036 0.0968 0.1253 0.0217 -0.0762 -0.0164 0.0100 0.1219 0.5301 0.5287
1494806400.0000 117450.0000 -0.5687 0.0012 0.1177 0.6259 90.1189 0.0715 0.0589 0.0414 -0.0108 -0.0244 0.0137 0.0859 0.4121 0.3667
1494806400.0000 117750.0000 -0.6589 0.1030 0.1512 0.6856 98.8883 0.0450 0.0250 0.0244 0.0041 -0.0139 -0.0001 0.0472 0.2594 0.2291
1494806400.0000 118050.0000 -0.6640 -0.1437 0.1750 0.7652 77.7894 0.0484 0.1147 0.0229 -0.0149 -0.0096 0.0070 0.0930 0.3549 0.3432
1494806400.0000 118350.0000 -0.7333 -0.0287 0.1980 0.8026 87.7613 0.0579 0.0984 0.0318 -0.0182 -0.0111 0.0038 0.0940 0.3293 0.3110
1494806400.0000 118650.0000 -0.8115 -0.0425 0.2515 0.8881 87.0014 0.0725 0.1154 0.0233 -0.0094 -0.0045 0.0090 0.1056 0.3120 0.3080
1494806400.0000 118950.0000 -0.7627 0.0479 0.2449 0.7984 93.5944 0.0779 0.0481 0.0266 0.0046 -0.0035 0.0022 0.0763 0.2810 0.2682
1494806400.0000 119250.0000 -0.6898 0.1298 0.1553 0.7778 100.6544 0.0806 0.0983 0.0287 0.0303 -0.0110 -0.0153 0.1038 0.3659 0.3479
1494806400.0000 119550.0000 -0.6374 -0.3240 0.1654 0.7901 63.0563 0.0799 0.1252 0.0254 0.0195 -0.0129 -0.0112 0.1153 0.3777 0.3657
1494806400.0000 119850.0000 -0.7579 -0.3614 0.2102 0.9594 64.5079 0.0749 0.2030 0.0255 -0.0117 -0.0061 -0.0022 0.1517 0.3674 0.3625
1494806400.0000 120150.0000 -0.7779 0.1790 0.2234 0.8504 102.9549 0.0602 0.0777 0.0249 0.0112 -0.0016 -0.0070 0.0814 0.2810 0.2686
1494806400.0000 120450.0000 -0.7747 -0.0390 0.1939 0.8170 87.1162 0.1236 0.0569 0.0436 -0.0034 -0.0217 -0.0010 0.1121 0.3418 0.3162
1494806400.0000 120750.0000 -0.7495 0.1529 0.2029 0.8402 101.5268 0.1188 0.1007 0.0342 0.0445 -0.0241 -0.0082 0.1269 0.3675 0.3537
1494806400.0000 121050.0000 -0.7260 -0.0268 0.1888 0.7620 87.8875 0.0414 0.0513 0.0183 0.0068 0.0001 0.0033 0.0555 0.2563 0.2420
1494806400.0000 121350.0000 -0.6539 -0.2597 0.2066 0.8272 68.3413 0.0969 0.1574 0.0214 -0.0468 -0.0173 0.0117 0.1379 0.4134 0.4138
1494806400.0000 121650.0000 -0.4707 -0.3080 0.1027 0.6480 56.8046 0.0629 0.1358 0.0320 0.0276 -0.0172 -0.0195 0.1154 0.4850 0.4576
1494806400.0000 121950.0000 -0.4556 -0.4370 0.0877 0.6694 46.1978 0.0780 0.0544 0.0322 0.0265 -0.0217 -0.0219 0.0823 0.3676 0.3328
1494806400.0000 122250.0000 -0.6260 -0.1341 0.1841 0.7650 77.9072 0.0954 0.1632 0.0312 -0.0294 -0.0155 0.0036 0.1449 0.4666 0.4586
1494806400.0000 122550.0000 -0.8518 -0.2057 0.2228 0.9400 76.4222 0.0815 0.1217 0.0348 0.0106 -0.0106 -0.0021 0.1190 0.3115 0.2970
1494806400.0000 122850.0000 -0.6108 0.1428 0.1524 0.6865 103.1604 0.1543 0.0714 0.0438 0.0078 -0.0456 -0.0129 0.1348 0.4643 0.4373
1494806400.0000 123150.0000 -0.7214 -0.1032 0.2137 0.9497 81.8580 0.1350 0.3336 0.0353 0.0809 -0.0247 -0.0212 0.2519 0.5396 0.5423
1494806400.0000 123450.0000 -0.2846 0.1016 0.0928 0.6366 109.6501 0.1749 0.2362 0.0460 0.0785 -0.0607 -0.0370 0.2285 1.2350 1.2251
1494806400.0000 123750.0000 -0.6882 0.2086 0.2012 0.8431 106.8631 0.1402 0.1536 0.0435 0.0360 -0.0472 -0.0170 0.1687 0.4491 0.4352
1494806400.0000 124050.0000 -0.7789 0.1439 0.1939 0.8486 100.4654 0.1231 0.0813 0.0451 0.0147 -0.0318 -0.0076 0.1248 0.3537 0.3296
1494806400.0000 124350.0000 -0.3180 0.0377 0.1258 0.5593 96.7563 0.2157 0.0560 0.0395 -0.0472 -0.0589 0.0145 0.1556 0.9362 0.9398
1494806400.0000 124650.0000 -0.9120 -0.2443 0.2312 1.0521 75.0052 0.1290 0.2031 0.0439 -0.0290 -0.0225 0.0019 0.1880 0.3642 0.3524
1494806400.0000 124950.0000 -0.7559 -0.2445 0.2027 0.9125 72.0762 0.1118 0.1887 0.0408 -0.0374 -0.0132 -0.0024 0.1707 0.4114 0.3984
1494806400.0000 125250.0000 -0.5675 -0.2093 0.1769 0.7939 69.7506 0.1591 0.2585 0.0395 0.0847 -0.0401 -0.0226 0.2286 0.6194 0.6169
1494806400.0000 125550.0000 -0.3600 0.3163 0.0805 0.9788 131.2970 0.4451 0.4155 0.0858 0.2128 -0.1374 -0.0945 0.4732 1.1559 1.1177
1494806400.0000 125850.0000 -0.4417 0.1753 0.1057 0.7651 111.6409 0.2835 0.1768 0.0730 0.0263 -0.0943 -0.0188 0.2667 0.8661 0.8242
1494806400.0000 126150.0000 -0.1087 0.0041 0.0435 0.5365 92.1649 0.1578 0.1849 0.0357 -0.0417 -0.0379 0.0166 0.1892 3.0319 3.1078
1494806400.0000 126450.0000 -0.4165 0.1087 0.0651 0.7332 104.6255 0.3518 0.1064 0.0717 -0.0043 -0.1167 -0.0039 0.2649 0.9654 0.9080
1494806400.0000 126750.0000 -0.7504 -0.0395 0.2460 0.8181 86.9858 0.1269 0.0974 0.0530 0.0147 -0.0257 -0.0174 0.1387 0.3845 0.3639
1494806400.0000 127050.0000 -0.7411 -0.1647 0.2416 0.9676 77.4667 0.2552 0.2317 0.0624 0.0833 -0.0509 -0.0360 0.2746 0.5371 0.5307
1494806400.0000 127350.0000 -0.5982 0.1299 0.1214 0.6966 102.2525 0.2486 0.0748 0.0709 -0.0431 -0.0562 0.0105 0.1971 0.5809 0.5363
1494806400.0000 127650.0000 -0.2504 -0.2681 0.0548 0.6343 43.0456 0.3013 0.0649 0.0594 -0.0241 -0.0870 0.0013 0.2128 1.0153 0.9523
1494806400.0000 127950.0000 -0.7523 0.1948 0.2402 0.8867 104.5148 0.2934 0.1001 0.0651 -0.0577 -0.0328 0.0124 0.2293 0.4807 0.4660
1494806400.0000 128250.0000 -0.5478 -0.1149 0.1299 0.6657 78.1546 0.1121 0.1338 0.0406 0.0392 -0.0244 -0.0117 0.1432 0.5377 0.5114
1494806400.0000 128550.0000 -0.5783 -0.2365 0.1569 0.8753 67.7609 0.3015 0.2267 0.0558 -0.1410 -0.0597 0.0376 0.2920 0.6850 0.6716
1494806400.0000 128850.0000 -0.6593 0.1236 0.1903 0.7813 100.6178 0.2091 0.0787 0.0313 -0.0270 -0.0294 0.0054 0.1595 0.4677 0.4617
1494806400.0000 129150.0000 -0.4032 -0.0160 0.0690 0.6069 87.7308 0.1244 0.1428 0.0433 0.0312 -0.0316 -0.0127 0.1552 0.7857 0.7395
1494806400.0000 129450.0000 -0.5277 -0.0095 0.1352 0.6381 88.9682 0.0815 0.1279 0.0343 -0.0237 -0.0142 -0.0006 0.1218 0.5231 0.5005
1494806400.0000 129750.0000 -0.2385 0.1320 0.0257 0.4931 118.9663 0.1652 0.1136 0.0642 -0.0527 -0.0320 0.0322 0.1715 1.2349 1.1183
1494806400.0000 130050.0000 -0.2631 -0.1949 0.0921 0.5525 53.4681 0.1763 0.0921 0.0633 -0.0317 -0.0419 0.0310 0.1658 0.9774 0.9133
1494806400.0000 130350.0000 -0.3588 0.1586 0.0549 0.5188 113.8495 0.1117 0.0800 0.0357 -0.0017 -0.0110 0.0047 0.1137 0.6951 0.6444
1494806400.0000 130650.0000 -0.2929 0.0543 0.0915 0.4433 100.5057 0.1490 0.0476 0.0278 -0.0049 -0.0316 -0.0011 0.1122 0.8777 0.8594
1494806400.0000 130950.0000 -0.2971 0.0230 0.0943 0.4165 94.4222 0.0594 0.0636 0.0279 0.0169 -0.0175 -0.0073 0.0754 0.7173 0.6794
1494806400.0000 131250.0000 -0.3611 -0.1182 0.1112 0.5144 71.8729 0.1788 0.0453 0.0574 -0.0155 -0.0658 0.0010 0.1408 0.7737 0.7193
1494806400.0000 131550.0000 -0.2562 0.1201 -0.0018 0.3608 115.1085 0.0282 0.0607 0.0390 -0.0067 -0.0087 -0.0012 0.0640 0.7299 0.6084
1494806400.0000 131850.0000 0.0754 0.0970 0.0043 0.3657 217.8507 0.0921 0.0786 0.0424 0.0165 -0.0293 -0.0304 0.1065 2.1682 1.9415
1494806400.0000 132150.0000 -0.3723 0.1403 0.0946 0.5229 110.6507 0.1044 0.0743 0.0287 -0.0198 -0.0010 -0.0020 0.1037 0.6430 0.6136
1494806400.0000 132450.0000 -0.2928 0.1222 0.0698 0.3919 112.6522 0.0197 0.0550 0.0202 0.0006 0.0030 -0.0003 0.0474 0.5474 0.4973
1494806400.0000 132750.0000 -0.0848 -0.1832 0.0574 0.2738 24.8415 0.0365 0.0142 0.0151 0.0056 -0.0032 0.0051 0.0329 0.7061 0.6443
1494806400.0000 133050.0000 -0.2825 0.0733 0.0684 0.3402 104.5457 0.0342 0.0289 0.0158 -0.0060 -0.0046 0.0019 0.0395 0.5411 0.4968
1494806400.0000 133350.0000 -0.3928 0.2404 0.1099 0.5796 121.4654 0.0871 0.1566 0.0252 -0.0794 -0.0078 0.0049 0.1344 0.6323 0.6188
1494806400.0000 133650.0000 -0.0428 0.1026 0.0046 0.4126 157.3833 0.0462 0.1565 0.0255 -0.0425 -0.0115 0.0277 0.1141 2.4786 2.3380
1494806400.0000 133950.0000 -0.1608 -0.2767 0.0463 0.5556 30.1704 0.1697 0.0787 0.0499 -0.0239 -0.0630 0.0111 0.1492 0.9752 0.8991
1494806400.0000 134250.0000 -0.3886 -0.0347 0.1439 0.6025 84.8979 0.0905 0.1953 0.0423 -0.0179 -0.0139 0.0205 0.1641 0.7954 0.7912
1494806400.0000 134550.0000 -0.6263 0.0678 0.1634 0.7026 96.1792 0.0947 0.0983 0.0372 -0.0032 -0.0174 0.0012 0.1151 0.4256 0.4027
1494806400.0000 134850.0000 -0.5689 -0.2290 0.1182 0.7630 68.0732 0.0728 0.1934 0.0396 0.0015 -0.0114 -0.0135 0.1529 0.5112 0.4858
1494806400.0000 135150.0000 -0.1365 -0.3722 0.0418 0.5307 20.1408 0.0872 0.0829 0.0635 -0.0389 -0.0448 0.0334 0.1168 0.7000 0.6006
1494806400.0000 135450.0000 0.1270 -0.5498 -0.0672 0.6296 346.9934 0.0468 0.0961 0.0484 0.0168 -0.0129 0.0016 0.0957 0.4445 0.3869
1494806400.0000 135750.0000 -0.6224 -0.1855 0.2131 0.6864 73.4078 0.0814 0.0556 0.0269 0.0257 -0.0059 0.0004 0.0820 0.3420 0.3290
1494806400.0000 136050.0000 -0.4426 -0.0420 0.1410 0.5984 84.5790 0.1359 0.1538 0.0410 -0.0925 -0.0186 0.0177 0.1654 0.7119 0.6989
1494806400.0000 136350.0000 -0.3982 0.0340 0.1514 0.5173 94.8785 0.0706 0.0791 0.0225 0.0217 -0.0108 -0.0122 0.0861 0.5605 0.5588
1494806400.0000 136650.0000 -0.4367 0.0462 0.1075 0.5680 96.0439 0.1339 0.0729 0.0332 -0.0436 -0.0239 0.0008 0.1201 0.6258 0.5980
1494806400.0000 136950.0000 -0.2766 0.1487 0.0455 0.5043 118.2592 0.1605 0.0667 0.0424 0.0400 -0.0269 -0.0053 0.1348 0.9450 0.8765
1494806400.0000 137250.0000 -0.0073 -0.1107 0.0441 0.3365 3.7860 0.0553 0.0896 0.0244 -0.0142 -0.0110 0.0058 0.0847 1.9904 1.9815
1494806400.0000 137550.0000 -0.4629 -0.3866 0.1470 0.6537 50.1278 0.0642 0.0563 0.0273 0.0029 -0.0144 -0.0028 0.0739 0.3575 0.3323
1494806400.0000 137850.0000 -0.1680 -0.0343 0.0436 0.3648 78.4565 0.0649 0.0743 0.0276 -0.0485 -0.0211 0.0264 0.0834 1.3331 1.2567
1494806400.0000 138150.0000 -0.0791 -0.0976 0.0868 0.3063 39.0196 0.0556 0.0477 0.0223 0.0012 -0.0121 0.0100 0.0628 1.3399 1.4771
1494806400.0000 138450.0000 -0.2813 -0.5916 0.0133 0.7413 25.4326 0.0947 0.1367 0.0657 -0.0282 -0.0351 0.0256 0.1486 0.4804 0.4240
1494806400.0000 138750.0000 0.2123 -0.0269 -0.0955 0.2771 277.2152 0.0415 0.0190 0.0170 -0.0172 -0.0132 0.0010 0.0388 0.6861 0.6637
1494806400.0000 139050.0000 0.1971 0.0311 -0.1100 0.2565 261.0395 0.0282 0.0258 0.0124 -0.0132 -0.0120 0.0062 0.0332 0.6534 0.6728
1494806400.0000 139350.0000 0.1483 0.1694 -0.1004 0.3121 221.1906 0.0420 0.0157 0.0159 -0.0132 -0.0179 0.0065 0.0368 0.6353 0.6159
1494806400.0000 139650.0000 0.1891 0.1737 -0.1095 0.3828 227.4191 0.0458 0.0517 0.0174 -0.0339 -0.0150 0.0070 0.0574 0.7010 0.7021
1494806400.0000 139950.0000 0.3516 0.0450 -0.2023 0.3747 262.7000 0.0337 0.0126 0.0157 0.0071 -0.0148 -0.0033 0.0311 0.3526 0.3508
1494806400.0000 140250.0000 0.3028 0.0171 -0.1075 0.3416 266.7757 0.0256 0.0246 0.0177 0.0106 -0.0149 -0.0056 0.0339 0.4675 0.4264
1494806400.0000 140550.0000 0.3325 0.0278 -0.1454 0.3823 265.2152 0.0201 0.0311 0.0123 0.0030 -0.0086 -0.0013 0.0317 0.3997 0.3913
1494806400.0000 140850.0000 0.3302 0.1360 -0.1563 0.4458 247.6121 0.0738 0.0339 0.0216 -0.0158 -0.0256 0.0039 0.0646 0.5325 0.5306
1494806400.0000 141150.0000 -0.0964 -0.0860 0.0576 0.2295 48.2527 0.0377 0.0131 0.0132 -0.0086 -0.0103 0.0027 0.0320 1.0329 1.0078
1494806400.0000 141450.0000 -0.5672 0.0204 0.1412 0.6084 92.0583 0.0841 0.0439 0.0266 0.0152 -0.0271 -0.0082 0.0773 0.3880 0.3638
1494806400.0000 141750.0000 0.2571 0.0294 -0.1346 0.3224 263.4680 0.0194 0.0303 0.0137 -0.0097 -0.0029 -0.0005 0.0317 0.4983 0.4974
1494806400.0000 142050.0000 0.1680 -0.2696 -0.0434 0.3553 328.0598 0.0189 0.0371 0.0178 -0.0029 -0.0053 0.0036 0.0369 0.4891 0.4300
1494806400.0000 142350.0000 0.3670 -0.0321 -0.1772 0.4146 275.0042 0.0544 0.0233 0.0239 -0.0083 -0.0240 -0.0005 0.0508 0.4501 0.4369
1494806400.0000 142650.0000 0.2851 0.0989 -0.1346 0.3742 250.8733 0.0223 0.0423 0.0231 -0.0094 -0.0099 -0.0018 0.0438 0.5174 0.4862
1494806400.0000 142950.0000 -0.0320 0.1895 -0.0236 0.3786 170.4067 0.0701 0.0605 0.0165 0.0464 -0.0231 -0.0175 0.0736 1.1436 1.0858
1494806400.0000 143250.0000 -0.1391 -0.2911 0.0289 0.6192 25.5356 0.3095 0.0649 0.0555 0.0544 -0.0917 -0.0050 0.2150 1.1688 1.0951
1494806400.0000 143550.0000 -0.2256 0.1836 0.0853 0.5409 129.1344 0.1708 0.1768 0.0317 0.0142 -0.0456 -0.0026 0.1896 1.1729 1.1701
1494806400.0000 143850.0000 -0.2379 -0.0061 0.0852 0.3818 88.5239 0.0671 0.0546 0.0157 0.0278 -0.0187 -0.0141 0.0687 0.8469 0.8465
1494806400.0000 144150.0000 -0.4790 0.0785 0.1269 0.5201 99.3117 0.0501 0.0364 0.0147 -0.0074 -0.0109 0.0032 0.0506 0.3661 0.3498
1494806400.0000 144450.0000 -0.5382 -0.1463 0.1650 0.6049 74.7941 0.0482 0.0513 0.0174 0.0008 -0.0088 -0.0005 0.0585 0.3394 0.3265
1494806400.0000 144750.0000 -0.1175 -0.3161 0.0435 0.4100 20.3873 0.0724 0.0224 0.0218 0.0036 -0.0217 -0.0012 0.0583 0.5801 0.5273
1494806400.0000 145050.0000 0.0412 -0.1549 -0.0482 0.4345 345.1033 0.1258 0.0602 0.0243 0.0306 -0.0336 -0.0180 0.1052 1.5820 1.5535
1494806400.0000 145350.0000 -0.1110 -0.1332 0.0204 0.3378 39.7956 0.0860 0.0668 0.0261 0.0636 -0.0398 -0.0315 0.0895 1.3985 1.3012
1494806400.0000 145650.0000 0.2619 0.0145 -0.1443 0.3568 266.8336 0.0336 0.0425 0.0134 0.0201 -0.0005 0.0020 0.0447 0.5766 0.6069
1494806400.0000 145950.0000 0.4905 0.1775 -0.2042 0.5456 250.1029 0.0143 0.0249 0.0074 -0.0079 -0.0063 0.0046 0.0233 0.2223 0.2190
1494806400.0000 146250.0000 0.2736 -0.2972 -0.0396 0.4725 317.3675 0.0411 0.0634 0.0149 0.0261 -0.0114 -0.0046 0.0597 0.4914 0.4619
1494806400.0000 146550.0000 0.3287 0.1565 -0.1321 0.3725 244.5394 0.0179 0.0094 0.0106 0.0068 -0.0092 -0.0057 0.0189 0.2902 0.2620
1494806400.0000 146850.0000 0.5042 0.1680 -0.2198 0.5383 251.5682 0.0246 0.0078 0.0065 0.0060 -0.0078 -0.0012 0.0194 0.1980 0.1954
1494806400.0000 147150.0000 0.5669 0.0906 -0.2579 0.5852 260.9243 0.0181 0.0134 0.0086 0.0065 -0.0053 -0.0016 0.0200 0.1836 0.1783
1494806400.0000 147450.0000 0.6086 0.1254 -0.2664 0.6300 258.3592 0.0170 0.0102 0.0090 0.0019 -0.0071 -0.0016 0.0181 0.1624 0.1531
1494806400.0000 147750.0000 0.4925 0.0642 -0.2146 0.5303 262.5744 0.0239 0.0316 0.0094 -0.0114 -0.0082 0.0039 0.0324 0.2718 0.2739
1494806400.0000 148050.0000 0.4821 -0.0137 -0.2215 0.5284 271.6310 0.0393 0.0375 0.0185 0.0087 -0.0143 0.0028 0.0476 0.3358 0.3317
1494806400.0000 148350.0000 0.5076 0.0358 -0.2402 0.5549 265.9657 0.0560 0.0283 0.0124 0.0186 -0.0106 -0.0011 0.0483 0.3190 0.3294
1494806400.0000 148650.0000 0.6479 0.1302 -0.2868 0.6668 258.6381 0.0091 0.0072 0.0057 -0.0008 -0.0033 0.0010 0.0110 0.1189 0.1116
1494806400.0000 148950.0000 0.6630 0.1026 -0.2941 0.6827 261.1995 0.0191 0.0142 0.0077 -0.0003 -0.0059 0.0005 0.0205 0.1596 0.1570
1494806400.0000 149250.0000 0.7415 0.1016 -0.3270 0.7624 262.1955 0.0170 0.0190 0.0086 -0.0057 -0.0051 0.0014 0.0223 0.1492 0.1463
1494806400.0000 149550.0000 0.7771 0.0571 -0.3370 0.7931 265.7957 0.0163 0.0212 0.0123 -0.0014 -0.0073 -0.0004 0.0249 0.1518 0.1435
1494806400.0000 149850.0000 0.7079 0.0039 -0.3020 0.7216 269.6865 0.0197 0.0182 0.0162 0.0001 -0.0115 0.0011 0.0270 0.1743 0.1587
1494806400.0000 150150.0000 0.8067 0.0965 -0.3530 0.8203 263.1810 0.0185 0.0123 0.0128 0.0019 -0.0085 -0.0014 0.0218 0.1360 0.1247
1494806400.0000 150450.0000 0.8324 0.1005 -0.3589 0.8441 263.1170 0.0108 0.0091 0.0095 -0.0010 -0.0040 -0.0002 0.0147 0.1085 0.0971
1494806400.0000 150750.0000 0.8143 0.0349 -0.3473 0.8221 267.5428 0.0085 0.0113 0.0109 0.0001 -0.0034 0.0009 0.0154 0.1143 0.0998
1494806400.0000 151050.0000 0.8383 0.0650 -0.3561 0.8470 265.5652 0.0095 0.0100 0.0091 -0.0007 -0.0026 0.0012 0.0143 0.1071 0.0960
