1494720000.0000 150.0000 0.4083 0.2162 -0.2264 0.4710 242.0988 0.0085 0.0138 0.0116 0.0043 -0.0034 -0.0067 0.0169 0.2065 0.1865
1494720000.0000 450.0000 0.3735 0.2707 -0.2289 0.4692 234.0703 0.0067 0.0146 0.0058 0.0047 -0.0016 -0.0027 0.0136 0.1848 0.1828
1494720000.0000 750.0000 0.4633 0.3959 -0.2892 0.6159 229.4877 0.0087 0.0150 0.0102 0.0049 -0.0042 -0.0071 0.0170 0.1576 0.1460
1494720000.0000 1050.0000 0.4186 0.3308 -0.2675 0.5427 231.6818 0.0092 0.0114 0.0055 0.0020 -0.0023 -0.0028 0.0131 0.1564 0.1555
1494720000.0000 1350.0000 0.2993 0.0415 -0.1073 0.3103 262.1147 0.0030 0.0059 0.0049 0.0022 -0.0013 -0.0027 0.0069 0.2118 0.1802
1494720000.0000 1650.0000 0.3242 0.0253 -0.0930 0.3383 265.5341 0.0053 0.0090 0.0051 0.0034 -0.0023 -0.0034 0.0097 0.2383 0.2128
1494720000.0000 1950.0000 0.2403 0.0644 -0.0975 0.3266 254.9951 0.0117 0.0435 0.0116 -0.0042 -0.0005 -0.0138 0.0334 0.5583 0.5451
1494720000.0000 2250.0000 -0.0444 0.3542 -0.1009 0.4023 172.8567 0.0338 0.0230 0.0092 -0.0059 -0.0031 -0.0023 0.0330 0.4001 0.3858
1494720000.0000 2550.0000 -0.1130 0.3628 -0.0856 0.4136 162.7031 0.0270 0.0149 0.0119 -0.0021 -0.0029 -0.0065 0.0269 0.3437 0.3107
1494720000.0000 2850.0000 -0.1059 0.4166 -0.1002 0.4759 165.7395 0.0470 0.0164 0.0136 -0.0073 0.0004 -0.0053 0.0386 0.3633 0.3384
1494720000.0000 3150.0000 -0.0841 0.3992 -0.1101 0.4405 168.1065 0.0295 0.0270 0.0139 -0.0066 0.0006 -0.0123 0.0352 0.3624 0.3363
1494720000.0000 3450.0000 0.0371 0.1550 -0.0499 0.2584 193.4812 0.0316 0.0196 0.0101 0.0062 -0.0127 -0.0071 0.0307 0.8562 0.8198
1494720000.0000 3750.0000 -0.0322 0.2221 -0.0444 0.2694 171.7587 0.0180 0.0122 0.0075 0.0036 -0.0009 -0.0041 0.0188 0.4898 0.4468
1494720000.0000 4050.0000 -0.0373 0.3738 -0.1192 0.4326 174.2950 0.0513 0.0117 0.0185 -0.0060 0.0021 -0.0062 0.0407 0.4181 0.3856
1494720000.0000 4350.0000 0.0501 0.2659 -0.0861 0.3227 190.6789 0.0304 0.0159 0.0140 0.0010 -0.0049 -0.0070 0.0302 0.4995 0.4592
1494720000.0000 4650.0000 -0.0934 0.1064 0.0033 0.2534 138.7312 0.0423 0.0213 0.0157 0.0009 -0.0022 -0.0044 0.0397 1.1483 1.0286
1494720000.0000 4950.0000 0.1642 0.0213 -0.0358 0.2242 262.6029 0.0134 0.0182 0.0054 -0.0011 -0.0032 -0.0046 0.0185 0.6554 0.6196
1494720000.0000 5250.0000 0.0378 0.0790 -0.0175 0.1396 205.5550 0.0144 0.0077 0.0057 0.0033 -0.0010 -0.0036 0.0139 1.0776 0.9801
1494720000.0000 5550.0000 -0.0472 0.1239 -0.0252 0.2197 159.1329 0.0296 0.0199 0.0102 -0.0111 0.0052 -0.0059 0.0298 1.0451 0.9687
1494720000.0000 5850.0000 -0.0538 0.1508 -0.0298 0.1891 160.3745 0.0065 0.0101 0.0048 0.0002 -0.0006 -0.0043 0.0107 0.5191 0.4646
1494720000.0000 6150.0000 -0.0294 0.3115 -0.0604 0.3514 174.6091 0.0284 0.0091 0.0055 -0.0066 -0.0021 -0.0021 0.0215 0.3758 0.3574
1494720000.0000 6450.0000 -0.2555 0.4270 -0.0791 0.5343 149.1121 0.0518 0.0272 0.0108 -0.0130 0.0023 -0.0054 0.0449 0.3435 0.3262
1494720000.0000 6750.0000 -0.1858 0.4394 -0.1034 0.5035 157.0784 0.0270 0.0164 0.0129 -0.0015 -0.0017 -0.0042 0.0282 0.2807 0.2521
1494720000.0000 7050.0000 -0.2554 0.4391 -0.0577 0.5327 149.8095 0.0308 0.0199 0.0113 -0.0036 -0.0016 -0.0053 0.0310 0.2814 0.2560
1494720000.0000 7350.0000 -0.1425 0.4211 -0.0753 0.4883 161.3064 0.0413 0.0301 0.0134 -0.0106 -0.0002 -0.0073 0.0423 0.3726 0.3469
1494720000.0000 7650.0000 0.0786 0.2191 -0.0809 0.2667 199.7327 0.0168 0.0108 0.0089 -0.0018 0.0013 -0.0044 0.0182 0.4475 0.4122
1494720000.0000 7950.0000 0.0160 0.0929 -0.0282 0.2127 189.7722 0.0280 0.0183 0.0053 -0.0106 -0.0041 -0.0035 0.0258 1.3333 1.3181
1494720000.0000 8250.0000 -0.1165 0.3482 -0.0703 0.4109 161.4942 0.0381 0.0229 0.0096 -0.0124 -0.0013 -0.0063 0.0353 0.4103 0.3885
1494720000.0000 8550.0000 -0.0593 0.3076 -0.0695 0.3697 169.0877 0.0404 0.0156 0.0085 -0.0118 -0.0064 -0.0009 0.0322 0.4569 0.4361
1494720000.0000 8850.0000 -0.0758 0.3549 -0.0854 0.4125 167.9488 0.0335 0.0322 0.0133 -0.0113 -0.0014 -0.0102 0.0395 0.4353 0.4077
1494720000.0000 9150.0000 -0.0616 0.3432 -0.1053 0.3976 169.8171 0.0325 0.0274 0.0163 0.0012 -0.0046 -0.0130 0.0381 0.4375 0.4053
1494720000.0000 9450.0000 0.0531 0.1057 -0.0414 0.2321 206.6945 0.0258 0.0240 0.0068 0.0032 -0.0055 -0.0062 0.0283 1.0949 1.0883
1494720000.0000 9750.0000 -0.0291 0.1224 -0.0242 0.1835 166.6259 0.0165 0.0096 0.0031 -0.0032 -0.0030 -0.0008 0.0146 0.7700 0.7414
1494720000.0000 10050.0000 -0.1924 0.3151 -0.0326 0.3879 148.5969 0.0167 0.0074 0.0045 -0.0012 -0.0015 -0.0021 0.0143 0.2632 0.2428
1494720000.0000 10350.0000 -0.1197 0.2595 -0.0514 0.3758 155.2361 0.0560 0.0344 0.0170 -0.0201 0.0033 -0.0089 0.0537 0.6515 0.6075
1494720000.0000 10650.0000 -0.1272 0.1508 -0.0165 0.2942 139.8518 0.0257 0.0418 0.0147 0.0097 -0.0094 -0.0176 0.0411 0.8366 0.7605
1494720000.0000 10950.0000 -0.2126 0.2075 -0.0133 0.3300 134.3047 0.0298 0.0191 0.0090 -0.0069 0.0000 -0.0056 0.0290 0.4675 0.4299
1494720000.0000 11250.0000 -0.0155 0.2182 -0.0621 0.2933 175.9494 0.0343 0.0205 0.0085 -0.0076 -0.0043 -0.0044 0.0316 0.6386 0.6178
1494720000.0000 11550.0000 -0.2666 0.3633 -0.0372 0.4815 143.7272 0.0373 0.0376 0.0116 -0.0111 0.0011 -0.0105 0.0432 0.3755 0.3505
1494720000.0000 11850.0000 -0.2083 0.2495 -0.0357 0.3670 140.1434 0.0275 0.0215 0.0133 0.0010 0.0022 -0.0084 0.0312 0.4411 0.3936
1494720000.0000 12150.0000 -0.1742 0.2262 -0.0429 0.3339 142.4061 0.0321 0.0324 0.0108 -0.0114 -0.0007 -0.0085 0.0377 0.5488 0.5136
1494720000.0000 12450.0000 -0.1779 -0.0035 0.0501 0.2106 88.8835 0.0094 0.0109 0.0029 0.0035 -0.0016 -0.0027 0.0116 0.4757 0.4618
1494720000.0000 12750.0000 -0.1725 0.1106 -0.0009 0.2879 122.6597 0.0295 0.0330 0.0104 -0.0108 -0.0002 -0.0130 0.0365 0.7610 0.7046
1494720000.0000 13050.0000 -0.1849 0.0593 0.0197 0.2686 107.7793 0.0143 0.0303 0.0111 0.0118 -0.0066 -0.0111 0.0279 0.6985 0.6281
1494720000.0000 13350.0000 -0.0509 0.2389 -0.1030 0.3099 167.9846 0.0278 0.0372 0.0108 -0.0128 -0.0020 -0.0109 0.0379 0.5999 0.6029
1494720000.0000 13650.0000 -0.0802 -0.0514 0.0277 0.1841 57.3302 0.0210 0.0073 0.0061 -0.0046 -0.0030 -0.0010 0.0172 1.0789 1.0198
1494720000.0000 13950.0000 -0.1549 0.0553 0.0237 0.2091 109.6439 0.0100 0.0217 0.0032 -0.0048 0.0017 -0.0038 0.0175 0.6497 0.6254
1494720000.0000 14250.0000 -0.2258 0.2577 -0.0307 0.3879 138.7699 0.0240 0.0338 0.0135 0.0060 -0.0015 -0.0148 0.0357 0.4484 0.4053
1494720000.0000 14550.0000 -0.2146 0.2992 -0.0497 0.4028 144.3480 0.0266 0.0283 0.0107 -0.0073 0.0006 -0.0105 0.0328 0.3981 0.3674
1494720000.0000 14850.0000 -0.0249 0.1505 -0.0275 0.1946 170.6183 0.0105 0.0145 0.0080 0.0053 -0.0036 -0.0067 0.0165 0.6764 0.5978
1494720000.0000 15150.0000 -0.1597 0.3155 -0.0557 0.3742 153.1477 0.0134 0.0090 0.0059 0.0015 -0.0026 -0.0047 0.0141 0.2712 0.2441
1494720000.0000 15450.0000 -0.0323 0.1260 -0.0360 0.1699 165.6396 0.0114 0.0147 0.0042 -0.0080 0.0010 -0.0026 0.0151 0.7443 0.7164
1494720000.0000 15750.0000 0.0418 0.0366 -0.0128 0.1149 228.7642 0.0098 0.0053 0.0037 -0.0016 -0.0023 -0.0015 0.0094 1.3871 1.2764
1494720000.0000 16050.0000 -0.0392 0.0628 -0.0283 0.1617 148.0460 0.0159 0.0116 0.0046 0.0056 -0.0028 -0.0047 0.0160 1.3043 1.2934
1494720000.0000 16350.0000 0.0613 -0.0729 -0.0104 0.1508 319.9701 0.0065 0.0132 0.0049 -0.0000 -0.0011 -0.0030 0.0123 0.9468 0.8517
1494720000.0000 16650.0000 -0.1419 -0.0417 0.0270 0.1839 73.6406 0.0131 0.0076 0.0044 0.0020 -0.0030 -0.0002 0.0126 0.6087 0.5619
1494720000.0000 16950.0000 -0.1070 0.1176 -0.0162 0.2687 137.7017 0.0412 0.0330 0.0081 -0.0149 -0.0033 -0.0097 0.0411 1.0362 0.9890
1494720000.0000 17250.0000 -0.1467 0.0672 0.0186 0.2537 114.6034 0.0214 0.0293 0.0121 0.0145 -0.0078 -0.0147 0.0314 0.8908 0.8054
1494720000.0000 17550.0000 -0.1714 0.1341 -0.0133 0.3049 128.0488 0.0229 0.0404 0.0143 0.0019 -0.0024 -0.0178 0.0388 0.7379 0.6676
1494720000.0000 17850.0000 -0.1977 0.1880 -0.0551 0.3280 133.5549 0.0163 0.0499 0.0234 -0.0045 0.0019 -0.0289 0.0448 0.6209 0.5447
1494720000.0000 18150.0000 -0.1482 -0.0337 0.0479 0.1839 77.1901 0.0083 0.0118 0.0038 0.0043 -0.0017 -0.0038 0.0120 0.5603 0.5382
1494720000.0000 18450.0000 0.0206 0.1087 -0.0436 0.1864 190.7053 0.0158 0.0248 0.0093 -0.0050 -0.0001 -0.0073 0.0249 1.0833 1.0507
1494720000.0000 18750.0000 -0.1060 0.0480 -0.0250 0.1946 114.3577 0.0156 0.0221 0.0090 0.0066 -0.0044 -0.0112 0.0234 1.0480 0.9634
1494720000.0000 19050.0000 -0.2269 -0.0070 0.0215 0.2577 88.2435 0.0064 0.0156 0.0093 0.0004 -0.0017 -0.0062 0.0156 0.4478 0.3771
1494720000.0000 19350.0000 -0.1811 0.0918 0.0112 0.2312 116.8911 0.0077 0.0167 0.0056 -0.0012 0.0009 -0.0067 0.0150 0.4917 0.4445
1494720000.0000 19650.0000 -0.2735 -0.0377 0.0656 0.3145 82.1502 0.0169 0.0255 0.0080 0.0014 0.0012 -0.0097 0.0252 0.4572 0.4309
1494720000.0000 19950.0000 -0.1509 -0.0533 0.0480 0.1772 70.5592 0.0101 0.0047 0.0023 0.0012 -0.0015 -0.0011 0.0086 0.4521 0.4389
1494720000.0000 20250.0000 -0.2720 0.2061 -0.0366 0.3649 127.1565 0.0198 0.0197 0.0118 -0.0045 0.0018 -0.0076 0.0257 0.3810 0.3362
1494720000.0000 20550.0000 -0.2142 0.0251 0.0537 0.2485 96.6730 0.0067 0.0157 0.0073 0.0001 0.0000 -0.0082 0.0149 0.4482 0.4008
1494720000.0000 20850.0000 -0.2186 -0.0323 0.0659 0.2628 81.6053 0.0178 0.0207 0.0096 0.0017 -0.0015 -0.0077 0.0241 0.5495 0.5130
1494720000.0000 21150.0000 -0.2484 -0.0530 0.0267 0.3113 77.9505 0.0173 0.0321 0.0151 0.0069 -0.0007 -0.0140 0.0322 0.5740 0.5050
1494720000.0000 21450.0000 -0.1129 -0.0546 0.0376 0.1735 64.2032 0.0107 0.0114 0.0055 0.0006 0.0027 -0.0006 0.0138 0.7334 0.6849
1494720000.0000 21750.0000 -0.1750 0.0785 0.0178 0.2721 114.1592 0.0431 0.0257 0.0138 -0.0110 -0.0019 -0.0082 0.0413 0.8614 0.7898
1494720000.0000 22050.0000 -0.2314 -0.0273 0.0945 0.2970 83.2827 0.0187 0.0381 0.0152 0.0051 -0.0051 -0.0144 0.0360 0.6159 0.5903
1494720000.0000 22350.0000 -0.2576 -0.1305 0.1219 0.3712 63.1456 0.0655 0.0325 0.0257 0.0217 -0.0227 -0.0162 0.0618 0.6477 0.6257
1494720000.0000 22650.0000 -0.2677 0.1863 0.0275 0.4450 124.8397 0.0559 0.0816 0.0377 -0.0065 0.0077 -0.0309 0.0876 0.7383 0.6565
1494720000.0000 22950.0000 -0.2863 -0.0548 0.0749 0.3752 79.1707 0.0295 0.0611 0.0244 0.0032 0.0027 -0.0156 0.0575 0.6507 0.5961
1494720000.0000 23250.0000 -0.1948 -0.0430 0.0787 0.2840 77.5493 0.0380 0.0303 0.0251 0.0201 -0.0093 -0.0138 0.0467 0.8229 0.7563
1494720000.0000 23550.0000 -0.0407 -0.1523 0.0443 0.2495 14.9643 0.0405 0.0172 0.0188 0.0043 -0.0021 0.0031 0.0383 0.9757 0.8805
1494720000.0000 23850.0000 -0.2321 0.0359 0.0738 0.3154 98.7962 0.0281 0.0373 0.0181 0.0116 -0.0046 -0.0153 0.0418 0.6777 0.6287
1494720000.0000 24150.0000 -0.1302 -0.0226 0.0980 0.2079 80.1409 0.0208 0.0191 0.0074 0.0059 -0.0029 -0.0071 0.0236 0.7632 0.8726
1494720000.0000 24450.0000 -0.2285 -0.0898 0.0670 0.2660 68.5336 0.0210 0.0074 0.0079 0.0033 -0.0031 0.0010 0.0181 0.4319 0.3960
1494720000.0000 24750.0000 -0.3074 -0.1320 0.1212 0.3651 66.7576 0.0229 0.0227 0.0108 0.0078 -0.0000 -0.0020 0.0282 0.3852 0.3686
1494720000.0000 25050.0000 -0.3355 -0.1035 0.1023 0.4054 72.8528 0.0287 0.0471 0.0157 0.0155 -0.0083 -0.0196 0.0458 0.4777 0.4528
1494720000.0000 25350.0000 -0.3162 -0.1737 0.1231 0.3884 61.2129 0.0307 0.0157 0.0124 0.0026 -0.0031 -0.0003 0.0294 0.3672 0.3448
1494720000.0000 25650.0000 -0.1166 -0.1029 0.0690 0.2143 48.5711 0.0143 0.0192 0.0206 0.0071 -0.0036 -0.0069 0.0271 0.7903 0.6806
1494720000.0000 25950.0000 -0.2151 -0.1140 0.1003 0.2838 62.0831 0.0391 0.0112 0.0122 0.0090 0.0053 0.0023 0.0313 0.5483 0.5321
1494720000.0000 26250.0000 -0.1979 -0.1096 0.0857 0.2757 61.0244 0.0130 0.0247 0.0157 0.0037 -0.0045 -0.0090 0.0267 0.5516 0.4953
1494720000.0000 26550.0000 -0.1208 -0.1577 0.0939 0.2723 37.4567 0.0479 0.0135 0.0091 -0.0001 0.0050 -0.0013 0.0353 0.6979 0.7203
1494720000.0000 26850.0000 -0.1907 -0.0309 0.0383 0.3049 80.7891 0.0299 0.0454 0.0179 0.0204 -0.0090 -0.0130 0.0466 0.8954 0.8206
1494720000.0000 27150.0000 -0.0759 -0.1782 0.1018 0.2264 23.0592 0.0185 0.0105 0.0078 0.0014 -0.0025 0.0009 0.0184 0.5061 0.5074
1494720000.0000 27450.0000 -0.0774 -0.1671 0.1180 0.2373 24.8608 0.0268 0.0160 0.0076 -0.0005 0.0026 0.0015 0.0251 0.5920 0.6481
1494720000.0000 27750.0000 -0.2735 -0.1141 0.1053 0.3405 67.3478 0.0444 0.0153 0.0088 0.0055 -0.0022 -0.0027 0.0343 0.4806 0.4761
1494720000.0000 28050.0000 -0.2822 -0.1231 0.1176 0.3698 66.4330 0.0311 0.0416 0.0158 0.0125 -0.0063 -0.0164 0.0442 0.5209 0.5053
1494720000.0000 28350.0000 -0.1585 -0.2167 0.1739 0.2886 36.1865 0.0147 0.0069 0.0062 0.0017 -0.0022 0.0018 0.0139 0.3010 0.3159
1494720000.0000 28650.0000 -0.2495 -0.1834 0.1765 0.3363 53.6791 0.0313 0.0110 0.0112 0.0002 -0.0045 -0.0002 0.0267 0.3743 0.3831
1494720000.0000 28950.0000 -0.3634 -0.2604 0.1658 0.4764 54.3794 0.0564 0.0075 0.0145 -0.0008 -0.0045 0.0010 0.0392 0.3391 0.3266
1494720000.0000 29250.0000 -0.1716 -0.2091 0.1542 0.3128 39.3716 0.0319 0.0085 0.0106 -0.0021 0.0055 0.0021 0.0255 0.4186 0.4286
1494720000.0000 29550.0000 -0.1888 -0.2549 0.1593 0.3488 36.5249 0.0268 0.0076 0.0101 0.0011 -0.0015 0.0002 0.0223 0.3432 0.3376
1494720000.0000 29850.0000 -0.4081 -0.1868 0.1683 0.5050 65.4100 0.0570 0.0566 0.0140 0.0185 -0.0075 -0.0030 0.0638 0.4303 0.4337
1494720000.0000 30150.0000 -0.3405 -0.0810 0.1237 0.4715 76.6200 0.0934 0.0660 0.0426 0.0239 -0.0159 -0.0285 0.1010 0.6989 0.6585
1494720000.0000 30450.0000 -0.2395 -0.2112 0.1944 0.3806 48.5895 0.0439 0.0191 0.0125 -0.0108 -0.0010 0.0008 0.0377 0.4242 0.4538
1494720000.0000 30750.0000 -0.3398 -0.1294 0.1219 0.4774 69.1602 0.0798 0.0635 0.0463 0.0456 -0.0334 -0.0346 0.0948 0.6557 0.6012
1494720000.0000 31050.0000 -0.2287 -0.1369 0.1220 0.3333 59.0875 0.0220 0.0366 0.0144 0.0061 -0.0010 -0.0040 0.0365 0.5319 0.5241
1494720000.0000 31350.0000 -0.3892 -0.1486 0.1783 0.4655 69.1028 0.0639 0.0344 0.0318 0.0106 -0.0102 -0.0110 0.0650 0.4596 0.4346
1494720000.0000 31650.0000 -0.2803 -0.1736 0.1718 0.3965 58.2313 0.0711 0.0411 0.0291 0.0214 -0.0130 -0.0103 0.0706 0.5838 0.5865
1494720000.0000 31950.0000 -0.3630 -0.1284 0.1142 0.4652 70.5231 0.0577 0.0656 0.0423 0.0186 -0.0176 -0.0316 0.0828 0.5852 0.5266
1494720000.0000 32250.0000 -0.2399 -0.2287 0.1999 0.4189 46.3687 0.0802 0.0223 0.0147 -0.0036 -0.0071 -0.0021 0.0586 0.5108 0.5579
1494720000.0000 32550.0000 -0.3271 -0.3062 0.2286 0.5077 46.8876 0.0835 0.0317 0.0169 0.0010 0.0036 0.0021 0.0661 0.4172 0.4374
1494720000.0000 32850.0000 -0.3691 -0.0832 0.1609 0.4360 77.2964 0.0742 0.0449 0.0171 0.0334 -0.0005 -0.0021 0.0681 0.5182 0.5265
1494720000.0000 33150.0000 -0.2400 -0.0291 0.1136 0.3515 83.0962 0.0583 0.0351 0.0305 0.0096 -0.0099 -0.0161 0.0620 0.7610 0.7301
1494720000.0000 33450.0000 -0.0325 -0.1371 0.1146 0.3441 13.3455 0.0811 0.0558 0.0290 0.0227 -0.0141 -0.0173 0.0829 1.2947 1.5161
1494720000.0000 33750.0000 -0.0266 -0.2158 0.0852 0.3470 7.0350 0.0753 0.0317 0.0284 -0.0123 -0.0181 -0.0047 0.0677 0.9095 0.8685
1494720000.0000 34050.0000 -0.1971 -0.1752 0.0995 0.2880 48.3777 0.0265 0.0106 0.0142 0.0055 -0.0054 0.0013 0.0256 0.4637 0.4216
1494720000.0000 34350.0000 0.0373 -0.3066 0.0780 0.3589 353.0676 0.0319 0.0380 0.0215 -0.0073 -0.0060 0.0102 0.0457 0.5479 0.4941
1494720000.0000 34650.0000 -0.0287 -0.2544 0.1311 0.3565 6.4342 0.0607 0.0360 0.0290 -0.0143 -0.0070 0.0105 0.0629 0.7118 0.7014
1494720000.0000 34950.0000 -0.0217 -0.0666 0.1133 0.3433 18.0721 0.0886 0.0550 0.0465 0.0257 -0.0345 -0.0264 0.0951 1.8905 3.1255
1494720000.0000 35250.0000 -0.3958 -0.1061 0.1657 0.4705 74.9873 0.0522 0.0530 0.0240 0.0245 -0.0067 -0.0134 0.0646 0.4694 0.4569
1494720000.0000 35550.0000 0.0175 -0.3761 0.1163 0.4634 357.3340 0.0808 0.0602 0.0282 -0.0257 -0.0058 0.0120 0.0846 0.6027 0.5759
1494720000.0000 35850.0000 -0.5386 -0.2179 0.2090 0.6155 67.9723 0.0745 0.0497 0.0228 0.0348 -0.0001 -0.0057 0.0735 0.3586 0.3503
1494720000.0000 36150.0000 -0.4228 -0.1368 0.1886 0.5569 72.0721 0.0767 0.0909 0.0403 0.0245 -0.0062 -0.0227 0.1040 0.5453 0.5319
1494720000.0000 36450.0000 -0.2869 -0.1351 0.1205 0.5590 64.7886 0.1346 0.1669 0.0555 -0.0160 -0.0118 -0.0411 0.1785 1.0169 0.9998
1494720000.0000 36750.0000 -0.3645 -0.0875 0.1778 0.5545 76.5013 0.0983 0.1513 0.0709 -0.0045 -0.0075 -0.0597 0.1602 0.7878 0.7695
1494720000.0000 37050.0000 -0.3577 -0.3251 0.2702 0.5997 47.7310 0.1495 0.1125 0.0663 0.0036 -0.0080 -0.0172 0.1642 0.5974 0.6115
1494720000.0000 37350.0000 -0.6329 -0.3710 0.2920 0.7935 59.6229 0.1443 0.1092 0.0711 0.0425 -0.0053 -0.0154 0.1623 0.4166 0.3962
1494720000.0000 37650.0000 -0.8430 -0.4203 0.3509 1.0271 63.4987 0.2701 0.1642 0.0707 0.0790 -0.0384 -0.0198 0.2525 0.4082 0.4039
1494720000.0000 37950.0000 -0.5541 -0.3350 0.3033 0.7272 58.8452 0.1762 0.0868 0.0468 0.0279 -0.0238 -0.0008 0.1549 0.4494 0.4573
1494720000.0000 38250.0000 -0.2121 -0.2147 0.1375 0.4564 44.6421 0.1207 0.0773 0.0413 0.0015 -0.0161 -0.0092 0.1196 0.8515 0.8511
1494720000.0000 38550.0000 -0.5391 -0.3191 0.2765 0.6789 59.3832 0.1022 0.0549 0.0234 -0.0023 -0.0029 -0.0045 0.0902 0.3582 0.3652
1494720000.0000 38850.0000 -0.0961 -0.2800 0.1623 0.4081 18.9445 0.0821 0.0291 0.0276 -0.0174 0.0039 0.0062 0.0694 0.6370 0.6502
1494720000.0000 39150.0000 -0.3148 -0.2456 0.2132 0.6431 52.0440 0.2441 0.1141 0.0618 -0.0320 -0.0496 0.0039 0.2100 0.8266 0.8654
1494720000.0000 39450.0000 -0.3707 -0.4088 0.3853 0.6666 42.2047 0.1934 0.0531 0.0347 -0.0040 0.0015 -0.0006 0.1406 0.4549 0.5194
1494720000.0000 39750.0000 -0.7991 -0.3809 0.4009 0.9363 64.5173 0.1966 0.0979 0.0464 0.0503 -0.0170 -0.0165 0.1704 0.3469 0.3539
1494720000.0000 40050.0000 -0.6832 -0.4757 0.3428 0.9132 55.1500 0.2784 0.0749 0.0526 0.0356 0.0041 0.0072 0.2029 0.4085 0.4122
1494720000.0000 40350.0000 -0.5658 -0.0241 0.0669 1.0042 87.5565 0.6262 0.2980 0.2406 0.2704 -0.2493 -0.1869 0.5824 1.0928 0.9802
1494720000.0000 40650.0000 -0.4390 -0.1592 0.2636 0.6164 70.0704 0.1639 0.1234 0.0468 0.0632 -0.0154 -0.0220 0.1671 0.6223 0.6627
1494720000.0000 40950.0000 -0.3023 -0.1455 0.1982 0.4959 64.3014 0.0987 0.0965 0.0353 -0.0181 -0.0060 -0.0095 0.1152 0.7113 0.7602
1494720000.0000 41250.0000 -0.1453 -0.1717 0.1596 0.4215 40.2439 0.0743 0.1035 0.0422 -0.0235 -0.0011 -0.0092 0.1100 0.9822 1.0827
1494720000.0000 41550.0000 -0.2527 -0.3832 0.2256 0.6498 33.4084 0.1881 0.1403 0.0540 -0.0239 0.0286 0.0011 0.1912 0.6980 0.7207
1494720000.0000 41850.0000 -0.1689 -0.3443 0.1852 0.4955 26.1273 0.1034 0.0640 0.0438 -0.0235 -0.0155 0.0031 0.1056 0.6230 0.6160
1494720000.0000 42150.0000 -0.2412 -0.4691 0.1872 0.6355 27.2152 0.1635 0.0768 0.0351 -0.0114 -0.0265 0.0196 0.1377 0.5413 0.5365
1494720000.0000 42450.0000 -0.2874 -0.3539 0.2543 0.6320 39.0866 0.2664 0.0812 0.0351 -0.0271 -0.0261 0.0078 0.1914 0.6842 0.7466
1494720000.0000 42750.0000 -0.0459 -0.3782 0.0600 0.6600 6.9187 0.3148 0.1128 0.0929 -0.0603 -0.0976 0.0326 0.2603 1.0801 0.9910
1494720000.0000 43050.0000 -0.1900 -0.0746 0.0867 0.4372 68.5619 0.0963 0.1242 0.0731 -0.0088 -0.0198 -0.0205 0.1468 1.4107 1.3281
1494720000.0000 43350.0000 -0.2309 -0.1447 0.1289 0.4750 57.9222 0.1013 0.1299 0.0723 0.0012 0.0032 -0.0470 0.1518 1.0553 1.0190
1494720000.0000 43650.0000 -0.4856 0.2365 0.0473 0.8069 115.9643 0.1633 0.4656 0.1121 -0.0524 0.0101 -0.1457 0.3705 0.9167 0.8477
1494720000.0000 43950.0000 -0.4088 -0.2894 0.2983 0.5585 54.7076 0.1223 0.0378 0.0336 0.0218 0.0003 0.0034 0.0969 0.4359 0.4613
1494720000.0000 44250.0000 -0.6064 -0.1172 0.1890 0.7963 79.0617 0.1737 0.2541 0.0830 0.0601 -0.0034 -0.0750 0.2554 0.6389 0.6115
1494720000.0000 44550.0000 -0.1425 -0.0476 0.0234 0.5023 71.5240 0.1884 0.0927 0.0835 -0.0602 -0.0352 -0.0045 0.1823 2.2930 2.0376
1494720000.0000 44850.0000 -0.3210 -0.2217 0.1873 0.6145 55.3693 0.2317 0.1313 0.1583 0.0213 -0.0847 -0.0630 0.2606 0.9631 0.8915
1494720000.0000 45150.0000 -0.0920 -0.0718 0.0026 0.5480 52.0147 0.2564 0.1628 0.1372 0.0106 -0.0745 -0.0642 0.2782 3.6891 3.2030
1494720000.0000 45450.0000 0.1689 0.5339 -0.4491 1.1127 197.5549 0.5670 0.7006 0.3345 -0.1328 -0.1125 -0.2559 0.8011 1.0181 1.1608
1494720000.0000 45750.0000 -0.5156 0.0038 0.1147 0.8713 90.4196 0.3771 0.3049 0.1416 -0.0562 -0.0843 -0.0572 0.4118 0.9920 0.9247
1494720000.0000 46050.0000 -0.4080 0.0886 0.0131 0.5534 102.2544 0.1642 0.1383 0.0759 -0.0766 -0.0296 0.0030 0.1892 0.8501 0.7605
1494720000.0000 46350.0000 -0.4317 -0.1108 0.1520 0.5307 75.6109 0.0808 0.0788 0.0407 0.0138 -0.0049 -0.0216 0.1001 0.5487 0.5175
1494720000.0000 46650.0000 -0.3040 0.0071 0.0516 0.5750 91.3462 0.1280 0.2152 0.0973 -0.0439 0.0065 -0.0791 0.2203 1.2422 1.1122
1494720000.0000 46950.0000 -0.0132 -0.3593 0.0115 0.5140 2.1032 0.1088 0.0859 0.0973 -0.0001 -0.0357 0.0155 0.1460 0.8673 0.7086
1494720000.0000 47250.0000 -0.3172 -0.1349 0.1055 0.6192 66.9571 0.2183 0.1446 0.0366 -0.1124 0.0136 -0.0136 0.1998 1.0123 1.0090
1494720000.0000 47550.0000 -0.1211 -0.3143 0.2409 0.4835 21.0731 0.1312 0.0577 0.0313 -0.0148 -0.0175 0.0021 0.1101 0.6541 0.7450
1494720000.0000 47850.0000 -0.1841 -0.2377 0.0166 0.4824 37.7533 0.1238 0.0977 0.0821 -0.0142 -0.0058 -0.0133 0.1518 1.0564 0.9037
1494720000.0000 48150.0000 -0.1475 -0.2539 0.1287 0.4441 30.1536 0.0947 0.0858 0.0760 0.0401 -0.0339 -0.0213 0.1282 0.9120 0.8353
1494720000.0000 48450.0000 -0.0328 -0.1085 0.0895 0.5588 16.8234 0.2894 0.1306 0.0839 0.0426 -0.0455 -0.0480 0.2520 2.8378 3.3010
1494720000.0000 48750.0000 -0.5677 -0.1382 0.2765 0.7623 76.3222 0.3707 0.1711 0.0953 0.0385 -0.0663 -0.0434 0.3186 0.7129 0.7273
1494720000.0000 49050.0000 -0.4094 -0.0582 0.1755 0.5626 81.9146 0.1387 0.1234 0.0837 0.0080 -0.0197 -0.0407 0.1729 0.7558 0.7148
1494720000.0000 49350.0000 -0.2381 -0.0412 0.1312 0.4633 80.1917 0.1463 0.0922 0.0641 -0.0202 -0.0111 -0.0277 0.1513 1.1554 1.1671
1494720000.0000 49650.0000 -0.2408 -0.0860 0.1285 0.4947 70.3511 0.1441 0.1113 0.0573 0.0316 -0.0244 -0.0356 0.1564 1.1285 1.1414
1494720000.0000 49950.0000 0.0070 -0.3482 0.1577 0.4601 358.8560 0.0854 0.0526 0.0255 -0.0254 -0.0101 0.0066 0.0817 0.6106 0.6158
1494720000.0000 50250.0000 0.0473 -0.2533 0.1611 0.4358 349.4298 0.0778 0.0956 0.0277 -0.0427 0.0051 -0.0116 0.1005 0.8520 0.9332
1494720000.0000 50550.0000 -0.3936 -0.0971 0.1509 0.4708 76.1475 0.0652 0.0458 0.0244 0.0114 -0.0064 -0.0046 0.0677 0.4912 0.4746
1494720000.0000 50850.0000 -0.2605 -0.0801 0.0765 0.5183 72.9162 0.1659 0.0942 0.0717 0.0091 -0.0484 -0.0164 0.1660 1.1750 1.0805
1494720000.0000 51150.0000 0.0215 -0.1973 0.0641 0.3127 353.7831 0.0606 0.0246 0.0599 -0.0088 -0.0142 -0.0052 0.0726 1.0547 0.8493
1494720000.0000 51450.0000 -0.1852 -0.2159 0.1593 0.3924 40.6284 0.0778 0.0477 0.0304 -0.0061 0.0067 0.0023 0.0779 0.6992 0.7189
1494720000.0000 51750.0000 -0.3519 0.1302 0.0085 0.5998 110.3115 0.1459 0.2013 0.0917 -0.0508 0.0281 -0.0613 0.2195 1.0192 0.9068
1494720000.0000 52050.0000 -0.2071 -0.0291 0.1091 0.3848 81.9910 0.0535 0.0995 0.0605 0.0119 -0.0197 -0.0404 0.1068 1.1314 1.0802
1494720000.0000 52350.0000 -0.1530 -0.0318 0.0334 0.5053 78.2720 0.1488 0.2298 0.0499 -0.1222 0.0365 -0.0601 0.2142 2.3653 2.2735
1494720000.0000 52650.0000 -0.3513 0.0639 0.0937 0.5878 100.3071 0.1426 0.1825 0.0625 -0.0615 -0.0049 -0.0604 0.1938 0.9737 0.9220
1494720000.0000 52950.0000 -0.2764 -0.0252 0.1310 0.3651 84.7943 0.0562 0.0358 0.0318 0.0036 -0.0065 -0.0129 0.0619 0.6619 0.6309
1494720000.0000 53250.0000 -0.2274 -0.0502 0.0775 0.3123 77.5554 0.0376 0.0321 0.0384 -0.0067 0.0117 -0.0042 0.0540 0.7732 0.6545
1494720000.0000 53550.0000 -0.0975 -0.3431 0.1844 0.5380 15.8704 0.1504 0.1060 0.0238 -0.0596 -0.0171 0.0021 0.1401 0.7611 0.8195
1494720000.0000 53850.0000 -0.1325 -0.1350 0.1050 0.2795 44.4541 0.0383 0.0216 0.0141 0.0017 -0.0055 -0.0020 0.0370 0.7260 0.7469
1494720000.0000 54150.0000 -0.1721 -0.0409 0.0939 0.3060 76.6345 0.0488 0.0348 0.0180 -0.0175 -0.0121 -0.0040 0.0508 0.9185 0.9435
1494720000.0000 54450.0000 -0.3311 0.0708 0.1129 0.4098 102.0649 0.0466 0.0523 0.0256 -0.0028 -0.0021 -0.0237 0.0622 0.5706 0.5362
1494720000.0000 54750.0000 -0.3501 -0.0154 0.1298 0.5803 87.4753 0.1964 0.1423 0.0575 -0.0563 -0.0177 -0.0367 0.1981 0.9725 0.9589
1494720000.0000 55050.0000 -0.3420 0.0487 0.0610 0.4959 98.1116 0.1408 0.0857 0.0415 -0.0315 -0.0229 -0.0170 0.1340 0.8520 0.7954
1494720000.0000 55350.0000 -0.1961 0.0030 0.0733 0.4270 90.8687 0.1382 0.0844 0.0575 0.0443 -0.0383 -0.0388 0.1400 1.4595 1.3888
1494720000.0000 55650.0000 -0.1860 -0.1542 0.1045 0.4232 50.3340 0.1292 0.0492 0.0672 0.0047 -0.0400 0.0020 0.1228 1.0871 1.0095
1494720000.0000 55950.0000 0.1112 -0.4644 0.0865 0.5825 346.5310 0.0734 0.1847 0.0515 -0.0438 -0.0058 -0.0047 0.1548 0.6620 0.6143
1494720000.0000 56250.0000 0.1908 -0.2213 0.0276 0.4963 319.2292 0.1094 0.1363 0.0744 -0.0067 -0.0304 -0.0321 0.1600 1.1128 0.9793
1494720000.0000 56550.0000 0.0966 -0.2202 0.0260 0.5160 336.3126 0.0985 0.2250 0.0936 -0.0462 -0.0117 -0.0642 0.2086 1.5418 1.3657
1494720000.0000 56850.0000 0.3644 -0.7175 0.0521 0.8774 333.0779 0.1174 0.1683 0.0920 -0.0448 -0.0208 0.0060 0.1889 0.4400 0.3835
1494720000.0000 57150.0000 0.3617 -0.6157 0.0998 0.8122 329.5654 0.1513 0.1756 0.0570 -0.0514 -0.0181 0.0054 0.1920 0.4962 0.4623
1494720000.0000 57450.0000 0.2440 -0.5025 0.0998 0.6526 334.0973 0.1203 0.0817 0.0454 -0.0243 -0.0249 0.0142 0.1237 0.5059 0.4644
1494720000.0000 57750.0000 0.0926 -0.3539 0.1390 0.4933 345.3305 0.0912 0.1331 0.0442 -0.0538 -0.0125 0.0200 0.1343 0.7646 0.7476
1494720000.0000 58050.0000 0.0972 -0.3234 0.0781 0.4628 343.2698 0.0727 0.1101 0.0293 -0.0511 0.0055 -0.0173 0.1060 0.7670 0.7309
1494720000.0000 58350.0000 0.2769 -0.5633 0.0519 0.7139 333.8184 0.1183 0.1078 0.0838 -0.0253 -0.0296 0.0300 0.1549 0.5103 0.4373
1494720000.0000 58650.0000 0.1358 -0.4008 0.0701 0.4785 341.2792 0.0472 0.0857 0.0299 -0.0176 -0.0003 0.0024 0.0814 0.5431 0.4974
1494720000.0000 58950.0000 -0.0503 -0.3448 0.1507 0.6224 8.3023 0.2463 0.1334 0.0436 -0.0670 -0.0320 0.0102 0.2117 0.9895 1.0211
1494720000.0000 59250.0000 0.0743 -0.3401 0.1031 0.5823 347.6854 0.1212 0.2055 0.0702 -0.0595 -0.0215 -0.0081 0.1985 1.0018 0.9479
1494720000.0000 59550.0000 0.0788 -0.2675 0.0223 0.5656 343.5856 0.1501 0.2527 0.0674 -0.0788 -0.0130 -0.0222 0.2351 1.4149 1.3138
1494720000.0000 59850.0000 0.0128 -0.4295 0.0916 0.6235 358.2885 0.1748 0.1255 0.0731 -0.0229 -0.0430 -0.0103 0.1867 0.8031 0.7364
1494720000.0000 60150.0000 0.2532 -0.5225 0.0545 0.7042 334.1464 0.1527 0.1352 0.0896 -0.0406 -0.0149 -0.0052 0.1888 0.6084 0.5336
1494720000.0000 60450.0000 -0.0072 -0.4799 0.1421 0.5433 0.8629 0.0638 0.1207 0.0323 0.0141 -0.0049 0.0166 0.1084 0.5371 0.5167
1494720000.0000 60750.0000 0.1725 -0.4759 0.0785 0.5564 340.0810 0.0784 0.1080 0.0225 -0.0485 -0.0009 0.0053 0.1044 0.5151 0.4924
1494720000.0000 61050.0000 0.0883 -0.2885 0.0695 0.4867 342.9857 0.1140 0.1189 0.0352 -0.0419 -0.0218 -0.0066 0.1341 0.9656 0.9235
1494720000.0000 61350.0000 0.1054 -0.2655 0.0541 0.3783 338.3467 0.0626 0.0483 0.0458 -0.0080 0.0001 -0.0049 0.0783 0.7860 0.6730
1494720000.0000 61650.0000 -0.0013 -0.2452 0.1059 0.3603 0.2968 0.0561 0.0540 0.0185 -0.0201 0.0019 -0.0028 0.0643 0.7750 0.7813
1494720000.0000 61950.0000 0.1468 -0.4264 0.1063 0.5431 341.0081 0.0953 0.0570 0.0404 -0.0026 -0.0256 -0.0007 0.0963 0.5470 0.4997
1494720000.0000 62250.0000 0.1370 -0.4073 0.0848 0.4864 341.4057 0.0647 0.0311 0.0228 -0.0226 -0.0053 0.0061 0.0593 0.4538 0.4157
1494720000.0000 62550.0000 0.2768 -0.4294 0.0437 0.5927 327.1895 0.0723 0.0827 0.0410 -0.0149 -0.0187 0.0063 0.0980 0.4985 0.4449
1494720000.0000 62850.0000 0.2625 -0.4729 0.0652 0.6195 330.9699 0.0812 0.1351 0.0458 -0.0559 -0.0029 -0.0009 0.1311 0.5426 0.4965
1494720000.0000 63150.0000 -0.1336 -0.1041 0.0441 0.3581 52.0838 0.0496 0.0824 0.0248 -0.0239 -0.0022 -0.0136 0.0784 1.3063 1.2385
1494720000.0000 63450.0000 -0.1920 0.0340 0.0289 0.3347 100.0369 0.0399 0.0681 0.0180 0.0038 -0.0046 -0.0164 0.0630 1.0396 0.9730
1494720000.0000 63750.0000 0.0280 0.0506 -0.0106 0.2891 208.9138 0.0389 0.0785 0.0228 0.0075 0.0066 -0.0034 0.0701 3.6774 3.4213
1494720000.0000 64050.0000 -0.1866 -0.0230 -0.0362 0.4685 82.9773 0.1061 0.1311 0.0330 0.0353 -0.0212 -0.0256 0.1351 1.5672 1.4954
1494720000.0000 64350.0000 0.0904 -0.0184 -0.0002 0.2869 281.5277 0.0785 0.0246 0.0136 0.0014 -0.0120 -0.0082 0.0583 2.1378 2.0096
1494720000.0000 64650.0000 0.0619 -0.1413 -0.0238 0.2297 336.3457 0.0289 0.0249 0.0110 -0.0108 -0.0034 0.0011 0.0324 0.9414 0.8683
1494720000.0000 64950.0000 -0.2501 0.1486 -0.0072 0.4334 120.7181 0.0455 0.0901 0.0304 -0.0062 -0.0182 -0.0150 0.0830 0.8082 0.7307
1494720000.0000 65250.0000 0.0919 -0.1263 -0.0226 0.4250 323.9577 0.0904 0.1190 0.0331 -0.0328 -0.0116 -0.0059 0.1213 1.8019 1.6919
1494720000.0000 65550.0000 -0.0071 0.0631 0.0158 0.3750 173.5555 0.0908 0.0829 0.0253 -0.0380 -0.0038 -0.0199 0.0995 3.9357 3.7895
1494720000.0000 65850.0000 0.1928 -0.0732 -0.0363 0.2492 290.7888 0.0145 0.0140 0.0092 0.0061 -0.0033 -0.0028 0.0189 0.5354 0.4726
1494720000.0000 66150.0000 0.1256 -0.2619 0.0363 0.4112 334.3803 0.0706 0.0612 0.0148 -0.0097 -0.0095 -0.0018 0.0733 0.7554 0.7218
1494720000.0000 66450.0000 -0.0184 0.0609 -0.0243 0.4143 163.1908 0.0921 0.1290 0.0296 -0.0537 -0.0086 -0.0253 0.1254 4.2462 4.2690
1494720000.0000 66750.0000 0.1658 -0.0865 -0.0144 0.2356 297.5577 0.0107 0.0227 0.0087 -0.0003 -0.0014 -0.0029 0.0210 0.6312 0.5641
1494720000.0000 67050.0000 0.3014 -0.1741 -0.0533 0.3816 300.0121 0.0113 0.0254 0.0130 0.0041 -0.0002 0.0003 0.0249 0.3656 0.3179
1494720000.0000 67350.0000 0.3707 -0.2516 -0.0409 0.4807 304.1655 0.0142 0.0502 0.0238 -0.0090 -0.0004 -0.0133 0.0441 0.3812 0.3271
1494720000.0000 67650.0000 0.2206 -0.0879 -0.0764 0.3669 291.7207 0.0480 0.0629 0.0284 0.0196 0.0072 -0.0139 0.0697 0.8640 0.8099
1494720000.0000 67950.0000 0.2935 -0.0315 -0.0944 0.3221 276.1330 0.0077 0.0168 0.0097 0.0043 -0.0030 -0.0042 0.0171 0.3449 0.3065
1494720000.0000 68250.0000 0.0598 -0.0226 -0.0145 0.1984 290.7104 0.0355 0.0171 0.0094 0.0013 -0.0039 -0.0012 0.0309 2.1896 2.0686
1494720000.0000 68550.0000 0.3561 -0.0828 -0.1043 0.4278 283.0926 0.0148 0.0672 0.0165 -0.0135 -0.0002 -0.0059 0.0493 0.4769 0.4525
1494720000.0000 68850.0000 0.2487 0.1113 -0.1116 0.3149 245.8933 0.0158 0.0197 0.0121 0.0055 -0.0067 -0.0028 0.0238 0.4280 0.3996
1494720000.0000 69150.0000 0.2131 0.1747 -0.0810 0.3225 230.6464 0.0243 0.0153 0.0168 -0.0004 -0.0132 0.0010 0.0282 0.4777 0.4172
1494720000.0000 69450.0000 0.3721 0.2443 -0.1972 0.4570 236.7092 0.0096 0.0225 0.0065 0.0091 -0.0042 -0.0074 0.0193 0.2328 0.2323
1494720000.0000 69750.0000 0.3598 0.1684 -0.1945 0.4095 244.9197 0.0103 0.0167 0.0068 0.0074 -0.0043 -0.0047 0.0169 0.2398 0.2386
1494720000.0000 70050.0000 0.3136 0.1663 -0.1453 0.3697 242.0593 0.0078 0.0146 0.0058 0.0045 -0.0021 -0.0024 0.0141 0.2526 0.2433
1494720000.0000 70350.0000 0.3402 0.1140 -0.1664 0.3690 251.4703 0.0063 0.0095 0.0041 0.0028 -0.0011 -0.0017 0.0099 0.2057 0.2021
1494720000.0000 70650.0000 0.2858 0.0468 -0.1145 0.3120 260.6978 0.0075 0.0127 0.0058 0.0039 -0.0024 -0.0030 0.0130 0.2987 0.2833
1494720000.0000 70950.0000 0.3295 0.0365 -0.0833 0.3452 263.6767 0.0085 0.0081 0.0079 0.0023 -0.0030 -0.0043 0.0122 0.2644 0.2243
1494720000.0000 71250.0000 0.3124 -0.0193 -0.0850 0.3317 273.5302 0.0096 0.0196 0.0086 -0.0046 -0.0037 0.0040 0.0189 0.3462 0.3151
1494720000.0000 71550.0000 0.2601 0.0260 -0.1124 0.2736 264.2970 0.0049 0.0074 0.0071 0.0019 -0.0022 -0.0028 0.0097 0.2820 0.2443
1494720000.0000 71850.0000 0.3318 0.0541 -0.1380 0.3437 260.7390 0.0091 0.0046 0.0045 -0.0002 -0.0011 -0.0002 0.0091 0.2141 0.2007
1494720000.0000 72150.0000 0.3352 0.0482 -0.1207 0.3469 261.8127 0.0048 0.0060 0.0037 0.0010 -0.0005 -0.0012 0.0072 0.1930 0.1772
1494720000.0000 72450.0000 0.3319 0.0534 -0.1264 0.3446 260.8630 0.0077 0.0060 0.0058 0.0012 -0.0007 -0.0009 0.0098 0.2248 0.2013
1494720000.0000 72750.0000 0.3342 0.0239 -0.1223 0.3425 265.9026 0.0063 0.0054 0.0041 0.0022 -0.0007 -0.0008 0.0079 0.2038 0.1868
1494720000.0000 73050.0000 0.3150 0.0689 -0.1307 0.3295 257.6669 0.0044 0.0049 0.0039 0.0005 -0.0001 -0.0013 0.0066 0.1909 0.1726
1494720000.0000 73350.0000 0.3432 0.0598 -0.1134 0.3623 260.1220 0.0103 0.0102 0.0070 0.0014 0.0000 -0.0017 0.0137 0.2608 0.2369
1494720000.0000 73650.0000 0.3925 0.0420 -0.1013 0.4051 263.8885 0.0083 0.0080 0.0048 -0.0001 -0.0000 -0.0009 0.0105 0.2058 0.1866
1494720000.0000 73950.0000 0.3659 0.0377 -0.1108 0.3733 264.1212 0.0061 0.0041 0.0048 0.0004 -0.0006 -0.0005 0.0075 0.1841 0.1586
1494720000.0000 74250.0000 0.4087 0.0554 -0.0968 0.4184 262.2867 0.0051 0.0049 0.0046 0.0001 -0.0001 -0.0005 0.0073 0.1649 0.1401
1494720000.0000 74550.0000 0.4079 0.1242 -0.1729 0.4377 253.0652 0.0113 0.0154 0.0129 0.0062 -0.0032 -0.0044 0.0198 0.2497 0.2214
1494720000.0000 74850.0000 0.5773 0.2450 -0.3193 0.6397 247.0038 0.0272 0.0260 0.0255 0.0143 -0.0149 -0.0123 0.0393 0.2300 0.2121
1494720000.0000 75150.0000 0.4883 0.1760 -0.2549 0.5312 250.1777 0.0208 0.0206 0.0205 0.0104 -0.0111 -0.0096 0.0309 0.2483 0.2263
1494720000.0000 75450.0000 0.4191 0.2115 -0.2106 0.4735 243.2281 0.0078 0.0076 0.0043 0.0046 -0.0012 -0.0010 0.0098 0.1572 0.1525
1494720000.0000 75750.0000 0.2256 0.1246 -0.1243 0.2714 241.0965 0.0081 0.0068 0.0025 0.0009 -0.0011 -0.0004 0.0087 0.2662 0.2733
1494720000.0000 76050.0000 0.2329 0.1358 -0.1088 0.2857 239.7505 0.0069 0.0095 0.0048 0.0017 -0.0009 0.0005 0.0106 0.2892 0.2743
1494720000.0000 76350.0000 0.1629 0.1814 -0.0970 0.2816 221.9278 0.0187 0.0109 0.0063 0.0011 -0.0053 0.0006 0.0179 0.4167 0.4068
1494720000.0000 76650.0000 -0.0481 0.1614 -0.0290 0.1879 163.4246 0.0058 0.0063 0.0041 0.0008 -0.0008 0.0000 0.0081 0.4301 0.3768
1494720000.0000 76950.0000 0.0500 -0.0062 -0.0165 0.1496 277.1003 0.0104 0.0190 0.0036 -0.0000 0.0006 0.0022 0.0165 1.9785 1.9651
1494720000.0000 77250.0000 -0.0376 -0.0255 0.0221 0.1290 55.7793 0.0118 0.0098 0.0042 0.0018 -0.0014 0.0001 0.0129 1.8357 1.8698
1494720000.0000 77550.0000 0.0421 -0.0546 -0.0187 0.1758 322.3661 0.0168 0.0191 0.0070 0.0035 -0.0027 0.0012 0.0215 1.6751 1.5871
1494720000.0000 77850.0000 0.0789 -0.0546 -0.0091 0.1951 304.6725 0.0193 0.0264 0.0101 -0.0036 -0.0012 0.0035 0.0279 1.4156 1.2865
1494720000.0000 78150.0000 0.1214 -0.0549 -0.0435 0.2496 294.3121 0.0146 0.0495 0.0106 0.0124 -0.0018 0.0008 0.0374 1.1257 1.0968
1494720000.0000 78450.0000 0.3177 0.1402 -0.1594 0.3604 246.1862 0.0103 0.0139 0.0072 0.0063 -0.0035 -0.0034 0.0157 0.2677 0.2586
1494720000.0000 78750.0000 0.2716 0.1408 -0.1478 0.3125 242.5931 0.0094 0.0089 0.0038 0.0066 -0.0033 -0.0027 0.0110 0.2523 0.2549
1494720000.0000 79050.0000 0.2937 0.1252 -0.1281 0.3340 246.9012 0.0121 0.0154 0.0054 0.0086 -0.0043 -0.0054 0.0164 0.3044 0.2999
1494720000.0000 79350.0000 0.1580 0.0603 -0.0520 0.2079 249.0985 0.0137 0.0108 0.0058 0.0005 -0.0033 -0.0011 0.0151 0.5674 0.5342
1494720000.0000 79650.0000 0.1291 0.0375 -0.0532 0.1587 253.8221 0.0079 0.0073 0.0027 0.0023 -0.0009 -0.0010 0.0089 0.5335 0.5282
1494720000.0000 79950.0000 0.3680 0.3501 -0.2503 0.5155 226.4250 0.0278 0.0377 0.0271 0.0269 -0.0224 -0.0269 0.0463 0.3104 0.2909
1494720000.0000 80250.0000 0.4772 0.5049 -0.3506 0.6988 223.3851 0.0060 0.0079 0.0052 0.0017 -0.0003 -0.0021 0.0096 0.1026 0.0982
1494720000.0000 80550.0000 0.4418 0.3116 -0.2483 0.5448 234.8063 0.0086 0.0137 0.0062 0.0078 -0.0047 -0.0063 0.0142 0.1638 0.1596
1494720000.0000 80850.0000 0.2735 0.3071 -0.1524 0.4338 221.6880 0.0377 0.0119 0.0127 0.0180 -0.0196 -0.0096 0.0312 0.3287 0.3127
1494720000.0000 81150.0000 -0.0645 0.2055 -0.0256 0.2426 162.5800 0.0118 0.0084 0.0049 -0.0016 -0.0022 0.0008 0.0125 0.4214 0.3805
1494720000.0000 81450.0000 0.0258 0.2946 -0.0651 0.3132 185.0102 0.0116 0.0076 0.0036 0.0011 -0.0011 -0.0020 0.0114 0.2873 0.2701
1494720000.0000 81750.0000 -0.0622 0.2893 -0.0476 0.3162 167.8593 0.0133 0.0065 0.0046 -0.0001 -0.0014 -0.0010 0.0122 0.3009 0.2745
1494720000.0000 82050.0000 0.0374 0.2019 -0.0527 0.2356 190.5039 0.0149 0.0070 0.0041 0.0017 -0.0019 -0.0015 0.0130 0.4396 0.4164
1494720000.0000 82350.0000 -0.0795 0.3507 -0.0650 0.3889 167.2238 0.0196 0.0095 0.0054 0.0018 -0.0040 -0.0021 0.0173 0.2938 0.2743
1494720000.0000 82650.0000 -0.0857 0.1589 -0.0176 0.1974 151.6642 0.0058 0.0051 0.0036 0.0009 0.0002 0.0002 0.0072 0.3830 0.3342
1494720000.0000 82950.0000 0.0713 0.1414 -0.0459 0.2078 206.7738 0.0170 0.0055 0.0044 -0.0015 -0.0048 0.0011 0.0135 0.5746 0.5477
1494720000.0000 83250.0000 -0.1422 0.0133 0.0281 0.1862 95.3421 0.0119 0.0138 0.0034 0.0053 -0.0026 -0.0017 0.0145 0.6763 0.6480
1494720000.0000 83550.0000 0.0468 0.1874 -0.0413 0.2107 194.0098 0.0074 0.0049 0.0018 0.0006 -0.0017 -0.0008 0.0071 0.3479 0.3325
1494720000.0000 83850.0000 0.2364 0.1412 -0.1183 0.2870 239.1454 0.0069 0.0048 0.0021 -0.0006 -0.0017 -0.0002 0.0069 0.2256 0.2261
1494720000.0000 84150.0000 0.1555 -0.0663 -0.0332 0.2365 293.1051 0.0224 0.0239 0.0054 0.0085 -0.0036 0.0004 0.0259 0.7623 0.7353
1494720000.0000 84450.0000 -0.1301 0.0337 0.0185 0.1883 104.5076 0.0088 0.0178 0.0052 0.0015 -0.0020 -0.0011 0.0158 0.7580 0.7001
1494720000.0000 84750.0000 0.0451 -0.0534 0.0087 0.1284 319.7950 0.0093 0.0072 0.0018 0.0032 -0.0006 -0.0004 0.0092 1.1120 1.0634
1494720000.0000 85050.0000 0.0580 0.0642 -0.0306 0.1677 222.1012 0.0116 0.0179 0.0054 0.0023 -0.0011 0.0015 0.0175 1.1763 1.1469
1494720000.0000 85350.0000 0.1908 -0.0258 -0.0966 0.3095 277.6965 0.0233 0.0497 0.0109 0.0173 -0.0066 -0.0053 0.0420 0.7763 0.8101
1494720000.0000 85650.0000 0.0740 -0.0150 -0.0199 0.1758 281.4400 0.0130 0.0212 0.0092 -0.0032 -0.0014 0.0047 0.0217 1.5389 1.4127
1494720000.0000 85950.0000 0.0147 0.2207 -0.0496 0.2388 183.8070 0.0069 0.0051 0.0024 -0.0017 -0.0017 -0.0005 0.0072 0.3053 0.2859
1494720000.0000 86250.0000 -0.1618 0.0139 0.0379 0.2021 94.9132 0.0143 0.0094 0.0028 0.0076 -0.0028 -0.0015 0.0132 0.5627 0.5468
1494806400.0000 86550.0000 -0.0159 0.1192 -0.0253 0.1941 172.4121 0.0179 0.0101 0.0043 0.0040 -0.0051 0.0002 0.0161 0.8442 0.8038
1494806400.0000 86850.0000 0.1914 0.0240 -0.0653 0.2655 262.8425 0.0172 0.0341 0.0100 0.0075 -0.0043 -0.0002 0.0306 0.7017 0.6779
1494806400.0000 87150.0000 0.1984 0.0889 -0.1103 0.2643 245.8659 0.0211 0.0166 0.0092 0.0086 -0.0065 -0.0010 0.0235 0.5129 0.5156
1494806400.0000 87450.0000 0.1431 -0.0100 -0.0231 0.1717 273.9966 0.0061 0.0083 0.0022 0.0020 -0.0006 -0.0003 0.0083 0.5106 0.4817
1494806400.0000 87750.0000 0.1555 -0.1119 -0.0060 0.2184 305.7249 0.0085 0.0111 0.0031 0.0002 -0.0005 -0.0002 0.0113 0.4530 0.4213
1494806400.0000 88050.0000 0.0470 -0.0112 0.0072 0.1346 283.3534 0.0070 0.0161 0.0030 -0.0043 0.0010 -0.0004 0.0131 1.9094 1.8158
1494806400.0000 88350.0000 -0.0773 0.0584 -0.0065 0.1619 127.0382 0.0084 0.0130 0.0022 -0.0057 0.0014 -0.0009 0.0118 0.9135 0.8721
1494806400.0000 88650.0000 -0.1177 0.1504 -0.0097 0.1979 141.9587 0.0024 0.0034 0.0016 -0.0002 0.0000 -0.0001 0.0037 0.2596 0.2298
1494806400.0000 88950.0000 0.1126 0.0699 -0.0579 0.1794 238.1425 0.0101 0.0097 0.0036 -0.0034 -0.0013 0.0021 0.0117 0.6101 0.6124
1494806400.0000 89250.0000 0.0886 -0.1978 -0.0103 0.2623 335.8678 0.0208 0.0296 0.0106 -0.0076 0.0003 0.0043 0.0305 0.6575 0.5980
1494806400.0000 89550.0000 -0.0247 0.0783 -0.0114 0.1153 162.5076 0.0063 0.0027 0.0025 -0.0003 -0.0015 0.0000 0.0058 0.7472 0.6672
1494806400.0000 89850.0000 0.1479 0.0847 -0.0813 0.3069 240.1899 0.0258 0.0570 0.0126 -0.0035 -0.0044 0.0010 0.0477 0.9442 0.9745
1494806400.0000 90150.0000 0.1191 -0.1745 0.0120 0.2902 325.6791 0.0275 0.0407 0.0118 0.0039 -0.0009 0.0031 0.0400 0.7717 0.7138
1494806400.0000 90450.0000 -0.0495 0.2042 -0.0252 0.2285 166.3784 0.0067 0.0151 0.0032 0.0011 -0.0012 -0.0022 0.0125 0.4312 0.4059
1494806400.0000 90750.0000 0.0064 -0.0795 -0.0021 0.1989 355.3632 0.0176 0.0262 0.0090 -0.0021 0.0004 0.0006 0.0264 1.6646 1.5162
1494806400.0000 91050.0000 0.1430 -0.0701 -0.0287 0.2202 296.0934 0.0239 0.0123 0.0108 0.0052 -0.0027 0.0011 0.0235 0.7735 0.6897
1494806400.0000 91350.0000 0.1928 -0.1433 -0.0288 0.3531 306.6280 0.0345 0.0651 0.0199 0.0017 -0.0043 0.0003 0.0598 0.8251 0.7587
1494806400.0000 91650.0000 0.1949 -0.4267 0.0053 0.5104 335.4493 0.0362 0.0694 0.0176 -0.0077 0.0007 0.0140 0.0616 0.4319 0.3999
1494806400.0000 91950.0000 -0.1476 -0.1360 0.0560 0.2518 47.3391 0.0235 0.0130 0.0059 0.0020 -0.0057 -0.0008 0.0212 0.5706 0.5498
1494806400.0000 92250.0000 -0.0774 0.1187 -0.0134 0.2346 146.9033 0.0211 0.0259 0.0077 0.0131 -0.0073 -0.0073 0.0274 0.9493 0.8835
1494806400.0000 92550.0000 -0.0861 -0.0145 0.0026 0.1218 80.4665 0.0047 0.0056 0.0026 0.0010 -0.0011 -0.0008 0.0064 0.7474 0.6691
1494806400.0000 92850.0000 -0.1404 -0.0391 0.0296 0.1781 74.4505 0.0175 0.0062 0.0029 0.0016 -0.0017 -0.0007 0.0133 0.6335 0.6097
1494806400.0000 93150.0000 0.0266 -0.1357 0.0119 0.1701 348.9071 0.0070 0.0103 0.0018 -0.0027 0.0004 -0.0002 0.0096 0.5749 0.5498
1494806400.0000 93450.0000 -0.1169 -0.0676 0.0412 0.1915 59.9685 0.0336 0.0062 0.0049 0.0039 -0.0057 -0.0007 0.0224 0.8646 0.8528
1494806400.0000 93750.0000 -0.1061 -0.0757 0.0438 0.1428 54.4844 0.0059 0.0028 0.0020 0.0008 -0.0019 -0.0001 0.0054 0.4356 0.4144
1494806400.0000 94050.0000 -0.1425 -0.0733 0.0651 0.1858 62.7727 0.0210 0.0061 0.0045 0.0047 -0.0053 -0.0019 0.0158 0.5931 0.5924
1494806400.0000 94350.0000 -0.1967 -0.0297 0.0701 0.2075 81.4194 0.0094 0.0039 0.0025 0.0035 -0.0016 -0.0008 0.0079 0.3438 0.3344
1494806400.0000 94650.0000 -0.2081 -0.1376 0.1058 0.2743 56.5210 0.0221 0.0087 0.0037 0.0024 -0.0040 -0.0008 0.0172 0.3954 0.4060
1494806400.0000 94950.0000 -0.1765 -0.1433 0.1000 0.2475 50.9256 0.0207 0.0072 0.0046 0.0040 -0.0030 -0.0005 0.0163 0.4193 0.4243
1494806400.0000 95250.0000 -0.2232 -0.2064 0.1142 0.3190 47.2379 0.0160 0.0063 0.0028 0.0020 -0.0025 -0.0001 0.0125 0.2815 0.2837
1494806400.0000 95550.0000 -0.3173 -0.1092 0.1284 0.3657 71.0147 0.0241 0.0210 0.0071 0.0072 -0.0033 -0.0031 0.0261 0.3670 0.3654
1494806400.0000 95850.0000 -0.2345 -0.1883 0.1190 0.3268 51.2322 0.0205 0.0135 0.0046 0.0039 -0.0030 -0.0017 0.0193 0.3508 0.3542
1494806400.0000 96150.0000 -0.4944 -0.2337 0.1875 0.5590 64.7001 0.0381 0.0090 0.0081 0.0020 -0.0068 0.0016 0.0276 0.2347 0.2292
1494806400.0000 96450.0000 -0.5204 -0.2466 0.2195 0.5912 64.6485 0.0395 0.0173 0.0095 0.0066 -0.0041 0.0022 0.0331 0.2411 0.2389
1494806400.0000 96750.0000 -0.3602 -0.2110 0.1578 0.4302 59.6349 0.0272 0.0075 0.0052 0.0033 -0.0050 -0.0007 0.0200 0.2585 0.2576
1494806400.0000 97050.0000 -0.1814 -0.1518 0.1066 0.2446 50.0821 0.0047 0.0041 0.0016 0.0003 -0.0009 0.0001 0.0052 0.2268 0.2284
1494806400.0000 97350.0000 -0.2781 -0.2019 0.1443 0.3613 54.0230 0.0246 0.0088 0.0035 0.0012 -0.0043 0.0003 0.0184 0.2974 0.3071
1494806400.0000 97650.0000 -0.3188 -0.1740 0.1388 0.3740 61.3712 0.0170 0.0061 0.0032 0.0012 -0.0033 0.0001 0.0131 0.2404 0.2413
1494806400.0000 97950.0000 -0.4774 -0.2465 0.2043 0.5595 62.6941 0.0567 0.0100 0.0069 0.0060 -0.0132 -0.0006 0.0368 0.2725 0.2775
1494806400.0000 98250.0000 -0.5122 -0.2774 0.2067 0.6022 61.5662 0.0755 0.0150 0.0088 0.0091 -0.0111 0.0008 0.0497 0.2944 0.2983
1494806400.0000 98550.0000 -0.3925 -0.3803 0.2074 0.5912 45.9026 0.0706 0.0280 0.0189 -0.0045 -0.0161 0.0089 0.0588 0.3386 0.3318
1494806400.0000 98850.0000 -0.6274 -0.3734 0.2888 0.7585 59.2362 0.0885 0.0293 0.0195 0.0044 -0.0161 0.0067 0.0686 0.2724 0.2714
1494806400.0000 99150.0000 -0.6741 -0.3604 0.2684 0.7836 61.8696 0.0990 0.0172 0.0173 0.0059 -0.0191 0.0012 0.0668 0.2604 0.2575
1494806400.0000 99450.0000 -0.5928 -0.3444 0.2450 0.7094 59.8435 0.0568 0.0251 0.0174 -0.0005 -0.0131 0.0044 0.0496 0.2498 0.2410
1494806400.0000 99750.0000 -0.4697 -0.3263 0.2106 0.6048 55.2124 0.0534 0.0261 0.0181 -0.0031 -0.0104 0.0077 0.0488 0.2961 0.2848
1494806400.0000 100050.0000 -0.5334 -0.3062 0.2178 0.6338 60.1425 0.0462 0.0216 0.0106 0.0021 -0.0102 0.0033 0.0392 0.2478 0.2445
1494806400.0000 100350.0000 -0.6534 -0.3363 0.2647 0.7433 62.7659 0.0336 0.0083 0.0088 0.0015 -0.0079 0.0019 0.0254 0.1665 0.1609
1494806400.0000 100650.0000 -0.5552 -0.3625 0.2599 0.6855 56.8585 0.0541 0.0212 0.0155 -0.0010 -0.0143 0.0049 0.0454 0.2444 0.2390
1494806400.0000 100950.0000 -0.7189 -0.3919 0.3236 0.8367 61.4013 0.0693 0.0154 0.0174 -0.0030 -0.0158 0.0052 0.0511 0.2096 0.2052
1494806400.0000 101250.0000 -0.7923 -0.3982 0.3105 0.8992 63.3182 0.0567 0.0145 0.0127 0.0047 -0.0111 0.0034 0.0420 0.1780 0.1737
1494806400.0000 101550.0000 -0.8772 -0.4295 0.3432 1.0031 63.9133 0.1178 0.0400 0.0236 0.0071 -0.0173 0.0039 0.0907 0.2375 0.2348
1494806400.0000 101850.0000 -0.7441 -0.3911 0.3163 0.8595 62.2733 0.0915 0.0184 0.0202 0.0034 -0.0216 0.0011 0.0650 0.2318 0.2276
1494806400.0000 102150.0000 -0.6108 -0.4019 0.2687 0.7548 56.6541 0.0673 0.0219 0.0216 -0.0000 -0.0186 0.0057 0.0554 0.2467 0.2358
1494806400.0000 102450.0000 -0.6390 -0.4490 0.3047 0.8154 54.9035 0.0931 0.0341 0.0302 -0.0042 -0.0230 0.0114 0.0787 0.2732 0.2636
1494806400.0000 102750.0000 -0.5267 -0.3173 0.2428 0.6369 58.9286 0.0415 0.0176 0.0167 -0.0050 -0.0125 0.0051 0.0379 0.2406 0.2284
1494806400.0000 103050.0000 -0.4404 -0.3636 0.2471 0.6020 50.4581 0.0684 0.0222 0.0201 -0.0002 -0.0162 0.0034 0.0554 0.3087 0.3042
1494806400.0000 103350.0000 -0.6133 -0.3666 0.2737 0.7266 59.1320 0.0378 0.0112 0.0118 0.0011 -0.0100 0.0034 0.0304 0.1861 0.1789
1494806400.0000 103650.0000 -0.6453 -0.3614 0.2812 0.7575 60.7476 0.0614 0.0152 0.0162 -0.0005 -0.0145 0.0048 0.0464 0.2222 0.2160
1494806400.0000 103950.0000 -0.7923 -0.3839 0.3385 0.8919 64.1470 0.0513 0.0157 0.0159 0.0028 -0.0117 0.0037 0.0415 0.1764 0.1698
1494806400.0000 104250.0000 -0.6051 -0.3892 0.2632 0.7321 57.2530 0.0532 0.0116 0.0115 0.0055 -0.0132 0.0016 0.0381 0.2081 0.2043
1494806400.0000 104550.0000 -0.5713 -0.3722 0.2479 0.7015 56.9126 0.0470 0.0164 0.0129 -0.0020 -0.0087 0.0055 0.0381 0.2198 0.2131
1494806400.0000 104850.0000 -0.4975 -0.3003 0.2202 0.6063 58.8790 0.0415 0.0270 0.0158 0.0028 -0.0087 0.0062 0.0421 0.2696 0.2599
1494806400.0000 105150.0000 -0.5081 -0.3015 0.2488 0.6110 59.3157 0.0404 0.0180 0.0132 -0.0009 -0.0086 0.0040 0.0358 0.2410 0.2361
1494806400.0000 105450.0000 -0.9511 -0.4572 0.3910 1.0676 64.3283 0.1019 0.0214 0.0190 0.0149 -0.0244 -0.0008 0.0712 0.1936 0.1921
1494806400.0000 105750.0000 -0.8222 -0.4937 0.3663 0.9783 59.0171 0.1213 0.0176 0.0207 0.0090 -0.0306 0.0014 0.0798 0.2246 0.2243
1494806400.0000 106050.0000 -0.8242 -0.4735 0.3514 0.9761 60.1212 0.1078 0.0256 0.0258 -0.0043 -0.0265 0.0078 0.0796 0.2273 0.2219
1494806400.0000 106350.0000 -0.8622 -0.4960 0.3849 1.0243 60.0916 0.1583 0.0342 0.0316 0.0103 -0.0294 0.0059 0.1120 0.2562 0.2547
1494806400.0000 106650.0000 -0.7719 -0.4877 0.3437 0.9415 57.7166 0.2072 0.0301 0.0260 0.0302 -0.0358 0.0019 0.1316 0.3037 0.3081
1494806400.0000 106950.0000 -0.6728 -0.4264 0.3144 0.8315 57.6360 0.1304 0.0314 0.0270 0.0007 -0.0273 0.0061 0.0944 0.2929 0.2916
1494806400.0000 107250.0000 -0.7060 -0.4417 0.3032 0.8697 57.9652 0.1467 0.0353 0.0227 -0.0002 -0.0273 0.0056 0.1024 0.2948 0.2958
1494806400.0000 107550.0000 -0.6636 -0.4928 0.3088 0.8485 53.4016 0.0949 0.0182 0.0146 0.0070 -0.0188 0.0018 0.0638 0.2338 0.2349
1494806400.0000 107850.0000 -0.7877 -0.5025 0.3593 0.9526 57.4671 0.1138 0.0229 0.0203 0.0143 -0.0234 0.0040 0.0785 0.2285 0.2284
1494806400.0000 108150.0000 -0.7626 -0.4712 0.3500 0.9107 58.2862 0.1100 0.0178 0.0196 0.0175 -0.0274 -0.0006 0.0737 0.2303 0.2303
1494806400.0000 108450.0000 -0.7342 -0.4913 0.3581 0.8930 56.2148 0.0784 0.0131 0.0138 0.0159 -0.0179 -0.0014 0.0526 0.1965 0.1977
1494806400.0000 108750.0000 -0.7284 -0.4609 0.3570 0.8684 57.6747 0.0286 0.0068 0.0076 0.0011 -0.0072 0.0019 0.0215 0.1284 0.1262
1494806400.0000 109050.0000 -0.7322 -0.5081 0.3801 0.8969 55.2405 0.0257 0.0063 0.0071 0.0022 -0.0051 0.0009 0.0196 0.1178 0.1159
1494806400.0000 109350.0000 -0.6248 -0.4912 0.3486 0.7993 51.8273 0.0249 0.0070 0.0076 0.0067 -0.0063 -0.0018 0.0198 0.1322 0.1298
1494806400.0000 109650.0000 -1.0756 -0.5773 0.4789 1.2335 61.7781 0.0915 0.0171 0.0200 0.0030 -0.0183 0.0034 0.0643 0.1579 0.1559
1494806400.0000 109950.0000 -0.8663 -0.5465 0.4118 1.0399 57.7538 0.0857 0.0168 0.0178 0.0029 -0.0210 0.0026 0.0602 0.1814 0.1805
1494806400.0000 110250.0000 -1.0277 -0.5611 0.4687 1.1917 61.3675 0.1585 0.0278 0.0344 0.0121 -0.0356 0.0045 0.1103 0.2150 0.2128
1494806400.0000 110550.0000 -1.0433 -0.5979 0.4752 1.2360 60.1837 0.2935 0.0456 0.0423 0.0354 -0.0462 0.0044 0.1907 0.2757 0.2796
1494806400.0000 110850.0000 -0.6602 -0.5328 0.3703 0.8765 51.0962 0.1346 0.0251 0.0206 0.0155 -0.0269 0.0009 0.0902 0.2648 0.2720
1494806400.0000 111150.0000 -0.8792 -0.5781 0.3879 1.0856 56.6724 0.2102 0.0626 0.0407 0.0343 -0.0325 0.0108 0.1567 0.2882 0.2866
1494806400.0000 111450.0000 -1.0475 -0.6425 0.4912 1.2589 58.4754 0.2244 0.0420 0.0407 0.0200 -0.0412 0.0054 0.1536 0.2418 0.2425
1494806400.0000 111750.0000 -0.7910 -0.6069 0.3936 1.0390 52.5026 0.1851 0.0450 0.0336 0.0032 -0.0209 0.0120 0.1319 0.2766 0.2778
1494806400.0000 112050.0000 -1.1833 -0.7231 0.5114 1.4338 58.5710 0.4231 0.0542 0.0551 0.0412 -0.0702 0.0051 0.2662 0.2850 0.2876
1494806400.0000 112350.0000 -1.0647 -0.6519 0.5307 1.2822 58.5214 0.3351 0.0549 0.0408 0.0436 -0.0373 0.0084 0.2154 0.2793 0.2888
1494806400.0000 112650.0000 -1.3825 -0.7177 0.5350 1.5902 62.5639 0.4223 0.0711 0.0525 0.0647 -0.0572 0.0075 0.2730 0.2590 0.2604
1494806400.0000 112950.0000 -0.8742 -0.6554 0.4837 1.1227 53.1395 0.1760 0.0387 0.0362 0.0164 -0.0327 0.0063 0.1254 0.2420 0.2449
1494806400.0000 113250.0000 -1.0782 -0.6842 0.5157 1.3237 57.6022 0.2487 0.0618 0.0408 0.0082 -0.0287 0.0132 0.1757 0.2485 0.2519
1494806400.0000 113550.0000 -0.9641 -0.7447 0.5004 1.2644 52.3153 0.2984 0.0600 0.0456 0.0361 -0.0365 0.0103 0.2020 0.2786 0.2837
1494806400.0000 113850.0000 -1.0848 -0.6735 0.5258 1.3272 58.1646 0.3592 0.0542 0.0497 0.0227 -0.0444 0.0050 0.2315 0.2845 0.2907
1494806400.0000 114150.0000 -1.0411 -0.6715 0.5009 1.2674 57.1773 0.2139 0.0504 0.0355 0.0338 -0.0234 0.0103 0.1499 0.2366 0.2396
1494806400.0000 114450.0000 -0.9241 -0.6741 0.5058 1.1900 53.8899 0.2687 0.0488 0.0350 0.0204 -0.0370 0.0078 0.1762 0.2741 0.2844
1494806400.0000 114750.0000 -1.1786 -0.6151 0.5075 1.3509 62.4420 0.1909 0.0414 0.0322 0.0228 -0.0052 0.0075 0.1322 0.2086 0.2093
1494806400.0000 115050.0000 -1.0700 -0.5959 0.4471 1.2503 60.8863 0.2027 0.0307 0.0289 0.0133 -0.0258 0.0068 0.1312 0.2268 0.2278
1494806400.0000 115350.0000 -1.0425 -0.6256 0.4532 1.2478 59.0322 0.2095 0.0392 0.0299 0.0146 -0.0186 0.0077 0.1393 0.2349 0.2368
1494806400.0000 115650.0000 -1.0876 -0.6232 0.4944 1.2800 60.1846 0.2270 0.0527 0.0304 0.0358 -0.0262 0.0045 0.1550 0.2386 0.2436
1494806400.0000 115950.0000 -1.3527 -0.7136 0.5084 1.5584 62.1889 0.4115 0.0641 0.0421 0.0744 -0.0467 0.0060 0.2589 0.2578 0.2603
1494806400.0000 116250.0000 -0.7907 -0.6340 0.4621 1.0321 51.2773 0.0956 0.0219 0.0232 0.0099 -0.0196 0.0018 0.0703 0.1944 0.1953
1494806400.0000 116550.0000 -1.5695 -0.6570 0.5949 1.7232 67.2849 0.2310 0.0669 0.0404 0.0359 -0.0170 -0.0029 0.1692 0.1863 0.1852
1494806400.0000 116850.0000 -1.1670 -0.7010 0.5696 1.4029 59.0080 0.3345 0.0689 0.0455 0.0347 -0.0534 0.0033 0.2244 0.2621 0.2694
1494806400.0000 117150.0000 -1.3410 -0.7407 0.5960 1.5629 61.0855 0.3081 0.0633 0.0548 0.0309 -0.0498 0.0051 0.2131 0.2293 0.2297
1494806400.0000 117450.0000 -1.2561 -0.7454 0.5654 1.4963 59.3127 0.2837 0.0628 0.0484 0.0282 -0.0391 0.0084 0.1975 0.2317 0.2327
1494806400.0000 117750.0000 -0.9454 -0.7470 0.5122 1.2613 51.6848 0.3752 0.0592 0.0447 0.0490 -0.0474 0.0092 0.2396 0.3052 0.3158
1494806400.0000 118050.0000 -1.2266 -0.7638 0.5918 1.4868 58.0919 0.3284 0.0921 0.0543 0.0386 -0.0420 0.0129 0.2374 0.2548 0.2591
1494806400.0000 118350.0000 -0.7432 -0.7363 0.5005 1.0873 45.2663 0.2773 0.0602 0.0442 0.0553 -0.0348 0.0018 0.1909 0.3076 0.3206
1494806400.0000 118650.0000 -0.9738 -0.8255 0.5664 1.3391 49.7107 0.3315 0.1147 0.0631 0.0341 -0.0258 0.0180 0.2546 0.2950 0.3021
1494806400.0000 118950.0000 -1.2756 -0.6848 0.6106 1.4908 61.7713 0.3835 0.0716 0.0459 0.0476 -0.0276 0.0022 0.2505 0.2601 0.2690
1494806400.0000 119250.0000 -1.2043 -0.6895 0.5721 1.4337 60.2069 0.4171 0.0711 0.0481 0.0342 -0.0324 -0.0008 0.2681 0.2817 0.2907
1494806400.0000 119550.0000 -1.0339 -0.6991 0.5292 1.3194 55.9349 0.4488 0.0916 0.0724 0.0326 -0.0451 -0.0041 0.3064 0.3334 0.3400
1494806400.0000 119850.0000 -0.8623 -0.7645 0.5020 1.2120 48.4402 0.3211 0.0656 0.0670 0.0247 -0.0616 0.0120 0.2269 0.3094 0.3116
1494806400.0000 120150.0000 -1.5373 -0.7638 0.6428 1.7490 63.5810 0.3360 0.0946 0.0672 0.0446 -0.0324 0.0107 0.2489 0.2222 0.2207
1494806400.0000 120450.0000 -1.2089 -0.7124 0.5632 1.4591 59.4890 0.3201 0.1130 0.0726 0.0245 -0.0526 0.0109 0.2528 0.2715 0.2708
1494806400.0000 120750.0000 -1.1731 -0.6474 0.5241 1.4061 61.1059 0.3935 0.1109 0.0581 0.0226 -0.0443 -0.0020 0.2813 0.3010 0.3060
1494806400.0000 121050.0000 -0.9204 -0.6538 0.4629 1.1978 54.6137 0.2993 0.0899 0.0511 0.0090 -0.0311 0.0164 0.2201 0.3140 0.3190
1494806400.0000 121350.0000 -0.7887 -0.7509 0.4483 1.2245 46.4054 0.5353 0.1208 0.0914 -0.0031 -0.0757 0.0241 0.3738 0.4239 0.4294
1494806400.0000 121650.0000 -0.9441 -0.7578 0.5283 1.3174 51.2443 0.4246 0.1163 0.0745 -0.0151 -0.0542 0.0341 0.3077 0.3429 0.3508
1494806400.0000 121950.0000 -0.7727 -0.6316 0.4632 1.0578 50.7401 0.3143 0.0575 0.0465 0.0459 -0.0475 0.0042 0.2092 0.3394 0.3528
1494806400.0000 122250.0000 -0.8578 -0.6473 0.4507 1.1654 52.9632 0.3336 0.1109 0.0615 -0.0165 -0.0423 0.0265 0.2529 0.3524 0.3582
1494806400.0000 122550.0000 -0.8270 -0.6400 0.4660 1.1280 52.2680 0.3694 0.0786 0.0662 0.0215 -0.0427 0.0082 0.2571 0.3616 0.3695
1494806400.0000 122850.0000 -0.9769 -0.6255 0.4761 1.2291 57.3700 0.3926 0.0887 0.0733 0.0195 -0.0682 0.0197 0.2773 0.3429 0.3453
1494806400.0000 123150.0000 -0.7792 -0.7397 0.5148 1.2051 46.4895 0.4653 0.1034 0.0710 -0.0323 -0.0264 0.0103 0.3198 0.3876 0.4052
1494806400.0000 123450.0000 -1.2579 -0.6757 0.5044 1.4600 61.7568 0.3017 0.0857 0.0494 0.0594 -0.0142 0.0027 0.2184 0.2520 0.2517
1494806400.0000 123750.0000 -1.1629 -0.6007 0.5098 1.3770 62.6821 0.3541 0.1223 0.0721 0.0153 -0.0299 -0.0015 0.2742 0.3044 0.3045
1494806400.0000 124050.0000 -0.8966 -0.7272 0.4627 1.2410 50.9582 0.4374 0.0927 0.0799 0.0268 -0.0695 0.0141 0.3050 0.3626 0.3641
1494806400.0000 124350.0000 -0.9187 -0.6361 0.4787 1.1837 55.3026 0.3524 0.0721 0.0589 0.0326 -0.0157 0.0107 0.2417 0.3302 0.3366
1494806400.0000 124650.0000 -0.8685 -0.6100 0.4871 1.1296 54.9159 0.3386 0.0997 0.0855 0.0387 -0.0393 0.0064 0.2618 0.3578 0.3601
1494806400.0000 124950.0000 -0.6785 -0.7361 0.4099 1.1201 42.6658 0.4132 0.1430 0.0793 -0.0104 -0.0220 0.0293 0.3177 0.4255 0.4301
1494806400.0000 125250.0000 -0.8164 -0.4098 0.3865 1.0221 63.3420 0.3185 0.1633 0.0802 0.0391 -0.0299 -0.0164 0.2810 0.4364 0.4387
1494806400.0000 125550.0000 -0.8106 -0.7133 0.4882 1.1997 48.6563 0.4759 0.1452 0.0919 0.0023 -0.0096 0.0204 0.3565 0.4114 0.4214
1494806400.0000 125850.0000 -1.0527 -0.5789 0.4238 1.2593 61.1936 0.3504 0.1468 0.0752 0.0829 -0.0322 -0.0032 0.2862 0.3429 0.3389
1494806400.0000 126150.0000 -0.2812 -0.5245 0.3249 0.6958 28.1963 0.1683 0.0771 0.0466 -0.0158 0.0130 -0.0014 0.1460 0.4602 0.4806
1494806400.0000 126450.0000 -0.5549 -0.6179 0.3697 0.9789 41.9278 0.4100 0.1140 0.0806 0.0050 0.0005 0.0213 0.3023 0.4938 0.5032
1494806400.0000 126750.0000 -0.9118 -0.5400 0.4371 1.1483 59.3668 0.3268 0.1511 0.0738 0.0608 -0.0182 -0.0066 0.2758 0.3741 0.3766
1494806400.0000 127050.0000 -0.7655 -0.4075 0.3379 0.9754 61.9734 0.2681 0.1919 0.0927 0.0771 -0.0356 -0.0465 0.2763 0.4612 0.4515
1494806400.0000 127350.0000 -0.7991 -0.0941 0.3025 1.0620 83.2874 0.2766 0.5510 0.1294 -0.0677 0.0046 -0.1490 0.4785 0.6571 0.6528
1494806400.0000 127650.0000 -0.4528 -0.3906 0.2587 0.7796 49.2189 0.3421 0.0910 0.0708 0.0068 -0.0420 -0.0004 0.2519 0.6291 0.6355
1494806400.0000 127950.0000 -0.9941 -0.5736 0.4897 1.2220 60.0132 0.3612 0.1425 0.0836 0.0573 -0.0431 -0.0238 0.2936 0.3546 0.3570
1494806400.0000 128250.0000 -0.8413 -0.4731 0.3844 1.0029 60.6475 0.1594 0.0748 0.0471 0.0286 -0.0141 -0.0021 0.1406 0.2947 0.2895
1494806400.0000 128550.0000 -0.9619 -0.5851 0.4463 1.2407 58.6894 0.4863 0.1648 0.0838 0.0282 -0.0597 0.0023 0.3674 0.4087 0.4138
1494806400.0000 128850.0000 -0.9211 -0.4952 0.4610 1.1530 61.7371 0.4100 0.1619 0.0949 0.0340 -0.0175 -0.0232 0.3334 0.4125 0.4175
1494806400.0000 129150.0000 -0.6387 -0.4095 0.2799 0.8019 57.3354 0.2058 0.0558 0.0391 0.0449 -0.0198 0.0034 0.1504 0.3915 0.3892
1494806400.0000 129450.0000 -0.6511 -0.5477 0.3507 0.9411 49.9290 0.3112 0.0983 0.0696 0.0506 -0.0164 0.0004 0.2396 0.4343 0.4342
1494806400.0000 129750.0000 -0.5915 -0.4226 0.2983 0.8774 54.4545 0.4564 0.1458 0.1375 0.1185 -0.0908 -0.0179 0.3699 0.6319 0.6163
1494806400.0000 130050.0000 -0.4896 -0.1816 0.2626 0.6281 69.6531 0.1175 0.1338 0.0662 0.0432 -0.0080 -0.0422 0.1587 0.5566 0.5543
1494806400.0000 130350.0000 -0.6442 0.0969 0.1242 0.8703 98.5564 0.2007 0.4469 0.1211 -0.1064 0.0482 -0.1222 0.3843 0.7633 0.7132
1494806400.0000 130650.0000 -0.6208 0.2158 0.0650 0.8457 109.1705 0.1574 0.2760 0.0956 0.0160 -0.0004 -0.0784 0.2645 0.6359 0.5784
1494806400.0000 130950.0000 -0.6581 -0.3166 0.3110 0.7863 64.3040 0.1317 0.0846 0.0460 0.0279 -0.0040 -0.0164 0.1312 0.3726 0.3677
1494806400.0000 131250.0000 -0.2957 -0.1623 0.1933 0.5280 61.2325 0.1355 0.1027 0.0466 -0.0422 -0.0012 -0.0146 0.1424 0.7925 0.8353
1494806400.0000 131550.0000 -0.6429 -0.2487 0.2662 0.8466 68.8545 0.2021 0.1955 0.0818 0.0727 -0.0290 -0.0772 0.2397 0.5410 0.5281
1494806400.0000 131850.0000 -0.2465 0.1061 0.0086 0.5750 113.2979 0.2016 0.1735 0.1234 0.0059 -0.0394 -0.0699 0.2493 1.5183 1.3177
1494806400.0000 132150.0000 -0.6052 -0.2266 0.3041 0.8265 69.4732 0.1921 0.2424 0.0770 0.0349 -0.0085 -0.0665 0.2558 0.5782 0.5889
1494806400.0000 132450.0000 -0.5049 -0.1997 0.1932 0.6540 68.4267 0.1411 0.0918 0.0420 0.0108 -0.0153 -0.0191 0.1375 0.5253 0.5131
1494806400.0000 132750.0000 0.0970 -0.0802 0.0663 0.3265 309.5770 0.0840 0.0285 0.0493 -0.0024 -0.0357 -0.0077 0.0809 1.6321 1.5383
1494806400.0000 133050.0000 -0.2801 -0.2345 0.2234 0.4985 50.0657 0.1301 0.0559 0.0288 -0.0096 -0.0152 0.0048 0.1074 0.6248 0.6816
1494806400.0000 133350.0000 -0.4758 0.0058 0.1110 0.6272 90.6928 0.1892 0.1714 0.0520 -0.0072 0.0078 -0.0551 0.2063 0.7589 0.7286
1494806400.0000 133650.0000 -0.1492 -0.3942 0.1988 0.4951 20.7282 0.0782 0.0385 0.0208 0.0005 -0.0049 0.0119 0.0687 0.4592 0.4679
1494806400.0000 133950.0000 -0.2554 -0.3927 0.1997 0.5754 33.0420 0.1358 0.0761 0.0370 -0.0227 -0.0100 0.0102 0.1244 0.5655 0.5672
1494806400.0000 134250.0000 0.0087 -0.7009 0.2626 0.8367 359.2924 0.2238 0.2177 0.0791 -0.0983 -0.0221 0.0431 0.2603 0.5566 0.5473
1494806400.0000 134550.0000 -0.5990 -0.5252 0.2954 0.8768 48.7559 0.2659 0.0976 0.0769 0.0737 -0.0432 -0.0146 0.2202 0.4509 0.4369
1494806400.0000 134850.0000 -0.3659 -0.3112 0.1642 0.6187 49.6220 0.1207 0.1255 0.0664 -0.0135 -0.0028 -0.0250 0.1562 0.6357 0.5963
1494806400.0000 135150.0000 0.0959 -0.2609 0.0777 0.4701 339.8237 0.0740 0.1356 0.0651 0.0052 -0.0228 -0.0245 0.1374 1.0485 0.9510
1494806400.0000 135450.0000 -0.0387 -0.4681 0.2318 0.5638 4.7297 0.0849 0.1052 0.0375 -0.0360 0.0114 0.0024 0.1138 0.5259 0.5359
1494806400.0000 135750.0000 -0.2324 -0.3875 0.1591 0.6188 30.9568 0.1918 0.0816 0.0554 -0.0624 -0.0265 0.0153 0.1644 0.6911 0.6682
1494806400.0000 136050.0000 -0.4671 0.0163 0.1241 0.6879 92.0032 0.1871 0.2215 0.1105 0.0690 -0.0513 -0.1024 0.2596 0.8603 0.7897
1494806400.0000 136350.0000 -0.6009 -0.2352 0.2571 0.7283 68.6259 0.1490 0.1154 0.0656 0.0502 -0.0309 -0.0355 0.1650 0.4775 0.4601
1494806400.0000 136650.0000 -0.6352 -0.1574 0.2526 0.7525 76.0853 0.1191 0.1221 0.0584 0.0420 -0.0252 -0.0276 0.1498 0.4505 0.4333
1494806400.0000 136950.0000 -0.6424 -0.1654 0.1532 0.8850 75.5579 0.2250 0.2729 0.0523 -0.1244 -0.0115 -0.0133 0.2751 0.6290 0.6141
1494806400.0000 137250.0000 -0.1891 -0.4160 0.1521 0.7474 24.4517 0.3380 0.1441 0.0566 -0.1144 -0.0480 0.0270 0.2693 0.8799 0.8773
1494806400.0000 137550.0000 -0.3647 -0.5013 0.3056 0.7506 36.0393 0.2535 0.1129 0.0607 0.0115 -0.0407 0.0269 0.2135 0.5459 0.5637
1494806400.0000 137850.0000 -0.2982 -0.3846 0.1906 0.7246 37.7946 0.2195 0.2162 0.0695 -0.1163 -0.0166 0.0129 0.2526 0.7851 0.7830
1494806400.0000 138150.0000 -0.0341 -0.6010 0.1495 0.7532 3.2478 0.2047 0.1738 0.0481 -0.1153 -0.0314 0.0357 0.2133 0.6079 0.5900
1494806400.0000 138450.0000 -0.0105 -0.2361 0.2084 0.4120 2.5377 0.0924 0.0870 0.0367 -0.0437 0.0043 -0.0146 0.1081 0.8519 1.0348
1494806400.0000 138750.0000 -0.1812 -0.2573 0.1463 0.4894 35.1513 0.1083 0.0908 0.0362 -0.0410 -0.0092 -0.0131 0.1177 0.8071 0.8187
1494806400.0000 139050.0000 0.0266 0.2013 -0.1351 0.4857 187.5342 0.1558 0.0938 0.0768 -0.0350 -0.0248 -0.0289 0.1632 1.3526 1.4207
1494806400.0000 139350.0000 0.0662 -0.1410 0.0175 0.3507 334.8494 0.0797 0.0657 0.0636 0.0206 -0.0359 -0.0326 0.1045 1.6842 1.4134
1494806400.0000 139650.0000 0.2143 -0.3612 0.0904 0.6051 329.3218 0.1694 0.1221 0.0583 -0.0420 -0.0478 -0.0169 0.1749 0.7949 0.7422
1494806400.0000 139950.0000 0.2250 0.0013 -0.1976 0.3914 269.6747 0.0675 0.0767 0.0485 0.0113 0.0001 -0.0291 0.0964 0.8463 0.9743
1494806400.0000 140250.0000 -0.2357 -0.2530 0.1428 0.3968 42.9667 0.0428 0.0137 0.0177 -0.0085 -0.0004 0.0022 0.0371 0.4202 0.3967
1494806400.0000 140550.0000 -0.4683 -0.2112 0.1757 0.5467 65.7299 0.0438 0.0238 0.0153 -0.0005 -0.0064 0.0024 0.0415 0.3063 0.2923
1494806400.0000 140850.0000 -0.2607 -0.2832 0.1922 0.5250 42.6227 0.1139 0.0943 0.0194 -0.0602 -0.0017 0.0010 0.1138 0.6402 0.6844
1494806400.0000 141150.0000 -0.6391 -0.3989 0.3227 0.7933 58.0299 0.1683 0.0341 0.0301 0.0038 -0.0305 0.0058 0.1163 0.3397 0.3447
1494806400.0000 141450.0000 -0.6187 -0.4991 0.3320 0.8659 51.1058 0.2366 0.0749 0.0418 0.0244 -0.0331 0.0135 0.1766 0.3983 0.4053
1494806400.0000 141750.0000 -0.3930 -0.2721 0.2210 0.4998 55.3015 0.0857 0.0265 0.0125 0.0281 -0.0114 -0.0024 0.0623 0.3870 0.4044
1494806400.0000 142050.0000 -0.4800 -0.3249 0.2090 0.6196 55.9054 0.1133 0.0276 0.0254 0.0107 -0.0183 -0.0022 0.0832 0.3821 0.3739
1494806400.0000 142350.0000 -0.5276 -0.3471 0.2457 0.6888 56.6586 0.1369 0.0428 0.0248 0.0047 -0.0042 -0.0031 0.1022 0.3852 0.3875
1494806400.0000 142650.0000 -0.0390 -0.1254 0.0703 0.3212 17.2742 0.0526 0.0545 0.0472 -0.0007 -0.0059 -0.0149 0.0771 1.5220 1.4383
1494806400.0000 142950.0000 -0.2711 -0.3310 0.1828 0.6329 39.3150 0.3216 0.0526 0.0978 0.0437 -0.1115 -0.0233 0.2360 0.8525 0.8254
1494806400.0000 143250.0000 0.0191 -0.4622 0.1434 0.8091 357.6331 0.3471 0.3041 0.0959 0.0124 -0.0758 -0.0245 0.3736 1.0303 1.0071
1494806400.0000 143550.0000 -0.2540 -0.1819 0.0987 0.5759 54.3838 0.2663 0.1139 0.1049 0.0527 -0.1124 -0.0372 0.2426 1.2275 1.1396
1494806400.0000 143850.0000 -0.4140 -0.4668 0.2279 0.7808 41.5669 0.2438 0.1430 0.0483 -0.0642 -0.0054 0.0065 0.2176 0.5734 0.5756
1494806400.0000 144150.0000 -0.7439 -0.4316 0.3471 0.9289 59.8772 0.2823 0.0662 0.0462 0.0335 -0.0197 0.0071 0.1973 0.3911 0.3963
1494806400.0000 144450.0000 -0.6283 -0.4879 0.3696 0.8787 52.1681 0.3010 0.0822 0.0606 0.0188 -0.0445 0.0052 0.2219 0.4385 0.4493
1494806400.0000 144750.0000 -0.3133 -0.3203 0.2115 0.5450 44.3630 0.0916 0.0851 0.0284 -0.0087 -0.0077 -0.0070 0.1026 0.5278 0.5417
1494806400.0000 145050.0000 -0.0225 -0.3147 0.1358 0.4127 4.0861 0.0729 0.0386 0.0214 -0.0274 -0.0069 0.0064 0.0665 0.6129 0.6113
1494806400.0000 145350.0000 0.0754 -0.5785 0.1848 0.7558 352.5775 0.2502 0.0812 0.0446 -0.0657 -0.0496 0.0161 0.1880 0.5785 0.5697
1494806400.0000 145650.0000 -0.3410 -0.2335 0.1721 0.4708 55.6018 0.0457 0.0453 0.0359 -0.0074 -0.0096 0.0009 0.0635 0.4595 0.4215
1494806400.0000 145950.0000 -0.0584 -0.3275 0.0740 0.4599 10.1045 0.0979 0.0815 0.0335 -0.0345 -0.0151 0.0131 0.1065 0.7818 0.7352
1494806400.0000 146250.0000 0.3132 -0.2629 0.0048 0.5491 310.0085 0.0703 0.2152 0.0404 -0.0726 0.0003 -0.0464 0.1630 0.8059 0.7543
1494806400.0000 146550.0000 -0.2752 0.0616 0.0274 0.3663 102.6104 0.0336 0.0662 0.0400 -0.0060 -0.0056 -0.0316 0.0699 0.7620 0.6469
1494806400.0000 146850.0000 -0.4286 -0.2168 0.1846 0.4935 63.1662 0.0276 0.0120 0.0072 0.0045 -0.0033 0.0006 0.0234 0.2427 0.2392
1494806400.0000 147150.0000 -0.2867 -0.2384 0.1572 0.4479 50.2569 0.0944 0.0298 0.0238 0.0016 -0.0094 0.0025 0.0740 0.5490 0.5459
1494806400.0000 147450.0000 -0.2997 -0.2457 0.1563 0.4255 50.6572 0.1213 0.0222 0.0177 0.0278 -0.0190 -0.0013 0.0807 0.5549 0.5645
1494806400.0000 147750.0000 0.0171 -0.4946 0.1046 0.5899 358.0149 0.0971 0.1279 0.0310 -0.0576 -0.0166 0.0276 0.1280 0.5776 0.5534
1494806400.0000 148050.0000 -0.0432 -0.4327 0.1270 0.6258 5.6988 0.2033 0.1957 0.0460 -0.1079 -0.0238 0.0370 0.2225 0.8502 0.8387
1494806400.0000 148350.0000 0.0101 -0.3156 0.0617 0.3967 358.1582 0.0508 0.0529 0.0168 -0.0177 -0.0022 0.0121 0.0603 0.6230 0.5888
1494806400.0000 148650.0000 0.0525 -0.3922 0.0338 0.4615 352.3727 0.0631 0.0700 0.0238 -0.0172 -0.0050 0.0076 0.0784 0.5757 0.5322
1494806400.0000 148950.0000 -0.0471 -0.2370 0.0268 0.3207 11.2461 0.0396 0.0450 0.0147 -0.0060 -0.0117 0.0022 0.0496 0.7481 0.6949
1494806400.0000 149250.0000 0.1141 -0.4553 0.0274 0.5321 345.9272 0.0599 0.1523 0.0229 -0.0531 -0.0045 0.0167 0.1176 0.5955 0.5667
1494806400.0000 149550.0000 0.1724 -0.3979 0.0994 0.5039 336.5728 0.0669 0.0984 0.0317 -0.0286 0.0026 0.0138 0.0985 0.5760 0.5413
1494806400.0000 149850.0000 0.1734 -0.5164 -0.0139 0.5933 341.4332 0.0729 0.1013 0.0383 -0.0421 -0.0084 0.0235 0.1063 0.4885 0.4424
1494806400.0000 150150.0000 0.2529 -0.6600 -0.0264 0.7679 339.0318 0.0826 0.1353 0.0482 -0.0270 -0.0135 0.0134 0.1330 0.4210 0.3812
1494806400.0000 150450.0000 0.1559 -0.5699 0.0346 0.6491 344.7038 0.0740 0.0987 0.0360 -0.0186 -0.0072 0.0245 0.1043 0.4456 0.4060
1494806400.0000 150750.0000 0.1964 -0.5710 0.0502 0.6891 341.0229 0.1087 0.1770 0.0465 -0.0564 -0.0204 0.0419 0.1661 0.5492 0.5110
1494806400.0000 151050.0000 0.2124 -0.6288 0.0438 0.7211 341.3346 0.0867 0.1332 0.0402 -0.0423 -0.0104 0.0266 0.1300 0.4427 0.4079
