1494720000.0000 150.0000 0.6637 0.3446 0.0291 0.7616 242.5632 0.0375 0.0301 0.0129 0.0138 -0.0059 -0.0042 0.0402 0.2188 0.2006
1494720000.0000 450.0000 0.6811 0.3328 0.0419 0.7706 243.9561 0.0372 0.0286 0.0121 0.0141 -0.0083 -0.0040 0.0390 0.2123 0.1954
1494720000.0000 750.0000 0.6429 0.3249 0.0554 0.7354 243.1919 0.0306 0.0316 0.0120 0.0127 -0.0063 -0.0020 0.0371 0.2177 0.1999
1494720000.0000 1050.0000 0.5678 0.2373 0.0465 0.6345 247.3232 0.0396 0.0302 0.0120 0.0116 -0.0074 -0.0009 0.0409 0.2676 0.2480
1494720000.0000 1350.0000 0.5838 0.2516 0.0474 0.6588 246.6842 0.0319 0.0360 0.0145 0.0085 -0.0070 -0.0024 0.0412 0.2600 0.2367
1494720000.0000 1650.0000 0.4179 0.1955 0.0261 0.4781 244.9218 0.0262 0.0183 0.0103 0.0049 -0.0047 -0.0020 0.0274 0.2923 0.2639
1494720000.0000 1950.0000 0.4368 0.2008 0.0312 0.5011 245.3172 0.0296 0.0266 0.0109 0.0093 -0.0062 -0.0041 0.0336 0.3105 0.2848
1494720000.0000 2250.0000 0.3469 0.2002 0.0353 0.4365 240.0115 0.0359 0.0369 0.0139 0.0065 -0.0046 -0.0049 0.0433 0.4228 0.3890
1494720000.0000 2550.0000 0.5141 0.5852 0.0276 0.8096 221.2978 0.0641 0.0760 0.0208 0.0219 -0.0003 -0.0096 0.0805 0.2971 0.2775
1494720000.0000 2850.0000 0.5279 0.7025 0.0530 0.9331 216.9206 0.1217 0.1216 0.0409 0.0332 -0.0123 -0.0260 0.1421 0.3496 0.3241
1494720000.0000 3150.0000 0.6167 0.6944 0.0819 0.9835 221.6110 0.1321 0.1687 0.0462 0.0536 -0.0110 -0.0297 0.1735 0.3648 0.3410
1494720000.0000 3450.0000 0.6266 0.6360 0.0680 0.9327 224.5733 0.0954 0.1169 0.0348 0.0355 -0.0086 -0.0196 0.1235 0.3205 0.2979
1494720000.0000 3750.0000 0.6012 0.5038 0.0440 0.8218 230.0345 0.0858 0.0807 0.0262 0.0188 -0.0118 -0.0108 0.0963 0.3226 0.3003
1494720000.0000 4050.0000 0.6064 0.6672 0.0660 0.9446 222.2687 0.0965 0.1158 0.0382 0.0288 -0.0091 -0.0180 0.1253 0.3197 0.2951
1494720000.0000 4350.0000 0.5866 0.7065 0.0553 0.9894 219.7067 0.1603 0.1907 0.0591 0.0541 -0.0198 -0.0346 0.2050 0.4019 0.3725
1494720000.0000 4650.0000 0.4706 0.7924 0.0597 1.0299 210.7092 0.2117 0.2636 0.0679 0.0127 -0.0120 -0.0410 0.2716 0.4607 0.4319
1494720000.0000 4950.0000 0.5027 0.6487 0.0729 0.9048 217.7700 0.2050 0.1770 0.0635 0.0616 -0.0070 -0.0374 0.2228 0.4678 0.4348
1494720000.0000 5250.0000 0.4276 0.5974 0.0939 0.8154 215.5944 0.1570 0.1518 0.0536 0.0408 -0.0125 -0.0257 0.1812 0.4693 0.4368
1494720000.0000 5550.0000 0.5200 0.4446 0.0613 0.7363 229.4677 0.0983 0.1046 0.0348 0.0256 -0.0103 -0.0185 0.1188 0.4098 0.3801
1494720000.0000 5850.0000 0.5205 0.5099 0.0508 0.7825 225.5932 0.1220 0.1190 0.0307 0.0423 -0.0069 -0.0197 0.1358 0.4120 0.3890
1494720000.0000 6150.0000 0.5543 0.5939 0.0843 0.8920 223.0250 0.1957 0.1638 0.0486 0.0681 -0.0132 -0.0287 0.2041 0.4516 0.4261
1494720000.0000 6450.0000 0.5303 0.3506 0.0419 0.7060 236.5284 0.1003 0.1295 0.0332 0.0416 -0.0117 -0.0180 0.1315 0.4648 0.4354
1494720000.0000 6750.0000 0.5503 0.3950 0.0684 0.7365 234.3306 0.1228 0.1148 0.0297 0.0383 -0.0140 -0.0127 0.1337 0.4385 0.4155
1494720000.0000 7050.0000 0.5657 0.4724 0.0639 0.8104 230.1326 0.1654 0.1869 0.0447 0.0665 -0.0100 -0.0289 0.1985 0.4917 0.4650
1494720000.0000 7350.0000 0.4936 0.3486 0.0621 0.6831 234.7711 0.1302 0.1310 0.0337 0.0539 -0.0116 -0.0164 0.1474 0.5161 0.4882
1494720000.0000 7650.0000 0.3922 0.2322 0.0544 0.5239 239.3688 0.0777 0.0786 0.0307 0.0158 -0.0036 -0.0075 0.0935 0.5439 0.5007
1494720000.0000 7950.0000 0.5286 0.4160 0.0668 0.7353 231.7972 0.1163 0.1078 0.0358 0.0312 -0.0129 -0.0156 0.1300 0.4355 0.4063
1494720000.0000 8250.0000 0.2479 0.2608 0.0854 0.5106 223.5403 0.1105 0.1387 0.0377 0.0239 -0.0064 -0.0162 0.1435 0.8363 0.8011
1494720000.0000 8550.0000 0.4064 0.2384 0.0436 0.5747 239.6008 0.1178 0.1329 0.0273 0.0317 -0.0101 -0.0108 0.1390 0.6433 0.6135
1494720000.0000 8850.0000 0.3723 0.3032 0.0459 0.5774 230.8423 0.1196 0.1228 0.0290 0.0426 -0.0038 -0.0134 0.1357 0.6237 0.5921
1494720000.0000 9150.0000 0.4714 0.4819 0.0620 0.7573 224.3667 0.1404 0.1561 0.0479 0.0479 -0.0183 -0.0261 0.1722 0.5005 0.4664
1494720000.0000 9450.0000 0.4414 0.3337 0.0701 0.6504 232.9106 0.1794 0.1139 0.0421 0.0519 -0.0155 -0.0175 0.1677 0.5996 0.5652
1494720000.0000 9750.0000 0.4242 0.2709 0.0562 0.5927 237.4320 0.1527 0.1115 0.0390 0.0556 -0.0130 -0.0139 0.1516 0.6277 0.5896
1494720000.0000 10050.0000 0.2455 0.0804 0.0503 0.3772 251.8648 0.0700 0.0872 0.0293 0.0172 -0.0086 -0.0107 0.0933 0.9475 0.8862
1494720000.0000 10350.0000 0.2433 0.0607 0.0537 0.3387 255.9788 0.0506 0.0507 0.0240 0.0128 -0.0043 -0.0064 0.0627 0.7972 0.7332
1494720000.0000 10650.0000 0.3374 0.0521 0.0234 0.4047 261.2219 0.0565 0.0479 0.0189 0.0198 -0.0073 -0.0050 0.0617 0.5925 0.5466
1494720000.0000 10950.0000 0.4512 0.2218 0.0244 0.5654 243.8206 0.1071 0.0821 0.0241 0.0244 -0.0037 -0.0075 0.1067 0.5298 0.4996
1494720000.0000 11250.0000 0.4006 0.1860 0.0264 0.5414 245.0927 0.1081 0.0908 0.0287 0.0094 -0.0105 -0.0095 0.1138 0.6225 0.5830
1494720000.0000 11550.0000 0.3958 0.2474 0.0289 0.5642 237.9892 0.1006 0.0965 0.0320 0.0172 -0.0053 -0.0134 0.1146 0.5909 0.5492
1494720000.0000 11850.0000 0.3921 0.2647 0.0326 0.5496 235.9779 0.0857 0.0855 0.0292 0.0213 -0.0083 -0.0118 0.1002 0.5450 0.5049
1494720000.0000 12150.0000 0.4090 0.3217 0.0251 0.5920 231.8172 0.0734 0.0921 0.0326 0.0137 -0.0108 -0.0226 0.0990 0.4932 0.4514
1494720000.0000 12450.0000 0.4069 0.3954 0.0271 0.6492 225.8246 0.0967 0.1185 0.0335 0.0112 -0.0051 -0.0206 0.1244 0.5070 0.4722
1494720000.0000 12750.0000 0.4163 0.4080 0.0469 0.6682 225.5786 0.1192 0.1389 0.0400 0.0375 -0.0147 -0.0307 0.1490 0.5390 0.5031
1494720000.0000 13050.0000 0.4479 0.4332 0.0296 0.6729 225.9570 0.1060 0.0931 0.0290 0.0388 -0.0073 -0.0130 0.1141 0.4421 0.4135
1494720000.0000 13350.0000 0.4173 0.3972 0.0449 0.6420 226.4095 0.0954 0.1125 0.0383 0.0232 -0.0124 -0.0262 0.1231 0.4958 0.4570
1494720000.0000 13650.0000 0.5088 0.3380 0.0292 0.6882 236.3989 0.1010 0.1144 0.0311 0.0245 -0.0145 -0.0159 0.1232 0.4687 0.4386
1494720000.0000 13950.0000 0.3643 0.2477 0.0288 0.5014 235.7834 0.0866 0.0665 0.0217 0.0285 -0.0027 -0.0062 0.0874 0.5468 0.5127
1494720000.0000 14250.0000 0.3259 0.2700 0.0131 0.4984 230.3549 0.0776 0.0597 0.0187 0.0113 -0.0058 -0.0078 0.0780 0.5386 0.5055
1494720000.0000 14550.0000 0.3975 0.3722 0.0613 0.6201 226.8839 0.0985 0.0957 0.0360 0.0206 -0.0049 -0.0241 0.1151 0.5056 0.4673
1494720000.0000 14850.0000 0.3706 0.2885 0.0544 0.5423 232.1046 0.0862 0.0896 0.0236 0.0395 -0.0090 -0.0179 0.0997 0.5452 0.5153
1494720000.0000 15150.0000 0.4075 0.3525 0.0658 0.6424 229.1424 0.1442 0.1308 0.0391 0.0379 -0.0147 -0.0200 0.1571 0.5961 0.5619
1494720000.0000 15450.0000 0.5703 0.4068 0.0572 0.7724 234.5016 0.1555 0.1485 0.0475 0.0434 -0.0174 -0.0307 0.1757 0.4870 0.4544
1494720000.0000 15750.0000 0.4485 0.2962 0.0662 0.6482 236.5560 0.1595 0.1428 0.0481 0.0439 -0.0127 -0.0227 0.1752 0.6311 0.5906
1494720000.0000 16050.0000 0.3538 0.2661 0.0657 0.5597 233.0501 0.1221 0.1575 0.0545 0.0450 -0.0131 -0.0223 0.1670 0.7456 0.6896
1494720000.0000 16350.0000 0.2632 0.1195 0.0584 0.4387 245.5776 0.1036 0.1117 0.0281 0.0369 -0.0132 -0.0141 0.1217 0.9656 0.9265
1494720000.0000 16650.0000 0.1231 0.1372 0.0226 0.3512 221.8963 0.0861 0.0398 0.0222 -0.0019 -0.0048 -0.0039 0.0740 1.1960 1.1111
1494720000.0000 16950.0000 0.2338 0.3067 0.0288 0.5627 217.3130 0.1188 0.1636 0.0265 -0.0112 -0.0143 -0.0049 0.1545 0.8297 0.7956
1494720000.0000 17250.0000 0.1914 0.1496 0.0061 0.4300 232.0034 0.1269 0.0738 0.0264 0.0123 0.0013 -0.0048 0.1136 1.1322 1.0647
1494720000.0000 17550.0000 0.2248 0.4394 0.0102 0.5766 207.0968 0.0835 0.1546 0.0255 0.0288 -0.0086 -0.0252 0.1318 0.6003 0.5707
1494720000.0000 17850.0000 0.1702 0.5100 0.0233 0.6388 198.4493 0.0959 0.1584 0.0432 0.0019 0.0017 -0.0349 0.1487 0.5851 0.5415
1494720000.0000 18150.0000 0.1422 0.6116 0.0252 0.6858 193.0861 0.0684 0.1324 0.0296 0.0181 -0.0084 -0.0232 0.1152 0.4409 0.4120
1494720000.0000 18450.0000 0.2938 0.3367 0.0818 0.5583 221.1057 0.1128 0.1181 0.0357 0.0177 -0.0083 -0.0189 0.1333 0.6563 0.6210
1494720000.0000 18750.0000 0.4280 0.3622 0.0127 0.6410 229.7579 0.1333 0.1253 0.0339 0.0576 -0.0117 -0.0141 0.1462 0.5567 0.5236
1494720000.0000 19050.0000 0.3650 0.3267 0.0515 0.6115 228.1720 0.1587 0.1191 0.0301 0.0334 -0.0057 -0.0111 0.1540 0.6505 0.6213
1494720000.0000 19350.0000 0.1714 0.2124 0.0071 0.4691 218.9035 0.1335 0.1072 0.0290 0.0205 -0.0211 -0.0133 0.1348 1.0983 1.0380
1494720000.0000 19650.0000 0.3649 0.4192 0.0401 0.6308 221.0418 0.1192 0.1042 0.0324 0.0219 -0.0132 -0.0215 0.1279 0.5240 0.4910
1494720000.0000 19950.0000 0.4445 0.3349 0.0103 0.6059 233.0101 0.0669 0.0692 0.0160 0.0207 -0.0051 -0.0110 0.0760 0.4045 0.3827
1494720000.0000 20250.0000 0.2854 0.3935 0.0015 0.6045 215.9515 0.1157 0.0790 0.0144 0.0114 0.0011 -0.0071 0.1046 0.5432 0.5242
1494720000.0000 20550.0000 0.2090 0.4307 0.0402 0.5744 205.8819 0.0894 0.1229 0.0268 -0.0023 -0.0043 -0.0233 0.1196 0.5877 0.5557
1494720000.0000 20850.0000 0.0997 0.3786 0.0100 0.4976 194.7531 0.0912 0.0568 0.0177 0.0072 0.0048 -0.0098 0.0828 0.6001 0.5673
1494720000.0000 21150.0000 0.0222 0.5159 -0.0099 0.6182 182.4634 0.1002 0.0856 0.0304 -0.0028 0.0012 -0.0086 0.1081 0.5198 0.4819
1494720000.0000 21450.0000 0.1133 0.4838 0.0353 0.5773 193.1764 0.0674 0.1075 0.0240 -0.0065 -0.0051 -0.0145 0.0995 0.5170 0.4861
1494720000.0000 21750.0000 0.0956 0.4191 0.0080 0.5295 192.8481 0.0926 0.0964 0.0199 0.0206 -0.0016 -0.0106 0.1045 0.6139 0.5840
1494720000.0000 22050.0000 0.0674 0.6538 -0.0219 0.7553 185.8828 0.1204 0.1721 0.0412 -0.0060 -0.0017 -0.0253 0.1668 0.5071 0.4751
1494720000.0000 22350.0000 0.1441 0.6972 0.0400 0.8428 191.6753 0.2004 0.2177 0.0523 0.0083 -0.0038 -0.0443 0.2352 0.5553 0.5243
1494720000.0000 22650.0000 0.1727 0.5692 0.0473 0.6946 196.8772 0.1133 0.1829 0.0412 0.0280 -0.0079 -0.0364 0.1687 0.5620 0.5282
1494720000.0000 22950.0000 0.2724 0.3532 0.0054 0.5608 217.6362 0.1272 0.0926 0.0240 0.0055 -0.0150 -0.0056 0.1219 0.6391 0.6069
1494720000.0000 23250.0000 0.1673 0.6884 0.0355 0.8282 193.6568 0.1718 0.2273 0.0523 0.0227 -0.0074 -0.0476 0.2257 0.5468 0.5148
1494720000.0000 23550.0000 0.3194 0.5426 0.0221 0.7131 210.4859 0.1107 0.1565 0.0303 0.0315 -0.0122 -0.0294 0.1488 0.4999 0.4740
1494720000.0000 23850.0000 0.4600 0.4605 0.0250 0.7397 224.9688 0.1464 0.1402 0.0405 0.0369 -0.0124 -0.0168 0.1636 0.5070 0.4749
1494720000.0000 24150.0000 0.4810 0.4499 0.0297 0.7529 226.9116 0.1417 0.1325 0.0453 0.0098 -0.0190 -0.0204 0.1598 0.4950 0.4590
1494720000.0000 24450.0000 0.3126 0.4345 0.0736 0.6461 215.7295 0.1304 0.1134 0.0385 0.0107 -0.0166 -0.0214 0.1411 0.5677 0.5325
1494720000.0000 24750.0000 0.4037 0.6869 0.0414 0.9020 210.4450 0.1729 0.2468 0.0547 0.0467 -0.0210 -0.0595 0.2372 0.4984 0.4694
1494720000.0000 25050.0000 0.1330 0.5776 0.0307 0.7002 192.9637 0.1228 0.1667 0.0443 0.0205 -0.0023 -0.0402 0.1669 0.5620 0.5241
1494720000.0000 25350.0000 -0.0949 0.4962 0.0039 0.6597 169.1672 0.1291 0.2160 0.0428 -0.0319 0.0135 -0.0370 0.1939 0.7118 0.6714
1494720000.0000 25650.0000 0.2961 0.3444 0.0125 0.5676 220.6830 0.1426 0.0908 0.0322 0.0199 -0.0143 -0.0190 0.1328 0.6548 0.6140
1494720000.0000 25950.0000 0.3572 0.2863 0.0205 0.5269 231.2886 0.0897 0.0721 0.0246 0.0198 -0.0095 -0.0098 0.0932 0.5439 0.5072
1494720000.0000 26250.0000 0.3420 0.5813 -0.0018 0.7837 210.4690 0.1276 0.1846 0.0331 0.0208 -0.0165 -0.0278 0.1726 0.5030 0.4783
1494720000.0000 26550.0000 0.1819 0.5569 -0.0221 0.6998 198.0901 0.1190 0.1594 0.0549 0.0022 -0.0029 -0.0394 0.1666 0.5685 0.5199
1494720000.0000 26850.0000 0.0699 0.5024 -0.0082 0.7097 187.9202 0.2175 0.1836 0.0722 0.0056 0.0223 -0.0287 0.2366 0.7830 0.7209
1494720000.0000 27150.0000 0.3060 0.6522 0.0221 0.8187 205.1362 0.1392 0.1760 0.0453 -0.0164 -0.0123 -0.0314 0.1803 0.4810 0.4499
1494720000.0000 27450.0000 0.2656 0.7719 0.0171 0.9272 198.9905 0.1574 0.2287 0.0436 -0.0013 -0.0046 -0.0366 0.2148 0.4635 0.4394
1494720000.0000 27750.0000 -0.0950 0.4051 0.0263 0.5615 166.7987 0.0805 0.1596 0.0408 0.0065 0.0085 -0.0279 0.1404 0.7338 0.6799
1494720000.0000 28050.0000 -0.1820 0.2200 0.0025 0.5084 140.4017 0.1369 0.1132 0.0327 0.0394 0.0101 -0.0201 0.1414 1.0753 1.0113
1494720000.0000 28350.0000 -0.3961 0.2099 -0.0309 0.5775 117.9256 0.1046 0.1243 0.0439 0.0262 0.0127 -0.0063 0.1364 0.6712 0.6163
1494720000.0000 28650.0000 -0.0845 0.2010 0.0107 0.4386 157.2084 0.1006 0.1109 0.0299 0.0336 -0.0082 -0.0165 0.1207 1.2991 1.2175
1494720000.0000 28950.0000 0.1805 0.1705 -0.0486 0.3732 226.6281 0.0589 0.0562 0.0276 -0.0004 -0.0057 -0.0078 0.0713 0.8618 0.7889
1494720000.0000 29250.0000 -0.0354 0.1364 0.0176 0.4105 165.4441 0.0986 0.0988 0.0267 0.0136 -0.0149 -0.0013 0.1121 1.9244 1.8201
1494720000.0000 29550.0000 -0.0261 0.2428 -0.0213 0.3322 173.8595 0.0370 0.0417 0.0125 -0.0002 -0.0080 -0.0046 0.0456 0.7116 0.6634
1494720000.0000 29850.0000 0.1012 0.3452 0.0474 0.4760 196.3307 0.0864 0.1006 0.0295 0.0208 -0.0115 -0.0150 0.1083 0.7405 0.6942
1494720000.0000 30150.0000 0.1044 0.0882 0.0626 0.3785 229.8163 0.1059 0.0834 0.0290 -0.0037 -0.0130 -0.0089 0.1091 1.7949 1.8384
1494720000.0000 30450.0000 0.1730 0.3231 0.0669 0.5552 208.1589 0.1598 0.2142 0.0315 0.0456 -0.0153 -0.0208 0.2027 0.9867 0.9633
1494720000.0000 30750.0000 0.1448 0.4265 0.0386 0.6003 198.7487 0.1407 0.1403 0.0471 0.0126 -0.0070 -0.0273 0.1640 0.7316 0.6795
1494720000.0000 31050.0000 -0.2162 0.4469 0.0167 0.8082 154.1801 0.3336 0.2898 0.0952 0.1062 0.0328 -0.0301 0.3593 0.9853 0.9182
1494720000.0000 31350.0000 -0.2896 0.4814 -0.0662 0.7532 148.9709 0.1713 0.2713 0.0629 0.0513 0.0200 -0.0164 0.2527 0.7256 0.6837
1494720000.0000 31650.0000 0.2474 -0.0786 -0.0724 0.5063 287.6218 0.1384 0.1078 0.0436 0.0015 -0.0009 0.0019 0.1449 1.1535 1.1037
1494720000.0000 31950.0000 0.3724 0.0979 -0.0395 0.5230 255.2674 0.1250 0.1174 0.0366 0.0152 -0.0210 0.0029 0.1395 0.7879 0.7383
1494720000.0000 32250.0000 0.1894 0.3509 -0.0039 0.5160 208.3622 0.0989 0.0879 0.0283 -0.0147 -0.0102 -0.0093 0.1075 0.6715 0.6258
1494720000.0000 32550.0000 0.3087 0.4817 -0.0076 0.6482 212.6508 0.0939 0.1179 0.0320 0.0192 -0.0068 -0.0040 0.1219 0.4982 0.4644
1494720000.0000 32850.0000 0.3800 0.3954 -0.0237 0.7048 223.8624 0.2815 0.1137 0.0336 0.0591 -0.0095 -0.0131 0.2144 0.6887 0.6617
1494720000.0000 33150.0000 0.4218 0.2954 0.0400 0.6145 234.9922 0.1106 0.1394 0.0371 0.0200 -0.0250 -0.0091 0.1435 0.5989 0.5605
1494720000.0000 33450.0000 0.5843 0.2706 -0.0405 0.7344 245.1530 0.0939 0.1435 0.0398 0.0372 -0.0172 -0.0107 0.1386 0.4711 0.4368
1494720000.0000 33750.0000 0.4010 0.1184 -0.0086 0.5411 253.5572 0.0960 0.1029 0.0346 0.0088 -0.0174 -0.0016 0.1168 0.6671 0.6158
1494720000.0000 34050.0000 0.3731 0.1437 0.0454 0.5152 248.9319 0.0787 0.1132 0.0317 0.0318 -0.0178 -0.0041 0.1118 0.6786 0.6327
1494720000.0000 34350.0000 0.3697 0.3529 0.0053 0.6037 226.3300 0.0987 0.1087 0.0298 0.0594 -0.0136 -0.0140 0.1186 0.5501 0.5145
1494720000.0000 34650.0000 0.2448 0.2156 -0.0091 0.6800 228.6233 0.0969 0.3758 0.0348 0.0040 0.0001 -0.0208 0.2537 1.2604 1.2169
1494720000.0000 34950.0000 0.2998 0.3849 -0.0134 0.6645 217.9106 0.1574 0.1706 0.0374 0.0215 0.0083 -0.0136 0.1827 0.7150 0.6777
1494720000.0000 35250.0000 -0.1273 0.3847 -0.0085 0.6831 161.6950 0.2190 0.2029 0.0443 0.0817 0.0108 -0.0257 0.2331 0.9726 0.9254
1494720000.0000 35550.0000 0.2211 0.5129 0.0240 0.6945 203.3199 0.1585 0.1586 0.0398 0.0002 -0.0110 -0.0284 0.1784 0.6169 0.5821
1494720000.0000 35850.0000 0.1443 0.6522 0.0236 0.8991 192.4787 0.3282 0.2517 0.0639 0.0516 -0.0182 -0.0453 0.3219 0.6930 0.6581
1494720000.0000 36150.0000 0.4348 0.5021 -0.0291 0.7784 220.8939 0.2160 0.1840 0.0467 0.0843 -0.0216 -0.0263 0.2234 0.5804 0.5498
1494720000.0000 36450.0000 0.1746 0.3614 -0.0212 0.6629 205.7884 0.1881 0.2969 0.0504 -0.0190 -0.0116 -0.0321 0.2677 1.0510 1.0017
1494720000.0000 36750.0000 0.4645 0.1055 -0.0316 0.6313 257.2096 0.1288 0.1579 0.0476 0.0381 -0.0091 0.0047 0.1671 0.6991 0.6489
1494720000.0000 37050.0000 0.5733 0.5175 -0.0360 0.8941 227.9278 0.1207 0.2191 0.0422 0.0150 -0.0152 -0.0232 0.1910 0.4615 0.4357
1494720000.0000 37350.0000 0.5993 0.1443 -0.1304 0.7481 256.4669 0.2292 0.0906 0.0473 -0.0081 -0.0246 0.0197 0.1836 0.5552 0.5296
1494720000.0000 37650.0000 0.5738 0.1460 -0.0521 0.6638 255.7263 0.0970 0.0866 0.0321 0.0159 -0.0223 0.0057 0.1078 0.4510 0.4178
1494720000.0000 37950.0000 0.2085 0.5327 -0.0118 0.7879 201.3777 0.2274 0.1619 0.0290 -0.0295 -0.0130 -0.0087 0.2092 0.6526 0.6297
1494720000.0000 38250.0000 0.5784 0.4686 0.0072 0.8100 230.9860 0.1060 0.0777 0.0271 0.0018 -0.0132 -0.0103 0.1054 0.3560 0.3324
1494720000.0000 38550.0000 0.2819 0.3440 -0.0345 0.6099 219.3277 0.1361 0.1054 0.0344 0.0047 -0.0163 -0.0066 0.1380 0.6798 0.6379
1494720000.0000 38850.0000 -0.5084 0.3688 -0.0018 0.8748 125.9623 0.2312 0.3293 0.0727 0.1059 0.0238 -0.0241 0.3166 0.7315 0.6882
1494720000.0000 39150.0000 -0.8375 -0.0832 -0.0141 1.0079 84.3264 0.2517 0.2654 0.0694 0.0131 0.0568 -0.0142 0.2933 0.5253 0.4933
1494720000.0000 39450.0000 -0.6607 0.0085 -0.0261 1.0026 90.7396 0.3787 0.5159 0.0885 0.2086 0.0570 0.0072 0.4915 0.8656 0.8264
1494720000.0000 39750.0000 -0.1851 0.1884 0.0779 0.7469 135.4996 0.3463 0.3428 0.0850 0.1716 -0.0226 -0.0268 0.3871 1.8446 1.8145
1494720000.0000 40050.0000 -0.2734 0.1556 0.0087 0.5600 119.6498 0.1503 0.1707 0.0574 0.0289 0.0110 0.0157 0.1892 1.1283 1.0397
1494720000.0000 40350.0000 0.3465 0.4809 -0.0267 0.9429 215.7731 0.3308 0.5419 0.0697 0.0930 -0.0163 -0.0221 0.4712 0.9445 0.9098
1494720000.0000 40650.0000 -0.0501 0.4827 0.0035 0.7679 174.0716 0.3200 0.2695 0.0768 0.0123 0.0306 -0.0516 0.3331 0.9711 0.9135
1494720000.0000 40950.0000 -0.1022 0.0319 -0.0075 0.5810 107.3418 0.2529 0.1993 0.0565 0.0028 -0.0011 -0.0069 0.2543 3.8345 3.6243
1494720000.0000 41250.0000 -0.0121 0.0584 0.0401 0.2792 168.3229 0.0537 0.0436 0.0329 0.0022 0.0015 -0.0017 0.0651 2.8996 3.0230
1494720000.0000 41550.0000 0.1396 0.5447 0.0327 0.7549 194.3786 0.2376 0.2919 0.0697 0.0081 -0.0151 -0.0309 0.2996 0.7934 0.7471
1494720000.0000 41850.0000 0.0819 0.6375 -0.0272 1.0198 187.3251 0.5252 0.3658 0.0928 0.1817 0.0595 0.0158 0.4919 0.8902 0.8479
1494720000.0000 42150.0000 0.1772 0.5749 0.0836 0.8048 197.1364 0.3086 0.1891 0.0692 0.0458 -0.0436 -0.0331 0.2834 0.7157 0.6771
1494720000.0000 42450.0000 -0.0381 0.5001 0.0496 0.7390 175.6429 0.2408 0.2623 0.0626 0.0667 0.0002 -0.0133 0.2829 0.8616 0.8165
1494720000.0000 42750.0000 -0.0073 0.3000 0.0222 0.5924 178.5984 0.2530 0.1788 0.0573 -0.0383 -0.0359 -0.0213 0.2446 1.3418 1.2641
1494720000.0000 43050.0000 0.5213 0.4956 0.0378 0.9112 226.4450 0.2605 0.3228 0.0649 0.0989 -0.0283 -0.0329 0.3241 0.6453 0.6130
1494720000.0000 43350.0000 0.5374 0.7844 0.0461 1.0599 214.4168 0.2473 0.1987 0.0606 0.0400 -0.0138 -0.0267 0.2533 0.4317 0.4055
1494720000.0000 43650.0000 -0.1623 0.6219 -0.0289 0.9619 165.3752 0.4023 0.2885 0.0794 0.0779 0.0307 0.0072 0.3851 0.7875 0.7466
1494720000.0000 43950.0000 -0.1719 0.3126 -0.0524 0.8617 151.1908 0.3083 0.5489 0.1374 0.0137 0.0060 0.0031 0.4973 1.5969 1.4984
1494720000.0000 44250.0000 0.2673 0.7050 0.0795 0.9783 200.7617 0.2866 0.5644 0.0714 0.0203 -0.0001 -0.0388 0.4612 0.7314 0.7064
1494720000.0000 44550.0000 0.3703 0.3907 0.0720 0.7289 223.4686 0.2721 0.2184 0.0766 0.0728 -0.0133 -0.0368 0.2836 0.8006 0.7512
1494720000.0000 44850.0000 0.4777 0.7559 -0.0059 0.9936 212.2931 0.1988 0.2045 0.0823 -0.0052 -0.0032 -0.0406 0.2428 0.4499 0.4100
1494720000.0000 45150.0000 0.1094 0.8395 -0.0403 1.0649 187.4258 0.4073 0.5771 0.1154 -0.0956 0.0572 -0.0324 0.5499 0.7144 0.6766
1494720000.0000 45450.0000 0.5770 0.9206 0.0801 1.2093 212.0774 0.3239 0.3781 0.0653 0.1187 -0.0219 -0.0303 0.3836 0.4642 0.4453
1494720000.0000 45750.0000 0.0883 0.3528 -0.0327 0.7519 194.0553 0.4168 0.2214 0.0719 0.0946 0.0189 -0.0077 0.3550 1.3324 1.2682
1494720000.0000 46050.0000 0.2475 0.3234 0.0467 0.6839 217.4182 0.2402 0.3267 0.0645 0.0318 -0.0116 -0.0138 0.3157 1.1191 1.0674
1494720000.0000 46350.0000 0.3458 0.0635 0.0454 0.4927 259.5947 0.1079 0.1299 0.0470 0.0494 -0.0246 -0.0105 0.1424 0.8692 0.8007
1494720000.0000 46650.0000 0.2292 0.3828 0.0483 0.6081 210.9040 0.1457 0.1031 0.0332 0.0076 -0.0255 -0.0100 0.1410 0.6831 0.6454
1494720000.0000 46950.0000 0.3088 -0.0068 -0.0270 0.4885 271.2639 0.0900 0.1194 0.0470 0.0262 -0.0139 -0.0071 0.1282 0.9429 0.8553
1494720000.0000 47250.0000 0.4509 0.4729 0.0219 0.8524 223.6382 0.1970 0.4077 0.0633 0.1097 -0.0233 -0.0104 0.3340 0.7218 0.6871
1494720000.0000 47550.0000 0.0725 0.3917 0.0178 0.7248 190.4893 0.2165 0.4480 0.0653 0.0364 0.0058 0.0096 0.3649 1.2369 1.1815
1494720000.0000 47850.0000 -0.4776 0.4251 -0.0010 0.8760 131.6716 0.3548 0.2555 0.0832 0.0269 0.0182 -0.0317 0.3468 0.7520 0.7055
1494720000.0000 48150.0000 0.0727 0.5474 0.1428 0.9202 187.5637 0.3646 0.4915 0.0888 0.1117 -0.0270 -0.0304 0.4725 0.9841 0.9675
1494720000.0000 48450.0000 0.2880 0.8295 0.0372 1.0927 199.1451 0.3824 0.3707 0.0946 -0.0745 0.0092 -0.0548 0.4238 0.6048 0.5706
1494720000.0000 48750.0000 0.3587 0.6441 0.0923 0.9903 209.1127 0.3013 0.5885 0.0840 0.0292 -0.0254 -0.0248 0.4869 0.7667 0.7387
1494720000.0000 49050.0000 0.9678 0.8086 0.0761 1.3791 230.1195 0.3356 0.4244 0.1001 0.1473 -0.0355 -0.0565 0.4301 0.4238 0.3991
1494720000.0000 49350.0000 0.6222 0.5528 0.0997 0.9526 228.3814 0.2432 0.2137 0.0720 0.0402 -0.0247 -0.0266 0.2644 0.5009 0.4688
1494720000.0000 49650.0000 0.3765 0.1746 0.0094 0.6811 245.1200 0.2426 0.2724 0.0667 0.0728 -0.0212 -0.0063 0.2908 1.0608 0.9984
1494720000.0000 49950.0000 0.4728 0.4462 0.0553 0.8239 226.6581 0.2329 0.2627 0.0679 0.0896 -0.0177 -0.0304 0.2818 0.6642 0.6252
1494720000.0000 50250.0000 0.3672 0.0797 0.0628 0.6092 257.7533 0.2434 0.1764 0.0652 0.0588 -0.0247 -0.0068 0.2425 1.0554 0.9956
1494720000.0000 50550.0000 0.2442 -0.0073 -0.0590 0.6605 271.7036 0.2025 0.2983 0.0681 0.0906 -0.0010 0.0189 0.2845 1.7327 1.6724
1494720000.0000 50850.0000 0.5534 0.3385 0.0256 0.7684 238.5504 0.1803 0.1484 0.0531 0.0287 -0.0176 -0.0041 0.1909 0.5495 0.5102
1494720000.0000 51150.0000 0.8150 0.5140 0.0475 1.0667 237.7600 0.3232 0.2994 0.0641 0.1107 -0.0494 -0.0159 0.3433 0.4959 0.4727
1494720000.0000 51450.0000 0.5748 0.6280 0.0779 0.9392 222.4673 0.1451 0.1985 0.0540 0.0396 -0.0221 -0.0346 0.1988 0.4258 0.3975
1494720000.0000 51750.0000 0.4611 0.3863 0.0355 0.6956 230.0460 0.1009 0.1404 0.0467 0.0354 -0.0234 -0.0136 0.1439 0.5140 0.4714
1494720000.0000 52050.0000 0.2225 0.4554 0.0797 0.6809 206.0400 0.1637 0.1896 0.0608 0.0131 -0.0272 -0.0227 0.2071 0.7242 0.6771
1494720000.0000 52350.0000 0.1425 0.3670 0.0704 0.7212 201.2229 0.2358 0.4012 0.0696 0.0812 -0.0182 -0.0356 0.3533 1.2135 1.1704
1494720000.0000 52650.0000 0.0894 1.0451 0.0800 1.2472 184.8900 0.3732 0.5959 0.1213 0.0728 -0.0115 -0.0916 0.5452 0.5731 0.5419
1494720000.0000 52950.0000 0.1866 0.6930 0.0530 0.8985 195.0702 0.3129 0.3274 0.0759 -0.0066 0.0129 -0.0688 0.3581 0.6789 0.6437
1494720000.0000 53250.0000 0.2277 0.4107 0.0717 0.6702 209.0095 0.1719 0.2393 0.0513 0.0171 -0.0159 -0.0232 0.2313 0.8266 0.7883
1494720000.0000 53550.0000 0.2012 0.3633 0.0671 0.6560 208.9779 0.2386 0.3166 0.0660 0.0583 -0.0209 -0.0306 0.3106 1.0818 1.0360
1494720000.0000 53850.0000 0.2249 0.4825 0.0849 0.6969 204.9865 0.1911 0.2130 0.0493 0.0137 -0.0082 -0.0240 0.2267 0.7212 0.6895
1494720000.0000 54150.0000 0.2351 0.1978 0.0601 0.5150 229.9178 0.1534 0.1461 0.0441 0.0303 -0.0131 -0.0168 0.1718 1.0811 1.0284
1494720000.0000 54450.0000 0.2681 0.1376 0.0534 0.5101 242.8329 0.1629 0.1793 0.0767 0.0494 -0.0200 -0.0128 0.2094 1.2210 1.1207
1494720000.0000 54750.0000 0.1364 0.1015 0.0020 0.4787 233.3308 0.1555 0.1555 0.0664 0.0457 0.0008 -0.0169 0.1887 2.0861 1.8940
1494720000.0000 55050.0000 0.0760 0.0298 0.0220 0.3529 248.5833 0.0884 0.0842 0.0558 0.0098 -0.0178 -0.0020 0.1142 3.2648 2.9401
1494720000.0000 55350.0000 0.1293 0.1221 -0.0013 0.4520 226.6470 0.1526 0.0835 0.0462 0.0015 -0.0255 -0.0075 0.1412 1.7250 1.5776
1494720000.0000 55650.0000 0.0712 0.0706 0.0207 0.3746 225.2446 0.1001 0.0813 0.0491 -0.0038 -0.0132 -0.0048 0.1153 2.7088 2.4535
1494720000.0000 55950.0000 -0.0201 -0.0380 0.0072 0.3828 27.8138 0.0844 0.1110 0.0417 0.0080 -0.0080 0.0011 0.1185 6.4499 5.9371
1494720000.0000 56250.0000 0.0068 0.0211 0.0274 0.4441 197.7704 0.1551 0.1396 0.0601 0.0440 -0.0073 -0.0058 0.1774 9.7635 14.1239
1494720000.0000 56550.0000 0.0633 -0.0022 0.0141 0.4908 272.0235 0.1719 0.1542 0.0678 0.0676 -0.0187 -0.0082 0.1969 5.5857 5.2056
1494720000.0000 56850.0000 0.2756 0.1454 0.0066 0.5270 242.1827 0.1518 0.1599 0.0521 0.0460 -0.0229 -0.0107 0.1819 1.1173 1.0344
1494720000.0000 57150.0000 0.0766 0.0863 0.0291 0.4925 221.5817 0.1459 0.1754 0.0505 0.0459 -0.0128 -0.0078 0.1859 2.9595 2.8370
1494720000.0000 57450.0000 0.1470 -0.0700 -0.0371 0.4326 295.4558 0.1089 0.1040 0.0356 0.0326 -0.0113 -0.0123 0.1243 1.7243 1.6368
1494720000.0000 57750.0000 0.0943 -0.1435 0.0088 0.3904 326.6794 0.0891 0.0988 0.0504 0.0154 -0.0127 0.0100 0.1192 1.6389 1.4572
1494720000.0000 58050.0000 -0.0108 0.0226 0.0051 0.4687 154.3708 0.1182 0.2099 0.0448 0.0391 -0.0090 -0.0068 0.1865 13.7970 13.2100
1494720000.0000 58350.0000 -0.0011 -0.0154 0.0375 0.3314 4.2761 0.0689 0.0846 0.0326 0.0063 -0.0101 -0.0063 0.0930 6.1363 14.6843
1494720000.0000 58650.0000 0.2491 0.0295 0.0358 0.4458 263.2489 0.1075 0.1335 0.0343 -0.0207 -0.0137 -0.0023 0.1377 1.1956 1.1299
1494720000.0000 58950.0000 -0.0042 -0.1052 0.0391 0.4444 2.3046 0.1472 0.1228 0.0400 0.0509 -0.0077 0.0077 0.1550 2.8619 2.8492
1494720000.0000 59250.0000 0.3609 0.0322 0.0379 0.6017 264.9029 0.1827 0.1674 0.0534 0.0691 -0.0161 0.0090 0.2018 1.0068 0.9429
1494720000.0000 59550.0000 0.4181 0.0739 0.0283 0.6382 259.9716 0.2082 0.1722 0.0509 0.0249 -0.0441 0.0085 0.2157 0.8910 0.8386
1494720000.0000 59850.0000 0.4431 0.2465 0.0112 0.7111 240.9133 0.1906 0.1972 0.0559 0.0166 -0.0397 0.0159 0.2218 0.7583 0.7091
1494720000.0000 60150.0000 0.1658 0.2290 0.0330 0.6162 215.8971 0.1175 0.3137 0.0376 0.0647 -0.0172 -0.0122 0.2344 1.3887 1.3409
1494720000.0000 60450.0000 0.4965 0.2481 0.0343 0.8414 243.4557 0.3029 0.3142 0.0804 0.1440 -0.0051 0.0395 0.3487 0.8670 0.8171
1494720000.0000 60750.0000 0.4246 0.2119 0.0212 0.5695 243.4839 0.1023 0.1181 0.0438 0.0365 -0.0228 0.0003 0.1321 0.6247 0.5712
1494720000.0000 61050.0000 0.0836 -0.0151 0.0295 0.3593 280.2462 0.0838 0.0773 0.0224 0.0245 -0.0066 0.0023 0.0917 2.7487 2.7263
1494720000.0000 61350.0000 -0.0398 -0.1730 -0.0039 0.2984 12.9571 0.0494 0.0390 0.0237 -0.0078 -0.0043 0.0080 0.0560 1.0888 0.9669
1494720000.0000 61650.0000 0.0473 0.0278 0.0232 0.5106 239.5806 0.1989 0.1820 0.0670 0.0837 0.0038 0.0178 0.2240 6.4864 6.4965
1494720000.0000 61950.0000 -0.1526 -0.1747 0.0105 0.4871 41.1224 0.1384 0.1247 0.0766 0.0409 -0.0067 0.0061 0.1699 1.4492 1.2766
1494720000.0000 62250.0000 -0.0007 0.0084 0.0427 0.5163 175.4568 0.2377 0.1477 0.0876 0.0286 -0.0211 0.0016 0.2365 9.1277 42.3341
1494720000.0000 62550.0000 -0.3716 0.0249 0.0670 0.5464 93.8277 0.1106 0.1255 0.0518 -0.0090 0.0010 0.0008 0.1439 0.8185 0.7532
1494720000.0000 62850.0000 -0.1027 0.0197 0.0279 0.4752 100.8671 0.1858 0.1426 0.0602 0.0582 -0.0250 -0.0206 0.1943 3.3250 3.1636
1494720000.0000 63150.0000 0.0681 0.0323 0.0708 0.4099 244.5962 0.1287 0.0989 0.0496 0.0196 -0.0271 -0.0031 0.1386 2.9397 3.6562
1494720000.0000 63450.0000 -0.0823 -0.1067 -0.0286 0.4040 37.6527 0.1064 0.0792 0.0453 0.0233 0.0083 0.0001 0.1155 2.0144 1.8460
1494720000.0000 63750.0000 0.6861 0.5448 0.0284 0.9350 231.5489 0.1368 0.1733 0.0320 0.0705 -0.0165 -0.0029 0.1710 0.3852 0.3670
1494720000.0000 64050.0000 0.2458 0.2913 0.0282 0.6393 220.1595 0.2776 0.2073 0.0393 0.1058 -0.0222 -0.0116 0.2621 1.0936 1.0546
1494720000.0000 64350.0000 -0.0904 -0.0349 0.0497 0.4384 68.8882 0.1608 0.1087 0.0757 0.0104 -0.0048 -0.0049 0.1726 3.1132 3.0919
1494720000.0000 64650.0000 -0.0897 -0.1601 -0.0571 0.3266 29.2621 0.0520 0.0628 0.0322 0.0041 -0.0025 0.0060 0.0735 1.1514 1.0657
1494720000.0000 64950.0000 -0.0459 -0.0859 -0.0047 0.3611 28.0924 0.0986 0.0696 0.0320 0.0160 -0.0015 0.0034 0.1001 2.6498 2.4314
1494720000.0000 65250.0000 0.0114 -0.0656 0.0276 0.3172 350.1218 0.0806 0.0660 0.0472 0.0182 -0.0056 -0.0014 0.0969 3.5263 3.3208
1494720000.0000 65550.0000 -0.0984 0.0316 -0.0197 0.3121 107.8116 0.0627 0.0486 0.0202 0.0008 -0.0001 -0.0012 0.0658 1.9910 1.8646
1494720000.0000 65850.0000 -0.0900 -0.0935 0.0283 0.3041 43.8973 0.0642 0.0500 0.0278 -0.0215 -0.0129 0.0094 0.0710 1.6379 1.5033
1494720000.0000 66150.0000 0.0578 -0.0787 -0.0064 0.2857 323.6735 0.0423 0.0649 0.0269 0.0062 0.0050 0.0013 0.0670 2.1604 1.9354
1494720000.0000 66450.0000 0.0871 -0.0097 0.0043 0.2483 276.3570 0.0337 0.0524 0.0203 0.0182 0.0034 0.0010 0.0532 2.1452 1.9325
1494720000.0000 66750.0000 0.0509 -0.1307 -0.0236 0.3067 338.7455 0.0485 0.0596 0.0253 0.0213 0.0008 0.0020 0.0667 1.4828 1.3535
1494720000.0000 67050.0000 -0.0539 -0.1356 -0.0294 0.2492 21.6610 0.0356 0.0241 0.0138 0.0017 0.0009 -0.0026 0.0367 1.0511 0.9665
1494720000.0000 67350.0000 0.0882 -0.1485 -0.0675 0.3168 329.2998 0.0582 0.0496 0.0251 0.0099 -0.0028 0.0102 0.0664 1.1347 1.0974
1494720000.0000 67650.0000 0.0049 -0.1023 -0.0438 0.2709 357.2777 0.0350 0.0487 0.0138 0.0158 0.0017 0.0067 0.0488 1.6192 1.6314
1494720000.0000 67950.0000 0.0535 -0.1582 -0.0425 0.2514 341.3164 0.0292 0.0260 0.0152 -0.0077 -0.0034 0.0029 0.0352 0.8886 0.8119
1494720000.0000 68250.0000 0.1952 0.0008 -0.0267 0.2842 269.7640 0.0218 0.0385 0.0101 0.0060 -0.0002 0.0036 0.0352 0.7772 0.7259
1494720000.0000 68550.0000 0.1517 -0.1018 -0.0399 0.2455 303.8668 0.0135 0.0272 0.0083 0.0056 0.0006 0.0029 0.0245 0.6832 0.6377
1494720000.0000 68850.0000 -0.0396 -0.0186 -0.0191 0.2288 64.8475 0.0385 0.0315 0.0095 0.0075 0.0013 0.0036 0.0397 3.4132 3.4955
1494720000.0000 69150.0000 0.0718 -0.3009 -0.0938 0.3252 346.5811 0.0077 0.0183 0.0054 -0.0011 -0.0005 0.0042 0.0157 0.3165 0.3012
1494720000.0000 69450.0000 0.0129 -0.1263 -0.0410 0.1581 354.1468 0.0080 0.0055 0.0036 0.0012 -0.0001 0.0011 0.0085 0.5652 0.5282
1494720000.0000 69750.0000 0.0136 -0.1064 -0.0477 0.1660 352.7405 0.0141 0.0089 0.0056 0.0009 -0.0011 0.0003 0.0143 0.8310 0.8159
1494720000.0000 70050.0000 -0.0584 -0.2040 -0.0553 0.2518 15.9837 0.0157 0.0157 0.0079 -0.0053 -0.0038 0.0061 0.0196 0.5214 0.4817
1494720000.0000 70350.0000 -0.0016 -0.1673 -0.0748 0.2706 0.5525 0.0245 0.0407 0.0135 0.0052 -0.0019 0.0064 0.0394 0.8838 0.8809
1494720000.0000 70650.0000 0.1370 -0.1899 -0.0543 0.4204 324.1971 0.1244 0.0763 0.0496 -0.0099 -0.0214 0.0030 0.1252 1.2019 1.1047
1494720000.0000 70950.0000 -0.0062 -0.2015 -0.0480 0.3498 1.7620 0.0728 0.0515 0.0318 -0.0082 -0.0063 0.0025 0.0781 1.1005 1.0095
1494720000.0000 71250.0000 0.0677 -0.1236 -0.0375 0.3028 331.2865 0.0694 0.0432 0.0294 0.0005 -0.0070 0.0032 0.0710 1.4917 1.3743
1494720000.0000 71550.0000 0.1749 -0.1542 -0.0454 0.4528 311.4148 0.1713 0.0896 0.0546 0.0251 -0.0065 0.0128 0.1578 1.3654 1.2649
1494720000.0000 71850.0000 -0.0041 -0.1711 -0.0681 0.3789 1.3570 0.0895 0.0661 0.0427 0.0073 -0.0085 -0.0013 0.0992 1.3962 1.3311
1494720000.0000 72150.0000 0.2147 -0.2127 -0.0915 0.5200 314.7374 0.1861 0.0966 0.0537 0.0255 -0.0149 0.0052 0.1682 1.0606 1.0159
1494720000.0000 72450.0000 0.0399 -0.2457 -0.0652 0.4444 350.7778 0.1520 0.0694 0.0543 0.0155 -0.0275 -0.0019 0.1378 1.1779 1.0912
1494720000.0000 72750.0000 -0.0204 -0.3402 -0.0933 0.4313 3.4361 0.0743 0.0359 0.0246 -0.0124 -0.0071 0.0053 0.0674 0.5997 0.5621
1494720000.0000 73050.0000 -0.1080 -0.2720 -0.0839 0.3919 21.6493 0.0639 0.0464 0.0240 -0.0048 -0.0066 0.0065 0.0672 0.6950 0.6551
1494720000.0000 73350.0000 -0.0905 -0.2441 -0.0666 0.3524 20.3405 0.0514 0.0284 0.0204 0.0057 0.0049 0.0069 0.0501 0.6802 0.6266
1494720000.0000 73650.0000 -0.0761 -0.2881 -0.1152 0.3558 14.7914 0.0401 0.0326 0.0220 -0.0016 -0.0123 0.0083 0.0473 0.5561 0.5225
1494720000.0000 73950.0000 -0.0980 -0.2777 -0.0769 0.3915 19.4376 0.0527 0.0635 0.0233 -0.0110 -0.0065 0.0143 0.0697 0.7084 0.6682
1494720000.0000 74250.0000 0.0582 -0.2799 -0.0799 0.3914 348.2556 0.0739 0.0448 0.0151 0.0165 -0.0047 0.0058 0.0669 0.7115 0.6959
1494720000.0000 74550.0000 0.1472 -0.3481 -0.0917 0.4737 337.0877 0.0897 0.0753 0.0305 -0.0214 -0.0142 0.0154 0.0977 0.6563 0.6204
1494720000.0000 74850.0000 0.0697 -0.2910 -0.0964 0.3684 346.5354 0.0436 0.0450 0.0181 -0.0125 -0.0046 0.0026 0.0534 0.6002 0.5745
1494720000.0000 75150.0000 0.1168 -0.2689 -0.0875 0.3564 336.5210 0.0461 0.0326 0.0178 -0.0094 -0.0075 0.0088 0.0482 0.5859 0.5522
1494720000.0000 75450.0000 0.2134 -0.2811 -0.0786 0.3973 322.7985 0.0290 0.0393 0.0161 -0.0044 -0.0082 0.0074 0.0422 0.4638 0.4274
1494720000.0000 75750.0000 0.2496 -0.0016 -0.0562 0.3050 270.3616 0.0249 0.0285 0.0109 -0.0060 -0.0053 0.0027 0.0321 0.5721 0.5345
1494720000.0000 76050.0000 0.2138 -0.2523 -0.0688 0.3947 319.7275 0.0373 0.0566 0.0211 -0.0026 -0.0098 0.0098 0.0575 0.5796 0.5350
1494720000.0000 76350.0000 0.2744 -0.1233 -0.0412 0.3681 294.1931 0.0557 0.0375 0.0197 -0.0004 -0.0041 0.0023 0.0565 0.6389 0.5859
1494720000.0000 76650.0000 0.1975 -0.2601 -0.0797 0.3655 322.7873 0.0337 0.0262 0.0155 -0.0077 -0.0061 0.0064 0.0377 0.4715 0.4325
1494720000.0000 76950.0000 0.2437 -0.4300 -0.1213 0.5295 330.4623 0.0556 0.0506 0.0172 -0.0252 -0.0119 0.0127 0.0617 0.3985 0.3806
1494720000.0000 77250.0000 0.2678 -0.3833 -0.1152 0.5045 325.0588 0.0403 0.0436 0.0136 -0.0101 -0.0080 0.0078 0.0487 0.3743 0.3576
1494720000.0000 77550.0000 0.1191 -0.2295 -0.0703 0.2968 332.5728 0.0175 0.0214 0.0081 -0.0073 -0.0054 0.0084 0.0235 0.4674 0.4407
1494720000.0000 77850.0000 0.0553 -0.3297 -0.0869 0.3569 350.4802 0.0197 0.0186 0.0054 -0.0107 -0.0033 0.0033 0.0219 0.3495 0.3380
1494720000.0000 78150.0000 0.0514 -0.2370 -0.0866 0.2532 347.7620 0.0060 0.0043 0.0020 -0.0024 -0.0004 0.0003 0.0062 0.2488 0.2421
1494720000.0000 78450.0000 0.2124 -0.2655 -0.0890 0.3624 321.3443 0.0143 0.0136 0.0049 0.0004 -0.0013 0.0019 0.0164 0.2976 0.2837
1494720000.0000 78750.0000 0.2845 -0.0926 -0.0451 0.3253 288.0307 0.0190 0.0154 0.0078 -0.0024 -0.0044 0.0013 0.0211 0.3918 0.3575
1494720000.0000 79050.0000 0.2721 -0.0241 -0.0396 0.3065 275.0649 0.0108 0.0190 0.0045 -0.0010 -0.0018 0.0016 0.0172 0.3877 0.3652
1494720000.0000 79350.0000 0.3799 0.1657 -0.0502 0.4198 246.4293 0.0038 0.0053 0.0017 0.0008 -0.0003 0.0006 0.0054 0.1431 0.1324
1494720000.0000 79650.0000 0.2751 0.0267 -0.0265 0.2842 264.4509 0.0049 0.0043 0.0025 -0.0002 -0.0013 0.0002 0.0059 0.2255 0.2005
1494720000.0000 79950.0000 0.1776 0.0182 -0.0296 0.1982 264.1621 0.0050 0.0069 0.0022 -0.0015 -0.0007 0.0007 0.0070 0.3778 0.3520
1494720000.0000 80250.0000 0.1983 -0.1551 -0.0655 0.2816 308.0191 0.0134 0.0145 0.0047 0.0051 -0.0027 0.0005 0.0163 0.4005 0.3827
1494720000.0000 80550.0000 0.1939 -0.1211 -0.0484 0.2476 301.9819 0.0118 0.0077 0.0041 0.0010 -0.0001 0.0015 0.0118 0.3794 0.3528
1494720000.0000 80850.0000 0.1089 -0.2412 -0.0789 0.2852 335.7125 0.0110 0.0093 0.0050 -0.0014 -0.0000 0.0029 0.0127 0.3330 0.3113
1494720000.0000 81150.0000 0.0311 -0.2665 -0.1137 0.2733 353.3486 0.0029 0.0052 0.0010 -0.0017 -0.0001 0.0002 0.0046 0.1896 0.1941
1494720000.0000 81450.0000 0.0693 -0.2448 -0.1049 0.2758 344.1920 0.0106 0.0047 0.0019 0.0027 0.0015 0.0015 0.0086 0.2753 0.2809
1494720000.0000 81750.0000 0.1225 -0.3113 -0.1105 0.3381 338.5212 0.0025 0.0021 0.0012 -0.0001 0.0002 0.0003 0.0029 0.1256 0.1183
1494720000.0000 82050.0000 0.1390 -0.3095 -0.1040 0.3466 335.8127 0.0058 0.0039 0.0023 -0.0009 -0.0004 0.0007 0.0060 0.1779 0.1677
1494720000.0000 82350.0000 -0.0469 -0.2566 -0.1195 0.2905 10.3471 0.0188 0.0040 0.0018 0.0021 -0.0001 0.0002 0.0123 0.3157 0.3341
1494720000.0000 82650.0000 0.0317 -0.4034 -0.1321 0.4102 355.5049 0.0047 0.0051 0.0024 -0.0007 0.0011 0.0010 0.0061 0.1498 0.1411
1494720000.0000 82950.0000 -0.0653 -0.3516 -0.1629 0.3622 10.5184 0.0036 0.0032 0.0011 0.0004 0.0001 0.0006 0.0040 0.1315 0.1339
1494720000.0000 83250.0000 0.0278 -0.4720 -0.1468 0.4794 356.6281 0.0062 0.0065 0.0037 0.0001 0.0011 0.0016 0.0082 0.1494 0.1375
1494720000.0000 83550.0000 -0.0309 -0.3378 -0.1177 0.3551 5.2262 0.0117 0.0040 0.0020 0.0015 0.0016 0.0008 0.0089 0.2140 0.2132
1494720000.0000 83850.0000 -0.2236 -0.3802 -0.1226 0.4470 30.4651 0.0057 0.0034 0.0015 0.0002 -0.0007 0.0001 0.0053 0.1301 0.1249
1494720000.0000 84150.0000 -0.0405 -0.2123 -0.0786 0.2446 10.8105 0.0149 0.0036 0.0013 0.0032 0.0017 0.0007 0.0099 0.3530 0.3633
1494720000.0000 84450.0000 0.3175 -0.1163 -0.0605 0.3484 290.1138 0.0098 0.0046 0.0016 0.0022 -0.0008 -0.0005 0.0080 0.2129 0.2049
1494720000.0000 84750.0000 0.1860 -0.1706 -0.0767 0.2918 312.5251 0.0168 0.0101 0.0018 0.0061 0.0011 0.0014 0.0143 0.3707 0.3748
1494720000.0000 85050.0000 0.0327 -0.2844 -0.1198 0.3065 353.4371 0.0146 0.0160 0.0043 -0.0071 -0.0032 0.0033 0.0175 0.3476 0.3527
1494720000.0000 85350.0000 -0.2211 -0.3919 -0.1243 0.4821 29.4355 0.0257 0.0155 0.0060 -0.0052 -0.0056 0.0041 0.0236 0.2687 0.2604
1494720000.0000 85650.0000 -0.1224 -0.2627 -0.1106 0.3273 24.9775 0.0257 0.0076 0.0045 -0.0016 -0.0030 -0.0002 0.0189 0.3619 0.3635
1494720000.0000 85950.0000 -0.0450 -0.3620 -0.1517 0.3816 7.0848 0.0131 0.0052 0.0028 -0.0009 0.0011 0.0006 0.0105 0.2122 0.2142
1494720000.0000 86250.0000 -0.2365 -0.3538 -0.1002 0.4556 33.7596 0.0309 0.0038 0.0028 -0.0032 -0.0051 0.0009 0.0187 0.2555 0.2525
1494806400.0000 86550.0000 -0.4103 -0.3104 -0.0675 0.5274 52.8894 0.0133 0.0111 0.0031 -0.0010 -0.0013 -0.0006 0.0137 0.1844 0.1752
1494806400.0000 86850.0000 -0.4897 -0.3731 -0.0723 0.6205 52.6974 0.0109 0.0106 0.0023 0.0051 0.0005 0.0004 0.0119 0.1438 0.1375
1494806400.0000 87150.0000 -0.4005 -0.2620 -0.0952 0.4884 56.8065 0.0181 0.0061 0.0028 0.0008 -0.0026 -0.0002 0.0135 0.1947 0.1878
1494806400.0000 87450.0000 -0.0156 -0.2698 -0.0895 0.3150 3.3052 0.0278 0.0054 0.0028 0.0014 -0.0010 0.0010 0.0180 0.3849 0.3893
1494806400.0000 87750.0000 0.1068 -0.2476 -0.0740 0.2871 336.6723 0.0129 0.0147 0.0049 -0.0045 -0.0011 0.0044 0.0162 0.3720 0.3556
1494806400.0000 88050.0000 0.0328 -0.2957 -0.1101 0.3071 353.6685 0.0058 0.0038 0.0017 -0.0017 -0.0006 0.0009 0.0056 0.1932 0.1901
1494806400.0000 88350.0000 0.0163 -0.3182 -0.1392 0.3259 357.0609 0.0046 0.0030 0.0011 -0.0013 -0.0001 0.0001 0.0044 0.1549 0.1583
1494806400.0000 88650.0000 -0.0312 -0.3494 -0.1425 0.3656 5.1009 0.0107 0.0043 0.0016 -0.0016 -0.0006 0.0008 0.0083 0.1969 0.2021
1494806400.0000 88950.0000 -0.2001 -0.5046 -0.1573 0.5620 21.6254 0.0279 0.0130 0.0042 0.0072 -0.0019 0.0015 0.0225 0.2167 0.2150
1494806400.0000 89250.0000 -0.1741 -0.5123 -0.1518 0.5549 18.7716 0.0217 0.0135 0.0041 0.0085 -0.0018 0.0017 0.0197 0.2039 0.2004
1494806400.0000 89550.0000 -0.1515 -0.4647 -0.1601 0.4970 18.0587 0.0095 0.0043 0.0023 0.0013 -0.0008 0.0006 0.0081 0.1424 0.1390
1494806400.0000 89850.0000 -0.1958 -0.4590 -0.1505 0.5144 23.1056 0.0170 0.0068 0.0041 0.0008 -0.0017 0.0022 0.0139 0.1848 0.1783
1494806400.0000 90150.0000 -0.2228 -0.5048 -0.1626 0.5629 23.8182 0.0165 0.0071 0.0030 0.0043 -0.0010 0.0013 0.0133 0.1638 0.1609
1494806400.0000 90450.0000 -0.3603 -0.5943 -0.1352 0.7042 31.2256 0.0267 0.0220 0.0049 0.0148 -0.0035 0.0007 0.0268 0.1889 0.1834
1494806400.0000 90750.0000 -0.5737 -0.7298 -0.1184 0.9337 38.1694 0.0169 0.0086 0.0029 0.0049 -0.0012 0.0005 0.0142 0.1040 0.0994
1494806400.0000 91050.0000 -0.6401 -0.7237 -0.1182 0.9709 41.4948 0.0105 0.0067 0.0023 -0.0004 -0.0013 0.0003 0.0098 0.0829 0.0784
1494806400.0000 91350.0000 -0.5682 -0.6954 -0.1147 0.9036 39.2502 0.0108 0.0080 0.0030 -0.0005 -0.0009 0.0010 0.0109 0.0940 0.0881
1494806400.0000 91650.0000 -0.4547 -0.6824 -0.1142 0.8249 33.6766 0.0122 0.0086 0.0033 0.0036 -0.0009 0.0016 0.0121 0.1083 0.1016
1494806400.0000 91950.0000 -0.5646 -0.8070 -0.1168 0.9901 34.9788 0.0157 0.0136 0.0051 0.0054 -0.0002 0.0029 0.0172 0.1080 0.1004
1494806400.0000 92250.0000 -0.7044 -0.7972 -0.1198 1.0711 41.4652 0.0181 0.0098 0.0032 -0.0018 0.0012 0.0008 0.0155 0.0951 0.0906
1494806400.0000 92550.0000 -0.9746 -0.7447 -0.1322 1.2332 52.6170 0.0236 0.0121 0.0058 0.0001 0.0020 0.0011 0.0207 0.0953 0.0889
1494806400.0000 92850.0000 -1.0624 -0.7049 -0.1360 1.2841 56.4342 0.0383 0.0178 0.0101 0.0009 0.0061 0.0001 0.0331 0.1159 0.1073
1494806400.0000 93150.0000 -1.2936 -0.8481 -0.1516 1.5680 56.7499 0.0779 0.0829 0.0211 0.0172 0.0134 0.0038 0.0909 0.1584 0.1497
1494806400.0000 93450.0000 -1.4263 -1.0589 -0.1825 1.7924 53.4102 0.0666 0.0453 0.0202 -0.0043 0.0130 0.0027 0.0661 0.1175 0.1087
1494806400.0000 93750.0000 -1.3536 -1.3511 -0.1419 1.9261 45.0535 0.0753 0.0518 0.0182 0.0124 0.0040 0.0039 0.0727 0.1148 0.1076
1494806400.0000 94050.0000 -1.4391 -1.3556 -0.1426 1.9915 46.7105 0.0608 0.0442 0.0177 -0.0056 0.0061 0.0022 0.0613 0.1020 0.0946
1494806400.0000 94350.0000 -1.7419 -1.5307 -0.1763 2.3417 48.6922 0.1204 0.0938 0.0311 -0.0005 0.0162 0.0076 0.1227 0.1230 0.1152
1494806400.0000 94650.0000 -1.7554 -1.5836 -0.1660 2.3812 47.9464 0.1157 0.0742 0.0264 0.0126 0.0140 0.0086 0.1081 0.1133 0.1064
1494806400.0000 94950.0000 -1.6512 -1.5303 -0.1860 2.2732 47.1751 0.1523 0.0863 0.0271 0.0191 0.0104 0.0062 0.1328 0.1317 0.1253
1494806400.0000 95250.0000 -1.5147 -1.4133 -0.1542 2.0862 46.9834 0.0670 0.0543 0.0229 -0.0003 0.0095 0.0096 0.0721 0.1055 0.0971
1494806400.0000 95550.0000 -1.5648 -1.3592 -0.1425 2.0882 49.0213 0.0765 0.0547 0.0214 0.0018 0.0098 0.0040 0.0763 0.1085 0.1009
1494806400.0000 95850.0000 -1.7235 -1.5469 -0.1585 2.3315 48.0920 0.1048 0.0851 0.0254 0.0202 0.0149 0.0064 0.1076 0.1154 0.1086
1494806400.0000 96150.0000 -1.7764 -1.4977 -0.1513 2.3404 49.8660 0.0910 0.0737 0.0289 0.0003 0.0169 0.0094 0.0968 0.1091 0.1008
1494806400.0000 96450.0000 -1.7488 -1.5825 -0.1561 2.3739 47.8572 0.1009 0.0801 0.0312 0.0156 0.0148 0.0083 0.1061 0.1125 0.1042
1494806400.0000 96750.0000 -1.6293 -1.4548 -0.1736 2.2017 48.2397 0.1026 0.0880 0.0285 0.0182 0.0171 0.0046 0.1095 0.1233 0.1154
1494806400.0000 97050.0000 -1.8513 -1.3050 -0.1888 2.3011 54.8198 0.1719 0.1193 0.0421 -0.0313 0.0268 0.0069 0.1667 0.1467 0.1376
1494806400.0000 97350.0000 -1.7602 -1.0132 -0.1364 2.0702 60.0751 0.2143 0.1175 0.0358 -0.0158 0.0284 0.0125 0.1838 0.1720 0.1638
1494806400.0000 97650.0000 -1.7826 -1.4124 -0.1651 2.3117 51.6085 0.1779 0.1670 0.0458 -0.0012 0.0213 0.0219 0.1953 0.1582 0.1491
1494806400.0000 97950.0000 -1.6406 -1.5419 -0.1311 2.2746 46.7771 0.1474 0.0857 0.0421 0.0090 0.0134 0.0121 0.1377 0.1343 0.1238
1494806400.0000 98250.0000 -1.5870 -1.6903 -0.1138 2.3558 43.1959 0.2344 0.1382 0.0656 0.0235 0.0024 0.0252 0.2191 0.1646 0.1520
1494806400.0000 98550.0000 -1.7034 -1.8403 -0.1368 2.5459 42.7876 0.2175 0.1782 0.0643 0.0052 0.0038 0.0364 0.2300 0.1559 0.1448
1494806400.0000 98850.0000 -1.7074 -1.7628 -0.1321 2.4855 44.0849 0.2428 0.1346 0.0581 0.0296 0.0239 0.0214 0.2177 0.1550 0.1445
1494806400.0000 99150.0000 -1.7450 -1.8327 -0.1278 2.5647 43.5954 0.2418 0.1659 0.0675 0.0356 0.0039 0.0247 0.2376 0.1571 0.1457
1494806400.0000 99450.0000 -1.7780 -1.8077 -0.1316 2.5823 44.5258 0.3934 0.1946 0.0780 0.0612 0.0286 0.0407 0.3330 0.1856 0.1746
1494806400.0000 99750.0000 -1.7062 -1.9016 -0.1262 2.5841 41.9005 0.2531 0.1526 0.0574 0.0618 0.0015 0.0226 0.2315 0.1536 0.1439
1494806400.0000 100050.0000 -1.5443 -1.6588 -0.1058 2.2985 42.9513 0.1900 0.1312 0.0593 0.0166 0.0088 0.0219 0.1903 0.1570 0.1444
1494806400.0000 100350.0000 -1.7466 -1.8109 -0.1163 2.5515 43.9652 0.2270 0.1490 0.0667 0.0148 0.0156 0.0212 0.2214 0.1525 0.1407
1494806400.0000 100650.0000 -1.8818 -2.0210 -0.1053 2.7949 42.9581 0.2693 0.1733 0.0835 0.0439 0.0116 0.0317 0.2631 0.1515 0.1391
1494806400.0000 100950.0000 -2.0272 -2.1372 -0.1154 2.9760 43.4877 0.2527 0.1535 0.0762 0.0338 0.0106 0.0311 0.2412 0.1360 0.1249
1494806400.0000 101250.0000 -1.9426 -2.0675 -0.1122 2.8845 43.2169 0.4254 0.2767 0.0923 0.0973 0.0232 0.0503 0.3972 0.1812 0.1705
1494806400.0000 101550.0000 -2.3633 -2.3405 -0.1494 3.3627 45.2782 0.3067 0.2110 0.0968 0.0158 0.0260 0.0349 0.3072 0.1359 0.1249
1494806400.0000 101850.0000 -2.4777 -2.4575 -0.1433 3.5298 45.2344 0.4128 0.2457 0.1235 0.0579 0.0375 0.0418 0.3910 0.1462 0.1343
1494806400.0000 102150.0000 -2.7324 -2.6252 -0.1828 3.8227 46.1461 0.4256 0.2269 0.0966 0.0730 0.0382 0.0286 0.3746 0.1317 0.1231
1494806400.0000 102450.0000 -2.6202 -2.5977 -0.1671 3.7107 45.2475 0.2035 0.1500 0.0766 0.0208 0.0181 0.0205 0.2151 0.1025 0.0930
1494806400.0000 102750.0000 -2.2714 -2.4820 -0.1058 3.3966 42.4625 0.3433 0.2137 0.0997 0.0764 0.0132 0.0384 0.3284 0.1390 0.1281
1494806400.0000 103050.0000 -2.2052 -2.4832 -0.1093 3.3527 41.6062 0.3200 0.2192 0.0927 0.0771 -0.0030 0.0359 0.3160 0.1381 0.1277
1494806400.0000 103350.0000 -2.1868 -2.4752 -0.1361 3.3307 41.4595 0.2711 0.1713 0.0786 0.0485 -0.0008 0.0305 0.2605 0.1261 0.1163
1494806400.0000 103650.0000 -2.0490 -2.2292 -0.0908 3.0642 42.5880 0.3362 0.2083 0.0973 0.0642 0.0150 0.0482 0.3209 0.1527 0.1407
1494806400.0000 103950.0000 -2.2105 -2.4117 -0.1227 3.3023 42.5078 0.2790 0.1693 0.0880 0.0343 0.0076 0.0301 0.2681 0.1291 0.1182
1494806400.0000 104250.0000 -2.3061 -2.4596 -0.1286 3.3982 43.1549 0.2736 0.1687 0.0776 0.0464 0.0129 0.0276 0.2600 0.1234 0.1139
1494806400.0000 104550.0000 -2.4237 -2.4683 -0.1385 3.4871 44.4770 0.2845 0.1646 0.0781 0.0360 0.0191 0.0214 0.2636 0.1211 0.1118
1494806400.0000 104850.0000 -2.3954 -2.4223 -0.1329 3.4291 44.6809 0.1870 0.1423 0.0738 0.0128 0.0177 0.0198 0.2016 0.1075 0.0973
1494806400.0000 105150.0000 -2.3607 -2.3393 -0.1371 3.3466 45.2603 0.1916 0.1557 0.0734 0.0186 0.0244 0.0221 0.2104 0.1126 0.1024
1494806400.0000 105450.0000 -2.4310 -2.4483 -0.1341 3.4776 44.7964 0.2668 0.1830 0.0887 0.0355 0.0221 0.0303 0.2692 0.1227 0.1122
1494806400.0000 105750.0000 -2.6082 -2.7341 -0.1292 3.8084 43.6508 0.3205 0.1913 0.0935 0.0361 0.0124 0.0335 0.3027 0.1188 0.1093
1494806400.0000 106050.0000 -2.8015 -2.8374 -0.1401 4.0121 44.6353 0.3144 0.2065 0.0964 0.0659 0.0224 0.0328 0.3086 0.1137 0.1045
1494806400.0000 106350.0000 -2.9734 -2.9140 -0.1657 4.1982 45.5776 0.4033 0.2571 0.1240 0.0432 0.0242 0.0316 0.3922 0.1227 0.1127
1494806400.0000 106650.0000 -2.9652 -2.8334 -0.1548 4.1353 46.3022 0.3426 0.2629 0.1216 0.0225 0.0469 0.0370 0.3635 0.1199 0.1095
1494806400.0000 106950.0000 -2.7901 -2.7513 -0.1435 3.9526 45.4006 0.3423 0.2245 0.1149 0.0167 0.0253 0.0331 0.3409 0.1216 0.1109
1494806400.0000 107250.0000 -2.7800 -2.6939 -0.1629 3.9070 45.9010 0.4010 0.2524 0.1193 0.0480 0.0366 0.0334 0.3863 0.1310 0.1206
1494806400.0000 107550.0000 -2.6417 -2.6313 -0.1507 3.7694 45.1134 0.4154 0.2741 0.1165 0.0474 0.0259 0.0456 0.4030 0.1389 0.1286
1494806400.0000 107850.0000 -2.8108 -2.8630 -0.1625 4.0539 44.4734 0.4999 0.3846 0.1352 0.1202 0.0382 0.0454 0.5099 0.1452 0.1353
1494806400.0000 108150.0000 -2.9821 -2.8396 -0.1517 4.1694 46.4023 0.6213 0.4447 0.1554 0.1052 0.0467 0.0680 0.6107 0.1549 0.1448
1494806400.0000 108450.0000 -2.7767 -2.8366 -0.1525 4.0185 44.3880 0.6091 0.3751 0.1546 0.1149 0.0321 0.0583 0.5694 0.1551 0.1443
1494806400.0000 108750.0000 -2.8225 -2.6928 -0.1357 3.9654 46.3471 0.6397 0.4384 0.1763 0.0447 0.0567 0.0824 0.6272 0.1657 0.1537
1494806400.0000 109050.0000 -3.0941 -2.8320 -0.1952 4.2552 47.5320 0.6956 0.4906 0.1617 0.0852 0.0715 0.0604 0.6739 0.1596 0.1499
1494806400.0000 109350.0000 -3.0338 -2.9206 -0.1903 4.2617 46.0891 0.7752 0.3480 0.1416 0.1538 0.0650 0.0527 0.6324 0.1540 0.1453
1494806400.0000 109650.0000 -3.1459 -2.8524 -0.2023 4.2982 47.8016 0.7248 0.5103 0.1425 0.1663 0.0839 0.0667 0.6888 0.1594 0.1511
1494806400.0000 109950.0000 -3.1505 -2.6325 -0.2030 4.1556 50.1181 0.6533 0.4595 0.1525 0.1374 0.0946 0.0737 0.6327 0.1580 0.1483
1494806400.0000 110250.0000 -2.7755 -2.7346 -0.1333 3.9385 45.4246 0.4839 0.3294 0.1222 0.0810 0.0444 0.0619 0.4677 0.1432 0.1336
1494806400.0000 110550.0000 -2.6913 -2.5267 -0.1708 3.7676 46.8075 0.8765 0.5377 0.1480 0.1654 0.0578 0.0871 0.7811 0.1953 0.1860
1494806400.0000 110850.0000 -2.4897 -2.5227 -0.1831 3.6113 44.6227 1.0676 0.4241 0.1347 0.3100 0.1143 0.0848 0.8132 0.2075 0.1989
1494806400.0000 111150.0000 -2.1788 -2.0489 -0.1206 3.0399 46.7598 0.4459 0.3515 0.1095 0.1078 0.0566 0.0523 0.4534 0.1837 0.1724
1494806400.0000 111450.0000 -2.3657 -2.3928 -0.1523 3.4321 44.6742 0.6524 0.4983 0.1483 0.1219 0.0439 0.0783 0.6495 0.1954 0.1841
1494806400.0000 111750.0000 -2.3308 -2.2058 -0.1700 3.2793 46.5777 0.7205 0.3618 0.1190 0.1197 0.0549 0.0661 0.6007 0.1969 0.1872
1494806400.0000 112050.0000 -2.3612 -2.2643 -0.2025 3.3417 46.2007 0.6108 0.4240 0.1102 0.0678 0.0342 0.0545 0.5725 0.1885 0.1795
1494806400.0000 112350.0000 -2.1746 -1.9868 -0.1325 3.0134 47.5847 0.4570 0.3384 0.1037 0.0007 0.0212 0.0622 0.4496 0.1857 0.1748
1494806400.0000 112650.0000 -2.1717 -1.8344 -0.1642 2.8960 49.8126 0.3571 0.3205 0.0725 0.0475 0.0396 0.0396 0.3751 0.1756 0.1672
1494806400.0000 112950.0000 -2.0419 -1.8872 -0.1506 2.8262 47.2555 0.3641 0.3003 0.0774 0.0866 0.0407 0.0384 0.3709 0.1786 0.1693
1494806400.0000 113250.0000 -2.3804 -2.3242 -0.1869 3.3759 45.6838 0.4251 0.2665 0.0954 0.0240 0.0221 0.0430 0.3935 0.1537 0.1443
1494806400.0000 113550.0000 -2.4337 -2.2550 -0.1825 3.3628 47.1824 0.4862 0.3040 0.0887 0.0998 0.0502 0.0464 0.4394 0.1629 0.1547
1494806400.0000 113850.0000 -2.1327 -1.9577 -0.1664 2.9441 47.4502 0.3292 0.2544 0.0797 0.0022 0.0412 0.0279 0.3317 0.1622 0.1524
1494806400.0000 114150.0000 -1.7216 -1.5888 -0.1058 2.3852 47.2987 0.2612 0.2397 0.0677 0.0511 0.0255 0.0444 0.2843 0.1856 0.1744
1494806400.0000 114450.0000 -1.7785 -1.8884 -0.1373 2.6284 43.2828 0.2681 0.1933 0.0572 0.0581 0.0098 0.0291 0.2593 0.1600 0.1512
1494806400.0000 114750.0000 -1.7213 -1.9310 -0.1753 2.6255 41.7147 0.3022 0.1930 0.0534 0.0655 -0.0040 0.0256 0.2743 0.1649 0.1571
1494806400.0000 115050.0000 -2.0518 -2.0353 -0.1548 2.9563 45.2316 0.5424 0.4640 0.0839 0.1536 0.0180 0.0574 0.5451 0.2083 0.2004
1494806400.0000 115350.0000 -1.6679 -1.7838 -0.1088 2.4984 43.0779 0.4791 0.3192 0.1094 0.1367 0.0440 0.0691 0.4538 0.2250 0.2112
1494806400.0000 115650.0000 -1.4770 -1.5832 -0.0856 2.2311 43.0128 0.4538 0.4075 0.1127 0.1510 0.0295 0.0655 0.4870 0.2629 0.2475
1494806400.0000 115950.0000 -1.2853 -1.4286 -0.0667 2.0000 41.9770 0.4563 0.2817 0.0953 0.0773 0.0359 0.0354 0.4167 0.2741 0.2581
1494806400.0000 116250.0000 -1.4100 -1.4407 -0.0970 2.0833 44.3825 0.4057 0.2901 0.0984 0.0768 0.0383 0.0499 0.3971 0.2549 0.2389
1494806400.0000 116550.0000 -1.8145 -1.7877 -0.1221 2.6299 45.4255 0.7067 0.5279 0.1512 0.2147 0.1046 0.1032 0.6929 0.2665 0.2518
1494806400.0000 116850.0000 -1.6545 -1.7864 -0.1445 2.5201 42.8051 0.5094 0.4769 0.1478 0.1030 0.0401 0.0875 0.5670 0.2521 0.2355
1494806400.0000 117150.0000 -1.8084 -1.7292 -0.1293 2.5883 46.2811 0.5559 0.4688 0.1381 0.0971 0.0625 0.0764 0.5814 0.2485 0.2336
1494806400.0000 117450.0000 -1.8654 -2.0284 -0.1348 2.8173 42.6017 0.5722 0.4127 0.1232 0.1699 0.0326 0.0766 0.5541 0.2203 0.2079
1494806400.0000 117750.0000 -1.6799 -2.0105 -0.1707 2.6779 39.8815 0.4236 0.2766 0.0917 0.0634 0.0077 0.0491 0.3960 0.1957 0.1844
1494806400.0000 118050.0000 -2.1906 -2.0865 -0.1428 3.0838 46.3943 0.5722 0.3780 0.1259 0.1266 0.0547 0.0745 0.5380 0.1978 0.1860
1494806400.0000 118350.0000 -2.3673 -2.4369 -0.1949 3.4620 44.1703 0.6579 0.3847 0.1247 0.0848 0.0359 0.0720 0.5836 0.1833 0.1735
1494806400.0000 118650.0000 -2.2873 -2.3060 -0.1775 3.3128 44.7672 0.6298 0.3591 0.1329 0.0945 0.0275 0.0630 0.5609 0.1880 0.1768
1494806400.0000 118950.0000 -2.0761 -1.9800 -0.1574 2.9559 46.3578 0.6254 0.4241 0.1238 0.0293 0.0294 0.0656 0.5866 0.2177 0.2062
1494806400.0000 119250.0000 -1.8412 -1.9060 -0.1406 2.7244 44.0094 0.6722 0.4585 0.1411 0.1832 0.0630 0.0956 0.6359 0.2453 0.2317
1494806400.0000 119550.0000 -1.5503 -1.6957 -0.0952 2.3778 42.4358 0.5002 0.4254 0.1285 0.1131 0.0501 0.0893 0.5271 0.2578 0.2418
1494806400.0000 119850.0000 -1.8074 -1.6783 -0.0986 2.5554 47.1215 0.6307 0.4277 0.1357 0.0728 0.0907 0.0698 0.5970 0.2556 0.2408
1494806400.0000 120150.0000 -1.8585 -2.0328 -0.1381 2.8123 42.4360 0.5022 0.3100 0.1164 0.0922 0.0183 0.0704 0.4643 0.2017 0.1889
1494806400.0000 120450.0000 -1.9347 -1.9374 -0.1632 2.7981 44.9603 0.5233 0.3464 0.1070 0.1189 0.0329 0.0578 0.4883 0.2080 0.1967
1494806400.0000 120750.0000 -1.7935 -1.9325 -0.1316 2.7098 42.8630 0.5687 0.4707 0.1226 0.1514 0.0304 0.0947 0.5810 0.2358 0.2233
1494806400.0000 121050.0000 -2.2017 -2.2120 -0.2031 3.1768 44.8663 0.5026 0.3821 0.1187 0.1018 0.0510 0.0570 0.5017 0.1849 0.1740
1494806400.0000 121350.0000 -2.1333 -2.0149 -0.1563 2.9972 46.6355 0.4600 0.4126 0.1173 0.0821 0.0631 0.0650 0.4949 0.1955 0.1838
1494806400.0000 121650.0000 -2.1729 -2.1768 -0.1386 3.1322 44.9478 0.5206 0.4163 0.1278 0.1364 0.0470 0.0705 0.5323 0.1935 0.1817
1494806400.0000 121950.0000 -1.7326 -1.9411 -0.1317 2.6669 41.7509 0.5403 0.3926 0.1350 0.1543 0.0255 0.0719 0.5340 0.2290 0.2143
1494806400.0000 122250.0000 -1.9143 -1.8302 -0.1466 2.7191 46.2854 0.6035 0.5018 0.1425 0.1811 0.0740 0.0885 0.6239 0.2431 0.2292
1494806400.0000 122550.0000 -1.3961 -1.5393 -0.1049 2.1583 42.2067 0.5277 0.3258 0.1205 0.1083 0.0560 0.0884 0.4870 0.2738 0.2567
1494806400.0000 122850.0000 -1.1823 -1.3666 -0.0751 1.8907 40.8625 0.5198 0.3499 0.1204 0.1511 0.0577 0.0954 0.4950 0.3176 0.2980
1494806400.0000 123150.0000 -1.0232 -1.0917 -0.0656 1.5691 43.1448 0.2838 0.2731 0.0868 0.0751 0.0570 0.0613 0.3219 0.3093 0.2879
1494806400.0000 123450.0000 -1.3233 -1.5874 -0.1130 2.1329 39.8164 0.4655 0.3155 0.0980 0.1459 0.0226 0.0691 0.4395 0.2615 0.2469
1494806400.0000 123750.0000 -0.9221 -1.0386 -0.0488 1.5041 41.6017 0.3879 0.3711 0.1035 0.0866 0.0351 0.0828 0.4312 0.3858 0.3622
1494806400.0000 124050.0000 -0.8842 -1.1115 -0.0370 1.5241 38.5036 0.4339 0.4309 0.1263 0.1605 0.0811 0.1059 0.4956 0.4046 0.3780
1494806400.0000 124350.0000 -1.2206 -1.1221 -0.0207 1.7420 47.4073 0.4270 0.2782 0.1146 0.0785 0.0443 0.0677 0.4099 0.3153 0.2924
1494806400.0000 124650.0000 -1.1794 -1.1967 -0.0545 1.7789 44.5810 0.6238 0.4240 0.1531 0.1718 0.0881 0.0890 0.6004 0.3764 0.3517
1494806400.0000 124950.0000 -0.8863 -1.1409 -0.0419 1.5299 37.8397 0.4323 0.3554 0.1049 0.1732 0.0713 0.1063 0.4463 0.3774 0.3547
1494806400.0000 125250.0000 -1.0546 -1.1788 -0.0457 1.6643 41.8155 0.4171 0.3887 0.1209 0.1638 0.0635 0.0836 0.4634 0.3513 0.3277
1494806400.0000 125550.0000 -0.8573 -0.9234 -0.0090 1.3648 42.8717 0.4548 0.2993 0.1175 0.1164 0.0710 0.0848 0.4358 0.4278 0.3979
1494806400.0000 125850.0000 -0.5612 -0.7210 0.0233 1.0603 37.8976 0.3036 0.3149 0.1266 0.0508 0.0474 0.0830 0.3726 0.5453 0.4970
1494806400.0000 126150.0000 -0.8111 -0.7166 -0.0005 1.2405 48.5417 0.4559 0.4109 0.1043 0.1368 0.0710 0.0691 0.4855 0.5257 0.4966
1494806400.0000 126450.0000 -0.7038 -0.7039 -0.0019 1.1122 44.9990 0.3911 0.2757 0.0977 0.0998 0.0550 0.0519 0.3822 0.5071 0.4736
1494806400.0000 126750.0000 -0.6329 -0.9801 -0.0148 1.2869 32.8510 0.3657 0.3374 0.1116 0.1024 0.0631 0.0905 0.4073 0.4466 0.4149
1494806400.0000 127050.0000 -0.7202 -0.9347 -0.0108 1.2842 37.6132 0.3534 0.3401 0.1039 0.1409 0.0550 0.0777 0.3987 0.4369 0.4075
1494806400.0000 127350.0000 -1.0006 -0.4545 -0.0158 1.2375 65.5714 0.4031 0.2832 0.1088 -0.0121 0.0853 0.0292 0.3975 0.4684 0.4352
1494806400.0000 127650.0000 -0.8489 -0.8192 -0.0149 1.2893 46.0222 0.3790 0.3151 0.1029 0.1143 0.0820 0.0575 0.3985 0.4369 0.4077
1494806400.0000 127950.0000 -1.1606 -0.9362 -0.0477 1.6132 51.1101 0.5093 0.4597 0.1111 0.1419 0.0883 0.0916 0.5400 0.4022 0.3811
1494806400.0000 128250.0000 -1.0277 -1.1105 -0.0642 1.6034 42.7828 0.4201 0.3068 0.0803 0.1124 0.0590 0.0576 0.4036 0.3425 0.3253
1494806400.0000 128550.0000 -0.9927 -0.9372 -0.1094 1.5311 46.6475 0.3769 0.4163 0.0996 -0.0603 0.0464 0.0321 0.4464 0.3983 0.3766
1494806400.0000 128850.0000 -1.1734 -0.6562 -0.0257 1.4653 60.7843 0.3905 0.3517 0.0987 0.0647 0.0615 0.0307 0.4204 0.3937 0.3700
1494806400.0000 129150.0000 -0.6544 -0.5739 0.0442 0.9711 48.7519 0.2785 0.1762 0.0705 0.0615 0.0453 0.0448 0.2626 0.4801 0.4473
1494806400.0000 129450.0000 -0.9220 -0.7217 -0.0417 1.3308 51.9471 0.4385 0.3365 0.0768 0.0455 0.0767 0.0439 0.4259 0.4548 0.4341
1494806400.0000 129750.0000 -0.6687 -0.3222 0.0086 0.9976 64.2704 0.5375 0.3997 0.1286 0.1294 0.0929 0.0387 0.5329 0.8029 0.7530
1494806400.0000 130050.0000 -0.9297 -0.5859 0.0080 1.2244 57.7782 0.3127 0.3008 0.0839 0.0066 0.0529 0.0381 0.3487 0.4387 0.4115
1494806400.0000 130350.0000 -1.0942 -0.7886 -0.0426 1.4280 54.2203 0.2896 0.2102 0.0822 0.0284 0.0633 0.0407 0.2910 0.3264 0.3026
1494806400.0000 130650.0000 -1.0181 -0.3832 -0.0155 1.2132 69.3757 0.3664 0.3238 0.1056 0.1125 0.0905 0.0247 0.3979 0.4734 0.4409
1494806400.0000 130950.0000 -0.6114 -0.5743 0.0334 0.9574 46.7946 0.2913 0.2351 0.0725 0.0678 0.0548 0.0605 0.2994 0.5322 0.4994
1494806400.0000 131250.0000 -0.7523 -0.6376 0.0107 1.0807 49.7176 0.2767 0.1873 0.0584 0.0552 0.0421 0.0348 0.2612 0.4231 0.3988
1494806400.0000 131550.0000 -0.5574 -0.5560 0.0339 0.9052 45.0730 0.2391 0.2287 0.0675 0.0615 0.0548 0.0387 0.2676 0.5360 0.5016
1494806400.0000 131850.0000 -0.8255 -0.3086 -0.0189 1.0983 69.5034 0.3835 0.4069 0.0769 0.0920 0.0529 0.0063 0.4337 0.6100 0.5824
1494806400.0000 132150.0000 -0.7415 -0.4726 -0.0256 1.0178 57.4893 0.2894 0.2052 0.0740 0.0126 0.0625 0.0028 0.2843 0.4949 0.4618
1494806400.0000 132450.0000 -0.6507 -0.6332 -0.0418 1.0435 45.7808 0.2544 0.2555 0.0641 0.0381 0.0463 0.0381 0.2870 0.4813 0.4541
1494806400.0000 132750.0000 -0.5103 -0.3795 0.0241 0.7630 53.3664 0.1954 0.1804 0.0437 0.0300 0.0262 0.0233 0.2097 0.5876 0.5565
1494806400.0000 133050.0000 -0.7239 -0.8162 -0.0132 1.1722 41.5693 0.3450 0.2295 0.0728 0.1385 0.0556 0.0576 0.3237 0.4257 0.4011
1494806400.0000 133350.0000 -1.0443 -0.8929 -0.0429 1.4669 49.4672 0.3302 0.2129 0.0552 0.0309 0.0264 0.0381 0.2992 0.3249 0.3097
1494806400.0000 133650.0000 -0.6792 -0.6254 -0.0104 1.0177 47.3600 0.1777 0.2338 0.0384 0.0950 0.0256 0.0409 0.2249 0.4194 0.4011
1494806400.0000 133950.0000 -0.3846 -0.7529 -0.0647 0.8994 27.0596 0.1261 0.1039 0.0426 0.0380 0.0143 0.0343 0.1363 0.3555 0.3275
1494806400.0000 134250.0000 0.0988 -0.4003 -0.0539 0.6147 346.1324 0.1334 0.1629 0.0552 0.0786 0.0007 0.0144 0.1757 0.8232 0.7622
1494806400.0000 134550.0000 -0.4529 -0.4076 0.0692 0.8177 48.0120 0.2267 0.2562 0.0700 0.0231 0.0313 0.0445 0.2764 0.7000 0.6584
1494806400.0000 134850.0000 -0.4117 -0.4850 -0.0837 0.8025 40.3295 0.1846 0.2348 0.0854 0.0295 0.0420 0.0249 0.2524 0.6392 0.5877
1494806400.0000 135150.0000 -0.4592 -0.4121 0.0593 0.7969 48.0903 0.2030 0.2113 0.0716 -0.0136 0.0389 0.0487 0.2429 0.6493 0.6023
1494806400.0000 135450.0000 -0.3255 -0.8159 -0.1167 1.0650 21.7493 0.3875 0.1514 0.0759 0.0497 0.0223 0.0252 0.3074 0.5109 0.4825
1494806400.0000 135750.0000 -0.5197 -0.8192 0.0028 1.0683 32.3893 0.2212 0.2171 0.0646 0.0830 0.0385 0.0706 0.2515 0.4220 0.3940
1494806400.0000 136050.0000 -0.1336 -0.5127 0.0649 0.6534 14.6043 0.1132 0.1594 0.0580 -0.0162 -0.0010 0.0499 0.1653 0.6219 0.5689
1494806400.0000 136350.0000 -0.4215 -0.4612 -0.0029 0.7485 42.4233 0.1764 0.1790 0.0577 0.0449 0.0299 0.0227 0.2066 0.5939 0.5509
1494806400.0000 136650.0000 -0.7214 -0.7221 -0.0197 1.1555 44.9697 0.3530 0.4235 0.0760 0.2027 0.0682 0.0895 0.4263 0.5222 0.4985
1494806400.0000 136950.0000 -0.8264 -1.1766 -0.1098 1.5441 35.0826 0.3935 0.1814 0.0650 0.0727 0.0104 0.0324 0.3199 0.3202 0.3044
1494806400.0000 137250.0000 -0.7224 -0.6021 0.0502 1.0457 50.1895 0.3195 0.2117 0.0730 0.0721 0.0389 0.0399 0.3021 0.4766 0.4475
1494806400.0000 137550.0000 -0.8745 -0.8027 -0.0244 1.2667 47.4511 0.2488 0.2095 0.0606 0.0551 0.0422 0.0436 0.2594 0.3502 0.3292
1494806400.0000 137850.0000 -0.8991 -0.0993 0.0061 1.0693 83.6992 0.3723 0.2579 0.0861 -0.0399 0.0861 -0.0110 0.3582 0.5402 0.5067
1494806400.0000 138150.0000 -0.8075 -0.4913 -0.0267 1.0347 58.6865 0.2429 0.1537 0.0535 0.0415 0.0348 0.0219 0.2250 0.4096 0.3846
1494806400.0000 138450.0000 -0.8183 -0.3004 -0.0138 1.1026 69.8404 0.3760 0.4804 0.1083 0.0964 0.0692 0.0134 0.4823 0.6505 0.6130
1494806400.0000 138750.0000 -0.8513 -0.8646 -0.0610 1.2810 44.5555 0.2385 0.2532 0.0611 0.0923 0.0255 0.0267 0.2764 0.3534 0.3337
1494806400.0000 139050.0000 -1.0692 -1.1850 -0.1135 1.6471 42.0596 0.2840 0.1349 0.0480 0.0591 0.0255 0.0154 0.2334 0.2465 0.2341
1494806400.0000 139350.0000 -0.8850 -1.0035 -0.1107 1.4136 41.4112 0.3393 0.2771 0.0781 0.0982 0.0566 0.0516 0.3473 0.3584 0.3388
1494806400.0000 139650.0000 -0.9573 -0.6285 -0.0302 1.2072 56.7136 0.2108 0.1310 0.0514 0.0199 0.0312 0.0159 0.1966 0.3160 0.2948
1494806400.0000 139950.0000 -0.7192 -0.2854 -0.0084 0.8532 68.3544 0.1321 0.1312 0.0335 0.0075 0.0260 0.0077 0.1484 0.4065 0.3829
1494806400.0000 140250.0000 -0.5125 -0.2610 0.0254 0.6292 63.0141 0.0950 0.0811 0.0233 0.0354 0.0095 0.0089 0.0997 0.4478 0.4212
1494806400.0000 140550.0000 -0.5059 -0.4819 0.0072 0.8047 46.3921 0.1405 0.1839 0.0358 0.0307 0.0145 0.0306 0.1801 0.4960 0.4707
1494806400.0000 140850.0000 -0.4780 -0.5295 -0.0332 0.7793 42.0758 0.1277 0.0924 0.0317 0.0137 0.0159 0.0221 0.1259 0.4057 0.3798
1494806400.0000 141150.0000 -0.4289 -0.3636 -0.0048 0.6714 49.7100 0.1094 0.1389 0.0380 0.0212 0.0141 0.0235 0.1431 0.5494 0.5117
1494806400.0000 141450.0000 -0.2053 -0.2537 0.0403 0.5602 38.9835 0.2260 0.1051 0.0459 0.0183 0.0064 0.0212 0.1885 1.0781 1.0180
1494806400.0000 141750.0000 -0.4319 -0.0034 0.0221 0.6550 89.5433 0.1758 0.1714 0.0504 0.0041 0.0124 0.0081 0.1988 0.8418 0.7877
1494806400.0000 142050.0000 -0.3088 -0.3381 0.0240 0.5467 42.4094 0.1528 0.1014 0.0441 0.0506 0.0272 0.0298 0.1491 0.6877 0.6357
1494806400.0000 142350.0000 -0.6633 -0.4773 -0.0110 0.8974 54.2625 0.1685 0.1258 0.0397 0.0255 0.0318 0.0119 0.1670 0.4083 0.3833
1494806400.0000 142650.0000 -0.3856 -0.6039 0.0017 0.7815 32.5588 0.1338 0.1167 0.0437 0.0412 0.0234 0.0375 0.1471 0.4371 0.4033
1494806400.0000 142950.0000 -0.2697 -0.6105 0.0035 0.7488 23.8349 0.1335 0.0942 0.0500 0.0294 0.0131 0.0339 0.1388 0.4559 0.4128
1494806400.0000 143250.0000 -0.2927 -0.3211 0.0285 0.7471 42.3508 0.3697 0.1515 0.0482 -0.0401 -0.0030 0.0260 0.2847 1.0004 0.9592
1494806400.0000 143550.0000 -0.3565 -0.3158 -0.0720 0.6664 48.4646 0.1950 0.1327 0.0427 0.0781 -0.0083 -0.0176 0.1852 0.7295 0.6939
1494806400.0000 143850.0000 -0.5155 0.0158 0.0260 0.7985 91.7600 0.3115 0.3019 0.0594 0.0114 0.0252 -0.0156 0.3364 0.9171 0.8767
1494806400.0000 144150.0000 0.1858 0.2722 0.0084 0.6935 214.3137 0.1664 0.4317 0.0796 -0.1433 0.0007 -0.0123 0.3388 1.4416 1.3547
1494806400.0000 144450.0000 -0.2080 -0.3924 -0.0406 0.7614 27.9240 0.2732 0.2406 0.0444 0.1077 0.0079 0.0181 0.2791 0.9673 0.9319
1494806400.0000 144750.0000 -0.2813 -0.5142 -0.0149 0.6486 28.6833 0.0896 0.0740 0.0408 0.0253 0.0081 0.0209 0.1022 0.4451 0.3983
1494806400.0000 145050.0000 -0.2640 -0.5373 -0.0212 0.6725 26.1686 0.1078 0.0626 0.0321 0.0054 0.0083 0.0152 0.1012 0.4337 0.3981
1494806400.0000 145350.0000 -0.3723 -0.6085 -0.0175 0.8558 31.4591 0.2207 0.1703 0.0682 -0.0058 0.0515 0.0285 0.2296 0.5482 0.5060
1494806400.0000 145650.0000 -0.2395 -0.7251 -0.0156 0.8610 18.2809 0.1738 0.2053 0.0696 0.0616 0.0324 0.0730 0.2243 0.5063 0.4654
1494806400.0000 145950.0000 -0.6412 -0.6782 -0.0110 1.0043 43.3930 0.1248 0.1642 0.0347 0.0237 0.0162 0.0351 0.1618 0.3519 0.3325
1494806400.0000 146250.0000 -0.3501 -0.8112 -0.0272 0.9421 23.3434 0.1589 0.1299 0.0541 0.0729 0.0309 0.0471 0.1714 0.3825 0.3512
1494806400.0000 146550.0000 -0.6907 -0.8748 -0.0431 1.1571 38.2916 0.1525 0.1244 0.0317 0.0508 0.0049 0.0251 0.1543 0.2876 0.2726
1494806400.0000 146850.0000 -0.4784 -0.4096 -0.0219 0.6774 49.4352 0.0918 0.0587 0.0256 0.0120 0.0176 0.0150 0.0880 0.3844 0.3556
1494806400.0000 147150.0000 -0.5161 -0.5892 -0.0414 0.8115 41.2171 0.0681 0.0444 0.0204 0.0146 0.0102 0.0142 0.0664 0.2683 0.2472
1494806400.0000 147450.0000 -0.5302 -0.2721 -0.0079 0.6579 62.8286 0.0734 0.0937 0.0249 0.0183 0.0107 0.0091 0.0960 0.4245 0.3961
1494806400.0000 147750.0000 -0.2223 -0.4610 -0.0385 0.5827 25.7414 0.0801 0.0696 0.0211 -0.0019 0.0047 0.0129 0.0854 0.4649 0.4365
1494806400.0000 148050.0000 0.0446 -0.3636 -0.0336 0.4574 353.0066 0.0891 0.0493 0.0351 -0.0054 -0.0058 0.0024 0.0868 0.6538 0.5864
1494806400.0000 148350.0000 -0.3686 -0.3612 -0.0079 0.5761 45.5783 0.0524 0.0712 0.0282 0.0010 0.0034 0.0282 0.0759 0.4358 0.3933
1494806400.0000 148650.0000 0.2028 -0.3790 0.0021 0.4983 331.8544 0.0910 0.0505 0.0519 -0.0237 -0.0272 0.0261 0.0967 0.5906 0.5052
1494806400.0000 148950.0000 -0.1443 -0.1882 0.0202 0.3497 37.4754 0.0482 0.0544 0.0273 -0.0147 -0.0075 0.0141 0.0650 0.8745 0.7799
1494806400.0000 149250.0000 -0.2029 -0.4297 -0.0174 0.5177 25.2744 0.0614 0.0414 0.0161 0.0223 0.0042 0.0116 0.0594 0.4186 0.3896
1494806400.0000 149550.0000 -0.1638 -0.3632 0.0156 0.4360 24.2718 0.0373 0.0482 0.0211 0.0158 0.0080 0.0167 0.0534 0.4730 0.4239
1494806400.0000 149850.0000 -0.0941 -0.3002 0.0060 0.4046 17.4098 0.0593 0.0479 0.0234 0.0081 0.0033 0.0133 0.0653 0.6630 0.6009
1494806400.0000 150150.0000 -0.3023 -0.5039 -0.0207 0.6278 30.9592 0.0746 0.0777 0.0237 0.0382 0.0062 0.0223 0.0880 0.4120 0.3835
1494806400.0000 150450.0000 -0.1527 -0.3625 -0.0145 0.4382 22.8480 0.0527 0.0415 0.0152 0.0251 0.0040 0.0086 0.0547 0.4851 0.4506
1494806400.0000 150750.0000 -0.1974 -0.3797 -0.0067 0.4712 27.4662 0.0637 0.0413 0.0115 0.0272 0.0025 0.0081 0.0582 0.4603 0.4370
1494806400.0000 151050.0000 -0.1477 -0.3325 0.0087 0.4183 23.9563 0.0466 0.0673 0.0189 0.0228 0.0084 0.0194 0.0664 0.5780 0.5355
