1494720000.0000 150.0000 -0.5902 -0.0489 0.1150 0.8953 85.2635 1.8425 0.4862 0.2094 0.9385 -0.6182 -0.3151 1.2691 1.5247 1.4878
1494720000.0000 450.0000 nan nan nan nan nan nan nan nan nan nan nan nan nan nan
1494720000.0000 750.0000 nan nan nan nan nan nan nan nan nan nan nan nan nan nan
1494720000.0000 1050.0000 nan nan nan nan nan nan nan nan nan nan nan nan nan nan
1494720000.0000 1350.0000 -2.2887 -1.0531 0.6837 2.5206 65.2910 0.7506 0.1886 0.0767 0.3744 -0.2392 -0.1196 0.5080 0.2229 0.2221
1494720000.0000 1650.0000 nan nan nan nan nan nan nan nan nan nan nan nan nan nan
1494720000.0000 1950.0000 nan nan nan nan nan nan nan nan nan nan nan nan nan nan
1494720000.0000 2250.0000 nan nan nan nan nan nan nan nan nan nan nan nan nan nan
1494720000.0000 2550.0000 nan nan nan nan nan nan nan nan nan nan nan nan nan nan
1494720000.0000 2850.0000 nan nan nan nan nan nan nan nan nan nan nan nan nan nan
1494720000.0000 3150.0000 nan nan nan nan nan nan nan nan nan nan nan nan nan nan
1494720000.0000 3450.0000 nan nan nan nan nan nan nan nan nan nan nan nan nan nan
1494720000.0000 3750.0000 nan nan nan nan nan nan nan nan nan nan nan nan nan nan
1494720000.0000 4050.0000 nan nan nan nan nan nan nan nan nan nan nan nan nan nan
1494720000.0000 4350.0000 nan nan nan nan nan nan nan nan nan nan nan nan nan nan
1494720000.0000 4650.0000 nan nan nan nan nan nan nan nan nan nan nan nan nan nan
1494720000.0000 4950.0000 nan nan nan nan nan nan nan nan nan nan nan nan nan nan
1494720000.0000 5250.0000 nan nan nan nan nan nan nan nan nan nan nan nan nan nan
1494720000.0000 5550.0000 nan nan nan nan nan nan nan nan nan nan nan nan nan nan
1494720000.0000 5850.0000 nan nan nan nan nan nan nan nan nan nan nan nan nan nan
1494720000.0000 6150.0000 nan nan nan nan nan nan nan nan nan nan nan nan nan nan
1494720000.0000 6450.0000 nan nan nan nan nan nan nan nan nan nan nan nan nan nan
1494720000.0000 6750.0000 nan nan nan nan nan nan nan nan nan nan nan nan nan nan
1494720000.0000 7050.0000 nan nan nan nan nan nan nan nan nan nan nan nan nan nan
1494720000.0000 7350.0000 nan nan nan nan nan nan nan nan nan nan nan nan nan nan
1494720000.0000 7650.0000 nan nan nan nan nan nan nan nan nan nan nan nan nan nan
1494720000.0000 7950.0000 nan nan nan nan nan nan nan nan nan nan nan nan nan nan
1494720000.0000 8250.0000 nan nan nan nan nan nan nan nan nan nan nan nan nan nan
1494720000.0000 8550.0000 nan nan nan nan nan nan nan nan nan nan nan nan nan nan
1494720000.0000 8850.0000 nan nan nan nan nan nan nan nan nan nan nan nan nan nan
1494720000.0000 9150.0000 2.2714 1.2716 -0.7988 2.6032 240.7587 0.4477 0.1563 0.0548 0.2645 -0.1565 -0.0925 0.3294 0.1721 0.1724
1494720000.0000 9450.0000 nan nan nan nan nan nan nan nan nan nan nan nan nan nan
1494720000.0000 9750.0000 2.9726 1.4875 -1.0983 3.3240 243.4160 0.0000 0.0000 0.0000 0.0000 0.0000 0.0000 0.0000 0.0000 0.0000
1494720000.0000 10050.0000 nan nan nan nan nan nan nan nan nan nan nan nan nan nan
1494720000.0000 10350.0000 nan nan nan nan nan nan nan nan nan nan nan nan nan nan
1494720000.0000 10650.0000 nan nan nan nan nan nan nan nan nan nan nan nan nan nan
1494720000.0000 10950.0000 nan nan nan nan nan nan nan nan nan nan nan nan nan nan
1494720000.0000 11250.0000 nan nan nan nan nan nan nan nan nan nan nan nan nan nan
1494720000.0000 11550.0000 nan nan nan nan nan nan nan nan nan nan nan nan nan nan
1494720000.0000 11850.0000 nan nan nan nan nan nan nan nan nan nan nan nan nan nan
1494720000.0000 12150.0000 nan nan nan nan nan nan nan nan nan nan nan nan nan nan
1494720000.0000 12450.0000 nan nan nan nan nan nan nan nan nan nan nan nan nan nan
1494720000.0000 12750.0000 0.9309 0.7988 -0.4643 1.4008 229.3671 1.6961 0.4102 0.1839 0.8309 -0.5578 -0.2738 1.1451 0.6661 0.6831
1494720000.0000 13050.0000 1.5001 0.7877 -0.4973 1.6944 242.2956 0.0000 0.0000 0.0000 0.0000 0.0000 0.0000 0.0000 0.0000 0.0000
1494720000.0000 13350.0000 1.9414 0.5135 -0.5117 2.0083 255.1849 0.0357 0.0056 0.0003 0.0141 0.0030 0.0012 0.0207 0.0567 0.0584
1494720000.0000 13650.0000 2.5030 1.0284 -0.8124 2.7111 247.6646 0.5499 0.2259 0.0552 0.3525 -0.1742 -0.1116 0.4155 0.1863 0.1879
1494720000.0000 13950.0000 1.2028 0.4349 -0.4417 1.3248 250.1210 0.8280 0.2040 0.0966 0.4034 -0.2766 -0.1334 0.5642 0.4533 0.4585
1494720000.0000 14250.0000 0.7234 0.5370 -0.2790 0.9604 233.4145 0.6176 0.1739 0.0559 0.3277 -0.1859 -0.0986 0.4237 0.5635 0.5701
1494720000.0000 14550.0000 -0.0567 0.3185 -0.0488 0.3235 169.9014 0.0000 0.0000 0.0000 0.0000 0.0000 0.0000 0.0000 0.0000 0.0000
1494720000.0000 14850.0000 0.5263 0.2840 -0.2248 0.8279 241.6495 1.0753 0.2819 0.1172 0.5415 -0.3541 -0.1780 0.7372 1.0974 1.1248
1494720000.0000 15150.0000 0.1384 0.4352 -0.0783 1.1387 197.6370 1.5264 0.3579 0.1680 0.7383 -0.5056 -0.2449 1.0261 1.7849 1.7353
1494720000.0000 15450.0000 -0.1535 0.3697 -0.0184 0.8055 157.4451 0.7062 0.1650 0.0721 0.3382 -0.2241 -0.1088 0.4716 1.3994 1.3462
1494720000.0000 15750.0000 nan nan nan nan nan nan nan nan nan nan nan nan nan nan
1494720000.0000 16050.0000 nan nan nan nan nan nan nan nan nan nan nan nan nan nan
1494720000.0000 16350.0000 nan nan nan nan nan nan nan nan nan nan nan nan nan nan
1494720000.0000 16650.0000 nan nan nan nan nan nan nan nan nan nan nan nan nan nan
1494720000.0000 16950.0000 0.0568 0.1412 0.0450 0.1522 201.9172 0.0000 0.0000 0.0000 0.0000 0.0000 0.0000 0.0000 0.0000 0.0000
1494720000.0000 17250.0000 nan nan nan nan nan nan nan nan nan nan nan nan nan nan
1494720000.0000 17550.0000 -11.4340 -5.5973 3.5869 12.7305 63.9170 0.5395 0.1136 0.0429 0.2476 -0.1521 -0.0698 0.3480 0.0364 0.0367
1494720000.0000 17850.0000 nan nan nan nan nan nan nan nan nan nan nan nan nan nan
1494720000.0000 18150.0000 nan nan nan nan nan nan nan nan nan nan nan nan nan nan
1494720000.0000 18450.0000 nan nan nan nan nan nan nan nan nan nan nan nan nan nan
1494720000.0000 18750.0000 -0.1732 0.5683 -0.3890 0.9897 163.0527 0.4807 0.1570 0.0667 0.2747 -0.1791 -0.1023 0.3522 0.6823 0.7760
1494720000.0000 19050.0000 nan nan nan nan nan nan nan nan nan nan nan nan nan nan
1494720000.0000 19350.0000 nan nan nan nan nan nan nan nan nan nan nan nan nan nan
1494720000.0000 19650.0000 nan nan nan nan nan nan nan nan nan nan nan nan nan nan
1494720000.0000 19950.0000 -3.2140 -1.1833 0.8485 3.4249 69.7868 0.0000 0.0000 0.0000 0.0000 0.0000 0.0000 0.0000 0.0000 0.0000
1494720000.0000 20250.0000 nan nan nan nan nan nan nan nan nan nan nan nan nan nan
1494720000.0000 20550.0000 nan nan nan nan nan nan nan nan nan nan nan nan nan nan
1494720000.0000 20850.0000 nan nan nan nan nan nan nan nan nan nan nan nan nan nan
1494720000.0000 21150.0000 nan nan nan nan nan nan nan nan nan nan nan nan nan nan
1494720000.0000 21450.0000 nan nan nan nan nan nan nan nan nan nan nan nan nan nan
1494720000.0000 21750.0000 -0.0784 0.2977 -0.1554 0.8507 165.2469 0.8366 0.2135 0.0905 0.3916 -0.2423 -0.1223 0.5703 1.7882 1.9220
1494720000.0000 22050.0000 0.0332 0.7571 -0.2624 1.1110 182.5093 0.7638 0.2141 0.0877 0.3226 -0.2193 -0.1199 0.5328 0.7432 0.7534
1494720000.0000 22350.0000 0.0717 0.4247 -0.1684 0.8414 189.5888 0.7300 0.1262 0.0736 0.2357 -0.0688 -0.0764 0.4649 1.2039 1.2404
1494720000.0000 22650.0000 0.4228 0.9774 -0.4008 1.5019 203.3939 1.3953 0.4707 0.1864 0.7279 -0.4673 -0.2859 1.0262 0.7269 0.7406
1494720000.0000 22950.0000 -0.1042 0.2936 -0.0944 1.0744 160.4574 1.1931 0.2480 0.1467 0.4164 -0.3366 -0.1277 0.7939 2.2345 2.2244
1494720000.0000 23250.0000 -0.0506 0.3334 -0.0821 1.1702 171.3719 1.5663 0.3663 0.2468 0.7077 -0.5852 -0.2658 1.0897 2.4559 2.3803
1494720000.0000 23550.0000 -0.3363 0.3494 -0.0630 1.4034 136.1000 2.5508 0.5683 0.3615 1.1938 -0.9535 -0.4459 1.7403 2.2026 2.1025
1494720000.0000 23850.0000 nan nan nan nan nan nan nan nan nan nan nan nan nan nan
1494720000.0000 24150.0000 nan nan nan nan nan nan nan nan nan nan nan nan nan nan
1494720000.0000 24450.0000 nan nan nan nan nan nan nan nan nan nan nan nan nan nan
1494720000.0000 24750.0000 nan nan nan nan nan nan nan nan nan nan nan nan nan nan
1494720000.0000 25050.0000 nan nan nan nan nan nan nan nan nan nan nan nan nan nan
1494720000.0000 25350.0000 nan nan nan nan nan nan nan nan nan nan nan nan nan nan
1494720000.0000 25650.0000 -0.5415 0.2490 -0.0736 1.2697 114.6964 1.6607 0.4042 0.2439 0.6206 -0.5630 -0.2519 1.1544 1.4607 1.3919
1494720000.0000 25950.0000 0.4227 1.0035 -0.3914 1.3681 202.8408 0.9758 0.2160 0.1636 0.4300 -0.3288 -0.1392 0.6777 0.5809 0.5789
1494720000.0000 26250.0000 0.5876 1.0192 -0.2718 1.8843 209.9658 2.8375 0.8063 0.2765 1.4291 -0.8149 -0.4125 1.9601 0.9467 0.9368
1494720000.0000 26550.0000 nan nan nan nan nan nan nan nan nan nan nan nan nan nan
1494720000.0000 26850.0000 nan nan nan nan nan nan nan nan nan nan nan nan nan nan
1494720000.0000 27150.0000 nan nan nan nan nan nan nan nan nan nan nan nan nan nan
1494720000.0000 27450.0000 -1.4373 -0.0501 0.3288 1.5015 88.0052 0.4423 0.1111 0.1355 0.2216 -0.2354 -0.1189 0.3444 0.3248 0.2987
1494720000.0000 27750.0000 -1.0235 -0.1815 0.2220 1.1918 79.9442 1.0222 0.1918 0.0004 0.4428 -0.0212 -0.0092 0.6072 0.5986 0.6120
1494720000.0000 28050.0000 0.0234 0.5224 -0.3232 1.2122 182.5685 0.7981 0.5019 0.0003 0.6329 0.0152 0.0120 0.6501 1.0708 1.2587
1494720000.0000 28350.0000 -0.5818 0.5978 -0.1090 1.2019 135.7751 0.7366 0.1529 0.1004 0.2017 -0.2494 -0.1010 0.4950 0.6828 0.6527
1494720000.0000 28650.0000 -0.2490 0.2126 -0.3115 0.7732 130.4845 0.4519 0.1176 0.1251 0.2080 -0.1379 -0.0542 0.3473 1.0648 1.3307
1494720000.0000 28950.0000 nan nan nan nan nan nan nan nan nan nan nan nan nan nan
1494720000.0000 29250.0000 nan nan nan nan nan nan nan nan nan nan nan nan nan nan
1494720000.0000 29550.0000 -0.0928 0.4865 -0.2149 1.0569 169.1960 1.2752 0.0783 0.0784 0.2596 -0.2792 -0.0697 0.7160 1.2796 1.3562
1494720000.0000 29850.0000 nan nan nan nan nan nan nan nan nan nan nan nan nan nan
1494720000.0000 30150.0000 nan nan nan nan nan nan nan nan nan nan nan nan nan nan
1494720000.0000 30450.0000 -0.8285 0.4881 -0.0206 1.5190 120.5027 1.6169 0.2685 0.0817 0.5452 -0.2889 -0.0950 0.9835 0.8420 0.8245
1494720000.0000 30750.0000 -1.5489 0.4167 0.1027 1.7562 105.0586 0.6014 0.2888 0.2427 0.2241 -0.1706 -0.1445 0.5665 0.3824 0.3396
1494720000.0000 31050.0000 nan nan nan nan nan nan nan nan nan nan nan nan nan nan
1494720000.0000 31350.0000 -2.2364 0.3803 0.1958 2.2685 99.6496 0.0000 0.0000 0.0000 0.0000 0.0000 0.0000 0.0000 0.0000 0.0000
1494720000.0000 31650.0000 -1.6021 -0.0051 0.1896 1.7484 89.8165 0.8390 0.3362 0.0843 0.3179 -0.1966 -0.1331 0.6297 0.4016 0.3907
1494720000.0000 31950.0000 nan nan nan nan nan nan nan nan nan nan nan nan nan nan
1494720000.0000 32250.0000 0.0107 0.5163 0.3160 0.5164 181.1831 0.0000 0.0000 0.0000 0.0000 0.0000 0.0000 0.0000 0.0000 0.0000
1494720000.0000 32550.0000 -0.6156 0.0836 0.0592 0.9716 97.7345 0.6704 0.1260 0.2394 0.2906 -0.4006 -0.1736 0.5179 0.9416 0.8294
1494720000.0000 32850.0000 nan nan nan nan nan nan nan nan nan nan nan nan nan nan
1494720000.0000 33150.0000 0.2354 0.8086 -0.6990 1.2640 196.2332 0.7780 0.2300 0.1239 0.4067 -0.2923 -0.1684 0.5659 0.5612 0.6883
1494720000.0000 33450.0000 nan nan nan nan nan nan nan nan nan nan nan nan nan nan
1494720000.0000 33750.0000 nan nan nan nan nan nan nan nan nan nan nan nan nan nan
1494720000.0000 34050.0000 nan nan nan nan nan nan nan nan nan nan nan nan nan nan
1494720000.0000 34350.0000 nan nan nan nan nan nan nan nan nan nan nan nan nan nan
1494720000.0000 34650.0000 nan nan nan nan nan nan nan nan nan nan nan nan nan nan
1494720000.0000 34950.0000 nan nan nan nan nan nan nan nan nan nan nan nan nan nan
1494720000.0000 35250.0000 -0.5042 -0.2227 -0.0982 0.6155 66.1714 0.0783 0.0535 0.0265 0.0066 0.0024 0.0044 0.0792 0.4103 0.3803
1494720000.0000 35550.0000 -0.2441 0.1909 -0.0098 0.4847 128.0243 0.0507 0.1581 0.0305 -0.0064 0.0020 -0.0226 0.1197 0.9111 0.8515
1494720000.0000 35850.0000 -0.2164 0.1901 -0.0728 0.5262 131.3088 0.2158 0.0911 0.0384 0.0461 0.0285 -0.0018 0.1727 1.1419 1.1105
1494720000.0000 36150.0000 -0.3134 0.3869 -0.0626 0.6442 140.9963 0.1939 0.1248 0.0566 0.0052 0.0245 -0.0201 0.1876 0.7048 0.6546
1494720000.0000 36450.0000 -0.8330 0.2486 -0.1387 1.0609 106.6172 0.2333 0.3383 0.1184 0.0983 0.0748 0.0162 0.3450 0.5448 0.5021
1494720000.0000 36750.0000 -0.8203 -0.1454 -0.0868 1.0037 79.9491 0.1886 0.3346 0.1188 -0.0184 0.0516 -0.0324 0.3210 0.5523 0.5013
1494720000.0000 37050.0000 -0.5273 -0.0067 0.0061 0.8592 89.2738 0.2437 0.4717 0.1097 0.0030 0.0545 0.0265 0.4126 0.9944 0.9260
1494720000.0000 37350.0000 -0.5928 0.2838 -0.0628 1.1086 115.5841 0.2574 0.7373 0.1108 0.1718 0.0692 0.0449 0.5527 0.9193 0.8760
1494720000.0000 37650.0000 -0.0523 -0.1427 -0.0125 0.6316 20.1341 0.2377 0.2513 0.0533 -0.0546 0.0146 0.0113 0.2711 2.7880 2.6565
1494720000.0000 37950.0000 0.0263 0.3478 -0.0579 0.5585 184.3233 0.1373 0.1705 0.0635 0.0097 0.0049 -0.0041 0.1857 0.9951 0.9184
1494720000.0000 38250.0000 0.1110 -0.0051 0.0141 0.1957 272.6067 0.0191 0.0219 0.0118 0.0012 -0.0001 -0.0006 0.0264 1.1841 1.0521
1494720000.0000 38550.0000 -0.1141 -0.2234 -0.0716 0.4837 27.0671 0.1427 0.1264 0.0398 0.0017 0.0145 0.0036 0.1545 1.2302 1.1940
1494720000.0000 38850.0000 -0.3446 0.0107 -0.0281 0.5575 91.7851 0.0582 0.1804 0.0315 0.0036 0.0141 0.0078 0.1351 0.8674 0.8179
1494720000.0000 39150.0000 -0.1043 -0.0133 -0.0426 0.3635 82.7539 0.0752 0.1056 0.0386 0.0079 0.0073 0.0141 0.1097 2.3853 2.3361
1494720000.0000 39450.0000 -0.4005 -0.5435 -0.0305 0.8799 36.3819 0.1833 0.2729 0.0861 -0.0143 0.0374 0.0375 0.2712 0.6291 0.5776
1494720000.0000 39750.0000 0.2393 -0.3767 -0.0787 0.7572 327.5680 0.3662 0.1412 0.0631 0.0944 -0.0213 -0.0017 0.2852 0.9623 0.9215
1494720000.0000 40050.0000 -0.4953 0.6639 -0.0684 0.9719 143.2778 0.3271 0.3785 0.1243 -0.1966 0.0487 -0.0474 0.4150 0.6329 0.5855
1494720000.0000 40350.0000 -0.6834 0.3463 -0.0634 0.9911 116.8713 0.2782 0.4681 0.1196 -0.0809 0.0833 -0.0309 0.4330 0.6989 0.6510
1494720000.0000 40650.0000 -0.4567 0.6393 -0.0790 0.9862 144.4586 0.3314 0.2391 0.1079 0.0346 0.0281 -0.0420 0.3392 0.6023 0.5551
1494720000.0000 40950.0000 -0.4078 0.0648 -0.0872 0.7416 99.0360 0.3369 0.2712 0.1013 -0.0088 0.0231 0.0010 0.3547 1.1523 1.0904
1494720000.0000 41250.0000 -0.2114 0.4375 -0.0018 0.6585 154.2094 0.1799 0.1267 0.0447 -0.0467 0.0025 -0.0049 0.1756 0.7042 0.6579
1494720000.0000 41550.0000 0.2365 0.1157 -0.0533 0.4508 243.9421 0.1134 0.0989 0.0359 -0.0487 0.0125 0.0085 0.1241 1.0708 1.0104
1494720000.0000 41850.0000 0.0914 0.6848 -0.0310 0.8480 187.6038 0.2215 0.3716 0.1005 0.0752 0.0013 -0.0559 0.3468 0.6953 0.6436
1494720000.0000 42150.0000 -0.4838 0.0814 -0.0880 0.8866 99.5476 0.2746 0.4928 0.0887 -0.0181 0.0564 -0.0080 0.4280 1.0717 1.0308
1494720000.0000 42450.0000 -0.3644 -0.0477 -0.0696 0.7095 82.5477 0.1447 0.3393 0.0840 -0.0257 0.0080 -0.0075 0.2840 1.1633 1.0929
1494720000.0000 42750.0000 -0.3660 0.4332 -0.0509 0.8978 139.8035 0.3272 0.4581 0.0891 -0.0359 0.0777 -0.0243 0.4372 0.9482 0.9022
1494720000.0000 43050.0000 -0.3315 0.5674 -0.0956 0.8102 149.7066 0.1896 0.1640 0.0608 0.0468 0.0169 0.0061 0.2072 0.5597 0.5224
1494720000.0000 43350.0000 -0.4771 0.0559 -0.0492 0.6620 96.6854 0.1147 0.2296 0.0578 -0.0223 0.0323 -0.0206 0.2010 0.7581 0.7051
1494720000.0000 43650.0000 -0.2653 -0.1684 -0.0604 0.5411 57.5987 0.2055 0.1345 0.0668 0.0563 0.0356 0.0207 0.2034 1.1508 1.0714
1494720000.0000 43950.0000 -0.5816 0.1153 -0.0971 0.9774 101.2111 0.3786 0.6092 0.1110 -0.1431 0.0990 -0.0409 0.5494 1.0072 0.9677
1494720000.0000 44250.0000 -0.5220 0.0014 -0.0786 0.8361 90.1511 0.1469 0.4537 0.0698 -0.0097 0.0195 -0.0101 0.3352 0.8955 0.8571
1494720000.0000 44550.0000 -0.8219 0.2817 -0.1235 1.0998 108.9180 0.2919 0.5017 0.1022 0.0214 0.0465 -0.0292 0.4479 0.6226 0.5919
1494720000.0000 44850.0000 -0.5372 -0.2086 0.0105 0.8649 68.7788 0.2911 0.4635 0.0694 0.1384 0.0291 0.0120 0.4120 0.9092 0.8702
1494720000.0000 45150.0000 0.1427 0.7430 -0.0657 0.9040 190.8725 0.1252 0.3287 0.0872 -0.0073 -0.0264 0.0038 0.2705 0.5592 0.5142
1494720000.0000 45450.0000 -0.2284 0.4593 -0.0639 0.8989 153.5647 0.3040 0.4665 0.1134 -0.0125 0.0364 -0.0528 0.4419 1.0501 0.9880
1494720000.0000 45750.0000 -0.2041 0.3519 -0.0096 1.0369 149.8859 0.3522 0.9941 0.0984 -0.3294 0.0506 -0.1461 0.7223 1.7051 1.6465
1494720000.0000 46050.0000 -0.9328 0.7413 -0.1397 1.3481 128.4725 0.2785 0.4846 0.1345 -0.0150 0.0468 -0.0698 0.4488 0.4559 0.4233
1494720000.0000 46350.0000 -0.5246 0.5460 -0.1144 0.9988 136.1432 0.5190 0.4670 0.0986 -0.2414 0.0623 -0.0623 0.5423 0.7851 0.7571
1494720000.0000 46650.0000 -0.6610 0.2165 -0.0718 0.9183 108.1357 0.2661 0.3042 0.0901 0.0895 -0.0169 -0.0401 0.3302 0.6710 0.6268
1494720000.0000 46950.0000 -0.6551 0.6823 -0.1260 1.2428 136.1622 0.5933 0.5028 0.1131 -0.2759 0.0700 -0.0705 0.6045 0.6653 0.6390
1494720000.0000 47250.0000 -0.0117 0.1274 -0.0143 0.9684 174.7563 0.7481 0.3861 0.0707 -0.1147 0.0133 -0.0188 0.6025 4.9232 4.8063
1494720000.0000 47550.0000 -0.2214 0.1172 -0.0202 0.6752 117.8883 0.2599 0.3570 0.0536 0.1377 0.0212 -0.0135 0.3352 1.8809 1.8100
1494720000.0000 47850.0000 -0.6336 -0.2973 -0.1122 0.8241 64.8620 0.0768 0.1970 0.0549 -0.0028 0.0190 0.0055 0.1644 0.4670 0.4317
1494720000.0000 48150.0000 -0.0941 -0.3089 -0.0421 0.7124 16.9393 0.2829 0.2175 0.0795 -0.1094 -0.0058 -0.0010 0.2900 1.3502 1.2648
1494720000.0000 48450.0000 0.0220 0.2664 -0.1376 0.7141 184.7204 0.1917 0.4918 0.0925 -0.1215 0.0065 -0.0563 0.3880 1.6917 1.7855
1494720000.0000 48750.0000 0.0300 -0.0928 -0.0185 0.9227 342.0827 0.2768 0.9090 0.1612 -0.0274 0.0497 -0.0644 0.6735 6.7497 6.4452
1494720000.0000 49050.0000 -0.2345 0.2399 -0.0197 0.6324 135.6473 0.2105 0.1679 0.0786 0.0303 -0.0103 -0.0060 0.2285 1.1615 1.0587
1494720000.0000 49350.0000 -0.3819 0.2095 -0.0378 0.9645 118.7542 0.3664 0.8456 0.1099 -0.0753 0.0587 -0.0623 0.6610 1.5183 1.4592
1494720000.0000 49650.0000 -0.4495 0.2573 -0.0496 0.6523 119.7869 0.1265 0.1863 0.0565 -0.0711 0.0121 -0.0055 0.1846 0.6743 0.6234
1494720000.0000 49950.0000 -0.6361 0.7236 -0.0992 1.1440 138.6827 0.2723 0.3442 0.1161 0.0474 0.0302 -0.0295 0.3663 0.5102 0.4705
1494720000.0000 50250.0000 -0.4284 0.5708 -0.1689 0.9596 143.1064 0.3445 0.3820 0.1058 -0.0316 0.0063 -0.0564 0.4161 0.7182 0.6895
1494720000.0000 50550.0000 -0.5370 0.3451 -0.0557 0.9688 122.7237 0.3720 0.3067 0.0653 0.0945 0.0306 -0.0211 0.3720 0.7772 0.7451
1494720000.0000 50850.0000 -0.4112 1.0923 -0.1259 1.3375 159.3713 0.3372 0.4033 0.1243 0.0151 0.0345 -0.0842 0.4324 0.4574 0.4257
1494720000.0000 51150.0000 -1.0363 0.4242 -0.1772 1.3760 112.2635 0.3696 0.5872 0.1212 0.1602 0.0611 -0.0109 0.5390 0.5287 0.5043
1494720000.0000 51450.0000 -0.7573 0.4497 -0.1048 0.9694 120.7049 0.1445 0.2171 0.0625 -0.0682 0.0304 -0.0255 0.2121 0.4239 0.3942
1494720000.0000 51750.0000 -0.5740 0.7397 -0.0925 1.0680 142.1892 0.3222 0.2242 0.0994 -0.0601 0.0593 -0.0468 0.3229 0.4932 0.4559
1494720000.0000 52050.0000 -0.6029 0.2615 -0.0719 0.8303 113.4453 0.1287 0.2918 0.0472 -0.0303 0.0258 -0.0001 0.2339 0.5973 0.5697
1494720000.0000 52350.0000 -0.6221 0.4775 -0.1291 0.9136 127.5054 0.1751 0.2070 0.0840 0.0054 0.0515 -0.0197 0.2331 0.4960 0.4551
1494720000.0000 52650.0000 -0.6838 0.6895 -0.1169 1.0586 135.2360 0.1644 0.2422 0.0818 -0.0344 0.0313 -0.0211 0.2442 0.4125 0.3791
1494720000.0000 52950.0000 -0.6513 0.4020 -0.0974 0.9044 121.6820 0.2568 0.2312 0.1075 0.0033 0.0737 -0.0220 0.2978 0.5775 0.5270
1494720000.0000 53250.0000 -0.5475 0.3142 -0.0874 0.7489 119.8526 0.1452 0.2032 0.0684 -0.0427 0.0241 -0.0377 0.2084 0.5849 0.5399
1494720000.0000 53550.0000 -0.6178 0.3348 -0.0315 0.8316 118.4543 0.2115 0.2409 0.0915 -0.0386 0.0383 -0.0174 0.2720 0.6054 0.5527
1494720000.0000 53850.0000 -1.0589 0.5914 -0.1476 1.3514 119.1814 0.3472 0.4596 0.1570 -0.1239 0.0772 -0.0606 0.4819 0.4639 0.4276
1494720000.0000 54150.0000 -0.6343 0.3024 -0.0084 0.8163 115.4907 0.1241 0.2055 0.0698 -0.0086 0.0244 -0.0303 0.1997 0.5192 0.4717
1494720000.0000 54450.0000 -0.1854 0.2914 -0.1097 0.5644 147.5366 0.1304 0.1334 0.0458 0.0147 -0.0036 -0.0015 0.1548 0.8865 0.8585
1494720000.0000 54750.0000 0.1323 0.2097 -0.0857 0.7718 212.2562 0.4144 0.3147 0.0696 -0.1850 0.0284 -0.0482 0.3993 1.9666 1.9881
1494720000.0000 55050.0000 -0.1653 0.0690 0.0138 0.5381 112.6675 0.2104 0.1121 0.0288 -0.0406 0.0004 -0.0007 0.1756 1.9043 1.8300
1494720000.0000 55350.0000 -0.1703 -0.2283 -0.1150 0.6680 36.7132 0.2141 0.2519 0.0480 -0.0782 0.0321 -0.0315 0.2570 1.3477 1.3838
1494720000.0000 55650.0000 -0.0302 -0.0296 0.0207 0.8011 45.5788 0.5116 0.3244 0.0763 -0.0220 -0.0431 0.0058 0.4561 11.7109 12.4775
1494720000.0000 55950.0000 0.0125 -0.4009 -0.0263 0.6142 358.2117 0.1926 0.1042 0.0466 0.0247 0.0102 0.0266 0.1717 0.8416 0.7841
1494720000.0000 56250.0000 0.4065 -0.3734 0.0111 0.6182 312.5719 0.0781 0.0857 0.0285 0.0054 -0.0152 0.0129 0.0962 0.4586 0.4233
1494720000.0000 56550.0000 -0.1952 -0.6502 -0.1115 0.9119 16.7102 0.4165 0.2381 0.0719 0.0545 0.0047 -0.0118 0.3632 0.7153 0.6881
1494720000.0000 56850.0000 0.2113 -0.3330 -0.0449 0.5242 327.5974 0.1877 0.0682 0.0571 -0.0195 0.0022 0.0071 0.1566 0.8139 0.7406
1494720000.0000 57150.0000 -0.1556 -0.2985 -0.0454 0.7208 27.5264 0.2801 0.4496 0.0616 0.0574 0.0162 0.0154 0.3956 1.5121 1.4653
1494720000.0000 57450.0000 -0.4752 -0.6922 -0.0506 0.9038 34.4719 0.1199 0.2341 0.0617 0.0570 0.0329 0.0109 0.2078 0.4425 0.4091
1494720000.0000 57750.0000 -0.5723 -0.4316 -0.1186 0.9133 52.9757 0.2320 0.2124 0.0600 -0.0039 0.0239 0.0132 0.2522 0.5644 0.5369
1494720000.0000 58050.0000 0.3062 -0.4237 -0.0075 0.6787 324.1459 0.1714 0.1562 0.0786 0.0204 -0.0080 0.0311 0.2031 0.7039 0.6322
1494720000.0000 58350.0000 0.2413 -0.3515 -0.0140 0.5763 325.5328 0.1346 0.1156 0.0407 0.0400 -0.0052 0.0116 0.1455 0.7300 0.6773
1494720000.0000 58650.0000 0.0879 -0.5462 -0.0582 0.7629 350.8580 0.2896 0.2716 0.0944 0.0716 -0.0082 0.0125 0.3278 0.8403 0.7818
1494720000.0000 58950.0000 0.2201 -0.5539 -0.0171 0.7807 338.3306 0.2151 0.3472 0.1024 -0.0320 -0.0344 0.0506 0.3324 0.7895 0.7265
1494720000.0000 59250.0000 0.3010 -0.5639 -0.0586 0.7850 331.9103 0.2263 0.1499 0.1023 -0.0037 -0.0243 0.0386 0.2393 0.6222 0.5540
1494720000.0000 59550.0000 0.3136 -0.4550 -0.0204 0.7228 325.4267 0.1613 0.2014 0.0626 -0.0010 -0.0175 0.0372 0.2126 0.6809 0.6293
1494720000.0000 59850.0000 0.1810 -0.1395 0.0128 0.5616 307.6158 0.1087 0.2369 0.0362 0.0120 -0.0006 0.0075 0.1909 1.5584 1.4850
1494720000.0000 60150.0000 -0.0348 -0.2399 -0.0222 0.3999 8.2508 0.0923 0.0762 0.0416 -0.0010 -0.0106 0.0071 0.1051 1.0871 0.9776
1494720000.0000 60450.0000 0.0465 -0.3390 -0.0575 0.6007 352.1829 0.0646 0.2743 0.0509 0.0335 -0.0141 0.0084 0.1949 1.0387 0.9821
1494720000.0000 60750.0000 0.1081 -0.2880 -0.0308 0.5478 339.4221 0.1275 0.2423 0.0567 -0.0485 -0.0088 0.0160 0.2133 1.2195 1.1413
1494720000.0000 61050.0000 0.1497 -0.3580 -0.0183 0.4877 337.3159 0.0904 0.0603 0.0282 0.0042 -0.0080 0.0063 0.0894 0.6286 0.5775
1494720000.0000 61350.0000 -0.0492 -0.5843 -0.0204 0.6604 4.8097 0.0718 0.1333 0.0408 0.0209 -0.0076 0.0215 0.1230 0.4880 0.4459
1494720000.0000 61650.0000 0.2930 -0.3512 -0.0377 0.5665 320.1629 0.1200 0.1001 0.0391 -0.0045 -0.0144 0.0212 0.1296 0.6406 0.5923
1494720000.0000 61950.0000 0.1685 -0.4966 -0.0592 0.6698 341.2598 0.1733 0.1878 0.0578 0.0011 -0.0285 0.0293 0.2094 0.7080 0.6615
1494720000.0000 62250.0000 -0.1359 -0.0139 -0.0131 0.5346 84.1720 0.1393 0.2256 0.0556 -0.0073 0.0276 0.0136 0.2102 2.7278 2.5526
1494720000.0000 62550.0000 -0.1125 0.2982 -0.0272 0.4492 159.3376 0.0765 0.1093 0.0383 -0.0259 -0.0081 -0.0187 0.1121 0.8544 0.7809
1494720000.0000 62850.0000 -0.6364 -0.1798 -0.0820 0.7514 74.2253 0.1151 0.1313 0.0364 0.0169 0.0306 -0.0010 0.1414 0.4608 0.4334
1494720000.0000 63150.0000 -0.7250 -0.2297 -0.1239 0.9960 72.4167 0.3661 0.4958 0.0864 0.1268 0.0332 0.0067 0.4741 0.7297 0.7048
1494720000.0000 63450.0000 0.1234 0.0537 -0.0757 0.2998 246.4766 0.0493 0.0648 0.0150 0.0054 0.0044 -0.0039 0.0645 1.3435 1.4494
1494720000.0000 63750.0000 -0.5818 0.0979 -0.0672 0.8207 99.5507 0.2883 0.2477 0.0332 0.1627 0.0379 0.0133 0.2845 0.7336 0.7165
1494720000.0000 64050.0000 -0.5162 0.1602 0.0031 0.7901 107.2422 0.0920 0.4030 0.0326 0.0098 -0.0044 -0.0303 0.2638 0.7759 0.7515
1494720000.0000 64350.0000 -0.1047 0.0357 -0.0853 0.5507 108.8335 0.1625 0.2312 0.0258 -0.1595 -0.0026 0.0011 0.2097 2.6770 3.2755
1494720000.0000 64650.0000 -0.0268 0.2314 -0.0309 0.3189 173.3938 0.0427 0.0371 0.0119 -0.0020 -0.0026 -0.0039 0.0459 0.7442 0.7002
1494720000.0000 64950.0000 -0.4196 0.3128 -0.0229 0.5947 126.7060 0.1205 0.0803 0.0332 -0.0161 0.0330 -0.0076 0.1170 0.5331 0.4944
1494720000.0000 65250.0000 -0.2126 0.2337 -0.0293 0.4651 137.7142 0.0719 0.1249 0.0145 0.0314 0.0074 -0.0093 0.1056 0.8364 0.8106
1494720000.0000 65550.0000 -0.1795 -0.0193 -0.0374 0.2803 83.8691 0.0374 0.0283 0.0047 -0.0045 0.0054 -0.0009 0.0352 0.8305 0.8195
1494720000.0000 65850.0000 -0.1097 0.3812 -0.0246 0.4311 163.9447 0.0233 0.0380 0.0067 0.0016 -0.0000 -0.0051 0.0340 0.3785 0.3602
1494720000.0000 66150.0000 0.0730 0.0415 -0.0364 0.1974 240.3907 0.0156 0.0234 0.0049 -0.0070 -0.0007 -0.0041 0.0220 1.3222 1.3577
1494720000.0000 66450.0000 0.0671 0.0379 -0.0434 0.1993 240.5394 0.0260 0.0270 0.0058 -0.0132 0.0001 0.0039 0.0294 1.5811 1.7235
1494720000.0000 66750.0000 -0.0677 -0.1406 -0.0380 0.2874 25.7252 0.0171 0.0732 0.0058 0.0170 -0.0019 -0.0046 0.0481 1.1148 1.1122
1494720000.0000 67050.0000 -0.0123 0.1172 -0.0328 0.1573 173.9917 0.0048 0.0156 0.0031 -0.0007 -0.0012 -0.0015 0.0118 0.7238 0.7007
1494720000.0000 67350.0000 -0.0392 0.0936 -0.0380 0.1593 157.2881 0.0049 0.0185 0.0020 -0.0034 -0.0013 -0.0012 0.0127 0.8481 0.8686
1494720000.0000 67650.0000 0.0354 -0.0845 -0.0191 0.2005 337.2753 0.0330 0.0109 0.0020 0.0059 0.0007 0.0010 0.0230 1.3227 1.3213
1494720000.0000 67950.0000 -0.0129 0.0539 -0.0444 0.1918 166.5306 0.0199 0.0225 0.0023 0.0087 -0.0018 -0.0009 0.0224 1.7193 2.1432
1494720000.0000 68250.0000 -0.0529 0.0725 -0.0338 0.1501 143.8737 0.0075 0.0158 0.0045 0.0059 0.0022 0.0004 0.0139 1.0054 0.9833
1494720000.0000 68550.0000 -0.1535 0.1581 -0.0126 0.2311 135.8381 0.0066 0.0100 0.0009 -0.0044 -0.0001 -0.0007 0.0087 0.3457 0.3373
1494720000.0000 68850.0000 -0.2948 0.2731 -0.0318 0.4127 132.8042 0.0107 0.0138 0.0031 -0.0028 0.0021 -0.0014 0.0138 0.2377 0.2247
1494720000.0000 69150.0000 -0.2665 0.1985 -0.0388 0.3555 126.6859 0.0132 0.0190 0.0073 -0.0006 0.0030 -0.0024 0.0198 0.3431 0.3118
1494720000.0000 69450.0000 -0.1663 0.0489 0.0001 0.2287 106.3970 0.0177 0.0199 0.0023 -0.0140 0.0012 -0.0007 0.0200 0.6653 0.6457
1494720000.0000 69750.0000 -0.1391 0.1475 -0.0148 0.2222 136.6837 0.0091 0.0032 0.0012 0.0009 0.0003 -0.0000 0.0067 0.3295 0.3157
1494720000.0000 70050.0000 -0.2329 0.0986 -0.0263 0.2789 112.9356 0.0154 0.0130 0.0071 0.0003 0.0035 -0.0010 0.0177 0.4274 0.3846
1494720000.0000 70350.0000 -0.2244 0.1815 -0.0303 0.3164 128.9662 0.0130 0.0159 0.0020 0.0009 0.0008 -0.0007 0.0155 0.3500 0.3401
1494720000.0000 70650.0000 -0.2698 0.1149 -0.0294 0.3160 113.0585 0.0126 0.0137 0.0055 0.0002 0.0020 -0.0005 0.0159 0.3496 0.3193
1494720000.0000 70950.0000 -0.2627 0.1642 -0.0181 0.3334 121.9998 0.0182 0.0186 0.0069 -0.0057 0.0048 -0.0027 0.0218 0.3889 0.3574
1494720000.0000 71250.0000 -0.4199 0.2691 -0.0441 0.5200 122.6554 0.0324 0.0368 0.0166 -0.0151 0.0090 -0.0050 0.0429 0.3377 0.3045
1494720000.0000 71550.0000 -0.3112 0.1183 -0.0522 0.3574 110.8062 0.0168 0.0251 0.0068 -0.0072 0.0029 -0.0031 0.0244 0.3781 0.3548
1494720000.0000 71850.0000 -0.2318 0.1860 -0.0078 0.3138 128.7394 0.0187 0.0110 0.0049 -0.0049 0.0037 -0.0012 0.0172 0.3607 0.3343
1494720000.0000 72150.0000 -0.3729 0.3578 -0.0382 0.5280 133.8175 0.0310 0.0291 0.0100 -0.0173 0.0051 -0.0048 0.0351 0.2951 0.2740
1494720000.0000 72450.0000 -0.3397 0.1688 -0.0279 0.4135 116.4231 0.0237 0.0272 0.0126 0.0012 0.0074 -0.0016 0.0318 0.3826 0.3435
1494720000.0000 72750.0000 -0.3105 0.1816 -0.0337 0.3962 120.3196 0.0199 0.0392 0.0071 -0.0071 0.0031 -0.0029 0.0331 0.4112 0.3901
1494720000.0000 73050.0000 -0.3067 0.2129 -0.0332 0.3944 124.7680 0.0259 0.0129 0.0061 -0.0008 0.0045 -0.0018 0.0224 0.3262 0.3045
1494720000.0000 73350.0000 -0.3134 0.2336 -0.0271 0.4066 126.7027 0.0214 0.0214 0.0094 -0.0095 0.0051 -0.0058 0.0261 0.3369 0.3059
1494720000.0000 73650.0000 -0.3052 0.1633 -0.0207 0.3836 118.1474 0.0306 0.0382 0.0112 -0.0115 0.0064 -0.0023 0.0400 0.4708 0.4373
1494720000.0000 73950.0000 -0.1973 0.2085 -0.0201 0.3134 136.5819 0.0148 0.0111 0.0050 0.0032 0.0030 -0.0004 0.0155 0.3531 0.3240
1494720000.0000 74250.0000 -0.1710 0.2763 -0.0129 0.3367 148.2408 0.0181 0.0087 0.0022 -0.0087 0.0016 -0.0012 0.0145 0.3024 0.2907
1494720000.0000 74550.0000 -0.3054 0.2440 -0.0279 0.4174 128.6235 0.0130 0.0286 0.0070 -0.0012 0.0022 -0.0038 0.0243 0.3250 0.3014
1494720000.0000 74850.0000 -0.2434 0.1213 -0.0410 0.3015 116.4930 0.0147 0.0190 0.0066 -0.0016 0.0025 -0.0035 0.0201 0.4211 0.3897
1494720000.0000 75150.0000 -0.2449 0.1544 -0.0316 0.2954 122.2179 0.0080 0.0050 0.0045 -0.0026 0.0024 -0.0014 0.0088 0.2626 0.2278
1494720000.0000 75450.0000 -0.3336 0.3294 -0.0365 0.4753 134.6338 0.0108 0.0089 0.0031 -0.0043 0.0016 -0.0007 0.0114 0.1857 0.1731
1494720000.0000 75750.0000 -0.3895 0.3075 -0.0399 0.5226 128.2929 0.0212 0.0393 0.0123 -0.0084 0.0038 -0.0052 0.0364 0.3128 0.2861
1494720000.0000 76050.0000 -0.2123 0.1101 -0.0231 0.2477 117.4122 0.0113 0.0059 0.0038 -0.0031 0.0038 -0.0009 0.0105 0.3484 0.3170
1494720000.0000 76350.0000 -0.3098 0.2319 -0.0166 0.3986 126.8210 0.0115 0.0165 0.0067 -0.0063 0.0032 -0.0005 0.0174 0.2777 0.2496
1494720000.0000 76650.0000 -0.2811 0.2409 -0.0241 0.3929 130.6048 0.0294 0.0416 0.0131 -0.0204 0.0057 -0.0081 0.0421 0.4514 0.4155
1494720000.0000 76950.0000 -0.1886 0.0870 -0.0293 0.2287 114.7685 0.0065 0.0107 0.0050 -0.0013 0.0022 0.0015 0.0111 0.4100 0.3647
1494720000.0000 77250.0000 -0.1970 0.2262 -0.0099 0.3301 138.9425 0.0178 0.0258 0.0062 -0.0074 0.0039 -0.0035 0.0249 0.4297 0.4021
1494720000.0000 77550.0000 -0.2645 0.1924 -0.0277 0.3537 126.0243 0.0150 0.0242 0.0090 -0.0024 0.0034 -0.0002 0.0241 0.3859 0.3494
1494720000.0000 77850.0000 -0.3132 0.1316 -0.0155 0.3568 112.7854 0.0155 0.0174 0.0074 -0.0059 0.0045 -0.0025 0.0201 0.3406 0.3081
1494720000.0000 78150.0000 -0.3455 0.1620 -0.0351 0.3964 115.1195 0.0201 0.0118 0.0091 -0.0024 0.0041 -0.0004 0.0205 0.3049 0.2702
1494720000.0000 78450.0000 -0.2098 0.0789 -0.0255 0.2460 110.6098 0.0102 0.0117 0.0068 -0.0024 0.0025 -0.0028 0.0143 0.4332 0.3812
1494720000.0000 78750.0000 -0.2563 0.2310 -0.0307 0.3525 132.0275 0.0078 0.0086 0.0037 -0.0031 0.0011 0.0004 0.0101 0.2366 0.2145
1494720000.0000 79050.0000 -0.2037 0.0988 -0.0217 0.2450 115.8784 0.0114 0.0100 0.0074 -0.0008 0.0009 -0.0035 0.0144 0.4305 0.3726
1494720000.0000 79350.0000 -0.2113 0.1083 -0.0215 0.2548 117.1518 0.0131 0.0129 0.0052 -0.0054 0.0029 -0.0030 0.0157 0.4285 0.3927
1494720000.0000 79650.0000 -0.1650 0.0780 -0.0016 0.2094 115.3069 0.0123 0.0136 0.0049 -0.0068 0.0038 -0.0029 0.0154 0.5551 0.5093
1494720000.0000 79950.0000 -0.2035 0.3029 -0.0330 0.3737 146.1060 0.0048 0.0128 0.0028 -0.0013 0.0014 -0.0008 0.0102 0.2250 0.2098
1494720000.0000 80250.0000 -0.2573 0.1190 -0.0248 0.3009 114.8177 0.0052 0.0091 0.0026 0.0020 0.0018 0.0006 0.0084 0.2637 0.2436
1494720000.0000 80550.0000 -0.1994 0.2158 -0.0126 0.3027 137.2576 0.0053 0.0051 0.0023 0.0001 0.0008 -0.0009 0.0064 0.2221 0.2009
1494720000.0000 80850.0000 -0.2614 0.3366 -0.0211 0.4425 142.1698 0.0212 0.0139 0.0055 -0.0044 0.0016 -0.0017 0.0203 0.2726 0.2538
1494720000.0000 81150.0000 -0.3888 0.2560 -0.0458 0.5108 123.3639 0.0311 0.0587 0.0174 -0.0101 0.0040 -0.0045 0.0536 0.4040 0.3716
1494720000.0000 81450.0000 -0.0109 0.1998 -0.0091 0.2438 176.8829 0.0095 0.0277 0.0028 -0.0027 0.0015 -0.0018 0.0199 0.5756 0.5558
1494720000.0000 81750.0000 -0.1093 0.2961 -0.0084 0.3310 159.7464 0.0079 0.0122 0.0033 0.0020 -0.0003 -0.0034 0.0117 0.2795 0.2590
1494720000.0000 82050.0000 -0.2204 0.0830 -0.0092 0.2470 110.6309 0.0032 0.0067 0.0015 -0.0014 0.0002 0.0008 0.0057 0.2615 0.2434
1494720000.0000 82350.0000 -0.2539 0.2269 -0.0219 0.3691 131.7887 0.0165 0.0255 0.0041 -0.0041 0.0032 0.0000 0.0230 0.3630 0.3474
1494720000.0000 82650.0000 -0.2799 0.1372 -0.0125 0.3411 116.1153 0.0196 0.0223 0.0099 -0.0045 0.0056 -0.0020 0.0259 0.4216 0.3796
1494720000.0000 82950.0000 -0.1621 0.2857 -0.0288 0.3667 150.4303 0.0166 0.0224 0.0043 0.0055 0.0036 -0.0005 0.0217 0.3646 0.3473
1494720000.0000 83250.0000 -0.3088 0.2267 -0.0275 0.3969 126.2763 0.0086 0.0095 0.0039 0.0016 0.0023 -0.0003 0.0110 0.2228 0.2028
1494720000.0000 83550.0000 -0.3185 0.2410 -0.0229 0.4263 127.1152 0.0213 0.0301 0.0105 -0.0054 0.0047 -0.0033 0.0309 0.3591 0.3277
1494720000.0000 83850.0000 -0.2708 0.1395 -0.0310 0.3223 117.2499 0.0139 0.0166 0.0064 -0.0074 0.0029 -0.0015 0.0184 0.3622 0.3308
1494720000.0000 84150.0000 -0.3078 0.2542 -0.0321 0.4050 129.5543 0.0105 0.0117 0.0033 -0.0072 0.0008 -0.0008 0.0127 0.2300 0.2154
1494720000.0000 84450.0000 -0.3062 0.1942 -0.0231 0.3747 122.3875 0.0113 0.0128 0.0046 -0.0039 0.0026 -0.0027 0.0144 0.2697 0.2475
1494720000.0000 84750.0000 -0.2235 0.1059 -0.0150 0.2713 115.3419 0.0068 0.0151 0.0059 -0.0004 0.0020 -0.0011 0.0139 0.3884 0.3452
1494720000.0000 85050.0000 -0.2751 0.2964 -0.0341 0.4190 137.1286 0.0168 0.0150 0.0051 -0.0047 0.0044 -0.0020 0.0184 0.2732 0.2544
1494720000.0000 85350.0000 -0.1180 0.0884 -0.0262 0.1682 126.8206 0.0117 0.0136 0.0023 -0.0080 0.0012 -0.0007 0.0138 0.6406 0.6230
1494720000.0000 85650.0000 -0.2129 0.1930 -0.0165 0.3040 132.1912 0.0052 0.0133 0.0010 -0.0027 0.0001 0.0004 0.0098 0.2803 0.2732
1494720000.0000 85950.0000 -0.2509 0.1740 0.0020 0.3120 124.7308 0.0048 0.0053 0.0030 -0.0010 0.0005 0.0002 0.0065 0.2164 0.1904
1494720000.0000 86250.0000 -0.2474 0.0893 -0.0236 0.2819 109.8501 0.0086 0.0114 0.0060 -0.0010 0.0020 -0.0017 0.0130 0.3521 0.3099
1494806400.0000 86550.0000 -0.1134 0.1231 -0.0154 0.1958 137.3619 0.0105 0.0193 0.0025 -0.0062 0.0025 -0.0022 0.0161 0.6172 0.5957
1494806400.0000 86850.0000 -0.2993 0.2812 -0.0359 0.4306 133.2167 0.0054 0.0293 0.0040 -0.0015 0.0006 -0.0032 0.0193 0.2754 0.2616
1494806400.0000 87150.0000 -0.2831 0.2668 -0.0198 0.3926 133.3068 0.0043 0.0036 0.0020 -0.0013 0.0000 -0.0007 0.0049 0.1475 0.1321
1494806400.0000 87450.0000 -0.2587 0.2503 -0.0104 0.3707 134.0599 0.0077 0.0085 0.0029 -0.0006 0.0007 -0.0008 0.0095 0.2213 0.2039
1494806400.0000 87750.0000 -0.2279 0.0942 -0.0268 0.2681 112.4585 0.0119 0.0167 0.0050 -0.0042 0.0024 -0.0021 0.0168 0.4268 0.3958
1494806400.0000 88050.0000 -0.1745 0.1334 -0.0237 0.2375 127.3934 0.0074 0.0157 0.0025 -0.0047 0.0015 0.0002 0.0128 0.4187 0.3997
1494806400.0000 88350.0000 -0.2992 0.2857 -0.0345 0.4185 133.6714 0.0052 0.0044 0.0023 -0.0008 0.0000 -0.0003 0.0060 0.1520 0.1367
1494806400.0000 88650.0000 -0.2715 0.2562 -0.0160 0.3824 133.3411 0.0131 0.0051 0.0017 -0.0028 0.0009 -0.0009 0.0099 0.2179 0.2087
1494806400.0000 88950.0000 -0.3196 0.2224 -0.0228 0.3976 124.8291 0.0073 0.0084 0.0047 -0.0016 0.0015 -0.0015 0.0102 0.2115 0.1859
1494806400.0000 89250.0000 -0.1730 0.1045 -0.0219 0.2150 121.1156 0.0071 0.0057 0.0037 -0.0012 0.0023 -0.0005 0.0082 0.3641 0.3228
1494806400.0000 89550.0000 -0.2164 0.1825 -0.0036 0.2889 130.1533 0.0046 0.0045 0.0023 -0.0013 0.0000 -0.0007 0.0057 0.2182 0.1950
1494806400.0000 89850.0000 -0.2461 0.1384 -0.0109 0.3059 119.3536 0.0094 0.0188 0.0044 -0.0027 0.0016 -0.0008 0.0163 0.3686 0.3432
1494806400.0000 90150.0000 -0.2240 0.2174 -0.0111 0.3216 134.1454 0.0054 0.0085 0.0030 -0.0006 0.0014 -0.0007 0.0085 0.2404 0.2181
1494806400.0000 90450.0000 -0.2811 0.1473 -0.0103 0.3335 117.6459 0.0106 0.0122 0.0053 -0.0025 0.0031 -0.0023 0.0141 0.3050 0.2749
1494806400.0000 90750.0000 -0.1792 0.1744 -0.0223 0.2716 134.2135 0.0081 0.0106 0.0036 -0.0004 0.0017 -0.0004 0.0112 0.3442 0.3163
1494806400.0000 91050.0000 -0.2558 0.1725 -0.0280 0.3152 123.9990 0.0033 0.0053 0.0024 -0.0004 0.0007 -0.0010 0.0055 0.1955 0.1731
1494806400.0000 91350.0000 -0.2741 0.2156 -0.0174 0.3566 128.1938 0.0055 0.0068 0.0027 -0.0008 0.0011 -0.0011 0.0075 0.2028 0.1836
1494806400.0000 91650.0000 -0.3107 0.2705 -0.0007 0.4242 131.0403 0.0118 0.0103 0.0062 -0.0002 0.0019 -0.0018 0.0141 0.2357 0.2082
1494806400.0000 91950.0000 -0.3012 0.1522 -0.0145 0.3544 116.8029 0.0098 0.0146 0.0062 -0.0026 0.0028 -0.0028 0.0153 0.2991 0.2673
1494806400.0000 92250.0000 -0.4006 0.2376 -0.0358 0.4835 120.6773 0.0215 0.0277 0.0092 -0.0091 0.0049 -0.0015 0.0292 0.2986 0.2749
1494806400.0000 92550.0000 -0.2321 0.1908 -0.0316 0.3175 129.4220 0.0141 0.0116 0.0061 -0.0034 0.0029 -0.0006 0.0159 0.3410 0.3084
1494806400.0000 92850.0000 -0.2595 0.2946 -0.0112 0.4076 138.6238 0.0112 0.0152 0.0042 -0.0010 0.0012 -0.0013 0.0153 0.2571 0.2387
1494806400.0000 93150.0000 -0.3021 0.2235 -0.0390 0.3935 126.5003 0.0122 0.0250 0.0062 -0.0077 0.0028 -0.0041 0.0217 0.3184 0.2962
1494806400.0000 93450.0000 -0.2906 0.3531 -0.0016 0.4761 140.5444 0.0209 0.0158 0.0064 -0.0018 0.0024 -0.0043 0.0216 0.2623 0.2420
1494806400.0000 93750.0000 -0.3818 0.2518 -0.0406 0.4742 123.4082 0.0133 0.0252 0.0090 -0.0045 0.0019 -0.0049 0.0238 0.2741 0.2478
1494806400.0000 94050.0000 -0.4110 0.3649 -0.0298 0.5680 131.5966 0.0215 0.0290 0.0112 -0.0051 0.0039 -0.0060 0.0308 0.2604 0.2360
1494806400.0000 94350.0000 -0.4077 0.2719 -0.0385 0.5038 123.6979 0.0203 0.0162 0.0106 -0.0046 0.0064 -0.0037 0.0236 0.2549 0.2251
1494806400.0000 94650.0000 -0.3429 0.1705 -0.0327 0.4068 116.4397 0.0133 0.0205 0.0077 -0.0010 0.0018 -0.0016 0.0208 0.3062 0.2773
1494806400.0000 94950.0000 -0.2959 0.2361 -0.0339 0.4525 128.5878 0.0526 0.0420 0.0178 0.0176 0.0134 0.0011 0.0562 0.5093 0.4692
1494806400.0000 95250.0000 -0.2645 0.2937 -0.0250 0.4559 137.9874 0.0221 0.0544 0.0051 0.0097 0.0030 -0.0007 0.0408 0.4164 0.4039
1494806400.0000 95550.0000 -0.1323 0.1789 -0.0209 0.2484 143.5109 0.0111 0.0093 0.0027 0.0019 0.0006 -0.0010 0.0115 0.3915 0.3697
1494806400.0000 95850.0000 -0.4172 0.1479 -0.0695 0.4661 109.5173 0.0285 0.0226 0.0103 -0.0021 0.0092 0.0002 0.0307 0.3192 0.2948
1494806400.0000 96150.0000 -0.3146 0.3313 -0.0361 0.4667 136.4888 0.0129 0.0143 0.0062 -0.0044 0.0020 -0.0015 0.0167 0.2300 0.2083
1494806400.0000 96450.0000 -0.3550 0.2221 -0.0379 0.4547 122.0338 0.0273 0.0357 0.0097 -0.0067 0.0041 -0.0029 0.0363 0.3702 0.3461
1494806400.0000 96750.0000 -0.2326 0.2302 -0.0394 0.3787 134.7037 0.0193 0.0355 0.0094 0.0051 0.0042 -0.0027 0.0321 0.4436 0.4130
1494806400.0000 97050.0000 -0.4047 0.4951 -0.0566 0.6486 140.7404 0.0190 0.0112 0.0055 -0.0040 0.0019 -0.0023 0.0178 0.1699 0.1569
1494806400.0000 97350.0000 -0.3740 0.3436 -0.0212 0.5221 132.5787 0.0132 0.0168 0.0067 -0.0011 0.0016 -0.0020 0.0184 0.2176 0.1970
1494806400.0000 97650.0000 -0.3821 0.2578 -0.0392 0.4862 124.0030 0.0162 0.0344 0.0132 -0.0037 0.0053 -0.0049 0.0319 0.3154 0.2819
1494806400.0000 97950.0000 -0.3562 0.1711 -0.0351 0.4228 115.6637 0.0180 0.0264 0.0150 -0.0020 0.0047 -0.0053 0.0297 0.3546 0.3079
1494806400.0000 98250.0000 -0.2502 0.3301 -0.0321 0.4350 142.8405 0.0178 0.0137 0.0065 0.0000 0.0019 -0.0014 0.0190 0.2710 0.2473
1494806400.0000 98550.0000 -0.2578 0.3286 -0.0197 0.4309 141.8835 0.0111 0.0126 0.0045 -0.0009 0.0022 -0.0028 0.0141 0.2319 0.2130
1494806400.0000 98850.0000 -0.2853 0.2833 -0.0260 0.4487 134.7996 0.0259 0.0597 0.0065 -0.0085 0.0038 -0.0057 0.0461 0.4350 0.4203
1494806400.0000 99150.0000 -0.3317 0.3547 -0.0429 0.5187 136.9160 0.0211 0.0309 0.0111 0.0046 0.0025 -0.0013 0.0316 0.2975 0.2711
1494806400.0000 99450.0000 -0.3616 0.3062 -0.0639 0.4888 130.2546 0.0139 0.0233 0.0079 -0.0047 0.0048 -0.0018 0.0225 0.2564 0.2349
1494806400.0000 99750.0000 -0.2103 0.2585 -0.0305 0.3871 140.8802 0.0141 0.0448 0.0031 0.0052 0.0014 -0.0005 0.0310 0.4296 0.4205
1494806400.0000 100050.0000 -0.3401 0.2159 -0.0238 0.4254 122.4129 0.0112 0.0283 0.0053 -0.0089 0.0000 0.0020 0.0224 0.3026 0.2848
1494806400.0000 100350.0000 -0.4064 0.3261 -0.0492 0.5385 128.7432 0.0165 0.0265 0.0101 -0.0070 0.0055 -0.0030 0.0265 0.2540 0.2296
1494806400.0000 100650.0000 -0.3424 0.2824 -0.0520 0.4676 129.5081 0.0217 0.0289 0.0090 -0.0093 0.0033 -0.0008 0.0298 0.3155 0.2928
1494806400.0000 100950.0000 -0.1782 0.3401 -0.0289 0.4024 152.3527 0.0212 0.0199 0.0054 -0.0086 0.0041 -0.0022 0.0232 0.3232 0.3048
1494806400.0000 101250.0000 -0.4236 0.5359 -0.0574 0.7000 141.6711 0.0285 0.0153 0.0070 -0.0015 0.0012 -0.0023 0.0254 0.1898 0.1768
1494806400.0000 101550.0000 -0.4456 0.4757 -0.0492 0.6672 136.8719 0.0290 0.0384 0.0100 -0.0139 0.0055 -0.0054 0.0387 0.2457 0.2300
1494806400.0000 101850.0000 -0.3202 0.2029 -0.0447 0.4122 122.3572 0.0117 0.0358 0.0056 -0.0041 0.0004 -0.0002 0.0265 0.3485 0.3319
1494806400.0000 102150.0000 -0.3733 0.3216 -0.0293 0.5293 130.7489 0.0221 0.0516 0.0115 -0.0017 0.0068 -0.0001 0.0426 0.3413 0.3180
1494806400.0000 102450.0000 -0.3062 0.4358 -0.0462 0.5509 144.9019 0.0317 0.0138 0.0076 -0.0075 0.0039 -0.0039 0.0266 0.2491 0.2314
1494806400.0000 102750.0000 -0.3333 0.1675 -0.0479 0.3997 116.6845 0.0116 0.0286 0.0071 -0.0056 0.0026 -0.0019 0.0237 0.3340 0.3104
1494806400.0000 103050.0000 -0.3666 0.3106 -0.0439 0.5265 130.2728 0.0183 0.0599 0.0075 -0.0041 0.0036 -0.0015 0.0428 0.3502 0.3360
1494806400.0000 103350.0000 -0.2789 0.3408 -0.0432 0.5026 140.6986 0.0290 0.0803 0.0058 -0.0076 0.0021 -0.0045 0.0576 0.4428 0.4335
1494806400.0000 103650.0000 -0.2700 0.2138 -0.0583 0.4271 128.3748 0.0414 0.0419 0.0078 0.0229 0.0049 0.0010 0.0455 0.4987 0.4837
1494806400.0000 103950.0000 -0.2388 0.2716 -0.0299 0.3855 138.6865 0.0159 0.0219 0.0036 -0.0029 0.0011 0.0013 0.0207 0.3235 0.3103
1494806400.0000 104250.0000 -0.1101 0.2817 -0.0196 0.4100 158.6568 0.0406 0.0730 0.0050 0.0408 0.0051 0.0038 0.0593 0.6560 0.6434
1494806400.0000 104550.0000 -0.2018 0.3092 -0.0348 0.4255 146.8745 0.0493 0.0260 0.0076 -0.0034 0.0048 -0.0026 0.0414 0.4482 0.4292
1494806400.0000 104850.0000 -0.2307 0.2016 -0.0440 0.3501 131.1380 0.0124 0.0284 0.0038 0.0080 0.0023 -0.0005 0.0223 0.3941 0.3809
1494806400.0000 105150.0000 -0.1488 0.2150 -0.0415 0.4268 145.3142 0.0279 0.1123 0.0050 0.0308 0.0025 -0.0008 0.0726 0.8308 0.8266
1494806400.0000 105450.0000 -0.2298 0.4331 -0.0479 0.4997 152.0497 0.0097 0.0149 0.0038 -0.0034 0.0011 -0.0026 0.0142 0.1976 0.1847
1494806400.0000 105750.0000 -0.2093 0.0692 -0.0306 0.3412 108.2930 0.0415 0.0516 0.0051 0.0084 0.0012 -0.0016 0.0491 0.8131 0.7993
1494806400.0000 106050.0000 -0.2994 0.2997 -0.0339 0.4728 135.0317 0.0175 0.0512 0.0051 0.0051 0.0033 0.0000 0.0369 0.3692 0.3573
1494806400.0000 106350.0000 -0.1610 0.2929 -0.0234 0.4717 151.2014 0.0408 0.1055 0.0090 0.0012 0.0021 -0.0008 0.0776 0.6789 0.6606
1494806400.0000 106650.0000 -0.0543 0.1916 -0.0282 0.4346 164.1842 0.0925 0.0946 0.0083 -0.0244 0.0003 -0.0008 0.0977 1.2692 1.2542
1494806400.0000 106950.0000 -0.2440 0.2052 -0.0435 0.4073 130.0626 0.0479 0.0364 0.0067 0.0203 0.0056 0.0002 0.0455 0.5413 0.5258
1494806400.0000 107250.0000 -0.3939 0.2417 -0.0609 0.5116 121.5318 0.0457 0.0411 0.0188 0.0049 0.0129 -0.0027 0.0528 0.4025 0.3680
1494806400.0000 107550.0000 -0.3811 0.1128 -0.0701 0.4874 106.4849 0.0587 0.0546 0.0182 0.0328 0.0122 0.0024 0.0657 0.5186 0.4888
1494806400.0000 107850.0000 -0.3941 0.3929 -0.0658 0.6058 134.9178 0.0176 0.0754 0.0086 0.0024 0.0052 -0.0007 0.0508 0.3283 0.3163
1494806400.0000 108150.0000 -0.4050 0.3730 -0.0447 0.5668 132.6490 0.0234 0.0248 0.0104 -0.0064 0.0064 -0.0011 0.0293 0.2530 0.2302
1494806400.0000 108450.0000 -0.1731 0.3270 -0.0410 0.4090 152.1033 0.0252 0.0316 0.0094 0.0022 0.0088 -0.0039 0.0331 0.3990 0.3718
1494806400.0000 108750.0000 -0.1541 0.3386 -0.0448 0.4054 155.5270 0.0258 0.0204 0.0048 0.0045 0.0045 0.0001 0.0255 0.3481 0.3336
1494806400.0000 109050.0000 -0.1662 0.2484 -0.0590 0.3733 146.2104 0.0349 0.0541 0.0050 -0.0184 0.0036 -0.0013 0.0470 0.5810 0.5764
1494806400.0000 109350.0000 -0.1271 0.3299 -0.0277 0.4682 158.9359 0.0858 0.0486 0.0092 -0.0162 0.0040 -0.0010 0.0718 0.6171 0.5988
1494806400.0000 109650.0000 -0.0253 0.2896 -0.0381 0.4010 175.0011 0.0513 0.0763 0.0111 -0.0223 0.0019 -0.0030 0.0693 0.7334 0.7095
1494806400.0000 109950.0000 0.0374 0.0065 -0.0269 0.4754 260.1740 0.1121 0.1881 0.0262 -0.0215 0.0073 0.0221 0.1632 7.0891 8.3309
1494806400.0000 110250.0000 -0.0206 0.1763 -0.0524 0.3033 173.3463 0.0436 0.0407 0.0125 -0.0137 -0.0013 0.0077 0.0484 0.9704 0.9440
1494806400.0000 110550.0000 -0.1511 0.1527 0.0226 0.4367 135.3114 0.0943 0.1312 0.0229 -0.0425 0.0063 0.0002 0.1242 1.3319 1.2761
1494806400.0000 110850.0000 -0.4378 0.1633 -0.0963 0.5605 110.4620 0.0832 0.0884 0.0408 0.0206 0.0139 0.0119 0.1062 0.5577 0.5118
1494806400.0000 111150.0000 -0.0770 0.2959 -0.0151 0.3270 165.4166 0.0158 0.0186 0.0042 -0.0052 0.0008 -0.0013 0.0193 0.3707 0.3504
1494806400.0000 111450.0000 -0.2545 0.2935 -0.0582 0.5616 139.0733 0.0528 0.1780 0.0186 -0.0316 0.0140 -0.0070 0.1247 0.7341 0.7141
1494806400.0000 111750.0000 -0.2506 -0.2483 -0.0667 0.6293 45.2612 0.1237 0.3820 0.0542 0.0237 0.0365 0.0335 0.2800 1.2034 1.1640
1494806400.0000 112050.0000 -0.0935 -0.0474 -0.0267 0.3828 63.1450 0.0941 0.1267 0.0279 0.0131 0.0102 0.0085 0.1243 2.6611 2.5875
1494806400.0000 112350.0000 -0.0931 -0.5577 -0.0729 0.7091 9.4772 0.0870 0.3140 0.0404 0.0143 0.0121 0.0020 0.2207 0.6728 0.6466
1494806400.0000 112650.0000 -0.1321 -0.0724 -0.0423 0.5755 61.2969 0.1096 0.4140 0.0569 0.0077 0.0181 -0.0095 0.2903 2.8112 2.7730
1494806400.0000 112950.0000 -0.0753 -0.3629 -0.0811 0.6209 11.7285 0.1780 0.1740 0.0616 -0.0634 0.0293 -0.0011 0.2068 0.9786 0.9242
1494806400.0000 113250.0000 -0.2750 -0.0040 -0.0839 0.8543 89.1570 0.3521 0.5369 0.1023 -0.0063 0.0718 0.0127 0.4957 1.9990 1.9792
1494806400.0000 113550.0000 -0.4525 -0.4625 -0.1031 0.8717 44.3698 0.3975 0.3741 0.0783 0.1214 0.0802 0.0741 0.4250 0.8124 0.7838
1494806400.0000 113850.0000 -0.1406 -0.0710 -0.0281 0.4618 63.2211 0.0826 0.1886 0.0344 -0.0483 0.0030 0.0091 0.1528 1.9949 1.9090
1494806400.0000 114150.0000 -0.3675 -0.2512 -0.0615 0.7619 55.6417 0.1336 0.4870 0.0586 -0.0027 0.0131 0.0088 0.3396 1.0587 1.0217
1494806400.0000 114450.0000 -0.4394 -0.1928 -0.0833 0.8041 66.3081 0.2204 0.3704 0.0848 -0.0218 0.0629 0.0308 0.3378 0.9744 0.9248
1494806400.0000 114750.0000 0.1584 -0.1625 -0.0614 0.5765 315.7427 0.2006 0.2067 0.0637 -0.0024 0.0177 0.0026 0.2355 1.6855 1.6238
1494806400.0000 115050.0000 -0.2584 0.4197 -0.0145 0.5273 148.3804 0.0436 0.0407 0.0223 -0.0089 0.0022 -0.0033 0.0533 0.3823 0.3401
1494806400.0000 115350.0000 -0.4668 0.3625 -0.0567 0.7415 127.8298 0.1291 0.2011 0.0455 0.0205 0.0273 -0.0191 0.1879 0.5960 0.5613
1494806400.0000 115650.0000 0.1870 -0.2850 -0.0202 0.6134 326.7228 0.2695 0.0817 0.0472 -0.0321 0.0105 0.0226 0.1992 1.0672 1.0038
1494806400.0000 115950.0000 0.1321 -0.2099 -0.0259 0.4442 327.8064 0.0999 0.1341 0.0403 -0.0389 -0.0036 0.0196 0.1372 1.2127 1.1261
1494806400.0000 116250.0000 0.1632 -0.0772 0.0390 0.4164 295.3174 0.1220 0.1075 0.0182 0.0283 0.0032 0.0089 0.1239 1.5561 1.5324
1494806400.0000 116550.0000 0.3417 -0.1769 -0.0364 0.5986 297.3743 0.2148 0.1440 0.0253 -0.0136 0.0075 0.0105 0.1920 0.9257 0.8988
1494806400.0000 116850.0000 -0.3002 -0.1465 -0.1304 0.7979 63.9823 0.4163 0.3287 0.1270 0.1631 0.0439 0.0165 0.4360 1.5034 1.4918
1494806400.0000 117150.0000 -0.0938 0.0154 -0.1393 0.6295 99.2921 0.3815 0.1813 0.0887 -0.0341 0.0298 0.0277 0.3258 2.7636 4.5549
1494806400.0000 117450.0000 -0.2062 0.1504 -0.0058 0.6154 126.1019 0.2918 0.2077 0.0633 0.0001 0.0419 0.0033 0.2814 1.6970 1.5991
1494806400.0000 117750.0000 -0.1452 -0.0370 -0.0366 0.5975 75.7204 0.2240 0.2068 0.0598 0.0138 0.0371 0.0192 0.2453 2.6211 2.5286
1494806400.0000 118050.0000 -0.0512 0.3885 0.0345 0.6323 172.4882 0.1605 0.2816 0.0665 -0.0912 0.0304 -0.0293 0.2543 1.0468 0.9797
1494806400.0000 118350.0000 -0.1439 -0.0842 -0.0407 0.6657 59.6781 0.3047 0.2292 0.0882 -0.0151 0.0395 0.0012 0.3110 2.6537 2.5308
1494806400.0000 118650.0000 -0.5640 0.5435 -0.0366 1.0062 133.9382 0.3795 0.2920 0.1017 -0.0227 0.0495 -0.0079 0.3866 0.6474 0.6040
1494806400.0000 118950.0000 -0.2893 0.2545 -0.0887 0.7483 131.3447 0.2872 0.5392 0.0803 0.0077 0.0311 0.0237 0.4533 1.3903 1.3620
1494806400.0000 119250.0000 0.3316 -0.2386 -0.1240 0.5674 305.7374 0.1057 0.1579 0.0552 -0.0542 0.0148 0.0098 0.1594 0.7635 0.7256
1494806400.0000 119550.0000 -0.0773 -0.1082 0.0424 0.6874 35.5449 0.2692 0.3504 0.1013 -0.0313 0.0371 -0.0408 0.3604 3.5121 3.4172
1494806400.0000 119850.0000 0.0796 0.0547 0.0211 0.4555 235.5182 0.1096 0.2029 0.0528 -0.0345 0.0074 -0.0038 0.1827 3.5307 3.3425
1494806400.0000 120150.0000 -0.1002 -0.4456 0.0006 0.6108 12.6792 0.1501 0.1451 0.0551 0.0502 0.0401 0.0134 0.1751 0.7482 0.6868
1494806400.0000 120450.0000 0.5634 -0.2300 -0.0239 0.7782 292.2113 0.2610 0.2119 0.0504 0.0432 -0.0077 0.0300 0.2616 0.6858 0.6524
1494806400.0000 120750.0000 -0.1670 0.4423 0.0067 0.7628 159.3179 0.2033 0.4374 0.0570 0.0348 0.0131 -0.0064 0.3489 1.0199 0.9775
1494806400.0000 121050.0000 0.0046 0.0406 -0.0088 0.3951 186.4977 0.1433 0.0695 0.0407 0.0014 0.0096 0.0053 0.1267 6.9614 6.5240
1494806400.0000 121350.0000 -0.2865 0.5456 0.0002 0.7505 152.3013 0.1532 0.1708 0.0512 0.0274 0.0126 -0.0129 0.1876 0.5738 0.5333
1494806400.0000 121650.0000 0.1168 0.4425 -0.0049 0.6116 194.7911 0.0856 0.1523 0.0397 -0.0274 -0.0163 -0.0017 0.1388 0.6646 0.6152
1494806400.0000 121950.0000 0.2238 0.1704 -0.0121 0.5412 232.7269 0.1409 0.1809 0.0503 -0.0853 -0.0311 0.0312 0.1860 1.2509 1.1644
1494806400.0000 122250.0000 -0.3520 0.1848 -0.1308 0.8686 117.6951 0.3627 0.4051 0.1080 0.0981 0.0462 0.0375 0.4379 1.2909 1.2724
1494806400.0000 122550.0000 -0.0110 0.5311 -0.1124 0.7759 178.8153 0.3193 0.2878 0.0791 -0.0536 0.0181 -0.0435 0.3431 0.8809 0.8469
1494806400.0000 122850.0000 0.0572 0.5233 0.0165 0.7626 186.2380 0.2046 0.2540 0.0563 -0.0506 0.0037 -0.0101 0.2575 0.7867 0.7428
1494806400.0000 123150.0000 0.0435 0.4572 -0.0393 0.6378 185.4344 0.1381 0.1978 0.0708 -0.0015 0.0083 -0.0127 0.2033 0.7988 0.7287
1494806400.0000 123450.0000 -0.0683 0.2775 0.0007 0.7959 166.1632 0.2983 0.4960 0.0827 -0.1436 0.0115 -0.0053 0.4385 1.8920 1.8005
1494806400.0000 123750.0000 -0.1476 -0.1312 -0.0605 0.6288 48.3634 0.1939 0.3929 0.0671 0.0401 0.0247 -0.0078 0.3270 2.2607 2.2398
1494806400.0000 124050.0000 0.0132 0.3501 -0.0168 0.5934 182.1641 0.1575 0.1608 0.0475 0.0179 0.0179 0.0047 0.1829 0.9955 0.9298
1494806400.0000 124350.0000 0.2765 0.1026 0.0118 0.8280 249.6423 0.2633 0.5624 0.0902 -0.1598 0.0142 -0.0020 0.4580 1.8724 1.7792
1494806400.0000 124650.0000 -0.1181 0.6201 -0.0351 1.0398 169.2166 0.4726 0.6184 0.1597 0.0080 0.0504 -0.0692 0.6253 1.0213 0.9553
1494806400.0000 124950.0000 -0.1874 0.6043 -0.0767 0.8374 162.7729 0.2030 0.2811 0.0840 0.1056 0.0249 -0.0129 0.2841 0.6828 0.6349
1494806400.0000 125250.0000 0.0038 -0.4182 -0.0707 0.7719 359.4803 0.3549 0.2331 0.1133 0.0116 0.0391 -0.0054 0.3507 1.1400 1.0587
1494806400.0000 125550.0000 -0.2478 0.4921 -0.0856 1.1619 153.2694 0.6342 0.8236 0.1066 -0.4038 0.0552 0.0043 0.7822 1.2950 1.2651
1494806400.0000 125850.0000 -0.0838 -0.1016 -0.0559 0.9549 39.5173 0.3680 0.9871 0.1218 -0.2316 0.0333 -0.0137 0.7384 4.9048 5.1041
1494806400.0000 126150.0000 -0.4136 0.4913 -0.0356 0.9255 139.9060 0.2950 0.3771 0.0889 0.0101 0.0498 0.0157 0.3805 0.7830 0.7370
1494806400.0000 126450.0000 -0.0186 0.8481 -0.0896 1.0204 178.7450 0.2135 0.5087 0.0870 -0.1565 0.0080 -0.0739 0.4046 0.6089 0.5784
1494806400.0000 126750.0000 -0.0452 0.8523 -0.0269 1.0712 176.9626 0.3624 0.7720 0.1296 0.0341 -0.0256 -0.0466 0.6320 0.7602 0.7205
1494806400.0000 127050.0000 -0.3602 -0.1220 -0.0350 0.7851 71.2892 0.1931 0.5132 0.0850 0.0911 -0.0012 -0.0508 0.3957 1.3450 1.2760
1494806400.0000 127350.0000 -0.2888 0.8902 -0.1153 1.0439 162.0253 0.2155 0.1972 0.1079 -0.0500 0.0405 -0.0336 0.2603 0.4418 0.3963
1494806400.0000 127650.0000 -0.0869 0.8396 -0.0267 1.1017 174.0922 0.2882 0.6082 0.1147 -0.2086 0.0153 -0.0829 0.5056 0.6875 0.6476
1494806400.0000 127950.0000 0.7189 -0.1428 -0.0738 0.8612 281.2389 0.2859 0.1494 0.0644 -0.0982 -0.0561 0.0418 0.2498 0.5540 0.5197
1494806400.0000 128250.0000 -0.2632 0.8755 -0.0085 1.0713 163.2677 0.3556 0.3901 0.1003 -0.1510 0.0197 -0.0742 0.4230 0.5808 0.5453
1494806400.0000 128550.0000 -0.6129 1.2135 -0.1512 1.5467 153.2027 0.6656 0.3678 0.1503 -0.1092 0.0582 -0.0864 0.5919 0.4592 0.4317
1494806400.0000 128850.0000 -0.3963 0.4310 -0.1041 1.0383 137.4057 0.2365 0.7739 0.0819 -0.0087 0.0338 -0.0366 0.5461 1.0147 0.9912
1494806400.0000 129150.0000 -0.6288 0.5439 -0.0758 1.1146 130.8616 0.1908 0.5776 0.1031 0.0279 0.0336 -0.0681 0.4358 0.6456 0.6088
1494806400.0000 129450.0000 -0.5960 0.2026 -0.1132 1.0916 108.7757 0.2271 0.7694 0.0998 0.0498 0.0389 -0.0228 0.5481 0.9452 0.9156
1494806400.0000 129750.0000 -1.0312 0.5430 -0.1694 1.3296 117.7704 0.3104 0.4565 0.1764 -0.0652 0.0689 -0.0375 0.4717 0.4762 0.4338
1494806400.0000 130050.0000 -0.4351 0.6500 -0.1555 0.9722 146.2016 0.2866 0.5649 0.1082 -0.1727 0.0392 -0.0946 0.4798 0.7092 0.6811
1494806400.0000 130350.0000 -0.4801 0.4020 -0.1072 0.9346 129.9385 0.2115 0.4631 0.0748 0.1292 0.0134 -0.0344 0.3747 0.7867 0.7573
1494806400.0000 130650.0000 -0.4354 0.5192 -0.0555 0.8554 140.0172 0.2208 0.2374 0.0833 0.0415 0.0364 -0.0199 0.2708 0.6249 0.5768
1494806400.0000 130950.0000 -0.1951 0.7148 -0.0197 0.8389 164.7314 0.1556 0.3032 0.0657 -0.0575 0.0223 -0.0369 0.2622 0.5641 0.5278
1494806400.0000 131250.0000 0.1911 0.2334 0.0044 0.5179 219.3084 0.1268 0.1287 0.0379 -0.0497 -0.0098 -0.0071 0.1467 1.0365 0.9673
1494806400.0000 131550.0000 0.1570 0.4676 -0.0581 0.8897 198.5586 0.5009 0.3067 0.0640 -0.3071 0.0377 -0.0446 0.4358 1.0852 1.0519
1494806400.0000 131850.0000 -0.2149 0.2112 -0.0569 0.6410 134.5057 0.3043 0.2068 0.0467 -0.0657 0.0086 -0.0119 0.2789 1.4063 1.3698
1494806400.0000 132150.0000 -0.2200 0.4021 -0.0570 0.8523 151.3153 0.3352 0.3927 0.1262 -0.0517 -0.0182 0.0197 0.4270 1.1553 1.0747
1494806400.0000 132450.0000 -0.6610 0.3142 -0.1361 0.9405 115.4235 0.3110 0.2613 0.1020 -0.1042 0.0666 -0.0235 0.3371 0.6369 0.5968
1494806400.0000 132750.0000 -0.0776 0.2679 -0.0445 0.4151 163.8555 0.0978 0.0711 0.0264 -0.0009 0.0160 -0.0072 0.0976 0.9033 0.8508
1494806400.0000 133050.0000 0.1647 0.1543 -0.0664 0.3336 226.8613 0.0564 0.0352 0.0278 -0.0189 0.0073 -0.0022 0.0597 0.8479 0.7742
1494806400.0000 133350.0000 0.3337 -0.0751 -0.0126 0.5759 282.6785 0.1898 0.1539 0.0322 -0.0995 -0.0239 0.0250 0.1879 1.0342 0.9896
1494806400.0000 133650.0000 0.1587 -0.2749 -0.0533 0.5885 330.0080 0.2213 0.1009 0.0579 0.0327 0.0008 0.0101 0.1900 1.1057 1.0323
1494806400.0000 133950.0000 -0.1522 0.5879 -0.0722 0.8779 165.4847 0.4398 0.1716 0.1043 0.0248 0.0565 0.0113 0.3578 0.7986 0.7434
1494806400.0000 134250.0000 -0.1452 0.1296 -0.0591 0.5574 131.7475 0.2345 0.1500 0.0566 0.0800 0.0219 0.0092 0.2205 1.8848 1.8391
1494806400.0000 134550.0000 -0.1664 0.5017 -0.0488 0.7442 161.6479 0.2537 0.2777 0.0830 -0.0913 0.0015 -0.0341 0.3072 0.8526 0.7963
1494806400.0000 134850.0000 0.1816 -0.2558 -0.0091 0.6330 324.6348 0.1139 0.3515 0.0594 0.0571 0.0017 0.0170 0.2624 1.3326 1.2554
1494806400.0000 135150.0000 0.1942 -0.2922 -0.0426 0.5980 326.3910 0.1467 0.1876 0.0670 -0.0076 -0.0158 0.0241 0.2007 1.0350 0.9515
1494806400.0000 135450.0000 -0.2820 0.2709 -0.0131 0.6955 133.8441 0.2145 0.2480 0.0812 -0.0285 -0.0036 0.0107 0.2719 1.0881 1.0041
1494806400.0000 135750.0000 -0.4657 0.7819 -0.0975 1.1110 149.2202 0.4665 0.2659 0.1085 -0.0411 0.0610 -0.0348 0.4204 0.5784 0.5429
1494806400.0000 136050.0000 -0.0383 -0.3178 -0.1495 0.7467 6.8664 0.3932 0.2925 0.0754 0.0663 0.0402 -0.0075 0.3805 1.4254 1.4933
1494806400.0000 136350.0000 -0.4189 0.2902 -0.0662 0.8677 124.7084 0.3597 0.5027 0.0890 -0.1346 0.0506 -0.0262 0.4757 1.0958 1.0521
1494806400.0000 136650.0000 -0.1832 0.0585 -0.0218 0.5582 107.7130 0.1827 0.2145 0.0744 -0.0731 -0.0134 0.0094 0.2358 2.0488 1.8924
1494806400.0000 136950.0000 -0.3373 0.1534 -0.0700 0.7444 114.4594 0.3196 0.3408 0.0631 -0.1230 0.0275 -0.0047 0.3618 1.3024 1.2663
1494806400.0000 137250.0000 0.1352 0.2086 -0.0332 0.5168 212.9527 0.0953 0.2002 0.0548 -0.0772 0.0033 -0.0285 0.1751 1.3622 1.2623
1494806400.0000 137550.0000 0.2005 0.6482 -0.0140 0.7763 197.1886 0.1155 0.2617 0.0511 0.0407 -0.0181 -0.0375 0.2142 0.5568 0.5226
1494806400.0000 137850.0000 0.1177 0.1010 -0.0527 0.2911 229.3703 0.0386 0.0753 0.0309 0.0103 -0.0038 -0.0062 0.0724 1.3406 1.2558
1494806400.0000 138150.0000 -0.1851 0.8510 -0.0735 1.1526 167.7261 0.6612 0.4365 0.1408 -0.3463 0.0235 -0.0521 0.6192 0.7351 0.6946
1494806400.0000 138450.0000 -0.4904 0.9409 -0.0947 1.2062 152.4728 0.1784 0.4543 0.0830 0.0256 0.0046 -0.0773 0.3579 0.4585 0.4328
1494806400.0000 138750.0000 0.2058 -0.0110 -0.0075 0.3595 273.0612 0.0834 0.0431 0.0187 -0.0110 -0.0044 0.0023 0.0726 1.0666 0.9963
1494806400.0000 139050.0000 -0.3917 0.4470 -0.0510 0.8692 138.7709 0.2665 0.3942 0.0659 0.0392 0.0213 -0.0370 0.3633 0.8250 0.7896
1494806400.0000 139350.0000 -0.0253 0.2373 -0.0372 0.3681 173.9152 0.0914 0.0570 0.0466 -0.0206 0.0132 -0.0037 0.0975 1.0557 0.9320
1494806400.0000 139650.0000 0.2384 -0.0513 -0.0142 0.3696 282.1390 0.0724 0.0447 0.0147 -0.0015 -0.0048 0.0009 0.0659 0.8582 0.8101
1494806400.0000 139950.0000 -0.0141 -0.1449 -0.0490 0.2630 5.5777 0.0346 0.0569 0.0158 0.0190 -0.0013 -0.0034 0.0536 1.2313 1.1998
1494806400.0000 140250.0000 -0.2834 -0.0163 -0.0772 0.3835 86.7117 0.0804 0.0557 0.0191 0.0341 0.0124 0.0075 0.0776 0.7730 0.7502
1494806400.0000 140550.0000 -0.1591 0.2290 -0.0597 0.3544 145.2043 0.0508 0.0789 0.0213 -0.0361 0.0012 -0.0024 0.0755 0.7865 0.7455
1494806400.0000 140850.0000 -0.1692 -0.0057 -0.0240 0.4467 88.0542 0.1073 0.1193 0.0259 -0.0050 0.0045 0.0009 0.1263 1.6972 1.6239
1494806400.0000 141150.0000 -0.0152 0.0942 0.0137 0.4303 170.8249 0.0555 0.2331 0.0370 0.0024 -0.0031 -0.0328 0.1628 3.4177 3.2503
1494806400.0000 141450.0000 -0.6294 -0.0080 -0.1263 0.6895 89.2691 0.1202 0.0771 0.0443 0.0229 0.0138 0.0067 0.1208 0.4420 0.4075
1494806400.0000 141750.0000 0.2228 -0.1158 -0.0218 0.4647 297.4630 0.1323 0.0806 0.0291 -0.0150 0.0048 -0.0088 0.1210 1.1268 1.0609
1494806400.0000 142050.0000 0.3307 -0.2380 -0.0609 0.4689 305.7362 0.0642 0.0524 0.0305 -0.0044 -0.0110 0.0158 0.0735 0.5375 0.4839
1494806400.0000 142350.0000 0.4101 -0.2117 -0.0190 0.5883 297.3094 0.1784 0.1151 0.0352 -0.0246 -0.0120 0.0152 0.1643 0.7165 0.6776
1494806400.0000 142650.0000 0.2959 -0.5397 -0.0735 0.7290 331.2652 0.1310 0.1359 0.0610 0.0150 -0.0121 0.0281 0.1640 0.5334 0.4846
1494806400.0000 142950.0000 -0.0897 -0.0774 -0.0468 0.6402 49.2168 0.2320 0.2895 0.0426 0.0339 -0.0102 -0.0065 0.2820 3.4046 3.5200
1494806400.0000 143250.0000 0.1874 0.4137 0.0130 0.5966 204.3737 0.1069 0.1634 0.0387 -0.0477 -0.0121 -0.0044 0.1545 0.7063 0.6609
1494806400.0000 143550.0000 -0.0822 0.9081 -0.0726 1.0284 174.8297 0.2316 0.3002 0.0757 -0.0740 -0.0025 -0.0670 0.3038 0.4920 0.4618
1494806400.0000 143850.0000 -0.0242 -0.0414 0.0290 0.3097 30.3518 0.0687 0.0871 0.0293 -0.0215 -0.0122 0.0062 0.0925 4.4322 4.7509
1494806400.0000 144150.0000 -0.1547 -0.1143 -0.0131 0.4068 53.5531 0.1054 0.0837 0.0383 -0.0286 0.0036 0.0113 0.1137 1.4282 1.3053
1494806400.0000 144450.0000 0.0118 -0.3998 -0.0719 0.5648 358.3071 0.1413 0.1148 0.0437 0.0229 -0.0050 0.0326 0.1499 0.7778 0.7304
1494806400.0000 144750.0000 0.0495 -0.0959 -0.0350 0.3782 332.7001 0.1369 0.0718 0.0217 -0.0325 -0.0118 0.0129 0.1152 2.4415 2.4427
1494806400.0000 145050.0000 0.0457 0.0090 -0.0561 0.6872 258.7993 0.2648 0.3317 0.0297 0.0541 -0.0080 -0.0040 0.3131 6.2682 9.5758
1494806400.0000 145350.0000 -0.0156 -0.4341 -0.0665 0.5936 2.0554 0.1269 0.1901 0.0442 0.0221 -0.0074 0.0367 0.1806 0.7898 0.7484
1494806400.0000 145650.0000 -0.1135 -0.3283 -0.0402 0.5665 19.0734 0.1867 0.1414 0.0371 0.0020 0.0009 0.0140 0.1826 0.9976 0.9518
1494806400.0000 145950.0000 0.4514 -0.1754 -0.0477 0.5843 291.2403 0.2266 0.0572 0.0350 -0.0210 -0.0155 0.0160 0.1594 0.6700 0.6352
1494806400.0000 146250.0000 0.3989 -0.2242 -0.1291 0.5788 299.3330 0.1730 0.0828 0.0420 -0.0354 -0.0271 0.0184 0.1489 0.6627 0.6382
1494806400.0000 146550.0000 0.0519 0.1115 -0.0217 0.3000 204.9817 0.0347 0.0572 0.0149 -0.0194 -0.0057 0.0052 0.0533 1.5102 1.4227
1494806400.0000 146850.0000 -0.2028 0.5584 -0.0524 0.6399 160.0399 0.0550 0.0633 0.0226 0.0135 -0.0043 -0.0063 0.0705 0.3634 0.3342
1494806400.0000 147150.0000 -0.2231 0.1652 -0.0526 0.3592 126.5098 0.0467 0.0547 0.0118 -0.0118 0.0059 0.0004 0.0566 0.6876 0.6624
1494806400.0000 147450.0000 0.0395 0.3625 -0.0367 0.3969 186.2161 0.0228 0.0473 0.0238 -0.0040 -0.0042 0.0001 0.0469 0.4827 0.4192
1494806400.0000 147750.0000 -0.0217 0.3231 -0.0653 0.3767 176.1571 0.0353 0.0231 0.0208 0.0010 -0.0031 0.0022 0.0396 0.4918 0.4307
1494806400.0000 148050.0000 0.0419 0.2319 -0.0684 0.2922 190.2399 0.0195 0.0374 0.0115 0.0084 -0.0074 -0.0068 0.0342 0.6156 0.5845
1494806400.0000 148350.0000 0.0859 -0.0718 -0.0710 0.3038 309.8907 0.0308 0.0938 0.0186 -0.0182 -0.0052 0.0138 0.0716 1.6474 1.8195
1494806400.0000 148650.0000 0.1482 -0.0650 -0.0208 0.2610 293.6679 0.0430 0.0329 0.0117 -0.0048 0.0020 0.0039 0.0438 1.0470 0.9827
1494806400.0000 148950.0000 0.0951 0.1345 -0.0029 0.2685 215.2794 0.0273 0.0478 0.0129 -0.0038 -0.0007 0.0041 0.0440 1.0397 0.9605
1494806400.0000 149250.0000 0.0746 -0.2699 -0.0582 0.4421 344.5482 0.0883 0.0919 0.0205 0.0172 0.0019 0.0090 0.1003 0.9044 0.8752
1494806400.0000 149550.0000 0.1842 -0.0752 -0.0479 0.3244 292.2144 0.0861 0.0362 0.0229 -0.0063 0.0070 -0.0090 0.0726 1.0750 1.0148
1494806400.0000 149850.0000 -0.1192 -0.3562 -0.0262 0.5600 18.5033 0.1497 0.1858 0.0359 0.0586 -0.0057 0.0036 0.1857 0.9343 0.8902
1494806400.0000 150150.0000 0.1171 -0.1985 -0.0371 0.3817 329.4536 0.1355 0.0369 0.0176 0.0040 -0.0115 0.0111 0.0950 1.0777 1.0399
1494806400.0000 150450.0000 0.1317 -0.0879 -0.0339 0.2989 303.7159 0.0504 0.0576 0.0217 -0.0004 -0.0009 0.0163 0.0648 1.2840 1.1979
1494806400.0000 150750.0000 0.0182 -0.1434 -0.0315 0.3302 352.7543 0.0623 0.0843 0.0244 0.0160 -0.0089 0.0087 0.0855 1.6136 1.5290
1494806400.0000 151050.0000 -0.0463 -0.2361 -0.0593 0.4606 11.0996 0.1819 0.1105 0.0375 0.0784 0.0028 0.0057 0.1650 1.3383 1.2976
