1494720000.0000 150.0000 1.9822 0.9998 0.3026 2.2266 243.2339 0.0312 0.0193 0.0084 -0.0103 -0.0060 0.0028 0.0294 0.0625 0.0584
1494720000.0000 450.0000 1.8506 0.8776 0.2900 2.0569 244.6271 0.0543 0.0194 0.0087 -0.0127 0.0005 -0.0028 0.0412 0.0801 0.0765
1494720000.0000 750.0000 1.6874 0.9350 0.2518 1.9345 241.0084 0.0207 0.0354 0.0076 0.0126 -0.0007 -0.0026 0.0319 0.0749 0.0709
1494720000.0000 1050.0000 2.1342 1.2394 0.3817 2.4696 239.8559 0.0242 0.0126 0.0080 0.0088 0.0005 0.0032 0.0224 0.0489 0.0449
1494720000.0000 1350.0000 2.1000 1.3394 0.4032 2.4935 237.4708 0.0107 0.0128 0.0085 -0.0011 -0.0019 -0.0011 0.0160 0.0409 0.0355
1494720000.0000 1650.0000 1.7430 1.3883 0.3982 2.2342 231.4640 0.0463 0.0240 0.0119 0.0069 -0.0009 -0.0034 0.0411 0.0731 0.0687
1494720000.0000 1950.0000 1.4164 1.6890 0.4309 2.2079 219.9823 0.0249 0.0211 0.0142 0.0075 -0.0037 -0.0038 0.0301 0.0630 0.0561
1494720000.0000 2250.0000 1.0938 2.0016 0.3651 2.3111 208.6557 0.1225 0.0327 0.0157 -0.0394 0.0127 -0.0134 0.0855 0.1033 0.0997
1494720000.0000 2550.0000 0.2583 2.2231 0.1961 2.2447 186.6266 0.0279 0.0825 0.0082 -0.0002 -0.0010 0.0083 0.0593 0.0885 0.0857
1494720000.0000 2850.0000 0.6508 2.7156 0.2955 2.7960 193.4769 0.0200 0.0329 0.0047 0.0029 -0.0001 0.0036 0.0288 0.0493 0.0476
1494720000.0000 3150.0000 0.8247 2.8781 0.3226 3.0144 195.9897 0.1270 0.0190 0.0109 -0.0059 0.0094 0.0039 0.0785 0.0760 0.0737
1494720000.0000 3450.0000 0.6986 2.8159 0.3180 2.9119 193.9337 0.0637 0.0617 0.0121 0.0049 -0.0042 0.0039 0.0687 0.0733 0.0705
1494720000.0000 3750.0000 0.8153 2.6859 0.3378 2.8125 196.8859 0.0365 0.0162 0.0067 0.0059 -0.0000 0.0015 0.0297 0.0498 0.0472
1494720000.0000 4050.0000 0.4213 3.2280 0.3831 3.2598 187.4360 0.0249 0.0364 0.0168 -0.0125 0.0016 -0.0012 0.0390 0.0492 0.0439
1494720000.0000 4350.0000 0.7676 3.3032 0.4063 3.4030 193.0830 0.0760 0.0605 0.0144 -0.0138 -0.0069 0.0060 0.0755 0.0657 0.0629
1494720000.0000 4650.0000 0.8892 3.1061 0.3612 3.2386 195.9762 0.0518 0.0436 0.0188 0.0043 -0.0044 0.0056 0.0571 0.0600 0.0552
1494720000.0000 4950.0000 0.8692 3.0936 0.3950 3.2252 195.6940 0.0781 0.0305 0.0317 -0.0018 -0.0211 0.0035 0.0701 0.0668 0.0592
1494720000.0000 5250.0000 0.9499 2.9043 0.4317 3.0763 198.1105 0.1270 0.0677 0.0545 -0.0059 -0.0308 -0.0060 0.1246 0.0934 0.0834
1494720000.0000 5550.0000 1.3134 3.0761 0.4442 3.3505 203.1207 0.0562 0.0505 0.0119 0.0272 0.0051 0.0125 0.0593 0.0589 0.0564
1494720000.0000 5850.0000 1.3146 2.9499 0.4654 3.2371 204.0201 0.0625 0.0397 0.0248 0.0150 0.0035 -0.0007 0.0635 0.0631 0.0571
1494720000.0000 6150.0000 1.0902 2.8196 0.4201 3.0412 201.1385 0.1374 0.1027 0.0474 0.0395 -0.0134 -0.0026 0.1438 0.1014 0.0936
1494720000.0000 6450.0000 1.2552 2.6529 0.4294 2.9505 205.3212 0.1042 0.0637 0.0382 0.0088 -0.0010 -0.0080 0.1031 0.0884 0.0806
1494720000.0000 6750.0000 1.1713 2.5833 0.3830 2.8467 204.3912 0.0674 0.0721 0.0271 0.0150 -0.0078 -0.0042 0.0833 0.0823 0.0760
1494720000.0000 7050.0000 1.4854 2.5720 0.4333 2.9836 210.0065 0.1248 0.0971 0.0414 0.0465 -0.0090 -0.0171 0.1316 0.0987 0.0916
1494720000.0000 7350.0000 1.4976 2.5428 0.4907 2.9631 210.4959 0.0794 0.0937 0.0376 0.0131 -0.0161 -0.0029 0.1053 0.0886 0.0814
1494720000.0000 7650.0000 1.5090 2.8844 0.5250 3.2756 207.6172 0.2293 0.1362 0.0998 0.1023 -0.0003 -0.0049 0.2326 0.1194 0.1072
1494720000.0000 7950.0000 1.4609 2.7192 0.5087 3.1226 208.2476 0.2640 0.1307 0.1008 0.0174 -0.0463 0.0041 0.2477 0.1299 0.1175
1494720000.0000 8250.0000 1.8967 2.7926 0.6109 3.3931 214.1844 0.1996 0.1189 0.0444 0.0659 -0.0004 -0.0117 0.1814 0.1014 0.0965
1494720000.0000 8550.0000 1.9652 2.7349 0.6278 3.3962 215.6995 0.2328 0.1588 0.1168 0.0313 -0.0445 -0.0091 0.2542 0.1202 0.1073
1494720000.0000 8850.0000 1.0594 3.1526 0.4473 3.3620 198.5742 0.2399 0.0902 0.0703 -0.0298 -0.0064 0.0055 0.2002 0.1089 0.0997
1494720000.0000 9150.0000 1.7783 2.8159 0.5220 3.3453 212.2724 0.1124 0.1073 0.0677 0.0112 -0.0227 0.0027 0.1437 0.0918 0.0813
1494720000.0000 9450.0000 1.9887 3.3470 0.7677 3.9191 210.7174 0.1858 0.1656 0.0922 -0.0288 -0.0463 0.0238 0.2218 0.0969 0.0879
1494720000.0000 9750.0000 2.3895 2.7985 0.7568 3.7032 220.4915 0.2267 0.1252 0.0845 0.0123 -0.0270 0.0013 0.2182 0.1015 0.0931
1494720000.0000 10050.0000 2.1437 2.3197 0.5941 3.1736 222.7411 0.1629 0.0506 0.0341 0.0204 0.0158 -0.0009 0.1238 0.0894 0.0845
1494720000.0000 10350.0000 2.0284 2.2694 0.6206 3.0473 221.7903 0.0239 0.0220 0.0103 0.0020 -0.0069 0.0017 0.0281 0.0441 0.0406
1494720000.0000 10650.0000 1.7776 2.3772 0.5793 2.9934 216.7881 0.2215 0.0481 0.0259 0.0234 -0.0166 -0.0003 0.1478 0.1038 0.1010
1494720000.0000 10950.0000 1.5109 2.4015 0.4912 2.8612 212.1752 0.1584 0.1213 0.0561 0.0180 -0.0216 -0.0094 0.1679 0.1162 0.1076
1494720000.0000 11250.0000 1.5711 2.7713 0.4894 3.1913 209.5491 0.0646 0.0630 0.0329 0.0343 -0.0033 -0.0018 0.0802 0.0718 0.0647
1494720000.0000 11550.0000 1.1129 2.6794 0.4229 2.9207 202.5547 0.1129 0.0647 0.0444 -0.0077 -0.0208 -0.0009 0.1110 0.0928 0.0839
1494720000.0000 11850.0000 1.0658 2.7617 0.4358 2.9709 201.1027 0.0658 0.0404 0.0160 -0.0026 -0.0030 0.0007 0.0611 0.0675 0.0636
1494720000.0000 12150.0000 0.8740 2.8519 0.4551 2.9977 197.0385 0.0815 0.0373 0.0204 -0.0186 -0.0157 0.0068 0.0695 0.0714 0.0667
1494720000.0000 12450.0000 0.9398 2.4903 0.3932 2.6770 200.6749 0.0901 0.0513 0.0466 0.0043 -0.0108 -0.0015 0.0940 0.0930 0.0816
1494720000.0000 12750.0000 0.9329 2.6190 0.4298 2.7903 199.6070 0.0627 0.0359 0.0215 0.0048 -0.0119 -0.0009 0.0601 0.0711 0.0652
1494720000.0000 13050.0000 0.7599 2.6237 0.3844 2.7462 196.1529 0.0902 0.0304 0.0248 0.0074 -0.0056 -0.0003 0.0727 0.0798 0.0734
1494720000.0000 13350.0000 0.6798 2.6375 0.3654 2.7346 194.4533 0.0609 0.0533 0.0278 -0.0001 -0.0190 0.0038 0.0710 0.0792 0.0716
1494720000.0000 13650.0000 0.9773 2.6401 0.3691 2.8315 200.3134 0.1045 0.0329 0.0283 0.0048 0.0046 0.0006 0.0828 0.0828 0.0760
1494720000.0000 13950.0000 1.2875 2.4368 0.4075 2.7615 207.8509 0.0571 0.0437 0.0202 0.0295 0.0054 0.0030 0.0605 0.0721 0.0665
1494720000.0000 14250.0000 0.7652 2.2746 0.3707 2.4181 198.5929 0.0785 0.0389 0.0198 -0.0205 0.0003 0.0024 0.0686 0.0881 0.0824
1494720000.0000 14550.0000 0.7344 2.5820 0.3392 2.6928 195.8766 0.0433 0.0155 0.0073 -0.0074 -0.0052 0.0008 0.0330 0.0548 0.0521
1494720000.0000 14850.0000 1.3619 2.6851 0.4543 3.0368 206.8935 0.1578 0.0525 0.0353 -0.0213 -0.0029 0.0058 0.1228 0.0940 0.0879
1494720000.0000 15150.0000 1.7215 2.7825 0.5147 3.3125 211.7443 0.2530 0.1292 0.0991 -0.0486 -0.0511 0.0250 0.2407 0.1209 0.1091
1494720000.0000 15450.0000 1.6300 2.6555 0.6548 3.1424 211.5417 0.1577 0.1297 0.0440 -0.0221 -0.0187 0.0142 0.1657 0.1044 0.0993
1494720000.0000 15750.0000 1.9033 2.8809 0.7020 3.4712 213.4505 0.1104 0.1280 0.0925 -0.0131 -0.0369 0.0013 0.1654 0.0943 0.0816
1494720000.0000 16050.0000 1.9264 2.5489 0.6295 3.2362 217.0820 0.1842 0.2021 0.1092 -0.0782 -0.0414 0.0211 0.2478 0.1248 0.1123
1494720000.0000 16350.0000 1.8188 2.3849 0.4388 3.0285 217.3309 0.1046 0.3337 0.0771 0.0023 -0.0342 0.0386 0.2578 0.1368 0.1275
1494720000.0000 16650.0000 1.3003 2.4365 0.3645 2.8247 208.0882 0.3583 0.1602 0.1217 -0.0397 -0.0408 0.0124 0.3201 0.1658 0.1505
1494720000.0000 16950.0000 0.8387 2.2728 0.2835 2.4464 200.2551 0.1529 0.2430 0.0951 0.0775 0.0270 0.0540 0.2455 0.1659 0.1500
1494720000.0000 17250.0000 0.5441 1.6689 0.2990 1.7825 198.0577 0.0885 0.1101 0.0654 -0.0079 0.0057 0.0080 0.1320 0.1666 0.1466
1494720000.0000 17550.0000 0.2279 1.7816 0.1537 1.8325 187.2906 0.1282 0.1295 0.0372 -0.0169 -0.0047 0.0123 0.1475 0.1739 0.1632
1494720000.0000 17850.0000 -0.6821 1.8794 0.0910 2.0390 160.0529 0.1610 0.1318 0.0516 -0.0050 0.0159 -0.0150 0.1722 0.1693 0.1562
1494720000.0000 18150.0000 -0.0057 1.8364 0.1757 1.8964 179.8209 0.2197 0.1137 0.0810 -0.0675 -0.0192 -0.0164 0.2072 0.2015 0.1815
1494720000.0000 18450.0000 0.2832 2.4275 0.3482 2.4738 186.6534 0.1409 0.0948 0.0675 -0.0229 0.0239 -0.0312 0.1516 0.1288 0.1147
1494720000.0000 18750.0000 1.0975 2.4981 0.4836 2.7456 203.7177 0.1149 0.0777 0.0539 0.0255 0.0285 -0.0062 0.1233 0.1034 0.0929
1494720000.0000 19050.0000 1.1724 1.9160 0.1849 2.2991 211.4627 0.1011 0.3144 0.1256 -0.0626 -0.0362 -0.0185 0.2706 0.1884 0.1657
1494720000.0000 19350.0000 0.7783 1.1250 0.3742 1.3970 214.6764 0.0496 0.1478 0.0496 -0.0067 0.0297 -0.0050 0.1235 0.2023 0.1875
1494720000.0000 19650.0000 0.7100 1.5608 0.3494 1.8419 204.4600 0.2812 0.6693 0.2480 -0.0392 -0.0021 -0.2679 0.5993 0.3612 0.3283
1494720000.0000 19950.0000 0.0402 0.8209 0.3077 0.8984 182.8014 0.1245 0.1157 0.1095 0.0004 0.0166 -0.0450 0.1749 0.3891 0.3443
1494720000.0000 20250.0000 0.2129 0.8138 0.1449 0.8752 194.6581 0.0586 0.0633 0.0382 0.0231 -0.0104 -0.0125 0.0801 0.2707 0.2397
1494720000.0000 20550.0000 -0.0156 1.5251 0.1603 1.5575 179.4138 0.0997 0.2831 0.0580 -0.0479 0.0103 -0.0230 0.2204 0.2500 0.2342
1494720000.0000 20850.0000 0.1284 1.9232 0.2679 1.9887 183.8199 0.2282 0.1264 0.0464 -0.0963 -0.0088 0.0040 0.2005 0.1879 0.1784
1494720000.0000 21150.0000 -0.1736 1.6106 0.0737 1.6561 173.8492 0.1258 0.1044 0.0788 -0.0160 0.0233 -0.0139 0.1545 0.1979 0.1710
1494720000.0000 21450.0000 -0.2483 1.7811 0.0660 1.8281 172.0638 0.1056 0.1172 0.1070 -0.0078 0.0042 -0.0328 0.1649 0.1842 0.1515
1494720000.0000 21750.0000 -0.2839 1.9553 0.1118 2.0169 171.7400 0.1742 0.1441 0.1159 -0.0344 0.0499 -0.0293 0.2171 0.1922 0.1648
1494720000.0000 22050.0000 -0.5427 2.0972 0.1684 2.1878 165.4926 0.1115 0.1655 0.1121 -0.0556 0.0588 -0.0607 0.1945 0.1657 0.1403
1494720000.0000 22350.0000 -0.4272 1.8367 0.0583 1.9364 166.9065 0.2012 0.1201 0.1083 -0.0014 0.0366 0.0084 0.2148 0.2006 0.1736
1494720000.0000 22650.0000 -0.6095 1.3793 0.0554 1.5713 156.1598 0.2176 0.1135 0.0983 -0.0289 0.0748 -0.0061 0.2147 0.2507 0.2203
1494720000.0000 22950.0000 -0.1803 1.7506 0.2747 1.8035 174.1201 0.1652 0.2685 0.1348 -0.0840 0.0491 -0.0236 0.2842 0.2444 0.2160
1494720000.0000 23250.0000 -0.2515 1.4420 0.2836 1.5520 170.1046 0.2960 0.3588 0.1686 -0.0927 0.0986 -0.1155 0.4117 0.3514 0.3192
1494720000.0000 23550.0000 -0.0006 1.9087 0.1912 1.9916 179.9819 0.2917 0.2326 0.1578 -0.1159 0.1232 -0.0854 0.3411 0.2486 0.2190
1494720000.0000 23850.0000 0.4871 2.1675 0.3497 2.2661 192.6657 0.1460 0.2321 0.1157 -0.1039 0.0398 -0.0314 0.2469 0.1804 0.1598
1494720000.0000 24150.0000 0.4580 2.1015 0.2199 2.1916 192.2941 0.1421 0.1876 0.0964 -0.0391 0.0610 -0.0472 0.2130 0.1743 0.1541
1494720000.0000 24450.0000 -0.0931 2.2376 0.1215 2.2739 177.6175 0.1543 0.1747 0.1020 -0.0135 0.0246 -0.0615 0.2155 0.1690 0.1479
1494720000.0000 24750.0000 -0.0132 1.6651 0.2468 1.7271 179.5459 0.1799 0.2734 0.1406 -0.0867 0.0719 -0.0565 0.2970 0.2643 0.2335
1494720000.0000 25050.0000 -0.6535 1.5325 0.0519 1.7658 156.9054 0.3436 0.1663 0.1481 -0.0208 0.0967 -0.0500 0.3290 0.2810 0.2475
1494720000.0000 25350.0000 -0.6517 1.5737 0.0275 1.7667 157.5055 0.1996 0.1741 0.1859 0.0083 0.0663 -0.0257 0.2798 0.2535 0.2072
1494720000.0000 25650.0000 0.3175 1.5282 0.3943 1.6462 191.7352 0.2531 0.1516 0.2063 0.0386 0.1336 0.0035 0.3055 0.2803 0.2353
1494720000.0000 25950.0000 0.4751 2.0805 0.3989 2.2281 192.8642 0.3119 0.4213 0.1684 -0.2181 0.1009 -0.0942 0.4508 0.2525 0.2317
1494720000.0000 26250.0000 -0.2425 2.2328 0.0034 2.3366 173.8011 0.3664 0.3696 0.3074 -0.1223 0.1033 -0.0359 0.5218 0.2626 0.2206
1494720000.0000 26550.0000 -0.3816 2.0146 0.1346 2.1254 169.2748 0.3060 0.2547 0.1678 -0.0907 0.0968 -0.0466 0.3642 0.2398 0.2108
1494720000.0000 26850.0000 -0.4903 2.1892 0.2047 2.3099 167.3748 0.3043 0.3336 0.2258 -0.0978 0.0685 -0.1337 0.4319 0.2382 0.2056
1494720000.0000 27150.0000 -0.1314 2.2264 0.0928 2.2530 176.6232 0.0985 0.1278 0.1046 0.0037 0.0192 0.0102 0.1655 0.1488 0.1232
1494720000.0000 27450.0000 -0.3169 2.0309 0.1603 2.0865 171.1310 0.1195 0.1965 0.1225 -0.0130 0.0341 -0.0627 0.2193 0.1854 0.1579
1494720000.0000 27750.0000 -0.6878 1.7140 0.0769 1.9039 158.1359 0.1572 0.4024 0.1056 -0.0134 0.0345 -0.0799 0.3325 0.2547 0.2338
1494720000.0000 28050.0000 -0.9430 0.9933 0.1244 1.5840 136.4857 0.4178 0.4544 0.2938 0.1257 0.0686 -0.1230 0.5830 0.4533 0.3937
1494720000.0000 28350.0000 -2.1239 1.0016 -0.0474 2.3771 115.2489 0.1492 0.1324 0.0968 -0.0026 0.0274 -0.0138 0.1892 0.1512 0.1305
1494720000.0000 28650.0000 -2.2508 1.2375 0.0047 2.6038 118.8027 0.2265 0.1669 0.1360 -0.0176 0.0357 -0.0604 0.2647 0.1636 0.1410
1494720000.0000 28950.0000 -1.5768 1.1128 0.1524 1.9786 125.2126 0.3185 0.1684 0.0744 -0.0611 0.0487 -0.0226 0.2806 0.2234 0.2088
1494720000.0000 29250.0000 -1.5689 0.6860 0.2944 1.7631 113.6162 0.2162 0.1404 0.1316 0.0025 0.0443 -0.0141 0.2441 0.2322 0.2013
1494720000.0000 29550.0000 -0.1482 0.9846 0.4696 1.2766 171.4426 0.3319 0.5042 0.1294 0.2199 0.0972 0.0122 0.4828 0.5153 0.5302
1494720000.0000 29850.0000 0.2849 1.6087 0.3846 1.6812 190.0435 0.1444 0.1260 0.1148 -0.0218 0.0395 -0.0178 0.1926 0.2135 0.1838
1494720000.0000 30150.0000 0.1386 1.8531 0.2551 1.8855 184.2784 0.0951 0.1020 0.0953 -0.0333 0.0223 0.0199 0.1463 0.1665 0.1380
1494720000.0000 30450.0000 0.1924 1.9675 0.3177 2.0600 185.5852 0.2736 0.2743 0.1576 -0.0613 0.0927 -0.0431 0.3528 0.2422 0.2162
1494720000.0000 30750.0000 0.2155 2.0164 0.1736 2.0501 186.0998 0.0828 0.1887 0.1627 -0.0087 0.0472 0.0198 0.2171 0.1869 0.1483
1494720000.0000 31050.0000 -0.5661 1.6223 0.0554 1.7824 160.7641 0.1746 0.2777 0.2035 0.0633 0.0773 0.0485 0.3280 0.2720 0.2260
1494720000.0000 31350.0000 -1.6022 1.3408 -0.1239 2.1776 129.9242 0.2201 0.3982 0.2700 0.0380 -0.0318 -0.0450 0.4441 0.2600 0.2173
1494720000.0000 31650.0000 -0.9936 1.1513 0.1397 1.7244 139.2063 0.6826 0.6358 0.2514 -0.1416 0.2059 -0.1563 0.7849 0.4737 0.4359
1494720000.0000 31950.0000 -0.5908 1.4756 0.2696 1.8302 158.1779 0.8684 0.6375 0.2842 -0.2334 0.1443 -0.1053 0.8950 0.4791 0.4457
1494720000.0000 32250.0000 1.8961 0.4056 0.8181 2.1903 257.9255 0.9537 0.3868 0.1586 -0.4502 0.0183 -0.0363 0.7496 0.3359 0.3448
1494720000.0000 32550.0000 1.3052 0.3819 0.4970 1.4287 253.6913 0.0924 0.1928 0.2328 -0.0063 -0.0041 0.0732 0.2590 0.2870 0.2267
1494720000.0000 32850.0000 1.3854 0.3844 0.3535 1.4994 254.4932 0.1095 0.2014 0.2280 0.0697 0.0141 -0.0024 0.2695 0.2863 0.2239
1494720000.0000 33150.0000 1.6534 0.6236 0.1912 1.7940 249.3372 0.0785 0.0909 0.1776 -0.0060 0.0192 -0.0406 0.1735 0.1913 0.1345
1494720000.0000 33450.0000 2.0572 1.2223 0.7000 2.4604 239.2820 0.1235 0.3031 0.1882 -0.0919 0.0365 -0.0975 0.3074 0.1816 0.1576
1494720000.0000 33750.0000 1.5338 1.1909 0.4895 2.0071 232.1737 0.1386 0.2484 0.1464 -0.0560 0.0239 -0.0505 0.2667 0.2106 0.1849
1494720000.0000 34050.0000 1.8372 0.2644 0.3311 1.9599 261.8109 0.1242 0.3714 0.1634 -0.0593 0.0011 -0.0096 0.3295 0.2486 0.2190
1494720000.0000 34350.0000 1.2999 1.8794 0.1742 2.3593 214.6696 0.2436 0.3200 0.3235 -0.0301 0.0630 -0.1876 0.4435 0.2373 0.1897
1494720000.0000 34650.0000 0.3692 1.0352 -0.1500 1.1925 199.6272 0.2086 0.1271 0.1543 -0.0145 0.0389 -0.0210 0.2450 0.3643 0.3044
1494720000.0000 34950.0000 0.2524 0.7361 0.0415 0.9866 198.9281 0.1185 0.5465 0.2076 -0.0469 0.0558 -0.0137 0.4363 0.6921 0.6050
1494720000.0000 35250.0000 -0.2198 1.8244 -0.0123 1.8764 173.1307 0.1483 0.1376 0.0925 -0.0123 0.0302 -0.0279 0.1892 0.1933 0.1680
1494720000.0000 35550.0000 0.2187 2.1080 0.2361 2.1701 185.9218 0.2106 0.2104 0.1467 -0.0003 0.0421 -0.1059 0.2839 0.2040 0.1768
1494720000.0000 35850.0000 0.1571 1.9489 0.0734 2.0929 184.6078 0.5183 0.4355 0.2243 0.0142 0.1232 -0.1075 0.5891 0.3203 0.2884
1494720000.0000 36150.0000 -0.2331 1.8528 0.2652 1.9166 172.8285 0.1857 0.2430 0.2851 -0.0166 0.0833 -0.0116 0.3569 0.2586 0.2024
1494720000.0000 36450.0000 0.5498 1.9779 0.5826 2.1486 195.5337 0.2551 0.4533 0.3559 -0.1828 0.1094 -0.1880 0.5321 0.2791 0.2367
1494720000.0000 36750.0000 0.5180 1.2441 0.1423 1.4922 202.6067 0.3588 0.3333 0.3466 -0.0012 0.1734 -0.0461 0.5193 0.4342 0.3564
1494720000.0000 37050.0000 1.0897 1.7018 0.2427 2.1378 212.6326 0.2974 0.5867 0.4273 -0.1326 0.0145 0.1984 0.6557 0.3248 0.2686
1494720000.0000 37350.0000 1.3206 1.4216 0.5455 2.1132 222.8914 0.7921 0.6902 0.6765 0.0772 0.1640 0.3317 1.0794 0.4209 0.3623
1494720000.0000 37650.0000 1.4047 -0.2045 0.2917 1.5839 278.2835 0.8182 0.2742 0.2399 -0.2324 -0.0038 0.0200 0.6662 0.4598 0.4251
1494720000.0000 37950.0000 1.7961 0.6765 0.1310 2.0481 249.3615 0.1229 0.4973 0.3282 -0.1329 -0.0345 0.0541 0.4742 0.2923 0.2369
1494720000.0000 38250.0000 2.0241 -0.6556 0.0415 2.1542 287.9471 0.1012 0.1061 0.2060 0.0249 0.0725 0.0221 0.2066 0.1744 0.1235
1494720000.0000 38550.0000 0.2386 0.0503 -0.5145 0.7267 258.0873 0.3052 0.3448 0.1314 -0.0598 0.0508 0.0514 0.3907 0.8964 1.9089
1494720000.0000 38850.0000 -0.2410 -0.0536 -0.2140 0.6380 77.4618 0.1513 0.2834 0.1679 -0.0398 -0.0750 0.0396 0.3013 1.3716 1.5416
1494720000.0000 39150.0000 -1.0142 -0.3646 -0.0091 1.2914 70.2272 0.3295 0.3861 0.2629 -0.0924 -0.0524 0.0806 0.4893 0.5299 0.4532
1494720000.0000 39450.0000 -0.1698 2.0133 0.7182 2.2361 175.1785 0.9545 0.9465 0.4664 -0.0153 0.0316 0.0956 1.1837 0.4143 0.3940
1494720000.0000 39750.0000 -1.5351 0.3811 0.5220 1.7555 103.9412 1.1803 0.5684 0.3586 -0.2190 0.1799 0.0325 1.0536 0.5032 0.4827
1494720000.0000 40050.0000 -0.3448 1.3913 0.6441 1.8248 166.0830 0.8700 0.8260 0.2337 0.5444 0.2279 0.1925 0.9648 0.5104 0.5245
1494720000.0000 40350.0000 -0.1605 1.0595 0.6952 1.3352 171.3874 0.5022 0.3982 0.1906 0.0762 0.0888 0.0468 0.5455 0.4721 0.5112
1494720000.0000 40650.0000 -0.8426 0.4563 0.3843 1.3825 118.4394 0.8029 0.6410 0.3913 -0.1570 0.2411 -0.0698 0.9176 0.7576 0.7240
1494720000.0000 40950.0000 -0.8599 0.0618 0.2985 1.2855 94.1131 0.6458 0.6238 0.2017 0.4116 0.0309 -0.0021 0.7356 0.7676 0.7545
1494720000.0000 41250.0000 0.3268 1.3859 0.8297 1.6786 193.2704 0.5891 1.0666 0.3115 0.2481 0.0973 0.0933 0.9836 0.4914 0.5217
1494720000.0000 41550.0000 -0.3121 2.5310 0.6941 2.7789 172.9702 1.0330 0.8638 0.8242 -0.0386 0.6469 -0.1694 1.3605 0.3603 0.3118
1494720000.0000 41850.0000 0.8005 1.6170 0.7058 1.9272 206.3376 0.4348 0.2050 0.2487 -0.0480 0.0865 -0.0963 0.4443 0.2809 0.2560
1494720000.0000 42150.0000 0.1832 2.2925 0.3412 2.4525 184.5681 0.6432 0.9038 0.4392 0.2811 0.2455 0.1285 0.9931 0.3500 0.3122
1494720000.0000 42450.0000 0.3936 1.2155 0.0814 1.4661 197.9440 0.4024 0.4938 0.7336 -0.2071 -0.0131 -0.0265 0.8149 0.5757 0.4278
1494720000.0000 42750.0000 1.5421 2.8887 1.0598 3.3906 208.0957 0.5966 0.8378 0.2972 -0.1432 0.0866 -0.1410 0.8658 0.2207 0.2112
1494720000.0000 43050.0000 1.1004 1.9576 0.7560 2.5332 209.3401 1.0578 1.2503 0.3587 -0.2233 0.2013 0.0783 1.3334 0.3979 0.3906
1494720000.0000 43350.0000 1.5007 2.0997 0.4154 2.6511 215.5552 0.1851 0.7155 0.3044 -0.0151 0.0115 0.0049 0.6025 0.2424 0.2123
1494720000.0000 43650.0000 -0.5371 2.6820 0.0569 2.8481 168.6755 0.5948 0.2611 0.3041 0.0642 0.1845 0.0176 0.5800 0.2273 0.1953
1494720000.0000 43950.0000 0.0281 1.5358 0.7288 1.8184 181.0487 0.7737 0.9049 0.8343 -0.1296 0.5448 -0.2781 1.2564 0.5383 0.4870
1494720000.0000 44250.0000 -0.1029 3.1794 0.2070 3.2693 178.1468 0.5176 1.1003 0.5650 0.0448 0.2658 0.1867 1.0915 0.2676 0.2309
1494720000.0000 44550.0000 1.4744 1.2754 0.8202 2.1345 229.1377 0.3825 0.7148 0.5349 -0.1701 0.1655 -0.2098 0.8161 0.3487 0.3102
1494720000.0000 44850.0000 1.7872 0.6935 0.5293 2.1940 248.7927 0.3333 1.3468 0.4924 0.1931 0.0785 0.1470 1.0862 0.4279 0.3904
1494720000.0000 45150.0000 1.3649 1.7869 0.5683 2.3270 217.3739 0.4741 0.5814 0.5257 0.1563 0.3017 0.0175 0.7906 0.3130 0.2638
1494720000.0000 45450.0000 -0.8584 3.0589 0.0590 3.3233 164.3245 0.7874 0.6386 0.5937 0.2037 0.2857 0.0012 1.0098 0.2582 0.2170
1494720000.0000 45750.0000 -0.5698 1.8967 -0.0693 2.1461 163.2780 0.7086 1.0346 0.4207 -0.3215 0.2426 0.0686 1.0820 0.4286 0.3849
1494720000.0000 46050.0000 0.7020 2.0174 0.3281 2.4026 199.1864 0.8737 1.2479 0.4686 -0.7959 0.0840 -0.1333 1.2951 0.4300 0.3937
1494720000.0000 46350.0000 1.8964 2.2084 0.6259 3.0537 220.6547 0.4877 0.7048 0.3794 -0.2694 0.0539 -0.0783 0.7860 0.2431 0.2166
1494720000.0000 46650.0000 0.4845 2.9171 0.5562 3.0465 189.4304 0.4251 0.5679 0.2427 -0.1372 0.1551 -0.0808 0.6179 0.2133 0.1946
1494720000.0000 46950.0000 1.6513 2.4255 0.9024 3.0199 214.2482 0.3942 0.5523 0.4722 -0.0795 0.1775 0.0340 0.7094 0.2240 0.1914
1494720000.0000 47250.0000 0.8178 1.8456 0.4014 2.1704 203.8991 0.6001 0.3261 0.4112 -0.0757 0.2169 -0.0378 0.6687 0.3244 0.2753
1494720000.0000 47550.0000 -0.3063 0.6694 -0.4208 0.9264 155.4147 0.2442 0.3033 0.1519 0.1139 -0.0233 -0.0687 0.3497 0.5694 0.5803
1494720000.0000 47850.0000 0.5531 2.4013 0.6469 2.6686 192.9717 0.4028 2.6137 0.2817 -0.0161 0.1655 -0.0634 1.6491 0.4116 0.4069
1494720000.0000 48150.0000 1.2264 1.7511 0.7782 2.2527 215.0054 0.4570 0.7430 0.3515 0.1232 0.0831 -0.1263 0.7757 0.3161 0.2958
1494720000.0000 48450.0000 2.2244 2.0741 0.5825 3.2346 227.0023 0.9097 1.6347 0.9442 -0.0050 0.3789 0.4115 1.7443 0.3482 0.3028
1494720000.0000 48750.0000 2.7461 1.1856 0.9805 3.0472 246.6483 0.3444 0.4472 0.3446 0.0934 -0.0970 -0.1278 0.5681 0.1955 0.1717
1494720000.0000 49050.0000 1.3754 1.8313 0.8879 2.7216 216.9086 2.1105 0.8551 0.9552 -0.2794 0.6175 0.0164 1.9604 0.4654 0.4341
1494720000.0000 49350.0000 -0.1952 1.4756 0.4641 1.7497 172.4650 0.6616 0.7962 0.5959 -0.2158 0.0938 0.1135 1.0268 0.5307 0.4683
1494720000.0000 49650.0000 1.2104 2.8513 0.8991 3.3578 203.0008 1.3602 1.2981 0.4965 -0.5201 0.4261 -0.4057 1.5774 0.3179 0.3039
1494720000.0000 49950.0000 1.2007 2.6431 1.0416 3.0781 204.4313 0.9989 0.7690 0.5230 -0.0929 0.2928 -0.2287 1.1455 0.2833 0.2644
1494720000.0000 50250.0000 2.9853 1.8570 1.4250 3.6260 238.1165 0.3923 0.7539 0.3458 -0.1804 0.0354 0.0070 0.7460 0.1859 0.1758
1494720000.0000 50550.0000 2.9716 3.1081 1.1965 4.3268 223.7143 0.1657 0.2367 0.2222 -0.0242 0.0235 -0.0577 0.3123 0.1022 0.0852
1494720000.0000 50850.0000 1.9892 2.7352 0.7588 3.4273 216.0265 0.1791 0.4026 0.2214 -0.0483 0.0026 -0.0753 0.4015 0.1493 0.1302
1494720000.0000 51150.0000 0.4570 2.7524 0.5925 2.8171 189.4276 0.1633 0.4524 0.1326 0.0674 0.0291 -0.0264 0.3741 0.1751 0.1624
1494720000.0000 51450.0000 1.8481 0.7067 0.8464 2.0413 249.0731 0.2572 0.1643 0.1339 -0.0729 -0.0100 0.0187 0.2777 0.1999 0.1895
1494720000.0000 51750.0000 0.4019 1.5530 0.5312 1.7375 194.5093 0.3468 0.3722 0.3007 -0.0734 0.0838 -0.0514 0.5099 0.3450 0.3052
1494720000.0000 52050.0000 0.4120 2.8097 0.6016 2.9968 188.3421 0.7455 0.5679 0.2801 -0.3859 0.2342 -0.0676 0.7967 0.2511 0.2330
1494720000.0000 52350.0000 0.1117 2.8353 0.2836 2.8898 182.2560 0.2768 0.3902 0.1410 -0.1099 0.0418 -0.0229 0.4040 0.1820 0.1662
1494720000.0000 52650.0000 -0.7592 1.4752 0.1389 1.7443 152.7673 0.3640 0.2050 0.2345 -0.0996 0.0798 -0.0206 0.4017 0.3108 0.2625
1494720000.0000 52950.0000 -0.6311 1.6351 0.4946 2.0900 158.8955 1.2644 0.7244 0.4610 0.4666 0.4382 0.0816 1.2249 0.4962 0.4646
1494720000.0000 53250.0000 1.2842 3.0132 0.7785 3.4138 203.0831 0.3850 1.5675 0.2671 -0.3166 -0.0650 0.1881 1.1098 0.2555 0.2463
1494720000.0000 53550.0000 2.3691 3.4568 0.8133 4.3005 214.4243 0.6084 0.7098 0.3814 -0.3115 0.0156 0.0450 0.8498 0.1763 0.1582
1494720000.0000 53850.0000 1.8612 3.1327 0.4986 3.6897 210.7158 0.3364 0.3110 0.1956 -0.0097 0.0720 -0.0105 0.4215 0.1441 0.1275
1494720000.0000 54150.0000 1.3997 3.5874 0.5178 3.9206 201.3144 0.5754 0.9967 0.3474 0.1390 0.1280 0.0394 0.9598 0.2059 0.1880
1494720000.0000 54450.0000 2.8079 3.1714 0.9146 4.3428 221.5217 0.8738 0.4528 0.2847 -0.2017 0.0443 0.0702 0.8056 0.1691 0.1570
1494720000.0000 54750.0000 2.7932 2.5555 1.3203 3.8546 227.5445 0.3904 0.5134 0.2375 -0.0673 -0.1233 0.0330 0.5707 0.1538 0.1450
1494720000.0000 55050.0000 2.9183 2.1170 0.9464 3.8624 234.0416 1.3217 1.3659 0.1659 -0.6855 0.0153 -0.0316 1.4268 0.2616 0.2625
1494720000.0000 55350.0000 4.5520 1.5836 1.0898 4.8778 250.8180 0.3324 0.7510 0.2023 0.3148 0.1113 0.1002 0.6429 0.1325 0.1247
1494720000.0000 55650.0000 3.7378 1.9711 0.8846 4.2782 242.1959 0.3254 0.2753 0.1408 -0.1739 0.0388 -0.0340 0.3708 0.1152 0.1059
1494720000.0000 55950.0000 3.8488 2.4352 1.2967 4.6258 237.6777 0.8858 0.3530 0.3351 -0.1974 0.0956 -0.1000 0.7869 0.1530 0.1411
1494720000.0000 56250.0000 3.7841 1.4625 1.1502 4.1165 248.8686 0.5492 0.3387 0.2687 -0.1711 0.0507 -0.1025 0.5783 0.1472 0.1341
1494720000.0000 56550.0000 4.2903 1.0358 1.0942 4.4915 256.4271 0.3803 0.6074 0.2610 -0.1889 0.0416 -0.0713 0.6244 0.1419 0.1300
1494720000.0000 56850.0000 3.5476 1.9334 1.3675 4.1019 241.4099 0.4830 0.5365 0.2671 0.0582 0.0831 0.0465 0.6433 0.1535 0.1443
1494720000.0000 57150.0000 3.9414 2.2117 1.0765 4.5667 240.7014 0.2394 0.5265 0.1394 0.0355 0.0273 0.0672 0.4526 0.1182 0.1118
1494720000.0000 57450.0000 3.4280 1.5843 1.0032 3.8027 245.1950 0.1328 0.2582 0.1761 0.0625 -0.0164 -0.0421 0.2836 0.1113 0.0956
1494720000.0000 57750.0000 3.0600 0.8305 0.7043 3.1988 254.8161 0.1450 0.2167 0.1708 0.0615 0.0342 -0.0245 0.2663 0.1297 0.1095
1494720000.0000 58050.0000 2.3632 0.9514 0.6120 2.6412 248.0702 0.2940 0.3711 0.2478 -0.1567 0.0718 -0.1071 0.4564 0.2105 0.1848
1494720000.0000 58350.0000 3.5504 1.5187 1.2072 3.9270 246.8415 0.2859 0.5380 0.1456 -0.0352 0.0409 0.0502 0.4847 0.1405 0.1357
1494720000.0000 58650.0000 3.5050 0.8467 0.7002 3.6327 256.4189 0.3403 0.1522 0.2165 -0.0396 -0.0555 0.0215 0.3545 0.1323 0.1124
1494720000.0000 58950.0000 3.7514 0.1532 0.8379 3.7940 267.6609 0.2982 0.2964 0.3083 0.0226 0.0557 0.1071 0.4514 0.1426 0.1186
1494720000.0000 59250.0000 2.9728 0.0833 0.7232 3.1271 268.3942 0.9066 0.7825 0.5291 -0.4420 0.0981 0.0129 1.1091 0.2809 0.2523
1494720000.0000 59550.0000 2.9712 -0.7726 0.4901 3.1669 284.5751 1.2012 0.5254 0.2931 0.0056 0.1830 0.0893 1.0098 0.2639 0.2471
1494720000.0000 59850.0000 3.7246 -0.0549 0.3747 3.7714 270.8450 1.1664 0.3265 0.3537 -0.3822 0.4036 -0.1541 0.9233 0.2096 0.1894
1494720000.0000 60150.0000 2.3439 0.0974 0.3873 2.5295 267.6209 0.8894 0.8064 0.6111 0.0658 0.3183 0.0614 1.1535 0.3688 0.3205
1494720000.0000 60450.0000 2.1388 0.5798 0.6864 2.3210 254.8322 1.4796 0.5242 0.3716 0.6717 0.2961 0.1660 1.1877 0.3836 0.3688
1494720000.0000 60750.0000 3.9901 0.9582 0.9865 4.1436 256.4972 0.6105 0.3183 0.2116 -0.0019 -0.0051 -0.0166 0.5702 0.1461 0.1356
1494720000.0000 61050.0000 2.2718 2.3001 1.0457 3.2967 224.6463 0.4808 0.1548 0.1663 -0.1395 0.1661 -0.0323 0.4010 0.1522 0.1424
1494720000.0000 61350.0000 2.1836 2.1687 0.6860 3.1103 225.1956 0.1997 0.1292 0.1509 -0.0426 -0.0555 0.0138 0.2399 0.1268 0.1076
1494720000.0000 61650.0000 3.7835 1.7596 1.6028 4.2316 245.0582 0.6858 0.5600 0.5313 0.1398 0.1610 0.0596 0.8886 0.1722 0.1544
1494720000.0000 61950.0000 4.1601 1.1608 0.9025 4.3540 254.4088 0.3291 0.2566 0.3878 -0.0834 -0.0236 -0.0428 0.4867 0.1291 0.1023
1494720000.0000 62250.0000 3.7716 0.7528 0.6529 3.8767 258.7127 0.3209 0.2572 0.2396 0.0549 0.0225 -0.0330 0.4088 0.1338 0.1141
1494720000.0000 62550.0000 4.2633 1.9096 1.7180 4.7243 245.8718 1.1881 0.6717 0.3086 0.4762 -0.1720 -0.0966 1.0842 0.1708 0.1685
1494720000.0000 62850.0000 4.0285 2.5084 1.2886 4.7739 238.0914 0.6835 0.3345 0.2373 0.1781 0.2586 0.1007 0.6277 0.1315 0.1228
1494720000.0000 63150.0000 3.6781 1.1646 1.0425 3.8986 252.4310 0.2856 0.2807 0.3082 -0.0384 -0.0166 -0.0250 0.4372 0.1351 0.1126
1494720000.0000 63450.0000 2.7044 1.2813 0.6306 3.0745 244.6492 0.2580 0.4821 0.4486 -0.0388 -0.0429 -0.0819 0.5944 0.2058 0.1660
1494720000.0000 63750.0000 2.3908 0.5248 0.7201 2.5800 257.6202 0.2383 0.6363 0.3418 -0.0683 -0.0083 -0.0911 0.6082 0.2496 0.2206
1494720000.0000 64050.0000 3.4163 1.7560 1.1483 3.8660 242.7963 0.2185 0.2212 0.2541 0.0440 -0.0398 -0.0403 0.3469 0.1199 0.0997
1494720000.0000 64350.0000 3.4403 2.1883 0.9868 4.0899 237.5403 0.1392 0.0762 0.1545 -0.0071 0.0475 0.0022 0.1850 0.0837 0.0657
1494720000.0000 64650.0000 2.6201 2.2926 0.6669 3.5152 228.8135 0.0947 0.2064 0.0933 -0.0743 -0.0466 0.0562 0.1972 0.1023 0.0910
1494720000.0000 64950.0000 3.5216 2.2595 1.0027 4.2469 237.3154 0.6718 0.2066 0.0930 -0.2044 0.1144 -0.0314 0.4857 0.1323 0.1293
1494720000.0000 65250.0000 3.6236 1.7439 0.9012 4.0386 244.3009 0.1131 0.1208 0.1104 -0.0231 0.0037 -0.0148 0.1722 0.0822 0.0694
1494720000.0000 65550.0000 2.9893 1.4608 0.6510 3.3402 243.9566 0.0319 0.1011 0.0659 0.0029 0.0056 0.0056 0.0995 0.0760 0.0633
1494720000.0000 65850.0000 2.6347 0.9990 0.6422 2.8452 249.2352 0.3758 0.1537 0.1442 0.0686 0.0737 0.0878 0.3368 0.1640 0.1491
1494720000.0000 66150.0000 3.2998 0.3913 0.6549 3.3377 263.2378 0.0833 0.1133 0.0630 0.0452 0.0198 0.0096 0.1298 0.0869 0.0770
1494720000.0000 66450.0000 2.7895 0.5582 0.6151 2.8673 258.6835 0.0618 0.1246 0.0806 -0.0192 -0.0011 -0.0417 0.1335 0.1025 0.0876
1494720000.0000 66750.0000 3.0825 0.6681 0.7118 3.1650 257.7703 0.1455 0.0798 0.0974 0.0425 0.0092 -0.0056 0.1614 0.1014 0.0869
1494720000.0000 67050.0000 2.6782 1.1169 0.6957 2.9185 247.3630 0.1050 0.0795 0.0911 -0.0216 0.0189 -0.0121 0.1378 0.1016 0.0855
1494720000.0000 67350.0000 3.2896 1.5453 1.1232 3.6521 244.8379 0.2726 0.0737 0.0505 -0.0141 0.0220 0.0116 0.1984 0.0956 0.0935
1494720000.0000 67650.0000 3.1929 1.4876 0.9830 3.5277 245.0193 0.1978 0.0276 0.0520 0.0287 0.0576 0.0060 0.1387 0.0831 0.0778
1494720000.0000 67950.0000 2.5781 1.3658 0.8506 2.9322 242.0867 0.0573 0.0893 0.0383 0.0001 0.0003 0.0263 0.0925 0.0817 0.0758
1494720000.0000 68250.0000 2.7763 0.5050 0.6112 2.8333 259.6912 0.0686 0.0600 0.0466 -0.0077 -0.0138 0.0068 0.0876 0.0837 0.0734
1494720000.0000 68550.0000 2.9792 0.4142 0.6884 3.0134 262.0844 0.0314 0.0341 0.0250 0.0016 -0.0036 -0.0076 0.0453 0.0563 0.0491
1494720000.0000 68850.0000 2.4854 0.3072 0.6179 2.5209 262.9531 0.0430 0.0919 0.0240 0.0245 -0.0048 0.0011 0.0794 0.0892 0.0847
1494720000.0000 69150.0000 2.0597 0.0555 0.4795 2.0622 268.4560 0.0132 0.0071 0.0087 -0.0026 0.0044 -0.0031 0.0145 0.0465 0.0400
1494720000.0000 69450.0000 2.3086 0.0533 0.5484 2.3112 268.6785 0.0250 0.0087 0.0062 -0.0056 -0.0002 0.0003 0.0199 0.0486 0.0459
1494720000.0000 69750.0000 2.8181 0.0208 0.6085 2.8223 269.5769 0.0425 0.0247 0.0089 0.0092 0.0086 0.0023 0.0380 0.0552 0.0531
1494720000.0000 70050.0000 2.8816 0.0407 0.6061 2.8859 269.1900 0.0187 0.0239 0.0077 -0.0019 0.0040 -0.0012 0.0251 0.0439 0.0413
1494720000.0000 70350.0000 2.9616 -0.4260 0.5637 2.9998 278.1854 0.0367 0.0486 0.0096 -0.0125 0.0008 0.0083 0.0475 0.0584 0.0564
1494720000.0000 70650.0000 2.9402 -1.4134 0.3309 3.2818 295.6736 0.0941 0.1735 0.0487 -0.0360 0.0066 0.0209 0.1582 0.0990 0.0916
1494720000.0000 70950.0000 3.4694 -1.4067 0.3256 3.7528 292.0708 0.1051 0.0562 0.0632 0.0062 0.0170 0.0128 0.1122 0.0728 0.0619
1494720000.0000 71250.0000 3.1953 -1.0611 0.3195 3.3721 288.3700 0.0530 0.0386 0.0203 -0.0086 -0.0013 0.0084 0.0560 0.0571 0.0519
1494720000.0000 71550.0000 3.4865 -1.3103 0.3206 3.7322 290.5980 0.0948 0.0713 0.0352 -0.0268 -0.0042 0.0069 0.1007 0.0693 0.0632
1494720000.0000 71850.0000 3.8639 -1.5654 0.3671 4.1752 292.0553 0.0992 0.0381 0.0414 0.0079 0.0213 0.0028 0.0894 0.0583 0.0513
1494720000.0000 72150.0000 3.5829 -1.6418 0.2753 3.9513 294.6192 0.1229 0.0714 0.0458 -0.0033 0.0189 0.0127 0.1201 0.0716 0.0646
1494720000.0000 72450.0000 3.0428 -1.7223 0.0943 3.5069 299.5110 0.0827 0.0642 0.0547 0.0040 -0.0117 -0.0009 0.1008 0.0741 0.0633
1494720000.0000 72750.0000 2.9575 -1.6791 0.1334 3.4131 299.5859 0.0992 0.0496 0.0457 0.0215 0.0070 0.0045 0.0972 0.0748 0.0655
1494720000.0000 73050.0000 2.7662 -1.7535 0.1500 3.2920 302.3699 0.2784 0.0687 0.0400 -0.0335 0.0130 -0.0008 0.1936 0.1096 0.1039
1494720000.0000 73350.0000 2.4396 -1.5369 0.2525 2.8993 302.2110 0.2967 0.0527 0.0484 -0.0476 -0.0103 0.0105 0.1989 0.1258 0.1184
1494720000.0000 73650.0000 1.8481 -1.6712 0.1002 2.5167 312.1230 0.2394 0.0808 0.0561 -0.0336 0.0105 0.0146 0.1882 0.1420 0.1311
1494720000.0000 73950.0000 1.8930 -1.7817 0.0785 2.6219 313.2637 0.2714 0.0715 0.0492 -0.0556 0.0152 0.0049 0.1960 0.1390 0.1300
1494720000.0000 74250.0000 2.4898 -2.0131 0.0607 3.2094 308.9561 0.1196 0.0484 0.0370 -0.0323 0.0009 0.0084 0.1025 0.0816 0.0739
1494720000.0000 74550.0000 2.4325 -1.5154 0.0557 2.8747 301.9215 0.0429 0.0667 0.0278 -0.0099 -0.0073 0.0138 0.0687 0.0746 0.0667
1494720000.0000 74850.0000 2.2329 -1.1471 0.0941 2.5156 297.1914 0.0420 0.0332 0.0228 -0.0102 -0.0012 0.0098 0.0490 0.0719 0.0631
1494720000.0000 75150.0000 2.3065 -1.2419 0.0865 2.6257 298.2989 0.0243 0.0388 0.0138 -0.0042 0.0008 0.0087 0.0385 0.0611 0.0554
1494720000.0000 75450.0000 1.9087 -1.1128 -0.0288 2.2165 300.2437 0.0410 0.0373 0.0155 -0.0077 0.0037 0.0042 0.0469 0.0800 0.0731
1494720000.0000 75750.0000 2.0748 -0.8423 0.1119 2.2493 292.0949 0.0231 0.0562 0.0302 -0.0090 0.0012 0.0096 0.0547 0.0852 0.0726
1494720000.0000 76050.0000 2.2028 -1.1013 0.0485 2.4672 296.5635 0.0511 0.0526 0.0185 -0.0390 -0.0097 0.0134 0.0611 0.0820 0.0755
1494720000.0000 76350.0000 2.0874 -1.1547 0.0124 2.3879 298.9501 0.0330 0.0106 0.0070 -0.0044 0.0064 0.0001 0.0253 0.0545 0.0506
1494720000.0000 76650.0000 1.7876 -1.1810 0.0002 2.1452 303.4514 0.0085 0.0147 0.0055 -0.0015 0.0017 -0.0016 0.0144 0.0457 0.0410
1494720000.0000 76950.0000 1.7691 -1.3702 0.0095 2.2403 307.7584 0.0096 0.0181 0.0038 -0.0031 0.0005 0.0004 0.0157 0.0458 0.0429
1494720000.0000 77250.0000 1.7993 -1.0757 0.0421 2.0995 300.8718 0.0026 0.0180 0.0032 -0.0006 0.0007 0.0049 0.0119 0.0424 0.0395
1494720000.0000 77550.0000 1.5328 -1.0526 0.0265 1.8647 304.4779 0.0250 0.0087 0.0044 0.0062 0.0030 0.0010 0.0190 0.0606 0.0570
1494720000.0000 77850.0000 1.1612 -0.9835 0.0182 1.5256 310.2644 0.0346 0.0090 0.0051 -0.0088 -0.0006 0.0009 0.0244 0.0837 0.0792
1494720000.0000 78150.0000 0.8539 -0.7875 0.0085 1.1795 312.6836 0.0559 0.0165 0.0108 0.0089 -0.0036 0.0016 0.0416 0.1434 0.1338
1494720000.0000 78450.0000 1.4917 -0.7148 0.1192 1.6557 295.6028 0.0181 0.0074 0.0031 -0.0057 0.0032 0.0002 0.0143 0.0589 0.0558
1494720000.0000 78750.0000 1.8637 -0.9324 0.0592 2.0851 296.5789 0.0093 0.0062 0.0061 -0.0023 0.0015 -0.0001 0.0108 0.0407 0.0345
1494720000.0000 79050.0000 1.8727 -0.8007 0.1275 2.0414 293.1493 0.0138 0.0350 0.0012 -0.0184 -0.0012 0.0024 0.0250 0.0632 0.0626
1494720000.0000 79350.0000 1.7068 -0.2141 0.1035 1.7212 277.1505 0.0021 0.0039 0.0015 -0.0007 0.0007 -0.0004 0.0037 0.0289 0.0259
1494720000.0000 79650.0000 1.5940 -0.4055 0.0780 1.6462 284.2721 0.0015 0.0052 0.0004 -0.0007 0.0003 -0.0011 0.0035 0.0295 0.0287
1494720000.0000 79950.0000 1.6710 -0.3147 0.0806 1.7019 280.6652 0.0056 0.0047 0.0022 0.0010 0.0008 0.0004 0.0063 0.0379 0.0344
1494720000.0000 80250.0000 1.7038 -0.5019 0.0848 1.7808 286.4132 0.0087 0.0152 0.0046 0.0035 0.0007 0.0039 0.0142 0.0548 0.0503
1494720000.0000 80550.0000 1.7322 -0.4679 0.0998 1.7963 285.1151 0.0105 0.0056 0.0015 0.0019 0.0013 0.0001 0.0088 0.0425 0.0408
1494720000.0000 80850.0000 1.4665 -0.5879 0.0490 1.5836 291.8440 0.0868 0.0035 0.0034 -0.0043 0.0139 -0.0001 0.0468 0.1118 0.1098
1494720000.0000 81150.0000 0.5562 -0.4713 0.0757 0.7661 310.2798 0.1099 0.0202 0.0146 -0.0117 -0.0071 0.0044 0.0724 0.2996 0.2856
1494720000.0000 81450.0000 0.8334 -0.2936 0.1241 0.8883 289.4060 0.0127 0.0084 0.0108 -0.0018 -0.0021 0.0050 0.0159 0.1155 0.0949
1494720000.0000 81750.0000 0.6463 -0.4668 -0.0476 0.7984 305.8382 0.0071 0.0051 0.0009 -0.0041 0.0017 -0.0014 0.0065 0.0827 0.0799
1494720000.0000 82050.0000 0.9429 -0.3904 0.0762 1.0214 292.4940 0.0235 0.0035 0.0053 -0.0070 0.0106 -0.0031 0.0162 0.1015 0.0930
1494720000.0000 82350.0000 0.9797 -0.5149 0.0412 1.1092 297.7232 0.0240 0.0013 0.0029 -0.0012 0.0060 -0.0001 0.0141 0.0875 0.0829
1494720000.0000 82650.0000 0.7075 -0.5383 0.0289 0.8903 307.2664 0.0079 0.0031 0.0027 -0.0028 0.0017 -0.0011 0.0069 0.0761 0.0682
1494720000.0000 82950.0000 0.7648 -0.6284 0.0064 0.9973 309.4113 0.0281 0.0071 0.0044 -0.0021 0.0035 -0.0001 0.0198 0.1159 0.1094
1494720000.0000 83250.0000 0.5750 -0.5107 0.0225 0.7786 311.6076 0.0252 0.0067 0.0052 0.0007 0.0049 0.0017 0.0186 0.1446 0.1341
1494720000.0000 83550.0000 0.5147 -0.3469 -0.0005 0.6264 303.9806 0.0203 0.0027 0.0070 -0.0014 0.0052 -0.0011 0.0150 0.1611 0.1411
1494720000.0000 83850.0000 0.6170 -0.4098 0.0355 0.7434 303.5928 0.0217 0.0048 0.0044 -0.0062 0.0053 -0.0017 0.0154 0.1367 0.1267
1494720000.0000 84150.0000 0.9028 -0.3644 0.1308 0.9790 291.9818 0.0232 0.0121 0.0173 -0.0057 0.0110 -0.0064 0.0263 0.1348 0.1114
1494720000.0000 84450.0000 0.7732 -0.4574 -0.0120 0.9013 300.6067 0.0126 0.0077 0.0067 -0.0042 -0.0006 0.0002 0.0135 0.1055 0.0916
1494720000.0000 84750.0000 0.8285 -0.5482 -0.0053 1.0056 303.4926 0.0227 0.0227 0.0075 0.0005 0.0010 0.0069 0.0264 0.1337 0.1238
1494720000.0000 85050.0000 0.6669 -0.6946 0.0657 1.0172 316.1660 0.1611 0.0301 0.0189 -0.0246 -0.0023 0.0040 0.1050 0.2742 0.2622
1494720000.0000 85350.0000 0.5680 -0.9741 -0.0935 1.1907 329.7539 0.1642 0.0785 0.0483 0.0113 -0.0222 0.0130 0.1455 0.2753 0.2522
1494720000.0000 85650.0000 0.6453 -0.9071 0.0639 1.1730 324.5726 0.1442 0.0551 0.0416 0.0198 -0.0256 -0.0013 0.1204 0.2541 0.2315
1494720000.0000 85950.0000 0.7309 -0.7877 -0.0343 1.1050 317.1425 0.1196 0.0329 0.0301 -0.0228 0.0109 -0.0105 0.0913 0.2295 0.2098
1494720000.0000 86250.0000 0.0406 -0.7410 -0.2309 0.7589 356.8616 0.0219 0.0243 0.0167 -0.0017 -0.0057 0.0023 0.0314 0.1863 0.1672
1494806400.0000 86550.0000 -0.0672 -0.7223 -0.2882 0.7470 5.3155 0.0303 0.0181 0.0154 -0.0095 -0.0096 0.0055 0.0319 0.1869 0.1752
1494806400.0000 86850.0000 0.0381 -0.7445 -0.2537 0.7611 357.0680 0.0228 0.0139 0.0205 0.0013 -0.0035 0.0023 0.0286 0.1753 0.1483
1494806400.0000 87150.0000 0.1502 -0.6874 -0.1806 0.7383 347.6704 0.0373 0.0320 0.0095 0.0158 0.0019 0.0011 0.0394 0.2232 0.2161
1494806400.0000 87450.0000 1.0650 -0.9325 -0.0016 1.4353 311.2057 0.1441 0.0390 0.0410 -0.0375 0.0499 -0.0116 0.1120 0.1931 0.1745
1494806400.0000 87750.0000 1.2504 -0.9960 0.0061 1.6035 308.5370 0.0342 0.0117 0.0200 -0.0059 0.0025 0.0051 0.0329 0.0927 0.0773
1494806400.0000 88050.0000 0.8969 -0.9105 -0.0022 1.2968 315.4294 0.0865 0.0332 0.0567 -0.0144 0.0089 0.0010 0.0882 0.1897 0.1563
1494806400.0000 88350.0000 0.4892 -0.8347 -0.0848 1.0420 329.6254 0.1864 0.0900 0.0347 -0.0531 -0.0028 0.0206 0.1556 0.3316 0.3138
1494806400.0000 88650.0000 0.2574 -0.9316 -0.1727 1.0197 344.5574 0.0948 0.0626 0.0419 0.0095 -0.0108 0.0057 0.0996 0.2625 0.2370
1494806400.0000 88950.0000 -0.0861 -0.6617 -0.2168 0.7401 7.4103 0.0697 0.0716 0.0271 0.0110 -0.0026 0.0275 0.0842 0.3377 0.3253
1494806400.0000 89250.0000 0.1994 -0.7408 -0.2247 0.9003 344.9327 0.2399 0.0864 0.0867 0.0118 0.0526 0.0217 0.2065 0.4642 0.4299
1494806400.0000 89550.0000 0.7466 -1.0639 -0.0956 1.3631 324.9384 0.2294 0.0712 0.0630 0.0034 0.0087 -0.0073 0.1818 0.2671 0.2435
1494806400.0000 89850.0000 0.7185 -1.0060 -0.0303 1.2961 324.4677 0.1970 0.0901 0.0809 -0.0092 0.0032 -0.0162 0.1840 0.2832 0.2502
1494806400.0000 90150.0000 0.7692 -1.1524 0.0661 1.4225 326.2792 0.0932 0.1050 0.0434 0.0157 -0.0040 -0.0001 0.1208 0.2046 0.1855
1494806400.0000 90450.0000 0.4070 -1.0480 -0.1175 1.1878 338.7744 0.1420 0.0779 0.0643 0.0150 0.0084 -0.0071 0.1421 0.2723 0.2408
1494806400.0000 90750.0000 -0.1734 -1.1264 -0.2753 1.1515 8.7537 0.0272 0.0102 0.0058 -0.0000 0.0020 -0.0034 0.0216 0.1024 0.0979
1494806400.0000 91050.0000 -0.3549 -1.1176 -0.3176 1.1886 17.6187 0.0349 0.0159 0.0051 -0.0100 0.0012 -0.0025 0.0280 0.1124 0.1110
1494806400.0000 91350.0000 -0.1816 -1.2322 -0.3034 1.2532 8.3814 0.0181 0.0054 0.0012 -0.0050 0.0017 -0.0010 0.0123 0.0707 0.0710
1494806400.0000 91650.0000 0.0359 -1.2424 -0.2190 1.2459 358.3468 0.0075 0.0027 0.0014 -0.0001 -0.0002 -0.0008 0.0058 0.0494 0.0470
1494806400.0000 91950.0000 -0.5108 -1.1984 -0.3324 1.3107 23.0874 0.0243 0.0041 0.0065 0.0014 0.0107 0.0008 0.0174 0.0802 0.0747
1494806400.0000 92250.0000 -0.9397 -1.0235 -0.4979 1.3957 42.5581 0.0136 0.0118 0.0087 -0.0045 -0.0012 0.0025 0.0170 0.0721 0.0661
1494806400.0000 92550.0000 -1.1427 -0.9297 -0.5326 1.4803 50.8684 0.0258 0.0058 0.0019 -0.0075 -0.0033 0.0004 0.0168 0.0675 0.0697
1494806400.0000 92850.0000 -1.3886 -0.8951 -0.5505 1.6548 57.1939 0.0041 0.0076 0.0015 -0.0025 -0.0001 -0.0011 0.0066 0.0380 0.0377
1494806400.0000 93150.0000 -1.4943 -1.1148 -0.5821 1.8669 53.2769 0.0199 0.0189 0.0034 0.0103 0.0029 0.0031 0.0211 0.0607 0.0610
1494806400.0000 93450.0000 -1.9322 -1.0645 -0.6202 2.2180 61.1486 0.0263 0.0342 0.0048 -0.0241 -0.0024 0.0037 0.0326 0.0644 0.0643
1494806400.0000 93750.0000 -2.1231 -1.0856 -0.5753 2.3878 62.9188 0.0091 0.0187 0.0116 0.0014 0.0005 -0.0035 0.0197 0.0467 0.0403
1494806400.0000 94050.0000 -2.5081 -1.2516 -0.6617 2.8066 63.4791 0.0803 0.0293 0.0148 0.0247 -0.0050 0.0002 0.0622 0.0707 0.0682
1494806400.0000 94350.0000 -3.3194 -1.5240 -0.6886 3.6584 65.3393 0.0811 0.0349 0.0483 0.0009 0.0073 -0.0018 0.0822 0.0630 0.0538
1494806400.0000 94650.0000 -3.2293 -1.5321 -0.8635 3.5840 64.6183 0.0643 0.0459 0.0252 -0.0262 -0.0035 0.0082 0.0677 0.0578 0.0536
1494806400.0000 94950.0000 -2.8117 -1.6017 -0.9709 3.2445 60.3327 0.0626 0.0392 0.0604 -0.0129 -0.0078 -0.0098 0.0812 0.0688 0.0569
1494806400.0000 95250.0000 -2.1836 -1.6052 -0.8682 2.7201 53.6793 0.0569 0.0578 0.0487 0.0048 0.0061 0.0166 0.0817 0.0820 0.0721
1494806400.0000 95550.0000 -2.3234 -1.7710 -0.7792 2.9289 52.6840 0.0909 0.0515 0.0788 0.0251 0.0386 0.0252 0.1106 0.0898 0.0746
1494806400.0000 95850.0000 -2.5177 -1.8419 -0.8297 3.1283 53.8113 0.0390 0.0371 0.0222 -0.0187 0.0058 -0.0102 0.0491 0.0561 0.0511
1494806400.0000 96150.0000 -2.2644 -2.1155 -0.8449 3.1087 46.9469 0.0611 0.0461 0.0342 -0.0084 0.0040 -0.0028 0.0707 0.0676 0.0610
1494806400.0000 96450.0000 -2.4692 -2.0652 -0.7911 3.2277 50.0913 0.0463 0.0919 0.0394 0.0179 0.0036 0.0011 0.0888 0.0734 0.0667
1494806400.0000 96750.0000 -2.3814 -2.1692 -0.7658 3.2354 47.6694 0.0801 0.1011 0.0910 0.0034 -0.0189 0.0129 0.1361 0.0910 0.0763
1494806400.0000 97050.0000 -2.3876 -2.0640 -0.8480 3.1736 49.1583 0.0757 0.1568 0.0947 0.0169 -0.0012 0.0308 0.1636 0.1010 0.0882
1494806400.0000 97350.0000 -2.5713 -2.1782 -0.7797 3.3787 49.7308 0.0425 0.1088 0.0629 0.0234 0.0001 0.0196 0.1071 0.0773 0.0666
1494806400.0000 97650.0000 -2.6684 -2.2836 -0.8213 3.5274 49.4425 0.1163 0.1152 0.0877 0.0051 -0.0271 0.0197 0.1596 0.0904 0.0791
1494806400.0000 97950.0000 -2.9845 -2.7293 -0.6800 4.0592 47.5581 0.0941 0.2176 0.0603 0.0431 -0.0051 0.0077 0.1860 0.0859 0.0797
1494806400.0000 98250.0000 -2.8856 -3.4461 -0.7396 4.5040 39.9410 0.0762 0.1076 0.0765 0.0079 -0.0163 0.0051 0.1301 0.0647 0.0551
1494806400.0000 98550.0000 -3.2630 -3.4753 -0.8127 4.7907 43.1957 0.1636 0.1809 0.1145 -0.0463 0.0362 -0.0640 0.2295 0.0809 0.0711
1494806400.0000 98850.0000 -3.8005 -3.2093 -0.8568 4.9930 49.8215 0.2046 0.1327 0.0992 -0.0230 -0.0015 -0.0256 0.2182 0.0756 0.0674
1494806400.0000 99150.0000 -3.9816 -3.0644 -0.7577 5.0454 52.4165 0.2227 0.1155 0.0865 -0.0578 0.0048 -0.0420 0.2124 0.0740 0.0668
1494806400.0000 99450.0000 -4.0456 -2.7462 -0.8506 4.9032 55.8313 0.1083 0.0970 0.0559 -0.0334 0.0242 -0.0293 0.1306 0.0595 0.0535
1494806400.0000 99750.0000 -3.5848 -2.6663 -0.7968 4.4797 53.3595 0.1348 0.0663 0.0453 -0.0189 0.0134 -0.0130 0.1232 0.0631 0.0579
1494806400.0000 100050.0000 -4.3127 -2.5561 -0.7921 5.0227 59.3453 0.1072 0.0594 0.0551 -0.0248 -0.0065 -0.0169 0.1108 0.0535 0.0470
1494806400.0000 100350.0000 -4.2093 -2.9321 -0.9039 5.1382 55.1395 0.0820 0.0848 0.0252 -0.0019 0.0066 -0.0029 0.0960 0.0486 0.0460
1494806400.0000 100650.0000 -4.7402 -3.0342 -0.9640 5.6335 57.3769 0.0472 0.0428 0.0305 -0.0183 -0.0019 -0.0116 0.0602 0.0351 0.0308
1494806400.0000 100950.0000 -4.6559 -3.1212 -0.9873 5.6078 56.1628 0.0235 0.0175 0.0206 -0.0092 -0.0043 -0.0047 0.0308 0.0252 0.0209
1494806400.0000 101250.0000 -4.7227 -3.3134 -1.0545 5.7759 54.9471 0.0475 0.0635 0.0306 -0.0203 0.0047 -0.0102 0.0708 0.0370 0.0333
1494806400.0000 101550.0000 -4.8578 -3.2654 -0.9519 5.8625 56.0914 0.1036 0.0931 0.0894 -0.0110 -0.0005 -0.0466 0.1430 0.0521 0.0437
1494806400.0000 101850.0000 -5.3780 -3.3627 -0.8730 6.3556 57.9833 0.2171 0.1041 0.0992 -0.0243 -0.0259 -0.0397 0.2102 0.0585 0.0516
1494806400.0000 102150.0000 -5.3487 -3.6366 -1.0175 6.4775 55.7878 0.1000 0.1415 0.0586 0.0041 -0.0281 -0.0055 0.1501 0.0483 0.0439
1494806400.0000 102450.0000 -5.2330 -3.8073 -1.0685 6.4752 53.9621 0.0408 0.0479 0.0229 -0.0021 -0.0003 -0.0048 0.0558 0.0294 0.0266
1494806400.0000 102750.0000 -4.9382 -4.0272 -1.0070 6.3789 50.8016 0.0426 0.0534 0.0117 -0.0377 -0.0112 0.0133 0.0539 0.0294 0.0281
1494806400.0000 103050.0000 -4.6655 -4.3220 -0.9686 6.3623 47.1886 0.0154 0.0277 0.0238 -0.0099 0.0048 -0.0095 0.0334 0.0232 0.0188
1494806400.0000 103350.0000 -4.6578 -3.8402 -0.8254 6.0441 50.4960 0.0882 0.0942 0.0552 0.0035 0.0185 0.0106 0.1188 0.0462 0.0408
1494806400.0000 103650.0000 -4.5860 -3.9571 -1.0548 6.0628 49.2102 0.1036 0.0261 0.0274 -0.0085 -0.0294 -0.0031 0.0785 0.0372 0.0343
1494806400.0000 103950.0000 -4.3941 -4.0916 -1.0491 6.0088 47.0414 0.0692 0.0321 0.0268 -0.0055 -0.0146 0.0053 0.0640 0.0339 0.0306
1494806400.0000 104250.0000 -4.7212 -4.0741 -1.0794 6.2420 49.2075 0.0937 0.0590 0.0242 -0.0001 -0.0061 -0.0057 0.0885 0.0384 0.0362
1494806400.0000 104550.0000 -4.5622 -3.8868 -1.1087 5.9985 49.5703 0.0701 0.0419 0.0256 -0.0063 0.0147 0.0002 0.0688 0.0351 0.0322
1494806400.0000 104850.0000 -4.1118 -3.7880 -0.9802 5.5991 47.3474 0.1334 0.0495 0.0462 -0.0049 0.0124 -0.0154 0.1146 0.0487 0.0442
1494806400.0000 105150.0000 -4.3471 -3.9019 -0.9486 5.8479 48.0892 0.0906 0.0636 0.0352 0.0008 0.0032 -0.0004 0.0947 0.0425 0.0388
1494806400.0000 105450.0000 -5.0145 -4.0670 -1.0520 6.4596 50.9565 0.0563 0.0318 0.0236 0.0013 0.0071 -0.0006 0.0558 0.0295 0.0265
1494806400.0000 105750.0000 -5.0042 -4.3888 -1.1155 6.6639 48.7486 0.0844 0.0634 0.0472 -0.0309 0.0007 -0.0077 0.0975 0.0378 0.0333
1494806400.0000 106050.0000 -4.8695 -4.4811 -1.3402 6.6330 47.3788 0.1807 0.1368 0.1106 -0.0416 0.0434 -0.0414 0.2141 0.0560 0.0492
1494806400.0000 106350.0000 -5.4294 -4.6183 -1.3093 7.1439 49.6156 0.3209 0.1452 0.2235 -0.0007 0.0313 -0.0558 0.3448 0.0662 0.0553
1494806400.0000 106650.0000 -5.1307 -4.4996 -1.5671 6.8405 48.7496 0.2409 0.1725 0.2204 -0.0155 -0.0817 -0.0506 0.3169 0.0656 0.0544
1494806400.0000 106950.0000 -4.9856 -4.2119 -1.2593 6.5394 49.8087 0.1581 0.1245 0.1032 -0.0259 0.0155 0.0041 0.1929 0.0540 0.0470
1494806400.0000 107250.0000 -5.2391 -4.2872 -1.0874 6.7774 50.7064 0.1012 0.0807 0.0772 -0.0151 -0.0135 -0.0030 0.1296 0.0429 0.0364
1494806400.0000 107550.0000 -5.4766 -4.4994 -1.1923 7.0924 50.5950 0.0525 0.0926 0.0454 0.0132 -0.0009 -0.0120 0.0952 0.0351 0.0310
1494806400.0000 107850.0000 -5.7934 -3.9849 -1.4261 7.0457 55.4784 0.1343 0.1181 0.0825 -0.0800 0.0034 -0.0299 0.1674 0.0466 0.0412
1494806400.0000 108150.0000 -6.1530 -3.3473 -1.4779 7.0126 61.4530 0.0929 0.1067 0.1364 -0.0102 0.0244 -0.0017 0.1680 0.0468 0.0368
1494806400.0000 108450.0000 -6.7323 -2.9272 -1.2860 7.3528 66.5008 0.1094 0.1153 0.0753 -0.0768 -0.0055 0.0149 0.1500 0.0424 0.0373
1494806400.0000 108750.0000 -6.7515 -2.4713 -1.2862 7.2086 69.8952 0.2165 0.2278 0.1864 -0.0610 0.0413 -0.0469 0.3154 0.0628 0.0535
1494806400.0000 109050.0000 -6.6583 -2.7860 -1.2491 7.2401 67.2944 0.4033 0.2144 0.2356 -0.1042 0.0820 -0.0223 0.4267 0.0728 0.0629
1494806400.0000 109350.0000 -5.9703 -2.8651 -1.5062 6.6478 64.3642 0.3339 0.2596 0.2049 -0.0809 0.0781 -0.0377 0.3992 0.0760 0.0672
1494806400.0000 109650.0000 -5.3795 -2.9200 -1.3375 6.1508 61.5066 0.4305 0.2183 0.2213 -0.1154 0.0857 -0.0165 0.4351 0.0860 0.0760
1494806400.0000 109950.0000 -5.5395 -2.8014 -1.3637 6.2322 63.1742 0.4355 0.1909 0.2357 -0.0682 0.1015 -0.0438 0.4311 0.0843 0.0736
1494806400.0000 110250.0000 -5.8103 -2.9863 -1.6518 6.5607 62.7981 0.3838 0.2854 0.1741 -0.0686 0.0311 -0.0324 0.4216 0.0787 0.0723
1494806400.0000 110550.0000 -5.2322 -3.0949 -1.2130 6.1215 59.3954 0.4357 0.3341 0.8555 -0.1649 0.1337 -0.0100 0.8127 0.1187 0.0833
1494806400.0000 110850.0000 -5.6246 -2.8438 -1.3043 6.3153 63.1793 0.0888 0.1258 0.0653 -0.0527 0.0037 -0.0015 0.1399 0.0474 0.0424
1494806400.0000 111150.0000 -5.8737 -2.8895 -0.9288 6.5499 63.8053 0.1580 0.0662 0.0427 0.0417 -0.0531 -0.0167 0.1335 0.0451 0.0418
1494806400.0000 111450.0000 -5.9378 -3.0231 -0.9569 6.6736 63.0179 0.3034 0.1180 0.1538 0.0223 0.0119 -0.0058 0.2876 0.0650 0.0562
1494806400.0000 111750.0000 -5.0504 -2.6055 -1.2306 5.6895 62.7112 0.0937 0.0498 0.0628 -0.0187 0.0148 0.0005 0.1031 0.0451 0.0385
1494806400.0000 112050.0000 -4.7258 -2.5914 -1.0354 5.4232 61.2622 0.3105 0.2662 0.7598 -0.0989 0.1620 -0.1981 0.6682 0.1216 0.0813
1494806400.0000 112350.0000 -4.0620 -2.6424 -1.3145 4.8795 56.9559 0.2686 0.3629 0.2793 0.0107 -0.0531 -0.1047 0.4554 0.1097 0.0947
1494806400.0000 112650.0000 -3.8027 -2.6478 -1.1968 4.6657 55.1505 0.1744 0.2181 0.2429 -0.0960 0.0457 -0.0770 0.3177 0.0962 0.0781
1494806400.0000 112950.0000 -3.6322 -2.6671 -0.9332 4.5218 53.7103 0.0872 0.1111 0.1179 -0.0376 0.0134 -0.0276 0.1581 0.0705 0.0570
1494806400.0000 113250.0000 -4.1104 -2.7893 -1.0856 4.9903 55.8387 0.1844 0.1689 0.1945 -0.0617 -0.0008 -0.0661 0.2739 0.0840 0.0691
1494806400.0000 113550.0000 -4.5389 -2.7007 -1.2376 5.2966 59.2468 0.1196 0.1320 0.2034 -0.0344 -0.0019 -0.0420 0.2275 0.0718 0.0548
1494806400.0000 113850.0000 -4.3739 -2.4623 -0.9466 5.0376 60.6226 0.1626 0.1605 0.1561 -0.0262 0.0114 -0.0493 0.2396 0.0783 0.0654
1494806400.0000 114150.0000 -3.9751 -2.5079 -0.9688 4.7229 57.7519 0.2764 0.1520 0.2219 -0.0325 0.0331 -0.0185 0.3252 0.0970 0.0804
1494806400.0000 114450.0000 -3.7401 -2.5106 -0.7954 4.5228 56.1278 0.1208 0.1696 0.1573 -0.0083 0.0095 -0.0119 0.2239 0.0845 0.0691
1494806400.0000 114750.0000 -3.5677 -2.5626 -0.8762 4.4166 54.3111 0.1640 0.1944 0.1877 -0.0302 0.0266 0.0118 0.2730 0.0952 0.0787
1494806400.0000 115050.0000 -3.6877 -2.8578 -0.7916 4.7075 52.2266 0.4307 0.3284 0.4005 -0.0190 0.0990 0.0458 0.5798 0.1314 0.1078
1494806400.0000 115350.0000 -4.4986 -2.8027 -0.9755 5.3270 58.0760 0.1923 0.3507 0.3231 0.0321 0.0345 0.1205 0.4330 0.0997 0.0803
1494806400.0000 115650.0000 -4.6789 -3.1768 -0.9543 5.6835 55.8248 0.2292 0.3023 0.2589 -0.0406 0.0453 0.0582 0.3952 0.0895 0.0744
1494806400.0000 115950.0000 -4.5155 -3.5286 -1.1225 5.7664 51.9948 0.2109 0.4357 0.3200 -0.0610 0.0187 -0.0400 0.4833 0.0972 0.0810
1494806400.0000 116250.0000 -4.7802 -3.6557 -1.1382 6.0343 52.5927 0.1955 0.2295 0.3696 0.0195 -0.0247 -0.0797 0.3973 0.0840 0.0625
1494806400.0000 116550.0000 -4.7690 -3.5164 -0.9889 5.9665 53.5967 0.2447 0.4896 0.2939 -0.0960 -0.0409 -0.0146 0.5141 0.0975 0.0835
1494806400.0000 116850.0000 -4.8581 -3.2469 -1.0535 5.8708 56.2432 0.2854 0.2599 0.4443 -0.0544 -0.0719 -0.0116 0.4948 0.0967 0.0730
1494806400.0000 117150.0000 -4.7786 -3.1368 -0.5642 5.7425 56.7176 0.2186 0.2452 0.3540 -0.0706 -0.0515 -0.0144 0.4089 0.0909 0.0688
1494806400.0000 117450.0000 -4.9463 -3.0849 -1.0311 5.8571 58.0496 0.2154 0.4015 0.2557 0.0328 0.0103 0.0576 0.4363 0.0911 0.0778
1494806400.0000 117750.0000 -4.5669 -2.9352 -0.7715 5.4619 57.2706 0.2854 0.2620 0.4205 -0.0971 -0.1568 0.0972 0.4839 0.1036 0.0787
1494806400.0000 118050.0000 -4.6576 -3.3053 -1.3456 5.7402 54.6385 0.1813 0.3157 0.2624 -0.0690 -0.0354 -0.0173 0.3797 0.0857 0.0713
1494806400.0000 118350.0000 -4.9228 -3.3261 -1.2780 5.9659 55.9549 0.2856 0.2046 0.3195 -0.0704 0.0474 -0.0583 0.4049 0.0855 0.0680
1494806400.0000 118650.0000 -5.2879 -3.2319 -1.2597 6.2189 58.5677 0.2646 0.2550 0.3445 -0.0107 -0.0568 -0.0507 0.4320 0.0849 0.0672
1494806400.0000 118950.0000 -5.3453 -2.5667 -1.0978 5.9585 64.3508 0.2059 0.3173 0.3188 -0.0565 -0.0211 -0.0259 0.4210 0.0879 0.0704
1494806400.0000 119250.0000 -5.2655 -2.7850 -0.5141 5.9927 62.1248 0.1756 0.4555 0.3546 -0.0385 -0.0082 -0.0427 0.4929 0.0959 0.0770
1494806400.0000 119550.0000 -4.9258 -2.8431 -1.0579 5.7280 60.0070 0.3890 0.3840 0.3252 -0.1072 0.0843 -0.0925 0.5491 0.1046 0.0892
1494806400.0000 119850.0000 -4.8991 -3.1243 -1.1059 5.8669 57.4737 0.4210 0.4364 0.3080 -0.2421 0.0047 -0.1180 0.5827 0.1054 0.0920
1494806400.0000 120150.0000 -5.3579 -2.7226 -0.9724 6.0450 63.0626 0.4264 0.3716 0.5075 -0.0440 0.0449 -0.0799 0.6528 0.1084 0.0858
1494806400.0000 120450.0000 -5.1045 -2.5354 -1.2042 5.7273 63.5867 0.2918 0.3417 0.7275 0.0204 0.0286 -0.0479 0.6805 0.1156 0.0806
1494806400.0000 120750.0000 -4.6549 -2.3088 -1.0784 5.2405 63.6186 0.2683 0.4518 0.5998 -0.0529 -0.1332 0.0511 0.6599 0.1250 0.0943
1494806400.0000 121050.0000 -4.0219 -3.2477 -1.0462 5.2500 51.0796 0.4566 0.8419 0.6161 -0.1675 -0.0989 -0.2293 0.9573 0.1515 0.1273
1494806400.0000 121350.0000 -4.7283 -3.3597 -1.2853 5.8331 54.6044 0.2122 0.4240 0.3470 -0.0166 -0.0403 -0.0233 0.4915 0.0964 0.0794
1494806400.0000 121650.0000 -4.1673 -3.6200 -1.2373 5.5721 49.0200 0.4664 0.3380 0.4357 -0.1731 0.0104 -0.0843 0.6200 0.1137 0.0938
1494806400.0000 121950.0000 -4.0576 -3.9096 -1.3080 5.6760 46.0643 0.3430 0.3557 0.3081 -0.1227 -0.0505 -0.0384 0.5034 0.1001 0.0856
1494806400.0000 122250.0000 -4.0051 -3.2253 -1.5437 5.1733 51.1558 0.3201 0.3044 0.3621 -0.0070 -0.0575 -0.0599 0.4933 0.1068 0.0887
1494806400.0000 122550.0000 -4.2441 -2.3936 -0.2286 4.9875 60.5776 0.4653 1.1123 0.8454 -0.2472 -0.1650 0.4668 1.2115 0.1842 0.1488
1494806400.0000 122850.0000 -3.9147 -3.2050 -0.6360 5.1127 50.6928 0.3671 0.5824 0.4635 -0.0237 -0.0871 0.1410 0.7065 0.1346 0.1112
1494806400.0000 123150.0000 -4.0984 -2.8323 -0.1098 5.0629 55.3521 0.3972 0.7231 0.5658 -0.2073 -0.0184 -0.2040 0.8431 0.1504 0.1227
1494806400.0000 123450.0000 -4.1664 -2.9045 -0.5255 5.1489 55.1188 0.2872 0.8685 0.5186 -0.0349 0.0241 0.1140 0.8371 0.1463 0.1222
1494806400.0000 123750.0000 -4.1975 -3.0369 -0.3744 5.2992 54.1144 0.8121 0.9852 0.6876 -0.2880 0.1446 -0.1222 1.2424 0.1752 0.1494
1494806400.0000 124050.0000 -3.6463 -3.5752 -0.7521 5.1462 45.5637 0.3751 0.3347 0.3517 -0.0441 -0.0542 -0.1161 0.5308 0.1152 0.0953
1494806400.0000 124350.0000 -3.9102 -3.2830 -0.9606 5.1687 49.9833 0.3961 0.6320 0.3690 -0.1404 0.0449 -0.1717 0.6986 0.1314 0.1147
1494806400.0000 124650.0000 -4.1516 -1.4851 -0.7709 4.4568 70.3174 0.4885 0.4272 0.6207 -0.0082 0.0311 -0.0010 0.7682 0.1599 0.1253
1494806400.0000 124950.0000 -4.0502 -2.8793 -0.3163 5.0446 54.5905 0.6702 0.7752 0.4993 -0.0104 -0.2048 -0.1506 0.9723 0.1617 0.1397
1494806400.0000 125250.0000 -5.0200 -1.9208 -0.0974 5.4317 69.0618 0.8188 0.4044 0.3656 -0.2117 -0.0738 -0.0195 0.7944 0.1354 0.1188
1494806400.0000 125550.0000 -4.6351 -1.7249 0.2669 4.9720 69.5878 0.4105 0.2954 0.2549 0.0818 0.0082 -0.0515 0.4804 0.1143 0.0981
1494806400.0000 125850.0000 -4.4231 -1.6707 0.3332 4.7708 69.3069 0.6098 0.3996 0.3871 0.0265 -0.0344 -0.0883 0.6983 0.1439 0.1227
1494806400.0000 126150.0000 -3.9470 -2.5755 0.4743 4.7572 56.8750 0.4302 0.4702 0.2516 0.0547 0.0747 0.0348 0.5760 0.1308 0.1162
1494806400.0000 126450.0000 -3.2390 -1.9016 -0.1812 3.8047 59.5829 0.3937 0.6063 0.3202 0.2141 -0.0908 -0.2100 0.6601 0.1764 0.1537
1494806400.0000 126750.0000 -3.7349 -1.6728 -0.0682 4.1612 65.8728 0.8945 0.6638 0.3781 0.1811 -0.2769 -0.2352 0.9682 0.1963 0.1761
1494806400.0000 127050.0000 -3.6855 -2.2783 0.4688 4.3917 58.2765 0.5599 0.4602 0.4016 -0.0088 0.0867 0.0600 0.7108 0.1580 0.1346
1494806400.0000 127350.0000 -3.3465 -2.6911 -0.1327 4.4444 51.1955 0.6675 0.9742 0.3813 -0.4008 -0.0280 0.0238 1.0115 0.1911 0.1723
1494806400.0000 127650.0000 -2.6418 -2.9536 -0.0748 4.0713 41.8102 0.7397 1.2886 0.3948 0.2832 0.0540 0.2028 1.2116 0.2268 0.2075
1494806400.0000 127950.0000 -2.5296 -1.4524 0.3271 3.1785 60.1374 1.0407 1.3266 0.8674 -0.2997 0.2365 -0.2658 1.6174 0.3538 0.3045
1494806400.0000 128250.0000 -3.5894 0.5017 0.1517 3.7683 97.9572 0.7613 1.0492 0.6216 0.0722 0.1668 0.1217 1.2160 0.2482 0.2143
1494806400.0000 128550.0000 -3.8313 -0.4494 0.1768 4.1859 83.3101 0.3780 2.9183 0.2785 0.0682 -0.0017 -0.1571 1.7874 0.2827 0.2717
1494806400.0000 128850.0000 -2.6564 -2.4430 -0.2357 3.8952 47.3960 0.6595 1.9014 0.3178 -0.5854 -0.1859 -0.0210 1.4393 0.2709 0.2560
1494806400.0000 129150.0000 -3.3083 0.9495 -0.1831 3.4964 106.0137 0.5152 0.3078 0.2412 0.0791 0.0562 -0.0668 0.5321 0.1728 0.1522
1494806400.0000 129450.0000 -3.8005 0.2459 0.1886 3.8468 93.7025 0.7729 0.2482 0.2745 0.1241 0.0727 0.0296 0.6478 0.1723 0.1532
1494806400.0000 129750.0000 -3.3157 0.6186 -0.0736 3.4029 100.5678 0.2570 0.2214 0.3142 -0.0525 0.0031 -0.0557 0.3963 0.1524 0.1184
1494806400.0000 130050.0000 -3.3935 0.7988 -0.1795 3.5373 103.2466 0.4420 0.3196 0.3476 0.0716 0.0058 0.0970 0.5546 0.1742 0.1445
1494806400.0000 130350.0000 -2.5779 0.6880 0.0989 2.7034 104.9431 0.2457 0.2218 0.1750 -0.0649 0.0066 -0.0309 0.3213 0.1733 0.1480
1494806400.0000 130650.0000 -2.9818 -1.1597 -0.0366 3.3088 68.7481 0.8742 0.5860 0.2581 -0.0114 -0.0137 -0.0582 0.8591 0.2365 0.2181
1494806400.0000 130950.0000 -2.3812 -1.3827 0.2936 2.8895 59.8579 0.4464 0.6848 0.2056 -0.1816 0.0718 -0.0756 0.6684 0.2411 0.2230
1494806400.0000 131250.0000 -2.7679 0.0561 0.3551 2.9471 91.1611 0.3386 0.9447 0.3730 -0.0944 0.0700 -0.1397 0.8281 0.2662 0.2362
1494806400.0000 131550.0000 -1.7366 -0.8368 0.0505 2.0763 64.2729 0.1602 0.6562 0.2478 -0.0066 0.0139 -0.1190 0.5321 0.3089 0.2706
1494806400.0000 131850.0000 -0.8495 -0.9905 -0.3154 1.4071 40.6175 0.2623 0.1778 0.2865 -0.0263 0.0053 -0.1266 0.3633 0.3666 0.2935
1494806400.0000 132150.0000 -2.4923 0.4577 0.1251 2.7218 100.4068 0.5990 1.0723 0.4486 -0.1102 0.0110 -0.2708 1.0599 0.3313 0.2946
1494806400.0000 132450.0000 -1.5367 0.0208 -0.3273 1.6629 90.7764 0.4776 0.4252 0.1720 0.2393 -0.0611 -0.1129 0.5374 0.3809 0.3569
1494806400.0000 132750.0000 -0.8387 -0.2808 -0.2966 1.0005 71.4898 0.4331 0.1150 0.1896 -0.0074 0.0434 0.0383 0.3688 0.5316 0.4833
1494806400.0000 133050.0000 -2.2403 0.1429 -0.1759 2.2892 93.6505 0.2600 0.1783 0.3327 -0.0494 0.1122 -0.0532 0.3855 0.2251 0.1703
1494806400.0000 133350.0000 -1.8604 -0.2102 -0.3867 1.9125 83.5550 0.3048 0.1146 0.2332 -0.0679 -0.0018 -0.0388 0.3263 0.2440 0.1997
1494806400.0000 133650.0000 -1.6211 -0.6080 0.0767 1.8737 69.4422 0.3487 0.5902 0.1884 0.1681 -0.1209 -0.1897 0.5637 0.3537 0.3231
1494806400.0000 133950.0000 -2.1948 -0.2662 -0.1090 2.2957 83.0846 0.4119 0.3644 0.4520 -0.0572 0.0190 0.0283 0.6142 0.2891 0.2301
1494806400.0000 134250.0000 -1.8865 -0.8497 -0.0815 2.1937 65.7522 1.4200 0.5744 0.5120 0.3581 -0.3728 -0.2952 1.2532 0.4414 0.3941
1494806400.0000 134550.0000 -2.3015 -1.2429 -0.3601 2.6613 61.6301 0.2948 0.1971 0.2157 -0.0320 0.0196 -0.0879 0.3538 0.1839 0.1548
1494806400.0000 134850.0000 -2.5754 -1.8066 -0.0526 3.1930 54.9509 0.2293 0.3062 0.2485 -0.0069 -0.0588 -0.0264 0.3920 0.1625 0.1343
1494806400.0000 135150.0000 -2.4929 -1.3583 -0.1638 2.9487 61.4156 0.2189 0.8265 0.4462 0.0834 0.0010 0.1039 0.7458 0.2480 0.2079
1494806400.0000 135450.0000 -1.0905 0.5460 -0.2380 1.5346 116.5967 0.6465 0.4666 0.4197 0.3625 -0.1743 -0.0392 0.7664 0.5753 0.4995
1494806400.0000 135750.0000 -1.1161 -0.6595 0.3279 1.9569 59.4223 1.3154 1.6382 0.2454 0.7783 -0.1753 -0.1431 1.5995 0.7722 0.7654
1494806400.0000 136050.0000 -0.0576 -1.3156 -0.0943 1.5066 2.5089 0.4270 0.6345 0.7380 0.1011 0.2364 0.3352 0.8998 0.5866 0.4517
1494806400.0000 136350.0000 -1.3163 -1.4426 0.1958 2.0417 42.3791 0.4382 0.2954 0.1679 0.0763 -0.0290 0.0520 0.4507 0.2793 0.2532
1494806400.0000 136650.0000 -1.8844 -1.0296 0.3754 2.2638 61.3490 0.5354 0.5252 0.2536 0.0152 -0.0855 0.0000 0.6571 0.3036 0.2769
1494806400.0000 136950.0000 -1.5288 -0.7353 0.3469 1.7813 64.3137 0.1943 0.3408 0.1640 0.0586 -0.0225 0.0240 0.3495 0.2788 0.2489
1494806400.0000 137250.0000 -1.6626 -1.1659 0.2881 2.0687 54.9612 0.1878 0.2766 0.1546 0.1261 -0.0096 -0.0054 0.3095 0.2215 0.1938
1494806400.0000 137550.0000 -1.4491 -1.7375 0.0110 2.3771 39.8280 0.5173 0.3964 0.4206 0.0129 0.1752 -0.0253 0.6672 0.2948 0.2439
1494806400.0000 137850.0000 -3.0250 -1.6011 -0.3926 3.4996 62.1076 0.4761 0.4539 0.3060 -0.0996 0.0546 -0.0801 0.6180 0.1863 0.1627
1494806400.0000 138150.0000 -2.6789 -1.2221 -0.2865 3.0134 65.4784 0.2748 0.3896 0.3593 -0.0519 -0.0674 -0.0278 0.5118 0.1975 0.1598
1494806400.0000 138450.0000 -2.5401 -1.6649 0.0355 3.1555 56.7576 0.4878 0.9157 0.2043 0.2271 0.1323 0.1473 0.8039 0.2410 0.2252
1494806400.0000 138750.0000 -1.5942 -1.8951 0.0251 2.6210 40.0710 0.2960 0.9135 0.3403 0.0578 -0.0318 0.0039 0.7749 0.2902 0.2564
1494806400.0000 139050.0000 -3.2295 -1.5920 -0.0523 3.8393 63.7592 2.1049 0.9520 0.3273 -0.9451 -0.0721 0.0107 1.6921 0.2950 0.2804
1494806400.0000 139350.0000 -2.9770 -1.2740 -0.2785 3.2578 66.8317 0.4721 0.0980 0.2696 0.0335 0.0297 -0.0245 0.4198 0.1628 0.1346
1494806400.0000 139650.0000 -1.5919 -1.0001 0.0523 1.9318 57.8605 0.1984 0.2106 0.3301 0.0213 -0.0464 0.0268 0.3695 0.2639 0.1964
1494806400.0000 139950.0000 -0.6097 -0.5031 -0.1078 0.9371 50.4695 0.1917 0.2544 0.1154 0.0012 0.0091 -0.0482 0.2808 0.5423 0.4878
1494806400.0000 140250.0000 -0.5289 -1.2244 -0.0107 1.4043 23.3623 0.2391 0.1782 0.1126 0.1147 0.0897 0.0462 0.2650 0.3151 0.2797
1494806400.0000 140550.0000 -0.7931 -0.6203 0.5036 1.2048 51.9699 0.3749 0.4132 0.1776 0.1791 0.0237 0.0628 0.4828 0.5040 0.5091
1494806400.0000 140850.0000 -1.0109 0.1564 0.3454 1.4679 98.7947 0.0946 1.1357 0.1299 -0.0289 0.0075 -0.1044 0.6801 0.6237 0.6260
1494806400.0000 141150.0000 -1.2997 0.3208 0.1320 1.4804 103.8663 0.2695 0.2723 0.2173 0.1766 0.0321 0.0290 0.3795 0.3739 0.3174
1494806400.0000 141450.0000 -2.7414 -0.3376 -0.2227 2.8206 82.9799 0.1931 0.3433 0.2743 0.0295 0.0715 -0.0802 0.4054 0.1876 0.1531
1494806400.0000 141750.0000 -2.3170 -1.4340 -0.1577 2.7702 58.2461 0.2554 0.2154 0.1954 -0.0150 -0.0259 -0.0024 0.3331 0.1726 0.1454
1494806400.0000 142050.0000 -1.1389 0.0327 -0.0622 1.2957 91.6459 0.5216 0.3245 0.3517 0.1898 0.2519 0.1198 0.5989 0.5538 0.4661
1494806400.0000 142350.0000 -1.0508 -1.1008 -0.0281 1.6108 43.6696 0.1499 0.3993 0.1694 0.0554 0.0162 0.1130 0.3594 0.3216 0.2812
1494806400.0000 142650.0000 -1.0712 -1.4044 -0.0487 1.8367 37.3343 0.2451 0.1917 0.1235 -0.0216 -0.0402 0.0443 0.2801 0.2446 0.2160
1494806400.0000 142950.0000 -0.8223 -1.6629 -0.2716 1.8921 26.3138 0.1615 0.2639 0.1272 0.0552 -0.0644 0.0019 0.2763 0.2289 0.2030
1494806400.0000 143250.0000 -1.1390 -2.2354 -0.3845 2.5386 27.0003 0.1215 0.3368 0.1880 0.0322 -0.0431 -0.0130 0.3231 0.1829 0.1558
1494806400.0000 143550.0000 -0.8592 -2.1541 -0.2879 2.3783 21.7459 0.3167 0.3809 0.5383 0.0964 0.0477 -0.0528 0.6180 0.2747 0.2079
1494806400.0000 143850.0000 -0.8304 -2.4888 -0.1220 2.6767 18.4522 0.3058 0.3223 0.1982 0.0596 -0.0117 0.0078 0.4132 0.1998 0.1744
1494806400.0000 144150.0000 -0.3126 -1.3617 -0.2277 1.5624 12.9296 0.3594 0.6218 0.4533 -0.1205 -0.1457 -0.0041 0.7173 0.4885 0.4093
1494806400.0000 144450.0000 -1.3239 -0.8515 -0.4125 2.0480 57.2515 1.6101 0.4319 0.2638 -0.5029 -0.3607 0.0837 1.1529 0.5388 0.5241
1494806400.0000 144750.0000 -1.5198 0.6761 -0.2286 1.6952 113.9820 0.1414 0.1153 0.1782 -0.0249 0.0283 -0.0393 0.2174 0.2268 0.1758
1494806400.0000 145050.0000 -1.4255 -1.2806 0.0681 2.1440 48.0658 0.1604 1.2725 0.2703 0.0269 0.0643 0.3373 0.8516 0.3930 0.3607
1494806400.0000 145350.0000 -1.4880 -2.0362 -0.2016 2.5935 36.1580 0.1719 0.4079 0.1875 -0.0979 -0.0693 -0.0229 0.3836 0.1999 0.1743
1494806400.0000 145650.0000 -0.7748 -2.1972 -0.1655 2.4148 19.4250 0.2931 0.5810 0.3171 -0.0740 0.0461 0.0391 0.5956 0.2698 0.2317
1494806400.0000 145950.0000 -1.1057 -1.9546 -0.8311 2.3710 29.4955 0.4200 0.3277 0.1150 -0.1601 -0.0592 -0.0190 0.4314 0.2240 0.2223
1494806400.0000 146250.0000 -1.1744 -0.6293 -0.7085 1.4255 61.8143 0.0636 0.3493 0.1023 0.0318 0.0164 0.0128 0.2576 0.2746 0.2784
1494806400.0000 146550.0000 -1.0681 -1.8084 -0.1113 2.1853 30.5669 0.1863 0.6240 0.1228 -0.0438 -0.0781 0.0107 0.4665 0.2652 0.2474
1494806400.0000 146850.0000 -0.6116 -1.6500 -0.2946 1.8114 20.3369 0.2703 0.4842 0.1809 0.1414 0.0768 0.0809 0.4677 0.3130 0.2850
1494806400.0000 147150.0000 -1.3704 -1.2929 -0.2831 1.9633 46.6678 0.3005 0.4702 0.2069 0.0730 -0.0382 -0.0820 0.4888 0.2996 0.2690
1494806400.0000 147450.0000 -1.5520 -0.2054 -0.2225 1.6345 82.4613 0.1505 0.1959 0.3563 -0.0551 -0.0182 0.0472 0.3513 0.3061 0.2171
1494806400.0000 147750.0000 -0.1731 -0.9897 0.0669 1.2745 9.9195 0.2813 0.5365 0.2863 -0.2651 -0.1672 0.2090 0.5521 0.6025 0.5196
1494806400.0000 148050.0000 0.0046 -0.6639 -0.1923 0.7046 359.5997 0.0703 0.0846 0.1653 0.0327 -0.0569 -0.0487 0.1601 0.4726 0.3422
1494806400.0000 148350.0000 -0.3549 -1.0081 -0.2158 1.1285 19.3934 0.1389 0.1210 0.1243 -0.0006 -0.0409 0.0478 0.1921 0.3282 0.2754
1494806400.0000 148650.0000 -0.5070 -0.6317 0.1825 0.8605 38.7492 0.0666 0.0854 0.0691 -0.0013 -0.0127 0.0133 0.1105 0.3269 0.2778
1494806400.0000 148950.0000 0.5297 -0.2567 0.1999 0.7781 295.8535 0.3140 0.0741 0.1616 0.0274 0.0416 0.0338 0.2748 0.6886 0.6111
1494806400.0000 149250.0000 -0.0857 -1.4482 0.2978 1.7704 3.3864 1.2656 0.5124 0.6958 0.5269 -0.0103 0.1725 1.2369 0.6131 0.5307
1494806400.0000 149550.0000 0.6927 -0.2228 0.3524 0.8710 287.8327 0.2061 0.2042 0.2523 0.0766 0.0367 0.0846 0.3313 0.5813 0.5082
1494806400.0000 149850.0000 0.4763 -1.7485 -0.1353 1.8855 344.7631 0.2178 0.4003 0.1357 0.1035 0.0766 0.0724 0.3769 0.2758 0.2505
1494806400.0000 150150.0000 0.1855 -2.3909 -0.1643 2.4131 355.5632 0.0664 0.1519 0.0477 0.0301 -0.0107 0.0020 0.1330 0.1239 0.1125
1494806400.0000 150450.0000 0.1183 -2.2565 -0.0396 2.2921 356.9985 0.1357 0.2034 0.0577 -0.0124 -0.0028 0.0515 0.1983 0.1609 0.1488
1494806400.0000 150750.0000 0.0811 -2.3625 -0.1034 2.3878 358.0338 0.1034 0.1618 0.0550 0.0346 0.0059 0.0444 0.1601 0.1381 0.1258
1494806400.0000 151050.0000 -0.0434 -1.9132 -0.0198 1.9503 1.2999 0.1411 0.0745 0.0484 0.0299 0.0032 0.0127 0.1320 0.1550 0.1401
