1494720000.0000 150.0000 -0.1954 0.1039 -0.0007 0.2475 118.0149 0.0054 0.0124 0.0056 0.0018 -0.0031 -0.0029 0.0117 0.3987 0.3479
1494720000.0000 450.0000 -0.1188 0.2543 0.0387 0.3075 154.9492 0.0156 0.0023 0.0043 0.0016 0.0068 0.0009 0.0111 0.3033 0.2750
1494720000.0000 750.0000 0.0633 0.2027 0.0596 0.2308 197.3306 0.0083 0.0014 0.0059 -0.0009 0.0007 0.0001 0.0078 0.3276 0.2681
1494720000.0000 1050.0000 0.1515 0.0117 0.1012 0.1884 265.5884 0.0100 0.0091 0.0051 0.0069 0.0017 0.0034 0.0121 0.4919 0.5249
1494720000.0000 1350.0000 0.3050 -0.3587 0.1160 0.4904 319.6189 0.0332 0.0215 0.0123 -0.0153 -0.0056 0.0037 0.0335 0.3082 0.2868
1494720000.0000 1650.0000 -0.1701 -0.4603 -0.0512 0.5422 20.2841 0.0347 0.0454 0.0050 -0.0225 0.0041 0.0009 0.0426 0.3415 0.3331
1494720000.0000 1950.0000 0.3025 0.3928 0.1773 0.5049 217.5991 0.0233 0.0163 0.0049 0.0169 0.0004 -0.0024 0.0223 0.2314 0.2317
1494720000.0000 2250.0000 -0.6124 0.1346 -0.0981 0.7167 102.3965 0.2063 0.0397 0.0175 0.0830 0.0511 0.0228 0.1317 0.4669 0.4567
1494720000.0000 2550.0000 -1.4505 0.4340 -0.2790 1.5648 106.6559 0.0379 0.1515 0.0289 0.0153 0.0174 0.0359 0.1091 0.1752 0.1659
1494720000.0000 2850.0000 -0.3592 0.3707 0.1064 0.5508 135.8994 0.0630 0.0990 0.0581 -0.0567 0.0009 -0.0102 0.1101 0.5140 0.4502
1494720000.0000 3150.0000 -0.1540 0.2410 -0.0130 0.4144 147.4304 0.0950 0.0283 0.0409 -0.0202 0.0332 0.0002 0.0821 0.8170 0.7088
1494720000.0000 3450.0000 -0.2280 0.0635 -0.0519 0.3759 105.5737 0.1246 0.0229 0.0321 -0.0278 0.0533 -0.0145 0.0898 1.0100 0.9371
1494720000.0000 3750.0000 -0.0098 0.0663 0.0539 0.2658 171.6088 0.0296 0.0481 0.0128 0.0300 0.0098 0.0102 0.0453 2.0209 2.4037
1494720000.0000 4050.0000 0.0862 0.2349 0.0307 0.2594 200.1512 0.0081 0.0201 0.0060 0.0066 0.0015 0.0014 0.0171 0.4235 0.3875
1494720000.0000 4350.0000 -0.2319 0.0206 0.0013 0.3274 95.0722 0.0278 0.0340 0.0029 -0.0122 0.0025 -0.0007 0.0323 0.6303 0.6162
1494720000.0000 4650.0000 0.0128 -0.1013 0.0444 0.1386 352.8282 0.0034 0.0107 0.0038 0.0012 -0.0009 0.0001 0.0089 0.6926 0.6710
1494720000.0000 4950.0000 0.1494 -0.3154 0.0582 0.3697 334.6526 0.0148 0.0128 0.0083 -0.0016 -0.0038 -0.0005 0.0180 0.3093 0.2748
1494720000.0000 5250.0000 -0.0707 -0.1351 -0.0543 0.1881 27.6184 0.0179 0.0062 0.0052 0.0014 -0.0008 0.0001 0.0146 0.6102 0.5878
1494720000.0000 5550.0000 0.1132 0.0988 0.1061 0.2288 228.8923 0.0402 0.0191 0.0063 0.0224 -0.0073 -0.0061 0.0327 0.8034 0.9353
1494720000.0000 5850.0000 -0.0725 0.1970 0.0148 0.2697 159.8049 0.0241 0.0146 0.0100 0.0033 0.0077 0.0019 0.0243 0.6054 0.5408
1494720000.0000 6150.0000 -0.0733 0.2731 0.0491 0.2934 164.9820 0.0056 0.0207 0.0057 -0.0009 -0.0011 -0.0016 0.0160 0.3600 0.3312
1494720000.0000 6450.0000 -0.0114 0.1695 0.0196 0.2099 176.1447 0.0115 0.0274 0.0203 0.0033 0.0028 0.0059 0.0296 0.8213 0.6704
1494720000.0000 6750.0000 0.2292 -0.2729 0.0540 0.4085 319.9704 0.0334 0.0234 0.0129 0.0099 -0.0031 0.0046 0.0349 0.4229 0.3861
1494720000.0000 7050.0000 0.0264 -0.1220 0.1313 0.3061 347.8054 0.0364 0.0600 0.0106 0.0375 0.0070 0.0081 0.0535 1.0424 1.4359
1494720000.0000 7350.0000 -0.1457 0.1301 0.0248 0.4092 131.7558 0.1299 0.0263 0.0057 0.0290 -0.0047 0.0040 0.0810 1.1799 1.1683
1494720000.0000 7650.0000 -0.1110 0.4018 0.0309 0.4361 164.5620 0.0102 0.0153 0.0063 0.0052 -0.0034 -0.0038 0.0159 0.2461 0.2210
1494720000.0000 7950.0000 -0.5832 0.0773 -0.0089 0.6511 97.5527 0.0226 0.0643 0.0031 0.0289 0.0009 0.0004 0.0450 0.2945 0.2894
1494720000.0000 8250.0000 -0.2195 0.1156 0.0908 0.3132 117.7654 0.0468 0.0132 0.0081 -0.0060 0.0018 -0.0066 0.0341 0.5705 0.5702
1494720000.0000 8550.0000 0.0800 0.1553 0.0254 0.4155 207.2471 0.0722 0.0981 0.0157 -0.0066 0.0231 -0.0103 0.0930 1.4101 1.3636
1494720000.0000 8850.0000 -0.4235 -0.2202 -0.0399 0.5080 62.5329 0.0098 0.0336 0.0135 -0.0018 0.0024 0.0042 0.0285 0.2877 0.2522
1494720000.0000 9150.0000 0.1536 0.0022 0.0779 0.3755 269.1692 0.0732 0.0657 0.0163 -0.0286 -0.0100 -0.0057 0.0776 1.3208 1.4011
1494720000.0000 9450.0000 0.3414 -0.2768 0.0343 0.4828 309.0335 0.0150 0.0480 0.0077 0.0079 0.0060 0.0084 0.0354 0.3483 0.3297
1494720000.0000 9750.0000 0.3641 -0.2910 -0.0100 0.4779 308.6362 0.0087 0.0189 0.0112 -0.0033 0.0021 0.0066 0.0194 0.2440 0.2058
1494720000.0000 10050.0000 -0.4398 -0.0805 0.0290 0.5596 79.6284 0.1125 0.0382 0.0216 -0.0544 -0.0319 0.0170 0.0861 0.5348 0.5011
1494720000.0000 10350.0000 0.0498 0.4409 0.0570 0.4953 186.4406 0.0548 0.0457 0.0269 0.0284 -0.0066 -0.0129 0.0637 0.4607 0.4126
1494720000.0000 10650.0000 -0.2758 0.2345 -0.0173 0.4622 130.3685 0.0201 0.0776 0.0215 0.0337 0.0179 0.0360 0.0596 0.5499 0.4984
1494720000.0000 10950.0000 0.0978 0.2959 0.0764 0.4743 198.2864 0.1126 0.0265 0.0092 0.0007 0.0197 0.0033 0.0741 0.6928 0.6908
1494720000.0000 11250.0000 0.0948 -0.1943 -0.0207 0.2942 334.0083 0.0283 0.0171 0.0119 0.0120 0.0070 -0.0013 0.0286 0.6357 0.5685
1494720000.0000 11550.0000 -0.8009 -0.0735 0.0281 0.8500 84.7547 0.0443 0.0682 0.0259 -0.0322 -0.0070 0.0252 0.0692 0.2670 0.2408
1494720000.0000 11850.0000 0.0487 0.3566 0.1111 0.4496 187.7727 0.0634 0.0314 0.0054 0.0344 -0.0018 -0.0023 0.0501 0.4852 0.4938
1494720000.0000 12150.0000 -0.1324 0.3948 0.0181 0.4388 161.4624 0.0123 0.0189 0.0043 0.0093 0.0006 -0.0040 0.0178 0.2610 0.2448
1494720000.0000 12450.0000 -0.1556 -0.0784 0.0097 0.2490 63.2738 0.0122 0.0320 0.0083 -0.0075 0.0019 -0.0021 0.0263 0.7582 0.6967
1494720000.0000 12750.0000 0.1733 -0.1409 0.0796 0.2560 309.0954 0.0147 0.0068 0.0037 0.0064 -0.0007 0.0006 0.0126 0.3864 0.3791
1494720000.0000 13050.0000 -0.2280 -0.0454 0.0055 0.3040 78.7469 0.0251 0.0232 0.0039 -0.0166 -0.0042 0.0021 0.0261 0.5673 0.5458
1494720000.0000 13350.0000 -0.1657 0.2050 0.0508 0.3039 141.0476 0.0126 0.0310 0.0023 0.0012 -0.0007 0.0031 0.0229 0.4603 0.4570
1494720000.0000 13650.0000 0.1064 -0.1508 0.0135 0.2048 324.8072 0.0081 0.0120 0.0054 -0.0038 0.0003 0.0013 0.0128 0.4986 0.4434
1494720000.0000 13950.0000 -0.4781 -0.2182 -0.0414 0.6736 65.4716 0.0840 0.1230 0.0238 -0.0760 0.0044 0.0108 0.1154 0.5261 0.4998
1494720000.0000 14250.0000 -0.0199 0.2423 0.0058 0.3216 175.2941 0.0460 0.0288 0.0230 -0.0093 0.0040 -0.0109 0.0489 0.7426 0.6495
1494720000.0000 14550.0000 -0.5901 0.6070 -0.0026 0.8540 135.8083 0.0139 0.0313 0.0089 -0.0106 0.0045 -0.0048 0.0271 0.1587 0.1451
1494720000.0000 14850.0000 -0.2152 0.1652 0.0557 0.2888 127.5058 0.0139 0.0215 0.0058 -0.0091 -0.0023 -0.0006 0.0206 0.4234 0.4004
1494720000.0000 15150.0000 -0.2378 0.4963 -0.0365 0.5695 154.3967 0.0151 0.0272 0.0049 0.0038 -0.0023 -0.0003 0.0236 0.2274 0.2159
1494720000.0000 15450.0000 -0.0508 0.2095 0.0402 0.3351 166.3799 0.0726 0.0128 0.0207 -0.0131 0.0055 -0.0037 0.0531 0.8578 0.7829
1494720000.0000 15750.0000 -0.2357 0.1943 -0.0762 0.4722 129.4937 0.1577 0.0537 0.0219 -0.0290 0.0232 -0.0089 0.1167 0.8859 0.8691
1494720000.0000 16050.0000 -0.3448 0.4648 0.0896 0.6423 143.4323 0.0782 0.0319 0.0397 0.0164 0.0132 -0.0129 0.0749 0.3816 0.3311
1494720000.0000 16350.0000 -0.2568 0.3254 -0.0295 0.5258 141.7133 0.1516 0.0372 0.0175 -0.0516 0.0198 -0.0073 0.1032 0.6312 0.6053
1494720000.0000 16650.0000 -1.0824 0.8187 -0.1115 1.4069 127.1022 0.0795 0.2333 0.0493 -0.0336 0.0007 -0.0274 0.1811 0.2552 0.2379
1494720000.0000 16950.0000 -1.0354 0.5798 -0.0093 1.2318 119.2482 0.1282 0.1867 0.0525 -0.0851 0.0251 -0.0216 0.1837 0.2949 0.2730
1494720000.0000 17250.0000 -0.1219 0.3579 0.0366 0.5264 161.1901 0.1397 0.0452 0.0466 0.0188 0.0194 -0.0032 0.1157 0.7313 0.6566
1494720000.0000 17550.0000 -0.8965 1.4274 -0.0462 1.7049 147.8681 0.0479 0.1624 0.0173 -0.0206 -0.0034 -0.0004 0.1138 0.1634 0.1571
1494720000.0000 17850.0000 -0.6464 1.1573 0.1088 1.3482 150.8132 0.1040 0.1433 0.0324 -0.0598 0.0094 -0.0191 0.1399 0.2296 0.2166
1494720000.0000 18150.0000 -0.4166 1.0835 0.0011 1.1774 158.9664 0.0602 0.1760 0.0206 -0.0633 0.0134 -0.0380 0.1284 0.2521 0.2417
1494720000.0000 18450.0000 -0.9226 1.5785 -0.1733 1.8443 149.6942 0.0212 0.1641 0.0201 -0.0078 0.0025 -0.0198 0.1027 0.1425 0.1359
1494720000.0000 18750.0000 -0.5376 1.2832 -0.0077 1.4282 157.2695 0.0775 0.1844 0.0363 0.0194 0.0069 0.0132 0.1491 0.2266 0.2124
1494720000.0000 19050.0000 -0.3742 0.5511 0.0511 0.7854 145.8228 0.1497 0.1752 0.0544 -0.0567 0.0199 -0.0772 0.1897 0.5322 0.4940
1494720000.0000 19350.0000 -0.3636 0.1975 -0.0639 0.4688 118.5073 0.0484 0.0326 0.0178 -0.0030 0.0071 -0.0031 0.0494 0.4337 0.3973
1494720000.0000 19650.0000 -0.3642 0.3737 -0.0092 0.5898 135.7363 0.0463 0.1140 0.0495 -0.0168 -0.0076 -0.0259 0.1049 0.5067 0.4429
1494720000.0000 19950.0000 -0.2786 0.1105 -0.0325 0.4726 111.6253 0.0386 0.1584 0.0214 -0.0501 -0.0010 -0.0149 0.1092 0.8950 0.8549
1494720000.0000 20250.0000 -0.3696 0.1572 -0.0280 0.4424 113.0421 0.0116 0.0470 0.0138 -0.0148 0.0049 -0.0147 0.0362 0.3860 0.3480
1494720000.0000 20550.0000 -0.7850 0.5524 -0.1297 0.9917 125.1353 0.0346 0.0779 0.0199 -0.0008 0.0040 0.0114 0.0662 0.2169 0.2017
1494720000.0000 20850.0000 -0.7418 0.8441 0.0032 1.1765 138.6894 0.1108 0.0651 0.0591 0.0115 0.0473 -0.0116 0.1175 0.2491 0.2155
1494720000.0000 21150.0000 -0.9105 1.7612 -0.1020 2.0028 152.6628 0.1108 0.0567 0.0167 -0.0426 0.0140 -0.0097 0.0921 0.1248 0.1192
1494720000.0000 21450.0000 -0.9107 1.9813 -0.1177 2.2040 155.3146 0.0902 0.1444 0.0497 0.0001 0.0087 -0.0360 0.1422 0.1410 0.1282
1494720000.0000 21750.0000 -1.2363 1.7487 -0.1712 2.1717 144.7418 0.1187 0.2793 0.0585 -0.0618 0.0185 -0.0380 0.2282 0.1816 0.1701
1494720000.0000 22050.0000 -1.2808 1.6308 -0.1486 2.1019 141.8555 0.1430 0.3777 0.0589 -0.1376 0.0343 -0.0593 0.2898 0.2114 0.2009
1494720000.0000 22350.0000 -1.2637 1.6630 -0.2312 2.1234 142.7702 0.0999 0.2607 0.0889 -0.0400 0.0302 -0.0319 0.2248 0.1842 0.1660
1494720000.0000 22650.0000 -0.7863 1.4108 -0.0053 1.6761 150.8681 0.1262 0.2473 0.0980 0.0280 0.0340 -0.0042 0.2357 0.2455 0.2185
1494720000.0000 22950.0000 -0.6311 1.2502 0.0526 1.4392 153.2151 0.1043 0.1799 0.1034 -0.0161 0.0315 -0.0437 0.1938 0.2565 0.2198
1494720000.0000 23250.0000 -0.3160 1.4617 0.0253 1.5240 167.8017 0.0732 0.1474 0.0756 0.0014 0.0114 -0.0288 0.1481 0.2101 0.1813
1494720000.0000 23550.0000 -0.5193 1.8842 0.0066 1.9854 164.5907 0.1163 0.1414 0.1031 -0.0044 0.0254 -0.0425 0.1804 0.1774 0.1500
1494720000.0000 23850.0000 -0.5223 2.0071 0.0733 2.1119 165.4138 0.1296 0.3390 0.1146 0.0002 0.0263 -0.0499 0.2916 0.2125 0.1906
1494720000.0000 24150.0000 -0.7168 1.9603 0.0119 2.1371 159.9141 0.2302 0.3158 0.0864 -0.0787 0.0286 -0.0753 0.3162 0.2200 0.2044
1494720000.0000 24450.0000 -0.7187 1.5410 -0.0502 1.7372 154.9978 0.1479 0.2278 0.1153 -0.0466 0.0052 -0.0865 0.2455 0.2378 0.2081
1494720000.0000 24750.0000 -1.0349 1.5205 -0.2473 1.8585 145.7598 0.0373 0.0940 0.0402 0.0175 -0.0010 0.0039 0.0858 0.1289 0.1138
1494720000.0000 25050.0000 -0.6806 0.8787 -0.0298 1.1912 142.2426 0.1692 0.1904 0.1367 -0.0272 0.0975 -0.0507 0.2482 0.3658 0.3115
1494720000.0000 25350.0000 -0.2920 1.4246 0.0133 1.5164 168.4180 0.1652 0.1778 0.0693 -0.0192 0.0168 -0.0455 0.2062 0.2549 0.2325
1494720000.0000 25650.0000 -0.0205 1.5692 0.1607 1.6463 179.2528 0.2000 0.4722 0.0931 -0.1002 0.0381 -0.1072 0.3826 0.3201 0.3016
1494720000.0000 25950.0000 -0.1024 1.6284 0.0226 1.6742 176.4012 0.1217 0.3013 0.1404 0.0175 0.0299 -0.1017 0.2817 0.2656 0.2301
1494720000.0000 26250.0000 -0.2320 1.4371 -0.0625 1.4784 170.8281 0.0648 0.0478 0.0410 -0.0023 0.0211 -0.0071 0.0768 0.1553 0.1331
1494720000.0000 26550.0000 -0.2184 1.0243 0.0023 1.1009 167.9658 0.0977 0.1679 0.1207 0.0217 0.0558 0.0458 0.1931 0.3426 0.2841
1494720000.0000 26850.0000 -0.2403 1.3927 -0.0088 1.4750 170.2090 0.1750 0.1755 0.0880 -0.0657 0.0507 -0.0590 0.2192 0.2705 0.2418
1494720000.0000 27150.0000 -0.7151 1.2643 -0.0252 1.5017 150.5076 0.1291 0.2112 0.0778 -0.0254 0.0100 -0.0417 0.2091 0.2570 0.2319
1494720000.0000 27450.0000 -0.3927 1.2106 0.0872 1.3169 162.0291 0.1022 0.2150 0.0909 -0.0162 0.0362 -0.0590 0.2040 0.2891 0.2555
1494720000.0000 27750.0000 -0.5092 1.2327 -0.0141 1.3585 157.5542 0.1012 0.1816 0.0578 -0.0656 0.0294 -0.0559 0.1703 0.2526 0.2302
1494720000.0000 28050.0000 -0.6113 1.0610 -0.1090 1.2728 150.0511 0.1307 0.1217 0.1143 -0.0210 0.0600 -0.0412 0.1833 0.2844 0.2369
1494720000.0000 28350.0000 -0.5422 1.6511 0.0240 1.7662 161.8204 0.0739 0.1374 0.0529 0.0224 0.0113 -0.0065 0.1321 0.1708 0.1527
1494720000.0000 28650.0000 -0.5845 1.8038 0.0322 1.9491 162.0467 0.1715 0.3679 0.1648 -0.0224 0.0568 -0.1066 0.3521 0.2555 0.2236
1494720000.0000 28950.0000 -0.5538 2.5720 0.0531 2.7191 167.8488 0.4400 0.5364 0.1932 -0.0164 0.0420 -0.1063 0.5848 0.2373 0.2168
1494720000.0000 29250.0000 -0.1077 2.2827 0.1240 2.3572 177.2997 0.3166 0.3346 0.1577 -0.0983 0.0619 -0.1020 0.4045 0.2269 0.2039
1494720000.0000 29550.0000 -0.1049 2.3236 0.0772 2.3748 177.4152 0.1833 0.4737 0.1065 -0.1002 0.0486 -0.1180 0.3818 0.2168 0.2012
1494720000.0000 29850.0000 -0.1862 1.9464 0.1474 1.9883 174.5353 0.1210 0.6193 0.1036 -0.0622 0.0250 -0.0666 0.4219 0.2705 0.2540
1494720000.0000 30150.0000 -0.2294 2.2394 0.0231 2.3145 174.1519 0.2730 0.2646 0.1253 -0.1275 0.0624 -0.1054 0.3314 0.2088 0.1881
1494720000.0000 30450.0000 -0.2109 2.1547 0.1847 2.1939 174.4102 0.1203 0.2159 0.1297 -0.0388 0.0177 -0.0591 0.2330 0.1814 0.1546
1494720000.0000 30750.0000 -0.5399 1.8149 0.1054 1.9745 163.4350 0.2952 0.4143 0.1837 0.0045 0.0312 -0.1766 0.4467 0.2877 0.2568
1494720000.0000 31050.0000 -1.2573 2.3139 -0.2729 2.6542 151.4810 0.1058 0.0872 0.0606 0.0006 0.0240 0.0028 0.1268 0.1098 0.0963
1494720000.0000 31350.0000 -1.1401 1.2517 -0.0456 1.8707 137.6713 0.6074 0.3936 0.2773 0.0947 0.1635 -0.0280 0.6392 0.3854 0.3412
1494720000.0000 31650.0000 -0.4137 1.3123 0.1503 1.5370 162.5040 0.5499 0.2592 0.1702 -0.1891 0.1408 -0.0538 0.4896 0.4128 0.3774
1494720000.0000 31950.0000 0.4376 1.2756 0.3029 1.4492 198.9336 0.1972 0.4695 0.1124 0.0152 0.0383 -0.0229 0.3896 0.3687 0.3496
1494720000.0000 32250.0000 1.2712 1.2292 0.2885 1.8960 225.9624 0.4047 0.3218 0.1533 -0.0763 0.1116 0.0060 0.4399 0.3023 0.2783
1494720000.0000 32550.0000 0.9910 1.2233 0.2986 1.6412 219.0121 0.1311 0.2331 0.0938 -0.0398 0.0418 -0.0729 0.2290 0.2439 0.2213
1494720000.0000 32850.0000 1.3278 0.4646 0.2375 1.4615 250.7136 0.1529 0.1342 0.0859 -0.0266 0.0300 -0.0442 0.1865 0.2472 0.2199
1494720000.0000 33150.0000 0.9877 0.3801 0.4260 1.1616 248.9529 0.2089 0.2359 0.2058 0.0217 -0.0912 -0.0243 0.3253 0.4082 0.3638
1494720000.0000 33450.0000 1.3580 0.3517 0.1922 1.4926 255.4801 0.1515 0.2234 0.0923 -0.0694 0.0003 -0.0145 0.2336 0.2787 0.2520
1494720000.0000 33750.0000 1.2215 0.2669 0.3050 1.2995 257.6736 0.1167 0.1256 0.1332 0.0318 -0.0080 0.0436 0.1877 0.2749 0.2273
1494720000.0000 34050.0000 0.9004 -0.1012 0.2429 0.9506 276.4114 0.1116 0.0850 0.1266 -0.0011 0.0354 -0.0262 0.1616 0.3499 0.2825
1494720000.0000 34350.0000 0.2584 -0.0657 -0.0698 0.4016 284.2593 0.0550 0.0701 0.0708 0.0151 0.0147 -0.0119 0.0980 0.9272 0.7658
1494720000.0000 34650.0000 -0.0124 -0.2023 -0.3929 0.2660 3.4966 0.0279 0.0261 0.0438 -0.0006 0.0015 -0.0054 0.0489 0.4084 0.6617
1494720000.0000 34950.0000 -0.2600 -0.2847 0.0013 0.6779 42.4017 0.0674 0.3573 0.0882 -0.0683 0.0085 -0.0449 0.2565 1.0723 0.9757
1494720000.0000 35250.0000 -0.5780 0.4832 -0.1370 0.8389 129.8958 0.1003 0.1647 0.1934 -0.0192 0.0121 0.0331 0.2292 0.5105 0.3945
1494720000.0000 35550.0000 -0.4166 0.6893 -0.1245 0.8857 148.8510 0.1243 0.0852 0.1304 -0.0023 0.0411 -0.0156 0.1699 0.4130 0.3281
1494720000.0000 35850.0000 -0.0655 0.8551 0.1165 0.9516 175.6198 0.1667 0.1127 0.1897 -0.0448 0.0377 -0.0021 0.2345 0.4569 0.3558
1494720000.0000 36150.0000 0.3242 1.0854 0.0066 1.2583 196.6322 0.2757 0.2145 0.2752 -0.0526 0.0553 -0.0788 0.3827 0.4459 0.3568
1494720000.0000 36450.0000 0.6787 0.3190 0.2799 1.0139 244.8236 0.3171 0.4938 0.4675 0.1779 -0.0131 -0.2657 0.6392 0.8155 0.6933
1494720000.0000 36750.0000 0.6170 0.8445 0.2642 1.2339 216.1545 0.2872 0.3985 0.2239 -0.0382 0.0018 0.0075 0.4548 0.5104 0.4571
1494720000.0000 37050.0000 1.1849 0.6583 0.2403 1.5844 240.9430 0.5542 0.5178 0.3118 0.0416 -0.0448 -0.0326 0.6920 0.4934 0.4410
1494720000.0000 37350.0000 1.5968 0.7926 0.4499 1.8901 243.6012 0.3313 0.4211 0.1750 -0.0008 0.0015 0.0444 0.4637 0.3024 0.2809
1494720000.0000 37650.0000 1.4907 -0.3046 0.1665 1.6405 281.5501 0.4309 0.3345 0.1571 0.0887 0.0957 0.1181 0.4612 0.3623 0.3320
1494720000.0000 37950.0000 0.8510 -0.6845 0.0428 1.1837 308.8121 0.1346 0.1821 0.1019 0.0478 0.0373 0.0415 0.2093 0.3418 0.2975
1494720000.0000 38250.0000 0.5914 -0.5557 -0.0642 0.8508 313.2171 0.0793 0.0665 0.0617 -0.0186 0.0045 -0.0055 0.1037 0.3231 0.2716
1494720000.0000 38550.0000 0.2603 0.4186 0.0791 0.7153 211.8741 0.0841 0.3089 0.1767 -0.0334 -0.0319 0.1429 0.2849 0.8729 0.7343
1494720000.0000 38850.0000 -0.8888 -0.0801 -0.1858 0.9983 84.8500 0.2673 0.1390 0.1421 0.1533 0.1413 0.0917 0.2742 0.4690 0.4124
1494720000.0000 39150.0000 -0.4147 0.2276 0.1639 0.7220 118.7596 0.1765 0.3645 0.2536 -0.0016 0.0413 0.0854 0.3973 1.0281 0.8978
1494720000.0000 39450.0000 -1.1047 1.1409 0.0693 1.7808 135.9226 0.6743 0.5109 0.5203 -0.0328 0.1802 -0.0553 0.8528 0.4743 0.3958
1494720000.0000 39750.0000 -1.2368 1.2612 -0.3328 1.9037 135.5606 0.4205 0.5472 0.5907 -0.0319 0.1495 0.0292 0.7792 0.4010 0.3215
1494720000.0000 40050.0000 -1.3833 1.1406 -0.2324 1.9850 129.5068 0.7350 0.5301 0.4573 0.1057 0.2035 0.0002 0.8612 0.4191 0.3622
1494720000.0000 40350.0000 -0.7523 2.2008 -0.1968 2.3873 161.1274 0.3180 0.7409 0.1663 -0.1643 0.0568 -0.0342 0.6126 0.2738 0.2554
1494720000.0000 40650.0000 -0.3098 1.2067 -0.0841 1.3337 165.6003 0.2605 0.6621 0.1563 -0.2764 0.0076 -0.1305 0.5394 0.4803 0.4451
1494720000.0000 40950.0000 -0.4744 0.9661 0.0367 1.2985 153.8446 0.4347 0.5590 0.3443 -0.0460 0.1920 -0.1158 0.6690 0.6201 0.5348
1494720000.0000 41250.0000 -1.4133 1.6343 -0.4621 2.3947 139.1473 0.7892 2.1554 0.6979 -0.1074 0.0545 0.3179 1.8212 0.4987 0.4585
1494720000.0000 41550.0000 -1.2843 2.1448 0.0580 2.7641 149.0872 0.7889 1.2712 0.4743 0.0514 0.2510 -0.1749 1.2672 0.3676 0.3315
1494720000.0000 41850.0000 0.9681 2.2225 0.4787 2.6167 203.5377 0.8977 0.6619 0.2812 -0.1481 -0.0960 -0.1303 0.9204 0.3170 0.2974
1494720000.0000 42150.0000 0.0021 1.8625 0.0078 2.0686 180.0633 0.7282 0.8295 0.5720 0.0687 0.2374 -0.3492 1.0648 0.4524 0.3869
1494720000.0000 42450.0000 -0.1366 1.3531 0.6083 1.5557 174.2359 0.5305 0.4961 0.2680 -0.0814 0.0049 -0.0801 0.6473 0.4409 0.4302
1494720000.0000 42750.0000 -0.4522 1.7094 -0.0273 1.9022 165.1828 0.4467 0.8136 0.4330 -0.2753 0.2101 -0.2079 0.8467 0.4249 0.3666
1494720000.0000 43050.0000 -0.0625 0.8893 0.0841 1.2076 175.9774 0.6520 0.4976 0.1527 -0.2896 0.1703 -0.0789 0.6511 0.7357 0.6943
1494720000.0000 43350.0000 -0.4986 -0.0074 0.1426 0.8421 89.1479 0.2026 0.4885 0.1988 -0.1406 0.1177 -0.0785 0.4450 1.0502 0.9626
1494720000.0000 43650.0000 -0.7774 2.0832 -0.0417 2.3346 159.5360 0.6106 1.5216 0.2774 -0.0712 -0.0518 -0.1029 1.2048 0.4030 0.3791
1494720000.0000 43950.0000 -0.5553 2.0520 -0.2935 2.1931 164.8573 0.4020 0.9651 0.2543 -0.2395 0.0170 0.0867 0.8107 0.3426 0.3176
1494720000.0000 44250.0000 -0.3233 2.5611 0.0510 2.6661 172.8054 0.4446 0.9341 0.2419 -0.3549 -0.0969 0.1086 0.8103 0.2847 0.2626
1494720000.0000 44550.0000 -0.3605 0.5496 -0.0231 0.9345 146.7345 0.1279 0.6733 0.1338 0.0132 0.0501 0.1201 0.4675 0.8488 0.7862
1494720000.0000 44850.0000 -0.2595 1.1392 0.4181 1.3861 167.1671 0.4057 0.9354 0.3967 -0.2332 0.1004 -0.2635 0.8689 0.6133 0.5722
1494720000.0000 45150.0000 -0.0440 1.3408 0.3695 1.6475 178.1202 0.5693 1.1836 0.3969 -0.5275 0.2170 -0.4447 1.0749 0.6084 0.5698
1494720000.0000 45450.0000 -0.2355 1.5551 -0.0389 1.8441 171.3907 0.9343 0.2853 0.3384 -0.0817 0.2964 -0.0436 0.7790 0.4580 0.4054
1494720000.0000 45750.0000 0.1237 1.7903 0.3336 2.0423 183.9519 0.8089 0.6758 0.3387 -0.2112 0.2754 -0.1328 0.9117 0.4271 0.3920
1494720000.0000 46050.0000 1.2526 0.6489 0.2526 1.5173 242.6152 0.1522 0.2558 0.2264 -0.0832 0.0080 -0.0047 0.3172 0.3209 0.2614
1494720000.0000 46350.0000 0.3592 0.4252 0.4451 1.0318 220.1920 0.7662 0.1923 0.1960 -0.1208 0.1455 -0.0214 0.5773 0.8704 1.0154
1494720000.0000 46650.0000 1.8551 1.3389 0.2281 2.3208 234.1799 0.1845 0.1149 0.1597 -0.0152 0.0196 -0.0177 0.2295 0.1701 0.1381
1494720000.0000 46950.0000 0.4644 0.5255 0.3068 1.0538 221.4668 0.6918 0.3252 0.2691 0.0341 0.1850 0.0221 0.6431 0.8554 0.8302
1494720000.0000 47250.0000 -0.2203 1.2619 -0.0548 1.4433 170.0951 0.3607 0.4588 0.2857 0.0961 0.1459 -0.0253 0.5526 0.4734 0.4080
1494720000.0000 47550.0000 0.5313 1.4200 -0.0515 1.7303 200.5133 0.9969 0.7378 0.2452 0.6886 0.2084 0.1233 0.9900 0.5355 0.5015
1494720000.0000 47850.0000 -0.1701 1.5199 0.2111 1.7965 173.6136 0.8951 0.4117 0.4161 -0.1897 0.0612 -0.0670 0.8615 0.4909 0.4315
1494720000.0000 48150.0000 -0.6203 1.2477 -0.2562 1.5574 153.5657 0.3247 0.7424 0.5442 0.1684 0.1699 0.2548 0.8057 0.5173 0.4280
1494720000.0000 48450.0000 -0.2753 2.0639 -0.0648 2.2223 172.4009 0.5488 1.3271 0.2888 0.1536 -0.0685 0.0233 1.0824 0.4078 0.3798
1494720000.0000 48750.0000 1.2415 1.2238 0.2579 1.8702 225.4110 1.1988 0.5095 0.1607 0.5476 0.0826 0.0152 0.9345 0.4479 0.4329
1494720000.0000 49050.0000 1.1939 1.1073 0.4612 1.7157 227.1551 0.3610 0.3239 0.2915 0.0487 0.0478 -0.0121 0.4882 0.3371 0.2934
1494720000.0000 49350.0000 1.9559 2.1000 0.5973 3.0141 222.9651 0.4693 0.8915 0.2065 -0.1735 -0.0402 -0.1079 0.7836 0.2466 0.2347
1494720000.0000 49650.0000 1.5798 1.9071 0.3333 2.5201 219.6365 0.2525 0.5316 0.1979 0.1695 -0.0581 -0.0366 0.4910 0.2290 0.2064
1494720000.0000 49950.0000 0.8355 1.1157 0.4280 1.5294 216.8279 0.4996 0.2903 0.1620 0.1121 0.0093 -0.1176 0.4759 0.3863 0.3681
1494720000.0000 50250.0000 1.0919 2.2354 0.2959 2.5850 206.0334 0.4639 0.4021 0.1674 0.0018 0.0373 -0.0496 0.5166 0.2342 0.2160
1494720000.0000 50550.0000 0.2148 2.1451 0.2313 2.2459 185.7185 0.3002 0.9813 0.1415 0.0636 0.0011 -0.1823 0.7115 0.3176 0.3032
1494720000.0000 50850.0000 0.7223 1.6181 0.1173 1.9242 204.0567 0.5718 0.3428 0.1885 0.1210 0.0019 -0.0641 0.5515 0.3414 0.3116
1494720000.0000 51150.0000 0.9239 0.3591 0.0685 1.0925 248.7606 0.1657 0.3079 0.1670 0.1569 0.0356 0.0798 0.3203 0.4651 0.4008
1494720000.0000 51450.0000 0.2130 0.1052 0.2900 0.4777 243.7193 0.0816 0.1594 0.0550 -0.0459 -0.0112 -0.0154 0.1479 0.8377 1.1928
1494720000.0000 51750.0000 -0.7699 1.5543 -0.1586 1.8333 153.6503 0.2340 0.5420 0.2282 0.1707 0.1072 0.0641 0.5021 0.3322 0.2932
1494720000.0000 52050.0000 -0.6805 2.8344 -0.1227 3.0268 166.4988 0.6390 0.3160 0.2353 0.0250 0.2298 0.0042 0.5952 0.2159 0.1936
1494720000.0000 52350.0000 -1.4369 1.4488 -0.0553 2.1767 135.2357 0.4903 0.5987 0.2797 -0.0144 0.0989 -0.1149 0.6843 0.3309 0.2953
1494720000.0000 52650.0000 -1.2247 2.2204 -0.1536 2.6146 151.1196 0.3386 0.5367 0.2252 -0.0117 0.1211 -0.0381 0.5502 0.2384 0.2130
1494720000.0000 52950.0000 -1.0281 1.4783 -0.2759 1.9425 145.1832 0.5587 0.4091 0.4711 -0.1839 0.1157 -0.0779 0.7195 0.3802 0.3154
1494720000.0000 53250.0000 0.8701 2.3282 0.2521 2.6692 200.4913 0.7526 0.8086 0.2602 -0.1475 0.1255 -0.0710 0.9107 0.3119 0.2902
1494720000.0000 53550.0000 -0.6157 2.7153 0.0568 2.8394 167.2248 0.3134 0.2712 0.1435 -0.0614 0.0430 -0.0851 0.3640 0.1769 0.1585
1494720000.0000 53850.0000 -0.6404 1.7671 -0.0533 1.9530 160.0783 0.3745 0.7255 0.2033 -0.2606 0.0614 -0.1579 0.6516 0.3505 0.3222
1494720000.0000 54150.0000 1.1187 1.0132 0.3782 1.5629 227.8336 0.5294 0.4779 0.0702 0.3809 0.0482 0.0415 0.5387 0.3852 0.3839
1494720000.0000 54450.0000 0.7524 1.0383 0.1547 1.3565 215.9284 0.1762 0.2444 0.1102 0.0248 -0.0480 -0.0511 0.2654 0.3257 0.2920
1494720000.0000 54750.0000 1.1726 0.5538 0.4240 1.3967 244.7208 0.1583 0.2802 0.1395 0.0239 -0.0193 0.0213 0.2890 0.3217 0.2948
1494720000.0000 55050.0000 2.1685 -0.0632 0.3139 2.2142 271.6695 0.5531 0.1841 0.1609 0.1533 0.0714 0.0631 0.4491 0.2496 0.2285
1494720000.0000 55350.0000 2.3766 0.4209 0.3978 2.4537 259.9574 0.3274 0.2234 0.1592 0.0808 -0.0216 -0.0420 0.3550 0.1989 0.1775
1494720000.0000 55650.0000 1.8543 0.5321 0.3388 2.0356 253.9881 1.3405 0.4175 0.2911 0.2333 0.1370 0.0670 1.0245 0.4219 0.3968
1494720000.0000 55950.0000 1.7085 1.2722 0.3954 2.2188 233.3271 0.9497 0.3163 0.1327 0.1408 0.0040 -0.0607 0.6993 0.3152 0.3050
1494720000.0000 56250.0000 2.2218 0.6661 0.4731 2.3899 253.3116 0.5128 0.4768 0.1798 0.2427 0.0352 0.0967 0.5847 0.2637 0.2476
1494720000.0000 56550.0000 2.4072 1.4382 0.4825 2.8318 239.1434 0.4260 0.2327 0.1686 0.1522 -0.0040 0.0461 0.4136 0.1846 0.1671
1494720000.0000 56850.0000 2.4093 1.2234 0.4812 2.7642 243.0788 0.2482 0.3341 0.1222 -0.0098 -0.0089 0.0283 0.3523 0.1766 0.1631
1494720000.0000 57150.0000 2.3257 0.6860 0.5097 2.4599 253.5667 0.2537 0.1545 0.1573 -0.0224 -0.0636 0.0263 0.2828 0.1752 0.1521
1494720000.0000 57450.0000 1.4518 0.3492 0.1775 1.5334 256.4742 0.1371 0.1424 0.1025 0.0790 0.0295 0.0534 0.1910 0.2373 0.2044
1494720000.0000 57750.0000 0.3996 -0.2490 -0.1197 0.6743 301.9349 0.2247 0.0954 0.0664 -0.0946 -0.0493 0.0429 0.1933 0.7388 0.6938
1494720000.0000 58050.0000 1.5991 1.1395 0.4293 1.9937 234.5267 0.4139 0.2902 0.1143 0.2453 0.0279 0.0509 0.4092 0.2599 0.2467
1494720000.0000 58350.0000 1.4426 0.0137 0.4807 1.5926 269.4549 0.5128 0.3867 0.2115 0.1383 -0.1539 0.0313 0.5555 0.4002 0.3795
1494720000.0000 58650.0000 1.6931 -0.2042 0.3314 1.7869 276.8778 0.3736 0.2662 0.2111 0.1065 0.0161 0.1220 0.4255 0.3066 0.2708
1494720000.0000 58950.0000 1.7922 0.2317 0.6033 1.9327 262.6339 0.4737 0.4453 0.2407 -0.0343 -0.0531 0.0722 0.5798 0.3264 0.3063
1494720000.0000 59250.0000 1.4541 -0.3945 0.2233 1.6277 285.1801 0.2997 0.3607 0.3084 0.0993 0.0450 0.1370 0.4844 0.3731 0.3114
1494720000.0000 59550.0000 1.6863 -1.6592 0.0290 2.4350 314.5365 0.2695 0.5809 0.2606 -0.1037 -0.0192 -0.0142 0.5555 0.2572 0.2250
1494720000.0000 59850.0000 0.8555 -1.1826 0.0297 1.6017 324.1170 0.4525 0.4873 0.3219 -0.0633 -0.0578 0.0911 0.6309 0.4442 0.3835
1494720000.0000 60150.0000 0.6298 -1.1656 -0.2469 1.4388 331.6163 0.5578 0.5806 0.1205 -0.3723 -0.0356 0.0040 0.6295 0.4807 0.4650
1494720000.0000 60450.0000 1.5673 0.1545 0.1203 1.6639 264.3691 0.8297 0.2290 0.2314 0.1407 -0.0224 0.0693 0.6451 0.4152 0.3772
1494720000.0000 60750.0000 1.3674 1.6359 0.4870 2.2191 219.8917 0.1817 0.7589 0.0843 0.1917 -0.0136 0.0162 0.5125 0.2673 0.2626
1494720000.0000 61050.0000 0.5786 1.3702 0.2422 1.5949 202.8931 0.3630 0.1930 0.1233 0.0408 -0.0384 -0.0645 0.3397 0.3158 0.2894
1494720000.0000 61350.0000 1.4702 1.6802 0.3837 2.3375 221.1863 0.6378 0.2260 0.1743 -0.0640 0.1515 -0.0254 0.5190 0.2597 0.2404
1494720000.0000 61650.0000 2.5955 0.7455 0.4602 2.7347 253.9748 0.7313 0.2003 0.1791 0.1634 -0.0616 0.0123 0.5554 0.2221 0.2064
1494720000.0000 61950.0000 1.8348 -0.0979 0.2610 1.8848 273.0548 0.4871 0.1410 0.1435 0.1353 -0.0319 0.0192 0.3858 0.2733 0.2490
1494720000.0000 62250.0000 1.7885 0.4666 0.3237 1.9672 255.3785 0.5673 0.3839 0.3577 -0.0666 -0.1570 0.0977 0.6545 0.3520 0.3046
1494720000.0000 62550.0000 3.1617 1.3905 0.5823 3.5664 246.2603 0.9036 0.5147 0.1556 -0.1919 0.0729 -0.0583 0.7870 0.2068 0.1991
1494720000.0000 62850.0000 1.6064 0.3554 0.5247 1.7539 257.5239 0.5186 0.3272 0.2229 0.0265 -0.1544 0.0355 0.5343 0.3456 0.3227
1494720000.0000 63150.0000 1.0771 0.8863 0.3782 1.5623 230.5526 0.5853 0.2336 0.1510 -0.1269 -0.0599 -0.0428 0.4850 0.3934 0.3746
1494720000.0000 63450.0000 0.1156 0.4240 0.2018 0.8101 195.2550 0.2596 0.4114 0.1936 0.0310 0.0283 0.0487 0.4323 1.1102 1.0761
1494720000.0000 63750.0000 1.6721 1.0596 0.4623 2.2075 237.6381 0.4447 0.7580 0.2869 -0.3639 0.0233 0.1003 0.7448 0.3466 0.3198
1494720000.0000 64050.0000 1.9255 0.9768 0.2379 2.2711 243.1015 0.2806 0.5221 0.1761 0.0120 -0.0401 -0.0050 0.4894 0.2630 0.2396
1494720000.0000 64350.0000 0.7575 1.3683 0.1155 1.5975 208.9706 0.1400 0.2519 0.1046 0.0705 -0.0120 -0.0235 0.2482 0.2594 0.2311
1494720000.0000 64650.0000 1.0682 1.2803 0.2830 1.7422 219.8392 0.3132 0.1603 0.1026 -0.0385 0.0146 -0.0689 0.2880 0.2591 0.2383
1494720000.0000 64950.0000 2.2186 0.7365 0.4883 2.3745 251.6360 0.4534 0.2309 0.1598 0.1282 -0.0325 -0.0267 0.4221 0.2221 0.2043
1494720000.0000 65250.0000 1.7464 0.8459 0.3078 1.9649 244.1563 0.4184 0.1492 0.0663 0.1572 0.0095 0.0009 0.3170 0.2340 0.2242
1494720000.0000 65550.0000 1.2915 0.6061 0.2918 1.4565 244.8584 0.2044 0.1239 0.0625 0.0764 -0.0182 -0.0153 0.1954 0.2479 0.2319
1494720000.0000 65850.0000 1.0335 -0.0167 0.2402 1.1078 270.9284 0.0999 0.1663 0.0803 0.0334 -0.0290 0.0007 0.1733 0.3203 0.2882
1494720000.0000 66150.0000 1.1690 -0.2158 0.2072 1.2285 280.4570 0.2077 0.0828 0.0601 -0.0072 -0.0465 0.0174 0.1753 0.2833 0.2618
1494720000.0000 66450.0000 1.0134 -0.0999 0.2227 1.0627 275.6294 0.0855 0.0792 0.0618 -0.0016 -0.0304 0.0109 0.1132 0.2636 0.2301
1494720000.0000 66750.0000 1.2693 0.3164 0.2895 1.3359 256.0025 0.1304 0.0706 0.0808 0.0191 -0.0391 0.0032 0.1409 0.2288 0.1979
1494720000.0000 67050.0000 1.2523 0.3305 0.2828 1.3148 255.2155 0.2572 0.0590 0.0687 0.0437 0.0184 0.0022 0.1924 0.2702 0.2507
1494720000.0000 67350.0000 2.1575 0.5977 0.4078 2.2626 254.5165 0.1802 0.1282 0.0507 0.0595 -0.0085 0.0133 0.1796 0.1520 0.1432
1494720000.0000 67650.0000 1.1223 0.5161 0.2383 1.2770 245.3034 0.1695 0.1055 0.0647 0.0282 -0.0320 -0.0080 0.1698 0.2675 0.2451
1494720000.0000 67950.0000 0.7241 0.1598 0.1667 0.8076 257.5571 0.1844 0.0965 0.0694 0.0533 -0.0522 0.0154 0.1751 0.4496 0.4126
1494720000.0000 68250.0000 0.6805 -0.3802 0.1280 0.8337 299.1965 0.1234 0.0541 0.0234 0.0229 0.0041 0.0000 0.1004 0.3276 0.3120
1494720000.0000 68550.0000 0.5648 -0.5334 0.0695 0.7962 313.3644 0.0248 0.0443 0.0116 -0.0017 0.0038 -0.0021 0.0403 0.2103 0.1954
1494720000.0000 68850.0000 0.4192 -0.6219 -0.0253 0.7880 326.0144 0.0389 0.0734 0.0160 0.0020 -0.0005 -0.0061 0.0642 0.2756 0.2580
1494720000.0000 69150.0000 0.3024 -0.7874 -0.0368 0.8855 338.9876 0.0602 0.0574 0.0180 0.0045 0.0042 -0.0086 0.0678 0.2518 0.2347
1494720000.0000 69450.0000 0.5074 -0.9393 -0.0512 1.0878 331.6219 0.0436 0.0296 0.0154 0.0005 -0.0021 0.0006 0.0443 0.1608 0.1463
1494720000.0000 69750.0000 0.7429 -1.1629 -0.0026 1.3965 327.4308 0.0515 0.0601 0.0267 -0.0133 -0.0008 -0.0092 0.0692 0.1556 0.1398
1494720000.0000 70050.0000 0.9198 -1.0834 0.0205 1.4353 319.6665 0.0348 0.1200 0.0313 -0.0358 0.0008 -0.0095 0.0930 0.1752 0.1598
1494720000.0000 70350.0000 0.9891 -1.2753 -0.0191 1.6305 322.2034 0.0531 0.1472 0.0253 -0.0443 -0.0014 -0.0049 0.1128 0.1699 0.1601
1494720000.0000 70650.0000 1.1217 -1.5208 -0.0729 1.9113 323.5895 0.0638 0.1619 0.0354 -0.0286 -0.0045 0.0021 0.1305 0.1560 0.1451
1494720000.0000 70950.0000 0.8939 -1.5816 -0.1070 1.8428 330.5266 0.1015 0.0807 0.0316 -0.0061 -0.0062 -0.0037 0.1069 0.1467 0.1357
1494720000.0000 71250.0000 0.4024 -1.4795 -0.1728 1.5783 344.7827 0.1439 0.0570 0.0347 0.0001 0.0030 -0.0012 0.1178 0.1816 0.1688
1494720000.0000 71550.0000 0.4604 -1.5713 -0.0905 1.6812 343.6685 0.1539 0.0815 0.0316 0.0059 -0.0045 0.0016 0.1335 0.1819 0.1711
1494720000.0000 71850.0000 0.6879 -1.7002 -0.1168 1.8700 337.9731 0.1507 0.0693 0.0419 -0.0124 0.0043 0.0032 0.1309 0.1608 0.1476
1494720000.0000 72150.0000 0.8540 -1.4784 -0.0710 1.7411 329.9872 0.0907 0.1542 0.0492 -0.0001 -0.0071 0.0137 0.1471 0.1832 0.1673
1494720000.0000 72450.0000 0.3684 -1.1474 -0.0518 1.2445 342.2001 0.1050 0.0671 0.0211 -0.0174 -0.0040 0.0006 0.0966 0.2104 0.1987
1494720000.0000 72750.0000 0.6250 -1.2815 -0.0852 1.4614 334.0006 0.1186 0.1645 0.0281 -0.0502 -0.0081 0.0015 0.1556 0.2255 0.2155
1494720000.0000 73050.0000 0.2632 -1.1790 -0.0266 1.2325 347.4175 0.0645 0.0937 0.0252 -0.0045 -0.0043 -0.0019 0.0917 0.2046 0.1901
1494720000.0000 73350.0000 0.3942 -1.2962 -0.0140 1.3876 343.0829 0.1026 0.1014 0.0322 -0.0250 -0.0089 0.0083 0.1181 0.2071 0.1925
1494720000.0000 73650.0000 0.6198 -1.3443 0.0055 1.5090 335.2493 0.1024 0.1070 0.0302 -0.0308 -0.0114 -0.0022 0.1198 0.1909 0.1785
1494720000.0000 73950.0000 0.1119 -1.0989 -0.0786 1.1339 354.1840 0.0633 0.0492 0.0194 0.0045 0.0025 -0.0054 0.0659 0.1893 0.1753
1494720000.0000 74250.0000 0.4415 -0.8497 -0.0071 1.0131 332.5414 0.0746 0.1105 0.0189 0.0269 0.0021 -0.0035 0.1020 0.2723 0.2594
1494720000.0000 74550.0000 0.2863 -0.1042 0.0087 0.3795 289.9921 0.0781 0.0105 0.0165 0.0077 -0.0027 -0.0018 0.0526 0.6144 0.5643
1494720000.0000 74850.0000 0.1942 -0.0959 0.0131 0.2700 296.2789 0.0031 0.0313 0.0038 0.0020 0.0001 0.0023 0.0191 0.5201 0.4945
1494720000.0000 75150.0000 0.1100 0.0848 0.0355 0.1766 232.3733 0.0149 0.0122 0.0016 0.0112 0.0006 0.0001 0.0143 0.6824 0.6846
1494720000.0000 75450.0000 -0.1159 -0.0633 0.0036 0.1965 61.3669 0.0041 0.0264 0.0078 0.0045 0.0001 0.0067 0.0191 0.8553 0.7632
1494720000.0000 75750.0000 0.0985 0.0732 0.0826 0.2080 233.3854 0.0276 0.0103 0.0069 -0.0078 -0.0032 0.0011 0.0224 0.8257 0.9153
1494720000.0000 76050.0000 -0.2818 -0.1218 -0.0287 0.3272 66.6259 0.0178 0.0185 0.0066 0.0080 0.0023 0.0014 0.0214 0.3878 0.3585
1494720000.0000 76350.0000 0.0306 -0.0342 0.1285 0.3049 318.1539 0.0521 0.0511 0.0099 0.0106 0.0050 0.0106 0.0565 1.4230 4.0457
1494720000.0000 76650.0000 -0.1437 0.3919 0.0430 0.4402 159.8664 0.0159 0.0060 0.0039 0.0064 -0.0016 0.0005 0.0129 0.2210 0.2047
1494720000.0000 76950.0000 -0.0989 0.3234 0.0474 0.3408 163.0043 0.0012 0.0046 0.0021 0.0007 0.0002 0.0002 0.0039 0.1496 0.1296
1494720000.0000 77250.0000 0.0779 0.3846 0.1000 0.4020 191.4483 0.0094 0.0081 0.0027 0.0042 -0.0006 -0.0005 0.0101 0.2025 0.1947
1494720000.0000 77550.0000 -0.1906 0.1282 -0.0090 0.2567 123.9311 0.0083 0.0068 0.0030 0.0052 0.0027 0.0020 0.0090 0.3373 0.3083
1494720000.0000 77850.0000 -0.1523 0.0927 0.0609 0.2733 121.3178 0.0269 0.0334 0.0081 0.0261 0.0072 0.0085 0.0342 0.8013 0.7954
1494720000.0000 78150.0000 0.1698 0.2945 0.0478 0.3521 209.9722 0.0047 0.0091 0.0040 -0.0032 0.0021 -0.0015 0.0089 0.2246 0.2001
1494720000.0000 78450.0000 0.1908 -0.1493 0.0075 0.3166 308.0440 0.0052 0.0627 0.0035 0.0010 -0.0016 0.0072 0.0357 0.6366 0.6209
1494720000.0000 78750.0000 0.1983 -0.6956 -0.0553 0.7314 344.0865 0.0113 0.0207 0.0033 0.0001 0.0001 0.0021 0.0177 0.1497 0.1429
1494720000.0000 79050.0000 0.5778 -0.8798 -0.0123 1.0703 326.7051 0.0344 0.0305 0.0078 -0.0006 0.0039 0.0002 0.0364 0.1479 0.1397
1494720000.0000 79350.0000 0.2429 -0.2123 -0.0085 0.3928 311.1487 0.0360 0.0463 0.0163 -0.0093 0.0127 -0.0060 0.0493 0.5615 0.5132
1494720000.0000 79650.0000 -0.0019 -0.0703 0.0623 0.2474 1.5739 0.0365 0.0391 0.0145 0.0215 -0.0056 0.0015 0.0451 1.8444 2.2572
1494720000.0000 79950.0000 0.0262 -0.0594 0.0208 0.2156 336.1982 0.0317 0.0195 0.0057 0.0174 -0.0043 -0.0041 0.0285 2.0188 2.0117
1494720000.0000 80250.0000 -0.0094 -0.0013 0.0128 0.1586 82.2762 0.0121 0.0224 0.0209 0.0030 0.0010 0.0015 0.0277 8.5086 11.2698
1494720000.0000 80550.0000 0.0757 -0.0289 0.0739 0.1790 290.8670 0.0128 0.0295 0.0174 -0.0130 0.0028 -0.0022 0.0298 1.2856 1.4643
1494720000.0000 80850.0000 0.0735 -0.0967 0.0397 0.2170 322.7831 0.0152 0.0382 0.0097 -0.0105 0.0010 -0.0030 0.0315 1.1350 1.0985
1494720000.0000 81150.0000 -0.0542 -0.0271 0.0798 0.0875 63.4480 0.0043 0.0036 0.0176 0.0012 -0.0027 -0.0033 0.0127 0.9199 0.8480
1494720000.0000 81450.0000 -0.1981 0.1459 0.0325 0.2919 126.3724 0.0164 0.0209 0.0022 0.0087 0.0017 0.0002 0.0198 0.4627 0.4533
1494720000.0000 81750.0000 -0.3117 -0.0267 0.0550 0.3584 85.0971 0.0481 0.0107 0.0062 0.0138 0.0015 -0.0014 0.0325 0.4631 0.4472
1494720000.0000 82050.0000 0.0049 0.0619 0.1852 0.1764 184.5659 0.0263 0.0109 0.0215 -0.0009 -0.0083 -0.0026 0.0293 0.7162 1.7932
1494720000.0000 82350.0000 0.0089 -0.0170 0.0298 0.1516 332.2651 0.0225 0.0057 0.0057 0.0049 0.0052 0.0015 0.0170 3.0001 5.0614
1494720000.0000 82650.0000 0.0407 -0.0919 0.0466 0.1546 336.1141 0.0104 0.0082 0.0025 0.0028 0.0024 0.0010 0.0106 0.7569 0.7828
1494720000.0000 82950.0000 -0.0758 0.0541 0.0450 0.1245 125.5314 0.0079 0.0048 0.0045 -0.0012 0.0016 -0.0014 0.0086 0.7299 0.6970
1494720000.0000 83250.0000 -0.1558 0.2138 0.0082 0.2717 143.9185 0.0006 0.0064 0.0010 0.0009 -0.0003 -0.0014 0.0040 0.1942 0.1823
1494720000.0000 83550.0000 -0.3035 0.3732 0.0115 0.4832 140.8830 0.0017 0.0058 0.0007 -0.0012 -0.0006 0.0007 0.0041 0.1084 0.1034
1494720000.0000 83850.0000 -0.0777 0.3606 0.0314 0.3897 167.8463 0.0179 0.0059 0.0021 -0.0072 0.0020 -0.0011 0.0129 0.2509 0.2413
1494720000.0000 84150.0000 0.0205 -0.0181 0.0101 0.1469 311.4312 0.0028 0.0222 0.0017 0.0036 0.0004 0.0001 0.0134 3.2403 3.3413
1494720000.0000 84450.0000 0.1973 -0.0506 0.0385 0.2089 284.3826 0.0040 0.0016 0.0013 0.0002 0.0009 0.0001 0.0035 0.2319 0.2133
1494720000.0000 84750.0000 0.2386 -0.0527 0.0312 0.2616 282.4622 0.0103 0.0077 0.0081 0.0010 0.0033 0.0004 0.0130 0.3787 0.3173
1494720000.0000 85050.0000 0.1912 -0.0668 0.0488 0.2133 289.2597 0.0101 0.0036 0.0025 0.0014 0.0020 -0.0001 0.0081 0.3524 0.3337
1494720000.0000 85350.0000 0.0983 -0.0239 0.0323 0.1420 283.6474 0.0127 0.0038 0.0013 0.0059 0.0028 0.0013 0.0089 0.7246 0.7325
1494720000.0000 85650.0000 -0.0276 0.1368 0.0204 0.1462 168.5853 0.0015 0.0039 0.0008 -0.0000 0.0005 -0.0004 0.0031 0.3214 0.3023
1494720000.0000 85950.0000 -0.2873 0.1541 -0.0066 0.3365 118.1973 0.0192 0.0232 0.0006 -0.0171 0.0013 -0.0017 0.0216 0.3676 0.3650
1494720000.0000 86250.0000 -0.3453 0.5431 0.0451 0.6498 147.5498 0.0056 0.0040 0.0025 0.0031 0.0021 0.0010 0.0060 0.0983 0.0877
1494806400.0000 86550.0000 -0.3348 0.1860 -0.0170 0.4150 119.0571 0.0025 0.0317 0.0014 -0.0024 -0.0002 0.0015 0.0178 0.2839 0.2786
1494806400.0000 86850.0000 -0.1161 -0.1521 -0.0282 0.2269 37.3714 0.0106 0.0184 0.0041 0.0032 0.0015 -0.0004 0.0166 0.5434 0.5141
1494806400.0000 87150.0000 -0.0400 0.0581 0.0849 0.1597 145.4361 0.0112 0.0213 0.0222 -0.0108 -0.0072 0.0081 0.0274 1.2237 1.4759
1494806400.0000 87450.0000 0.1312 0.0514 0.0317 0.2064 248.6028 0.0124 0.0183 0.0025 0.0033 -0.0001 -0.0004 0.0166 0.7287 0.7181
1494806400.0000 87750.0000 0.0089 -0.0955 0.0018 0.1311 354.6487 0.0081 0.0084 0.0038 -0.0058 -0.0014 0.0008 0.0101 0.8575 0.7735
1494806400.0000 88050.0000 0.0813 -0.0458 0.0547 0.1037 299.3676 0.0012 0.0041 0.0021 -0.0011 0.0002 -0.0006 0.0037 0.4584 0.4505
1494806400.0000 88350.0000 0.1390 -0.1295 0.0386 0.2551 312.9687 0.0248 0.0170 0.0045 0.0142 -0.0037 -0.0048 0.0231 0.6404 0.6207
1494806400.0000 88650.0000 0.1439 -0.3106 -0.0035 0.4117 335.1451 0.0448 0.0226 0.0041 0.0153 0.0041 0.0012 0.0358 0.4510 0.4379
1494806400.0000 88950.0000 0.3963 0.0497 0.0988 0.4080 262.8457 0.0062 0.0069 0.0018 0.0000 -0.0016 0.0017 0.0075 0.1717 0.1656
1494806400.0000 89250.0000 0.1759 -0.2715 0.0319 0.3457 327.0636 0.0054 0.0184 0.0030 0.0018 0.0023 0.0017 0.0134 0.2904 0.2752
1494806400.0000 89550.0000 0.0388 -0.1101 0.0500 0.2050 340.5779 0.0185 0.0188 0.0013 -0.0168 0.0026 -0.0025 0.0193 0.8918 0.9544
1494806400.0000 89850.0000 -0.1729 0.1004 0.0010 0.2468 120.1389 0.0040 0.0213 0.0018 0.0060 0.0010 0.0034 0.0136 0.4755 0.4596
1494806400.0000 90150.0000 0.0311 0.0315 0.0257 0.1317 224.6766 0.0067 0.0128 0.0025 0.0046 0.0012 0.0005 0.0110 1.6738 1.8213
1494806400.0000 90450.0000 -0.3179 0.3486 0.0410 0.4799 137.6350 0.0111 0.0014 0.0010 0.0007 -0.0009 0.0000 0.0067 0.1416 0.1365
1494806400.0000 90750.0000 -0.3386 0.3840 0.0541 0.5165 138.5989 0.0025 0.0080 0.0030 0.0001 -0.0004 0.0038 0.0068 0.1307 0.1159
1494806400.0000 91050.0000 -0.3626 0.4875 0.0978 0.6219 143.3618 0.0190 0.0071 0.0044 0.0037 -0.0019 0.0006 0.0153 0.1639 0.1535
1494806400.0000 91350.0000 -0.2090 0.3789 0.0629 0.4364 151.1207 0.0067 0.0073 0.0044 -0.0047 0.0017 -0.0009 0.0092 0.1792 0.1580
1494806400.0000 91650.0000 -0.2898 -0.0563 -0.0879 0.3151 79.0112 0.0285 0.0092 0.0036 0.0086 0.0038 0.0012 0.0206 0.3806 0.3793
1494806400.0000 91950.0000 -0.2215 0.4055 0.0093 0.4949 151.3548 0.0069 0.0383 0.0042 0.0116 0.0014 0.0077 0.0247 0.2777 0.2656
1494806400.0000 92250.0000 -0.4219 0.8936 0.0424 1.0008 154.7263 0.0326 0.0072 0.0015 -0.0032 0.0048 -0.0008 0.0206 0.1185 0.1165
1494806400.0000 92550.0000 -0.6286 0.6850 -0.0227 0.9320 137.4593 0.0043 0.0093 0.0045 -0.0024 -0.0015 0.0001 0.0091 0.0836 0.0726
1494806400.0000 92850.0000 -0.5032 0.5585 0.0997 0.7571 137.9844 0.0187 0.0179 0.0036 -0.0112 -0.0009 -0.0016 0.0201 0.1528 0.1469
1494806400.0000 93150.0000 -0.2500 0.3343 0.0283 0.4270 143.2181 0.0048 0.0171 0.0027 -0.0001 0.0004 -0.0022 0.0123 0.2161 0.2045
1494806400.0000 93450.0000 -0.2089 0.7053 -0.0247 0.7376 163.5010 0.0040 0.0053 0.0033 -0.0021 -0.0009 0.0014 0.0063 0.0880 0.0755
1494806400.0000 93750.0000 -0.0769 0.3538 0.1078 0.3729 167.7412 0.0079 0.0345 0.0051 -0.0062 0.0004 -0.0008 0.0238 0.3332 0.3285
1494806400.0000 94050.0000 -0.2411 0.0441 0.0229 0.2649 100.3593 0.0180 0.0094 0.0063 -0.0015 0.0076 0.0008 0.0169 0.4306 0.3898
1494806400.0000 94350.0000 -0.7595 0.8266 0.0390 1.1268 137.4223 0.0201 0.0541 0.0067 -0.0279 -0.0064 0.0120 0.0404 0.1462 0.1401
1494806400.0000 94650.0000 -0.2140 0.6210 0.1061 0.7579 160.9867 0.1681 0.0996 0.0034 -0.1181 0.0034 -0.0027 0.1355 0.4518 0.4548
1494806400.0000 94950.0000 0.8720 -0.8747 0.2366 1.2567 315.0900 0.0372 0.1601 0.0088 -0.0633 0.0049 -0.0133 0.1031 0.2084 0.2077
1494806400.0000 95250.0000 0.6046 -0.7893 0.0940 0.9985 322.5472 0.0711 0.0750 0.0032 -0.0667 -0.0076 0.0061 0.0746 0.2234 0.2219
1494806400.0000 95550.0000 0.1552 -0.0104 0.0910 0.2093 273.8518 0.0225 0.0142 0.0048 -0.0089 0.0004 -0.0008 0.0207 0.6522 0.7109
1494806400.0000 95850.0000 0.0139 -0.1422 0.0187 0.1645 354.4232 0.0059 0.0029 0.0023 0.0018 0.0010 -0.0001 0.0056 0.4226 0.3789
1494806400.0000 96150.0000 -0.2153 -0.0136 -0.0121 0.2510 86.3738 0.0096 0.0162 0.0027 -0.0028 0.0009 0.0023 0.0143 0.4513 0.4300
1494806400.0000 96450.0000 -0.2185 0.0837 -0.0061 0.2506 110.9629 0.0101 0.0067 0.0081 0.0018 0.0048 0.0005 0.0125 0.3893 0.3200
1494806400.0000 96750.0000 -0.1167 0.1592 -0.0076 0.2207 143.7509 0.0103 0.0043 0.0042 0.0006 0.0052 0.0021 0.0094 0.4017 0.3539
1494806400.0000 97050.0000 -0.1514 0.1689 0.0377 0.2491 138.1273 0.0067 0.0073 0.0050 0.0036 0.0007 -0.0003 0.0095 0.3462 0.3016
1494806400.0000 97350.0000 -0.1586 0.1294 -0.0243 0.2182 129.2176 0.0075 0.0087 0.0030 -0.0040 0.0028 -0.0015 0.0096 0.3889 0.3597
1494806400.0000 97650.0000 -0.2075 0.4521 0.0157 0.5068 155.3464 0.0045 0.0130 0.0055 0.0049 -0.0009 -0.0036 0.0115 0.1758 0.1534
1494806400.0000 97950.0000 -0.0625 0.2859 0.0626 0.3162 167.6756 0.0218 0.0504 0.0046 -0.0286 -0.0030 0.0069 0.0384 0.5344 0.5301
1494806400.0000 98250.0000 0.1338 -0.0749 -0.0032 0.2007 299.2509 0.0115 0.0106 0.0057 0.0041 -0.0002 0.0010 0.0139 0.6281 0.5597
1494806400.0000 98550.0000 0.0670 -0.2452 0.0081 0.2846 344.7118 0.0072 0.0350 0.0076 -0.0012 0.0017 0.0033 0.0249 0.5067 0.4664
1494806400.0000 98850.0000 0.2817 -0.1355 0.0684 0.3236 295.6873 0.0135 0.0118 0.0103 -0.0060 0.0008 0.0010 0.0178 0.3402 0.2932
1494806400.0000 99150.0000 0.3231 -0.3359 0.0758 0.4922 316.1133 0.0282 0.0231 0.0086 -0.0057 -0.0004 0.0001 0.0299 0.2992 0.2805
1494806400.0000 99450.0000 0.4092 -0.2467 0.0630 0.4912 301.0880 0.0082 0.0174 0.0095 -0.0004 0.0016 0.0001 0.0176 0.2246 0.1934
1494806400.0000 99750.0000 0.2771 -0.1351 0.0447 0.3292 295.9877 0.0208 0.0065 0.0052 0.0038 0.0077 0.0019 0.0163 0.3343 0.3093
1494806400.0000 100050.0000 -0.1918 -0.1723 0.0085 0.3908 48.0629 0.0394 0.0622 0.0053 -0.0159 -0.0019 0.0094 0.0535 0.7317 0.7136
1494806400.0000 100350.0000 -0.0270 0.2466 0.0514 0.2913 173.7581 0.0240 0.0101 0.0109 -0.0012 0.0033 0.0030 0.0225 0.4833 0.4297
1494806400.0000 100650.0000 0.1961 0.0730 0.0809 0.3336 249.5922 0.0515 0.0605 0.0382 -0.0150 0.0115 -0.0042 0.0751 0.9974 0.9234
1494806400.0000 100950.0000 0.2123 0.1749 -0.0552 0.3603 230.5220 0.0550 0.0425 0.0877 -0.0022 0.0010 -0.0050 0.0926 0.8855 0.6554
1494806400.0000 101250.0000 0.6011 -0.0336 0.0848 0.6188 273.2027 0.0285 0.0179 0.0303 -0.0005 -0.0013 0.0045 0.0383 0.2629 0.2065
1494806400.0000 101550.0000 0.3902 0.3033 0.0617 0.5400 232.1438 0.0502 0.0214 0.0191 -0.0086 -0.0054 -0.0029 0.0453 0.3490 0.3125
1494806400.0000 101850.0000 -0.4634 -0.0699 0.1064 0.9332 81.4176 0.8277 0.4846 0.2119 0.3426 0.0717 0.0694 0.7621 1.4831 1.4112
1494806400.0000 102150.0000 -0.3215 0.0893 0.1681 0.7842 105.5245 0.3787 0.3847 0.1979 0.1693 0.0154 0.0039 0.4807 1.5152 1.5118
1494806400.0000 102450.0000 0.2337 0.3163 0.0790 0.5172 216.4645 0.0743 0.1046 0.1210 0.0204 -0.0149 0.0054 0.1500 0.7884 0.6211
1494806400.0000 102750.0000 0.1235 0.2247 0.1275 0.4963 208.8045 0.1256 0.1850 0.1187 0.0907 0.0358 0.0047 0.2146 1.3208 1.2548
1494806400.0000 103050.0000 0.2669 0.5736 0.0415 0.6644 204.9554 0.0465 0.0500 0.0441 0.0067 0.0005 0.0132 0.0703 0.3414 0.2834
1494806400.0000 103350.0000 0.1740 0.3208 0.0737 0.4958 208.4675 0.1229 0.0711 0.0878 -0.0125 -0.0113 0.0236 0.1409 0.8232 0.6969
1494806400.0000 103650.0000 0.3847 0.0818 -0.0030 0.5201 257.9933 0.0942 0.0781 0.0628 -0.0166 -0.0150 0.0267 0.1176 0.7119 0.6094
1494806400.0000 103950.0000 0.3925 -0.3310 0.0255 0.6299 310.1435 0.0987 0.0881 0.0584 0.0596 0.0208 0.0128 0.1226 0.5561 0.4861
1494806400.0000 104250.0000 0.2302 -0.0349 -0.0058 0.5088 278.6274 0.1622 0.0975 0.0938 0.0042 0.0010 0.0245 0.1768 1.4738 1.2636
1494806400.0000 104550.0000 0.3992 0.0654 0.1343 0.4807 260.6945 0.0939 0.0443 0.0582 0.0151 0.0185 0.0122 0.0982 0.6002 0.5305
1494806400.0000 104850.0000 -0.0371 -0.0164 0.0282 0.1919 66.1958 0.0341 0.0177 0.0206 -0.0134 -0.0156 0.0106 0.0362 3.1444 3.2421
1494806400.0000 105150.0000 -0.1677 -0.4665 0.0142 0.6398 19.7662 0.1809 0.0704 0.1261 -0.0108 0.0322 -0.0089 0.1887 0.7151 0.5838
1494806400.0000 105450.0000 -0.4561 -0.3875 0.1387 1.0406 49.6498 0.7164 0.6536 0.2652 0.1898 0.0846 0.1145 0.8176 1.2017 1.1291
1494806400.0000 105750.0000 -0.4547 -0.3752 0.2263 0.9516 50.4760 0.7198 0.4262 0.3415 0.3022 0.1706 0.0853 0.7437 1.1151 1.0484
1494806400.0000 106050.0000 0.4192 0.0136 0.0341 0.5956 268.1412 0.1669 0.1132 0.1032 0.0280 0.0383 0.0164 0.1917 0.8495 0.7286
1494806400.0000 106350.0000 -0.0464 -0.3366 0.0971 0.7901 7.8561 0.4239 0.3719 0.2937 0.0255 0.0647 -0.0629 0.5447 1.7052 1.5156
1494806400.0000 106650.0000 0.4888 0.5747 0.1155 0.8194 220.3823 0.1013 0.0781 0.0765 -0.0112 -0.0045 0.0144 0.1279 0.3827 0.3241
1494806400.0000 106950.0000 0.3369 0.2537 0.0490 0.5512 233.0177 0.1176 0.1180 0.1472 0.0372 0.0283 0.0017 0.1914 0.8413 0.6644
1494806400.0000 107250.0000 -0.4560 -0.7327 -0.0751 1.2269 31.8980 0.8128 1.1396 0.2418 0.5904 0.0910 0.1508 1.0971 0.9872 0.9347
1494806400.0000 107550.0000 -0.7229 -1.3347 0.2627 1.7336 28.4395 0.7181 0.8790 0.4330 0.1544 0.2741 0.1598 1.0150 0.5340 0.4807
1494806400.0000 107850.0000 -0.9418 -1.5638 0.0344 2.1129 31.0568 0.9475 1.1059 0.4995 -0.1142 0.2021 0.1704 1.2765 0.5052 0.4532
1494806400.0000 108150.0000 -1.2667 -0.6827 0.0736 1.6185 61.6766 0.7544 0.6528 0.3286 0.3670 0.2242 0.1983 0.8679 0.5279 0.4759
1494806400.0000 108450.0000 -0.7266 -0.3363 0.0889 1.1759 65.1635 0.8253 0.4612 0.2909 0.1827 0.1993 0.0539 0.7887 0.9001 0.8178
1494806400.0000 108750.0000 -0.6040 -0.0564 0.0897 0.9357 84.6637 0.4068 0.4045 0.2283 0.1154 0.0504 0.0590 0.5198 0.9600 0.8573
1494806400.0000 109050.0000 -2.1636 -1.0438 -0.2930 2.5862 64.2456 1.0325 0.8828 0.5762 0.1058 0.3415 0.1638 1.2458 0.3766 0.3326
1494806400.0000 109350.0000 -1.5170 -0.7557 0.0173 1.8822 63.5188 0.9982 0.7884 0.5383 0.3115 0.3735 0.3714 1.1625 0.5194 0.4553
1494806400.0000 109650.0000 -0.5481 -0.2423 0.1653 1.1217 66.1503 1.1344 0.3296 0.2588 0.1164 0.1262 0.0391 0.8614 1.2189 1.1656
1494806400.0000 109950.0000 -1.5178 -0.6002 -0.0619 1.7519 68.4253 0.7925 0.5666 0.2826 0.3497 0.2258 0.1764 0.8208 0.4529 0.4124
1494806400.0000 110250.0000 -1.3291 -0.5827 0.0857 1.6555 66.3258 0.5904 0.8768 0.3242 0.2452 0.1949 0.1283 0.8957 0.5315 0.4819
1494806400.0000 110550.0000 -0.7790 -0.1498 0.1337 1.3075 79.1147 1.3093 0.4473 0.2155 0.3871 0.1867 0.0752 0.9860 1.0078 0.9646
1494806400.0000 110850.0000 -0.0631 -0.2197 0.2075 0.9390 16.0292 0.8254 0.4172 0.3264 0.1335 0.1957 0.0831 0.7845 2.3424 2.8153
1494806400.0000 111150.0000 0.3521 -0.4463 0.0363 0.8773 321.7319 0.5452 0.1146 0.1663 0.0397 0.1250 0.0048 0.4130 0.9212 0.8249
1494806400.0000 111450.0000 0.0050 -1.1705 0.1988 1.5379 359.7563 0.5005 1.0934 0.4066 -0.0409 0.1026 0.0000 1.0002 0.6878 0.6227
1494806400.0000 111750.0000 0.1795 0.8315 0.0873 0.9807 192.1811 0.1533 0.2669 0.0819 -0.0914 0.0413 -0.0411 0.2510 0.4784 0.4399
1494806400.0000 112050.0000 -0.0018 0.0028 -0.1231 0.4588 147.5522 0.1363 0.1077 0.0285 0.0243 0.0147 -0.0107 0.1362 2.4482 85.8159
1494806400.0000 112350.0000 -0.0098 0.5224 0.0981 0.6981 178.9217 0.2261 0.0915 0.2761 0.0037 0.1190 -0.0468 0.2968 0.8367 0.6227
1494806400.0000 112650.0000 -0.4653 -0.2224 -0.0682 1.0111 64.4564 0.7713 1.0123 0.1790 0.6734 0.1997 0.1695 0.9813 1.5549 1.4952
1494806400.0000 112950.0000 -0.4432 -1.4000 0.0603 1.6845 17.5661 0.8823 0.7995 0.2699 0.5060 0.1642 0.1585 0.9758 0.5488 0.5099
1494806400.0000 113250.0000 -1.0397 -1.4900 0.0098 1.9754 34.9083 0.8532 1.0826 0.3543 0.4984 0.2404 0.2617 1.1450 0.4809 0.4421
1494806400.0000 113550.0000 -2.4797 -1.9445 -0.4463 3.2592 51.8976 0.7006 0.6510 0.3852 0.0551 0.2318 0.0877 0.8684 0.2391 0.2130
1494806400.0000 113850.0000 -1.5676 -1.2672 -0.1946 2.1991 51.0489 1.1352 1.1018 0.5150 0.6418 0.4661 0.4081 1.3760 0.4729 0.4284
1494806400.0000 114150.0000 -0.2051 -0.3858 0.0460 0.9453 27.9996 0.6762 0.3972 0.2488 0.0898 0.1202 0.1001 0.6612 1.5111 1.3690
1494806400.0000 114450.0000 0.5149 -0.3077 0.1219 0.7792 300.8590 0.1981 0.1808 0.1249 -0.0162 0.0365 -0.0279 0.2520 0.6696 0.5925
1494806400.0000 114750.0000 -0.8183 -1.4961 -0.3724 1.9956 28.6767 1.2422 0.6487 0.4048 0.5004 0.4132 0.2966 1.1479 0.5012 0.4655
1494806400.0000 115050.0000 0.0033 -0.5408 0.1327 1.0420 359.6520 0.5735 0.7402 0.2394 0.3420 0.2310 0.0628 0.7765 1.2921 1.2236
1494806400.0000 115350.0000 -0.2935 -0.2488 0.1506 0.9524 49.7170 0.8793 0.5747 0.3126 0.5092 0.3233 0.2520 0.8833 1.8573 1.8093
1494806400.0000 115650.0000 -1.8424 -1.5002 -0.5157 2.5661 50.8458 0.6509 1.3616 0.6070 0.2910 0.2986 0.3815 1.3098 0.3843 0.3447
1494806400.0000 115950.0000 -2.0164 -1.3040 -0.5127 2.5451 57.1089 1.5579 0.9537 1.0501 0.6401 0.6945 0.5487 1.7809 0.4438 0.3810
1494806400.0000 116250.0000 -3.2619 -2.6575 -1.1811 4.2755 50.8304 0.8878 0.7068 0.6549 0.2402 0.3076 0.2564 1.1247 0.1981 0.1733
1494806400.0000 116550.0000 -3.0370 -2.5777 -0.8476 4.0736 49.6773 0.7674 0.8185 0.5887 0.1252 0.3322 0.2456 1.0873 0.2090 0.1825
1494806400.0000 116850.0000 -3.1674 -2.7053 -0.9895 4.2408 49.4990 0.8900 0.6813 0.5148 0.2014 0.2703 0.2427 1.0430 0.1948 0.1737
1494806400.0000 117150.0000 -2.9368 -2.8821 -0.9565 4.2121 45.5378 0.9664 0.7678 0.5996 0.0879 0.3141 0.0889 1.1669 0.2088 0.1848
1494806400.0000 117450.0000 -2.9156 -2.5981 -0.7511 3.9945 48.2952 0.9328 0.9185 0.5764 0.2415 0.3285 0.1684 1.2138 0.2262 0.2012
1494806400.0000 117750.0000 -2.7213 -2.7165 -0.7186 3.9584 45.0506 1.1129 1.1590 0.6278 0.3907 0.3041 0.2206 1.4499 0.2513 0.2263
1494806400.0000 118050.0000 -2.3217 -2.3466 -0.6852 3.4666 44.6944 1.0921 1.0936 0.7311 0.1316 0.2484 0.2782 1.4584 0.2925 0.2586
1494806400.0000 118350.0000 -2.5976 -2.5923 -0.6101 3.8047 45.0587 1.0520 1.0727 0.9151 0.1740 0.5214 0.2489 1.5199 0.2706 0.2293
1494806400.0000 118650.0000 -3.2040 -2.2664 -0.7215 4.0387 54.7263 1.0848 1.2107 0.8310 0.3549 0.5230 0.3241 1.5632 0.2558 0.2229
1494806400.0000 118950.0000 -3.6422 -2.7220 -1.0895 4.6216 53.2273 0.8019 0.8884 0.5109 0.1961 0.2577 0.1144 1.1006 0.1832 0.1651
1494806400.0000 119250.0000 -4.1066 -2.8288 -1.2415 5.1168 55.4393 0.8136 1.5883 0.9080 0.1170 0.4719 0.1997 1.6549 0.2044 0.1794
1494806400.0000 119550.0000 -4.1089 -2.6360 -1.0910 4.9753 57.3183 0.9056 0.9997 0.7998 0.1037 0.4316 0.2154 1.3525 0.1898 0.1632
1494806400.0000 119850.0000 -3.8305 -3.2240 -1.0924 5.0810 49.9135 0.6876 0.9128 0.5548 0.1226 0.2138 0.0674 1.0776 0.1654 0.1459
1494806400.0000 120150.0000 -3.6697 -2.8111 -1.1552 4.7275 52.5466 1.1462 0.9214 0.7630 0.1059 0.4314 0.0891 1.4153 0.2039 0.1796
1494806400.0000 120450.0000 -3.9720 -3.1816 -0.9833 5.1688 51.3046 1.0431 1.3697 0.6703 0.4981 0.4864 0.3433 1.5415 0.1956 0.1762
1494806400.0000 120750.0000 -4.0633 -2.9304 -1.1555 5.1037 54.2011 1.0610 1.2005 0.5845 0.2351 0.3967 0.2299 1.4230 0.1894 0.1733
1494806400.0000 121050.0000 -3.6948 -2.7856 -0.9155 4.7085 52.9861 1.0785 0.6560 0.6828 0.0949 0.2625 0.1893 1.2086 0.1903 0.1643
1494806400.0000 121350.0000 -2.8364 -2.5561 -0.5274 3.9483 47.9748 1.3668 1.8397 0.9735 0.8293 0.6253 0.6636 2.0900 0.3062 0.2708
1494806400.0000 121650.0000 -2.8249 -2.4470 -0.6173 3.8731 49.1003 0.8942 1.2102 0.8234 0.1177 0.3192 0.3963 1.4639 0.2608 0.2241
1494806400.0000 121950.0000 -2.9148 -2.8216 -0.6294 4.2045 45.9305 2.2080 1.6304 1.0456 1.1703 1.0669 0.8394 2.4420 0.3108 0.2788
1494806400.0000 122250.0000 -3.3675 -3.1847 -1.1234 4.7194 46.5978 0.9037 0.8471 0.6394 0.2046 0.3539 0.2805 1.1951 0.1872 0.1648
1494806400.0000 122550.0000 -3.0699 -2.9360 -0.8651 4.3511 46.2769 0.6049 1.1857 0.4888 0.1230 0.1711 0.2987 1.1397 0.2011 0.1819
1494806400.0000 122850.0000 -2.9439 -2.3588 -0.9009 3.9112 51.2971 1.4837 0.8470 0.9111 0.0656 0.6096 0.2651 1.6209 0.2680 0.2337
1494806400.0000 123150.0000 -2.0635 -2.0714 -0.6454 3.0773 44.8911 0.9686 0.8893 0.5882 0.0995 0.2970 0.2594 1.2231 0.3016 0.2691
1494806400.0000 123450.0000 -2.4397 -2.1473 -0.6777 3.4232 48.6468 0.7186 1.3449 0.7405 0.0648 0.2657 0.3236 1.4020 0.2912 0.2552
1494806400.0000 123750.0000 -2.1481 -2.7989 -1.0957 3.6666 37.5052 0.7762 0.9784 0.7923 -0.0681 0.1944 0.2186 1.2734 0.2494 0.2168
1494806400.0000 124050.0000 -2.3876 -2.1388 -0.9112 3.2897 48.1454 0.7259 0.6411 0.5262 0.1940 0.1337 0.1631 0.9466 0.2384 0.2106
1494806400.0000 124350.0000 -1.5209 -2.0203 -0.6126 2.7240 36.9727 1.4873 0.8842 0.8702 0.4312 0.6137 0.4716 1.6208 0.3995 0.3516
1494806400.0000 124650.0000 -2.1310 -1.9615 -0.6646 3.0211 47.3714 0.7640 0.8212 0.6854 0.1093 0.2501 0.0199 1.1353 0.2928 0.2510
1494806400.0000 124950.0000 -1.4024 -1.3928 -0.7458 2.1184 45.1977 0.6552 0.5691 0.6768 0.0204 0.1763 -0.1084 0.9506 0.3768 0.3232
1494806400.0000 125250.0000 -0.3318 -0.7088 -0.5016 1.1993 25.0857 0.5911 0.7604 0.7632 0.0281 0.1823 0.1203 1.0573 0.9032 0.8576
1494806400.0000 125550.0000 -0.2117 0.5744 -0.2248 1.1000 159.7723 0.7648 0.4511 0.6316 0.1012 -0.0194 -0.0720 0.9237 1.2033 1.0399
1494806400.0000 125850.0000 0.2739 0.7031 -0.0593 1.0014 201.2860 0.2132 0.6534 0.2487 0.1564 -0.0106 0.0839 0.5577 0.8055 0.7122
1494806400.0000 126150.0000 0.2779 1.6522 0.3009 1.9813 189.5481 0.9656 1.0237 0.4227 -0.2491 0.1533 -0.1758 1.2060 0.5268 0.4861
1494806400.0000 126450.0000 -0.6880 1.6922 0.1049 1.9773 157.8737 0.7415 0.6349 0.5488 -0.2664 0.1744 -0.0713 0.9626 0.4378 0.3708
1494806400.0000 126750.0000 -1.6573 1.4779 -0.3845 2.4398 131.7247 1.4478 0.6883 0.7114 -0.0392 0.3026 -0.0514 1.4237 0.4323 0.3800
1494806400.0000 127050.0000 -2.6722 1.4295 -0.6486 3.1388 118.1439 0.5170 0.6809 0.3338 0.0136 0.0279 0.0639 0.7658 0.2306 0.2085
1494806400.0000 127350.0000 -1.1949 -0.5458 -0.9063 2.0904 65.4511 1.0749 1.9780 0.7208 -0.7917 0.0653 0.4572 1.8869 0.7028 0.7679
1494806400.0000 127650.0000 0.7243 -1.9239 0.0392 2.2904 339.3701 0.5356 2.0462 0.9986 0.0293 0.3282 0.1339 1.7902 0.5313 0.4513
1494806400.0000 127950.0000 -0.6386 0.0556 -0.3443 1.8688 94.9725 1.1411 2.9064 0.7770 -0.4692 -0.1954 -0.0665 2.4122 1.7428 1.8120
1494806400.0000 128250.0000 0.1787 1.4617 0.3091 2.3159 186.9720 2.9921 2.0121 0.8759 -1.0944 1.0092 -0.4742 2.9401 0.9304 0.8771
1494806400.0000 128550.0000 -1.0168 2.3996 -0.3826 2.7650 157.0359 1.0235 1.0711 0.6993 -0.3885 0.4094 -0.0540 1.3970 0.3664 0.3206
1494806400.0000 128850.0000 -0.5345 0.9131 -0.0283 1.3245 149.6573 0.4730 0.5823 0.4851 -0.1762 0.1800 -0.0806 0.7702 0.6770 0.5606
1494806400.0000 129150.0000 -0.7717 0.4133 -0.2555 1.4206 118.1722 0.5195 1.0597 0.4576 0.3784 0.1346 0.1806 1.0184 0.9035 0.8287
1494806400.0000 129450.0000 -0.7194 2.3697 0.2175 2.5945 163.1128 0.6658 0.9470 0.4247 -0.1495 0.1099 0.0365 1.0187 0.3315 0.2961
1494806400.0000 129750.0000 -0.4016 0.5271 -0.0263 1.5170 142.6965 0.5681 1.9695 0.4861 0.3214 0.1298 -0.1163 1.5118 1.5137 1.3878
1494806400.0000 130050.0000 0.2690 1.5586 0.2023 1.7653 189.7916 0.5798 0.3784 0.6758 -0.0372 -0.0769 0.0172 0.8170 0.4628 0.3573
1494806400.0000 130350.0000 0.4409 1.3123 0.2221 1.5569 198.5696 0.3035 0.9094 0.3963 -0.1061 -0.0605 -0.1126 0.8046 0.5224 0.4593
1494806400.0000 130650.0000 -1.7170 0.5376 -0.2076 2.4024 107.3871 1.1937 2.5217 0.6978 0.6672 0.4692 0.5981 2.2066 0.6697 0.6185
1494806400.0000 130950.0000 -0.7380 1.0132 -0.4644 1.4265 143.9308 0.7080 0.3968 0.1772 -0.1185 0.0843 0.1124 0.6410 0.4890 0.4841
1494806400.0000 131250.0000 0.6461 0.7876 -0.0153 1.2150 219.3624 0.2889 0.2919 0.1928 -0.0754 0.1012 -0.0430 0.3868 0.4984 0.4319
1494806400.0000 131550.0000 0.0005 2.5254 0.2411 2.6302 180.0105 0.4639 0.6297 0.3040 -0.2288 0.0938 -0.1398 0.6988 0.2690 0.2391
1494806400.0000 131850.0000 -0.2580 2.4102 0.1183 2.5168 173.8899 0.4758 0.6303 0.3875 -0.2113 0.2032 -0.2199 0.7468 0.2907 0.2505
1494806400.0000 132150.0000 -0.3550 2.1753 0.0021 2.2802 170.7317 0.3342 0.5494 0.3672 -0.1169 0.0841 -0.0809 0.6254 0.2930 0.2462
1494806400.0000 132450.0000 -0.8574 2.0645 0.0846 2.3377 157.4467 0.4473 0.4793 0.4072 0.0060 0.0947 0.0553 0.6669 0.2981 0.2486
1494806400.0000 132750.0000 0.4100 1.0463 -0.0026 1.2953 201.3959 0.3455 0.3385 0.2827 -0.2378 0.0331 -0.0129 0.4833 0.5051 0.4249
1494806400.0000 133050.0000 0.3164 0.7767 0.0659 0.9922 202.1654 0.1401 0.2864 0.1754 -0.0859 0.0194 -0.0785 0.3010 0.5324 0.4496
1494806400.0000 133350.0000 -0.4463 -0.2406 0.0926 1.0882 61.6696 0.9101 0.3551 0.3473 0.4717 0.4431 0.2415 0.8062 1.4225 1.2809
1494806400.0000 133650.0000 -0.0857 -0.5101 -0.3934 0.8901 9.5376 0.3928 0.6237 0.2821 0.0004 0.2580 -0.0206 0.6493 1.0124 1.1254
1494806400.0000 133950.0000 0.8547 -0.9617 0.1275 1.4680 318.3690 0.1702 0.6822 0.3089 0.1257 0.0117 0.0745 0.5807 0.4812 0.4143
1494806400.0000 134250.0000 0.5795 0.3633 0.5684 0.8807 237.9149 0.2112 0.3355 0.1269 0.0552 0.0311 0.0273 0.3368 0.5328 0.6241
1494806400.0000 134550.0000 0.5985 0.9928 0.2043 1.5095 211.0811 0.7966 0.3257 0.2199 0.1722 0.1078 0.0274 0.6711 0.5682 0.5276
1494806400.0000 134850.0000 -0.3776 -0.2427 0.1046 0.8653 57.2695 0.4915 0.2834 0.5948 0.1664 0.1600 0.0683 0.6848 1.4659 1.1321
1494806400.0000 135150.0000 -0.6672 -1.2068 -0.5483 1.4473 28.9368 0.1920 0.1714 0.3340 0.0163 0.1025 -0.0005 0.3487 0.3249 0.2524
1494806400.0000 135450.0000 -0.2330 -0.7166 -0.3155 1.4957 18.0106 0.4365 1.7026 0.3887 -0.1641 0.1098 0.1141 1.2639 1.1237 1.1206
1494806400.0000 135750.0000 -0.7085 2.1409 -0.2302 2.3314 161.6879 0.3767 0.3094 0.2631 -0.0265 0.1431 0.0154 0.4746 0.2481 0.2121
1494806400.0000 136050.0000 0.7067 1.4820 0.1611 1.7497 205.4926 0.1929 0.6028 0.1558 -0.0344 0.0229 -0.0300 0.4757 0.3414 0.3137
1494806400.0000 136350.0000 0.9786 1.1234 0.3792 1.7043 221.0593 0.5746 0.3881 0.2890 -0.1786 -0.0022 -0.0544 0.6259 0.4202 0.3802
1494806400.0000 136650.0000 1.2252 1.0657 0.5457 1.7605 228.9825 0.3050 0.4746 0.3031 -0.0319 0.0598 0.0580 0.5414 0.3507 0.3139
1494806400.0000 136950.0000 1.8284 0.6542 0.4303 2.0620 250.3131 0.3656 0.3617 0.1731 -0.1109 0.0186 0.0251 0.4502 0.2754 0.2536
1494806400.0000 137250.0000 0.4183 1.2469 0.3326 1.4633 198.5451 0.3184 0.3334 0.3586 -0.0284 0.0861 -0.0200 0.5052 0.4278 0.3544
1494806400.0000 137550.0000 -1.3385 1.2496 -0.1696 2.1796 133.0318 1.0522 0.8965 0.4310 0.3170 0.1034 0.0275 1.1899 0.4843 0.4401
1494806400.0000 137850.0000 -0.1151 -0.9474 -0.1202 1.3968 6.9281 1.2712 0.2314 0.3874 -0.0492 0.2355 -0.0862 0.9450 0.8251 0.7415
1494806400.0000 138150.0000 0.1879 -1.3404 -0.4105 1.5220 352.0196 0.5276 0.5062 0.3554 0.0751 0.1795 -0.0045 0.6946 0.4811 0.4337
1494806400.0000 138450.0000 0.9939 0.7284 0.2018 1.3812 233.7648 0.7379 0.5346 0.8445 0.4267 0.5639 0.3453 1.0585 0.6727 0.5285
1494806400.0000 138750.0000 1.7012 -0.1192 0.5317 1.9611 274.0076 0.2517 0.9656 0.2062 0.1042 0.0381 0.1952 0.7117 0.3856 0.3735
1494806400.0000 139050.0000 1.6903 -1.6469 0.0863 2.5739 314.2541 0.5952 1.4196 0.4027 0.0108 0.1894 0.2607 1.2088 0.3801 0.3473
1494806400.0000 139350.0000 0.9374 -2.6450 -0.0887 2.9411 340.4858 0.6430 0.5166 0.5943 0.1770 0.0652 0.1287 0.8770 0.2723 0.2216
1494806400.0000 139650.0000 0.8100 1.8587 0.6914 2.9116 203.5462 0.5926 4.6311 0.4977 -0.5624 0.0885 0.0531 2.8607 0.6447 0.6508
1494806400.0000 139950.0000 -0.8839 1.4905 -0.0386 2.2546 149.3306 1.1969 1.1914 0.4282 0.8650 0.3971 0.2711 1.4082 0.5590 0.5149
1494806400.0000 140250.0000 -0.7549 -0.2452 -0.2344 0.9261 72.0038 0.2297 0.1983 0.3759 0.0428 0.0313 0.0135 0.4020 0.6255 0.4759
1494806400.0000 140550.0000 0.1973 -0.6932 0.0402 0.8481 344.1106 0.1219 0.2137 0.1122 0.0768 0.0413 0.0518 0.2239 0.5352 0.4640
1494806400.0000 140850.0000 -0.3228 -0.1834 -0.0269 0.5905 60.4000 0.1872 0.1349 0.1454 -0.0163 0.0708 -0.0384 0.2337 1.0605 0.8826
1494806400.0000 141150.0000 0.4521 -0.3805 0.1164 0.6793 310.0848 0.0986 0.1387 0.0984 -0.0316 0.0289 -0.0390 0.1679 0.5554 0.4759
1494806400.0000 141450.0000 0.4580 -0.0719 0.1777 0.9032 278.9206 0.3212 0.5374 0.1259 0.3227 0.0067 -0.0518 0.4923 1.1538 1.1539
1494806400.0000 141750.0000 0.6751 1.0830 0.2566 1.3164 211.9370 0.1844 0.2587 0.0826 0.1400 -0.0276 -0.0536 0.2628 0.3216 0.3011
1494806400.0000 142050.0000 0.4527 0.2888 0.4523 0.7458 237.4662 0.3508 0.1207 0.1225 0.0111 -0.0256 -0.0116 0.2970 0.6338 0.7383
1494806400.0000 142350.0000 0.7468 0.6230 0.3974 1.0510 230.1641 0.2526 0.1491 0.1203 0.0509 -0.0232 -0.0099 0.2610 0.3970 0.3763
1494806400.0000 142650.0000 1.2063 0.4703 0.3941 1.3864 248.6992 0.1966 0.3142 0.1952 0.0961 -0.0190 -0.0102 0.3530 0.3584 0.3187
1494806400.0000 142950.0000 1.5273 0.3048 0.5996 1.6451 258.7156 0.4413 0.2333 0.3236 0.0418 0.0891 0.0572 0.4991 0.3456 0.3045
1494806400.0000 143250.0000 1.7319 -0.2874 0.4672 2.1034 279.4228 0.3300 1.2920 0.4200 0.3756 0.0991 0.2401 1.0210 0.4541 0.4188
1494806400.0000 143550.0000 1.0262 -0.4941 0.3131 1.2710 295.7095 0.3954 0.3443 0.1966 -0.0763 0.0451 -0.0284 0.4681 0.4730 0.4360
1494806400.0000 143850.0000 0.5194 -0.1152 0.1427 0.9193 282.5009 0.2855 0.7029 0.2589 0.0955 0.0920 -0.0236 0.6237 1.1707 1.0790
1494806400.0000 144150.0000 -1.0602 -1.6813 -0.5372 2.0979 32.2364 0.5887 0.2707 0.1903 0.0952 0.0580 0.0412 0.5249 0.2873 0.2693
1494806400.0000 144450.0000 0.0528 -0.2558 -0.0987 0.5367 348.3277 0.1354 0.1619 0.1719 0.0464 0.0317 0.0714 0.2346 1.4164 1.2052
1494806400.0000 144750.0000 1.2081 -0.6650 0.2871 1.4956 298.8285 0.3438 0.4345 0.2363 -0.1069 -0.0384 0.1053 0.5073 0.4128 0.3693
1494806400.0000 145050.0000 1.0362 -1.0663 0.1090 1.5386 315.8187 0.1513 0.3977 0.2256 -0.1396 0.0525 -0.0384 0.3873 0.3408 0.2877
1494806400.0000 145350.0000 0.8991 -0.4317 0.3586 1.2117 295.6474 0.1936 0.4874 0.2473 0.1669 0.0333 0.0994 0.4642 0.5249 0.4777
1494806400.0000 145650.0000 0.3131 -1.5580 -0.3921 1.6614 348.6373 0.2014 0.5188 0.2392 -0.0563 0.0824 -0.0759 0.4797 0.3455 0.3083
1494806400.0000 145950.0000 -0.6116 -1.5315 -0.3469 1.9787 21.7700 1.1969 0.4063 0.3879 0.1989 0.2659 0.0374 0.9956 0.4834 0.4433
1494806400.0000 146250.0000 -0.9331 -0.7164 -0.0098 1.3408 52.4854 0.5842 0.2489 0.3232 0.0477 0.2199 0.0416 0.5781 0.5277 0.4480
1494806400.0000 146550.0000 -2.0082 -1.1580 -0.7801 2.3559 60.0306 0.2683 0.1778 0.2683 0.0432 0.1127 0.0195 0.3572 0.1995 0.1663
1494806400.0000 146850.0000 -1.1811 -0.6991 -0.6295 1.4124 59.3788 0.1680 0.2056 0.2243 0.1007 0.0098 -0.0259 0.2990 0.2957 0.2571
1494806400.0000 147150.0000 -0.5472 -0.1342 -0.2923 0.6806 76.2245 0.1727 0.1511 0.1419 0.0299 -0.0036 0.0013 0.2328 0.6207 0.5831
1494806400.0000 147450.0000 -0.2373 -0.9016 -0.3631 1.0571 14.7440 0.3439 0.3467 0.2004 0.1190 0.0352 -0.0213 0.4455 0.5447 0.5146
1494806400.0000 147750.0000 -0.2426 -0.6305 -0.0717 1.0171 21.0438 0.2125 0.9546 0.3027 0.3464 0.1633 0.3690 0.7349 1.0303 0.9232
1494806400.0000 148050.0000 -0.0069 -1.8151 -0.2627 1.8904 0.2179 0.2670 0.1582 0.2076 0.0387 0.1082 -0.0511 0.3164 0.2504 0.2074
1494806400.0000 148350.0000 0.4514 -1.3618 -0.0935 1.5522 341.6630 0.3351 0.2626 0.4838 -0.1063 0.1264 -0.0940 0.5407 0.4176 0.3111
1494806400.0000 148650.0000 -0.0200 -0.6471 -0.2909 0.8880 1.7738 0.1422 0.3652 0.0615 -0.0378 -0.0477 0.0495 0.2845 0.6136 0.6353
1494806400.0000 148950.0000 -0.6333 0.1947 0.0414 0.8166 107.0877 0.1601 0.1980 0.2050 0.0497 -0.0328 0.0814 0.2815 0.6527 0.5215
1494806400.0000 149250.0000 -0.3520 0.7518 0.0359 0.9004 154.9082 0.1094 0.1205 0.1363 -0.0033 0.0239 -0.0274 0.1831 0.4205 0.3335
1494806400.0000 149550.0000 0.6294 0.2521 0.1526 1.2219 248.1676 1.3112 0.2037 0.1329 -0.2533 -0.0626 0.0651 0.8239 1.0664 1.0481
1494806400.0000 149850.0000 1.4474 -0.2952 0.4723 1.6132 281.5290 0.2509 0.4513 0.2532 0.0229 0.0434 0.1899 0.4778 0.3639 0.3275
1494806400.0000 150150.0000 1.0114 -1.3793 -0.0446 1.7799 323.7488 0.2447 0.3865 0.1243 -0.0641 -0.0369 0.0522 0.3778 0.2933 0.2682
1494806400.0000 150450.0000 1.1131 -1.6675 -0.1232 2.0604 326.2759 0.1594 0.2983 0.1804 0.0069 0.0584 0.0667 0.3190 0.2296 0.1948
1494806400.0000 150750.0000 1.1966 -1.4997 -0.0179 1.9430 321.4149 0.0816 0.2485 0.1220 -0.0658 -0.0045 0.0494 0.2260 0.2023 0.1729
1494806400.0000 151050.0000 0.8037 -1.4184 -0.1608 1.6489 330.4631 0.0831 0.0965 0.0597 -0.0339 -0.0009 0.0073 0.1196 0.1724 0.1501
