1494720000.0000 150.0000 0.6437 0.1498 -0.2456 0.7978 256.8945 0.0383 0.1937 0.0634 -0.0245 0.0235 -0.0740 0.1477 0.4451 0.4208
1494720000.0000 450.0000 0.0562 -0.0913 -0.1084 0.2259 328.3729 0.0520 0.0158 0.0510 0.0057 -0.0296 -0.0107 0.0594 1.3051 1.4018
1494720000.0000 750.0000 0.1283 0.0050 -0.0401 0.2380 267.7889 0.0306 0.0191 0.0129 0.0007 -0.0035 -0.0087 0.0313 1.0737 1.0024
1494720000.0000 1050.0000 0.2776 0.0130 -0.0147 0.3711 267.3161 0.0369 0.0572 0.0394 0.0211 -0.0066 -0.0298 0.0668 0.7580 0.6373
1494720000.0000 1350.0000 0.6702 0.2438 -0.4363 0.7939 250.0137 0.0462 0.1124 0.0531 -0.0292 0.0074 -0.0444 0.1059 0.3177 0.3224
1494720000.0000 1650.0000 0.9601 -0.0296 -0.2804 1.0390 271.7653 0.1159 0.1483 0.1542 0.0003 -0.0257 -0.0708 0.2092 0.3732 0.3089
1494720000.0000 1950.0000 0.7548 0.0894 -0.4535 0.8192 263.2412 0.1176 0.0801 0.1690 -0.0182 -0.0823 0.0202 0.1834 0.3950 0.3378
1494720000.0000 2250.0000 0.0675 0.4377 -0.2051 0.6734 188.7636 0.2254 0.0676 0.0400 0.0159 -0.0378 0.0030 0.1665 0.6825 0.7056
1494720000.0000 2550.0000 -0.5457 0.3328 0.0979 0.7033 121.3777 0.1165 0.0685 0.0971 -0.0250 -0.0223 -0.0099 0.1410 0.4742 0.3885
1494720000.0000 2850.0000 -0.4426 0.5253 -0.0270 0.7535 139.8857 0.1035 0.0447 0.0246 0.0122 0.0026 0.0002 0.0864 0.3491 0.3235
1494720000.0000 3150.0000 -0.6330 0.7110 -0.0484 0.9771 138.3199 0.0342 0.0795 0.0319 -0.0093 0.0053 -0.0256 0.0728 0.2311 0.2045
1494720000.0000 3450.0000 -0.8525 0.8498 -0.0440 1.2228 134.9080 0.0737 0.0783 0.0422 -0.0310 0.0150 -0.0129 0.0971 0.2112 0.1870
1494720000.0000 3750.0000 -0.7595 0.7033 -0.1386 1.0661 132.8017 0.0557 0.0602 0.0561 0.0086 0.0037 0.0176 0.0859 0.2292 0.1898
1494720000.0000 4050.0000 -0.7314 0.7431 0.0578 1.0713 135.4539 0.0816 0.0678 0.0370 -0.0225 -0.0023 -0.0170 0.0932 0.2387 0.2140
1494720000.0000 4350.0000 -0.5317 0.6934 0.0275 0.8988 142.5193 0.0737 0.0522 0.0336 -0.0207 -0.0069 -0.0107 0.0797 0.2637 0.2344
1494720000.0000 4650.0000 -0.5986 0.5614 -0.0405 0.8738 133.1624 0.0672 0.0958 0.0361 -0.0066 0.0025 -0.0110 0.0995 0.3136 0.2841
1494720000.0000 4950.0000 -0.3685 0.3109 -0.0653 0.5760 130.1561 0.0878 0.0777 0.0512 0.0055 0.0218 -0.0104 0.1084 0.5524 0.4872
1494720000.0000 5250.0000 -0.5176 0.3850 -0.0362 0.6639 126.6424 0.0298 0.0353 0.0301 -0.0099 0.0130 -0.0158 0.0476 0.2758 0.2284
1494720000.0000 5550.0000 -0.1936 0.2584 0.0243 0.3799 143.1543 0.0332 0.0221 0.0113 0.0104 0.0000 0.0009 0.0333 0.4600 0.4203
1494720000.0000 5850.0000 -0.3718 0.3165 -0.0642 0.5372 130.4058 0.0407 0.0575 0.0376 -0.0017 0.0042 -0.0194 0.0679 0.4319 0.3704
1494720000.0000 6150.0000 -0.5345 0.6601 -0.0729 0.8698 141.0008 0.0342 0.0402 0.0196 -0.0019 -0.0048 -0.0067 0.0470 0.2077 0.1854
1494720000.0000 6450.0000 -0.8516 0.7401 -0.0492 1.1483 130.9948 0.0391 0.0401 0.0251 0.0076 -0.0008 -0.0134 0.0521 0.1651 0.1440
1494720000.0000 6750.0000 -0.7383 0.6350 0.0748 0.9998 130.7015 0.0420 0.0512 0.0336 0.0009 -0.0047 -0.0122 0.0634 0.2105 0.1810
1494720000.0000 7050.0000 -0.7157 0.5244 0.0215 0.9065 126.2277 0.0398 0.0371 0.0252 -0.0035 -0.0087 0.0023 0.0511 0.2079 0.1805
1494720000.0000 7350.0000 -0.8758 0.5841 0.0508 1.0869 123.6991 0.0378 0.0621 0.0313 0.0213 -0.0135 -0.0265 0.0656 0.1984 0.1734
1494720000.0000 7650.0000 -0.8294 0.3055 0.0907 0.9124 110.2200 0.0724 0.0562 0.0660 -0.0218 0.0090 -0.0128 0.0973 0.2867 0.2343
1494720000.0000 7950.0000 -0.5564 0.1714 0.0356 0.6098 107.1270 0.0275 0.0408 0.0128 -0.0186 0.0017 -0.0072 0.0406 0.2820 0.2593
1494720000.0000 8250.0000 -0.5786 0.2505 -0.0039 0.7120 113.4083 0.0932 0.1029 0.0650 0.0077 -0.0163 -0.0522 0.1306 0.4679 0.4055
1494720000.0000 8550.0000 -0.4527 0.1113 0.0418 0.5091 103.8137 0.0549 0.0192 0.0638 0.0152 -0.0150 -0.0148 0.0690 0.4580 0.3371
1494720000.0000 8850.0000 -0.4285 0.1967 0.0897 0.5221 114.6594 0.0509 0.0333 0.0379 0.0215 -0.0099 -0.0114 0.0610 0.4203 0.3552
1494720000.0000 9150.0000 -0.4902 0.1759 0.0148 0.5920 109.7403 0.0337 0.0899 0.0783 -0.0050 0.0071 -0.0328 0.1009 0.4979 0.3898
1494720000.0000 9450.0000 -0.3437 0.1853 -0.0536 0.4692 118.3354 0.0475 0.0600 0.0550 0.0020 -0.0107 -0.0139 0.0813 0.5906 0.4849
1494720000.0000 9750.0000 -0.4979 0.0992 0.2009 0.5639 101.2631 0.0746 0.0570 0.0599 0.0060 -0.0200 0.0178 0.0958 0.4629 0.4126
1494720000.0000 10050.0000 -0.4541 0.1672 -0.0062 0.4988 110.2187 0.0253 0.0181 0.0081 -0.0071 -0.0005 -0.0026 0.0257 0.2705 0.2484
1494720000.0000 10350.0000 -0.4899 0.4274 0.1865 0.7187 131.1029 0.0905 0.0806 0.0683 0.0139 -0.0235 -0.0307 0.1197 0.4177 0.3673
1494720000.0000 10650.0000 -0.4451 0.2081 0.0124 0.5605 115.0575 0.0500 0.0671 0.0612 0.0088 -0.0217 -0.0048 0.0892 0.4961 0.4021
1494720000.0000 10950.0000 -0.3064 0.2219 0.0693 0.4807 125.9057 0.1263 0.0502 0.0479 -0.0407 -0.0334 -0.0071 0.1122 0.7111 0.6412
1494720000.0000 11250.0000 -0.5291 0.2998 0.1710 0.6922 119.5337 0.1450 0.0657 0.0857 -0.0357 -0.0341 0.0105 0.1482 0.4976 0.4358
1494720000.0000 11550.0000 -0.3908 0.4826 -0.0802 0.6814 140.9964 0.0802 0.0439 0.0707 0.0085 0.0094 -0.0385 0.0974 0.4070 0.3276
1494720000.0000 11850.0000 -0.7420 0.5673 0.1392 0.9719 127.3987 0.0433 0.0655 0.0364 0.0091 0.0018 -0.0068 0.0726 0.2330 0.2039
1494720000.0000 12150.0000 -0.4987 0.3077 0.0967 0.6023 121.6783 0.0741 0.0458 0.0239 -0.0422 -0.0196 0.0137 0.0719 0.3687 0.3412
1494720000.0000 12450.0000 -0.2985 0.1789 0.0561 0.3791 120.9432 0.0098 0.0200 0.0111 0.0035 -0.0043 -0.0064 0.0205 0.3317 0.2867
1494720000.0000 12750.0000 -0.1055 0.0286 0.0054 0.2102 105.1838 0.0227 0.0201 0.0113 -0.0010 0.0012 -0.0024 0.0271 1.2270 1.0927
1494720000.0000 13050.0000 -0.1742 0.0442 0.0102 0.3204 104.2272 0.0208 0.0873 0.0745 0.0118 -0.0124 -0.0275 0.0913 1.3702 1.0558
1494720000.0000 13350.0000 -0.3490 0.1455 -0.0455 0.4321 112.6288 0.0186 0.0430 0.0258 -0.0019 -0.0022 -0.0103 0.0437 0.4482 0.3791
1494720000.0000 13650.0000 -0.0695 -0.2660 0.0073 0.3278 14.6371 0.0123 0.0314 0.0169 -0.0055 0.0035 -0.0134 0.0304 0.5172 0.4393
1494720000.0000 13950.0000 -0.0485 0.0772 0.0258 0.1302 147.8461 0.0078 0.0089 0.0129 -0.0020 -0.0064 -0.0001 0.0148 1.0484 0.8174
1494720000.0000 14250.0000 -0.3633 0.0938 0.0233 0.4828 104.4734 0.0408 0.0934 0.0725 0.0416 0.0063 0.0115 0.1034 0.6983 0.5637
1494720000.0000 14550.0000 -0.3603 0.4283 0.0103 0.5748 139.9258 0.0231 0.0126 0.0146 -0.0010 0.0047 0.0006 0.0252 0.2314 0.1950
1494720000.0000 14850.0000 -0.1739 0.1532 -0.0398 0.2897 131.3863 0.0260 0.0255 0.0053 0.0017 -0.0038 -0.0005 0.0284 0.5852 0.5655
1494720000.0000 15150.0000 -0.4398 0.2902 0.0548 0.5504 123.4160 0.0077 0.0236 0.0072 0.0063 0.0001 -0.0024 0.0193 0.2140 0.1939
1494720000.0000 15450.0000 -0.3024 0.2576 -0.0192 0.4110 130.4233 0.0177 0.0154 0.0105 -0.0064 0.0064 -0.0039 0.0218 0.3031 0.2645
1494720000.0000 15750.0000 -0.0311 -0.1061 -0.0658 0.2359 16.3540 0.0499 0.0269 0.0826 -0.0187 -0.0364 0.0231 0.0797 1.7913 1.4468
1494720000.0000 16050.0000 -0.3462 -0.2346 0.1018 0.4641 55.8799 0.0364 0.0274 0.0377 -0.0110 -0.0158 0.0178 0.0507 0.4273 0.3487
1494720000.0000 16350.0000 -0.2863 -0.2979 0.0642 0.4725 43.8671 0.0224 0.0561 0.0140 -0.0099 0.0021 0.0012 0.0462 0.4199 0.3914
1494720000.0000 16650.0000 -0.3552 -0.0890 0.1120 0.4338 75.9276 0.0468 0.0502 0.0109 -0.0086 -0.0005 -0.0090 0.0540 0.4956 0.4913
1494720000.0000 16950.0000 -0.5306 0.2348 -0.0021 0.6361 113.8691 0.0527 0.0802 0.0346 -0.0203 0.0190 -0.0120 0.0838 0.4073 0.3628
1494720000.0000 17250.0000 -0.3800 0.1894 0.0872 0.4701 116.4859 0.0694 0.0438 0.0275 -0.0011 -0.0264 -0.0027 0.0703 0.4996 0.4574
1494720000.0000 17550.0000 -0.2098 0.2966 0.0721 0.3978 144.7191 0.0104 0.0283 0.0115 0.0038 -0.0010 -0.0009 0.0251 0.3495 0.3128
1494720000.0000 17850.0000 -0.4006 0.6599 0.0041 0.8056 148.7439 0.0496 0.0213 0.0088 0.0121 -0.0001 -0.0013 0.0399 0.2111 0.1992
1494720000.0000 18150.0000 -0.3074 0.3255 0.0455 0.4774 136.6389 0.0206 0.0199 0.0043 0.0070 0.0032 0.0006 0.0224 0.2717 0.2596
1494720000.0000 18450.0000 -0.3291 0.5349 -0.0400 0.6539 148.3996 0.0796 0.0812 0.0077 -0.0457 -0.0071 0.0058 0.0843 0.3767 0.3687
1494720000.0000 18750.0000 -0.6610 0.5818 -0.0100 0.8920 131.3535 0.0397 0.0126 0.0109 -0.0044 0.0103 -0.0034 0.0316 0.1648 0.1499
1494720000.0000 19050.0000 -0.5665 0.4998 0.0057 0.7613 131.4237 0.0340 0.0107 0.0032 -0.0125 -0.0017 0.0002 0.0240 0.1673 0.1616
1494720000.0000 19350.0000 -0.2878 0.3926 0.0735 0.4968 143.7530 0.0131 0.0118 0.0171 -0.0040 0.0018 -0.0001 0.0209 0.2401 0.1868
1494720000.0000 19650.0000 -0.3493 0.0987 0.0470 0.3687 105.7818 0.0083 0.0048 0.0033 -0.0027 -0.0001 0.0007 0.0082 0.2020 0.1821
1494720000.0000 19950.0000 -0.0570 0.0140 0.0740 0.2135 103.8426 0.0336 0.0129 0.0044 -0.0040 -0.0008 0.0032 0.0254 1.3784 2.1206
1494720000.0000 20250.0000 -0.1726 0.6125 -0.1568 0.7294 164.2651 0.1377 0.0846 0.0147 -0.0620 0.0130 -0.0269 0.1185 0.4288 0.4278
1494720000.0000 20550.0000 -0.6530 0.3298 0.2403 0.7570 116.7985 0.0407 0.0353 0.0221 -0.0010 0.0004 -0.0034 0.0491 0.2349 0.2175
1494720000.0000 20850.0000 -0.5007 0.6598 0.0107 0.8375 142.8054 0.0121 0.0482 0.0049 -0.0118 -0.0003 -0.0015 0.0326 0.1779 0.1712
1494720000.0000 21150.0000 -0.4006 0.3275 0.0733 0.5361 129.2644 0.0681 0.0693 0.0115 -0.0551 -0.0083 0.0017 0.0745 0.4264 0.4137
1494720000.0000 21450.0000 -0.1232 0.1727 -0.0206 0.2491 144.5032 0.0185 0.0183 0.0106 -0.0035 0.0030 -0.0111 0.0237 0.5898 0.5223
1494720000.0000 21750.0000 -0.4222 0.6477 -0.0647 0.8546 146.8994 0.1477 0.0457 0.0305 -0.0046 -0.0038 -0.0088 0.1119 0.3520 0.3283
1494720000.0000 22050.0000 -0.6531 0.5494 0.0693 0.8745 130.0668 0.0550 0.0241 0.0207 -0.0014 -0.0022 -0.0127 0.0499 0.2129 0.1902
1494720000.0000 22350.0000 -0.6913 0.7944 -0.0269 1.0939 138.9715 0.1561 0.1141 0.0336 -0.0651 -0.0045 -0.0142 0.1519 0.3021 0.2850
1494720000.0000 22650.0000 -0.8088 0.9654 -0.0461 1.2851 140.0435 0.0891 0.0726 0.0355 -0.0264 0.0091 -0.0254 0.0986 0.2035 0.1844
1494720000.0000 22950.0000 -0.6984 0.7558 -0.0077 1.0570 137.2615 0.0480 0.0569 0.0549 0.0019 -0.0101 -0.0262 0.0799 0.2243 0.1817
1494720000.0000 23250.0000 -0.7559 0.5830 0.1933 1.0301 127.6399 0.3153 0.3678 0.1146 -0.1804 0.0177 -0.0839 0.3988 0.5294 0.4998
1494720000.0000 23550.0000 -0.4353 0.3764 0.0093 0.6353 130.8560 0.0441 0.1040 0.0556 -0.0129 0.0074 -0.0524 0.1018 0.4527 0.3860
1494720000.0000 23850.0000 -0.6733 0.3413 0.0625 0.8411 116.8809 0.1371 0.1646 0.0928 -0.0449 -0.0134 -0.0846 0.1972 0.4788 0.4201
1494720000.0000 24150.0000 -0.5262 0.2268 0.0882 0.6458 113.3198 0.0616 0.1024 0.0626 -0.0207 0.0297 -0.0434 0.1133 0.4741 0.4081
1494720000.0000 24450.0000 -0.5442 -0.0735 0.1548 0.5726 82.3116 0.0316 0.0291 0.0468 0.0116 -0.0084 -0.0177 0.0537 0.3317 0.2589
1494720000.0000 24750.0000 -0.5059 -0.0916 0.2169 0.5631 79.7344 0.0291 0.0484 0.0265 -0.0139 0.0052 -0.0093 0.0519 0.3335 0.3125
1494720000.0000 25050.0000 -0.5765 -0.0721 0.1208 0.6110 82.8689 0.0226 0.0399 0.0373 0.0025 -0.0018 -0.0032 0.0499 0.3073 0.2484
1494720000.0000 25350.0000 -0.6963 -0.0073 0.1071 0.7159 89.3953 0.0318 0.0274 0.0347 -0.0114 0.0038 -0.0040 0.0469 0.2511 0.2018
1494720000.0000 25650.0000 -0.3519 0.0486 0.1676 0.4262 97.8682 0.0294 0.0550 0.0324 0.0164 -0.0013 -0.0087 0.0584 0.5024 0.4722
1494720000.0000 25950.0000 -0.3898 0.0920 0.1569 0.4510 103.2839 0.0393 0.0457 0.0537 -0.0242 0.0165 -0.0267 0.0694 0.5001 0.4204
1494720000.0000 26250.0000 -0.5781 0.2458 0.0639 0.6936 113.0323 0.0839 0.0461 0.0281 0.0120 -0.0024 -0.0066 0.0790 0.3636 0.3314
1494720000.0000 26550.0000 -0.8389 0.0585 0.3045 0.8749 93.9870 0.0435 0.0592 0.0797 -0.0063 0.0103 -0.0110 0.0912 0.2757 0.2200
1494720000.0000 26850.0000 -0.5615 0.0735 0.0889 0.6224 97.4534 0.0901 0.0606 0.0344 -0.0194 -0.0046 -0.0175 0.0926 0.4334 0.3958
1494720000.0000 27150.0000 -0.5861 -0.2004 0.2060 0.6435 71.1222 0.0493 0.0292 0.0488 0.0009 -0.0035 0.0116 0.0636 0.3155 0.2611
1494720000.0000 27450.0000 -0.6338 -0.1825 0.1367 0.6818 73.9337 0.0414 0.0279 0.0410 0.0016 0.0203 0.0063 0.0552 0.2848 0.2305
1494720000.0000 27750.0000 -0.1635 -0.2307 0.2915 0.3298 35.3288 0.0360 0.0285 0.0240 0.0094 0.0132 0.0053 0.0443 0.4230 0.5187
1494720000.0000 28050.0000 -0.7200 -0.3394 0.3465 0.8154 64.7625 0.1005 0.0590 0.0157 0.0602 -0.0025 0.0016 0.0876 0.2783 0.2897
1494720000.0000 28350.0000 -0.6773 -0.5815 0.3593 0.9627 49.3484 0.0886 0.1000 0.0549 -0.0365 0.0391 -0.0266 0.1218 0.2961 0.2809
1494720000.0000 28650.0000 -0.3668 -0.5210 0.2415 0.6650 35.1494 0.0482 0.0446 0.0427 0.0095 -0.0011 -0.0036 0.0678 0.3119 0.2760
1494720000.0000 28950.0000 -0.3270 -0.3006 0.1821 0.5120 47.4149 0.0571 0.0610 0.0479 0.0027 0.0249 0.0144 0.0830 0.4899 0.4466
1494720000.0000 29250.0000 -0.3056 -0.4593 0.2075 0.5876 33.6370 0.0217 0.0476 0.0363 -0.0093 0.0100 -0.0062 0.0528 0.3183 0.2755
1494720000.0000 29550.0000 -0.4979 -0.2155 0.0690 0.7005 66.5932 0.0992 0.1253 0.0485 -0.0853 0.0066 -0.0133 0.1365 0.5515 0.5042
1494720000.0000 29850.0000 -0.5227 0.2654 0.1863 0.7371 116.9209 0.0622 0.1876 0.0453 -0.0334 -0.0000 -0.0095 0.1475 0.5098 0.4921
1494720000.0000 30150.0000 -0.5457 0.0672 0.2653 0.6206 97.0248 0.0724 0.0910 0.0448 -0.0446 0.0079 -0.0129 0.1041 0.4316 0.4246
1494720000.0000 30450.0000 -0.8387 0.1813 0.0114 0.8992 102.1949 0.0627 0.0743 0.0668 -0.0163 0.0006 -0.0208 0.1019 0.3037 0.2490
1494720000.0000 30750.0000 -0.6844 0.1526 0.1389 0.8420 102.5684 0.0947 0.2301 0.1898 -0.0018 0.0258 -0.0494 0.2573 0.5794 0.4692
1494720000.0000 31050.0000 -0.8147 -0.0886 0.2222 0.8830 83.7916 0.0745 0.1088 0.1548 -0.0238 0.0126 -0.0293 0.1690 0.3953 0.3016
1494720000.0000 31350.0000 -1.2842 0.3393 0.2211 1.3644 104.8008 0.0972 0.1249 0.0825 -0.0567 0.0193 -0.0388 0.1523 0.2366 0.2049
1494720000.0000 31650.0000 -0.9271 0.1883 0.2047 1.0065 101.4791 0.1545 0.1032 0.1560 -0.0142 0.0527 -0.0374 0.2068 0.3837 0.3098
1494720000.0000 31950.0000 -0.7698 0.0794 0.2073 0.8153 95.8888 0.1170 0.0633 0.0977 -0.0098 -0.0015 -0.0241 0.1390 0.3800 0.3168
1494720000.0000 32250.0000 -0.6761 -0.1683 0.2969 0.8219 76.0259 0.2151 0.1620 0.0500 0.1137 -0.0112 -0.0164 0.2135 0.4982 0.5088
1494720000.0000 32550.0000 -0.7746 0.0682 0.2495 0.8526 95.0309 0.1862 0.1059 0.1069 -0.0181 0.0324 -0.0537 0.1995 0.4466 0.4013
1494720000.0000 32850.0000 -0.5742 -0.0660 0.1149 0.6283 83.4397 0.0870 0.0495 0.0758 0.0020 0.0041 -0.0032 0.1062 0.4515 0.3691
1494720000.0000 33150.0000 -0.8587 -0.5517 0.3644 1.0638 57.2797 0.1508 0.1199 0.1254 0.0577 -0.0481 -0.0401 0.1980 0.3353 0.2943
1494720000.0000 33450.0000 -0.4766 -0.4739 0.3538 0.7297 45.1618 0.0690 0.0748 0.0935 -0.0056 0.0136 -0.0054 0.1187 0.3703 0.3258
1494720000.0000 33750.0000 -0.4657 -0.2994 0.0343 0.5711 57.2660 0.0273 0.0325 0.0956 0.0128 -0.0198 -0.0122 0.0777 0.4103 0.2551
1494720000.0000 34050.0000 -0.4609 -0.1059 0.0829 0.5070 77.0573 0.0345 0.0369 0.0728 0.0023 -0.0082 0.0021 0.0721 0.4567 0.3264
1494720000.0000 34350.0000 0.1214 -0.7370 0.2242 0.8751 350.6454 0.0824 0.3100 0.0883 -0.0710 -0.0078 -0.0059 0.2403 0.5132 0.4841
1494720000.0000 34650.0000 0.1301 -1.0465 0.3893 1.1272 352.9156 0.1465 0.1672 0.1524 0.0479 -0.0674 -0.0438 0.2330 0.3506 0.3066
1494720000.0000 34950.0000 -0.4098 -0.5557 0.3786 0.7523 36.4094 0.1004 0.1415 0.0867 0.0481 0.0064 0.0259 0.1643 0.4203 0.4113
1494720000.0000 35250.0000 -0.4292 -0.0081 0.1110 0.5139 88.9222 0.0657 0.0875 0.0981 0.0211 -0.0383 -0.0293 0.1257 0.6528 0.5264
1494720000.0000 35550.0000 -0.1179 -0.4921 -0.0758 0.6270 13.4699 0.1464 0.1783 0.1586 -0.0011 0.0348 -0.0864 0.2416 0.7844 0.6501
1494720000.0000 35850.0000 -0.5739 -0.3734 0.1700 0.8461 56.9500 0.1176 0.1949 0.0935 -0.0952 -0.0279 0.0229 0.2030 0.5215 0.4714
1494720000.0000 36150.0000 -0.7576 0.0604 -0.0501 0.9731 94.5563 0.2353 0.2592 0.2273 -0.1808 0.0060 0.0539 0.3609 0.6440 0.5342
1494720000.0000 36450.0000 -0.4003 -0.2520 0.0145 0.6219 57.8051 0.1413 0.1338 0.1580 -0.0183 -0.0337 0.0721 0.2165 0.8028 0.6401
1494720000.0000 36750.0000 -1.0155 -0.0624 0.2376 1.0791 86.4850 0.1426 0.1205 0.2475 -0.0308 0.0366 -0.0187 0.2553 0.3948 0.2910
1494720000.0000 37050.0000 -1.5889 0.1486 0.4574 1.7100 95.3424 0.4459 0.4287 0.2267 -0.2711 -0.0302 -0.0323 0.5507 0.3650 0.3384
1494720000.0000 37350.0000 -1.6263 0.6980 0.2550 1.9151 113.2289 0.3929 0.5141 0.3708 0.0652 0.0034 -0.0992 0.6389 0.3650 0.3107
1494720000.0000 37650.0000 -1.8488 -0.2297 0.8113 2.0264 82.9168 0.6156 0.6717 0.3998 0.0149 0.0040 -0.1493 0.8435 0.3691 0.3516
1494720000.0000 37950.0000 -2.1870 -0.1429 0.5910 2.3595 86.2615 0.4194 0.8145 0.3768 0.0141 0.0455 -0.2128 0.8053 0.3228 0.2926
1494720000.0000 38250.0000 -0.8841 -0.2573 0.1257 1.1277 73.7705 0.4496 0.4127 0.4271 0.1591 -0.1882 -0.1849 0.6447 0.7055 0.5822
1494720000.0000 38550.0000 -1.4803 0.5272 0.2052 1.6784 109.6041 0.1860 0.3001 0.1407 0.0496 0.0062 -0.0481 0.3134 0.2884 0.2561
1494720000.0000 38850.0000 -1.3850 -0.4040 0.4379 1.5019 73.7373 0.0993 0.1789 0.1136 0.0181 0.0117 0.0084 0.1959 0.2397 0.2111
1494720000.0000 39150.0000 -1.3728 0.7244 0.1843 1.7053 117.8185 0.7067 0.3322 0.3131 -0.0089 -0.1697 -0.0463 0.6760 0.4295 0.3791
1494720000.0000 39450.0000 -0.6257 -0.7698 0.2297 1.2186 39.1036 0.3511 0.2750 0.2180 -0.1462 0.1658 -0.0516 0.4220 0.5209 0.4605
1494720000.0000 39750.0000 -2.1198 -0.0751 0.3829 2.2068 87.9722 0.2843 0.3483 0.3509 -0.0848 -0.0622 -0.0979 0.4917 0.2656 0.2165
1494720000.0000 40050.0000 -1.3398 -0.6251 0.3632 1.7192 64.9871 1.1354 0.3402 0.4092 -0.0776 -0.1923 -0.0171 0.9424 0.5206 0.4744
1494720000.0000 40350.0000 -1.8317 0.5260 0.2869 2.1907 106.0221 1.3080 0.6293 0.4558 0.4776 -0.1233 -0.1369 1.1966 0.4634 0.4217
1494720000.0000 40650.0000 -2.1244 0.9539 0.3695 2.4393 114.1801 0.5299 0.6010 0.3196 -0.2533 0.0883 -0.1684 0.7252 0.2949 0.2636
1494720000.0000 40950.0000 -1.5081 0.2297 0.1943 1.5901 98.6606 0.3022 0.1895 0.2800 0.0221 -0.0490 -0.0423 0.3858 0.3298 0.2654
1494720000.0000 41250.0000 -0.7130 0.0975 0.4208 0.9410 97.7867 0.3900 0.2727 0.2052 -0.0492 0.0433 -0.0248 0.4340 0.6452 0.6531
1494720000.0000 41550.0000 -1.6364 -0.5196 0.5005 1.7601 72.3833 0.2922 0.1592 0.2613 0.0282 -0.0029 -0.0062 0.3564 0.2726 0.2259
1494720000.0000 41850.0000 -0.2574 -0.7140 0.2892 0.9203 19.8221 0.1586 0.2371 0.1546 0.0164 -0.0392 -0.1082 0.2752 0.5274 0.4786
1494720000.0000 42150.0000 -0.1216 -0.6583 0.1747 0.7974 10.4696 0.2345 0.1540 0.0856 0.1540 -0.0254 -0.0283 0.2371 0.5746 0.5375
1494720000.0000 42450.0000 -0.5495 -0.7255 0.0518 1.0201 37.1436 0.2386 0.2068 0.2965 0.0186 -0.1033 -0.0777 0.3710 0.5456 0.4234
1494720000.0000 42750.0000 -0.5573 -1.4085 0.8494 1.7407 21.5875 0.5227 1.4427 0.5453 -0.1263 -0.0755 -0.3676 1.2553 0.5268 0.5343
1494720000.0000 43050.0000 -1.2354 0.2226 0.7526 2.1314 100.2126 0.7719 2.6885 0.7759 -0.2367 0.1355 -0.7990 2.1182 0.8120 0.8556
1494720000.0000 43350.0000 -1.8654 0.9645 0.1321 2.2577 117.3413 0.4596 0.7874 0.3748 -0.0759 0.0573 -0.3252 0.8109 0.3494 0.3070
1494720000.0000 43650.0000 -1.4662 0.4909 0.1543 1.7246 108.5121 0.2726 0.5359 0.2231 0.0467 0.0411 0.0203 0.5158 0.3774 0.3358
1494720000.0000 43950.0000 -1.9193 0.4150 0.2115 2.0138 102.2022 0.3762 0.2348 0.1756 -0.1713 -0.0244 -0.0421 0.3933 0.2593 0.2298
1494720000.0000 44250.0000 -1.2935 0.2255 0.2803 1.4459 99.8868 0.4375 0.3481 0.2690 -0.0893 -0.0114 -0.0383 0.5272 0.4416 0.3897
1494720000.0000 44550.0000 -1.0039 0.0729 0.5015 1.1563 94.1504 0.4773 0.2656 0.1248 -0.0605 0.0682 -0.0544 0.4338 0.4782 0.4944
1494720000.0000 44850.0000 -0.1718 0.3011 -0.2143 0.9980 150.2941 0.4759 0.8441 0.5868 -0.2756 0.1838 -0.4456 0.9534 1.9565 1.9138
1494720000.0000 45150.0000 0.4010 -0.5750 -0.2802 1.1733 325.1050 0.6066 0.6445 0.2628 -0.1161 -0.0483 -0.0211 0.7569 0.9409 0.9212
1494720000.0000 45450.0000 0.5645 0.7820 -0.3435 2.0185 215.8274 2.8828 1.0924 1.1001 0.7335 -0.9389 -0.6443 2.5377 1.2705 1.1936
1494720000.0000 45750.0000 -1.9518 2.4976 -0.2235 3.3200 141.9937 1.2131 1.1997 0.9467 -0.2521 -0.3914 -0.2910 1.6798 0.3330 0.2829
1494720000.0000 46050.0000 -1.2583 0.9200 0.1566 1.7135 126.1719 0.5589 0.9773 0.4583 -0.2731 0.1024 -0.3931 0.9972 0.5205 0.4591
1494720000.0000 46350.0000 -0.9611 0.5466 0.0473 1.2233 119.6265 0.2729 0.2197 0.1605 -0.0324 0.0407 -0.0289 0.3265 0.4216 0.3665
1494720000.0000 46650.0000 0.1960 -0.2245 0.0303 0.6741 318.8712 0.3071 0.2121 0.1494 -0.0778 0.0200 -0.0114 0.3343 1.5761 1.3961
1494720000.0000 46950.0000 -0.7122 -0.1911 0.1901 0.9264 74.9765 0.6620 0.1982 0.1439 -0.1416 -0.1125 0.0056 0.5021 0.7598 0.7262
1494720000.0000 47250.0000 -0.1217 0.0984 -0.3177 1.1479 128.9803 1.0877 0.6680 0.3939 -0.1655 -0.0517 -0.1302 1.0748 2.3903 4.8881
1494720000.0000 47550.0000 -0.1740 0.1660 -0.0450 1.0810 133.6593 0.5402 0.9750 0.3644 -0.3492 -0.0584 -0.1952 0.9398 3.2357 2.9555
1494720000.0000 47850.0000 -0.8119 0.6361 -0.0826 1.1672 128.0794 0.3888 0.2649 0.3581 -0.1118 0.1058 -0.0386 0.5059 0.5613 0.4526
1494720000.0000 48150.0000 -0.0823 0.0668 -0.3174 0.5879 129.0715 0.3614 0.0813 0.2176 0.0156 -0.0563 -0.0145 0.3301 1.4019 3.6227
1494720000.0000 48450.0000 -0.8643 0.1913 0.4225 1.0484 102.4826 0.2491 0.3292 0.1674 -0.0526 0.0090 -0.0294 0.3728 0.5083 0.4960
1494720000.0000 48750.0000 -2.2132 1.5540 0.4147 2.8326 125.0754 0.6643 0.8684 0.4511 -0.0966 0.0485 -0.2487 0.9919 0.2972 0.2643
1494720000.0000 49050.0000 -1.3500 1.0911 0.1194 1.9353 128.9458 0.5366 0.8577 0.3841 -0.1291 0.0100 -0.3538 0.8892 0.4425 0.3928
1494720000.0000 49350.0000 -0.5859 0.5396 -0.0653 1.3350 132.6424 1.2418 0.2894 0.4159 -0.0535 -0.3024 -0.0015 0.9736 1.0081 0.8970
1494720000.0000 49650.0000 -0.9756 0.7048 0.2644 1.3367 125.8453 0.3427 0.5288 0.3133 -0.1924 0.0239 -0.1731 0.5924 0.5100 0.4478
1494720000.0000 49950.0000 -0.7385 -0.0647 0.1190 0.9077 84.9942 0.3728 0.2638 0.2056 -0.0924 0.1153 -0.1043 0.4211 0.7057 0.6214
1494720000.0000 50250.0000 -0.1987 0.1036 -0.1782 0.9735 117.5393 0.5255 0.7671 0.4160 -0.4130 -0.0015 -0.1410 0.8543 2.6359 2.9297
1494720000.0000 50550.0000 -0.2462 -0.5380 0.0134 0.8907 24.5883 0.4238 0.1990 0.4263 -0.0153 -0.0400 0.0385 0.5246 0.9993 0.7701
1494720000.0000 50850.0000 -0.2526 0.0640 -0.0620 0.9020 104.2197 0.4004 0.5397 0.3692 0.0845 0.0141 -0.2146 0.6546 2.4664 2.1483
1494720000.0000 51150.0000 -0.7840 0.0205 0.2076 0.9812 91.5002 0.4442 0.1873 0.1927 -0.0395 -0.0154 -0.0379 0.4121 0.6461 0.5850
1494720000.0000 51450.0000 -0.4696 -0.1175 0.0811 0.8097 75.9510 0.3731 0.2556 0.1257 -0.0893 -0.0052 -0.0401 0.3772 1.0217 0.9457
1494720000.0000 51750.0000 -0.9550 0.1393 0.2605 1.3006 98.2984 0.5041 0.5863 0.2142 -0.1347 -0.1165 0.0075 0.6523 0.6597 0.6247
1494720000.0000 52050.0000 -0.5877 0.8605 0.1689 1.2580 145.6679 0.5610 0.3396 0.1850 -0.1358 0.0874 -0.1023 0.5428 0.5699 0.5258
1494720000.0000 52350.0000 0.1912 0.7459 -0.1957 1.4753 194.3789 1.4803 0.3299 0.5497 -0.3005 -0.4758 -0.0174 1.1800 1.1163 1.0088
1494720000.0000 52650.0000 -0.2777 0.6320 -0.0620 1.1244 156.2757 0.7599 0.3728 0.3917 0.0008 -0.1203 -0.0338 0.7622 1.0285 0.8902
1494720000.0000 52950.0000 -0.7027 0.6708 -0.2721 1.1193 133.6717 0.4049 0.3504 0.4093 -0.1514 -0.1352 -0.0541 0.5823 0.6176 0.5165
1494720000.0000 53250.0000 -0.5071 0.2972 0.0067 0.7890 120.3725 0.2119 0.2530 0.2297 0.0043 -0.0181 -0.1180 0.3473 0.8187 0.6698
1494720000.0000 53550.0000 -0.3473 -0.0606 -0.2802 0.6785 80.1012 0.1627 0.3292 0.2416 0.0120 -0.0169 -0.1281 0.3667 1.0979 1.1485
1494720000.0000 53850.0000 -0.8923 0.3402 0.0775 1.1951 110.8680 0.4666 0.4158 0.0666 0.0041 -0.0244 -0.0035 0.4745 0.5871 0.5679
1494720000.0000 54150.0000 -0.4930 0.1990 0.0576 0.7242 111.9804 0.2619 0.1438 0.2312 -0.0325 0.0757 -0.0230 0.3184 0.8617 0.6917
1494720000.0000 54450.0000 -0.5422 0.4022 0.0061 0.9203 126.5698 0.1358 0.3334 0.0819 0.0809 -0.0176 -0.0114 0.2755 0.6349 0.5858
1494720000.0000 54750.0000 -0.0895 0.5188 -0.1654 0.8806 170.2118 0.3721 0.2860 0.5614 0.0709 0.1701 0.0935 0.6098 1.1554 0.8896
1494720000.0000 55050.0000 -0.9647 0.3929 0.2251 1.2989 112.1598 0.4747 0.5766 0.5710 0.0487 0.0236 -0.1338 0.8111 0.6900 0.5683
1494720000.0000 55350.0000 0.5968 0.1810 -0.3161 1.2223 253.1328 0.8440 0.6984 0.5651 0.0053 -0.1619 -0.2859 1.0538 1.1988 1.1497
1494720000.0000 55650.0000 1.5954 0.6202 -0.8028 1.9648 248.7560 1.0205 0.6196 0.6162 -0.0643 -0.4580 -0.1380 1.1281 0.4587 0.4320
1494720000.0000 55950.0000 1.5935 -0.8398 -0.2966 2.0110 297.7919 0.9456 0.4862 0.6010 0.3000 -0.4785 -0.2424 1.0164 0.4509 0.3835
1494720000.0000 56250.0000 0.7768 0.0641 -0.4436 1.3464 265.2861 0.5894 1.0914 0.7240 0.3429 -0.3910 -0.4799 1.2024 0.9983 0.9603
1494720000.0000 56550.0000 1.2900 0.2695 -0.7333 1.6180 258.1991 0.6982 0.8084 0.5468 0.2505 -0.3761 -0.4111 1.0267 0.5486 0.5377
1494720000.0000 56850.0000 0.9140 -1.2817 0.1776 1.8120 324.5078 0.3730 0.9997 0.4014 -0.1788 -0.0082 -0.0003 0.8870 0.4854 0.4297
1494720000.0000 57150.0000 0.7273 -1.2525 0.1864 1.6475 329.8584 0.6377 0.5257 0.5783 -0.0277 -0.1401 -0.0300 0.8708 0.5218 0.4299
1494720000.0000 57450.0000 0.3976 -1.0059 0.3328 1.3855 338.4312 0.7141 0.5967 0.4305 0.0363 -0.1978 0.0189 0.8706 0.6732 0.6111
1494720000.0000 57750.0000 0.9893 -1.1916 0.0043 1.7632 320.2987 0.5781 0.4128 0.5111 0.2260 -0.3820 -0.2511 0.7510 0.4569 0.3711
1494720000.0000 58050.0000 1.0247 -0.5552 0.0282 1.4071 298.4498 0.5687 0.5003 0.8774 -0.0058 -0.4319 -0.1976 0.9732 0.6910 0.5122
1494720000.0000 58350.0000 0.8224 -1.1036 0.2340 1.5947 323.3082 0.4286 0.6530 0.6853 0.0603 -0.2971 -0.3514 0.8834 0.5497 0.4362
1494720000.0000 58650.0000 0.7919 -0.9504 -0.2081 1.5560 320.1989 0.7928 0.4265 0.5908 0.1489 -0.3320 0.0324 0.9050 0.6192 0.5154
1494720000.0000 58950.0000 -0.1279 -1.0526 0.5294 1.2350 6.9260 0.3403 0.3171 0.1555 -0.0747 -0.0954 0.0267 0.4065 0.4392 0.4415
1494720000.0000 59250.0000 0.0330 -0.7387 0.2970 0.9296 357.4396 0.2181 0.4320 0.2121 0.1201 -0.1058 -0.1667 0.4311 0.6728 0.6296
1494720000.0000 59550.0000 -0.1434 -0.5992 0.0454 1.1738 13.4607 0.4954 0.9508 0.5150 -0.2189 0.1745 -0.0093 0.9806 1.3088 1.1269
1494720000.0000 59850.0000 -0.0677 -1.0667 0.2911 1.3751 3.6309 0.6559 0.6478 0.4435 -0.0774 -0.0570 -0.1035 0.8736 0.6889 0.6167
1494720000.0000 60150.0000 0.9609 -0.7700 -0.2140 1.6281 308.7032 1.0345 0.6555 0.6780 0.1820 -0.5275 -0.2809 1.1840 0.7109 0.6095
1494720000.0000 60450.0000 0.0342 -0.9780 0.2766 1.0868 357.9999 0.1725 0.1862 0.1485 0.0489 -0.0144 0.0289 0.2536 0.4043 0.3533
1494720000.0000 60750.0000 0.3253 -1.2011 0.5070 1.3974 344.8482 0.2309 0.6958 0.2918 0.0014 -0.1020 0.0218 0.6092 0.4743 0.4466
1494720000.0000 61050.0000 -0.2191 -1.1930 0.4046 1.2932 10.4060 0.1986 0.2322 0.1593 0.0483 0.0021 0.0392 0.2951 0.3469 0.3124
1494720000.0000 61350.0000 -0.3606 -0.4106 0.2650 0.6938 41.2922 0.0954 0.1919 0.1946 -0.0008 0.0275 -0.0479 0.2409 0.6599 0.5663
1494720000.0000 61650.0000 -0.3245 -0.5977 0.0796 0.8850 28.4992 0.1846 0.2640 0.1883 0.0526 -0.0707 -0.0135 0.3185 0.6729 0.5686
1494720000.0000 61950.0000 -0.2588 -0.8001 0.1942 0.9257 17.9263 0.1201 0.1420 0.0767 0.0029 -0.0149 0.0054 0.1694 0.3894 0.3515
1494720000.0000 62250.0000 0.2128 -1.1309 0.2118 1.2414 349.3416 0.2142 0.1109 0.2239 -0.0244 -0.0820 0.0410 0.2745 0.3656 0.2861
1494720000.0000 62550.0000 0.2827 -1.2701 0.1582 1.4387 347.4535 0.2847 0.2606 0.2257 0.0446 -0.0766 -0.1145 0.3855 0.3868 0.3277
1494720000.0000 62850.0000 0.8643 -0.9927 0.1141 1.5002 318.9549 0.2337 0.4298 0.4203 0.1718 -0.0874 -0.1437 0.5419 0.4549 0.3573
1494720000.0000 63150.0000 -0.2985 -0.8515 0.3274 1.1272 19.3189 0.3634 0.2696 0.1767 -0.0632 -0.0702 0.0556 0.4048 0.5413 0.5091
1494720000.0000 63450.0000 -0.3690 0.1195 0.0769 0.6903 107.9448 0.3141 0.1419 0.1296 -0.0485 -0.0987 0.0148 0.2928 1.1175 1.0053
1494720000.0000 63750.0000 -0.8494 -0.0268 0.2807 0.9234 88.1934 0.1786 0.1274 0.1492 0.0311 0.0067 0.0384 0.2276 0.4353 0.3758
1494720000.0000 64050.0000 -0.0207 -0.3472 -0.0304 0.5842 3.4082 0.1951 0.0665 0.0964 0.0324 -0.0276 -0.0087 0.1790 0.9893 0.8489
1494720000.0000 64350.0000 -0.3507 -0.0222 0.3078 1.0946 86.3745 1.2677 0.1679 0.4490 -0.0509 -0.4156 -0.0368 0.9423 1.6965 1.9684
1494720000.0000 64650.0000 0.0392 -0.6505 0.1945 0.8729 356.5547 0.3165 0.1134 0.1025 0.0747 0.0530 0.0357 0.2662 0.6194 0.5809
1494720000.0000 64950.0000 -0.5190 -0.1582 0.1030 0.6394 73.0480 0.0464 0.1257 0.0681 0.0424 -0.0100 -0.0312 0.1201 0.5123 0.4414
1494720000.0000 65250.0000 -0.1734 -0.1853 -0.0802 0.4161 43.1097 0.1173 0.0308 0.0836 -0.0003 -0.0177 0.0074 0.1159 1.0442 0.8754
1494720000.0000 65550.0000 0.4126 0.2462 -0.2131 0.9005 239.1816 0.1928 0.6798 0.2658 -0.0939 0.0359 -0.1574 0.5692 1.1719 1.1225
1494720000.0000 65850.0000 -0.0141 -0.0712 -0.1757 0.4334 11.2236 0.0995 0.1315 0.1181 -0.0119 -0.0300 0.0392 0.1746 1.7947 3.8251
1494720000.0000 66150.0000 0.5769 0.0814 -0.0133 0.9879 261.9641 0.5300 0.4754 0.2825 0.0010 -0.1229 -0.1379 0.6440 1.1243 0.9936
1494720000.0000 66450.0000 1.0916 0.3516 -0.4593 1.3023 252.1453 0.3437 0.3085 0.3028 -0.0153 -0.1120 -0.0583 0.4775 0.4567 0.4066
1494720000.0000 66750.0000 1.3644 -0.4179 -0.2935 1.6037 287.0289 0.2658 0.5533 0.2958 0.0052 -0.0382 -0.1970 0.5574 0.4184 0.3662
1494720000.0000 67050.0000 0.9982 -0.6853 -0.1372 1.3420 304.4708 0.2188 0.2549 0.1987 0.0989 -0.0875 -0.1182 0.3362 0.3885 0.3282
1494720000.0000 67350.0000 0.4349 -0.9584 -0.1050 1.0991 335.5938 0.1268 0.0726 0.1788 -0.0254 -0.0775 0.0123 0.1891 0.3356 0.2449
1494720000.0000 67650.0000 -0.0782 -0.8510 0.1537 0.9411 5.2480 0.1659 0.0901 0.0754 -0.0231 -0.0064 0.0205 0.1657 0.3828 0.3418
1494720000.0000 67950.0000 0.0468 -0.6952 -0.1469 0.8484 356.1494 0.1962 0.0824 0.0403 0.0398 -0.0119 -0.0140 0.1595 0.4579 0.4373
1494720000.0000 68250.0000 0.1608 -0.5860 -0.0701 0.7427 344.6582 0.1555 0.1030 0.1380 0.0102 -0.0569 -0.0297 0.1983 0.5944 0.4831
1494720000.0000 68550.0000 0.4159 -0.7034 -0.0445 0.8750 329.4048 0.0826 0.1369 0.0533 -0.0056 0.0193 -0.0270 0.1364 0.3685 0.3311
1494720000.0000 68850.0000 0.0982 -0.1689 0.0348 0.3278 329.8267 0.0559 0.0811 0.0297 -0.0179 -0.0058 0.0090 0.0833 1.1880 1.0939
1494720000.0000 69150.0000 0.1345 -0.1142 -0.0393 0.2587 310.3466 0.0347 0.0204 0.0275 -0.0002 0.0023 -0.0055 0.0413 0.9180 0.7682
1494720000.0000 69450.0000 0.5533 -0.3713 -0.1550 0.6916 303.8616 0.0845 0.0664 0.0257 -0.0409 0.0002 -0.0030 0.0883 0.3546 0.3365
1494720000.0000 69750.0000 0.5403 -0.5583 -0.0735 0.8015 315.9358 0.0517 0.0310 0.0312 -0.0121 -0.0043 0.0002 0.0570 0.2497 0.2137
1494720000.0000 70050.0000 0.5314 -0.6963 -0.0572 0.9336 322.6495 0.0574 0.1050 0.0348 0.0381 -0.0124 -0.0265 0.0986 0.2921 0.2656
1494720000.0000 70350.0000 0.7415 -1.0592 -0.0289 1.3313 325.0060 0.1090 0.1691 0.0415 -0.0338 0.0023 -0.0217 0.1598 0.2524 0.2355
1494720000.0000 70650.0000 1.1916 -1.1089 -0.1364 1.6702 312.9433 0.0731 0.1121 0.0797 0.0421 -0.0258 -0.0342 0.1324 0.1819 0.1526
1494720000.0000 70950.0000 1.3616 -0.9224 -0.2569 1.6882 304.1158 0.1493 0.1320 0.1278 0.0095 -0.0988 0.0099 0.2046 0.2218 0.1862
1494720000.0000 71250.0000 1.5930 -0.6695 -0.3716 1.7662 292.7949 0.1047 0.1199 0.0917 0.0209 -0.0445 -0.0091 0.1582 0.1837 0.1584
1494720000.0000 71550.0000 1.7222 -0.6293 -0.4267 1.8575 290.0727 0.1344 0.0828 0.0914 -0.0175 -0.0610 0.0178 0.1543 0.1704 0.1467
1494720000.0000 71850.0000 1.2821 -0.7262 -0.1791 1.5260 299.5291 0.1929 0.0842 0.1296 0.0320 -0.0878 -0.0068 0.2033 0.2480 0.2062
1494720000.0000 72150.0000 1.6108 -0.9788 -0.3786 1.9200 301.2841 0.0889 0.1753 0.0787 -0.0274 -0.0261 0.0375 0.1714 0.1758 0.1574
1494720000.0000 72450.0000 1.6467 -0.7573 -0.3507 1.8510 294.6970 0.0912 0.1610 0.0817 -0.0129 -0.0331 0.0067 0.1669 0.1807 0.1600
1494720000.0000 72750.0000 1.9603 -0.8858 -0.4970 2.1705 294.3174 0.0677 0.0996 0.0583 -0.0155 -0.0104 0.0020 0.1128 0.1242 0.1098
1494720000.0000 73050.0000 1.7508 -0.9692 -0.3503 2.0243 298.9688 0.1076 0.0859 0.0818 -0.0012 -0.0342 0.0185 0.1377 0.1491 0.1269
1494720000.0000 73350.0000 1.5775 -1.0022 -0.3212 1.9067 302.4288 0.1579 0.1558 0.1667 -0.0085 -0.0587 -0.0295 0.2402 0.2110 0.1730
1494720000.0000 73650.0000 1.8827 -1.0529 -0.4166 2.1785 299.2162 0.0964 0.0979 0.0718 -0.0102 -0.0244 0.0058 0.1331 0.1356 0.1180
1494720000.0000 73950.0000 2.2410 -0.9749 -0.5129 2.4515 293.5093 0.0340 0.0459 0.0332 -0.0104 -0.0131 0.0047 0.0565 0.0777 0.0668
1494720000.0000 74250.0000 2.4149 -1.1384 -0.5388 2.6736 295.2389 0.0221 0.0264 0.0181 -0.0064 -0.0059 0.0022 0.0333 0.0547 0.0476
1494720000.0000 74550.0000 2.3586 -1.0286 -0.5260 2.5781 293.5623 0.0268 0.0414 0.0178 -0.0184 -0.0066 0.0025 0.0430 0.0645 0.0586
1494720000.0000 74850.0000 2.1306 -0.6756 -0.4650 2.2417 287.5931 0.0304 0.0381 0.0142 -0.0153 -0.0079 0.0081 0.0413 0.0727 0.0676
1494720000.0000 75150.0000 1.9430 -0.5988 -0.4560 2.0393 287.1284 0.0172 0.0247 0.0158 0.0014 -0.0066 -0.0028 0.0289 0.0666 0.0582
1494720000.0000 75450.0000 1.4071 -0.8625 -0.0393 1.6595 301.5054 0.1051 0.0433 0.0430 -0.0331 -0.0564 0.0203 0.0957 0.1530 0.1348
1494720000.0000 75750.0000 0.4907 -1.0222 0.0877 1.1485 334.3591 0.0327 0.0963 0.0208 -0.0201 -0.0051 0.0258 0.0749 0.1965 0.1829
1494720000.0000 76050.0000 0.5490 -1.0342 0.0645 1.1788 332.0383 0.0128 0.0219 0.0092 0.0036 0.0004 -0.0017 0.0220 0.1032 0.0919
1494720000.0000 76350.0000 0.2956 -0.8258 0.1125 0.8852 340.3064 0.0183 0.0407 0.0104 -0.0132 0.0042 -0.0044 0.0347 0.1721 0.1599
1494720000.0000 76650.0000 0.0239 -0.5954 0.0444 0.6054 357.7004 0.0113 0.0195 0.0103 -0.0056 0.0011 0.0013 0.0206 0.1961 0.1702
1494720000.0000 76950.0000 0.0147 -0.6918 0.1071 0.6956 358.7789 0.0052 0.0244 0.0059 -0.0019 0.0015 -0.0029 0.0178 0.1554 0.1435
1494720000.0000 77250.0000 0.0956 -1.0451 0.1662 1.0578 354.7712 0.0150 0.0245 0.0091 0.0134 -0.0023 -0.0064 0.0243 0.1199 0.1094
1494720000.0000 77550.0000 0.2028 -0.8236 0.0911 0.8579 346.1688 0.0139 0.0098 0.0048 0.0076 -0.0035 -0.0017 0.0142 0.1142 0.1047
1494720000.0000 77850.0000 0.3167 -1.0584 0.0959 1.1090 343.3445 0.0105 0.0371 0.0064 -0.0051 -0.0022 -0.0067 0.0270 0.1210 0.1140
1494720000.0000 78150.0000 0.2910 -0.8775 0.0498 0.9321 341.6506 0.0061 0.0269 0.0037 0.0093 -0.0005 -0.0028 0.0183 0.1195 0.1134
1494720000.0000 78450.0000 0.3191 -0.6252 0.0136 0.7034 332.9620 0.0023 0.0042 0.0017 -0.0007 0.0006 -0.0009 0.0041 0.0744 0.0665
1494720000.0000 78750.0000 0.2661 -0.3533 -0.0167 0.4500 323.0157 0.0063 0.0080 0.0073 -0.0005 -0.0005 -0.0037 0.0108 0.1915 0.1560
1494720000.0000 79050.0000 0.2517 -0.5477 0.0722 0.6317 335.3175 0.0426 0.0135 0.0065 0.0073 -0.0063 -0.0020 0.0313 0.2380 0.2269
1494720000.0000 79350.0000 0.0301 -0.5234 0.0785 0.5263 356.7057 0.0023 0.0107 0.0020 -0.0007 0.0004 -0.0023 0.0075 0.1333 0.1254
1494720000.0000 79650.0000 0.0168 -0.3969 0.0637 0.4047 357.5813 0.0057 0.0071 0.0031 -0.0037 -0.0014 0.0017 0.0080 0.1812 0.1645
1494720000.0000 79950.0000 0.0962 -0.3815 0.0340 0.3975 345.8474 0.0031 0.0050 0.0041 -0.0004 -0.0013 -0.0010 0.0061 0.1619 0.1324
1494720000.0000 80250.0000 0.3063 -0.0021 -0.0950 0.3333 270.3925 0.0025 0.0160 0.0028 0.0015 -0.0010 -0.0027 0.0106 0.2627 0.2564
1494720000.0000 80550.0000 0.4147 0.0641 -0.1045 0.4232 261.2090 0.0059 0.0040 0.0047 0.0028 -0.0005 0.0018 0.0073 0.1612 0.1369
1494720000.0000 80850.0000 -0.1022 -0.0644 0.0630 0.3219 57.7979 0.1047 0.0109 0.0133 0.0092 -0.0211 -0.0010 0.0644 1.5207 1.6242
1494720000.0000 81150.0000 -0.2816 0.1368 -0.0190 0.3415 115.9071 0.0097 0.0184 0.0043 0.0001 -0.0037 -0.0034 0.0162 0.3313 0.3092
1494720000.0000 81450.0000 -0.2051 0.0224 -0.0364 0.2093 96.2418 0.0013 0.0014 0.0013 -0.0005 0.0003 0.0005 0.0020 0.1737 0.1450
1494720000.0000 81750.0000 -0.3427 0.1309 0.0730 0.3716 110.9083 0.0226 0.0069 0.0025 -0.0078 -0.0034 0.0013 0.0160 0.2763 0.2704
1494720000.0000 82050.0000 -0.4688 0.3463 0.0569 0.6004 126.4576 0.0326 0.0052 0.0089 0.0044 -0.0139 -0.0036 0.0234 0.2133 0.1927
1494720000.0000 82350.0000 -0.2480 0.2021 0.0263 0.3355 129.1777 0.0281 0.0089 0.0028 -0.0080 -0.0049 0.0014 0.0199 0.3588 0.3471
1494720000.0000 82650.0000 -0.5073 0.2912 0.1189 0.5954 119.8592 0.0554 0.0063 0.0035 -0.0105 -0.0033 -0.0004 0.0326 0.2470 0.2451
1494720000.0000 82950.0000 -0.0343 -0.0747 0.0095 0.1774 24.6248 0.0174 0.0134 0.0044 -0.0009 -0.0021 0.0028 0.0176 1.3089 1.2335
1494720000.0000 83250.0000 -0.2561 -0.2161 0.0861 0.3897 49.8378 0.0211 0.0228 0.0047 -0.0141 -0.0066 0.0050 0.0243 0.3676 0.3607
1494720000.0000 83550.0000 0.0691 -0.2404 -0.0389 0.2619 343.9724 0.0057 0.0074 0.0028 0.0013 0.0007 -0.0024 0.0079 0.2875 0.2640
1494720000.0000 83850.0000 0.2581 -0.2127 -0.0519 0.3417 309.4923 0.0025 0.0072 0.0047 -0.0000 0.0010 -0.0038 0.0072 0.2054 0.1704
1494720000.0000 84150.0000 0.0841 -0.6145 0.0762 0.6276 352.2030 0.0082 0.0239 0.0019 0.0019 -0.0004 -0.0004 0.0170 0.1705 0.1669
1494720000.0000 84450.0000 -0.0823 -0.8084 0.1986 0.8246 5.8121 0.0156 0.0232 0.0065 -0.0066 0.0037 -0.0056 0.0227 0.1469 0.1400
1494720000.0000 84750.0000 0.0732 -0.5575 0.0774 0.5864 352.5230 0.0256 0.0444 0.0062 -0.0165 0.0010 -0.0046 0.0381 0.2810 0.2718
1494720000.0000 85050.0000 0.2405 -0.6288 0.0415 0.6915 339.0659 0.0160 0.0612 0.0187 -0.0020 -0.0033 -0.0121 0.0480 0.2651 0.2383
1494720000.0000 85350.0000 0.4474 -0.7100 -0.0018 0.8561 327.7846 0.0045 0.0455 0.0069 0.0064 -0.0024 -0.0082 0.0284 0.1641 0.1538
1494720000.0000 85650.0000 -0.0495 -0.6726 0.1106 0.7195 4.2094 0.0581 0.0365 0.0158 -0.0351 -0.0011 0.0031 0.0552 0.2807 0.2633
1494720000.0000 85950.0000 0.1057 -0.3674 -0.0712 0.4137 343.9538 0.0275 0.0209 0.0160 -0.0142 -0.0062 0.0103 0.0322 0.3766 0.3321
1494720000.0000 86250.0000 -0.1497 -0.2833 0.0573 0.3368 27.8471 0.0071 0.0109 0.0066 -0.0022 0.0000 0.0036 0.0123 0.2785 0.2420
1494806400.0000 86550.0000 0.1171 -0.2997 -0.0405 0.3896 338.6607 0.0374 0.0390 0.0247 0.0081 -0.0215 -0.0025 0.0505 0.5660 0.4959
1494806400.0000 86850.0000 0.2272 -0.6789 0.0061 0.7258 341.4986 0.0131 0.0144 0.0074 0.0010 0.0021 0.0011 0.0175 0.1507 0.1339
1494806400.0000 87150.0000 0.1398 -0.4591 0.0378 0.4972 343.0659 0.0189 0.0025 0.0082 -0.0010 -0.0075 -0.0001 0.0148 0.2066 0.1761
1494806400.0000 87450.0000 -0.0106 -0.4514 0.0234 0.4543 1.3430 0.0027 0.0044 0.0032 0.0008 0.0004 -0.0005 0.0052 0.1296 0.1080
1494806400.0000 87750.0000 -0.0056 -0.4051 0.0791 0.4082 0.7963 0.0020 0.0328 0.0056 -0.0024 0.0002 -0.0063 0.0202 0.2811 0.2659
1494806400.0000 88050.0000 -0.0883 -0.0988 0.0352 0.1535 41.7988 0.0126 0.0112 0.0026 0.0073 -0.0038 -0.0030 0.0132 0.6832 0.6711
1494806400.0000 88350.0000 -0.0936 -0.1931 0.0727 0.2224 25.8729 0.0027 0.0137 0.0020 0.0026 -0.0010 -0.0037 0.0092 0.3461 0.3445
1494806400.0000 88650.0000 -0.0335 -0.2067 -0.0154 0.2206 9.2043 0.0043 0.0198 0.0011 0.0003 -0.0009 0.0012 0.0126 0.4362 0.4279
1494806400.0000 88950.0000 0.2202 -0.3116 -0.0804 0.3889 324.7566 0.0050 0.0104 0.0011 -0.0017 0.0005 -0.0003 0.0083 0.1904 0.1880
1494806400.0000 89250.0000 0.0963 -0.3486 0.0418 0.3700 344.5505 0.0095 0.0129 0.0020 -0.0080 -0.0009 0.0008 0.0122 0.2478 0.2389
1494806400.0000 89550.0000 -0.1072 -0.1199 0.0497 0.1862 41.8211 0.0081 0.0066 0.0037 0.0004 -0.0017 0.0000 0.0092 0.4662 0.4362
1494806400.0000 89850.0000 0.2952 -0.3452 -0.0732 0.5242 319.4608 0.0260 0.1538 0.0040 -0.0536 0.0070 -0.0148 0.0919 0.5381 0.5391
1494806400.0000 90150.0000 0.0349 -0.4492 0.0654 0.5675 355.5635 0.0741 0.1655 0.0024 -0.1053 0.0009 -0.0025 0.1210 0.6238 0.6272
1494806400.0000 90450.0000 -0.1089 0.0237 -0.0639 0.2252 102.2846 0.0136 0.0344 0.0065 -0.0033 -0.0050 -0.0047 0.0273 1.0497 1.1357
1494806400.0000 90750.0000 0.1273 -0.6699 -0.0007 0.6875 349.2375 0.0060 0.0157 0.0044 0.0020 -0.0018 -0.0001 0.0130 0.1368 0.1248
1494806400.0000 91050.0000 0.4370 -0.7698 0.0105 0.8939 330.4152 0.0222 0.0118 0.0042 -0.0046 0.0016 -0.0011 0.0192 0.1277 0.1204
1494806400.0000 91350.0000 0.4122 -0.9589 0.0374 1.0724 336.7388 0.0576 0.0284 0.0299 0.0167 0.0115 0.0032 0.0580 0.1883 0.1623
1494806400.0000 91650.0000 0.2516 -1.1858 0.1556 1.2219 348.0233 0.0212 0.0195 0.0146 0.0039 -0.0063 -0.0040 0.0277 0.1111 0.0961
1494806400.0000 91950.0000 -0.2923 -0.2616 0.1182 0.5387 48.1695 0.0324 0.1719 0.0075 -0.0566 0.0052 -0.0128 0.1059 0.6484 0.6652
1494806400.0000 92250.0000 -0.2334 0.2788 -0.0802 0.4140 140.0618 0.0246 0.0218 0.0105 0.0170 -0.0053 -0.0037 0.0285 0.3699 0.3419
1494806400.0000 92550.0000 -0.1221 -0.1673 -0.0050 0.2234 36.1357 0.0046 0.0067 0.0055 -0.0014 -0.0003 0.0019 0.0084 0.3613 0.2967
1494806400.0000 92850.0000 -0.4031 0.0860 0.0496 0.4256 102.0469 0.0078 0.0135 0.0053 -0.0061 0.0000 0.0006 0.0133 0.2267 0.2046
1494806400.0000 93150.0000 -0.2249 0.1288 -0.0211 0.2965 119.7938 0.0214 0.0114 0.0037 0.0004 -0.0025 -0.0043 0.0182 0.4240 0.4035
1494806400.0000 93450.0000 -0.3678 -0.0304 0.0455 0.3885 85.2678 0.0133 0.0114 0.0057 -0.0072 0.0003 -0.0004 0.0152 0.2706 0.2458
1494806400.0000 93750.0000 -0.3566 0.0382 0.0746 0.3861 96.1095 0.0170 0.0143 0.0023 -0.0102 -0.0003 -0.0013 0.0168 0.2891 0.2848
1494806400.0000 94050.0000 -0.4591 0.0189 0.0569 0.4695 92.3627 0.0045 0.0093 0.0044 -0.0015 -0.0008 -0.0021 0.0091 0.1681 0.1476
1494806400.0000 94350.0000 -0.6480 0.2002 0.0629 0.6858 107.1651 0.0431 0.0265 0.0076 -0.0315 -0.0131 0.0098 0.0386 0.2356 0.2247
1494806400.0000 94650.0000 -0.8224 0.1744 0.1539 0.8523 101.9755 0.0241 0.0283 0.0119 -0.0204 -0.0020 -0.0002 0.0322 0.1713 0.1573
1494806400.0000 94950.0000 -0.6151 -0.0191 0.1113 0.6263 88.2185 0.0101 0.0129 0.0072 -0.0045 -0.0001 -0.0012 0.0151 0.1604 0.1421
1494806400.0000 95250.0000 -0.5652 -0.0962 0.1349 0.5857 80.3451 0.0087 0.0157 0.0067 0.0029 -0.0023 -0.0026 0.0155 0.1728 0.1573
1494806400.0000 95550.0000 -0.5696 -0.2147 0.1428 0.6516 69.3439 0.0212 0.0991 0.0124 0.0239 -0.0009 0.0094 0.0663 0.3363 0.3289
1494806400.0000 95850.0000 -0.1089 -0.6538 0.0605 0.6966 9.4602 0.0499 0.0215 0.0136 0.0030 0.0067 0.0022 0.0425 0.2530 0.2329
1494806400.0000 96150.0000 -0.4419 -0.4991 0.1621 0.6988 41.5237 0.0295 0.0330 0.0230 -0.0087 0.0041 0.0087 0.0427 0.2460 0.2165
1494806400.0000 96450.0000 -0.5048 -0.6286 0.1692 0.8218 38.7683 0.0325 0.0298 0.0134 0.0081 0.0012 0.0037 0.0378 0.1928 0.1787
1494806400.0000 96750.0000 -0.2671 -0.4904 0.1040 0.5775 28.5768 0.0252 0.0107 0.0075 0.0053 -0.0000 0.0022 0.0217 0.2115 0.1957
1494806400.0000 97050.0000 -0.1695 -0.4009 0.0032 0.4761 22.9181 0.0323 0.0088 0.0038 -0.0099 -0.0038 0.0007 0.0225 0.2811 0.2689
1494806400.0000 97350.0000 -0.4565 -0.2559 0.1194 0.5544 60.7260 0.0247 0.0331 0.0086 0.0023 -0.0054 -0.0057 0.0332 0.2772 0.2653
1494806400.0000 97650.0000 -0.0783 -0.3368 0.0941 0.3846 13.0938 0.0202 0.0138 0.0049 -0.0133 -0.0004 0.0003 0.0195 0.3181 0.3081
1494806400.0000 97950.0000 -0.4452 -0.1294 0.0685 0.4800 73.7975 0.0169 0.0185 0.0061 0.0042 -0.0017 0.0023 0.0207 0.2509 0.2341
1494806400.0000 98250.0000 -0.1782 -0.5991 0.0633 0.6797 16.5663 0.0413 0.0599 0.0071 -0.0293 0.0001 0.0029 0.0541 0.3024 0.2938
1494806400.0000 98550.0000 0.0013 -1.4328 0.2443 1.4664 359.9495 0.1079 0.1117 0.0273 0.0583 -0.0080 -0.0265 0.1234 0.1974 0.1888
1494806400.0000 98850.0000 -0.2616 -1.4332 0.3484 1.4885 10.3453 0.0868 0.0482 0.0157 -0.0107 -0.0011 0.0092 0.0754 0.1497 0.1456
1494806400.0000 99150.0000 -0.5484 -1.1528 0.2896 1.2958 25.4409 0.0399 0.0505 0.0202 -0.0063 -0.0104 0.0093 0.0553 0.1466 0.1359
1494806400.0000 99450.0000 -0.0591 -1.4612 0.2136 1.4718 2.3172 0.0267 0.0672 0.0156 -0.0147 -0.0010 0.0057 0.0548 0.1293 0.1210
1494806400.0000 99750.0000 0.0269 -1.4760 0.3991 1.4882 358.9566 0.0368 0.0647 0.0209 -0.0214 0.0102 -0.0084 0.0612 0.1321 0.1246
1494806400.0000 100050.0000 -0.3704 -1.0017 0.2417 1.0913 20.2919 0.0352 0.0410 0.0093 -0.0190 -0.0025 0.0029 0.0428 0.1542 0.1493
1494806400.0000 100350.0000 -0.4644 -1.1628 0.2820 1.2566 21.7709 0.0133 0.0062 0.0037 0.0017 -0.0034 -0.0003 0.0116 0.0686 0.0645
1494806400.0000 100650.0000 -0.2697 -1.4731 0.3895 1.5106 10.3730 0.0287 0.0359 0.0065 -0.0174 0.0042 -0.0094 0.0356 0.0995 0.0980
1494806400.0000 100950.0000 -0.4643 -1.5436 0.4368 1.6173 16.7399 0.0162 0.0221 0.0121 -0.0015 -0.0023 -0.0086 0.0252 0.0776 0.0701
1494806400.0000 101250.0000 -0.3422 -1.5534 0.3704 1.5975 12.4241 0.0232 0.0236 0.0075 0.0036 0.0000 0.0009 0.0271 0.0823 0.0785
1494806400.0000 101550.0000 -0.4988 -1.7963 0.4465 1.8760 15.5188 0.0375 0.0405 0.0287 -0.0110 0.0036 -0.0002 0.0533 0.0983 0.0865
1494806400.0000 101850.0000 -0.2954 -1.4506 0.3829 1.4926 11.5092 0.0397 0.0408 0.0201 0.0105 0.0019 -0.0027 0.0503 0.1198 0.1107
1494806400.0000 102150.0000 -0.0804 -1.6383 0.3166 1.6572 2.8098 0.0576 0.0775 0.0253 -0.0150 0.0112 -0.0067 0.0802 0.1384 0.1294
1494806400.0000 102450.0000 -0.2921 -1.7351 0.4214 1.7734 9.5549 0.0512 0.0462 0.0249 0.0100 -0.0038 -0.0021 0.0611 0.1116 0.1024
1494806400.0000 102750.0000 0.0499 -1.4878 0.2966 1.5108 358.0782 0.0645 0.0320 0.0213 -0.0059 -0.0050 0.0007 0.0589 0.1305 0.1204
1494806400.0000 103050.0000 -0.1887 -1.4526 0.3589 1.4734 7.4006 0.0279 0.0450 0.0131 0.0087 0.0027 -0.0040 0.0430 0.1122 0.1064
1494806400.0000 103350.0000 -0.2170 -1.3746 0.3223 1.4082 8.9730 0.0437 0.0260 0.0162 -0.0050 0.0038 0.0009 0.0429 0.1184 0.1095
1494806400.0000 103650.0000 -0.2442 -1.2703 0.3108 1.3175 10.8836 0.0568 0.0374 0.0199 -0.0127 0.0123 -0.0013 0.0570 0.1466 0.1369
1494806400.0000 103950.0000 -0.4064 -1.3067 0.2118 1.3843 17.2754 0.0456 0.0265 0.0178 -0.0006 0.0063 -0.0009 0.0450 0.1251 0.1133
1494806400.0000 104250.0000 -0.3944 -1.1134 0.2657 1.1951 19.5061 0.0387 0.0908 0.0289 0.0239 0.0030 0.0200 0.0792 0.1898 0.1759
1494806400.0000 104550.0000 -0.2441 -1.5126 0.3081 1.5454 9.1672 0.0395 0.0148 0.0074 -0.0082 0.0036 -0.0024 0.0308 0.0917 0.0877
1494806400.0000 104850.0000 -0.0026 -1.4984 0.2773 1.5018 0.0981 0.0101 0.0475 0.0089 -0.0033 0.0021 -0.0091 0.0332 0.0976 0.0924
1494806400.0000 105150.0000 -0.1109 -1.3600 0.1994 1.3726 4.6617 0.0215 0.0332 0.0116 -0.0032 0.0011 -0.0045 0.0332 0.1078 0.0989
1494806400.0000 105450.0000 -0.5118 -1.6424 0.4440 1.7311 17.3076 0.0440 0.0198 0.0144 0.0117 -0.0136 -0.0030 0.0391 0.0909 0.0848
1494806400.0000 105750.0000 -0.2350 -1.7905 0.4505 1.8273 7.4778 0.0735 0.0700 0.0244 -0.0189 -0.0151 0.0097 0.0839 0.1271 0.1211
1494806400.0000 106050.0000 0.0156 -1.9494 0.3840 1.9748 359.5408 0.1043 0.0776 0.0408 0.0181 0.0186 0.0069 0.1113 0.1371 0.1263
1494806400.0000 106350.0000 -0.4600 -1.7170 0.4004 1.8062 14.9978 0.0972 0.0914 0.0428 -0.0015 0.0093 0.0119 0.1157 0.1524 0.1411
1494806400.0000 106650.0000 -0.2628 -1.5405 0.3118 1.5950 9.6806 0.1010 0.0687 0.0475 -0.0092 0.0137 0.0157 0.1086 0.1688 0.1522
1494806400.0000 106950.0000 -0.0834 -1.3599 0.2899 1.3774 3.5104 0.0416 0.0315 0.0160 -0.0103 0.0062 -0.0011 0.0446 0.1237 0.1146
1494806400.0000 107250.0000 -0.0604 -1.5505 0.3729 1.5716 2.2305 0.0605 0.0358 0.0302 -0.0143 0.0177 -0.0082 0.0633 0.1287 0.1155
1494806400.0000 107550.0000 -0.4227 -1.1487 0.2102 1.2715 20.2022 0.1016 0.0887 0.0460 -0.0418 0.0256 -0.0208 0.1181 0.2260 0.2057
1494806400.0000 107850.0000 -0.4185 -0.9226 0.1943 1.0478 24.3974 0.0757 0.0692 0.0434 0.0067 0.0097 -0.0112 0.0942 0.2429 0.2170
1494806400.0000 108150.0000 -0.6564 -0.8722 0.2920 1.1312 36.9669 0.0960 0.0325 0.0407 -0.0119 0.0370 0.0026 0.0846 0.2102 0.1896
1494806400.0000 108450.0000 -0.5439 -0.6583 0.3904 0.9260 39.5616 0.2054 0.0959 0.0532 0.0655 0.0677 0.0240 0.1773 0.3661 0.3711
1494806400.0000 108750.0000 -0.7573 -0.7755 0.3517 1.0977 44.3209 0.0313 0.0209 0.0155 -0.0026 0.0115 -0.0028 0.0339 0.1318 0.1217
1494806400.0000 109050.0000 -1.0606 -0.8126 0.4025 1.3463 52.5399 0.0164 0.0246 0.0120 -0.0061 -0.0026 0.0050 0.0265 0.0952 0.0874
1494806400.0000 109350.0000 -0.7643 -1.1624 0.3943 1.4045 33.3249 0.0250 0.0258 0.0082 -0.0145 0.0077 -0.0055 0.0296 0.0971 0.0936
1494806400.0000 109650.0000 -0.8745 -1.4439 0.4769 1.6932 31.2000 0.0175 0.0174 0.0073 -0.0005 0.0012 0.0014 0.0210 0.0675 0.0638
1494806400.0000 109950.0000 -0.5558 -1.5438 0.3980 1.6645 19.8013 0.0523 0.0595 0.0142 -0.0399 0.0026 -0.0021 0.0630 0.1214 0.1177
1494806400.0000 110250.0000 -0.4374 -1.9064 0.5269 1.9666 12.9220 0.0387 0.0708 0.0359 0.0026 0.0004 -0.0091 0.0727 0.1087 0.0977
1494806400.0000 110550.0000 -0.5374 -1.9357 0.4519 2.0371 15.5171 0.0769 0.1492 0.0581 -0.0467 -0.0047 0.0135 0.1421 0.1495 0.1366
1494806400.0000 110850.0000 -0.4245 -1.2714 0.4660 1.3983 18.4612 0.1355 0.0749 0.0852 -0.0459 -0.0149 0.0074 0.1478 0.2212 0.1976
1494806400.0000 111150.0000 -0.5082 -1.1098 0.3700 1.3079 24.6037 0.2156 0.1108 0.0611 -0.0246 -0.0079 0.0357 0.1938 0.2818 0.2702
1494806400.0000 111450.0000 -1.2386 -0.9449 0.6095 1.6389 52.6614 0.2269 0.1354 0.0940 -0.0783 -0.0105 0.0442 0.2282 0.2332 0.2231
1494806400.0000 111750.0000 -0.6852 -1.2919 0.3611 1.5238 27.9391 0.1614 0.1304 0.0788 -0.0344 -0.0247 0.0386 0.1853 0.2333 0.2133
1494806400.0000 112050.0000 -1.0011 -1.2643 0.5020 1.6769 38.3710 0.1814 0.1214 0.1229 -0.0545 -0.0474 0.0561 0.2129 0.2231 0.1970
1494806400.0000 112350.0000 -1.1680 -1.2775 0.4806 1.7867 42.4371 0.1746 0.1260 0.1961 -0.0365 0.0108 0.0504 0.2483 0.2265 0.1828
1494806400.0000 112650.0000 -1.5189 -1.3342 0.4621 2.0504 48.7044 0.1501 0.0835 0.1438 0.0023 0.0240 0.0089 0.1887 0.1710 0.1380
1494806400.0000 112950.0000 -1.3850 -1.1970 0.5890 1.8681 49.1644 0.0566 0.1290 0.0958 -0.0310 -0.0283 0.0651 0.1407 0.1593 0.1359
1494806400.0000 113250.0000 -1.4045 -0.8176 0.5465 1.6551 59.7953 0.1106 0.1055 0.1157 0.0134 0.0133 0.0255 0.1659 0.1940 0.1651
1494806400.0000 113550.0000 -1.6829 -1.0046 0.6549 2.0230 59.1651 0.2537 0.1841 0.1969 -0.0522 0.0287 0.0385 0.3173 0.2226 0.1949
1494806400.0000 113850.0000 -1.7531 -0.5238 0.5741 1.8658 73.3652 0.0961 0.1525 0.1695 0.0320 0.0253 0.0039 0.2091 0.1947 0.1573
1494806400.0000 114150.0000 -1.5369 -0.6144 0.5649 1.6861 68.2112 0.1454 0.1123 0.1091 0.0376 0.0533 0.0153 0.1834 0.1999 0.1771
1494806400.0000 114450.0000 -1.6855 -0.5661 0.3668 1.8074 71.4338 0.0831 0.1195 0.0949 0.0243 0.0107 0.0022 0.1487 0.1734 0.1461
1494806400.0000 114750.0000 -1.1924 -0.6142 0.3300 1.3921 62.7458 0.1507 0.1124 0.1095 -0.0098 0.0750 -0.0032 0.1863 0.2552 0.2208
1494806400.0000 115050.0000 -0.6723 -1.0515 0.1860 1.2725 32.5957 0.0405 0.1114 0.0740 0.0044 0.0041 0.0389 0.1129 0.2175 0.1803
1494806400.0000 115350.0000 -1.1102 -0.7535 0.3398 1.3952 55.8360 0.0608 0.1732 0.0735 -0.0071 -0.0020 0.0542 0.1537 0.2313 0.2081
1494806400.0000 115650.0000 -1.1670 -0.2070 0.6061 1.2490 79.9415 0.0934 0.1649 0.0904 -0.0066 0.0002 0.0111 0.1744 0.2561 0.2476
1494806400.0000 115950.0000 -1.0221 -1.0258 0.1935 1.4859 44.8984 0.0732 0.1091 0.1326 -0.0184 -0.0295 0.0473 0.1574 0.2218 0.1702
1494806400.0000 116250.0000 -1.1830 -0.9722 0.4305 1.5910 50.5858 0.1128 0.2292 0.0588 0.0020 0.0064 0.0526 0.2003 0.2298 0.2205
1494806400.0000 116550.0000 -1.5646 -0.9122 0.5490 1.8547 59.7570 0.1432 0.1505 0.1116 -0.0077 -0.0094 0.0481 0.2027 0.1942 0.1728
1494806400.0000 116850.0000 -1.6356 -1.1115 0.6466 2.0570 55.8017 0.2372 0.3429 0.1322 0.0041 -0.0101 0.0417 0.3561 0.2342 0.2224
1494806400.0000 117150.0000 -1.7276 -1.3333 0.6245 2.2335 52.3410 0.1160 0.3378 0.1160 0.0478 -0.0221 0.0278 0.2849 0.1920 0.1782
1494806400.0000 117450.0000 -1.7251 -1.2447 0.7055 2.1863 54.1894 0.2092 0.3104 0.1820 0.0461 0.0715 0.1150 0.3508 0.2158 0.1956
1494806400.0000 117750.0000 -1.8196 -1.2140 0.8370 2.2654 56.2896 0.1517 0.3791 0.1502 -0.0443 0.0325 0.0714 0.3405 0.2034 0.1923
1494806400.0000 118050.0000 -2.0798 -1.2677 0.7327 2.4860 58.6365 0.1711 0.2194 0.1810 -0.0254 0.0120 0.0640 0.2858 0.1716 0.1481
1494806400.0000 118350.0000 -1.5014 -1.7660 1.0286 2.3602 40.3707 0.1582 0.2671 0.2007 0.0196 0.0593 0.0287 0.3130 0.1801 0.1624
1494806400.0000 118650.0000 -2.0733 -1.0705 0.9005 2.4303 62.6912 0.2741 0.4323 0.1454 -0.0328 0.0392 0.0078 0.4259 0.2130 0.2080
1494806400.0000 118950.0000 -2.0902 -0.5667 0.8808 2.2606 74.8303 0.3077 0.4818 0.2423 0.0707 0.0479 0.0351 0.5159 0.2509 0.2369
1494806400.0000 119250.0000 -2.1276 -0.7511 0.6592 2.3079 70.5564 0.2589 0.2695 0.1781 0.0755 0.0317 0.0218 0.3532 0.2064 0.1860
1494806400.0000 119550.0000 -1.9253 -1.4635 0.8368 2.5438 52.7604 0.3474 0.4920 0.1840 -0.1359 0.0675 0.0274 0.5117 0.2282 0.2187
1494806400.0000 119850.0000 -2.0526 -1.9062 0.9154 2.8582 47.1176 0.1954 0.3161 0.1704 -0.0522 0.0223 -0.0100 0.3409 0.1618 0.1474
1494806400.0000 120150.0000 -2.2651 -1.3230 1.0214 2.6657 59.7118 0.2477 0.2269 0.1638 0.0344 0.0662 0.0377 0.3192 0.1639 0.1516
1494806400.0000 120450.0000 -2.2485 -1.3818 0.8086 2.7019 58.4264 0.2281 0.3365 0.2006 -0.0081 -0.0091 0.0350 0.3826 0.1830 0.1644
1494806400.0000 120750.0000 -2.0124 -1.5495 0.9709 2.7093 52.4056 0.3282 1.0105 0.2732 -0.1022 0.0351 -0.1811 0.8059 0.2696 0.2630
1494806400.0000 121050.0000 -1.6935 -1.7441 0.9462 2.5516 44.1570 0.2994 0.4531 0.1864 -0.2241 -0.0214 0.0244 0.4695 0.2145 0.2060
1494806400.0000 121350.0000 -1.3007 -2.3836 0.9299 2.7850 28.6218 0.2838 0.3413 0.2921 -0.1055 0.0058 0.0434 0.4586 0.1926 0.1681
1494806400.0000 121650.0000 -1.7059 -2.0773 0.7404 2.7328 39.3929 0.1740 0.2346 0.1880 -0.0537 -0.0113 0.0502 0.2983 0.1599 0.1373
1494806400.0000 121950.0000 -1.2841 -1.7719 0.8813 2.3124 35.9300 0.4743 0.3153 0.2265 -0.1341 0.0621 0.0745 0.5081 0.2467 0.2344
1494806400.0000 122250.0000 -0.9345 -1.9195 0.9067 2.2605 25.9592 0.5172 0.4052 0.2152 -0.0053 0.0767 0.0690 0.5688 0.2655 0.2597
1494806400.0000 122550.0000 -1.7838 -1.9857 0.9524 2.7173 41.9336 0.3368 0.1435 0.2330 0.0038 0.0532 0.0296 0.3567 0.1721 0.1499
1494806400.0000 122850.0000 -1.0059 -1.7875 0.9746 2.2397 29.3689 0.5281 0.6738 0.1991 -0.3027 0.0486 0.0084 0.7005 0.3009 0.3086
1494806400.0000 123150.0000 -2.2111 -1.7909 0.9580 2.9839 50.9950 0.4514 0.6292 0.3375 -0.1986 0.0485 -0.1224 0.7090 0.2290 0.2109
1494806400.0000 123450.0000 -1.7254 -0.2672 0.4759 1.9690 81.1968 0.2565 0.7677 0.3010 -0.1760 0.0528 -0.1489 0.6626 0.3673 0.3346
1494806400.0000 123750.0000 -2.5519 -0.6630 0.8220 2.7521 75.4359 0.4404 0.7428 0.2748 0.1554 -0.0361 -0.1055 0.7290 0.2524 0.2382
1494806400.0000 124050.0000 -2.1735 -1.6873 0.8170 2.8882 52.1776 0.6760 0.4312 0.2703 -0.1654 -0.0511 0.0298 0.6887 0.2361 0.2208
1494806400.0000 124350.0000 -1.9884 -0.4078 0.4741 2.1573 78.4108 0.4009 0.5713 0.4259 0.1643 -0.0313 -0.0436 0.6990 0.3275 0.2805
1494806400.0000 124650.0000 -1.9234 -1.3936 1.1793 2.5310 54.0755 0.8618 0.7021 0.3492 0.0786 -0.1219 0.0513 0.9566 0.3011 0.3040
1494806400.0000 124950.0000 -2.1582 -1.9971 1.0536 2.9978 47.2201 0.5782 0.3390 0.2841 0.1412 0.0379 0.0719 0.6007 0.2026 0.1880
1494806400.0000 125250.0000 -1.8271 -0.1685 0.7142 2.1173 84.7310 0.5584 1.3989 0.4151 0.0070 0.1453 -0.4311 1.1862 0.4516 0.4402
1494806400.0000 125550.0000 -2.5906 -1.1350 0.6973 3.0220 66.3407 0.3400 1.3522 0.4773 0.1574 -0.1096 -0.5033 1.0847 0.2919 0.2655
1494806400.0000 125850.0000 -1.9572 -0.2683 0.4177 2.1459 82.1941 0.5171 0.6535 0.5793 -0.0351 -0.2504 -0.1343 0.8749 0.3782 0.3162
1494806400.0000 126150.0000 -1.5407 -0.6476 0.1457 1.7487 67.2006 0.2767 0.2405 0.3107 0.0311 -0.0256 0.0785 0.4140 0.3131 0.2485
1494806400.0000 126450.0000 -2.1877 -0.8557 0.6546 2.4294 68.6368 1.2763 0.6823 0.6210 0.5869 -0.4178 -0.1856 1.2898 0.3803 0.3440
1494806400.0000 126750.0000 -3.2141 0.9680 0.5930 3.4988 106.7610 0.5823 1.0782 0.3000 -0.5029 0.0647 -0.1831 0.9803 0.2372 0.2216
1494806400.0000 127050.0000 -2.8837 1.3619 0.2590 3.2680 115.2798 0.3210 0.5772 0.2729 -0.0171 0.0250 -0.0414 0.5855 0.1953 0.1716
1494806400.0000 127350.0000 -2.2838 1.1125 0.2606 2.6643 115.9714 0.9428 0.4411 0.3733 0.0559 -0.1341 -0.0470 0.8786 0.2997 0.2674
1494806400.0000 127650.0000 -1.1073 -0.3943 0.2239 1.3529 70.3983 0.5677 0.4332 0.4346 -0.0915 -0.0918 0.0697 0.7177 0.5781 0.4914
1494806400.0000 127950.0000 -3.1514 -0.3025 0.9793 3.3079 84.5175 0.8873 0.9539 0.7469 0.1666 -0.1147 -0.1153 1.2941 0.2803 0.2475
1494806400.0000 128250.0000 -1.3514 -0.6492 0.8326 1.7725 64.3399 0.8617 0.7282 0.2103 -0.1568 0.0228 -0.1091 0.9001 0.4517 0.4856
1494806400.0000 128550.0000 -2.1533 -0.2430 0.7207 2.3068 83.5612 0.8946 0.6222 0.5337 0.0931 -0.1830 -0.2296 1.0252 0.3620 0.3281
1494806400.0000 128850.0000 -2.6451 0.6483 0.7971 2.9493 103.7724 1.2270 1.5287 0.3593 -0.7735 0.1070 -0.3244 1.5575 0.3591 0.3519
1494806400.0000 129150.0000 -1.5048 -0.2990 0.5367 1.7600 78.7617 0.3901 0.7935 0.3586 -0.0513 0.0361 -0.3659 0.7711 0.4411 0.4094
1494806400.0000 129450.0000 -2.0403 0.1463 0.6454 2.2227 94.1027 0.9747 0.8536 0.2421 -0.4025 0.0126 -0.1652 1.0352 0.3873 0.3816
1494806400.0000 129750.0000 -2.2292 0.9563 0.2964 2.5267 113.2180 1.6500 0.5234 0.3396 -0.5486 -0.2147 0.0092 1.2565 0.3745 0.3509
1494806400.0000 130050.0000 -1.2143 1.2466 0.4835 2.0407 135.7528 0.8458 0.9758 0.6731 0.3639 -0.1580 -0.1403 1.2474 0.5049 0.4478
1494806400.0000 130350.0000 -2.1330 1.7994 0.1053 2.8429 130.1508 0.4406 0.4042 0.2701 -0.1204 -0.0076 -0.1172 0.5574 0.2183 0.1902
1494806400.0000 130650.0000 -1.6689 1.2092 0.1954 2.2206 125.9251 0.4358 0.7423 0.2866 -0.0221 0.0489 -0.2666 0.7324 0.3375 0.3041
1494806400.0000 130950.0000 -1.6825 0.7741 0.3967 1.9769 114.7056 0.3010 0.5024 0.2983 -0.0381 0.0068 -0.2238 0.5509 0.3200 0.2794
1494806400.0000 131250.0000 -0.8552 0.5168 0.3234 1.1505 121.1452 0.3348 0.2925 0.1310 -0.0170 0.0809 0.0105 0.3792 0.4787 0.4576
1494806400.0000 131550.0000 -1.5184 0.7150 0.1923 1.7825 115.2165 0.3888 0.4410 0.2395 -0.1618 0.0549 -0.1155 0.5346 0.3534 0.3134
1494806400.0000 131850.0000 -1.0271 0.8491 -0.1127 1.5347 129.5795 0.4483 0.8034 0.2761 -0.1295 0.0711 -0.0782 0.7639 0.5336 0.4847
1494806400.0000 132150.0000 -2.4429 1.2159 0.2847 2.8030 116.4602 0.4059 0.4919 0.1996 -0.1308 -0.0440 -0.1017 0.5487 0.2204 0.2005
1494806400.0000 132450.0000 -1.2977 0.8042 0.0839 1.5597 121.7850 0.2055 0.1582 0.1244 -0.0682 -0.0777 -0.0064 0.2440 0.2638 0.2281
1494806400.0000 132750.0000 0.2488 0.2319 -0.1705 0.6624 227.0194 0.2429 0.1512 0.1297 -0.1209 0.0003 0.0423 0.2619 1.0983 1.0656
1494806400.0000 133050.0000 0.3115 -0.5181 0.0475 0.9764 328.9878 0.5740 0.1168 0.1311 -0.0717 -0.1101 0.0225 0.4109 0.8631 0.7938
1494806400.0000 133350.0000 -0.8019 0.3975 0.3629 1.0901 116.3691 0.3339 0.3641 0.1267 -0.0412 -0.0247 0.0253 0.4123 0.5429 0.5389
1494806400.0000 133650.0000 -0.3255 -0.6332 0.0451 0.8306 27.2075 0.0788 0.1566 0.1658 -0.0371 0.0573 -0.0810 0.2006 0.5126 0.3935
1494806400.0000 133950.0000 -0.0105 -0.2247 0.1022 0.6662 2.6816 0.1649 0.4249 0.1797 0.0953 -0.0155 -0.1228 0.3848 2.0500 1.9712
1494806400.0000 134250.0000 0.2031 -1.6502 0.5981 2.0904 352.9833 1.2234 0.8175 0.2969 -0.4909 -0.0298 -0.1457 1.1689 0.4996 0.4961
1494806400.0000 134550.0000 -1.7569 0.5569 0.2608 2.0748 107.5885 0.4669 0.8812 0.3136 -0.1488 0.1196 -0.2676 0.8309 0.3998 0.3637
1494806400.0000 134850.0000 -0.7483 0.3643 0.0212 0.9242 115.9608 0.3397 0.1669 0.1741 -0.0590 -0.0288 0.0142 0.3404 0.5722 0.4938
1494806400.0000 135150.0000 0.2026 -0.5613 0.2243 0.8371 340.1497 0.2399 0.2451 0.3471 0.1647 -0.0043 -0.0208 0.4160 0.8261 0.6737
1494806400.0000 135450.0000 -0.3146 -0.7929 0.3860 1.0107 21.6398 0.2816 0.2553 0.1314 -0.0421 0.0029 0.0372 0.3341 0.5041 0.4959
1494806400.0000 135750.0000 0.4570 -0.8847 0.1319 1.0580 332.6814 0.1449 0.1022 0.1426 -0.0345 -0.0566 0.0514 0.1948 0.3588 0.2882
1494806400.0000 136050.0000 -0.6190 0.0988 0.1672 1.3377 99.0699 0.4137 1.3379 0.3063 -0.2618 0.0643 -0.4492 1.0289 1.2767 1.2190
1494806400.0000 136350.0000 -1.3325 -0.0646 0.3241 1.5045 87.2240 0.1568 0.5410 0.2366 0.0746 -0.0341 -0.1931 0.4672 0.4065 0.3615
1494806400.0000 136650.0000 -1.5018 -0.0135 0.4047 1.8347 89.4841 0.2376 1.0278 0.2483 -0.0353 -0.0225 -0.0834 0.7568 0.4567 0.4324
1494806400.0000 136950.0000 -0.7092 -1.3286 0.7245 1.8512 28.0922 0.7071 0.8311 0.3124 -0.4424 -0.1152 0.0466 0.9253 0.4699 0.4755
1494806400.0000 137250.0000 -0.4757 -1.5128 0.5089 1.7361 17.4556 0.4886 0.3218 0.2623 0.0178 0.0593 0.0266 0.5363 0.3590 0.3277
1494806400.0000 137550.0000 -0.1252 -2.5483 0.6779 2.6543 2.8125 0.5191 0.2026 0.2723 -0.0442 -0.1319 -0.0162 0.4970 0.2180 0.1922
1494806400.0000 137850.0000 0.0879 -1.0965 0.3922 1.3167 355.4173 0.3326 0.8933 0.2135 -0.2984 -0.0163 -0.0538 0.7197 0.5931 0.5811
1494806400.0000 138150.0000 0.5933 -1.1803 0.1858 1.4675 333.3117 0.4532 0.1416 0.2876 0.0486 -0.1361 -0.0353 0.4412 0.4065 0.3371
1494806400.0000 138450.0000 0.6116 -0.8520 -0.1986 1.1411 324.3266 0.2658 0.2879 0.1742 -0.1254 -0.0295 -0.0035 0.3640 0.4615 0.4097
1494806400.0000 138750.0000 0.1400 -0.2883 -0.0534 0.6221 334.0933 0.1620 0.1982 0.0398 0.1172 0.0287 0.0180 0.2000 1.1237 1.0810
1494806400.0000 139050.0000 0.5277 0.5196 -0.3259 0.7883 225.4463 0.0729 0.0657 0.0415 0.0043 0.0029 0.0007 0.0901 0.3028 0.2903
1494806400.0000 139350.0000 -0.1361 0.3929 -0.3378 0.5933 160.8939 0.0962 0.1501 0.1100 0.0416 0.0095 0.0731 0.1782 0.6433 0.6891
1494806400.0000 139650.0000 0.0412 0.3800 -0.3166 0.4525 186.1872 0.0555 0.0612 0.0757 -0.0050 -0.0025 -0.0214 0.0962 0.5103 0.5162
1494806400.0000 139950.0000 0.1251 0.7268 -0.3618 0.8453 189.7682 0.1806 0.1456 0.1030 0.0583 0.0434 0.0294 0.2146 0.4604 0.4471
1494806400.0000 140250.0000 -0.7167 -0.1053 -0.1977 0.8587 81.6451 0.0395 0.2040 0.1075 0.0267 -0.0002 -0.1110 0.1755 0.4556 0.3934
1494806400.0000 140550.0000 -0.6376 -0.2657 0.2120 0.7578 67.3796 0.0636 0.1086 0.0328 0.0230 0.0012 -0.0204 0.1025 0.3618 0.3469
1494806400.0000 140850.0000 -0.8309 -0.8398 0.3919 1.2609 44.6948 0.3077 0.3346 0.1077 0.1441 -0.0654 -0.0456 0.3750 0.4017 0.3917
1494806400.0000 141150.0000 -1.0533 -1.4927 0.6285 1.9331 35.2069 0.3760 0.2283 0.1220 -0.0247 -0.1111 0.0202 0.3631 0.2547 0.2457
1494806400.0000 141450.0000 -1.6825 -1.3553 0.8060 2.3201 51.1464 0.6087 0.5318 0.1403 -0.0035 -0.0878 -0.0906 0.6404 0.2834 0.2854
1494806400.0000 141750.0000 -0.5479 -0.3623 0.2562 0.7893 56.5287 0.1497 0.0987 0.0489 -0.0676 -0.0407 0.0216 0.1487 0.4465 0.4381
1494806400.0000 142050.0000 -0.7470 -1.0054 0.2968 1.2725 36.6127 0.0516 0.1073 0.0276 0.0215 0.0051 -0.0034 0.0933 0.1937 0.1838
1494806400.0000 142350.0000 -0.5378 -0.8234 0.2424 1.0903 33.1501 0.2366 0.0881 0.1123 -0.0306 -0.0812 0.0348 0.2185 0.3768 0.3346
1494806400.0000 142650.0000 0.3519 -0.2840 -0.1720 0.5797 308.9109 0.0598 0.2054 0.1231 -0.0644 -0.0625 0.0919 0.1941 0.7436 0.6575
1494806400.0000 142950.0000 0.0418 -0.7442 0.3454 0.8887 356.7888 0.1041 0.6584 0.1226 0.0516 -0.0491 -0.1029 0.4426 0.6612 0.6764
1494806400.0000 143250.0000 -0.4787 -1.8701 0.4749 2.0013 14.3578 0.2549 0.6875 0.5215 0.0938 -0.1495 -0.0909 0.7319 0.3514 0.2903
1494806400.0000 143550.0000 -0.8761 -0.7960 0.6826 1.7990 47.7408 2.1994 0.3135 0.6099 0.0969 -0.7923 -0.0688 1.5614 0.7467 0.7732
1494806400.0000 143850.0000 -1.1583 -1.8884 0.8755 2.3168 31.5240 0.4436 0.3404 0.1621 -0.0698 -0.0172 0.0418 0.4731 0.2358 0.2308
1494806400.0000 144150.0000 -1.6060 -1.6641 1.1097 2.4418 43.9822 0.6180 0.5005 0.1472 -0.0537 -0.0551 0.0266 0.6329 0.2532 0.2640
1494806400.0000 144450.0000 -1.7512 -1.9168 1.1085 2.6841 42.4142 0.5830 0.2525 0.1378 -0.0122 -0.0374 0.0356 0.4867 0.2018 0.2033
1494806400.0000 144750.0000 -0.4435 -1.3667 0.4129 1.5025 17.9763 0.1744 0.3995 0.2466 0.0613 -0.1341 -0.0917 0.4103 0.3498 0.3044
1494806400.0000 145050.0000 0.2384 -0.9613 0.0346 1.0152 346.0728 0.0422 0.1417 0.0587 0.0147 0.0018 0.0076 0.1213 0.2870 0.2500
1494806400.0000 145350.0000 0.3199 -1.0283 0.4993 1.4048 342.7187 0.7354 0.4400 0.2893 0.3110 -0.3288 -0.1903 0.7323 0.5886 0.5812
1494806400.0000 145650.0000 -0.4537 -0.8497 0.4518 1.0487 28.1011 0.1921 0.2701 0.0734 0.0890 -0.0200 -0.0293 0.2678 0.3971 0.4075
1494806400.0000 145950.0000 0.4403 -1.1110 0.1125 1.3168 338.3799 0.3195 0.1036 0.0932 0.0040 -0.0509 0.0304 0.2582 0.3456 0.3143
1494806400.0000 146250.0000 1.2248 -0.4455 -0.5162 1.4160 289.9864 0.1472 0.3338 0.1165 -0.0672 0.0101 -0.0139 0.2987 0.3183 0.3072
1494806400.0000 146550.0000 0.1035 0.5772 -0.4239 0.8262 190.1650 0.3157 0.1311 0.0944 0.1555 -0.1220 -0.0649 0.2706 0.5870 0.6582
1494806400.0000 146850.0000 -0.8507 -0.0214 0.1171 0.8788 88.5622 0.0432 0.0518 0.0293 -0.0123 -0.0007 0.0123 0.0621 0.2370 0.2091
1494806400.0000 147150.0000 -0.6955 -1.0677 0.5547 1.4373 33.0810 0.1532 0.6459 0.0749 -0.0410 -0.0060 -0.0763 0.4370 0.3884 0.4050
1494806400.0000 147450.0000 -0.2631 -1.1254 0.5132 1.2296 13.1557 0.1687 0.1165 0.0755 -0.0165 -0.0400 0.0255 0.1803 0.2742 0.2668
1494806400.0000 147750.0000 0.5442 -1.3003 0.1296 1.5107 337.2889 0.2400 0.2474 0.1349 0.0066 -0.1169 -0.0371 0.3111 0.3217 0.2859
1494806400.0000 148050.0000 0.2191 -1.7354 0.3182 1.7913 352.8042 0.1336 0.2537 0.0971 0.0290 -0.0160 0.0208 0.2422 0.2260 0.2054
1494806400.0000 148350.0000 0.7232 -1.4746 0.0251 1.6867 333.8753 0.0937 0.1335 0.0788 0.0548 -0.0204 -0.0328 0.1530 0.1944 0.1676
1494806400.0000 148650.0000 0.9965 -1.3513 -0.0550 1.7155 323.5932 0.1077 0.1044 0.0435 0.0178 0.0096 0.0135 0.1278 0.1738 0.1584
1494806400.0000 148950.0000 0.2095 -1.3807 0.1909 1.4138 351.3711 0.0444 0.1061 0.0441 0.0109 -0.0137 -0.0147 0.0973 0.1807 0.1604
1494806400.0000 149250.0000 0.3938 -1.2681 0.1750 1.3613 342.7486 0.0892 0.1553 0.0796 -0.0029 -0.0036 -0.0008 0.1621 0.2455 0.2150
1494806400.0000 149550.0000 0.7348 -1.9148 0.2186 2.1024 339.0072 0.2309 0.1106 0.0585 0.0086 -0.0400 -0.0018 0.2000 0.1770 0.1645
1494806400.0000 149850.0000 0.7737 -1.9448 0.1645 2.1079 338.3063 0.0564 0.0591 0.0342 0.0053 -0.0066 -0.0099 0.0748 0.1064 0.0937
1494806400.0000 150150.0000 0.7490 -2.1225 0.1600 2.2620 340.5623 0.0484 0.0469 0.0318 0.0048 -0.0070 -0.0049 0.0636 0.0912 0.0792
1494806400.0000 150450.0000 0.4295 -1.7249 0.1615 1.7893 346.0170 0.0381 0.0851 0.0318 0.0027 -0.0045 -0.0150 0.0775 0.1274 0.1140
1494806400.0000 150750.0000 0.5072 -1.7914 0.2369 1.8911 344.1906 0.1010 0.0861 0.0387 0.0197 -0.0048 -0.0019 0.1129 0.1462 0.1342
1494806400.0000 151050.0000 0.4635 -2.0231 0.2641 2.0870 347.0958 0.0496 0.0887 0.0326 -0.0099 -0.0076 -0.0001 0.0854 0.1141 0.1034
