1494720000.0000 150.0000 2.0527 1.3706 0.1358 2.4724 236.2689 0.0184 0.0163 0.0106 -0.0037 -0.0064 0.0004 0.0227 0.0498 0.0436
1494720000.0000 450.0000 1.9474 1.2853 0.1385 2.3405 236.5754 0.0241 0.0207 0.0054 -0.0138 -0.0030 0.0024 0.0251 0.0553 0.0523
1494720000.0000 750.0000 1.8822 1.3484 0.1297 2.3279 234.3819 0.0324 0.0377 0.0047 -0.0241 -0.0020 0.0047 0.0374 0.0681 0.0660
1494720000.0000 1050.0000 2.0968 1.6229 0.1220 2.6541 232.2617 0.0221 0.0262 0.0049 0.0116 -0.0037 -0.0014 0.0266 0.0502 0.0479
1494720000.0000 1350.0000 2.0810 1.7551 0.1995 2.7258 229.8557 0.0348 0.0212 0.0158 0.0085 -0.0068 0.0036 0.0359 0.0567 0.0502
1494720000.0000 1650.0000 1.7729 1.8122 0.1625 2.5500 224.3717 0.0834 0.0381 0.0194 -0.0153 -0.0030 -0.0021 0.0704 0.0853 0.0794
1494720000.0000 1950.0000 1.4482 2.0667 0.1793 2.5308 215.0195 0.0480 0.0222 0.0144 0.0031 -0.0030 -0.0032 0.0423 0.0664 0.0606
1494720000.0000 2250.0000 0.9102 2.3289 0.1628 2.5241 201.3471 0.1184 0.0304 0.0138 -0.0125 0.0196 -0.0025 0.0813 0.0929 0.0891
1494720000.0000 2550.0000 0.2130 2.4690 -0.0254 2.4808 184.9301 0.0161 0.1041 0.0060 0.0182 -0.0030 -0.0080 0.0631 0.0828 0.0808
1494720000.0000 2850.0000 0.4569 2.8089 -0.0928 2.8525 189.2385 0.0406 0.0597 0.0129 0.0089 0.0006 -0.0101 0.0566 0.0682 0.0642
1494720000.0000 3150.0000 0.7614 2.8654 -0.0021 2.9853 194.8813 0.1057 0.0548 0.0133 -0.0353 0.0160 -0.0086 0.0869 0.0812 0.0780
1494720000.0000 3450.0000 0.4886 3.0459 -0.0158 3.0894 189.1140 0.0327 0.0288 0.0136 0.0128 0.0004 -0.0051 0.0376 0.0513 0.0464
1494720000.0000 3750.0000 0.8149 2.8172 0.0385 2.9414 196.1339 0.0464 0.0340 0.0134 -0.0102 -0.0017 0.0046 0.0469 0.0603 0.0558
1494720000.0000 4050.0000 0.3325 3.3261 0.0226 3.3465 185.7085 0.0263 0.0306 0.0159 0.0058 -0.0018 0.0075 0.0364 0.0466 0.0412
1494720000.0000 4350.0000 0.5295 3.5379 0.0703 3.5813 188.5113 0.0295 0.0222 0.0113 0.0014 -0.0003 0.0059 0.0315 0.0405 0.0367
1494720000.0000 4650.0000 0.6234 3.4027 0.1015 3.4665 190.3814 0.0572 0.0367 0.0189 0.0200 -0.0007 0.0040 0.0564 0.0560 0.0512
1494720000.0000 4950.0000 0.9815 3.4683 0.0420 3.6153 195.8011 0.0789 0.0317 0.0207 -0.0047 0.0011 0.0008 0.0657 0.0580 0.0533
1494720000.0000 5250.0000 0.9178 3.3560 0.2063 3.4899 195.2949 0.0780 0.0430 0.0576 0.0021 0.0045 -0.0049 0.0893 0.0700 0.0577
1494720000.0000 5550.0000 1.3310 3.3505 0.5019 3.6097 201.6649 0.0421 0.0402 0.0124 0.0167 0.0012 0.0009 0.0473 0.0488 0.0459
1494720000.0000 5850.0000 1.0979 3.0606 0.3002 3.2644 199.7339 0.1072 0.0557 0.0698 0.0346 0.0314 0.0280 0.1164 0.0853 0.0717
1494720000.0000 6150.0000 1.0597 3.1720 0.2786 3.3659 198.4728 0.2110 0.0985 0.0339 0.1054 0.0278 0.0273 0.1717 0.1008 0.0960
1494720000.0000 6450.0000 1.2436 3.1964 0.4009 3.4367 201.2600 0.0671 0.1278 0.0250 0.0427 -0.0048 0.0006 0.1099 0.0784 0.0743
1494720000.0000 6750.0000 1.1614 3.0552 0.3211 3.2857 200.8128 0.1338 0.1082 0.0537 0.0317 0.0106 0.0039 0.1478 0.0956 0.0869
1494720000.0000 7050.0000 1.3930 2.9992 0.2463 3.3283 204.9126 0.1755 0.0707 0.0559 0.0282 -0.0069 -0.0066 0.1510 0.0957 0.0866
1494720000.0000 7350.0000 1.4942 2.9333 0.3081 3.3114 206.9946 0.1768 0.1162 0.0582 0.0456 -0.0311 0.0012 0.1756 0.1035 0.0949
1494720000.0000 7650.0000 1.6608 3.3816 0.3287 3.7829 206.1577 0.1302 0.1997 0.0641 0.0329 -0.0324 -0.0145 0.1970 0.0958 0.0880
1494720000.0000 7950.0000 1.7375 3.4223 0.2722 3.8650 206.9163 0.2489 0.1606 0.1129 0.0320 -0.0199 0.0289 0.2612 0.1085 0.0963
1494720000.0000 8250.0000 2.0818 3.2300 0.5189 3.8624 212.8031 0.1577 0.1465 0.0782 0.0128 -0.0016 -0.0042 0.1912 0.0921 0.0829
1494720000.0000 8550.0000 2.1591 3.3466 0.4318 4.0185 212.8291 0.3537 0.1120 0.0621 0.0166 0.0249 -0.0068 0.2639 0.1047 0.0989
1494720000.0000 8850.0000 1.2324 3.5326 0.3345 3.8201 199.2318 0.6347 0.1419 0.1079 -0.0410 0.0453 -0.0042 0.4422 0.1445 0.1360
1494720000.0000 9150.0000 1.8462 3.4774 0.4365 3.9523 207.9637 0.1159 0.0930 0.0472 -0.0109 0.0008 -0.0027 0.1280 0.0738 0.0670
1494720000.0000 9450.0000 2.2774 3.6226 0.4659 4.2975 212.1560 0.2375 0.1312 0.0728 0.0583 -0.0241 -0.0025 0.2208 0.0891 0.0819
1494720000.0000 9750.0000 2.3681 2.9685 0.6007 3.8151 218.5809 0.1747 0.1940 0.0763 0.0558 -0.0015 0.0116 0.2225 0.1002 0.0923
1494720000.0000 10050.0000 2.0789 2.3306 0.3835 3.1390 221.7330 0.1836 0.0996 0.0577 0.0568 -0.0016 0.0255 0.1704 0.1071 0.0984
1494720000.0000 10350.0000 1.7474 2.3707 0.3439 2.9611 216.3937 0.1445 0.0843 0.0685 0.0321 -0.0121 -0.0021 0.1487 0.1062 0.0938
1494720000.0000 10650.0000 1.7167 2.7148 0.2857 3.2371 212.3066 0.1428 0.0895 0.0611 -0.0361 -0.0259 0.0066 0.1467 0.0970 0.0866
1494720000.0000 10950.0000 1.4614 2.7871 0.3013 3.1575 207.6698 0.0593 0.0473 0.0296 -0.0132 -0.0050 0.0007 0.0681 0.0674 0.0599
1494720000.0000 11250.0000 1.3655 2.8489 0.2781 3.1766 205.6085 0.1076 0.0543 0.0437 -0.0175 -0.0227 -0.0019 0.1028 0.0826 0.0735
1494720000.0000 11550.0000 0.9662 2.7909 0.2899 2.9616 199.0964 0.0492 0.0743 0.0257 0.0052 -0.0105 -0.0031 0.0746 0.0752 0.0687
1494720000.0000 11850.0000 0.8691 2.9313 0.2238 3.0756 196.5155 0.1093 0.0433 0.0372 -0.0121 -0.0003 -0.0012 0.0949 0.0821 0.0738
1494720000.0000 12150.0000 0.7616 2.9392 0.2182 3.0474 194.5275 0.0663 0.0461 0.0306 -0.0057 -0.0089 0.0106 0.0715 0.0717 0.0638
1494720000.0000 12450.0000 0.8572 2.8803 0.2111 3.0186 196.5733 0.0917 0.0691 0.0285 0.0167 0.0011 0.0054 0.0946 0.0834 0.0770
1494720000.0000 12750.0000 0.8217 2.8887 0.1312 3.0187 195.8785 0.1005 0.0526 0.0220 0.0109 0.0022 0.0019 0.0875 0.0803 0.0752
1494720000.0000 13050.0000 0.5678 2.7094 0.0696 2.7786 191.8366 0.0600 0.0399 0.0361 0.0024 0.0003 0.0012 0.0680 0.0769 0.0659
1494720000.0000 13350.0000 0.5024 2.8912 0.0798 2.9422 189.8581 0.0473 0.0415 0.0248 0.0073 -0.0010 0.0088 0.0568 0.0663 0.0586
1494720000.0000 13650.0000 1.0519 2.7609 0.2456 2.9660 200.8571 0.0672 0.0237 0.0197 -0.0079 0.0105 0.0022 0.0553 0.0648 0.0589
1494720000.0000 13950.0000 1.0399 2.5598 0.2921 2.7728 202.1087 0.0590 0.0605 0.0289 0.0069 0.0021 0.0122 0.0742 0.0800 0.0722
1494720000.0000 14250.0000 0.9355 2.4442 0.2341 2.6439 200.9439 0.1125 0.0591 0.0140 -0.0547 0.0015 -0.0028 0.0928 0.0947 0.0914
1494720000.0000 14550.0000 0.6662 2.7604 0.1166 2.8498 193.5681 0.0629 0.0397 0.0154 0.0085 -0.0081 0.0009 0.0590 0.0698 0.0651
1494720000.0000 14850.0000 1.4800 3.0462 0.2777 3.4092 205.9123 0.1548 0.0715 0.0655 -0.0204 0.0199 0.0201 0.1459 0.0918 0.0811
1494720000.0000 15150.0000 1.7708 2.5810 0.3387 3.1621 214.4542 0.1611 0.2089 0.0792 -0.0229 -0.0135 -0.0247 0.2246 0.1229 0.1122
1494720000.0000 15450.0000 1.4808 2.9674 0.2754 3.3501 206.5213 0.2528 0.2655 0.0863 0.0375 -0.0030 0.0105 0.3023 0.1349 0.1253
1494720000.0000 15750.0000 1.9668 3.1151 0.4343 3.7136 212.2671 0.1631 0.2910 0.0741 -0.0246 0.0060 -0.0174 0.2641 0.1131 0.1056
1494720000.0000 16050.0000 2.2008 2.0984 0.3818 3.0687 226.3651 0.1337 0.1328 0.1745 -0.0413 0.0110 -0.0002 0.2205 0.1251 0.0980
1494720000.0000 16350.0000 1.5410 2.4208 0.2571 2.9165 212.4801 0.1571 0.1874 0.0876 -0.1196 -0.0134 0.0170 0.2161 0.1317 0.1181
1494720000.0000 16650.0000 0.8800 2.6059 0.4054 2.7850 198.6595 0.1444 0.2352 0.1001 -0.0530 -0.0244 0.0070 0.2399 0.1438 0.1293
1494720000.0000 16950.0000 0.7932 2.0375 0.3208 2.2583 201.2697 0.3337 0.1141 0.0859 -0.0338 0.0287 0.0054 0.2669 0.1909 0.1767
1494720000.0000 17250.0000 0.4561 2.0453 0.2303 2.1180 192.5723 0.0884 0.1238 0.0722 -0.0141 0.0318 -0.0036 0.1422 0.1461 0.1269
1494720000.0000 17550.0000 -0.0002 2.0074 0.1357 2.0272 179.9942 0.0739 0.0971 0.0435 0.0288 0.0022 -0.0194 0.1072 0.1329 0.1189
1494720000.0000 17850.0000 -0.6345 1.9354 0.0123 2.0573 161.8500 0.0666 0.1254 0.0884 0.0170 0.0056 -0.0175 0.1402 0.1501 0.1242
1494720000.0000 18150.0000 -0.1097 2.1565 0.0407 2.1826 177.0890 0.1025 0.0751 0.0709 -0.0248 0.0202 -0.0071 0.1242 0.1333 0.1127
1494720000.0000 18450.0000 0.0893 2.3970 0.1034 2.4263 182.1329 0.1165 0.1964 0.0794 -0.0702 0.0300 -0.0321 0.1961 0.1506 0.1346
1494720000.0000 18750.0000 1.0457 2.1769 -0.0166 2.4263 205.6578 0.0585 0.1102 0.0733 0.0182 0.0057 0.0444 0.1210 0.1176 0.0982
1494720000.0000 19050.0000 0.5553 1.7947 0.0809 1.9071 197.1944 0.1000 0.1511 0.1205 -0.0155 -0.0140 -0.0424 0.1858 0.1872 0.1540
1494720000.0000 19350.0000 0.4366 1.4340 0.1826 1.5180 196.9334 0.0571 0.0763 0.0542 0.0053 -0.0123 -0.0190 0.0938 0.1656 0.1407
1494720000.0000 19650.0000 0.1915 1.0286 0.1123 1.0874 190.5484 0.0812 0.1639 0.1021 -0.0109 0.0214 -0.0393 0.1736 0.3233 0.2732
1494720000.0000 19950.0000 0.0429 1.4596 0.0522 1.4960 181.6844 0.1030 0.2304 0.0949 0.0295 0.0037 -0.0332 0.2141 0.2586 0.2283
1494720000.0000 20250.0000 -0.0601 1.9240 0.0593 1.9603 178.2097 0.1393 0.0756 0.0947 -0.0166 -0.0336 -0.0013 0.1548 0.1668 0.1390
1494720000.0000 20550.0000 -0.1252 2.1779 0.2253 2.2409 176.7102 0.2525 0.2830 0.1230 0.0181 0.0153 -0.0433 0.3293 0.2136 0.1937
1494720000.0000 20850.0000 0.1326 1.5774 0.1385 1.6135 184.8036 0.0952 0.1142 0.0404 -0.0340 0.0081 -0.0175 0.1249 0.1816 0.1669
1494720000.0000 21150.0000 -0.3737 1.7997 -0.0485 1.8670 168.2706 0.1097 0.0978 0.0777 0.0050 -0.0159 0.0084 0.1426 0.1677 0.1431
1494720000.0000 21450.0000 -0.1486 1.8646 -0.0731 1.8906 175.4434 0.0759 0.1187 0.0736 0.0056 -0.0036 0.0152 0.1341 0.1597 0.1362
1494720000.0000 21750.0000 -0.4124 2.3736 0.0505 2.4222 170.1434 0.0685 0.0496 0.0501 -0.0098 -0.0004 0.0006 0.0841 0.0982 0.0823
1494720000.0000 22050.0000 -0.2547 1.6898 0.1822 1.7530 171.4286 0.1358 0.2371 0.0924 -0.0707 0.0249 -0.0402 0.2327 0.2292 0.2063
1494720000.0000 22350.0000 -0.5765 1.7814 -0.0969 1.8956 162.0672 0.0740 0.0997 0.0838 0.0156 0.0206 0.0291 0.1287 0.1562 0.1285
1494720000.0000 22650.0000 -0.7223 1.3530 0.0242 1.6027 151.9051 0.2332 0.1610 0.1350 -0.0380 0.0464 -0.0159 0.2646 0.2738 0.2363
1494720000.0000 22950.0000 -0.5355 1.9035 -0.0397 2.0417 164.2886 0.2754 0.3365 0.1467 -0.0880 0.0918 -0.0091 0.3792 0.2542 0.2284
1494720000.0000 23250.0000 -0.5347 1.6239 0.1687 1.8009 161.7752 0.3919 0.3035 0.1585 -0.1573 0.0914 -0.0841 0.4269 0.3105 0.2816
1494720000.0000 23550.0000 -0.3679 2.3209 0.0964 2.4021 170.9939 0.2402 0.2526 0.0943 -0.0809 0.0806 -0.0208 0.2935 0.1881 0.1725
1494720000.0000 23850.0000 0.1036 2.5456 0.0775 2.5835 182.3309 0.1635 0.3462 0.0982 -0.0189 0.0404 0.0120 0.3040 0.1766 0.1618
1494720000.0000 24150.0000 0.0444 2.4016 0.1761 2.4687 181.0590 0.2995 0.2146 0.1278 -0.1221 0.0814 -0.0477 0.3210 0.1921 0.1723
1494720000.0000 24450.0000 -0.2221 2.1163 0.1063 2.1764 174.0080 0.1991 0.1628 0.0977 -0.0353 0.0240 -0.0244 0.2298 0.1837 0.1632
1494720000.0000 24750.0000 0.1554 1.8485 0.1536 1.9154 184.8062 0.2162 0.2059 0.1220 -0.0479 0.0877 -0.0406 0.2720 0.2288 0.2022
1494720000.0000 25050.0000 -0.3868 1.4732 0.1039 1.5986 165.2878 0.2187 0.1704 0.1080 0.0003 0.0563 -0.0211 0.2486 0.2666 0.2365
1494720000.0000 25350.0000 -0.7056 1.5450 0.1078 1.7778 155.4519 0.2225 0.3216 0.1623 -0.0107 0.0751 -0.0532 0.3532 0.2851 0.2508
1494720000.0000 25650.0000 0.0592 1.5603 0.2136 1.7007 182.1731 0.4345 0.1920 0.1869 -0.0731 0.1651 -0.0494 0.4067 0.3304 0.2927
1494720000.0000 25950.0000 0.0562 2.2596 0.3520 2.3394 181.4258 0.3498 0.3105 0.1939 -0.1500 0.1067 -0.0910 0.4271 0.2333 0.2076
1494720000.0000 26250.0000 -0.4318 2.3968 0.0378 2.5006 169.7872 0.3220 0.4424 0.1799 -0.0283 0.1390 -0.0776 0.4722 0.2303 0.2073
1494720000.0000 26550.0000 -0.5189 1.5971 0.0928 1.7641 162.0019 0.2061 0.8530 0.1683 -0.1106 0.0919 -0.2066 0.6137 0.3803 0.3538
1494720000.0000 26850.0000 -0.4018 2.6089 0.0152 2.6968 171.2449 0.2825 0.1878 0.1241 -0.0088 0.0430 -0.0434 0.2972 0.1686 0.1500
1494720000.0000 27150.0000 -0.2823 2.0509 -0.0212 2.1293 172.1614 0.2253 0.2153 0.1874 0.0000 0.0890 -0.0126 0.3140 0.2210 0.1851
1494720000.0000 27450.0000 -0.3963 2.0930 -0.0941 2.1583 169.2790 0.1366 0.1887 0.0850 -0.0578 0.0323 -0.0286 0.2051 0.1734 0.1546
1494720000.0000 27750.0000 -0.7645 1.4789 -0.0587 1.7532 152.6629 0.1808 0.4780 0.0876 0.0293 0.0166 -0.0460 0.3732 0.2994 0.2815
1494720000.0000 28050.0000 -0.8937 0.6870 0.1204 1.2226 127.5497 0.2133 0.3212 0.1925 -0.0867 0.0731 -0.1648 0.3635 0.4342 0.3744
1494720000.0000 28350.0000 -1.0234 0.5544 0.3944 1.2921 118.4476 0.3949 0.1808 0.1671 0.0314 0.0278 -0.0344 0.3714 0.4049 0.3764
1494720000.0000 28650.0000 -1.1508 0.7921 0.2906 1.5526 124.5406 0.8397 0.2064 0.2274 -0.1420 0.1854 -0.0814 0.6368 0.4566 0.4227
1494720000.0000 28950.0000 -1.2493 0.7262 0.0550 1.5835 120.1695 0.4115 0.3675 0.2569 -0.0336 0.0202 -0.0658 0.5179 0.4064 0.3526
1494720000.0000 29250.0000 -0.4847 0.7261 0.2552 0.9883 146.2724 0.2261 0.1981 0.1139 -0.0110 0.0013 -0.0533 0.2691 0.4657 0.4307
1494720000.0000 29550.0000 -0.0634 0.6431 0.4713 0.8010 174.3698 0.1623 0.2211 0.0808 -0.0030 0.0103 -0.0373 0.2321 0.4918 0.5532
1494720000.0000 29850.0000 -0.0284 0.5553 0.3270 0.7068 177.0675 0.1067 0.2596 0.0802 0.0153 0.0151 -0.0601 0.2233 0.5981 0.6285
1494720000.0000 30150.0000 -0.0515 1.6432 0.1600 1.7529 178.2063 0.3438 0.2494 0.2588 -0.0434 0.1452 -0.0029 0.4260 0.3226 0.2705
1494720000.0000 30450.0000 -0.0066 1.4490 0.1625 1.5914 179.7373 0.4101 0.3412 0.2350 0.0190 0.2044 0.0244 0.4931 0.3932 0.3453
1494720000.0000 30750.0000 0.0962 1.9035 -0.0044 1.9609 182.8938 0.1816 0.1971 0.0962 -0.0332 0.0590 -0.0051 0.2375 0.2088 0.1864
1494720000.0000 31050.0000 -0.4083 1.8259 -0.0898 1.9389 167.3957 0.2976 0.1532 0.1754 -0.1012 0.1073 0.0048 0.3131 0.2439 0.2072
1494720000.0000 31350.0000 -1.6052 1.7741 -0.0896 2.4527 137.8618 0.3428 0.4305 0.3523 -0.0979 0.1268 -0.1074 0.5628 0.2558 0.2122
1494720000.0000 31650.0000 -1.2914 1.8140 0.0147 2.4094 144.5528 0.6659 1.1433 0.3666 -0.0283 0.1297 -0.2885 1.0879 0.3824 0.3488
1494720000.0000 31950.0000 -1.0786 3.3719 0.0920 3.6280 162.2610 0.4969 0.7502 0.3680 0.0726 0.1118 -0.0677 0.8075 0.2072 0.1821
1494720000.0000 32250.0000 0.8568 2.0620 0.3983 2.8775 202.5631 2.5182 1.4876 0.3380 -1.2217 0.2856 -0.1668 2.1719 0.5305 0.5175
1494720000.0000 32550.0000 1.8378 0.2637 0.2173 1.9845 261.8348 0.2585 0.4616 0.2983 -0.0685 0.1013 0.0916 0.5092 0.3117 0.2639
1494720000.0000 32850.0000 2.1022 0.8669 0.4709 2.3178 247.5897 0.1444 0.2091 0.2021 -0.0046 0.0504 -0.0103 0.2778 0.1853 0.1510
1494720000.0000 33150.0000 2.5013 1.2098 0.4676 2.8297 244.1890 0.3319 0.1804 0.1779 -0.0800 0.0258 -0.0072 0.3451 0.1702 0.1487
1494720000.0000 33450.0000 2.3425 1.8014 0.3811 2.9858 232.4398 0.0887 0.2808 0.0816 0.0293 0.0252 0.0078 0.2256 0.1301 0.1188
1494720000.0000 33750.0000 1.7877 1.6132 0.3587 2.4714 227.9380 0.1374 0.2508 0.1497 -0.1111 0.0554 -0.0475 0.2690 0.1739 0.1494
1494720000.0000 34050.0000 1.9683 0.7901 0.1699 2.1942 248.1301 0.2173 0.2544 0.2221 -0.0772 0.0938 -0.0223 0.3469 0.2260 0.1870
1494720000.0000 34350.0000 1.5173 0.8655 0.2376 1.8253 240.2988 0.5703 0.1648 0.2683 0.1031 -0.1077 0.0189 0.5018 0.3281 0.2834
1494720000.0000 34650.0000 0.8102 0.3691 -0.1324 0.9924 245.5062 0.2286 0.0947 0.1384 -0.0084 0.0887 -0.0084 0.2309 0.4359 0.3688
1494720000.0000 34950.0000 0.1429 1.3023 0.0169 1.4052 186.2615 0.2122 0.2180 0.1629 -0.0818 0.0990 -0.0422 0.2966 0.3394 0.2890
1494720000.0000 35250.0000 0.2142 1.3419 0.1070 1.4111 189.0684 0.1202 0.1550 0.1983 -0.0123 0.0217 -0.0092 0.2367 0.2915 0.2229
1494720000.0000 35550.0000 0.0900 2.4204 -0.0186 2.4493 182.1301 0.1285 0.2075 0.0914 0.0429 0.0342 0.0319 0.2137 0.1558 0.1382
1494720000.0000 35850.0000 -0.3741 2.1808 0.0393 2.2705 170.2649 0.2309 0.2235 0.1196 0.0731 0.0296 0.0096 0.2870 0.1976 0.1759
1494720000.0000 36150.0000 -0.2256 1.8048 0.1394 1.8899 172.8765 0.2141 0.2673 0.2138 -0.0507 0.0777 -0.0863 0.3476 0.2639 0.2203
1494720000.0000 36450.0000 0.0015 1.7882 -0.1230 1.8653 180.0473 0.2718 0.2877 0.3540 0.0182 -0.0046 0.0830 0.4568 0.3079 0.2415
1494720000.0000 36750.0000 0.1814 2.0956 0.2073 2.2181 184.9469 0.4559 0.2782 0.3931 -0.1160 0.1875 -0.0714 0.5636 0.2900 0.2352
1494720000.0000 37050.0000 0.2734 1.4306 0.2580 1.8241 190.8181 1.3111 0.3095 0.7548 0.0703 0.7600 -0.0047 1.1877 0.6016 0.5046
1494720000.0000 37350.0000 1.6091 0.6717 0.2278 1.8957 247.3426 0.3848 0.6020 0.6823 0.0358 0.0469 0.2411 0.8345 0.4242 0.3289
1494720000.0000 37650.0000 0.6269 1.2775 0.4884 1.7133 206.1409 0.7175 0.9787 0.3510 -0.2106 0.1165 -0.0728 1.0236 0.5491 0.5284
1494720000.0000 37950.0000 2.0299 1.6088 0.3618 2.7384 231.6011 0.5799 0.7715 0.3507 -0.0094 0.2000 0.1983 0.8510 0.2880 0.2591
1494720000.0000 38250.0000 2.0702 -0.3315 0.0019 2.1740 279.0971 0.1919 0.3560 0.1791 -0.0631 0.0234 -0.1029 0.3635 0.2348 0.2038
1494720000.0000 38550.0000 1.1746 0.7210 0.3628 1.5007 238.4568 0.1680 0.2937 0.0758 -0.0924 -0.0218 0.0755 0.2687 0.2970 0.2846
1494720000.0000 38850.0000 -0.1450 0.2393 0.1631 0.7179 148.7798 0.3654 0.1689 0.1936 0.1519 -0.1142 -0.0251 0.3640 1.5210 1.5082
1494720000.0000 39150.0000 -1.2459 -0.1461 0.2750 1.3428 83.3128 0.1463 0.2338 0.4596 -0.0016 0.0330 -0.1776 0.4199 0.4120 0.2838
1494720000.0000 39450.0000 -0.3435 1.0556 0.3291 1.8424 161.9745 1.2662 1.5439 0.3582 0.6818 -0.0362 -0.1883 1.5841 0.8876 0.8719
1494720000.0000 39750.0000 -1.5439 0.2164 0.4084 1.8654 97.9782 1.1093 0.7477 0.2136 0.3903 -0.0733 -0.0805 1.0353 0.5155 0.5047
1494720000.0000 40050.0000 -0.0628 1.3110 0.4586 1.6037 177.2563 0.6289 0.7194 0.5975 0.1434 0.1079 -0.0964 0.9729 0.5792 0.5108
1494720000.0000 40350.0000 -0.5530 0.7965 0.5957 1.1731 145.2261 0.3674 0.4641 0.2512 0.0541 0.0706 0.1437 0.5414 0.5279 0.5430
1494720000.0000 40650.0000 -1.6967 0.1977 0.3588 2.1619 96.6464 0.6505 1.5771 0.2525 0.6403 0.1089 0.0719 1.2401 0.5209 0.5045
1494720000.0000 40950.0000 -0.5538 -0.1658 0.6306 1.2086 73.3354 1.3763 0.5056 0.4393 0.3376 0.2422 0.1741 1.1606 1.0282 1.3701
1494720000.0000 41250.0000 0.1993 0.6121 0.7664 1.1750 198.0364 0.6313 0.8224 0.2140 0.1333 0.0381 -0.1484 0.8338 0.7449 1.0813
1494720000.0000 41550.0000 -0.4536 2.4519 -0.0511 2.6579 169.5195 0.7417 0.9938 0.4990 -0.0876 0.3103 0.0296 1.1173 0.3460 0.3050
1494720000.0000 41850.0000 0.3310 1.1820 0.6767 1.5240 195.6449 0.8204 0.3940 0.2070 -0.0961 0.1224 -0.0765 0.7107 0.4911 0.5183
1494720000.0000 42150.0000 -0.0106 2.9192 0.0611 3.0087 179.7919 0.4913 0.6464 0.2474 -0.0915 0.1474 0.0847 0.6925 0.2327 0.2110
1494720000.0000 42450.0000 0.2453 2.2803 0.1248 2.5377 186.1395 1.3344 0.6059 0.6758 0.2463 0.6975 0.1823 1.3081 0.4066 0.3507
1494720000.0000 42750.0000 0.5218 2.2721 0.6335 2.4572 192.9338 0.4048 1.1241 0.5444 0.1459 0.0120 -0.1887 1.0366 0.3441 0.3062
1494720000.0000 43050.0000 0.8402 2.0312 0.0954 2.3555 202.4725 0.5373 0.5152 0.4002 -0.2197 0.2381 -0.2279 0.7263 0.3163 0.2695
1494720000.0000 43350.0000 0.4919 1.8248 0.2226 2.1390 195.0869 0.7198 1.1874 0.3577 -0.2427 0.1837 -0.1601 1.1325 0.4566 0.4219
1494720000.0000 43650.0000 -0.3736 1.8217 0.3287 2.0206 168.4102 0.3118 1.0556 0.2840 0.2173 0.0100 -0.2463 0.8257 0.3929 0.3630
1494720000.0000 43950.0000 -0.0821 2.2001 0.3887 2.3214 177.8618 0.4162 1.2143 0.4365 0.0489 0.1610 0.0908 1.0335 0.3713 0.3349
1494720000.0000 44250.0000 0.5904 1.7775 0.4133 2.1069 198.3724 0.7735 1.1602 0.4760 0.4412 0.0128 -0.0124 1.2048 0.4673 0.4286
1494720000.0000 44550.0000 0.7805 1.4734 0.0604 1.8405 207.9110 0.5232 0.9380 0.6127 0.0716 0.3924 0.0327 1.0370 0.4983 0.4186
1494720000.0000 44850.0000 1.5271 1.8444 0.8653 2.4920 219.6232 0.3103 0.5089 0.2060 -0.0879 0.0647 -0.0012 0.5126 0.2296 0.2182
1494720000.0000 45150.0000 0.7892 2.9450 0.5012 3.2331 195.0016 0.8987 1.8125 0.6370 -0.2696 0.2524 0.1493 1.6741 0.3419 0.3118
1494720000.0000 45450.0000 -0.3304 3.0362 -0.2826 3.1311 173.7898 0.5184 0.4297 0.2811 -0.2050 0.1071 0.0823 0.6146 0.2087 0.1841
1494720000.0000 45750.0000 -0.2540 2.5836 0.1311 2.7800 174.3845 1.0348 1.2459 0.3979 -0.3619 0.1028 0.2169 1.3393 0.3635 0.3359
1494720000.0000 46050.0000 0.3762 1.3889 0.3287 1.6605 195.1564 0.5698 0.4966 0.2593 -0.1425 0.1819 -0.0184 0.6629 0.4504 0.4143
1494720000.0000 46350.0000 1.3185 2.7122 0.2549 3.1320 205.9258 0.5515 0.8507 0.7446 -0.0754 0.2180 -0.2025 1.0734 0.2795 0.2267
1494720000.0000 46650.0000 0.7322 3.3421 0.1331 3.4821 192.3566 0.4383 0.2915 0.2892 0.1104 0.1430 -0.0339 0.5095 0.1702 0.1442
1494720000.0000 46950.0000 1.3731 1.8408 0.2368 2.4249 216.7192 0.2166 1.1195 0.1831 0.0445 0.0119 0.0762 0.7596 0.3082 0.2906
1494720000.0000 47250.0000 1.3724 0.8341 -0.1567 1.6641 238.7101 0.2011 0.1946 0.3560 -0.0007 0.1633 0.0200 0.3759 0.3102 0.2261
1494720000.0000 47550.0000 1.1948 0.1171 0.1648 1.3896 264.4031 0.1976 0.4633 0.3876 -0.0617 0.0372 0.0757 0.5243 0.4879 0.3910
1494720000.0000 47850.0000 1.4082 1.7002 0.6603 2.5400 219.6327 0.7403 1.1818 0.7132 -0.6099 0.1634 -0.4184 1.3176 0.4067 0.3626
1494720000.0000 48150.0000 1.6972 1.0990 0.3962 2.1127 237.0744 0.2818 0.4172 0.5790 0.0486 -0.0058 -0.1756 0.6390 0.3168 0.2387
1494720000.0000 48450.0000 1.9990 2.1387 0.3871 3.1363 223.0665 0.7418 1.8722 0.6279 0.2443 0.2564 0.5870 1.6209 0.3520 0.3189
1494720000.0000 48750.0000 1.6295 1.9919 0.8737 2.8806 219.2847 1.4517 0.7600 0.6502 -0.4411 0.4723 -0.0300 1.4309 0.3594 0.3336
1494720000.0000 49050.0000 0.1749 2.6201 0.1223 2.9281 183.8185 1.5340 0.8542 0.7582 0.0144 0.2962 -0.1223 1.5732 0.3896 0.3398
1494720000.0000 49350.0000 -0.6610 1.3176 -0.1508 1.8616 153.3584 1.1799 0.8131 0.8824 -0.3424 0.5518 -0.1413 1.4377 0.6607 0.5529
1494720000.0000 49650.0000 0.1268 3.5463 0.4007 3.7356 182.0474 1.2067 0.7938 0.8011 -0.3272 0.6344 -0.2055 1.4008 0.2706 0.2301
1494720000.0000 49950.0000 -0.2525 2.8723 -0.0150 2.9591 174.9762 0.3957 0.4807 0.2861 -0.1597 0.1060 -0.0163 0.5813 0.2159 0.1875
1494720000.0000 50250.0000 1.1722 2.4824 0.7927 2.8802 205.2769 0.6866 0.5931 0.3651 -0.1281 0.2309 -0.0101 0.8224 0.2591 0.2379
1494720000.0000 50550.0000 2.5085 2.8121 1.3070 3.8839 221.7343 0.8774 0.5216 0.3994 -0.0817 0.1897 -0.0650 0.8992 0.1941 0.1812
1494720000.0000 50850.0000 2.3013 2.9021 0.8258 3.7300 218.4128 0.2305 0.2424 0.2894 0.0443 0.0617 0.0690 0.3811 0.1328 0.1072
1494720000.0000 51150.0000 1.3054 1.9263 0.4954 2.3947 214.1241 0.3711 0.4952 0.1373 0.1356 -0.0017 -0.0508 0.5018 0.2431 0.2309
1494720000.0000 51450.0000 0.3669 2.0340 -0.0589 2.1437 190.2259 0.2584 0.5085 0.3018 -0.0633 -0.0301 -0.0273 0.5343 0.2887 0.2446
1494720000.0000 51750.0000 -0.0852 1.9059 0.2296 1.9891 177.4417 0.3430 0.4142 0.2565 -0.0550 0.0051 0.0720 0.5069 0.3025 0.2633
1494720000.0000 52050.0000 0.1515 3.0572 0.0698 3.1182 182.8361 0.2859 0.9019 0.3872 -0.1715 0.1089 -0.1961 0.7875 0.2367 0.2056
1494720000.0000 52350.0000 -0.1062 1.8646 0.1491 1.9452 176.7401 0.2741 0.4487 0.1407 -0.1560 0.1141 -0.0540 0.4317 0.2863 0.2628
1494720000.0000 52650.0000 -1.0214 1.9218 -0.2322 2.2105 152.0098 0.1326 0.2523 0.2115 -0.0146 0.0890 0.0642 0.2982 0.2037 0.1646
1494720000.0000 52950.0000 0.0593 1.7971 0.3670 2.2299 181.8907 1.5683 1.3623 0.7109 0.8457 0.7520 0.3920 1.8207 0.6004 0.5497
1494720000.0000 53250.0000 0.9982 3.9700 0.8083 4.1549 194.1134 0.5376 0.7699 0.4665 0.2048 0.1063 0.0150 0.8870 0.1843 0.1613
1494720000.0000 53550.0000 1.2987 3.9090 0.4820 4.1744 198.3781 0.4783 0.5625 0.3497 0.0714 0.0670 -0.0950 0.6953 0.1642 0.1430
1494720000.0000 53850.0000 2.2066 3.0539 0.3019 3.8388 215.8503 0.3545 0.5098 0.3665 -0.1155 0.1751 -0.1580 0.6154 0.1695 0.1425
1494720000.0000 54150.0000 2.7450 3.1057 0.7099 4.2090 221.4720 0.7800 0.3772 0.6852 0.0577 0.3799 0.1822 0.9212 0.1863 0.1498
1494720000.0000 54450.0000 3.3401 2.6683 1.1313 4.2904 231.3806 0.3254 0.2821 0.1117 0.1725 0.0572 0.0386 0.3596 0.1107 0.1053
1494720000.0000 54750.0000 3.5127 2.3050 1.0470 4.2427 236.7273 0.3421 0.1850 0.1901 -0.1421 0.1019 -0.0721 0.3586 0.1129 0.0998
1494720000.0000 55050.0000 2.8732 1.9589 1.1307 3.6484 235.7149 0.6733 0.8684 0.3641 -0.4516 0.3120 -0.4054 0.9529 0.2180 0.2062
1494720000.0000 55350.0000 4.0858 1.6717 1.4916 4.5149 247.7478 0.4451 0.9122 0.2182 -0.0691 0.0661 0.1021 0.7877 0.1555 0.1524
1494720000.0000 55650.0000 2.7205 3.1635 1.0034 4.2005 220.6944 0.3236 0.3569 0.1448 0.0991 0.0554 0.0716 0.4127 0.1222 0.1142
1494720000.0000 55950.0000 2.7068 2.2848 1.2390 3.7669 229.8324 1.1467 1.3052 0.3394 -0.3757 -0.1173 0.1553 1.3956 0.2570 0.2552
1494720000.0000 56250.0000 3.5324 1.1923 1.2489 3.8399 251.3493 0.7646 0.5565 0.2815 -0.3696 0.0463 -0.0712 0.8013 0.1859 0.1780
1494720000.0000 56550.0000 3.6533 2.0272 1.1513 4.2448 240.9741 0.3700 0.5424 0.4154 -0.0418 0.0526 0.1343 0.6639 0.1535 0.1320
1494720000.0000 56850.0000 3.8514 1.5155 1.0448 4.1871 248.5208 0.4011 0.4601 0.3110 0.1004 0.1531 0.1995 0.5861 0.1464 0.1294
1494720000.0000 57150.0000 3.9352 1.5970 0.9050 4.2786 247.9111 0.6104 0.2227 0.2884 -0.0171 0.2750 -0.0052 0.5608 0.1408 0.1241
1494720000.0000 57450.0000 3.9432 1.1639 1.0051 4.1469 253.5551 0.1386 0.2925 0.1650 -0.0185 0.0049 -0.0025 0.2980 0.1053 0.0922
1494720000.0000 57750.0000 3.3006 0.5407 0.4836 3.3967 260.6963 0.1553 0.3703 0.1662 0.0179 0.0330 -0.0271 0.3459 0.1421 0.1251
1494720000.0000 58050.0000 2.7928 0.7301 0.6788 2.9785 255.3491 0.2389 0.4900 0.2381 -0.1389 -0.0764 0.0113 0.4835 0.1915 0.1708
1494720000.0000 58350.0000 3.3095 1.3613 1.0481 3.6351 247.6414 0.4917 0.3305 0.3195 -0.0558 0.2335 -0.0252 0.5709 0.1654 0.1463
1494720000.0000 58650.0000 3.3462 0.9397 0.9270 3.5772 254.3136 0.3809 0.6180 0.1564 -0.2525 -0.0034 0.0282 0.5777 0.1725 0.1660
1494720000.0000 58950.0000 3.5739 0.4984 0.8771 3.6708 262.0617 0.4428 0.4446 0.3747 -0.0259 0.0754 0.0813 0.6310 0.1747 0.1507
1494720000.0000 59250.0000 3.1115 0.1106 0.7152 3.2048 267.9638 0.2762 0.5655 0.3318 -0.0192 -0.0095 0.0930 0.5868 0.1958 0.1701
1494720000.0000 59550.0000 2.4327 -0.5566 0.6410 2.5786 282.8879 0.8666 0.4535 0.6040 -0.0466 0.0236 0.1483 0.9620 0.3108 0.2658
1494720000.0000 59850.0000 3.3186 -0.6366 0.2349 3.4457 280.8589 0.5861 0.4841 0.3012 -0.0502 0.1207 -0.0824 0.6857 0.1996 0.1767
1494720000.0000 60150.0000 2.6158 0.5265 0.3314 2.9686 258.6195 0.6622 1.7315 0.9004 -0.1595 -0.0582 0.4583 1.6470 0.3897 0.3348
1494720000.0000 60450.0000 2.6768 1.0936 0.4528 2.9734 247.7770 0.3195 0.5594 0.2752 0.1465 0.0403 0.1560 0.5770 0.2119 0.1872
1494720000.0000 60750.0000 2.8494 2.6098 1.1609 3.8998 227.5130 0.1478 0.4782 0.1624 0.0410 0.0449 0.1555 0.3942 0.1271 0.1182
1494720000.0000 61050.0000 2.2135 2.6569 0.9071 3.4875 219.7977 0.2254 0.4263 0.2823 0.0950 0.0297 0.2517 0.4670 0.1561 0.1348
1494720000.0000 61350.0000 1.3675 2.1121 0.7781 2.5832 212.9215 0.3979 0.2781 0.1801 0.0479 -0.0455 -0.0241 0.4281 0.2028 0.1887
1494720000.0000 61650.0000 2.7604 1.6732 1.1577 3.4475 238.7789 2.0630 0.3837 0.3584 -0.5677 0.3730 -0.0270 1.4026 0.2820 0.2798
1494720000.0000 61950.0000 4.0826 0.6794 0.8985 4.1829 260.5521 0.3619 0.3797 0.1811 -0.0249 0.1246 0.0374 0.4614 0.1310 0.1201
1494720000.0000 62250.0000 3.8502 0.8463 1.1130 4.0189 257.6035 0.3790 0.5541 0.3380 -0.1262 0.0656 0.0368 0.6355 0.1589 0.1415
1494720000.0000 62550.0000 2.9382 2.3567 1.3667 3.9013 231.2679 0.7962 0.6840 0.3468 -0.3103 0.0221 0.0494 0.9135 0.1948 0.1865
1494720000.0000 62850.0000 3.7371 1.8587 1.1799 4.2715 243.5565 0.6030 0.6792 0.4182 -0.2034 -0.0522 0.1527 0.8502 0.1736 0.1566
1494720000.0000 63150.0000 4.0007 1.3827 0.8392 4.2962 250.9345 0.5331 0.5243 0.4215 -0.0756 0.0970 0.1163 0.7394 0.1627 0.1403
1494720000.0000 63450.0000 2.8871 1.3252 0.2812 3.2041 245.3450 0.2267 0.1230 0.1433 -0.0266 0.0379 0.0128 0.2465 0.1271 0.1075
1494720000.0000 63750.0000 2.0730 2.4177 0.2729 3.3096 220.6109 0.4279 0.8689 0.4608 -0.1134 0.0555 0.0913 0.8788 0.2395 0.2064
1494720000.0000 64050.0000 3.6555 1.3507 0.4314 3.9905 249.7202 0.5526 0.5197 0.5841 -0.2799 0.0636 -0.1161 0.8282 0.1895 0.1534
1494720000.0000 64350.0000 3.6327 1.7847 1.2149 4.1693 243.8363 0.3339 0.8703 0.1676 -0.2944 0.0102 0.0465 0.6859 0.1600 0.1565
1494720000.0000 64650.0000 2.7985 2.1988 0.6654 3.5778 231.8428 0.1432 0.1074 0.1529 -0.0111 0.0371 0.0006 0.2018 0.1013 0.0812
1494720000.0000 64950.0000 2.7584 2.9418 1.1409 4.0563 223.1570 0.2189 0.1719 0.2192 0.0098 0.0672 0.0232 0.3050 0.1076 0.0895
1494720000.0000 65250.0000 3.2909 2.1536 1.1103 4.1267 236.7986 0.9136 1.0146 0.2089 -0.6762 -0.0602 0.1736 1.0686 0.2065 0.2038
1494720000.0000 65550.0000 2.8625 1.7193 0.6923 3.3962 239.0101 0.6479 0.1131 0.1114 -0.1042 0.0593 0.0213 0.4362 0.1581 0.1508
1494720000.0000 65850.0000 2.2804 1.3239 0.7718 2.6719 239.8632 0.4464 0.0782 0.0688 -0.0224 -0.0339 -0.0032 0.2967 0.1619 0.1586
1494720000.0000 66150.0000 3.0440 0.3788 0.6802 3.1077 262.9056 0.0840 0.2560 0.1038 0.0063 -0.0075 -0.0596 0.2219 0.1224 0.1098
1494720000.0000 66450.0000 2.5998 0.3952 0.8341 2.6929 261.3571 0.1810 0.2822 0.1167 -0.1140 -0.0250 0.0186 0.2900 0.1594 0.1494
1494720000.0000 66750.0000 2.4976 0.8890 1.0489 2.7147 250.4083 0.1336 0.3398 0.1243 -0.0263 -0.0046 0.0335 0.2989 0.1566 0.1498
1494720000.0000 67050.0000 2.9382 0.7918 0.8043 3.0572 254.9179 0.1115 0.0790 0.1802 -0.0068 0.0015 -0.0665 0.1854 0.1117 0.0828
1494720000.0000 67350.0000 2.9747 1.1752 0.9888 3.2347 248.4430 0.2738 0.1590 0.1562 -0.0977 0.0571 0.0244 0.2945 0.1324 0.1188
1494720000.0000 67650.0000 3.4970 1.1500 1.1010 3.6966 251.7967 0.1701 0.0751 0.0421 -0.0426 0.0457 -0.0027 0.1437 0.0805 0.0777
1494720000.0000 67950.0000 2.7447 1.2223 0.7632 3.0416 245.9960 0.0949 0.2044 0.0459 -0.0430 0.0020 0.0306 0.1726 0.1094 0.1051
1494720000.0000 68250.0000 2.5268 0.3783 0.5952 2.5776 261.4857 0.1202 0.1067 0.0484 0.0017 0.0062 0.0084 0.1376 0.1155 0.1076
1494720000.0000 68550.0000 2.9163 0.4745 0.6118 2.9677 260.7577 0.0810 0.0779 0.0337 0.0015 0.0004 0.0092 0.0963 0.0840 0.0779
1494720000.0000 68850.0000 2.2898 0.4274 0.6236 2.3394 259.4265 0.1614 0.0364 0.0298 -0.0155 0.0293 0.0004 0.1138 0.1143 0.1103
1494720000.0000 69150.0000 1.3797 -0.0066 0.4497 1.3886 270.2724 0.0473 0.0241 0.0252 -0.0084 -0.0105 0.0106 0.0483 0.1237 0.1118
1494720000.0000 69450.0000 2.2079 -0.0453 0.4186 2.2114 271.1763 0.1123 0.0109 0.0136 0.0160 0.0126 0.0028 0.0684 0.0950 0.0918
1494720000.0000 69750.0000 2.7158 -0.0526 0.5280 2.7185 271.1100 0.0169 0.0123 0.0074 -0.0066 0.0032 -0.0026 0.0183 0.0400 0.0364
1494720000.0000 70050.0000 2.8655 -0.0724 0.6340 2.8689 271.4471 0.0481 0.0143 0.0135 0.0036 0.0048 0.0005 0.0379 0.0542 0.0503
1494720000.0000 70350.0000 2.8720 -0.2415 0.6205 2.8900 274.8061 0.0556 0.0408 0.0185 0.0201 0.0119 0.0066 0.0574 0.0664 0.0622
1494720000.0000 70650.0000 2.5152 -0.9506 0.4199 2.7111 290.7032 0.1405 0.1639 0.0452 -0.0572 0.0022 0.0246 0.1748 0.1254 0.1185
1494720000.0000 70950.0000 2.8988 -1.2727 0.3254 3.1866 293.7033 0.2380 0.1133 0.0573 -0.0062 0.0120 0.0081 0.2043 0.1160 0.1081
1494720000.0000 71250.0000 3.1448 -1.0072 0.1965 3.3057 287.7596 0.0487 0.0277 0.0179 -0.0125 -0.0021 -0.0017 0.0472 0.0536 0.0483
1494720000.0000 71550.0000 3.4438 -1.3066 0.1980 3.6894 290.7771 0.1253 0.0617 0.0367 -0.0387 0.0051 -0.0113 0.1119 0.0740 0.0678
1494720000.0000 71850.0000 3.6630 -1.4746 0.2383 3.9556 291.9284 0.1555 0.0508 0.0456 -0.0189 0.0125 -0.0071 0.1259 0.0732 0.0664
1494720000.0000 72150.0000 3.5116 -1.4858 0.2660 3.8242 292.9337 0.1379 0.0627 0.0536 0.0166 0.0129 0.0056 0.1271 0.0761 0.0678
1494720000.0000 72450.0000 2.8552 -1.6447 0.1504 3.3066 299.9428 0.1479 0.1198 0.0340 -0.0637 -0.0027 -0.0001 0.1508 0.0961 0.0907
1494720000.0000 72750.0000 2.6068 -1.4866 0.0970 3.0134 299.6955 0.0681 0.1060 0.0438 -0.0260 -0.0059 0.0020 0.1089 0.0897 0.0803
1494720000.0000 73050.0000 2.7932 -1.7275 0.1736 3.2890 301.7351 0.0607 0.0235 0.0314 -0.0035 0.0120 -0.0010 0.0578 0.0597 0.0510
1494720000.0000 73350.0000 2.4882 -1.7082 0.2583 3.0345 304.4713 0.1265 0.0752 0.0400 0.0065 0.0025 0.0195 0.1209 0.0937 0.0859
1494720000.0000 73650.0000 1.6335 -1.7547 0.1583 2.4419 317.0478 0.4307 0.1159 0.0586 -0.1056 0.0373 0.0117 0.3026 0.1869 0.1780
1494720000.0000 73950.0000 1.5065 -1.6401 0.1407 2.2482 317.4322 0.2395 0.0962 0.0348 -0.0926 0.0079 0.0062 0.1853 0.1575 0.1502
1494720000.0000 74250.0000 2.2810 -1.7760 0.0615 2.8986 307.9042 0.0514 0.0580 0.0278 -0.0125 0.0009 0.0007 0.0686 0.0740 0.0661
1494720000.0000 74550.0000 2.2280 -1.4923 0.0057 2.6899 303.8134 0.0445 0.0521 0.0261 -0.0048 -0.0008 0.0033 0.0614 0.0754 0.0669
1494720000.0000 74850.0000 2.4237 -1.3515 0.0042 2.7818 299.1456 0.0749 0.0645 0.0193 -0.0332 0.0046 0.0073 0.0794 0.0829 0.0777
1494720000.0000 75150.0000 2.5286 -1.4607 -0.0372 2.9268 300.0143 0.0449 0.0585 0.0383 -0.0194 0.0019 0.0080 0.0708 0.0744 0.0636
1494720000.0000 75450.0000 2.1565 -1.4133 -0.0345 2.5819 303.2402 0.0639 0.0288 0.0124 -0.0233 0.0070 -0.0004 0.0525 0.0726 0.0682
1494720000.0000 75750.0000 2.1732 -0.8584 0.0121 2.3556 291.5540 0.0290 0.1339 0.0086 -0.0424 -0.0009 0.0046 0.0857 0.1023 0.0997
1494720000.0000 76050.0000 2.2927 -1.0467 -0.0746 2.5293 294.5398 0.0415 0.0877 0.0097 -0.0452 0.0054 -0.0030 0.0695 0.0854 0.0824
1494720000.0000 76350.0000 2.2218 -1.1115 -0.0243 2.4868 296.5780 0.0255 0.0092 0.0086 -0.0009 -0.0001 0.0001 0.0217 0.0484 0.0433
1494720000.0000 76650.0000 1.6744 -1.0734 -0.0890 1.9916 302.6635 0.0101 0.0086 0.0037 0.0017 0.0017 0.0013 0.0112 0.0434 0.0397
1494720000.0000 76950.0000 1.6856 -1.2760 -0.1174 2.1159 307.1263 0.0098 0.0193 0.0039 -0.0083 0.0016 0.0007 0.0165 0.0496 0.0466
1494720000.0000 77250.0000 1.8203 -1.1359 -0.0813 2.1489 301.9656 0.0028 0.0182 0.0012 0.0003 0.0005 0.0011 0.0111 0.0401 0.0390
1494720000.0000 77550.0000 1.6060 -1.0348 -0.0665 1.9135 302.7933 0.0196 0.0026 0.0014 0.0039 -0.0004 0.0000 0.0118 0.0464 0.0450
1494720000.0000 77850.0000 1.2708 -1.1076 -0.0019 1.6889 311.0744 0.0101 0.0047 0.0022 0.0033 -0.0019 -0.0008 0.0085 0.0446 0.0416
1494720000.0000 78150.0000 1.1123 -0.9162 0.1537 1.4497 309.4790 0.0107 0.0253 0.0069 0.0055 -0.0007 -0.0003 0.0214 0.0825 0.0760
1494720000.0000 78450.0000 1.5696 -0.7253 0.0100 1.7308 294.8001 0.0255 0.0059 0.0059 -0.0042 -0.0072 0.0011 0.0187 0.0645 0.0592
1494720000.0000 78750.0000 1.9207 -0.8975 -0.0710 2.1228 295.0443 0.0140 0.0286 0.0011 -0.0187 -0.0008 0.0014 0.0219 0.0569 0.0562
1494720000.0000 79050.0000 1.9688 -0.8505 -0.0801 2.1472 293.3652 0.0021 0.0144 0.0005 -0.0022 -0.0002 0.0005 0.0085 0.0350 0.0345
1494720000.0000 79350.0000 1.9109 -0.3715 -0.1009 1.9478 281.0023 0.0019 0.0047 0.0006 -0.0001 0.0005 -0.0006 0.0036 0.0252 0.0241
1494720000.0000 79650.0000 1.8021 -0.3276 -0.0680 1.8345 280.3024 0.0021 0.0097 0.0011 0.0033 0.0012 0.0027 0.0065 0.0358 0.0342
1494720000.0000 79950.0000 1.8889 -0.2263 -0.0401 1.9035 276.8311 0.0088 0.0043 0.0048 0.0005 -0.0018 0.0001 0.0090 0.0407 0.0348
1494720000.0000 80250.0000 1.7790 -0.4854 -0.0776 1.8493 285.2607 0.0141 0.0139 0.0024 0.0113 0.0000 0.0002 0.0152 0.0545 0.0524
1494720000.0000 80550.0000 1.6853 -0.5645 -0.0094 1.7791 288.5177 0.0117 0.0049 0.0025 0.0010 0.0037 0.0003 0.0096 0.0449 0.0419
1494720000.0000 80850.0000 1.3167 -0.7465 -0.0334 1.5203 299.5500 0.0427 0.0039 0.0023 0.0088 0.0059 0.0015 0.0244 0.0843 0.0823
1494720000.0000 81150.0000 0.8340 -0.6654 0.0604 1.0682 308.5851 0.0052 0.0047 0.0059 -0.0024 -0.0031 0.0036 0.0079 0.0680 0.0539
1494720000.0000 81450.0000 0.8858 -0.5051 0.0807 1.0218 299.6931 0.0050 0.0027 0.0043 0.0010 0.0023 0.0011 0.0060 0.0617 0.0497
1494720000.0000 81750.0000 0.7081 -0.5020 -0.0574 0.8686 305.3368 0.0014 0.0008 0.0010 0.0000 0.0001 -0.0001 0.0016 0.0372 0.0311
1494720000.0000 82050.0000 0.9693 -0.4796 -0.0229 1.0824 296.3277 0.0063 0.0053 0.0003 -0.0045 0.0009 -0.0002 0.0060 0.0584 0.0576
1494720000.0000 82350.0000 1.0164 -0.5380 0.0010 1.1509 297.8953 0.0122 0.0008 0.0005 -0.0018 -0.0005 0.0002 0.0068 0.0585 0.0574
1494720000.0000 82650.0000 0.6922 -0.5837 0.0687 0.9092 310.1391 0.0102 0.0030 0.0031 0.0000 -0.0006 -0.0009 0.0082 0.0812 0.0734
1494720000.0000 82950.0000 0.5874 -0.6723 -0.0307 0.8949 318.8593 0.0096 0.0052 0.0039 -0.0042 -0.0007 0.0004 0.0094 0.0884 0.0788
1494720000.0000 83250.0000 0.5115 -0.5304 -0.0213 0.7420 316.0366 0.0111 0.0069 0.0045 -0.0021 -0.0005 0.0023 0.0113 0.1175 0.1051
1494720000.0000 83550.0000 0.4384 -0.4333 -0.0478 0.6196 314.6606 0.0068 0.0029 0.0025 -0.0009 0.0015 0.0001 0.0061 0.1031 0.0920
1494720000.0000 83850.0000 0.6890 -0.4530 0.0649 0.8291 303.3223 0.0182 0.0021 0.0028 -0.0006 0.0046 0.0001 0.0116 0.1062 0.0998
1494720000.0000 84150.0000 0.9008 -0.4328 0.1301 1.0030 295.6642 0.0193 0.0071 0.0126 -0.0034 0.0091 -0.0014 0.0195 0.1131 0.0939
1494720000.0000 84450.0000 0.8211 -0.5236 -0.0212 0.9800 302.5265 0.0376 0.0074 0.0040 -0.0038 0.0016 -0.0002 0.0245 0.1312 0.1257
1494720000.0000 84750.0000 0.9595 -0.7204 -0.0037 1.2092 306.8983 0.0236 0.0182 0.0113 0.0008 -0.0027 0.0010 0.0265 0.1108 0.0983
1494720000.0000 85050.0000 0.5692 -0.8002 -0.0067 1.0023 324.5760 0.0649 0.0279 0.0237 -0.0123 -0.0064 0.0074 0.0583 0.2007 0.1791
1494720000.0000 85350.0000 0.4666 -0.8860 0.0144 1.0605 332.2270 0.1240 0.0499 0.0225 0.0237 -0.0003 0.0127 0.0982 0.2554 0.2404
1494720000.0000 85650.0000 0.4082 -0.9208 -0.0714 1.0609 336.0901 0.0864 0.0659 0.0294 0.0386 0.0044 0.0063 0.0909 0.2438 0.2237
1494720000.0000 85950.0000 0.2482 -0.5851 0.0288 0.6757 337.0107 0.0533 0.0427 0.0141 0.0058 -0.0021 -0.0006 0.0550 0.3011 0.2815
1494720000.0000 86250.0000 0.0994 -0.9118 -0.0803 0.9327 353.7788 0.0253 0.0501 0.0087 0.0029 -0.0041 0.0049 0.0420 0.1818 0.1728
1494806400.0000 86550.0000 -0.0273 -0.9931 -0.0801 1.0077 1.5723 0.0279 0.0136 0.0051 -0.0075 -0.0009 0.0002 0.0233 0.1250 0.1184
1494806400.0000 86850.0000 0.0484 -1.0037 -0.1035 1.0177 357.2405 0.0219 0.0342 0.0103 0.0077 -0.0049 -0.0035 0.0332 0.1473 0.1361
1494806400.0000 87150.0000 0.2527 -0.9028 -0.0700 0.9482 344.3592 0.0212 0.0163 0.0135 -0.0014 0.0004 0.0068 0.0255 0.1386 0.1192
1494806400.0000 87450.0000 0.7742 -0.8794 0.0187 1.1915 318.6391 0.1128 0.0304 0.0198 -0.0321 0.0002 0.0021 0.0815 0.1989 0.1864
1494806400.0000 87750.0000 1.2110 -1.1203 0.0315 1.6562 312.7710 0.0214 0.0138 0.0118 0.0036 0.0010 -0.0016 0.0235 0.0759 0.0657
1494806400.0000 88050.0000 0.9692 -1.1471 0.0474 1.5130 319.8052 0.0662 0.0272 0.0257 -0.0196 0.0069 0.0077 0.0595 0.1326 0.1174
1494806400.0000 88350.0000 0.4622 -1.0448 -0.0101 1.1726 336.1371 0.0825 0.0497 0.0301 -0.0046 -0.0133 0.0053 0.0811 0.2036 0.1838
1494806400.0000 88650.0000 0.0430 -1.1170 0.0419 1.1445 357.7953 0.0550 0.0508 0.0247 0.0129 -0.0123 0.0007 0.0652 0.1864 0.1680
1494806400.0000 88950.0000 -0.1804 -1.0253 -0.0643 1.0708 9.9807 0.0578 0.0402 0.0181 -0.0186 -0.0094 0.0009 0.0580 0.1885 0.1736
1494806400.0000 89250.0000 -0.0850 -1.0995 -0.1014 1.1335 4.4214 0.0624 0.0288 0.0166 0.0063 0.0167 0.0084 0.0539 0.1712 0.1581
1494806400.0000 89550.0000 0.4441 -1.1348 0.0042 1.2703 338.6288 0.1535 0.0507 0.0480 0.0040 -0.0146 0.0056 0.1261 0.2379 0.2141
1494806400.0000 89850.0000 0.6829 -1.1839 0.0875 1.4340 330.0238 0.2422 0.0936 0.0680 -0.0214 0.0575 0.0354 0.2019 0.2679 0.2448
1494806400.0000 90150.0000 0.4554 -1.2569 0.0019 1.3575 340.0834 0.0627 0.0604 0.0249 -0.0010 -0.0031 0.0134 0.0740 0.1662 0.1516
1494806400.0000 90450.0000 0.3599 -1.3857 -0.0381 1.4441 345.4413 0.0258 0.0682 0.0289 0.0084 -0.0070 0.0054 0.0615 0.1413 0.1236
1494806400.0000 90750.0000 -0.0044 -1.5186 -0.1455 1.5285 0.1660 0.0298 0.0135 0.0099 -0.0059 -0.0035 0.0030 0.0266 0.0873 0.0792
1494806400.0000 91050.0000 -0.1798 -1.4358 -0.1951 1.4572 7.1360 0.0276 0.0225 0.0089 -0.0127 -0.0079 0.0018 0.0295 0.0961 0.0893
1494806400.0000 91350.0000 0.0716 -1.5619 -0.1465 1.5765 357.3757 0.0416 0.0165 0.0141 -0.0117 -0.0100 0.0009 0.0361 0.0988 0.0890
1494806400.0000 91650.0000 0.2153 -1.6395 -0.0937 1.6609 352.5191 0.0219 0.0207 0.0106 0.0037 -0.0023 -0.0021 0.0266 0.0805 0.0721
1494806400.0000 91950.0000 -0.3293 -1.4505 -0.1799 1.5009 12.7907 0.0393 0.0097 0.0048 -0.0060 -0.0006 -0.0013 0.0269 0.0894 0.0859
1494806400.0000 92250.0000 -0.6741 -1.2903 -0.1993 1.4597 27.5834 0.0117 0.0065 0.0031 -0.0009 -0.0023 0.0004 0.0106 0.0572 0.0534
1494806400.0000 92550.0000 -0.9089 -1.1371 -0.1930 1.4650 38.6344 0.0186 0.0110 0.0026 -0.0118 0.0014 -0.0020 0.0161 0.0705 0.0682
1494806400.0000 92850.0000 -1.2867 -0.9615 -0.2937 1.6114 53.2299 0.0126 0.0108 0.0050 -0.0051 -0.0002 0.0015 0.0142 0.0596 0.0549
1494806400.0000 93150.0000 -1.4520 -0.8505 -0.2770 1.6876 59.6412 0.0251 0.0079 0.0034 -0.0054 -0.0025 0.0022 0.0182 0.0646 0.0623
1494806400.0000 93450.0000 -1.9126 -1.1940 -0.2580 2.2602 58.0248 0.0077 0.0379 0.0070 0.0056 -0.0004 -0.0049 0.0263 0.0583 0.0546
1494806400.0000 93750.0000 -2.0429 -0.9899 -0.3151 2.2782 64.1472 0.0126 0.0329 0.0108 -0.0098 0.0039 -0.0030 0.0282 0.0598 0.0542
1494806400.0000 94050.0000 -2.3409 -1.1163 -0.2186 2.6051 64.5042 0.0872 0.1208 0.0294 0.0705 -0.0190 -0.0284 0.1187 0.1081 0.1015
1494806400.0000 94350.0000 -2.9471 -1.5221 -0.3027 3.3227 62.6848 0.0526 0.0281 0.0280 -0.0052 -0.0008 -0.0022 0.0544 0.0572 0.0495
1494806400.0000 94650.0000 -2.9239 -1.7166 -0.4267 3.3947 59.5828 0.0158 0.0390 0.0325 0.0074 -0.0077 -0.0053 0.0436 0.0499 0.0399
1494806400.0000 94950.0000 -2.3040 -1.5360 -0.5989 2.7744 56.3098 0.0394 0.0172 0.0358 -0.0061 0.0109 -0.0079 0.0462 0.0620 0.0496
1494806400.0000 95250.0000 -2.0915 -1.6025 -0.3290 2.6397 52.5404 0.0344 0.0499 0.0269 0.0199 -0.0029 -0.0077 0.0556 0.0725 0.0636
1494806400.0000 95550.0000 -2.3516 -1.5861 -0.3931 2.8504 56.0011 0.1174 0.0287 0.0219 -0.0262 0.0138 -0.0043 0.0840 0.0826 0.0778
1494806400.0000 95850.0000 -2.2515 -1.7881 -0.4394 2.8925 51.5445 0.1010 0.0717 0.0337 -0.0194 0.0024 -0.0063 0.1032 0.0902 0.0835
1494806400.0000 96150.0000 -2.2712 -2.1354 -0.3695 3.1230 46.7655 0.0329 0.0510 0.0238 0.0083 0.0067 0.0029 0.0538 0.0604 0.0536
1494806400.0000 96450.0000 -2.3685 -2.1401 -0.3635 3.2006 47.9006 0.0448 0.0411 0.0380 -0.0102 0.0071 0.0024 0.0620 0.0633 0.0530
1494806400.0000 96750.0000 -2.3632 -2.1853 -0.3260 3.2275 47.2406 0.0441 0.0802 0.0420 0.0087 -0.0033 0.0138 0.0832 0.0728 0.0633
1494806400.0000 97050.0000 -2.3875 -2.2633 -0.3219 3.3007 46.5299 0.0654 0.1164 0.0489 0.0225 0.0018 0.0225 0.1154 0.0839 0.0748
1494806400.0000 97350.0000 -2.7018 -2.1500 -0.3948 3.4682 51.4880 0.0487 0.1291 0.0372 -0.0067 -0.0083 0.0251 0.1075 0.0770 0.0705
1494806400.0000 97650.0000 -2.6646 -2.3415 -0.3440 3.5631 48.6930 0.0685 0.1821 0.1005 0.0204 -0.0048 0.0057 0.1755 0.0960 0.0815
1494806400.0000 97950.0000 -3.0963 -2.7845 -0.1788 4.1885 48.0356 0.1318 0.3391 0.0881 0.0423 -0.0196 0.0009 0.2795 0.1036 0.0951
1494806400.0000 98250.0000 -2.9071 -3.2240 -0.1893 4.3568 42.0414 0.0661 0.2648 0.1005 0.0232 -0.0081 0.0641 0.2157 0.0873 0.0765
1494806400.0000 98550.0000 -3.2483 -3.5886 -0.0421 4.8504 42.1508 0.1001 0.0790 0.0453 -0.0050 -0.0151 0.0067 0.1122 0.0565 0.0505
1494806400.0000 98850.0000 -3.7298 -3.1784 -0.0267 4.9128 49.5636 0.1239 0.0822 0.0451 -0.0201 0.0133 -0.0198 0.1256 0.0590 0.0535
1494806400.0000 99150.0000 -3.6363 -3.0094 -0.0011 4.7323 50.3885 0.2263 0.0529 0.0495 0.0099 0.0023 0.0083 0.1643 0.0701 0.0646
1494806400.0000 99450.0000 -3.9542 -2.5647 -0.1189 4.7356 57.0323 0.2021 0.1068 0.0809 -0.0778 -0.0282 -0.0166 0.1949 0.0765 0.0681
1494806400.0000 99750.0000 -3.6713 -2.4889 -0.1469 4.4437 55.8661 0.0692 0.0540 0.0524 -0.0152 0.0103 -0.0110 0.0878 0.0545 0.0457
1494806400.0000 100050.0000 -3.6907 -2.6784 -0.1866 4.5721 54.0313 0.1424 0.1026 0.0651 0.0062 -0.0126 -0.0054 0.1550 0.0704 0.0627
1494806400.0000 100350.0000 -3.9467 -2.7760 -0.1834 4.8392 54.8784 0.1197 0.0892 0.0646 -0.0405 0.0009 -0.0181 0.1367 0.0625 0.0547
1494806400.0000 100650.0000 -4.3570 -2.9006 -0.0891 5.2403 56.3467 0.0691 0.0497 0.0351 -0.0088 -0.0084 -0.0035 0.0769 0.0433 0.0380
1494806400.0000 100950.0000 -4.4278 -2.8490 -0.1237 5.2734 57.2409 0.0735 0.0567 0.0380 -0.0268 0.0159 -0.0148 0.0841 0.0450 0.0396
1494806400.0000 101250.0000 -4.6815 -2.9887 -0.0430 5.5615 57.4455 0.0867 0.0874 0.0740 0.0059 -0.0069 -0.0312 0.1241 0.0518 0.0434
1494806400.0000 101550.0000 -4.6461 -2.9607 -0.0311 5.5240 57.4935 0.1627 0.1068 0.0951 -0.0379 -0.0131 -0.0409 0.1823 0.0633 0.0544
1494806400.0000 101850.0000 -5.2146 -3.0589 -0.0431 6.0509 59.6042 0.0567 0.0471 0.0508 -0.0166 -0.0012 -0.0157 0.0773 0.0375 0.0308
1494806400.0000 102150.0000 -4.7591 -3.3593 -0.0622 5.8313 54.7831 0.0867 0.0484 0.0438 -0.0091 -0.0063 0.0049 0.0894 0.0419 0.0364
1494806400.0000 102450.0000 -4.9259 -3.2734 -0.0884 5.9207 56.3949 0.0687 0.0990 0.0278 0.0159 -0.0094 -0.0207 0.0977 0.0432 0.0400
1494806400.0000 102750.0000 -4.7678 -3.6449 -0.0499 6.0075 52.6031 0.0420 0.0501 0.0071 -0.0274 -0.0023 0.0026 0.0496 0.0303 0.0292
1494806400.0000 103050.0000 -4.5201 -3.8226 -0.0049 5.9224 49.7789 0.0056 0.0474 0.0076 -0.0009 0.0005 0.0135 0.0303 0.0240 0.0224
1494806400.0000 103350.0000 -4.6747 -3.5068 -0.0473 5.8513 53.1240 0.0419 0.1498 0.0199 0.0312 -0.0069 -0.0155 0.1058 0.0454 0.0433
1494806400.0000 103650.0000 -4.4404 -3.3914 -0.1124 5.5930 52.6290 0.0646 0.0688 0.0263 0.0032 -0.0113 0.0045 0.0798 0.0413 0.0377
1494806400.0000 103950.0000 -4.4505 -3.9124 -0.0844 5.9294 48.6814 0.0249 0.0387 0.0080 -0.0121 -0.0027 0.0005 0.0357 0.0260 0.0246
1494806400.0000 104250.0000 -4.3558 -4.1704 -0.2032 6.0324 46.2455 0.0413 0.0334 0.0208 0.0123 -0.0028 0.0034 0.0478 0.0296 0.0262
1494806400.0000 104550.0000 -4.4146 -3.8775 -0.1480 5.8808 48.7058 0.0310 0.0568 0.0245 -0.0145 -0.0018 -0.0006 0.0562 0.0329 0.0291
1494806400.0000 104850.0000 -4.3491 -3.5201 -0.0155 5.5991 51.0133 0.0908 0.0497 0.0464 0.0225 0.0070 0.0056 0.0935 0.0446 0.0387
1494806400.0000 105150.0000 -4.6349 -3.6233 0.0140 5.8880 51.9834 0.0766 0.0574 0.0458 0.0079 0.0023 -0.0086 0.0899 0.0416 0.0359
1494806400.0000 105450.0000 -4.7374 -3.6581 -0.1208 5.9959 52.3252 0.1923 0.1162 0.1089 0.0221 -0.0288 0.0301 0.2087 0.0623 0.0536
1494806400.0000 105750.0000 -4.6620 -3.9763 -0.1458 6.1379 49.5389 0.1500 0.0783 0.0726 -0.0190 0.0097 -0.0109 0.1505 0.0517 0.0450
1494806400.0000 106050.0000 -4.6195 -3.9198 -0.1427 6.0710 49.6842 0.1395 0.3697 0.0915 0.1295 -0.0061 -0.0071 0.3003 0.0738 0.0680
1494806400.0000 106350.0000 -4.9652 -4.0816 0.0087 6.4385 50.5785 0.1297 0.1831 0.1273 0.0247 -0.0388 0.0042 0.2201 0.0596 0.0502
1494806400.0000 106650.0000 -4.9366 -4.1149 0.0089 6.4369 50.1868 0.1473 0.1755 0.1094 0.0350 -0.0319 -0.0025 0.2161 0.0591 0.0510
1494806400.0000 106950.0000 -4.5976 -4.0188 0.0457 6.1213 48.8429 0.1251 0.1993 0.1036 -0.0111 -0.0002 -0.0188 0.2140 0.0619 0.0538
1494806400.0000 107250.0000 -4.8956 -4.0908 -0.0188 6.3885 50.1177 0.1138 0.1997 0.1171 0.0573 -0.0167 -0.0435 0.2153 0.0594 0.0507
1494806400.0000 107550.0000 -5.2489 -4.3430 0.1492 6.8207 50.3953 0.1043 0.0944 0.0748 -0.0066 -0.0214 0.0036 0.1368 0.0443 0.0378
1494806400.0000 107850.0000 -5.4774 -3.8986 0.0946 6.7304 54.5585 0.0993 0.0724 0.0419 -0.0166 -0.0010 -0.0145 0.1067 0.0397 0.0356
1494806400.0000 108150.0000 -5.6590 -3.4274 -0.0980 6.6223 58.7984 0.0906 0.0638 0.0547 -0.0139 0.0214 -0.0205 0.1046 0.0399 0.0343
1494806400.0000 108450.0000 -6.0692 -3.0502 -0.0776 6.7991 63.3175 0.0664 0.0655 0.0316 -0.0287 0.0108 -0.0108 0.0818 0.0344 0.0309
1494806400.0000 108750.0000 -5.8371 -2.8153 -0.0615 6.4948 64.2511 0.2377 0.1153 0.1028 -0.0521 0.0533 -0.0299 0.2280 0.0602 0.0529
1494806400.0000 109050.0000 -6.1175 -2.6964 -0.1879 6.6903 66.2134 0.0713 0.0602 0.0424 -0.0047 0.0090 0.0006 0.0869 0.0360 0.0313
1494806400.0000 109350.0000 -5.5359 -2.6115 -0.3457 6.1276 64.7446 0.0752 0.0619 0.0698 -0.0212 0.0084 -0.0176 0.1035 0.0428 0.0349
1494806400.0000 109650.0000 -5.3962 -2.6880 -0.3053 6.0467 63.5207 0.1791 0.1736 0.1110 -0.0558 0.0013 0.0066 0.2319 0.0651 0.0569
1494806400.0000 109950.0000 -4.7344 -2.7029 -0.3121 5.4925 60.2779 0.5213 0.2667 0.4241 -0.1250 0.1961 -0.0765 0.6060 0.1164 0.0940
1494806400.0000 110250.0000 -5.0582 -2.8455 -0.4457 5.8391 60.6401 0.4780 0.2671 0.3640 -0.0922 0.0902 -0.0487 0.5545 0.1045 0.0859
1494806400.0000 110550.0000 -5.0252 -2.6351 -0.4256 5.7052 62.3285 0.5403 0.1582 0.1528 -0.1283 0.0713 -0.0117 0.4257 0.0936 0.0850
1494806400.0000 110850.0000 -5.4200 -2.6055 -0.2751 6.0203 64.3257 0.1147 0.0620 0.0419 -0.0054 0.0152 -0.0069 0.1093 0.0448 0.0403
1494806400.0000 111150.0000 -5.5562 -2.7589 -0.0763 6.2077 63.5935 0.0787 0.0865 0.0685 0.0432 -0.0314 -0.0416 0.1169 0.0450 0.0378
1494806400.0000 111450.0000 -5.1308 -2.7869 -0.1635 5.8768 61.4903 0.7299 0.3362 0.5533 0.0050 0.0093 -0.0103 0.8097 0.1258 0.1021
1494806400.0000 111750.0000 -4.5734 -2.2718 -0.5413 5.1464 63.5843 0.3454 0.2890 0.3861 -0.1205 -0.0815 0.0760 0.5103 0.1136 0.0901
1494806400.0000 112050.0000 -4.6412 -2.4517 -0.2796 5.2641 62.1549 0.3273 0.1250 0.1633 0.0195 0.0980 0.0208 0.3078 0.0862 0.0740
1494806400.0000 112350.0000 -4.5435 -2.3453 -0.5352 5.1245 62.6981 0.2396 0.0749 0.0666 -0.0038 0.0351 -0.0227 0.1906 0.0693 0.0633
1494806400.0000 112650.0000 -3.8019 -2.6611 -0.4373 4.6690 55.0100 0.2327 0.1919 0.2483 -0.0573 0.0615 -0.0104 0.3364 0.1016 0.0811
1494806400.0000 112950.0000 -3.7799 -2.3107 -0.2466 4.4489 58.5620 0.1272 0.1232 0.2160 -0.0430 0.0055 0.0178 0.2331 0.0889 0.0652
1494806400.0000 113250.0000 -3.9253 -2.6396 -0.3052 4.7508 56.0812 0.2460 0.1644 0.1848 -0.0074 -0.0190 -0.0077 0.2976 0.0940 0.0782
1494806400.0000 113550.0000 -4.6027 -2.6907 -0.5253 5.3701 59.6903 0.2527 0.4372 0.2362 -0.0180 0.0614 0.0530 0.4631 0.1037 0.0899
1494806400.0000 113850.0000 -4.1981 -2.3356 -0.5405 4.8401 60.9105 0.2683 0.4092 0.2747 0.0376 0.0681 -0.0149 0.4761 0.1165 0.0989
1494806400.0000 114150.0000 -3.8180 -2.3024 -0.1378 4.4992 58.9083 0.4862 0.3792 0.4837 0.0699 0.1906 0.1150 0.6746 0.1503 0.1205
1494806400.0000 114450.0000 -3.2286 -2.3946 -0.3278 4.0408 53.4353 0.2973 0.2225 0.1980 0.0913 0.0447 0.0528 0.3589 0.1213 0.1036
1494806400.0000 114750.0000 -3.2187 -2.5408 -0.4231 4.1384 51.7130 0.2636 0.2046 0.1370 -0.0804 0.0360 0.0105 0.3025 0.1089 0.0963
1494806400.0000 115050.0000 -3.3016 -2.6902 -0.3679 4.2923 50.8267 0.4759 0.3523 0.3454 0.1187 0.1437 0.0273 0.5868 0.1463 0.1234
1494806400.0000 115350.0000 -4.1721 -2.9557 -0.1616 5.1425 54.6847 0.2388 0.3536 0.3142 0.0104 0.0407 0.0117 0.4533 0.1075 0.0869
1494806400.0000 115650.0000 -4.1925 -2.9147 -0.3750 5.1310 55.1924 0.1985 0.2779 0.2897 0.0019 0.0465 0.0538 0.3831 0.0987 0.0780
1494806400.0000 115950.0000 -4.3535 -3.1777 -0.2831 5.4227 53.8737 0.3374 0.2761 0.2118 -0.0523 0.0460 -0.0012 0.4126 0.0972 0.0839
1494806400.0000 116250.0000 -4.6571 -3.6668 -0.2219 5.9631 51.7849 0.3715 0.3148 0.3919 -0.0812 0.0800 -0.0356 0.5391 0.1011 0.0807
1494806400.0000 116550.0000 -4.5580 -3.2964 -0.1381 5.6480 54.1252 0.1691 0.2409 0.2008 -0.0469 0.0071 -0.0439 0.3054 0.0802 0.0657
1494806400.0000 116850.0000 -4.4469 -3.5597 -0.1457 5.7226 51.3229 0.3258 0.3590 0.3111 0.0407 0.0141 -0.1029 0.4979 0.1011 0.0839
1494806400.0000 117150.0000 -4.2330 -3.4855 -0.2082 5.5133 50.5312 0.2007 0.3659 0.1727 -0.0251 0.0004 -0.0935 0.3696 0.0905 0.0793
1494806400.0000 117450.0000 -4.1764 -3.2963 -0.1704 5.3523 51.7174 0.1762 0.3393 0.2591 -0.0595 0.0282 0.0081 0.3873 0.0955 0.0779
1494806400.0000 117750.0000 -3.8364 -3.3617 -0.2847 5.1261 48.7735 0.1343 0.2587 0.2659 -0.0517 0.0311 -0.1138 0.3294 0.0917 0.0710
1494806400.0000 118050.0000 -4.0517 -3.5390 -0.1858 5.4074 48.8636 0.1800 0.2630 0.2070 -0.0729 -0.0093 -0.0200 0.3250 0.0865 0.0714
1494806400.0000 118350.0000 -4.1470 -3.3831 -0.3813 5.3721 50.7930 0.1171 0.1936 0.1761 -0.0564 -0.0239 -0.0355 0.2434 0.0751 0.0601
1494806400.0000 118650.0000 -4.4638 -2.9693 -0.1169 5.3820 56.3688 0.1899 0.1682 0.2534 -0.0527 0.0182 -0.0503 0.3057 0.0842 0.0644
1494806400.0000 118950.0000 -4.4586 -2.8466 -0.2462 5.3127 57.4433 0.1586 0.2347 0.5180 -0.0294 0.0440 -0.0137 0.4556 0.1041 0.0684
1494806400.0000 119250.0000 -4.2676 -2.9512 -0.3129 5.2161 55.3344 0.1767 0.2198 0.1767 -0.0859 0.0167 -0.0404 0.2866 0.0841 0.0701
1494806400.0000 119550.0000 -4.5504 -2.7137 -0.1849 5.3413 59.1891 0.4326 0.3537 0.3444 -0.0915 0.0582 -0.0527 0.5653 0.1158 0.0966
1494806400.0000 119850.0000 -4.4797 -2.8997 -0.1427 5.3706 57.0848 0.2831 0.3410 0.5140 -0.0372 0.1168 -0.1383 0.5690 0.1154 0.0855
1494806400.0000 120150.0000 -4.5299 -3.2163 -0.1076 5.6088 54.6241 0.5083 0.4275 0.3729 -0.1433 0.0389 -0.1711 0.6543 0.1189 0.1005
1494806400.0000 120450.0000 -3.8044 -3.4414 -0.1250 5.1781 47.8680 0.3655 0.3705 0.3894 -0.1133 0.0562 -0.1340 0.5627 0.1194 0.0966
1494806400.0000 120750.0000 -3.6993 -3.2946 -0.0181 4.9909 48.3121 0.2637 0.4302 0.4847 -0.0081 -0.0020 -0.0278 0.5893 0.1265 0.0971
1494806400.0000 121050.0000 -3.8958 -3.5685 -0.3750 5.3165 47.5110 0.2454 0.2916 0.2579 -0.0848 -0.0090 -0.0293 0.3975 0.0972 0.0801
1494806400.0000 121350.0000 -3.9031 -3.7649 -0.4029 5.4477 46.0329 0.2331 0.2527 0.3618 -0.0249 -0.0615 -0.0240 0.4238 0.0977 0.0742
1494806400.0000 121650.0000 -3.5726 -3.8090 -0.0932 5.2566 43.1658 0.2700 0.3284 0.3537 -0.0657 -0.0429 -0.0488 0.4761 0.1079 0.0855
1494806400.0000 121950.0000 -3.7773 -3.5087 -0.1277 5.1908 47.1107 0.3543 0.2382 0.2868 -0.0777 0.0320 -0.0648 0.4396 0.1050 0.0862
1494806400.0000 122250.0000 -4.1161 -3.0340 0.1045 5.1464 53.6059 0.3462 0.4067 0.3190 0.0533 -0.1141 -0.0719 0.5360 0.1169 0.0980
1494806400.0000 122550.0000 -3.9294 -3.0960 -0.1988 5.0481 51.7653 0.3542 0.3295 0.2958 -0.1210 -0.0655 -0.0946 0.4897 0.1141 0.0954
1494806400.0000 122850.0000 -3.4827 -2.7501 -0.1375 4.4870 51.7038 0.4132 0.4415 0.4665 -0.0293 0.0318 -0.0972 0.6606 0.1495 0.1203
1494806400.0000 123150.0000 -3.5289 -3.3808 -0.2190 4.9073 46.2283 0.1865 0.1536 0.1952 -0.0298 -0.0331 -0.0324 0.2676 0.0863 0.0689
1494806400.0000 123450.0000 -3.7404 -3.1279 -0.0129 4.9087 50.0960 0.1575 0.3243 0.1822 -0.0588 -0.0206 -0.0806 0.3320 0.0965 0.0822
1494806400.0000 123750.0000 -3.4081 -2.6985 0.1555 4.4171 51.6286 0.3565 0.6000 0.5268 -0.1170 0.0604 -0.1206 0.7417 0.1617 0.1299
1494806400.0000 124050.0000 -2.8908 -3.1128 0.4621 4.3503 42.8818 0.8760 0.3746 0.5533 -0.2303 0.1602 -0.1573 0.9019 0.1815 0.1520
1494806400.0000 124350.0000 -3.9217 -2.1733 0.4932 4.6224 61.0065 0.6192 1.0577 0.3531 -0.3630 -0.0327 -0.1441 1.0150 0.1824 0.1667
1494806400.0000 124650.0000 -3.6282 -2.4604 -0.0476 4.4325 55.8571 0.3037 0.4697 0.3935 -0.0160 -0.0800 -0.0906 0.5834 0.1423 0.1158
1494806400.0000 124950.0000 -2.3634 -2.7768 0.0856 3.6943 40.4015 0.4643 0.4491 0.3388 0.1255 -0.0186 -0.0832 0.6261 0.1771 0.1513
1494806400.0000 125250.0000 -4.1246 -2.9844 0.4928 5.1465 54.1124 0.3496 0.6025 0.2387 -0.0310 0.0651 -0.0499 0.5953 0.1232 0.1106
1494806400.0000 125550.0000 -3.4515 -3.2362 0.4485 4.7821 46.8440 0.3218 0.4090 0.2838 -0.0984 0.0029 -0.1253 0.5074 0.1224 0.1043
1494806400.0000 125850.0000 -3.7252 -3.5394 0.4534 5.1790 46.4648 0.3461 0.4474 0.3731 -0.0166 -0.0492 -0.0527 0.5833 0.1209 0.1001
1494806400.0000 126150.0000 -3.1014 -2.1838 0.5096 3.9446 54.8495 0.8738 0.8585 0.3680 -0.3021 0.0830 -0.1478 1.0502 0.2186 0.2003
1494806400.0000 126450.0000 -3.3463 -2.0369 0.5588 3.9686 58.6713 0.6089 0.5186 0.3630 0.2100 0.1025 -0.0024 0.7453 0.1781 0.1565
1494806400.0000 126750.0000 -3.2945 -1.3563 0.3724 3.7476 67.6236 0.8599 1.3740 0.4142 -0.1859 0.1291 -0.1059 1.3240 0.2623 0.2422
1494806400.0000 127050.0000 -3.2020 -1.0980 0.3725 3.6667 71.0722 0.5427 2.0050 0.5451 -0.4071 -0.0382 -0.0499 1.5464 0.2982 0.2722
1494806400.0000 127350.0000 -3.0785 -3.0070 0.5704 4.3723 45.6730 0.3008 0.8833 0.2008 0.0730 0.0594 0.0379 0.6924 0.1565 0.1460
1494806400.0000 127650.0000 -2.6591 0.2753 0.2811 2.8077 95.9100 0.3513 0.7263 0.5276 -0.0669 0.0573 -0.1717 0.8026 0.2721 0.2242
1494806400.0000 127950.0000 -3.4027 -0.3574 0.4190 3.5451 84.0046 1.3201 0.7403 0.4761 -0.2314 0.3061 -0.1386 1.2682 0.2668 0.2422
1494806400.0000 128250.0000 -3.8627 -0.2296 -0.0384 3.9550 86.5983 1.0056 0.6645 0.5510 0.1932 0.1293 -0.1576 1.1106 0.2224 0.1928
1494806400.0000 128550.0000 -3.0455 -0.5442 -0.0369 3.2047 79.8685 0.6622 0.6067 0.3089 -0.1696 0.0600 0.0502 0.7889 0.2344 0.2102
1494806400.0000 128850.0000 -3.7932 0.0717 -0.3003 3.8351 91.0835 0.7708 0.3177 0.2398 -0.1671 -0.0309 -0.0268 0.6642 0.1748 0.1588
1494806400.0000 129150.0000 -2.9656 0.6860 0.2307 3.1362 103.0236 0.5000 0.5701 0.4310 0.0154 0.2337 -0.1182 0.7505 0.2317 0.1962
1494806400.0000 129450.0000 -3.6243 -0.1456 0.1422 3.6850 87.6997 0.8913 0.3633 0.2612 -0.1180 0.0752 -0.0640 0.7579 0.1958 0.1783
1494806400.0000 129750.0000 -3.2882 -0.0905 0.1208 3.3512 88.4230 0.2951 0.3813 0.3141 -0.1048 0.1279 -0.1013 0.4952 0.1746 0.1444
1494806400.0000 130050.0000 -2.7746 -0.1290 0.2907 2.8332 87.3379 0.5545 0.3107 0.4884 0.0731 -0.1687 0.0411 0.6768 0.2405 0.1933
1494806400.0000 130350.0000 -3.1806 -0.1960 -0.1036 3.2295 86.4738 0.3488 0.2603 0.2515 0.0133 -0.0618 0.0697 0.4303 0.1680 0.1414
1494806400.0000 130650.0000 -2.8873 -0.4986 0.0856 3.0190 80.2030 0.2204 0.5516 0.2726 0.0360 -0.0604 -0.1135 0.5222 0.2013 0.1731
1494806400.0000 130950.0000 -3.1146 -1.7196 0.2793 3.6071 61.0963 0.2964 0.3725 0.2890 0.0238 0.0407 -0.0832 0.4789 0.1583 0.1327
1494806400.0000 131250.0000 -2.3845 -1.3390 0.4481 2.9543 60.6846 1.4011 0.6051 0.3138 -0.3781 0.2151 -0.1732 1.1600 0.3173 0.2990
1494806400.0000 131550.0000 -1.1178 -1.3303 0.2520 1.8437 40.0409 0.2806 0.4186 0.2489 -0.0089 0.0277 0.1565 0.4740 0.3202 0.2778
1494806400.0000 131850.0000 -2.7130 0.2751 -0.2929 2.7730 95.7901 0.3382 0.2575 0.3597 -0.0404 -0.0324 -0.1031 0.4777 0.2058 0.1634
1494806400.0000 132150.0000 -2.0071 -0.2692 -0.2120 2.1012 82.3600 0.8196 0.2372 0.1662 -0.3304 -0.1585 0.0389 0.6115 0.3136 0.2931
1494806400.0000 132450.0000 -1.4347 -0.8274 0.0561 1.7185 60.0272 0.1747 0.3120 0.1955 0.1184 -0.0241 0.0365 0.3411 0.2878 0.2432
1494806400.0000 132750.0000 -1.8307 -0.8167 -0.0040 2.1180 65.9592 0.2984 0.3392 0.0936 -0.1528 -0.0315 -0.0037 0.3656 0.2463 0.2300
1494806400.0000 133050.0000 -1.8145 -0.5813 -0.0812 1.9202 72.2349 0.3184 0.1122 0.1153 0.1278 -0.0617 -0.0433 0.2729 0.2237 0.1988
1494806400.0000 133350.0000 -1.7130 -0.3140 -0.1042 1.7996 79.6117 0.4644 0.1951 0.3302 -0.0468 0.0462 -0.0507 0.4948 0.3292 0.2692
1494806400.0000 133650.0000 -1.9903 -0.4385 0.0563 2.0886 77.5756 0.6738 0.2357 0.3034 0.2474 -0.0355 -0.0558 0.6065 0.3119 0.2702
1494806400.0000 133950.0000 -1.9216 -1.2821 0.1999 2.3846 56.2895 0.7564 0.2596 0.3604 0.0719 0.0137 -0.1295 0.6882 0.2921 0.2519
1494806400.0000 134250.0000 -1.4866 -1.5120 0.2765 2.1726 44.5132 0.4562 0.5837 0.3045 0.3069 -0.1588 -0.1039 0.6722 0.3130 0.2777
1494806400.0000 134550.0000 -1.4766 -1.4504 0.1136 2.1345 45.5133 0.4408 0.3784 0.3129 0.1902 -0.0789 -0.0847 0.5661 0.2964 0.2525
1494806400.0000 134850.0000 -0.9839 -1.8285 0.5524 2.1520 28.2838 0.1892 0.7859 0.1953 0.0903 -0.0111 0.0481 0.5852 0.2907 0.2746
1494806400.0000 135150.0000 -1.0623 -1.8298 0.3686 2.1789 30.1381 0.1867 0.3707 0.3858 -0.0219 0.0103 0.0022 0.4716 0.2611 0.2037
1494806400.0000 135450.0000 -0.9624 -0.9761 -0.4877 1.5240 44.5948 0.2333 0.5368 0.3786 -0.0236 0.1113 -0.2040 0.5743 0.4253 0.3696
1494806400.0000 135750.0000 -0.9819 -0.8202 0.0788 1.3928 50.1279 0.3785 0.8454 0.5515 0.3734 -0.2651 -0.5091 0.8877 0.6002 0.4993
1494806400.0000 136050.0000 -0.3243 -1.4260 0.2811 1.6803 12.8133 0.5935 0.6686 0.3347 -0.0372 -0.0315 -0.1665 0.7984 0.4899 0.4435
1494806400.0000 136350.0000 -1.1177 -1.7006 0.7470 2.1626 33.3144 0.3770 0.6989 0.2411 -0.0536 0.0097 -0.0521 0.6585 0.3056 0.2943
1494806400.0000 136650.0000 -0.9316 -1.5587 0.4809 1.8921 30.8657 0.2578 0.2735 0.4575 0.0006 -0.1089 -0.0397 0.4944 0.3056 0.2318
1494806400.0000 136950.0000 -1.1858 -1.4876 0.3829 1.9995 38.5595 0.6425 0.2030 0.3304 0.0711 -0.0828 0.0126 0.5880 0.3226 0.2791
1494806400.0000 137250.0000 -1.3809 -1.3248 0.0607 1.9890 46.1893 0.2061 0.4173 0.4418 0.0583 -0.0188 -0.0584 0.5326 0.3112 0.2382
1494806400.0000 137550.0000 -1.7658 -2.1871 0.0441 2.8668 38.9164 0.2702 0.6964 0.1949 0.1458 -0.0373 -0.1104 0.5807 0.2213 0.2019
1494806400.0000 137850.0000 -2.7693 -0.6141 0.5174 2.9806 77.4970 0.8698 0.6782 0.3376 -0.3165 -0.1129 0.0345 0.9428 0.2749 0.2532
1494806400.0000 138150.0000 -1.6575 -1.1028 0.2717 2.0959 56.3620 0.7513 0.2741 0.3342 -0.0204 0.0803 -0.1212 0.6798 0.3351 0.2937
1494806400.0000 138450.0000 -2.3948 -0.1209 0.1285 2.5271 87.1097 1.0736 0.4566 0.3441 -0.2343 0.2027 -0.0792 0.9371 0.3292 0.2978
1494806400.0000 138750.0000 -1.8820 0.5799 0.2951 2.1733 107.1253 0.3386 0.7668 0.2340 0.2101 -0.0691 -0.1227 0.6697 0.3356 0.3082
1494806400.0000 139050.0000 -2.5196 -0.7174 0.2373 2.7590 74.1070 0.7112 0.6491 0.1949 -0.0920 -0.0650 -0.0973 0.7775 0.2737 0.2570
1494806400.0000 139350.0000 -1.2294 -2.0932 0.5728 2.4652 30.4285 0.2232 0.1017 0.0953 0.0054 -0.0385 -0.0272 0.2101 0.1501 0.1356
1494806400.0000 139650.0000 -1.0338 -1.4625 -0.0169 1.8383 35.2546 0.1261 0.1948 0.1412 -0.0174 0.0265 -0.0726 0.2310 0.2191 0.1826
1494806400.0000 139950.0000 -0.4087 -0.7661 0.0259 1.2084 28.0776 0.3085 0.7892 0.3834 0.2002 -0.0318 0.1494 0.7406 0.8089 0.6967
1494806400.0000 140250.0000 -1.6253 -1.0191 0.4142 1.9697 57.9105 0.2564 0.1535 0.0959 -0.0038 -0.0363 -0.0092 0.2529 0.2092 0.1927
1494806400.0000 140550.0000 -1.4079 0.3201 -0.0923 1.5407 102.8102 0.1145 0.3222 0.0698 -0.0670 -0.0168 -0.0152 0.2532 0.2840 0.2642
1494806400.0000 140850.0000 -1.1958 0.8965 -0.4746 1.5140 126.8593 0.2634 0.0947 0.0666 -0.1143 -0.0011 0.0192 0.2124 0.2400 0.2312
1494806400.0000 141150.0000 -2.0076 0.2441 -0.2101 2.0684 96.9317 0.3157 0.1609 0.2090 0.0700 -0.0908 -0.0704 0.3428 0.2351 0.1971
1494806400.0000 141450.0000 -1.6185 -0.6193 -0.0265 1.7619 69.0622 0.1267 0.1004 0.1197 0.0172 0.0281 0.0368 0.1734 0.1962 0.1588
1494806400.0000 141750.0000 -1.6704 -0.8325 0.1286 1.9355 63.5099 0.2774 0.1940 0.1723 -0.0673 -0.1313 -0.0078 0.3218 0.2476 0.2124
1494806400.0000 142050.0000 -1.0819 -0.5822 -0.0312 1.3510 61.7134 0.7045 0.2292 0.2144 0.1143 -0.1926 -0.0318 0.5741 0.5034 0.4541
1494806400.0000 142350.0000 -1.4602 -0.3190 0.2533 1.5653 77.6756 0.4793 0.3174 0.1822 0.2636 -0.1309 -0.0808 0.4894 0.3768 0.3448
1494806400.0000 142650.0000 -1.7762 -0.9555 -0.1659 2.0449 61.7223 0.1496 0.1547 0.1582 0.0522 -0.0803 -0.0252 0.2312 0.1940 0.1579
1494806400.0000 142950.0000 -0.7421 -0.6757 -0.2814 1.1109 47.6835 0.3393 0.0552 0.2881 -0.0201 -0.0442 -0.0234 0.3413 0.4576 0.3613
1494806400.0000 143250.0000 -0.9781 -0.5760 -0.2879 1.4722 59.5035 0.6866 0.4422 0.2123 -0.3428 0.1228 -0.0148 0.6705 0.5709 0.5404
1494806400.0000 143550.0000 -0.5218 -2.0750 -0.0490 2.2201 14.1159 0.3098 0.4427 0.4153 0.0230 -0.0663 0.0959 0.5839 0.2915 0.2341
1494806400.0000 143850.0000 -0.3804 -2.1404 0.3265 2.2552 10.0769 0.3078 0.4961 0.1664 0.0415 -0.0242 -0.0121 0.4851 0.2587 0.2381
1494806400.0000 144150.0000 -2.4834 -0.2726 0.0682 2.6135 83.7362 0.4211 0.4257 0.1074 -0.2409 0.0704 -0.0670 0.4771 0.2257 0.2127
1494806400.0000 144450.0000 -2.3030 -0.3509 0.3939 2.4245 81.3360 0.2484 0.4855 0.3647 0.0380 -0.0403 -0.2496 0.5493 0.2561 0.2123
1494806400.0000 144750.0000 -0.8718 0.0734 -0.3251 0.9160 94.8150 0.2706 0.0522 0.1182 0.0072 0.0840 0.0314 0.2205 0.4108 0.3750
1494806400.0000 145050.0000 -0.6659 -0.5636 -0.1566 1.0584 49.7592 0.2849 0.6220 0.1916 0.2776 -0.0514 -0.1114 0.5493 0.6828 0.6303
1494806400.0000 145350.0000 -1.5270 -2.1348 -0.0674 2.7069 35.5750 0.2120 0.5596 0.3124 -0.0421 -0.0140 -0.1258 0.5420 0.2289 0.1932
1494806400.0000 145650.0000 -1.1003 -1.3036 -0.0625 1.7989 40.1668 0.2289 0.3052 0.2612 -0.0886 -0.0195 0.0042 0.3976 0.3016 0.2473
1494806400.0000 145950.0000 -1.1521 -1.9205 0.0106 2.2960 30.9592 0.1710 0.6927 0.2207 0.0656 -0.0132 -0.1927 0.5422 0.2685 0.2396
1494806400.0000 146250.0000 -0.6245 -1.7248 -0.2948 1.8745 19.9054 0.1410 0.0897 0.1454 -0.0254 -0.0056 -0.0161 0.1881 0.1906 0.1512
1494806400.0000 146550.0000 -0.8135 -1.9540 -0.1381 2.1779 22.6033 0.2107 0.2299 0.1533 -0.0591 -0.0900 0.0189 0.2969 0.2098 0.1811
1494806400.0000 146850.0000 -1.1512 -1.4364 -0.0512 1.8742 38.7091 0.1613 0.1603 0.1358 0.0422 -0.0402 0.0267 0.2287 0.2120 0.1779
1494806400.0000 147150.0000 -0.9194 -2.0551 0.1541 2.2702 24.1030 0.1091 0.2267 0.0806 0.0605 -0.0021 -0.0153 0.2082 0.1651 0.1486
1494806400.0000 147450.0000 -1.1773 -1.5858 -0.2245 2.0423 36.5898 0.2478 0.3712 0.1106 0.0032 0.0728 -0.0671 0.3648 0.2481 0.2300
1494806400.0000 147750.0000 -0.0699 -0.9979 -0.0384 1.0583 4.0093 0.1083 0.0941 0.1670 -0.0298 -0.0381 0.0248 0.1847 0.3505 0.2597
1494806400.0000 148050.0000 0.0787 -1.0809 -0.0447 1.1384 355.8353 0.0974 0.2208 0.2192 0.0359 -0.0403 -0.0011 0.2687 0.3902 0.3005
1494806400.0000 148350.0000 0.0010 -0.8718 -0.0894 0.8850 359.9362 0.0218 0.0188 0.0451 -0.0068 -0.0038 0.0056 0.0428 0.1928 0.1334
1494806400.0000 148650.0000 0.1491 -1.1948 -0.1513 1.2440 352.8871 0.0893 0.0846 0.0693 -0.0046 0.0009 -0.0109 0.1216 0.2346 0.1999
1494806400.0000 148950.0000 -0.2827 -1.1068 -0.6857 1.2054 14.3291 0.1538 0.2340 0.1850 0.0564 0.0374 0.0869 0.2864 0.3280 0.3147
1494806400.0000 149250.0000 0.1610 -1.8744 0.5144 2.2083 355.0915 1.2677 0.6622 0.4106 0.3649 0.1862 -0.0384 1.1702 0.4529 0.4263
1494806400.0000 149550.0000 -0.1001 -1.4049 -0.2233 1.4224 4.0737 0.0397 0.1639 0.1213 0.0319 -0.0098 -0.0845 0.1624 0.2308 0.1849
1494806400.0000 149850.0000 0.2126 -1.5720 0.0133 1.6265 352.2993 0.1365 0.3775 0.0957 -0.0743 -0.0525 0.1281 0.3048 0.2842 0.2609
1494806400.0000 150150.0000 0.0513 -1.7485 -0.0751 1.7778 358.3195 0.1016 0.0423 0.0602 0.0009 -0.0090 -0.0039 0.1020 0.1490 0.1252
1494806400.0000 150450.0000 -0.1113 -2.2757 0.0642 2.3344 2.8004 0.2561 0.0596 0.0355 0.0003 -0.0189 0.0128 0.1756 0.1501 0.1424
1494806400.0000 150750.0000 -0.4845 -1.9844 0.0633 2.0715 13.7195 0.0849 0.1354 0.0787 -0.0681 -0.0127 0.0108 0.1495 0.1545 0.1327
1494806400.0000 151050.0000 -0.0520 -2.4180 -0.0249 2.4298 1.2318 0.0541 0.0507 0.0407 -0.0225 -0.0143 -0.0041 0.0728 0.0911 0.0773
