1494720000.0000 150.0000 -0.8852 0.9105 0.0746 1.2769 135.8080 0.0353 0.0182 0.0143 -0.0104 0.0022 -0.0055 0.0339 0.1182 0.1051
1494720000.0000 450.0000 -1.2164 1.0641 0.1212 1.6196 131.1801 0.0122 0.0176 0.0066 -0.0042 -0.0013 -0.0005 0.0182 0.0680 0.0616
1494720000.0000 750.0000 -1.1053 1.2292 0.0315 1.6616 138.0391 0.0158 0.0490 0.0149 -0.0028 -0.0039 0.0046 0.0398 0.0986 0.0889
1494720000.0000 1050.0000 -0.8674 1.2926 -0.0612 1.5686 146.1372 0.0600 0.0650 0.0380 -0.0272 0.0082 -0.0119 0.0815 0.1496 0.1311
1494720000.0000 1350.0000 -1.1082 1.3075 -0.0021 1.7225 139.7169 0.0481 0.0469 0.0256 -0.0202 0.0082 -0.0133 0.0603 0.1170 0.1038
1494720000.0000 1650.0000 -1.0438 0.8855 -0.0543 1.3939 130.3098 0.0872 0.0255 0.0195 0.0088 0.0047 -0.0068 0.0661 0.1532 0.1416
1494720000.0000 1950.0000 -1.1862 0.7107 -0.0180 1.3939 120.9282 0.0274 0.0425 0.0258 -0.0088 0.0121 -0.0150 0.0478 0.1291 0.1104
1494720000.0000 2250.0000 -1.1223 0.9700 0.0032 1.4944 130.8365 0.0176 0.0316 0.0141 0.0060 -0.0010 -0.0031 0.0316 0.0979 0.0863
1494720000.0000 2550.0000 -1.2963 1.1225 0.0798 1.7264 130.8903 0.0458 0.0240 0.0264 0.0050 0.0101 -0.0072 0.0481 0.1044 0.0890
1494720000.0000 2850.0000 -0.9934 0.9146 0.0554 1.3624 132.6363 0.0461 0.0324 0.0204 -0.0078 0.0055 0.0030 0.0494 0.1343 0.1198
1494720000.0000 3150.0000 -0.8074 0.7877 -0.0979 1.1555 134.2907 0.0586 0.0326 0.0317 0.0129 0.0227 -0.0055 0.0615 0.1788 0.1546
1494720000.0000 3450.0000 -0.7797 0.7550 -0.0823 1.0952 134.0771 0.0299 0.0131 0.0084 0.0010 -0.0046 -0.0014 0.0257 0.1202 0.1103
1494720000.0000 3750.0000 -1.0417 0.7697 -0.0006 1.3111 126.4598 0.0535 0.0306 0.0226 -0.0011 -0.0004 -0.0032 0.0534 0.1456 0.1293
1494720000.0000 4050.0000 -1.2356 0.8353 -0.0264 1.4977 124.0593 0.0316 0.0248 0.0188 -0.0098 0.0091 -0.0046 0.0376 0.1061 0.0919
1494720000.0000 4350.0000 -0.5948 0.8711 -0.0324 1.1219 145.6734 0.2428 0.0673 0.0417 -0.0503 -0.0044 -0.0207 0.1759 0.3245 0.3048
1494720000.0000 4650.0000 -0.4966 0.8068 0.0695 0.9753 148.3842 0.0794 0.0797 0.0296 -0.0316 -0.0084 -0.0036 0.0943 0.2640 0.2430
1494720000.0000 4950.0000 -0.7515 0.9223 0.1902 1.2120 140.8264 0.0521 0.0370 0.0229 0.0077 -0.0043 -0.0041 0.0560 0.1604 0.1449
1494720000.0000 5250.0000 -1.1124 1.0275 0.1600 1.5296 132.7277 0.1145 0.0359 0.0209 -0.0288 -0.0191 0.0045 0.0857 0.1569 0.1479
1494720000.0000 5550.0000 -1.4893 1.0978 0.1757 1.8597 126.3951 0.0262 0.0348 0.0125 0.0030 -0.0012 -0.0046 0.0368 0.0842 0.0771
1494720000.0000 5850.0000 -1.2421 0.6092 0.1286 1.4007 116.1250 0.0365 0.0695 0.0530 -0.0169 -0.0129 -0.0119 0.0795 0.1656 0.1358
1494720000.0000 6150.0000 -1.3790 1.0434 -0.0265 1.7399 127.1135 0.0513 0.0757 0.0321 -0.0325 -0.0039 -0.0033 0.0795 0.1331 0.1190
1494720000.0000 6450.0000 -1.3098 0.9721 0.1106 1.6411 126.5815 0.0357 0.0485 0.0177 -0.0124 0.0051 -0.0096 0.0510 0.1128 0.1027
1494720000.0000 6750.0000 -1.0900 1.2441 0.0083 1.6815 138.7777 0.0837 0.0814 0.0356 0.0127 -0.0095 0.0017 0.1004 0.1564 0.1419
1494720000.0000 7050.0000 -1.2077 0.7864 0.1056 1.4829 123.0720 0.0976 0.0566 0.0874 0.0345 -0.0241 0.0155 0.1208 0.1964 0.1573
1494720000.0000 7350.0000 -0.9506 0.9823 -0.0494 1.4546 135.9389 0.1757 0.1448 0.0429 0.1013 -0.0192 -0.0137 0.1817 0.2545 0.2391
1494720000.0000 7650.0000 -1.5754 0.8136 0.0275 1.7863 117.3139 0.0368 0.0469 0.0245 0.0036 -0.0033 -0.0025 0.0541 0.1071 0.0942
1494720000.0000 7950.0000 -1.3466 0.9508 0.1069 1.6679 125.2240 0.0438 0.0820 0.0565 -0.0054 0.0015 -0.0360 0.0911 0.1492 0.1242
1494720000.0000 8250.0000 -1.2489 1.2563 0.0541 1.8029 135.1704 0.0661 0.1191 0.0649 0.0195 -0.0181 -0.0096 0.1251 0.1629 0.1403
1494720000.0000 8550.0000 -0.9882 0.8252 0.0127 1.3645 129.8633 0.1944 0.1519 0.1211 0.0230 -0.0314 0.0186 0.2337 0.3066 0.2639
1494720000.0000 8850.0000 -1.1532 0.9709 -0.0363 1.5525 130.0945 0.0939 0.1387 0.0587 0.0100 -0.0003 0.0080 0.1456 0.2067 0.1847
1494720000.0000 9150.0000 -1.1196 1.1619 -0.0002 1.6629 136.0627 0.1388 0.1075 0.0452 0.0477 0.0028 -0.0184 0.1458 0.1932 0.1776
1494720000.0000 9450.0000 -0.5780 0.8993 -0.0438 1.1305 147.2695 0.1791 0.1027 0.0697 -0.0448 -0.0371 0.0440 0.1758 0.3199 0.2867
1494720000.0000 9750.0000 -1.0600 0.6920 0.0495 1.3303 123.1362 0.2258 0.1176 0.0952 -0.0210 -0.0645 0.0023 0.2193 0.3018 0.2672
1494720000.0000 10050.0000 -0.8625 0.7366 -0.1593 1.1964 130.5007 0.1531 0.1985 0.1928 -0.0416 -0.0518 -0.0560 0.2722 0.3719 0.3018
1494720000.0000 10350.0000 0.0000 0.8019 0.0632 0.9414 180.0032 0.2276 0.1743 0.1616 0.0946 0.0515 -0.0231 0.2817 0.5387 0.4564
1494720000.0000 10650.0000 -0.9939 0.7409 0.0382 1.2578 126.7039 0.0545 0.0352 0.0409 0.0031 0.0031 0.0041 0.0653 0.1682 0.1395
1494720000.0000 10950.0000 -0.6444 0.9015 -0.0822 1.1380 144.4443 0.0896 0.0335 0.0318 0.0000 0.0095 0.0073 0.0774 0.2044 0.1828
1494720000.0000 11250.0000 -1.0176 1.2173 0.1200 1.6114 140.1049 0.0491 0.0537 0.0192 0.0291 0.0001 -0.0015 0.0610 0.1268 0.1167
1494720000.0000 11550.0000 -1.1489 1.0451 0.0960 1.6052 132.2904 0.2197 0.0719 0.0839 -0.0143 -0.0400 -0.0036 0.1877 0.2273 0.2007
1494720000.0000 11850.0000 -1.4105 1.4569 0.1023 2.0626 135.9279 0.1188 0.0740 0.0355 0.0460 -0.0223 -0.0060 0.1142 0.1359 0.1250
1494720000.0000 12150.0000 -1.5169 1.4573 0.0117 2.1228 133.8527 0.0742 0.0652 0.0353 0.0122 -0.0098 -0.0087 0.0874 0.1147 0.1025
1494720000.0000 12450.0000 -1.4370 1.5427 -0.0810 2.1408 137.0312 0.0597 0.1325 0.0455 0.0517 -0.0193 -0.0294 0.1188 0.1334 0.1200
1494720000.0000 12750.0000 -1.5031 1.0714 -0.0240 1.8660 125.4806 0.0535 0.0561 0.0220 0.0199 0.0010 -0.0102 0.0658 0.1135 0.1035
1494720000.0000 13050.0000 -1.3697 0.9249 -0.0534 1.6810 124.0289 0.1186 0.0640 0.0480 0.0028 -0.0371 -0.0200 0.1153 0.1677 0.1493
1494720000.0000 13350.0000 -0.8975 0.9467 -0.0741 1.3229 136.5266 0.0325 0.0476 0.0243 0.0081 0.0015 0.0012 0.0522 0.1427 0.1252
1494720000.0000 13650.0000 -0.7430 1.0290 0.1132 1.2828 144.1657 0.0509 0.0143 0.0084 -0.0038 0.0060 -0.0026 0.0368 0.1229 0.1162
1494720000.0000 13950.0000 -0.5232 0.6685 0.1709 0.8597 141.9484 0.0267 0.0749 0.0237 -0.0280 -0.0116 0.0169 0.0626 0.2360 0.2167
1494720000.0000 14250.0000 -0.7375 0.8416 -0.1022 1.1384 138.7694 0.0791 0.0398 0.0148 -0.0182 -0.0184 0.0042 0.0669 0.1879 0.1779
1494720000.0000 14550.0000 -1.2094 1.1053 0.0942 1.6549 132.4235 0.0896 0.0321 0.0461 -0.0022 0.0053 0.0060 0.0839 0.1441 0.1229
1494720000.0000 14850.0000 -1.0682 1.0906 -0.0039 1.5343 135.5945 0.0397 0.0366 0.0184 -0.0141 -0.0052 0.0015 0.0474 0.1164 0.1045
1494720000.0000 15150.0000 -0.8668 1.0061 0.1398 1.3380 139.2523 0.0413 0.0350 0.0173 -0.0112 -0.0037 -0.0037 0.0468 0.1323 0.1201
1494720000.0000 15450.0000 -0.5568 1.0377 0.0723 1.2164 151.7818 0.1097 0.0777 0.0566 -0.0143 -0.0390 0.0118 0.1220 0.2417 0.2122
1494720000.0000 15750.0000 -0.3487 1.3422 0.2089 1.4515 165.4370 0.1581 0.3852 0.2910 -0.0834 -0.0728 0.0389 0.4171 0.3760 0.3069
1494720000.0000 16050.0000 -0.3776 0.9052 0.0917 1.1441 157.3563 0.3260 0.0829 0.0841 0.0880 -0.1028 -0.0349 0.2465 0.4115 0.3764
1494720000.0000 16350.0000 -0.1965 0.4608 0.0612 0.8536 156.9010 0.4277 0.2489 0.1529 0.1138 -0.1549 -0.0468 0.4148 1.0419 0.9479
1494720000.0000 16650.0000 -0.8513 0.9015 -0.0674 1.2910 136.6417 0.1916 0.1096 0.1150 -0.0370 -0.0411 -0.0010 0.2081 0.2999 0.2555
1494720000.0000 16950.0000 -0.2659 1.1402 -0.0421 1.2944 166.8753 0.3028 0.0844 0.1184 0.0174 -0.0826 -0.0248 0.2528 0.3504 0.3069
1494720000.0000 17250.0000 -0.6602 1.0720 0.1570 1.3507 148.3716 0.1941 0.1739 0.2163 0.0197 0.0352 -0.0378 0.2922 0.3478 0.2782
1494720000.0000 17550.0000 -0.3225 0.9376 0.1231 1.0612 161.0217 0.1031 0.1736 0.0758 0.0854 0.0274 0.0219 0.1763 0.3431 0.3063
1494720000.0000 17850.0000 -0.7161 0.7737 -0.0024 1.0642 137.2158 0.0154 0.0349 0.0213 -0.0048 0.0088 -0.0067 0.0358 0.1466 0.1229
1494720000.0000 18150.0000 -0.8640 0.8477 0.0264 1.2187 134.4539 0.0197 0.0552 0.0129 -0.0177 0.0047 -0.0060 0.0439 0.1413 0.1306
1494720000.0000 18450.0000 -0.9352 1.2306 -0.0228 1.5559 142.7644 0.0459 0.0710 0.0187 -0.0244 -0.0017 -0.0112 0.0678 0.1376 0.1277
1494720000.0000 18750.0000 -0.2063 1.6553 0.0256 1.7213 172.8971 0.1961 0.0869 0.0887 -0.0149 0.0566 0.0051 0.1859 0.2110 0.1841
1494720000.0000 19050.0000 0.2357 1.3528 -0.0216 1.4244 189.8822 0.1695 0.0812 0.0728 0.0520 0.0647 0.0264 0.1617 0.2391 0.2105
1494720000.0000 19350.0000 0.1953 1.2679 -0.1229 1.3507 188.7557 0.1684 0.0773 0.0510 -0.0255 0.0172 -0.0263 0.1483 0.2440 0.2231
1494720000.0000 19650.0000 -0.6262 0.7450 -0.1621 1.0593 139.9533 0.1289 0.0914 0.0885 0.0404 -0.0029 -0.0035 0.1544 0.3252 0.2784
1494720000.0000 19950.0000 -0.8743 0.7236 -0.0126 1.1525 129.6123 0.0410 0.0540 0.0295 -0.0093 0.0156 -0.0184 0.0623 0.1795 0.1568
1494720000.0000 20250.0000 -0.7771 0.5735 -0.0580 1.0024 126.4266 0.0991 0.0675 0.0400 -0.0112 -0.0118 -0.0148 0.1033 0.2712 0.2440
1494720000.0000 20550.0000 -1.1648 0.6744 -0.1155 1.3877 120.0705 0.1264 0.0678 0.0381 0.0338 -0.0038 -0.0242 0.1161 0.2060 0.1890
1494720000.0000 20850.0000 -1.3573 0.8182 -0.1323 1.6051 121.0808 0.0818 0.0644 0.0365 -0.0076 0.0134 -0.0049 0.0913 0.1552 0.1393
1494720000.0000 21150.0000 -1.2488 0.7489 0.0017 1.4983 120.9513 0.0953 0.1163 0.0840 0.0005 -0.0139 -0.0064 0.1478 0.2156 0.1824
1494720000.0000 21450.0000 -0.9441 0.6926 -0.0996 1.1894 126.2625 0.0560 0.0312 0.0419 0.0015 0.0173 -0.0068 0.0645 0.1765 0.1455
1494720000.0000 21750.0000 -1.1041 0.8994 -0.0194 1.4505 129.1644 0.1000 0.0679 0.0533 -0.0095 -0.0028 -0.0010 0.1106 0.1906 0.1661
1494720000.0000 22050.0000 -1.4152 0.9284 -0.0046 1.7361 123.2659 0.2131 0.1288 0.0803 -0.0110 0.0498 -0.0466 0.2111 0.2216 0.1995
1494720000.0000 22350.0000 -1.7262 1.2795 -0.1152 2.1740 126.5465 0.1576 0.0681 0.0331 0.0058 0.0179 -0.0155 0.1294 0.1365 0.1277
1494720000.0000 22650.0000 -1.1944 1.3545 -0.1740 1.8214 138.5925 0.0498 0.0755 0.0710 -0.0074 -0.0085 -0.0183 0.0982 0.1410 0.1132
1494720000.0000 22950.0000 -1.5314 1.7557 -0.2688 2.3494 138.9037 0.1981 0.1707 0.1124 -0.1022 0.0131 -0.0495 0.2406 0.1708 0.1505
1494720000.0000 23250.0000 -1.0343 0.9985 -0.0924 1.4599 133.9915 0.0716 0.0565 0.0421 0.0027 -0.0063 0.0002 0.0851 0.1653 0.1437
1494720000.0000 23550.0000 -1.2339 0.8412 -0.0811 1.5597 124.2860 0.1063 0.2407 0.1180 -0.0148 -0.0192 -0.0852 0.2325 0.2633 0.2277
1494720000.0000 23850.0000 -1.4267 1.1415 -0.0595 1.8523 128.6647 0.0999 0.0464 0.0722 0.0223 -0.0397 -0.0220 0.1092 0.1476 0.1208
1494720000.0000 24150.0000 -1.1441 1.1247 -0.1424 1.6541 134.5087 0.1347 0.1436 0.1025 0.0133 0.0135 -0.0456 0.1904 0.2212 0.1899
1494720000.0000 24450.0000 -0.7258 0.6501 -0.0016 1.0312 131.8508 0.1439 0.1292 0.0592 -0.0420 -0.0134 0.0093 0.1661 0.3416 0.3097
1494720000.0000 24750.0000 -1.4406 1.2169 -0.0786 1.9230 130.1878 0.2133 0.0932 0.0894 -0.0086 -0.0062 -0.0311 0.1980 0.1925 0.1695
1494720000.0000 25050.0000 -1.9013 1.6210 -0.3085 2.5378 130.4512 0.1953 0.0921 0.0949 0.0543 -0.0141 -0.0106 0.1912 0.1418 0.1239
1494720000.0000 25350.0000 -1.9331 1.3759 -0.2991 2.4096 125.4408 0.1243 0.2277 0.1158 -0.0150 0.0559 -0.0693 0.2339 0.1651 0.1444
1494720000.0000 25650.0000 -1.3927 1.1259 -0.1861 1.8266 128.9539 0.1018 0.1381 0.0895 0.0056 0.0174 -0.0243 0.1647 0.1840 0.1579
1494720000.0000 25950.0000 -1.4682 1.2144 -0.0747 1.9340 129.5961 0.1843 0.0925 0.1429 -0.0313 0.0416 -0.0476 0.2099 0.1962 0.1594
1494720000.0000 26250.0000 -1.2164 1.1493 0.0643 1.7186 133.3769 0.2437 0.1165 0.1472 -0.0303 0.0812 -0.0780 0.2537 0.2456 0.2071
1494720000.0000 26550.0000 -1.3497 1.2215 -0.2266 1.8625 132.1440 0.2758 0.2322 0.2157 -0.1023 0.0891 -0.1190 0.3619 0.2678 0.2261
1494720000.0000 26850.0000 -1.6544 1.3458 -0.2348 2.1768 129.1269 0.1432 0.1409 0.0709 0.0530 -0.0272 -0.0307 0.1775 0.1603 0.1443
1494720000.0000 27150.0000 -1.7280 1.2398 -0.1949 2.1411 125.6579 0.0879 0.0455 0.0423 0.0010 -0.0001 -0.0145 0.0879 0.1133 0.0992
1494720000.0000 27450.0000 -1.4813 1.0289 -0.0978 1.8442 124.7841 0.1380 0.1225 0.0945 0.0141 -0.0119 -0.0204 0.1775 0.1905 0.1634
1494720000.0000 27750.0000 -1.3854 1.0102 -0.1868 1.7438 126.0967 0.1799 0.1348 0.0643 -0.0592 0.0080 -0.0490 0.1895 0.2061 0.1889
1494720000.0000 28050.0000 -1.6244 0.9107 -0.0901 1.8859 119.2764 0.0576 0.0889 0.0669 0.0071 0.0040 -0.0230 0.1067 0.1431 0.1187
1494720000.0000 28350.0000 -1.7010 0.7545 -0.1415 1.9068 113.9198 0.2622 0.1029 0.1221 0.0160 0.0887 0.0029 0.2436 0.2159 0.1875
1494720000.0000 28650.0000 -1.4756 0.7350 0.0776 1.7331 116.4771 0.1296 0.2771 0.1339 0.0203 0.0117 -0.0794 0.2703 0.2572 0.2233
1494720000.0000 28950.0000 -0.8029 0.6733 0.2509 1.1681 129.9827 0.1750 0.2974 0.0982 -0.0162 0.0256 0.0031 0.2853 0.4048 0.3787
1494720000.0000 29250.0000 -1.5498 1.4011 -0.0751 2.1337 132.1143 0.2923 0.1564 0.1770 -0.0543 0.0903 -0.0798 0.3128 0.2184 0.1851
1494720000.0000 29550.0000 -1.3387 1.0659 -0.1636 1.7424 128.5282 0.2771 0.2229 0.0641 -0.1584 0.0354 -0.0405 0.2821 0.2522 0.2386
1494720000.0000 29850.0000 -1.1267 1.2089 -0.0172 1.6911 137.0177 0.0980 0.1272 0.1657 0.0134 -0.0003 0.0026 0.1954 0.2184 0.1658
1494720000.0000 30150.0000 -1.5423 1.3372 -0.1055 2.0808 130.9247 0.1105 0.1790 0.1439 -0.0005 0.0439 -0.0473 0.2167 0.1860 0.1522
1494720000.0000 30450.0000 -1.7731 1.2306 -0.2221 2.1750 124.7621 0.0628 0.1044 0.0504 -0.0205 -0.0035 -0.0061 0.1088 0.1241 0.1094
1494720000.0000 30750.0000 -1.5702 1.3237 -0.3069 2.0647 130.1320 0.0460 0.0641 0.0880 -0.0110 -0.0030 -0.0082 0.0991 0.1238 0.0933
1494720000.0000 31050.0000 -1.8471 1.3218 -0.2427 2.2885 125.5880 0.0538 0.0852 0.0644 0.0068 -0.0153 -0.0172 0.1017 0.1140 0.0948
1494720000.0000 31350.0000 -1.6054 1.3469 -0.2093 2.1303 129.9962 0.1354 0.1250 0.1130 0.0172 0.0209 -0.0287 0.1867 0.1675 0.1406
1494720000.0000 31650.0000 -1.8121 1.2948 -0.2069 2.2727 125.5464 0.1964 0.1234 0.0899 0.0571 -0.0154 -0.0047 0.2048 0.1652 0.1466
1494720000.0000 31950.0000 -1.6032 1.0905 -0.0763 2.0418 124.2216 0.3167 0.3561 0.1723 0.0370 0.0774 -0.0589 0.4226 0.2735 0.2442
1494720000.0000 32250.0000 -1.4359 1.3602 -0.1399 2.0552 133.4500 0.3332 0.2275 0.1641 -0.0186 0.1182 -0.0135 0.3624 0.2479 0.2186
1494720000.0000 32550.0000 -0.9072 0.8334 -0.1266 1.2985 132.5714 0.1933 0.1950 0.1557 -0.0229 0.0407 -0.0149 0.2720 0.3438 0.2920
1494720000.0000 32850.0000 -1.4109 1.2613 -0.2249 1.9635 131.7963 0.2549 0.3318 0.2663 -0.0218 0.0771 -0.1582 0.4265 0.2798 0.2337
1494720000.0000 33150.0000 -0.5764 1.2183 -0.0911 1.4156 154.6779 0.1836 0.1573 0.1420 0.0019 -0.0286 -0.0617 0.2415 0.2970 0.2501
1494720000.0000 33450.0000 -0.7962 0.9342 0.3417 1.5475 139.5591 0.4266 0.7046 0.4658 0.0056 0.3280 0.0474 0.7985 0.5726 0.5003
1494720000.0000 33750.0000 1.6512 0.0491 0.0682 1.7713 268.2966 0.2808 0.3655 0.3287 -0.1211 -0.0639 -0.0568 0.4875 0.3448 0.2810
1494720000.0000 34050.0000 1.3431 -0.2887 -0.0661 1.4566 282.1304 0.1613 0.2320 0.1922 -0.0448 -0.0200 -0.0365 0.2927 0.3212 0.2636
1494720000.0000 34350.0000 0.7214 -0.6173 -0.2524 1.0201 310.5529 0.0966 0.1541 0.1613 -0.0059 0.0054 -0.1024 0.2060 0.3772 0.3045
1494720000.0000 34650.0000 1.6815 -0.2605 -0.0149 1.7726 278.8045 0.1226 0.2324 0.1739 0.0542 -0.0132 -0.0494 0.2645 0.2468 0.2022
1494720000.0000 34950.0000 0.0027 -0.0631 -0.2236 0.6388 357.5430 0.4443 0.0518 0.1112 0.0244 0.0455 -0.0022 0.3037 1.9368 6.4411
1494720000.0000 35250.0000 -0.1515 -0.0010 0.4934 0.3607 89.6303 0.0936 0.0595 0.0766 0.0014 -0.0203 0.0054 0.1149 0.5361 1.4908
1494720000.0000 35550.0000 -0.9515 0.0425 -0.2432 1.1384 92.5569 0.2245 0.2815 0.1624 -0.1138 0.1159 -0.1309 0.3342 0.4802 0.4312
1494720000.0000 35850.0000 -0.7858 0.1257 0.0409 0.8512 99.0857 0.1304 0.0854 0.1551 0.0000 0.0072 0.0085 0.1855 0.4413 0.3371
1494720000.0000 36150.0000 -2.0069 0.9895 -0.2619 2.2610 116.2447 0.1487 0.1304 0.1757 -0.0354 0.0444 -0.0609 0.2274 0.1728 0.1363
1494720000.0000 36450.0000 -1.9537 0.8938 -0.2864 2.1950 114.5837 0.2130 0.1887 0.1668 -0.0031 0.0699 -0.0527 0.2842 0.2008 0.1703
1494720000.0000 36750.0000 -1.6797 0.3397 -0.2716 1.8463 101.4328 0.2404 0.4846 0.2915 -0.0859 0.0147 -0.2262 0.5083 0.3355 0.2869
1494720000.0000 37050.0000 -1.9558 0.4810 -0.0937 2.1229 103.8172 0.3549 0.5065 0.5839 -0.0605 0.1234 -0.0284 0.7226 0.3442 0.2660
1494720000.0000 37350.0000 -1.5545 -0.3939 -0.3124 1.6567 75.7813 0.3105 0.1581 0.4746 -0.0094 0.2701 -0.0491 0.4716 0.3432 0.2465
1494720000.0000 37650.0000 -1.4917 0.8395 0.2326 1.8827 119.3698 0.5109 0.6551 1.0653 -0.2242 0.1546 -0.3268 1.1156 0.4992 0.3642
1494720000.0000 37950.0000 -0.9591 0.7052 -0.1433 1.4619 126.3234 0.7083 0.4668 0.3900 0.2239 0.2191 -0.0424 0.7826 0.6024 0.5257
1494720000.0000 38250.0000 -1.6614 0.7030 -0.0132 1.8685 112.9349 0.2492 0.2087 0.2241 0.0051 0.0664 0.0146 0.3410 0.2643 0.2166
1494720000.0000 38550.0000 -1.6977 -0.2896 -0.2266 1.7686 80.3194 0.0821 0.1691 0.1665 0.0303 -0.0016 0.0393 0.2088 0.2148 0.1680
1494720000.0000 38850.0000 -0.7552 -0.4895 -0.2686 0.9551 57.0512 0.0492 0.0953 0.0829 -0.0245 0.0189 -0.0362 0.1137 0.2931 0.2439
1494720000.0000 39150.0000 -0.4656 -0.7888 -0.2194 0.9789 30.5521 0.1352 0.1374 0.1864 0.0643 -0.0359 -0.0275 0.2295 0.4153 0.3291
1494720000.0000 39450.0000 -0.4467 -0.2047 -0.0612 0.8081 65.3849 0.3088 0.2919 0.7469 -0.0974 0.0352 0.1148 0.6738 1.3535 0.9106
1494720000.0000 39750.0000 -1.3766 0.5239 -0.2575 1.5887 110.8342 0.5868 0.2250 0.4126 0.0691 0.1959 -0.0090 0.6122 0.4272 0.3532
1494720000.0000 40050.0000 -2.2312 1.6240 -0.2772 2.8363 126.0480 0.4365 0.3988 0.4861 -0.0380 0.2042 0.0779 0.6607 0.2393 0.1912
1494720000.0000 40350.0000 -1.4461 0.5346 -0.0313 1.7621 110.2897 0.7700 0.8462 0.4324 -0.3873 0.2963 -0.1024 1.0243 0.5359 0.4761
1494720000.0000 40650.0000 -2.2898 1.0041 -0.3698 2.5854 113.6769 0.5925 0.5505 0.2793 -0.2150 0.0902 -0.1950 0.7112 0.2724 0.2469
1494720000.0000 40950.0000 -1.4131 0.8436 -0.5201 1.7345 120.8363 0.1721 0.3854 0.2500 -0.1036 -0.0062 0.0216 0.4038 0.3006 0.2619
1494720000.0000 41250.0000 -0.3238 0.1075 -0.1323 1.1683 108.3595 0.9312 0.8701 0.5289 -0.7029 0.1352 -0.0298 1.1651 2.4087 2.2714
1494720000.0000 41550.0000 -1.0327 1.4778 -0.0867 1.8795 145.0524 0.4529 0.7754 0.2901 -0.3026 -0.0262 -0.0215 0.7592 0.3942 0.3549
1494720000.0000 41850.0000 -2.0498 0.8472 -0.1543 2.3579 112.4561 0.6729 0.6156 0.6650 -0.1044 0.4044 0.0088 0.9767 0.3629 0.2955
1494720000.0000 42150.0000 -2.0121 0.1245 -0.2581 2.1539 93.5393 0.2525 0.5558 0.2796 -0.0924 0.0815 -0.0288 0.5440 0.2963 0.2575
1494720000.0000 42450.0000 -1.8195 -0.1318 -0.3250 1.9437 85.8555 0.4802 0.4791 0.2832 -0.1803 -0.0225 -0.0388 0.6213 0.3473 0.3100
1494720000.0000 42750.0000 -0.9502 -0.1740 -0.5847 1.2410 79.6222 1.0520 0.2679 0.3460 -0.3220 0.1337 -0.0218 0.8330 0.6599 0.6867
1494720000.0000 43050.0000 -1.0884 1.0211 -0.0490 1.6789 133.1733 0.5130 0.7739 0.4238 -0.0435 -0.0980 0.0460 0.8553 0.5057 0.4389
1494720000.0000 43350.0000 -1.0789 1.1079 -0.5199 1.6757 135.7587 0.3211 0.5821 0.4100 -0.0919 -0.0592 -0.1626 0.6566 0.4055 0.3548
1494720000.0000 43650.0000 -1.0621 -0.2418 -0.0560 1.2633 77.1730 0.1435 0.3991 0.3616 -0.0682 -0.0891 0.0484 0.4521 0.5033 0.3904
1494720000.0000 43950.0000 -1.6471 1.4054 -0.2159 2.2750 130.4723 0.1833 0.6801 0.2395 0.0034 0.0009 0.0148 0.5514 0.2786 0.2478
1494720000.0000 44250.0000 -1.2189 0.5713 0.2154 1.5184 115.1102 0.5974 0.6951 0.2913 -0.4403 0.2636 -0.3231 0.7919 0.5330 0.4876
1494720000.0000 44550.0000 -1.8208 0.7733 -0.0416 2.0731 113.0111 0.3789 0.4650 0.5329 -0.1508 0.2038 -0.1473 0.6884 0.3424 0.2681
1494720000.0000 44850.0000 -0.5251 0.8638 0.5025 1.2920 148.7054 0.5828 0.3331 0.2385 0.0558 0.1642 0.0368 0.5772 0.5495 0.5466
1494720000.0000 45150.0000 -0.9313 0.8153 -0.1452 1.3871 131.2024 0.2997 0.2856 0.2186 0.0592 0.1498 0.0050 0.4019 0.4154 0.3568
1494720000.0000 45450.0000 -1.1773 1.3768 0.4088 2.1489 139.4646 1.6677 0.6751 0.4104 0.0025 0.1063 -0.0153 1.3766 0.5158 0.4878
1494720000.0000 45750.0000 -0.5993 1.9035 0.2850 2.3570 162.5237 1.4540 0.7883 0.9419 0.3445 0.3473 0.2136 1.5921 0.5111 0.4332
1494720000.0000 46050.0000 0.2901 2.4229 -0.0838 2.5476 186.8285 0.5001 0.4766 0.5016 -0.1357 0.0519 -0.0459 0.7391 0.2875 0.2338
1494720000.0000 46350.0000 -0.9431 2.6882 -0.5451 3.1062 160.6681 1.4534 0.5774 0.4430 0.3464 -0.1088 -0.0754 1.2369 0.3131 0.2888
1494720000.0000 46650.0000 -0.2493 1.4588 -0.3393 1.7424 170.3025 0.8993 0.4913 0.4157 -0.1733 -0.0636 -0.0435 0.9031 0.5110 0.4600
1494720000.0000 46950.0000 -0.4036 1.4277 0.4685 1.7997 164.2137 0.8013 0.9111 0.3346 0.5067 -0.0578 -0.0580 1.0235 0.5309 0.5092
1494720000.0000 47250.0000 -0.0302 1.1922 0.1503 1.2805 178.5512 0.1977 0.1378 0.2014 0.0488 -0.0296 -0.0087 0.2685 0.3520 0.2804
1494720000.0000 47550.0000 0.2981 0.8154 -0.3358 0.9221 200.0804 0.0798 0.2154 0.3042 0.0069 0.0150 0.0892 0.2997 0.4802 0.3613
1494720000.0000 47850.0000 0.1984 0.1422 -0.3193 0.7623 234.3583 0.5985 0.1902 0.1323 -0.1475 0.0543 -0.0091 0.4605 1.3786 2.1006
1494720000.0000 48150.0000 -3.3329 1.3976 -0.2402 3.7047 112.7493 0.3945 0.7243 0.3186 -0.0502 -0.0370 -0.1664 0.7187 0.1911 0.1690
1494720000.0000 48450.0000 -3.0093 1.6916 -0.3987 3.5097 119.3412 0.3358 0.3851 0.2799 0.0088 0.0673 -0.1249 0.5004 0.1662 0.1420
1494720000.0000 48750.0000 -1.1501 1.8363 0.1858 2.3501 147.9413 0.7997 0.5178 0.4017 0.0537 0.1418 -0.0627 0.8596 0.3481 0.3059
1494720000.0000 49050.0000 -1.8222 0.7115 0.1219 2.0810 111.3295 0.3934 0.3603 0.2824 0.1589 -0.0256 -0.1167 0.5181 0.2998 0.2562
1494720000.0000 49350.0000 -0.7877 1.7854 -0.0010 2.2738 156.1935 1.1107 0.9244 0.5410 0.5243 0.2019 0.1473 1.2880 0.4748 0.4221
1494720000.0000 49650.0000 -0.6016 1.0937 0.0324 1.5301 151.1867 0.6442 0.9980 0.6472 -0.3696 0.1503 -0.3500 1.1447 0.6996 0.5927
1494720000.0000 49950.0000 0.1612 2.0966 0.2311 2.2154 184.3957 0.4545 1.0522 0.4733 0.2084 -0.0473 -0.3161 0.9900 0.3840 0.3370
1494720000.0000 50250.0000 -0.9586 1.6960 0.5014 2.1489 150.5250 0.7338 0.6522 0.4584 0.1700 -0.1670 -0.1181 0.9222 0.3898 0.3489
1494720000.0000 50550.0000 -0.1259 1.0743 -0.0828 1.1880 173.3143 0.3297 0.4756 0.2282 -0.2065 0.0344 0.0268 0.5167 0.5410 0.4790
1494720000.0000 50850.0000 -0.5475 1.8137 -0.1235 1.9859 163.2034 0.3356 0.3010 0.2413 0.0503 -0.0625 -0.0930 0.4389 0.2849 0.2431
1494720000.0000 51150.0000 0.8359 1.3578 -0.2094 1.7114 211.6170 0.1238 0.7098 0.1458 -0.1299 0.0399 -0.1273 0.4897 0.3553 0.3306
1494720000.0000 51450.0000 -0.9654 0.9781 0.1749 1.5706 135.3754 1.2246 0.5192 0.2475 -0.4661 -0.1900 0.0433 0.9957 0.5881 0.5548
1494720000.0000 51750.0000 -1.7569 0.9777 -0.0988 2.0499 119.0966 0.2750 0.2772 0.2734 -0.1489 0.0434 -0.0136 0.4128 0.2606 0.2134
1494720000.0000 52050.0000 -1.3960 0.8146 -0.1921 1.7184 120.2653 0.1949 0.3376 0.2530 0.0628 -0.0173 -0.1691 0.3927 0.3144 0.2606
1494720000.0000 52350.0000 -1.9398 1.5217 -0.0375 2.5767 128.1140 0.5062 0.3358 0.2126 0.1380 -0.0171 -0.0876 0.5273 0.2405 0.2149
1494720000.0000 52650.0000 -0.7713 2.1723 -0.3783 2.4301 160.4516 0.6631 0.1987 0.3534 -0.0801 -0.1044 -0.0956 0.6076 0.2725 0.2325
1494720000.0000 52950.0000 -0.6199 1.8527 -0.2422 2.1814 161.5015 0.8715 0.3328 0.2057 0.1157 0.2025 -0.0182 0.7051 0.3483 0.3243
1494720000.0000 53250.0000 -1.0631 1.3325 0.0493 1.9033 141.4170 1.0308 0.1736 0.4866 0.0754 0.4227 0.1049 0.8455 0.4403 0.3717
1494720000.0000 53550.0000 -1.7522 2.2208 -0.3721 3.1887 141.7270 1.7517 1.7839 0.7834 0.3796 0.0953 0.0135 2.1595 0.4205 0.3838
1494720000.0000 53850.0000 0.4315 2.4948 -0.0800 2.6381 189.8119 0.5434 0.4082 0.2678 0.0025 -0.0554 -0.0187 0.6097 0.2517 0.2224
1494720000.0000 54150.0000 0.5099 0.6798 0.0824 1.1664 216.8722 0.4549 1.0459 0.2369 0.5483 -0.1933 -0.2751 0.8688 0.8915 0.8324
1494720000.0000 54450.0000 0.6009 0.5592 -0.2851 1.0036 227.0580 0.3257 0.1847 0.2901 -0.0686 -0.1769 -0.0264 0.4002 0.5945 0.5025
1494720000.0000 54750.0000 1.6354 0.5643 0.1663 1.9670 250.9634 0.7193 0.8807 0.2181 0.2230 0.1452 -0.1276 0.9091 0.4479 0.4221
1494720000.0000 55050.0000 0.7286 -0.1143 0.3113 0.9306 278.9191 0.2494 0.3777 0.2064 -0.0768 -0.0494 -0.1029 0.4167 0.6584 0.6200
1494720000.0000 55350.0000 0.8957 1.4557 0.1277 1.8015 211.6035 0.3610 0.4539 0.3755 0.2116 -0.0395 -0.0210 0.5952 0.3675 0.3049
1494720000.0000 55650.0000 0.5915 0.7992 0.1337 1.3176 216.5049 0.2657 0.6526 0.2664 -0.2051 0.0227 -0.0465 0.5924 0.6264 0.5565
1494720000.0000 55950.0000 1.3406 -0.1191 -0.2127 1.4609 275.0780 0.5113 0.2403 0.2141 -0.0009 -0.1904 -0.0570 0.4829 0.4164 0.3719
1494720000.0000 56250.0000 0.3898 -0.1438 0.0545 0.8974 290.2464 0.5955 0.2426 0.3520 0.2390 -0.1681 -0.1184 0.5950 1.5031 1.2722
1494720000.0000 56550.0000 1.1731 -0.9665 0.5190 1.7116 309.4831 0.5877 0.5533 0.4593 0.0366 -0.1750 -0.1991 0.8002 0.4547 0.4058
1494720000.0000 56850.0000 1.3877 -0.8996 -0.4028 1.8061 302.9552 0.9590 0.4764 0.4663 -0.3367 0.1306 -0.1865 0.9508 0.4677 0.4183
1494720000.0000 57150.0000 2.6594 -1.2967 -0.0203 3.1026 295.9927 0.5973 1.1888 0.3807 -0.2681 0.0760 -0.1977 1.0834 0.2872 0.2608
1494720000.0000 57450.0000 1.1730 1.0238 -0.4334 1.8736 228.8854 0.3094 1.3941 0.4259 0.1164 0.0096 -0.0353 1.0648 0.5213 0.4840
1494720000.0000 57750.0000 0.3528 1.1914 -0.0886 1.6026 196.4937 0.8612 0.6586 0.3061 -0.2433 -0.1654 0.2343 0.9129 0.6263 0.5728
1494720000.0000 58050.0000 0.6559 -0.3952 0.1814 1.2234 301.0702 0.6460 1.2545 0.4556 -0.3378 -0.1679 -0.2686 1.1781 1.1261 1.0394
1494720000.0000 58350.0000 1.4559 -2.1584 -0.1720 2.6314 325.9997 0.2763 0.3055 0.2044 -0.1576 0.0215 -0.0714 0.3931 0.1962 0.1691
1494720000.0000 58650.0000 0.9575 -1.4421 0.2315 1.7932 326.4170 0.4438 0.4960 0.1797 -0.3133 -0.0535 0.0791 0.5597 0.3498 0.3233
1494720000.0000 58950.0000 2.0939 -1.9171 -0.0033 2.8752 312.4755 0.2936 0.2047 0.2552 -0.0381 -0.0071 0.0273 0.3767 0.1765 0.1436
1494720000.0000 59250.0000 2.5785 -2.5135 -0.0280 3.6448 314.2687 0.6304 0.4584 0.4723 -0.2464 0.0040 -0.1179 0.7806 0.2003 0.1673
1494720000.0000 59550.0000 2.5144 -2.6466 0.0615 3.6933 316.4676 0.8176 0.4545 0.2424 -0.3364 0.0318 -0.0429 0.7572 0.1946 0.1784
1494720000.0000 59850.0000 2.6382 -1.6518 -0.2637 3.2283 302.0515 0.4716 0.8081 0.3240 0.0253 0.0148 -0.0818 0.8019 0.2341 0.2098
1494720000.0000 60150.0000 1.4720 -0.5503 -0.2365 1.7027 290.4975 0.8237 0.2884 0.1749 -0.0922 -0.0142 -0.0356 0.6435 0.4122 0.3874
1494720000.0000 60450.0000 1.6774 -1.9114 0.1088 2.5716 318.7314 0.2456 0.3388 0.2539 -0.1611 -0.0694 0.1091 0.4191 0.2077 0.1736
1494720000.0000 60750.0000 0.6794 0.1493 -0.3062 0.9982 257.6021 0.3833 0.3135 0.2191 -0.2108 -0.1662 0.0525 0.4579 0.7270 0.6928
1494720000.0000 61050.0000 1.3670 -0.8884 0.3617 1.7458 303.0204 0.2741 0.4797 0.1745 -0.1521 -0.1215 0.0382 0.4642 0.3331 0.3075
1494720000.0000 61350.0000 2.0364 -1.3944 -0.1951 2.5236 304.4011 0.2198 0.2169 0.1686 0.0683 -0.0237 -0.0566 0.3026 0.1814 0.1546
1494720000.0000 61650.0000 1.0938 -1.5391 -0.2186 1.9258 324.5988 0.1377 0.1730 0.1620 -0.0140 -0.0142 -0.0563 0.2363 0.2088 0.1704
1494720000.0000 61950.0000 1.3089 -2.1303 -0.1101 2.5941 328.4324 0.7533 0.3044 0.4750 -0.1878 0.0835 -0.0490 0.7664 0.2856 0.2375
1494720000.0000 62250.0000 1.3738 -0.8737 -0.4038 1.9787 302.4555 0.5233 1.2959 0.4259 -0.0584 -0.0724 -0.3630 1.1226 0.5157 0.4783
1494720000.0000 62550.0000 1.4383 -0.5702 0.0845 1.7324 291.6260 0.4520 0.3767 0.3902 0.1764 -0.0549 0.0373 0.6094 0.4114 0.3397
1494720000.0000 62850.0000 1.2693 -0.0162 -0.7303 1.5503 270.7318 0.5859 0.6831 0.5995 0.3180 -0.2388 -0.3819 0.9342 0.5389 0.5124
1494720000.0000 63150.0000 0.9038 -0.2068 -0.1431 1.2026 282.8857 0.5428 0.5268 0.3298 -0.1385 -0.0322 -0.1976 0.6997 0.7280 0.6440
1494720000.0000 63450.0000 1.2745 -0.6134 0.1559 1.5750 295.6992 0.3094 0.4173 0.4047 0.1142 -0.1205 -0.1099 0.5657 0.4316 0.3480
1494720000.0000 63750.0000 0.9225 0.1076 -0.2632 1.1700 263.3463 0.7216 0.2562 0.2701 -0.1099 0.1642 -0.0873 0.6240 0.6681 0.6147
1494720000.0000 64050.0000 0.8887 0.5219 0.0978 1.2094 239.5742 0.7445 0.3644 0.4867 0.2633 -0.4072 -0.1785 0.7978 0.7044 0.5899
1494720000.0000 64350.0000 1.0164 -0.2694 0.0736 1.1085 284.8465 0.1037 0.1304 0.0819 0.0009 0.0108 -0.0184 0.1579 0.3078 0.2656
1494720000.0000 64650.0000 0.4367 0.3664 0.1427 0.8570 230.0057 0.3164 0.2709 0.1896 -0.0936 -0.0619 0.0838 0.3885 0.8660 0.7761
1494720000.0000 64950.0000 0.6466 0.2980 -0.4741 0.9080 245.2560 0.4441 0.1950 0.3134 0.0499 -0.1263 0.0166 0.4763 0.6588 0.6483
1494720000.0000 65250.0000 0.3881 1.4104 0.1653 1.6907 195.3842 0.7185 0.3406 0.3114 -0.0481 -0.2693 -0.0486 0.6852 0.4591 0.4062
1494720000.0000 65550.0000 -0.0564 1.8446 0.4458 1.9091 178.2488 0.2111 0.3276 0.2659 0.0299 -0.0657 -0.0318 0.4023 0.2728 0.2296
1494720000.0000 65850.0000 0.9332 1.2714 -0.1259 1.7196 216.2787 0.5372 0.2197 0.1302 0.0065 -0.0184 0.0659 0.4436 0.3437 0.3185
1494720000.0000 66150.0000 1.0566 0.4009 -0.1549 1.1554 249.2207 0.0509 0.0562 0.1654 0.0007 -0.0291 -0.0360 0.1363 0.2642 0.1672
1494720000.0000 66450.0000 0.5238 0.1707 0.0885 0.6173 251.9483 0.0320 0.0968 0.0260 0.0171 0.0021 0.0054 0.0774 0.4070 0.3760
1494720000.0000 66750.0000 0.3420 -0.2967 0.1053 0.5274 310.9493 0.0570 0.1379 0.1016 -0.0524 0.0287 -0.0341 0.1483 0.6763 0.5629
1494720000.0000 67050.0000 0.5706 -0.3200 0.1957 0.6795 299.2836 0.0296 0.0425 0.0535 -0.0188 -0.0062 -0.0004 0.0628 0.2996 0.2370
1494720000.0000 67350.0000 0.5908 -0.0531 0.0769 0.6276 275.1349 0.0251 0.0403 0.0331 -0.0122 -0.0001 -0.0094 0.0493 0.3030 0.2490
1494720000.0000 67650.0000 1.0612 -0.5750 0.1281 1.2336 298.4501 0.1625 0.0891 0.1327 -0.0573 -0.0120 -0.0197 0.1922 0.2949 0.2399
1494720000.0000 67950.0000 1.0328 -0.8891 0.0923 1.4300 310.7265 0.2922 0.1533 0.1583 -0.0394 -0.0239 -0.0680 0.3019 0.3285 0.2828
1494720000.0000 68250.0000 1.1560 -0.6014 0.3486 1.3817 297.4878 0.1533 0.2362 0.0809 -0.0091 -0.0127 -0.0130 0.2352 0.2936 0.2765
1494720000.0000 68550.0000 0.7896 -0.2396 0.1730 0.8685 286.8824 0.2713 0.0383 0.0246 -0.0693 0.0146 -0.0059 0.1671 0.3959 0.3893
1494720000.0000 68850.0000 -0.0740 0.0310 0.0205 0.2674 112.7197 0.0494 0.0314 0.0189 -0.0095 -0.0053 0.0072 0.0498 2.2008 2.0451
1494720000.0000 69150.0000 -0.6664 0.4340 0.1495 0.8280 123.0781 0.0239 0.0953 0.0504 -0.0264 -0.0160 0.0534 0.0849 0.2940 0.2508
1494720000.0000 69450.0000 -0.2319 0.6592 0.0815 0.7538 160.6176 0.0632 0.0521 0.0563 0.0303 0.0351 0.0233 0.0858 0.3400 0.2806
1494720000.0000 69750.0000 -0.0292 0.5122 0.0986 0.5487 176.7370 0.0367 0.0244 0.0257 0.0066 0.0054 -0.0010 0.0434 0.3255 0.2781
1494720000.0000 70050.0000 -0.5408 0.3780 0.0247 0.7115 124.9549 0.0803 0.0232 0.0142 0.0222 0.0005 -0.0113 0.0589 0.3000 0.2815
1494720000.0000 70350.0000 -0.6786 0.5256 -0.0114 0.8688 127.7622 0.0233 0.0200 0.0173 -0.0028 0.0078 0.0013 0.0303 0.1656 0.1401
1494720000.0000 70650.0000 -0.8513 0.7372 0.0048 1.1332 130.8914 0.0351 0.0165 0.0204 -0.0105 0.0036 0.0036 0.0360 0.1376 0.1164
1494720000.0000 70950.0000 -0.8958 0.7900 -0.0003 1.1981 131.4100 0.0239 0.0223 0.0095 -0.0146 0.0014 -0.0037 0.0279 0.1141 0.1040
1494720000.0000 71250.0000 -1.1749 0.9605 -0.0139 1.5212 129.2647 0.0268 0.0123 0.0158 -0.0078 -0.0100 0.0043 0.0274 0.0891 0.0752
1494720000.0000 71550.0000 -0.9294 0.7334 0.0338 1.1871 128.2773 0.0226 0.0259 0.0057 -0.0172 0.0024 -0.0037 0.0271 0.1135 0.1074
1494720000.0000 71850.0000 -0.9374 0.6912 0.0383 1.1700 126.4046 0.0133 0.0071 0.0048 0.0032 -0.0012 -0.0004 0.0126 0.0787 0.0708
1494720000.0000 72150.0000 -0.8704 0.8831 0.0342 1.2473 135.4125 0.0258 0.0100 0.0146 -0.0003 -0.0055 -0.0030 0.0252 0.1046 0.0881
1494720000.0000 72450.0000 -1.2242 1.0848 0.0111 1.6399 131.5463 0.0194 0.0153 0.0104 -0.0031 -0.0007 -0.0019 0.0225 0.0749 0.0657
1494720000.0000 72750.0000 -1.1515 1.0176 0.0133 1.5414 131.4678 0.0253 0.0170 0.0320 -0.0061 0.0118 -0.0052 0.0371 0.1024 0.0773
1494720000.0000 73050.0000 -0.9478 0.8194 -0.0510 1.2561 130.8435 0.0164 0.0103 0.0203 -0.0051 -0.0029 0.0029 0.0235 0.0999 0.0754
1494720000.0000 73350.0000 -0.8513 0.8084 0.0479 1.1787 133.5195 0.0081 0.0148 0.0216 -0.0007 0.0054 -0.0027 0.0222 0.1036 0.0743
1494720000.0000 73650.0000 -0.8884 1.1129 0.0603 1.4318 141.3999 0.0170 0.0329 0.0185 -0.0012 -0.0046 -0.0112 0.0342 0.1059 0.0905
1494720000.0000 73950.0000 -0.6372 0.6626 -0.0022 0.9404 136.1215 0.0597 0.0850 0.0284 -0.0333 0.0053 0.0108 0.0866 0.2613 0.2389
1494720000.0000 74250.0000 -1.0186 0.8716 0.0020 1.3485 130.5534 0.1244 0.1066 0.0155 -0.0967 -0.0138 0.0168 0.1232 0.2138 0.2070
1494720000.0000 74550.0000 -1.0085 0.9771 0.0283 1.4087 134.0939 0.0097 0.0122 0.0044 0.0011 -0.0013 -0.0009 0.0131 0.0666 0.0608
1494720000.0000 74850.0000 -0.8653 0.7399 -0.0670 1.1416 130.5343 0.0200 0.0110 0.0162 -0.0079 -0.0083 0.0057 0.0236 0.1100 0.0893
1494720000.0000 75150.0000 -0.7493 0.7477 -0.0562 1.0635 134.9420 0.0095 0.0221 0.0106 -0.0062 0.0010 -0.0062 0.0211 0.1120 0.0970
1494720000.0000 75450.0000 -0.7917 0.7485 -0.0398 1.0936 133.3937 0.0181 0.0121 0.0054 -0.0062 -0.0009 -0.0013 0.0178 0.0999 0.0921
1494720000.0000 75750.0000 -1.0639 0.9485 0.0061 1.4290 131.7189 0.0094 0.0133 0.0105 -0.0015 0.0012 0.0048 0.0166 0.0738 0.0611
1494720000.0000 76050.0000 -0.8670 0.8075 -0.0076 1.1901 132.9639 0.0221 0.0063 0.0040 -0.0013 -0.0009 0.0004 0.0162 0.0878 0.0822
1494720000.0000 76350.0000 -0.9905 0.9109 -0.0264 1.3597 132.6021 0.0299 0.0311 0.0127 0.0064 -0.0048 -0.0083 0.0369 0.1165 0.1060
1494720000.0000 76650.0000 -1.3096 1.0721 0.0679 1.6973 129.3054 0.0237 0.0150 0.0125 -0.0027 0.0000 -0.0025 0.0256 0.0772 0.0671
1494720000.0000 76950.0000 -0.4144 1.0449 -0.0696 1.1548 158.3642 0.0714 0.0648 0.0314 0.0097 -0.0068 0.0101 0.0838 0.2099 0.1895
1494720000.0000 77250.0000 -0.5072 0.9900 0.0116 1.1241 152.8711 0.0293 0.0151 0.0102 -0.0001 0.0048 0.0002 0.0273 0.1212 0.1093
1494720000.0000 77550.0000 -0.8055 1.0891 -0.0392 1.3685 143.5140 0.0515 0.0125 0.0102 -0.0026 -0.0083 0.0037 0.0371 0.1160 0.1078
1494720000.0000 77850.0000 -0.7840 0.9089 -0.0037 1.2031 139.2198 0.0074 0.0247 0.0143 -0.0083 -0.0003 0.0078 0.0232 0.1036 0.0862
1494720000.0000 78150.0000 -0.8477 0.8172 -0.0617 1.1798 133.9510 0.0067 0.0078 0.0072 -0.0020 0.0008 -0.0025 0.0109 0.0722 0.0590
1494720000.0000 78450.0000 -0.5430 0.6360 -0.0210 0.8520 139.5088 0.0304 0.0224 0.0190 -0.0019 0.0069 0.0029 0.0359 0.1849 0.1586
1494720000.0000 78750.0000 -0.6781 0.6186 -0.0566 0.9333 132.3717 0.0481 0.0106 0.0110 -0.0018 -0.0017 0.0002 0.0348 0.1657 0.1523
1494720000.0000 79050.0000 -0.6993 0.6521 -0.0047 0.9627 133.0004 0.0167 0.0144 0.0134 -0.0040 -0.0018 0.0031 0.0223 0.1275 0.1066
1494720000.0000 79350.0000 -0.7561 0.7442 -0.0643 1.0633 134.5465 0.0066 0.0062 0.0114 -0.0014 0.0041 -0.0016 0.0121 0.0844 0.0615
1494720000.0000 79650.0000 -0.5279 0.7404 -0.0262 0.9245 144.5086 0.0404 0.0159 0.0144 -0.0061 0.0080 0.0004 0.0353 0.1688 0.1506
1494720000.0000 79950.0000 -0.6361 0.5182 0.0016 0.8521 129.1677 0.0625 0.0698 0.0152 -0.0210 0.0113 0.0066 0.0737 0.2702 0.2560
1494720000.0000 80250.0000 -0.4150 0.8314 -0.0250 0.9595 153.4728 0.0657 0.0404 0.0193 -0.0015 0.0034 0.0007 0.0627 0.2199 0.2024
1494720000.0000 80550.0000 -0.6036 0.6738 -0.0281 0.9085 138.1476 0.0120 0.0035 0.0051 -0.0024 0.0022 -0.0026 0.0103 0.0917 0.0796
1494720000.0000 80850.0000 -0.8960 0.7773 0.0045 1.1905 130.9397 0.0241 0.0144 0.0091 -0.0088 0.0008 0.0030 0.0238 0.1062 0.0955
1494720000.0000 81150.0000 -0.7952 1.0792 0.0651 1.3496 143.6163 0.0272 0.0207 0.0095 -0.0022 0.0012 0.0007 0.0287 0.1031 0.0943
1494720000.0000 81450.0000 -0.3574 0.8487 0.0193 0.9598 157.1646 0.0558 0.0586 0.0270 0.0315 0.0119 0.0186 0.0707 0.2357 0.2120
1494720000.0000 81750.0000 -0.5459 0.6731 0.0174 0.8872 140.9564 0.0603 0.1079 0.0235 -0.0530 -0.0158 0.0263 0.0958 0.2916 0.2732
1494720000.0000 82050.0000 -0.5262 0.7139 0.0095 0.9064 143.6048 0.0664 0.0488 0.0118 -0.0269 -0.0034 0.0096 0.0635 0.2320 0.2209
1494720000.0000 82350.0000 -0.9112 0.8133 0.0126 1.2297 131.7501 0.0375 0.0437 0.0210 -0.0214 0.0048 0.0003 0.0511 0.1512 0.1348
1494720000.0000 82650.0000 -0.8046 0.8928 0.0046 1.2053 137.9731 0.0182 0.0079 0.0080 -0.0048 0.0041 -0.0009 0.0170 0.0887 0.0775
1494720000.0000 82950.0000 -0.4595 0.6633 -0.0363 0.8300 145.2894 0.0400 0.0205 0.0216 0.0022 0.0125 0.0055 0.0411 0.2049 0.1760
1494720000.0000 83250.0000 -0.4180 0.6546 -0.0532 0.8084 147.4388 0.0904 0.0380 0.0095 -0.0314 0.0045 -0.0013 0.0689 0.2754 0.2663
1494720000.0000 83550.0000 -0.9564 0.9329 -0.0433 1.3431 134.2876 0.0283 0.0189 0.0075 -0.0049 -0.0008 0.0031 0.0273 0.1010 0.0939
1494720000.0000 83850.0000 -0.8317 0.8227 -0.0896 1.1888 134.6884 0.0514 0.0349 0.0259 0.0022 0.0126 0.0057 0.0561 0.1648 0.1450
1494720000.0000 84150.0000 -0.4599 0.6751 0.0074 0.8595 145.7365 0.0820 0.0400 0.0369 -0.0014 0.0251 0.0110 0.0794 0.2817 0.2468
1494720000.0000 84450.0000 -1.2193 1.2542 -0.0292 1.7549 135.8068 0.0265 0.0227 0.0173 -0.0048 -0.0060 0.0023 0.0332 0.0851 0.0732
1494720000.0000 84750.0000 -1.1461 1.1444 -0.0272 1.6242 134.9575 0.0209 0.0231 0.0126 -0.0075 -0.0045 0.0051 0.0283 0.0848 0.0748
1494720000.0000 85050.0000 -0.5186 0.8025 0.0044 0.9828 147.1285 0.0588 0.0376 0.0212 0.0028 0.0202 0.0076 0.0588 0.2073 0.1877
1494720000.0000 85350.0000 -0.3005 0.6658 -0.0633 0.7476 155.7098 0.0329 0.0110 0.0074 -0.0040 0.0072 0.0006 0.0256 0.1783 0.1655
1494720000.0000 85650.0000 -0.6941 0.8404 -0.0069 1.0926 140.4471 0.0098 0.0114 0.0048 -0.0049 0.0022 -0.0016 0.0130 0.0854 0.0772
1494720000.0000 85950.0000 -0.9498 0.8758 -0.0390 1.2960 132.6790 0.0318 0.0118 0.0097 -0.0108 0.0045 -0.0024 0.0267 0.1031 0.0933
1494720000.0000 86250.0000 -0.9042 1.0078 -0.0288 1.3572 138.1006 0.0119 0.0109 0.0087 -0.0027 0.0001 -0.0019 0.0158 0.0757 0.0644
1494806400.0000 86550.0000 -0.6023 0.8449 0.0198 1.0671 144.5143 0.0917 0.0599 0.0251 -0.0316 0.0199 0.0034 0.0883 0.2338 0.2166
1494806400.0000 86850.0000 -0.2762 0.5904 -0.0560 0.6700 154.9296 0.0220 0.0192 0.0149 0.0022 0.0050 0.0045 0.0281 0.2091 0.1799
1494806400.0000 87150.0000 -0.6895 0.7208 -0.1325 1.0019 136.2736 0.0802 0.0722 0.0119 -0.0686 -0.0050 0.0087 0.0822 0.2326 0.2260
1494806400.0000 87450.0000 -0.9451 0.8743 0.0122 1.2897 132.7724 0.0215 0.0091 0.0024 -0.0088 -0.0025 0.0008 0.0165 0.0814 0.0784
1494806400.0000 87750.0000 -0.9665 1.0217 -0.0137 1.4087 136.5912 0.0187 0.0232 0.0076 -0.0148 -0.0010 0.0012 0.0248 0.0914 0.0841
1494806400.0000 88050.0000 -0.8415 0.9227 0.0128 1.2721 137.6350 0.0830 0.0219 0.0136 -0.0085 0.0096 0.0014 0.0592 0.1591 0.1497
1494806400.0000 88350.0000 -0.1871 0.8393 0.0491 0.9023 167.4337 0.0645 0.0648 0.0562 0.0216 0.0155 0.0067 0.0928 0.2887 0.2414
1494806400.0000 88650.0000 -0.3587 0.5251 -0.0669 0.6609 145.6637 0.0378 0.0305 0.0157 -0.0084 0.0072 -0.0058 0.0420 0.2617 0.2373
1494806400.0000 88950.0000 -0.4156 0.5046 -0.0080 0.6752 140.5267 0.0571 0.0211 0.0205 -0.0139 -0.0069 -0.0004 0.0494 0.2776 0.2471
1494806400.0000 89250.0000 -0.6821 0.7616 -0.0302 1.0346 138.1509 0.0506 0.0174 0.0155 -0.0159 0.0008 0.0017 0.0417 0.1631 0.1472
1494806400.0000 89550.0000 -1.0364 0.8862 0.0212 1.3686 130.5309 0.0462 0.0153 0.0071 -0.0155 0.0004 0.0010 0.0343 0.1108 0.1050
1494806400.0000 89850.0000 -0.8106 0.7135 -0.0510 1.0871 131.3561 0.0279 0.0175 0.0113 -0.0073 0.0043 -0.0032 0.0284 0.1272 0.1139
1494806400.0000 90150.0000 -0.8558 0.7577 -0.0346 1.1469 131.5229 0.0126 0.0143 0.0097 -0.0056 0.0008 0.0027 0.0183 0.0966 0.0829
1494806400.0000 90450.0000 -0.7963 0.8325 -0.0490 1.1563 136.2713 0.0150 0.0144 0.0148 -0.0053 0.0022 0.0032 0.0221 0.1053 0.0859
1494806400.0000 90750.0000 -0.5772 0.6455 -0.0120 0.8834 138.1973 0.0417 0.0356 0.0183 -0.0096 0.0084 0.0047 0.0478 0.2062 0.1854
1494806400.0000 91050.0000 -0.4569 0.7686 -0.0129 0.9248 149.2706 0.0593 0.0240 0.0429 0.0047 0.0142 0.0075 0.0631 0.2294 0.1864
1494806400.0000 91350.0000 -0.8151 0.7470 -0.0233 1.1137 132.5043 0.0825 0.0463 0.0132 -0.0473 0.0123 -0.0067 0.0710 0.1967 0.1874
1494806400.0000 91650.0000 -1.0711 0.9862 -0.0495 1.4596 132.6367 0.0395 0.0158 0.0176 -0.0161 -0.0059 0.0056 0.0365 0.1070 0.0933
1494806400.0000 91950.0000 -1.0111 0.9828 -0.0078 1.4143 134.1878 0.0075 0.0190 0.0064 -0.0007 -0.0001 -0.0017 0.0165 0.0743 0.0666
1494806400.0000 92250.0000 -1.0112 1.0861 -0.1098 1.4938 137.0464 0.0337 0.0203 0.0191 -0.0016 0.0002 0.0079 0.0366 0.1049 0.0904
1494806400.0000 92550.0000 -0.6362 0.8227 0.0370 1.0636 142.2825 0.0605 0.0224 0.0241 -0.0003 0.0041 0.0033 0.0535 0.1814 0.1598
1494806400.0000 92850.0000 -0.7981 0.9767 0.0535 1.2692 140.7461 0.0236 0.0272 0.0150 -0.0056 -0.0056 -0.0028 0.0329 0.1173 0.1031
1494806400.0000 93150.0000 -0.8554 0.9094 -0.1435 1.2583 136.7521 0.0374 0.0448 0.0385 -0.0184 0.0102 -0.0110 0.0603 0.1596 0.1325
1494806400.0000 93450.0000 -1.2166 1.1218 -0.0955 1.6596 132.6795 0.0347 0.0314 0.0254 -0.0176 0.0024 -0.0039 0.0458 0.1054 0.0897
1494806400.0000 93750.0000 -0.8753 0.9786 -0.0054 1.3268 138.1880 0.0824 0.0529 0.0273 -0.0366 -0.0006 -0.0047 0.0813 0.1773 0.1617
1494806400.0000 94050.0000 -1.1313 1.2307 0.0695 1.6769 137.4097 0.0453 0.0568 0.0253 -0.0336 -0.0095 0.0141 0.0637 0.1232 0.1104
1494806400.0000 94350.0000 -0.9426 0.9387 -0.0770 1.3450 134.8833 0.0530 0.0667 0.0369 -0.0235 0.0048 -0.0043 0.0783 0.1714 0.1501
1494806400.0000 94650.0000 -1.0123 1.1896 -0.0861 1.5758 139.6038 0.0688 0.0292 0.0199 -0.0108 -0.0115 0.0031 0.0590 0.1267 0.1157
1494806400.0000 94950.0000 -0.5692 0.7837 -0.1453 1.0058 144.0091 0.0764 0.0489 0.0457 -0.0007 0.0268 0.0053 0.0855 0.2437 0.2110
1494806400.0000 95250.0000 -0.5895 0.7613 0.0497 1.0048 142.2472 0.0870 0.0764 0.0209 -0.0110 0.0158 -0.0035 0.0922 0.2571 0.2424
1494806400.0000 95550.0000 -0.5182 0.5788 -0.1759 0.8054 138.1574 0.0870 0.0490 0.0304 -0.0460 -0.0050 0.0019 0.0832 0.2957 0.2741
1494806400.0000 95850.0000 -0.1108 0.9633 -0.0380 0.9931 173.4361 0.0427 0.0363 0.0394 0.0217 -0.0089 -0.0074 0.0593 0.2048 0.1674
1494806400.0000 96150.0000 -0.4651 0.8437 -0.0484 1.0255 151.1353 0.0789 0.0977 0.0340 0.0533 0.0158 0.0138 0.1053 0.2747 0.2519
1494806400.0000 96450.0000 -0.6840 0.8428 -0.0125 1.0955 140.9401 0.0273 0.0388 0.0106 -0.0141 0.0089 -0.0064 0.0383 0.1473 0.1367
1494806400.0000 96750.0000 -0.6447 0.8043 0.1130 1.0438 141.2863 0.0378 0.0097 0.0092 -0.0016 0.0045 0.0020 0.0284 0.1327 0.1222
1494806400.0000 97050.0000 -0.3007 0.7024 -0.0101 0.8003 156.8266 0.0519 0.0437 0.0468 0.0119 0.0047 0.0077 0.0712 0.2851 0.2336
1494806400.0000 97350.0000 -0.9118 0.9257 -0.0005 1.3145 135.4339 0.1762 0.0981 0.0288 -0.1045 -0.0324 0.0216 0.1516 0.2446 0.2327
1494806400.0000 97650.0000 -1.1105 1.1454 0.0596 1.5987 135.8881 0.0281 0.0137 0.0113 -0.0105 -0.0030 0.0035 0.0266 0.0834 0.0740
1494806400.0000 97950.0000 -0.9141 1.1485 -0.0418 1.4717 141.4839 0.0182 0.0221 0.0225 -0.0088 -0.0009 0.0003 0.0314 0.0985 0.0789
1494806400.0000 98250.0000 -0.4512 0.9306 0.0074 1.0648 154.1341 0.0748 0.0620 0.0400 -0.0111 0.0083 0.0060 0.0884 0.2347 0.2065
1494806400.0000 98550.0000 -0.0135 1.0337 -0.0365 1.0615 179.2507 0.0540 0.0408 0.0467 -0.0000 0.0098 0.0162 0.0708 0.2100 0.1720
1494806400.0000 98850.0000 -0.6106 0.5338 0.0176 0.8848 131.1563 0.1500 0.0255 0.0085 0.0242 -0.0121 -0.0007 0.0920 0.3053 0.2983
1494806400.0000 99150.0000 -1.0347 0.8954 -0.0928 1.3744 130.8720 0.0161 0.0159 0.0266 0.0005 -0.0038 -0.0067 0.0292 0.1018 0.0754
1494806400.0000 99450.0000 -0.5012 0.8329 0.0171 0.9979 148.9603 0.0682 0.0321 0.0363 -0.0146 0.0186 0.0042 0.0683 0.2195 0.1881
1494806400.0000 99750.0000 -0.1544 0.5411 0.0044 0.6168 164.0707 0.0495 0.0924 0.0682 -0.0160 -0.0060 0.0384 0.1050 0.4702 0.3865
1494806400.0000 100050.0000 -0.4101 0.3768 -0.0804 0.5770 132.5784 0.0198 0.0336 0.0131 -0.0087 0.0080 -0.0043 0.0333 0.2646 0.2396
1494806400.0000 100350.0000 -0.3607 0.0185 -0.1020 0.5572 92.9402 0.1746 0.1887 0.0461 0.0141 0.0312 0.0046 0.2047 0.9844 0.9635
1494806400.0000 100650.0000 -0.1360 0.4102 -0.0153 0.5898 161.6496 0.0793 0.1198 0.0636 -0.0044 -0.0001 0.0335 0.1313 0.6842 0.5961
1494806400.0000 100950.0000 -0.0540 0.4076 0.0284 0.4403 172.4555 0.0209 0.0191 0.0234 -0.0045 -0.0011 0.0024 0.0317 0.3527 0.2809
1494806400.0000 101250.0000 0.1595 0.3999 0.0227 0.4703 201.7409 0.0446 0.0184 0.0222 0.0076 0.0130 0.0030 0.0426 0.3908 0.3365
1494806400.0000 101550.0000 -0.0898 0.0577 -0.1237 0.2938 122.7191 0.0628 0.0393 0.0724 0.0068 0.0233 0.0150 0.0873 1.4768 1.7299
1494806400.0000 101850.0000 -0.5329 -0.2681 0.0094 0.6737 63.2915 0.0575 0.1117 0.0274 0.0180 0.0045 0.0089 0.0983 0.4291 0.3982
1494806400.0000 102150.0000 -0.3578 0.0704 0.0106 0.5677 101.1320 0.1040 0.1824 0.0809 0.0517 -0.0103 0.0297 0.1837 0.9592 0.8473
1494806400.0000 102450.0000 -0.1366 0.6390 0.0214 0.6660 167.9381 0.0149 0.0151 0.0122 0.0036 -0.0001 -0.0003 0.0211 0.1816 0.1531
1494806400.0000 102750.0000 -0.0281 0.5871 -0.0630 0.6002 177.2643 0.0165 0.0164 0.0268 -0.0020 -0.0102 0.0054 0.0298 0.2386 0.1780
1494806400.0000 103050.0000 0.1098 0.6692 0.0169 0.6963 189.3218 0.0229 0.0243 0.0212 -0.0015 -0.0020 0.0032 0.0342 0.2225 0.1848
1494806400.0000 103350.0000 -0.3252 0.3459 -0.0451 0.4910 136.7703 0.0345 0.0211 0.0150 -0.0101 0.0070 -0.0093 0.0353 0.3216 0.2866
1494806400.0000 103650.0000 -0.2432 0.2655 -0.0240 0.4510 137.5190 0.0724 0.0544 0.0238 -0.0207 0.0099 -0.0043 0.0753 0.6208 0.5710
1494806400.0000 103950.0000 0.2179 0.6867 -0.0871 0.7481 197.6055 0.0319 0.0515 0.0265 -0.0063 0.0070 -0.0223 0.0549 0.2637 0.2314
1494806400.0000 104250.0000 -0.1084 0.4106 -0.0066 0.6923 165.2085 0.1964 0.1967 0.1200 -0.1133 0.0364 0.0053 0.2565 0.9737 0.8524
1494806400.0000 104550.0000 -0.0739 0.6265 0.0495 0.7112 173.2773 0.0974 0.0724 0.1112 -0.0146 0.0138 0.0117 0.1405 0.4837 0.3772
1494806400.0000 104850.0000 0.3681 1.2667 0.1350 1.3460 196.2028 0.0994 0.0827 0.0509 0.0472 0.0199 0.0264 0.1165 0.2102 0.1868
1494806400.0000 105150.0000 0.1328 0.8725 0.0282 1.0199 188.6544 0.2151 0.2264 0.2396 0.0101 0.0874 0.1301 0.3406 0.5397 0.4347
1494806400.0000 105450.0000 -0.4571 -0.0421 -0.0264 0.8902 84.7401 0.1381 0.6373 0.1042 0.1858 -0.0330 -0.1152 0.4398 1.1776 1.1074
1494806400.0000 105750.0000 -0.7490 -0.6371 0.0897 1.0754 49.6122 0.2138 0.2107 0.1172 0.0960 -0.0373 -0.0106 0.2708 0.4304 0.3826
1494806400.0000 106050.0000 0.4781 0.1948 0.0999 0.8101 247.8353 0.3207 0.1687 0.1180 0.1219 0.0083 0.0136 0.3037 0.8558 0.7824
1494806400.0000 106350.0000 0.1818 0.1365 0.1952 0.5188 233.1119 0.1622 0.1333 0.0887 0.0283 0.0082 0.0139 0.1921 1.1942 1.3805
1494806400.0000 106650.0000 0.1419 -0.0073 -0.0238 0.6747 272.9490 0.2871 0.2767 0.1643 0.1030 0.0588 0.0664 0.3641 3.4192 3.0507
1494806400.0000 106950.0000 -0.0537 -0.0763 0.0469 0.6653 35.1588 0.2907 0.2351 0.1454 -0.0161 0.0276 0.0650 0.3356 4.5308 4.4874
1494806400.0000 107250.0000 -0.7032 0.0538 0.0537 0.8541 94.3718 0.2598 0.2436 0.2251 0.0634 0.0508 0.1302 0.3643 0.6968 0.5809
1494806400.0000 107550.0000 -0.9636 -0.3968 0.0137 1.1571 67.6170 0.3359 0.3749 0.1401 0.1813 0.0446 0.0511 0.4254 0.5110 0.4671
1494806400.0000 107850.0000 -0.2490 0.0788 0.1875 0.9340 107.5717 0.4356 0.5830 0.1233 0.2694 0.0503 0.0851 0.5709 1.9188 2.2311
1494806400.0000 108150.0000 -0.6629 -0.4858 0.1586 1.0069 53.7665 0.3489 0.2156 0.2907 -0.0386 -0.0599 -0.0027 0.4276 0.6379 0.5278
1494806400.0000 108450.0000 -0.5007 -0.0680 0.0894 0.7170 82.2635 0.1862 0.3392 0.0617 0.0769 -0.0020 -0.0031 0.2936 0.8622 0.8283
1494806400.0000 108750.0000 -1.2692 -0.2184 0.1132 1.4407 80.2367 0.4220 0.3636 0.1313 0.0779 0.1030 0.0367 0.4584 0.4276 0.3973
1494806400.0000 109050.0000 -1.6966 -0.9027 0.1908 2.0166 61.9849 0.3039 0.4164 0.3019 0.0193 0.1121 0.0285 0.5111 0.3023 0.2550
1494806400.0000 109350.0000 -1.8978 -1.2006 0.1482 2.3247 57.6824 0.3648 0.4347 0.3053 0.0691 0.0980 0.0719 0.5524 0.2696 0.2299
1494806400.0000 109650.0000 -1.8689 -2.0323 -0.0780 2.8307 42.6017 0.4933 0.3337 0.2748 0.0584 0.0460 0.0463 0.5509 0.2194 0.1902
1494806400.0000 109950.0000 -1.6446 -1.5779 0.0364 2.3608 46.1865 0.3955 0.4868 0.2873 0.1070 0.0678 0.0882 0.5848 0.2739 0.2379
1494806400.0000 110250.0000 -1.4543 -1.7868 -0.0852 2.3750 39.1431 0.4777 0.3496 0.3105 0.1452 0.0473 0.1139 0.5689 0.2671 0.2279
1494806400.0000 110550.0000 -1.7935 -1.6990 0.0510 2.5637 46.5506 0.4565 0.5635 0.4318 0.1181 0.0682 0.1254 0.7259 0.2815 0.2360
1494806400.0000 110850.0000 -1.1412 -0.8492 -0.0616 1.5396 53.3458 0.2612 0.4947 0.2021 0.0625 0.0961 0.1160 0.4789 0.3969 0.3529
1494806400.0000 111150.0000 -1.1561 -0.6547 -0.0090 1.4599 60.4766 0.2854 0.5049 0.1726 0.1884 0.0496 0.1474 0.4815 0.4264 0.3863
1494806400.0000 111450.0000 -0.9153 -0.5936 0.0431 1.2279 57.0337 0.1780 0.3017 0.2812 -0.0260 0.0546 -0.0039 0.3804 0.4613 0.3665
1494806400.0000 111750.0000 -0.8560 -0.1917 0.0822 1.1383 77.3789 0.5945 0.3697 0.3886 -0.0725 0.1783 0.1050 0.6764 0.7622 0.6463
1494806400.0000 112050.0000 -0.6949 -0.5702 0.1078 1.0389 50.6301 0.2599 0.2084 0.2209 -0.0103 0.0708 0.0242 0.3446 0.5294 0.4395
1494806400.0000 112350.0000 -0.2342 -0.1735 0.2065 0.4858 53.4665 0.0932 0.1418 0.0696 0.0148 0.0018 0.0225 0.1523 0.8920 0.9602
1494806400.0000 112650.0000 -0.5698 -0.5863 -0.0941 1.0900 44.1836 0.2868 0.5659 0.3053 0.1110 0.0544 0.1071 0.5790 0.7549 0.6521
1494806400.0000 112950.0000 -1.3431 -1.5486 -0.2966 2.2392 40.9360 0.4648 0.9728 0.4768 -0.0868 0.0494 0.1362 0.9572 0.3857 0.3377
1494806400.0000 113250.0000 -0.8524 -0.5297 -0.1297 1.3561 58.1424 0.6058 0.7718 0.4900 0.1597 0.1611 0.2644 0.9338 0.7797 0.6753
1494806400.0000 113550.0000 -1.1888 -0.4941 0.0518 1.5420 67.4322 0.8361 0.3689 0.5660 -0.0162 0.1285 0.1186 0.8855 0.5963 0.4923
1494806400.0000 113850.0000 -1.4078 -0.9475 -0.2156 1.9421 56.0569 0.6233 0.9174 0.4588 -0.0786 0.0933 0.0805 0.9998 0.4773 0.4223
1494806400.0000 114150.0000 -2.1845 -1.6041 -0.7798 2.7972 53.7089 0.7617 0.6260 0.7321 0.2487 0.3639 0.2356 1.0599 0.2981 0.2510
1494806400.0000 114450.0000 -0.8751 -0.9452 0.1172 1.5845 42.7936 0.9626 0.3924 0.6631 0.0780 0.4278 0.1746 1.0090 0.6341 0.5217
1494806400.0000 114750.0000 -0.9320 -0.7792 -0.3828 1.3878 50.1013 0.3555 0.4561 0.4534 0.0253 0.1068 0.0341 0.6325 0.5098 0.4282
1494806400.0000 115050.0000 0.3304 -0.3774 0.0446 0.8262 318.7952 0.3165 0.2370 0.3250 -0.0782 0.1608 0.0194 0.4392 1.0745 0.8562
1494806400.0000 115350.0000 0.1393 -0.0173 0.1796 0.6334 277.0791 0.3193 0.1712 0.1684 -0.0252 0.1086 -0.0533 0.3294 2.0557 2.8801
1494806400.0000 115650.0000 -0.0839 0.5535 0.0580 0.8043 171.3804 0.3420 0.1284 0.3591 -0.0019 0.1226 0.0005 0.4147 0.9343 0.7073
1494806400.0000 115950.0000 0.4266 0.3696 0.2744 0.9332 229.0921 0.3824 0.3545 0.1986 -0.0637 -0.0624 0.1705 0.4677 0.8898 0.8781
1494806400.0000 116250.0000 -0.8756 0.3658 -0.1842 1.2503 112.6722 0.5917 0.4207 0.4393 -0.1046 -0.0269 0.0854 0.7259 0.7197 0.6122
1494806400.0000 116550.0000 -0.9548 -0.6281 -0.2711 1.4781 56.6631 1.0443 0.5744 0.8607 0.0661 0.3917 0.1991 1.2397 0.7739 0.6427
1494806400.0000 116850.0000 -1.4880 -1.1104 -0.3079 2.1255 53.2679 1.0946 0.6267 1.1298 -0.1805 -0.0863 0.3657 1.4256 0.5180 0.4080
1494806400.0000 117150.0000 -1.8219 -1.2296 -0.6988 2.3953 55.9837 0.7718 0.7998 0.7267 0.0145 0.1475 0.1725 1.1492 0.3795 0.3293
1494806400.0000 117450.0000 -1.4454 -1.4251 -0.5105 2.2178 45.4070 1.1955 1.4530 1.1008 0.6342 0.5617 0.8452 1.8746 0.5341 0.4629
1494806400.0000 117750.0000 -1.4273 -1.2794 -0.2626 2.1416 48.1272 0.8808 0.9270 0.8267 0.1351 0.1934 0.5225 1.3172 0.4844 0.4050
1494806400.0000 118050.0000 -1.2657 -1.2418 -0.0480 2.1621 45.5472 1.0017 1.0317 1.0016 -0.2312 0.1943 0.1312 1.5175 0.5670 0.4643
1494806400.0000 118350.0000 -1.6662 -1.1020 -0.1894 2.2055 56.5206 0.5867 0.8396 0.7657 -0.0221 0.1272 0.4318 1.0960 0.4260 0.3452
1494806400.0000 118650.0000 -1.9628 -1.4473 -0.4493 2.6223 53.5959 0.8861 0.9435 0.9840 0.0572 0.2715 0.2375 1.4068 0.3905 0.3202
1494806400.0000 118950.0000 -1.9254 -1.5504 -0.3864 2.6432 51.1585 1.3660 1.0769 0.8344 0.3260 0.4574 0.5564 1.6386 0.4177 0.3650
1494806400.0000 119250.0000 -1.9717 -1.3844 -0.5114 2.5623 54.9256 0.9300 0.7773 0.5695 0.1612 0.2711 0.2501 1.1384 0.3537 0.3131
1494806400.0000 119550.0000 -2.0880 -1.7964 -0.4720 2.8588 49.2927 0.6869 0.4364 0.4228 -0.0653 0.1130 0.1325 0.7730 0.2569 0.2222
1494806400.0000 119850.0000 -1.1146 -0.7568 0.0631 1.6675 55.8242 0.9127 0.9565 0.6104 0.2860 0.2729 0.1209 1.2398 0.6741 0.5859
1494806400.0000 120150.0000 -0.9172 -0.1667 0.3022 1.2916 79.6967 0.3900 0.8480 0.5954 -0.0156 0.0025 0.0834 0.9167 0.7977 0.6891
1494806400.0000 120450.0000 -1.4151 -0.8291 -0.0212 2.1042 59.6334 1.5606 1.3605 0.9040 -0.3793 0.0027 0.6179 1.9125 0.6884 0.6017
1494806400.0000 120750.0000 0.2061 -1.0318 0.5344 1.3835 348.7039 0.5636 0.9840 0.7606 0.1094 0.0628 0.3958 1.1541 0.7433 0.6826
1494806400.0000 121050.0000 -0.7286 -0.4174 0.0284 1.1708 60.1940 0.4108 0.4731 0.7728 -0.0601 -0.0147 0.0223 0.8284 0.8845 0.6465
1494806400.0000 121350.0000 0.3455 -1.3078 -0.1575 1.5865 345.2025 0.6155 0.4505 0.5789 -0.0740 0.0380 -0.0054 0.8224 0.5437 0.4407
1494806400.0000 121650.0000 0.3003 0.3990 0.1080 1.1634 216.9634 0.7350 0.8380 0.6009 -0.0073 0.3194 0.2543 1.0870 1.6660 1.4499
1494806400.0000 121950.0000 0.7008 0.5638 0.3564 1.1768 231.1858 0.3944 0.3627 0.4359 -0.0408 0.0155 0.1754 0.5965 0.6518 0.5586
1494806400.0000 122250.0000 0.8316 0.1705 0.7910 1.1591 258.4132 0.6499 0.4561 0.3005 0.0210 0.0782 0.1199 0.7032 0.5901 0.7152
1494806400.0000 122550.0000 0.2569 -0.4786 -0.0290 0.9105 331.7740 0.3503 0.3315 0.5618 -0.0788 0.0446 0.1474 0.6218 1.1835 0.8776
1494806400.0000 122850.0000 -0.8664 -0.1017 0.4019 1.3522 83.3042 0.8918 0.7062 0.5392 0.2916 0.0809 0.0469 1.0686 0.8788 0.8366
1494806400.0000 123150.0000 0.0623 0.0513 0.1683 0.9983 230.5640 0.5097 0.7061 0.4417 -0.3521 -0.0051 0.1735 0.8288 3.9821 7.8893
1494806400.0000 123450.0000 -0.8513 -0.7416 -0.1423 1.5624 48.9407 1.0321 0.8026 0.5054 0.1515 0.0049 0.1140 1.1701 0.7761 0.6927
1494806400.0000 123750.0000 -0.4279 -1.6304 -0.3038 2.1213 14.7066 1.7005 0.9792 0.9237 0.5296 0.6925 0.3384 1.8017 0.6399 0.5607
1494806400.0000 124050.0000 -1.1673 -0.8620 -0.5284 1.7069 53.5557 0.5768 0.5830 0.6316 -0.2309 -0.2258 0.1432 0.8957 0.5004 0.4285
1494806400.0000 124350.0000 -0.0716 -0.1609 -0.2768 1.1850 23.9755 0.6986 0.8780 0.4803 0.3214 0.0684 0.3737 1.0284 2.5237 4.1158
1494806400.0000 124650.0000 -2.1254 -0.9875 -0.8421 2.5262 65.0790 0.7624 1.0525 0.7640 0.3676 0.1532 0.4035 1.2894 0.3723 0.3319
1494806400.0000 124950.0000 -1.1131 -0.4461 -0.2024 1.4506 68.1590 0.3740 0.6806 0.5795 0.1488 0.0516 0.2227 0.8171 0.6069 0.4944
1494806400.0000 125250.0000 0.2670 0.4044 0.4251 1.7070 213.4349 1.7790 1.7317 0.3980 -1.2433 -0.2648 0.2690 1.9543 1.7708 2.2324
1494806400.0000 125550.0000 -1.5204 0.7340 0.1535 2.1038 115.7712 1.2085 1.5513 0.8029 0.4438 0.1170 0.0610 1.7813 0.6428 0.5681
1494806400.0000 125850.0000 -1.0256 0.9459 0.2839 2.2646 132.6853 3.6679 2.2099 0.7740 -2.1289 -0.0906 0.1369 3.3259 1.0458 1.0033
1494806400.0000 126150.0000 -1.7469 -0.1563 -0.6857 2.4878 84.8874 1.0000 2.6843 0.6410 -0.6949 -0.3068 0.2164 2.1627 0.6376 0.6318
1494806400.0000 126450.0000 -1.1685 1.2692 -0.2792 1.9212 137.3657 0.6620 0.4728 0.3532 0.0682 0.0212 0.1432 0.7440 0.4030 0.3565
1494806400.0000 126750.0000 -1.3301 1.0276 0.0565 1.9683 127.6890 0.7161 0.8148 0.5720 0.1128 0.2572 -0.0600 1.0514 0.4978 0.4250
1494806400.0000 127050.0000 -1.9160 1.0727 -0.2995 2.3020 119.2432 0.4727 0.6203 0.5842 -0.1163 -0.0413 0.1054 0.8386 0.3374 0.2749
1494806400.0000 127350.0000 -1.4948 0.1542 -0.4624 1.8230 95.8889 1.1410 0.6922 0.5007 -0.3014 0.2858 -0.0071 1.1669 0.5610 0.5202
1494806400.0000 127650.0000 -2.1422 -0.2285 -1.3379 2.3150 83.9121 0.6869 0.6371 0.4282 -0.0559 0.0947 0.0056 0.8761 0.3014 0.3084
1494806400.0000 127950.0000 -1.1945 1.1570 0.3496 1.8775 134.0847 0.9987 1.7542 0.4442 -0.9456 0.1915 -0.2909 1.5986 0.6075 0.5760
1494806400.0000 128250.0000 -2.6737 1.7107 -0.5602 3.2711 122.6116 0.9252 0.3290 0.4384 0.0821 0.1427 0.0722 0.8463 0.2330 0.2037
1494806400.0000 128550.0000 -1.5308 0.5776 -0.4891 1.8807 110.6738 0.7801 0.7828 0.6637 -0.1288 0.1321 0.0842 1.1133 0.5045 0.4411
1494806400.0000 128850.0000 -1.7821 0.2768 -0.1029 2.2575 98.8288 0.8666 2.2128 0.4917 -0.7894 -0.0608 0.0583 1.7855 0.6040 0.5618
1494806400.0000 129150.0000 -2.5677 1.2871 -0.2850 3.0710 116.6224 0.5278 1.1635 0.4554 -0.1634 0.1490 -0.1302 1.0733 0.2931 0.2614
1494806400.0000 129450.0000 -1.7136 1.2703 0.0733 2.3319 126.5488 0.6225 0.9730 0.3326 -0.1713 0.0840 -0.1195 0.9640 0.3756 0.3419
1494806400.0000 129750.0000 -1.4609 1.9164 -0.1833 2.4841 142.6811 0.5361 0.5686 0.3385 -0.2261 0.0408 0.0023 0.7216 0.2870 0.2518
1494806400.0000 130050.0000 -1.4897 1.8928 -0.2496 2.5564 141.7973 0.6706 0.5707 0.4628 0.0892 0.1099 -0.0934 0.8521 0.3112 0.2670
1494806400.0000 130350.0000 -0.8690 1.5718 0.0884 1.9137 151.0633 0.4145 0.4912 0.3554 0.0249 0.0679 0.0192 0.6306 0.3605 0.3059
1494806400.0000 130650.0000 -1.5857 0.9940 0.0362 1.9494 122.0814 0.4148 0.3237 0.3659 -0.0483 -0.0320 0.1371 0.5522 0.3241 0.2651
1494806400.0000 130950.0000 -1.4787 0.6403 -0.3747 1.7860 113.4137 0.2397 0.5903 0.5276 0.1461 0.1194 0.3582 0.6788 0.4066 0.3264
1494806400.0000 131250.0000 -0.6734 -0.1222 0.3291 1.2652 79.7133 0.4842 0.9595 0.4840 -0.2186 0.1709 -0.1367 0.9638 1.0555 1.0136
1494806400.0000 131550.0000 -0.8476 1.5348 -0.1547 1.9570 151.0910 0.7129 0.4251 0.4075 0.1813 -0.0025 0.1528 0.7727 0.4078 0.3513
1494806400.0000 131850.0000 -1.7527 1.5218 -0.0564 2.4387 130.9673 0.5796 0.4450 0.5837 -0.0155 0.1416 0.0933 0.8041 0.3153 0.2518
1494806400.0000 132150.0000 -0.9385 -0.3644 0.1674 1.3555 68.7806 0.6997 0.7006 0.6124 0.0571 0.3536 -0.0534 1.0064 0.8025 0.6786
1494806400.0000 132450.0000 -1.5536 -0.7094 -0.1931 1.8647 65.4594 0.8608 0.2754 0.3906 -0.1655 0.1507 -0.0797 0.7634 0.4151 0.3603
1494806400.0000 132750.0000 -0.2021 -0.7030 -0.0466 0.8783 16.0425 0.1647 0.2456 0.1999 -0.0372 -0.0317 0.1122 0.3051 0.6153 0.5056
1494806400.0000 133050.0000 0.7761 -0.6047 0.3057 1.0520 307.9262 0.2191 0.0589 0.1784 -0.0144 0.1204 -0.0310 0.2282 0.3786 0.3094
1494806400.0000 133350.0000 0.6684 -0.6868 0.0117 1.1519 315.7783 0.1534 0.3449 0.2059 0.0562 0.0600 0.0750 0.3520 0.5055 0.4252
1494806400.0000 133650.0000 0.1831 0.9015 0.4080 1.2436 191.4801 0.6215 0.3004 0.2471 -0.0303 -0.2113 0.0633 0.5845 0.6204 0.6027
1494806400.0000 133950.0000 -1.3730 0.6801 -0.0327 1.6160 116.3507 0.3744 0.1729 0.4485 0.0323 -0.0921 -0.0736 0.4979 0.3759 0.2787
1494806400.0000 134250.0000 -0.5004 1.0252 0.2156 1.3155 153.9850 0.4364 0.2011 0.4965 -0.0049 -0.0206 0.0077 0.5670 0.5296 0.4041
1494806400.0000 134550.0000 0.4139 0.4444 0.1399 1.2410 222.9640 0.6287 0.7739 0.4571 -0.1889 0.0421 0.3131 0.9298 1.2635 1.1260
1494806400.0000 134850.0000 0.9478 -0.9409 0.1752 1.5015 314.7902 0.2860 0.4962 0.4867 0.0470 0.0656 0.1941 0.6344 0.4828 0.3823
1494806400.0000 135150.0000 0.2533 -1.2234 0.3618 1.3908 348.3015 0.3693 0.2740 0.6242 0.0253 0.0013 0.0852 0.6338 0.4997 0.3707
1494806400.0000 135450.0000 0.0101 -0.3752 0.0409 0.8132 358.4598 0.2058 0.4533 0.3453 0.0870 -0.0061 -0.0253 0.5022 1.5326 1.2489
1494806400.0000 135750.0000 -1.0415 -0.3756 -0.1724 1.4230 70.1668 1.0907 0.3587 0.5638 -0.2004 0.1015 0.0036 1.0066 0.7311 0.6278
1494806400.0000 136050.0000 -0.4957 0.1680 0.2023 1.8463 108.7190 3.6943 0.4156 0.9573 -0.0110 1.4384 0.0892 2.5336 2.3162 2.2364
1494806400.0000 136350.0000 -1.1009 0.2388 0.3770 1.4142 102.2399 0.4802 0.5333 0.6724 0.0979 0.0758 -0.0026 0.8429 0.6311 0.5160
1494806400.0000 136650.0000 -0.9678 -0.0529 -0.3799 1.0408 86.8738 0.3757 0.1381 0.2403 -0.0617 -0.0310 0.0740 0.3771 0.4816 0.4270
1494806400.0000 136950.0000 0.3835 0.0130 -0.4577 0.9142 268.0518 0.4649 0.4221 0.2693 -0.1122 0.1076 -0.0781 0.5782 1.0394 1.4171
1494806400.0000 137250.0000 0.9695 -0.4073 -0.0827 1.2169 292.7856 0.2234 0.4191 0.1708 -0.1392 -0.0086 -0.0021 0.4066 0.4936 0.4401
1494806400.0000 137550.0000 -0.2439 -0.0884 -0.5150 0.9846 70.0673 0.7026 0.3856 0.3910 0.0107 -0.0415 0.0689 0.7397 1.2177 2.3216
1494806400.0000 137850.0000 0.3816 0.9039 0.5428 1.2745 202.8885 0.5613 0.4612 0.2174 0.1785 0.0020 0.0783 0.6200 0.5734 0.5950
1494806400.0000 138150.0000 -1.5645 0.4181 -0.1963 1.9228 104.9638 0.4634 0.9905 0.4077 0.1094 -0.1071 0.2927 0.9308 0.4829 0.4299
1494806400.0000 138450.0000 0.2570 -0.8707 -0.2436 1.1969 343.5569 0.6714 0.1373 0.2064 0.0847 0.0734 -0.0147 0.5076 0.6189 0.5719
1494806400.0000 138750.0000 0.5066 -0.1639 -0.2025 1.4040 287.9283 1.5891 0.5137 0.3897 -0.6450 -0.1215 -0.0386 1.2462 1.6001 1.5723
1494806400.0000 139050.0000 -1.5115 0.6834 -0.5942 1.8209 114.3282 0.7457 0.4320 0.4816 -0.2681 0.0243 0.1382 0.8297 0.4221 0.3777
1494806400.0000 139350.0000 -0.3572 -0.2397 -0.0555 0.5939 56.1347 0.1947 0.0884 0.2242 0.0310 -0.0840 0.0038 0.2537 0.9481 0.7142
1494806400.0000 139650.0000 -0.1751 0.0939 0.5547 0.4583 118.1987 0.1436 0.1109 0.1168 0.0240 -0.0298 -0.0573 0.1857 0.5971 1.4655
1494806400.0000 139950.0000 -0.1266 -0.6438 -0.1492 1.0640 11.1271 0.5115 0.4115 0.3419 0.1693 -0.0341 -0.1673 0.6325 0.9650 0.8453
1494806400.0000 140250.0000 -0.3482 -0.6808 -0.6245 1.0823 27.0895 0.6921 0.3453 0.4598 0.1917 0.1425 -0.0796 0.7486 0.7155 0.7690
1494806400.0000 140550.0000 -1.1011 -0.3765 -0.0054 1.3287 71.1235 0.3846 0.3581 0.1581 0.1226 -0.1104 -0.0049 0.4504 0.4708 0.4275
1494806400.0000 140850.0000 -1.1774 0.2287 -0.0839 1.2457 100.9935 0.2235 0.1030 0.1966 -0.0237 0.0500 -0.0319 0.2615 0.3473 0.2750
1494806400.0000 141150.0000 -1.6158 0.6222 -0.2826 1.8098 111.0609 0.4977 0.1506 0.1144 0.0357 0.0614 -0.0245 0.3814 0.2874 0.2685
1494806400.0000 141450.0000 0.1499 0.5893 0.3079 0.8897 194.2682 0.2468 0.3745 0.1257 -0.2011 0.0845 -0.0983 0.3735 0.7322 0.7484
1494806400.0000 141750.0000 0.3140 -0.7943 0.4979 1.0175 338.4312 0.2680 0.1670 0.0915 0.0396 0.0332 0.0353 0.2632 0.4237 0.4458
1494806400.0000 142050.0000 -0.4399 -0.2376 0.2640 0.6332 61.6220 0.1081 0.1080 0.0875 -0.0015 -0.0280 0.0131 0.1518 0.5626 0.5367
1494806400.0000 142350.0000 0.3115 -0.3630 0.2636 0.6654 319.3616 0.3208 0.1780 0.0526 -0.1756 0.0184 -0.0207 0.2757 0.7850 0.8525
1494806400.0000 142650.0000 1.1713 -1.2608 0.1937 1.8356 317.1087 0.3859 0.4150 0.3648 -0.0725 0.0357 0.1582 0.5828 0.3599 0.3002
1494806400.0000 142950.0000 0.8558 -0.7530 -0.1146 1.2166 311.3408 0.1618 0.2503 0.2396 -0.0346 0.0663 -0.1023 0.3259 0.4069 0.3252
1494806400.0000 143250.0000 -0.3488 -0.6672 -0.3962 1.2747 27.6018 1.0977 0.2779 0.4977 0.1486 0.2695 0.1289 0.9367 0.9288 0.8994
1494806400.0000 143550.0000 -1.2435 -0.0032 0.1624 1.4131 89.8526 0.3619 0.4114 0.6550 0.0572 -0.0217 0.1186 0.7141 0.5502 0.4083
1494806400.0000 143850.0000 -1.1113 0.6839 0.0878 1.5088 121.6075 0.4750 0.3767 0.4955 0.0570 0.0813 0.0002 0.6736 0.5124 0.4083
1494806400.0000 144150.0000 -0.2012 0.7283 -0.1400 1.0398 164.5596 0.4304 0.3613 0.1120 -0.3218 -0.1044 0.1203 0.4518 0.7143 0.6799
1494806400.0000 144450.0000 1.3804 -1.3465 -0.2146 1.9888 314.2868 0.2307 0.4816 0.2648 -0.1531 0.1073 0.0085 0.4885 0.2941 0.2527
1494806400.0000 144750.0000 1.8186 -2.0040 -0.1508 2.7807 317.7776 0.5021 0.7555 0.5694 -0.2782 0.1754 0.0615 0.9135 0.2879 0.2393
1494806400.0000 145050.0000 0.5572 -1.9600 -0.1329 2.1588 344.1310 0.4689 0.3637 0.7660 0.1269 0.0510 0.2577 0.7993 0.3575 0.2585
1494806400.0000 145350.0000 0.3945 -1.6608 -0.4456 1.8000 346.6371 0.2654 0.3099 0.2756 0.1496 0.0207 -0.0173 0.4254 0.3019 0.2565
1494806400.0000 145650.0000 1.4699 -1.3687 -0.0938 2.0351 312.9574 0.1602 0.1538 0.2134 -0.0469 0.0261 -0.0347 0.2638 0.2086 0.1611
1494806400.0000 145950.0000 1.5775 -1.6116 0.0182 2.3148 315.6125 0.2359 0.3152 0.1612 -0.0151 0.0150 0.0231 0.3561 0.2161 0.1900
1494806400.0000 146250.0000 1.2428 -1.9677 0.2717 2.3614 327.7245 0.2899 0.2089 0.1930 -0.1384 -0.0685 0.1106 0.3459 0.2049 0.1752
1494806400.0000 146550.0000 -0.1032 -1.3241 -0.7415 1.3781 4.4585 0.1239 0.2961 0.2125 0.0286 0.0523 -0.0632 0.3163 0.3019 0.2817
1494806400.0000 146850.0000 0.4943 0.1079 0.1471 0.8137 257.6860 0.2174 0.3317 0.1659 0.1453 0.0371 0.1387 0.3575 0.9266 0.8456
1494806400.0000 147150.0000 -0.8005 -0.3049 -0.0420 1.0487 69.1480 0.2826 0.3896 0.0815 0.1911 0.0676 0.1111 0.3769 0.5845 0.5527
1494806400.0000 147450.0000 -0.9919 -0.8360 -0.2453 1.4978 49.8725 0.5089 0.1936 0.1816 -0.1244 0.0941 -0.1082 0.4421 0.4112 0.3730
1494806400.0000 147750.0000 0.2914 -0.1560 -0.1527 0.5992 298.1667 0.2522 0.1004 0.3708 -0.0177 -0.0041 -0.0406 0.3617 1.3485 1.0371
1494806400.0000 148050.0000 1.3932 0.2212 0.0642 1.4585 260.9791 0.1754 0.1380 0.2094 0.0224 -0.0037 0.0503 0.2614 0.2956 0.2291
1494806400.0000 148350.0000 0.9671 -0.0622 0.3254 1.0731 273.6789 0.1477 0.2104 0.1139 -0.0199 -0.0027 0.0107 0.2360 0.3880 0.3565
1494806400.0000 148650.0000 1.2180 -1.3169 0.0793 2.0847 317.2335 0.5070 0.7956 0.1455 0.3802 0.0958 0.0983 0.7241 0.3869 0.3673
1494806400.0000 148950.0000 1.3717 -1.0974 0.2105 2.0634 308.6606 0.8070 0.6010 0.1194 0.4989 -0.0963 -0.0294 0.7637 0.4033 0.3900
1494806400.0000 149250.0000 0.8054 -1.4275 -0.0759 1.8686 330.5681 0.4674 0.4587 0.3208 0.3614 0.1461 0.1806 0.6234 0.3929 0.3390
1494806400.0000 149550.0000 0.2894 -1.8302 -0.2744 1.8947 351.0139 0.1447 0.1767 0.2182 0.0340 0.0599 0.0080 0.2698 0.2264 0.1766
1494806400.0000 149850.0000 0.2413 -1.9610 -0.3497 2.0233 352.9842 0.2019 0.1946 0.0872 -0.0889 0.0152 -0.0066 0.2418 0.2001 0.1840
1494806400.0000 150150.0000 0.2794 -2.0915 -0.4611 2.1283 352.3924 0.0799 0.2025 0.1035 -0.0142 0.0137 -0.0342 0.1930 0.1661 0.1454
1494806400.0000 150450.0000 0.1668 -1.5919 -0.1518 1.6126 354.0189 0.0332 0.1177 0.0625 0.0193 0.0099 0.0044 0.1067 0.1659 0.1401
1494806400.0000 150750.0000 0.2064 -2.2081 -0.1648 2.2376 354.6606 0.0811 0.1130 0.0554 0.0421 -0.0054 0.0182 0.1247 0.1297 0.1147
1494806400.0000 151050.0000 0.2502 -1.8972 -0.1152 1.9268 352.4881 0.0445 0.1288 0.0574 0.0214 -0.0029 0.0207 0.1153 0.1446 0.1256
