1494720000.0000 150.0000 0.4300 0.5600 -0.2574 0.7124 217.5204 0.0213 0.0170 0.0068 0.0114 -0.0024 -0.0010 0.0226 0.1633 0.1602
1494720000.0000 450.0000 0.4827 0.4357 -0.2290 0.6554 227.9276 0.0089 0.0140 0.0049 0.0045 -0.0014 -0.0017 0.0139 0.1394 0.1342
1494720000.0000 750.0000 0.5036 0.4292 -0.2263 0.6660 229.5603 0.0061 0.0107 0.0047 0.0030 0.0001 0.0004 0.0107 0.1210 0.1130
1494720000.0000 1050.0000 0.5341 0.4074 -0.2447 0.6766 232.6615 0.0068 0.0072 0.0052 0.0005 -0.0009 0.0006 0.0096 0.1118 0.1017
1494720000.0000 1350.0000 0.5988 0.3951 -0.2739 0.7282 236.5786 0.0194 0.0100 0.0071 -0.0028 -0.0006 0.0001 0.0182 0.1436 0.1380
1494720000.0000 1650.0000 0.3505 0.3832 -0.1995 0.5416 222.4489 0.0231 0.0158 0.0053 -0.0045 -0.0045 0.0000 0.0221 0.2182 0.2192
1494720000.0000 1950.0000 0.1181 0.5243 -0.1623 0.5659 192.6971 0.0384 0.0284 0.0116 0.0188 -0.0130 -0.0054 0.0392 0.2880 0.2776
1494720000.0000 2250.0000 0.1387 0.3679 -0.1209 0.4488 200.6499 0.0488 0.0316 0.0076 -0.0140 -0.0051 -0.0010 0.0440 0.4164 0.4164
1494720000.0000 2550.0000 0.3192 0.2968 -0.1529 0.4469 227.0895 0.0146 0.0133 0.0038 0.0036 -0.0032 -0.0022 0.0158 0.2223 0.2210
1494720000.0000 2850.0000 0.4091 0.2863 -0.1876 0.5044 235.0166 0.0063 0.0066 0.0037 0.0009 -0.0010 -0.0011 0.0083 0.1394 0.1315
1494720000.0000 3150.0000 0.3787 0.3431 -0.1813 0.5167 227.8181 0.0083 0.0141 0.0043 0.0059 -0.0021 -0.0034 0.0134 0.1741 0.1691
1494720000.0000 3450.0000 0.4260 0.2235 -0.1832 0.4917 242.3162 0.0139 0.0086 0.0039 -0.0008 -0.0008 -0.0015 0.0132 0.1822 0.1801
1494720000.0000 3750.0000 0.4150 0.2697 -0.1850 0.5078 236.9857 0.0092 0.0116 0.0040 -0.0027 -0.0001 -0.0002 0.0124 0.1719 0.1682
1494720000.0000 4050.0000 0.3531 0.2256 -0.1587 0.4347 237.4253 0.0120 0.0127 0.0037 -0.0011 -0.0005 -0.0012 0.0142 0.2173 0.2168
1494720000.0000 4350.0000 0.4271 0.2776 -0.1756 0.5207 236.9777 0.0103 0.0121 0.0029 0.0000 -0.0000 -0.0011 0.0126 0.1704 0.1696
1494720000.0000 4650.0000 0.4030 0.1742 -0.1475 0.4486 246.6277 0.0104 0.0066 0.0056 -0.0017 -0.0008 -0.0009 0.0113 0.1877 0.1716
1494720000.0000 4950.0000 0.3912 0.1988 -0.1433 0.4483 243.0672 0.0160 0.0084 0.0028 0.0034 -0.0014 -0.0011 0.0136 0.2064 0.2058
1494720000.0000 5250.0000 0.2744 0.1647 -0.1127 0.3301 239.0263 0.0165 0.0048 0.0022 0.0010 -0.0020 -0.0005 0.0118 0.2612 0.2635
1494720000.0000 5550.0000 0.2329 0.0923 -0.0720 0.2664 248.3890 0.0132 0.0077 0.0020 0.0012 -0.0023 -0.0008 0.0114 0.3349 0.3330
1494720000.0000 5850.0000 0.2726 0.1785 -0.1081 0.3343 236.7842 0.0072 0.0039 0.0018 -0.0011 -0.0004 -0.0002 0.0064 0.1909 0.1866
1494720000.0000 6150.0000 0.2676 0.3034 -0.1396 0.4114 221.4140 0.0064 0.0057 0.0019 0.0009 -0.0002 -0.0001 0.0070 0.1600 0.1572
1494720000.0000 6450.0000 0.3790 0.2403 -0.1702 0.4550 237.6227 0.0067 0.0045 0.0032 -0.0003 -0.0005 -0.0000 0.0072 0.1447 0.1364
1494720000.0000 6750.0000 0.3296 0.2930 -0.1556 0.4458 228.3619 0.0074 0.0089 0.0026 0.0041 -0.0003 -0.0008 0.0095 0.1699 0.1673
1494720000.0000 7050.0000 0.4156 0.3259 -0.1902 0.5349 231.8986 0.0099 0.0075 0.0042 0.0010 -0.0024 -0.0017 0.0108 0.1511 0.1441
1494720000.0000 7350.0000 0.4004 0.3222 -0.1707 0.5209 231.1784 0.0089 0.0123 0.0046 0.0034 -0.0024 -0.0022 0.0129 0.1710 0.1634
1494720000.0000 7650.0000 0.4149 0.2803 -0.1871 0.5073 235.9538 0.0094 0.0082 0.0032 0.0016 -0.0010 -0.0003 0.0104 0.1561 0.1531
1494720000.0000 7950.0000 0.3491 0.2315 -0.1533 0.4240 236.4565 0.0108 0.0057 0.0039 0.0031 -0.0030 -0.0016 0.0102 0.1849 0.1771
1494720000.0000 8250.0000 0.2049 0.2332 -0.0805 0.3881 221.2999 0.0272 0.0492 0.0084 0.0257 -0.0107 -0.0180 0.0424 0.5239 0.5137
1494720000.0000 8550.0000 0.0597 0.0934 -0.0099 0.2631 212.5938 0.0207 0.0461 0.0043 0.0213 -0.0066 -0.0117 0.0355 1.3828 1.3459
1494720000.0000 8850.0000 -0.1238 -0.1475 0.0639 0.2375 40.0082 0.0093 0.0224 0.0063 0.0081 -0.0022 -0.0088 0.0190 0.5547 0.5335
1494720000.0000 9150.0000 -0.0629 0.0363 0.0032 0.1969 119.9556 0.0161 0.0228 0.0046 0.0033 -0.0048 -0.0065 0.0217 1.6550 1.5671
1494720000.0000 9450.0000 0.1818 0.1529 -0.0896 0.2585 229.9456 0.0050 0.0103 0.0015 -0.0027 0.0004 -0.0017 0.0084 0.2942 0.3000
1494720000.0000 9750.0000 0.1586 0.1329 -0.0626 0.2174 230.0453 0.0038 0.0094 0.0021 0.0043 -0.0012 -0.0021 0.0077 0.3307 0.3207
1494720000.0000 10050.0000 -0.1107 -0.0037 0.0375 0.1971 88.1060 0.0233 0.0110 0.0027 0.0127 -0.0056 -0.0039 0.0185 0.9499 0.9655
1494720000.0000 10350.0000 -0.1160 -0.1802 0.0647 0.2634 32.7751 0.0154 0.0296 0.0060 0.0128 -0.0062 -0.0073 0.0255 0.5828 0.5718
1494720000.0000 10650.0000 -0.0325 -0.0893 -0.0049 0.2137 20.0049 0.0143 0.0313 0.0068 0.0093 -0.0042 -0.0129 0.0262 1.3898 1.2984
1494720000.0000 10950.0000 -0.0078 0.0609 -0.0110 0.1928 172.6757 0.0089 0.0327 0.0081 0.0102 -0.0052 -0.0140 0.0249 2.0638 1.9190
1494720000.0000 11250.0000 -0.0553 0.1281 -0.0126 0.1866 156.6487 0.0091 0.0115 0.0021 0.0002 -0.0021 -0.0022 0.0114 0.6210 0.5935
1494720000.0000 11550.0000 0.0125 -0.0221 -0.0263 0.1042 330.4463 0.0031 0.0122 0.0039 0.0045 -0.0026 -0.0060 0.0096 2.1861 2.8067
1494720000.0000 11850.0000 -0.0472 0.0291 -0.0304 0.1328 121.6733 0.0096 0.0077 0.0029 0.0005 -0.0036 -0.0005 0.0101 1.2970 1.3678
1494720000.0000 12150.0000 -0.0002 0.0302 -0.0290 0.1282 179.7031 0.0100 0.0077 0.0025 0.0040 -0.0032 -0.0026 0.0101 1.9625 2.5503
1494720000.0000 12450.0000 0.0430 0.1017 -0.0520 0.1474 202.9078 0.0092 0.0043 0.0025 -0.0015 -0.0031 0.0015 0.0080 0.5975 0.6077
1494720000.0000 12750.0000 -0.0465 0.0964 -0.0276 0.1718 154.2519 0.0150 0.0069 0.0052 0.0078 -0.0067 -0.0039 0.0136 0.8603 0.7994
1494720000.0000 13050.0000 -0.1371 -0.0224 0.0518 0.1693 80.7193 0.0076 0.0084 0.0028 0.0059 -0.0023 -0.0014 0.0094 0.5342 0.5260
1494720000.0000 13350.0000 -0.0518 0.0036 -0.0106 0.1194 93.9375 0.0045 0.0115 0.0015 0.0066 -0.0020 -0.0033 0.0088 1.4435 1.4093
1494720000.0000 13650.0000 -0.0618 -0.0070 0.0070 0.1741 83.5346 0.0160 0.0219 0.0067 0.0147 -0.0092 -0.0098 0.0223 1.9501 1.8084
1494720000.0000 13950.0000 -0.0363 -0.0776 0.0266 0.0938 25.0776 0.0031 0.0048 0.0019 0.0027 -0.0015 -0.0016 0.0049 0.6389 0.6006
1494720000.0000 14250.0000 -0.1548 -0.0313 0.0291 0.1955 78.5751 0.0244 0.0091 0.0025 0.0011 -0.0054 -0.0009 0.0179 0.6813 0.6685
1494720000.0000 14550.0000 -0.0131 0.0504 -0.0211 0.1369 165.4166 0.0116 0.0078 0.0062 0.0053 -0.0071 -0.0049 0.0128 1.6441 1.5443
1494720000.0000 14850.0000 0.0535 0.1030 -0.0530 0.1313 207.4425 0.0033 0.0045 0.0019 -0.0006 -0.0005 -0.0001 0.0048 0.4449 0.4383
1494720000.0000 15150.0000 0.0095 0.0980 -0.0076 0.1173 185.5505 0.0032 0.0048 0.0015 -0.0013 -0.0012 0.0001 0.0048 0.5701 0.5241
1494720000.0000 15450.0000 0.0116 -0.1131 0.0017 0.1860 354.1212 0.0070 0.0186 0.0015 -0.0089 -0.0003 -0.0006 0.0136 0.8374 0.8135
1494720000.0000 15750.0000 0.1102 -0.0609 -0.0414 0.1400 298.9334 0.0055 0.0044 0.0025 -0.0026 0.0001 -0.0008 0.0062 0.4850 0.4568
1494720000.0000 16050.0000 -0.1234 0.1327 0.0014 0.2087 137.0859 0.0075 0.0130 0.0016 -0.0040 -0.0005 -0.0006 0.0110 0.4728 0.4558
1494720000.0000 16350.0000 -0.1107 -0.0355 0.0180 0.2147 72.2142 0.0362 0.0063 0.0056 0.0079 -0.0123 -0.0025 0.0241 1.0777 1.0250
1494720000.0000 16650.0000 -0.1621 0.0363 0.0197 0.2564 102.6138 0.0294 0.0260 0.0089 0.0222 -0.0139 -0.0092 0.0322 0.8757 0.8185
1494720000.0000 16950.0000 -0.0815 -0.0277 0.0076 0.2237 71.2263 0.0314 0.0268 0.0083 0.0244 -0.0106 -0.0107 0.0332 1.7221 1.6176
1494720000.0000 17250.0000 -0.2501 -0.1076 0.0850 0.3071 66.7160 0.0139 0.0324 0.0054 0.0124 -0.0050 -0.0080 0.0259 0.4606 0.4566
1494720000.0000 17550.0000 -0.0705 0.0382 -0.0149 0.2114 118.4281 0.0155 0.0373 0.0104 0.0182 -0.0105 -0.0141 0.0316 1.7807 1.6554
1494720000.0000 17850.0000 0.1057 0.0399 -0.0413 0.1453 249.3054 0.0036 0.0069 0.0033 -0.0021 -0.0006 -0.0018 0.0069 0.5651 0.5244
1494720000.0000 18150.0000 -0.0642 0.0571 0.0366 0.1185 131.6459 0.0059 0.0043 0.0020 -0.0011 -0.0007 0.0011 0.0061 0.6819 0.6776
1494720000.0000 18450.0000 0.0822 0.0130 -0.0779 0.1356 261.0100 0.0097 0.0063 0.0021 0.0041 -0.0012 -0.0010 0.0090 0.6805 0.8775
1494720000.0000 18750.0000 0.1120 0.0615 -0.0718 0.1484 241.2055 0.0053 0.0062 0.0015 0.0020 0.0002 -0.0015 0.0065 0.4477 0.4836
1494720000.0000 19050.0000 0.0649 -0.0156 -0.0258 0.2456 283.5404 0.0383 0.0321 0.0074 0.0332 -0.0137 -0.0126 0.0389 2.2495 2.2936
1494720000.0000 19350.0000 -0.2695 -0.0389 0.0544 0.2931 81.7963 0.0114 0.0112 0.0055 -0.0053 -0.0034 -0.0004 0.0140 0.3484 0.3187
1494720000.0000 19650.0000 -0.1208 0.0692 0.0167 0.2025 119.8129 0.0347 0.0029 0.0060 0.0063 -0.0066 -0.0011 0.0218 0.8592 0.8038
1494720000.0000 19950.0000 -0.0786 -0.1431 0.0823 0.2219 28.7813 0.0137 0.0243 0.0092 0.0079 -0.0085 -0.0066 0.0236 0.6863 0.6896
1494720000.0000 20250.0000 0.0325 -0.0983 0.0063 0.1483 341.6936 0.0064 0.0091 0.0049 0.0013 -0.0038 -0.0020 0.0102 0.7953 0.6950
1494720000.0000 20550.0000 -0.3672 -0.2027 0.1571 0.4364 61.1004 0.0132 0.0098 0.0062 -0.0046 -0.0021 0.0007 0.0146 0.2200 0.2084
1494720000.0000 20850.0000 -0.0331 -0.2177 0.0242 0.2315 8.6357 0.0077 0.0088 0.0051 0.0037 -0.0025 -0.0038 0.0109 0.3842 0.3377
1494720000.0000 21150.0000 -0.1343 -0.1283 0.0452 0.2010 46.3002 0.0060 0.0067 0.0071 0.0018 -0.0027 -0.0024 0.0099 0.4251 0.3500
1494720000.0000 21450.0000 -0.1278 -0.1070 0.0464 0.1829 50.0601 0.0049 0.0080 0.0070 0.0014 -0.0034 -0.0048 0.0100 0.4717 0.3943
1494720000.0000 21750.0000 -0.0221 -0.0022 0.0247 0.1216 84.3324 0.0082 0.0102 0.0052 0.0032 -0.0041 -0.0027 0.0118 2.6719 3.5234
1494720000.0000 22050.0000 -0.3197 -0.0881 0.0595 0.3492 74.6031 0.0218 0.0072 0.0074 -0.0084 -0.0050 0.0013 0.0182 0.3270 0.2965
1494720000.0000 22350.0000 0.0525 -0.1014 0.0092 0.1723 332.6277 0.0172 0.0042 0.0089 -0.0005 0.0042 -0.0023 0.0152 0.8777 0.7403
1494720000.0000 22650.0000 0.0244 -0.0310 0.0013 0.1623 321.8153 0.0110 0.0203 0.0047 -0.0033 -0.0012 -0.0037 0.0180 2.7760 2.5880
1494720000.0000 22950.0000 0.0354 -0.0402 -0.0455 0.1929 318.6470 0.0156 0.0291 0.0258 0.0013 -0.0006 -0.0132 0.0352 2.1814 2.2793
1494720000.0000 23250.0000 -0.2798 -0.3451 0.1134 0.4641 39.0344 0.0180 0.0226 0.0103 0.0061 -0.0045 -0.0079 0.0255 0.2841 0.2620
1494720000.0000 23550.0000 -0.0506 -0.2880 0.0759 0.3540 9.9658 0.0441 0.0106 0.0133 0.0034 -0.0108 -0.0043 0.0340 0.4983 0.4616
1494720000.0000 23850.0000 -0.2833 -0.1621 0.1123 0.3832 60.2253 0.0272 0.0376 0.0093 0.0092 -0.0029 -0.0014 0.0371 0.4555 0.4504
1494720000.0000 24150.0000 -0.1794 -0.3694 0.1574 0.4671 25.9033 0.0486 0.0196 0.0068 0.0099 -0.0037 -0.0027 0.0375 0.3595 0.3671
1494720000.0000 24450.0000 -0.2612 -0.2188 0.1190 0.3793 50.0429 0.0170 0.0512 0.0202 0.0102 -0.0081 -0.0178 0.0442 0.4756 0.4426
1494720000.0000 24750.0000 -0.2567 -0.1122 0.0417 0.2991 66.3822 0.0118 0.0112 0.0143 -0.0006 -0.0051 -0.0035 0.0186 0.3935 0.3120
1494720000.0000 25050.0000 -0.3417 -0.0156 0.0608 0.3588 87.3926 0.0195 0.0112 0.0167 0.0006 -0.0120 0.0007 0.0237 0.3621 0.2961
1494720000.0000 25350.0000 -0.2633 -0.0993 0.0798 0.3145 69.3424 0.0216 0.0105 0.0143 -0.0047 -0.0049 -0.0031 0.0232 0.4252 0.3674
1494720000.0000 25650.0000 -0.3506 -0.2294 0.1135 0.4519 56.7986 0.0228 0.0222 0.0330 -0.0069 -0.0077 -0.0010 0.0390 0.3712 0.2921
1494720000.0000 25950.0000 -0.2092 -0.0525 -0.0490 0.2374 75.9043 0.0213 0.0060 0.0117 0.0026 -0.0039 0.0005 0.0195 0.5152 0.4423
1494720000.0000 26250.0000 -0.2414 -0.0102 0.1120 0.3017 87.5705 0.0333 0.0217 0.0194 0.0074 -0.0039 -0.0014 0.0372 0.5914 0.5604
1494720000.0000 26550.0000 -0.2709 -0.3442 0.0784 0.4550 38.2074 0.0132 0.0165 0.0153 0.0015 -0.0023 -0.0019 0.0225 0.2751 0.2270
1494720000.0000 26850.0000 -0.2457 -0.2650 0.1318 0.3767 42.8388 0.0136 0.0132 0.0104 0.0030 -0.0048 -0.0016 0.0186 0.2896 0.2616
1494720000.0000 27150.0000 -0.1523 -0.1541 0.0592 0.2790 44.6639 0.0341 0.0276 0.0206 0.0134 -0.0110 -0.0086 0.0411 0.7375 0.6620
1494720000.0000 27450.0000 -0.0883 -0.1724 0.0624 0.2319 27.1191 0.0169 0.0093 0.0081 0.0023 -0.0051 -0.0044 0.0172 0.5255 0.4824
1494720000.0000 27750.0000 0.0464 -0.2328 0.0024 0.2460 348.7233 0.0048 0.0030 0.0061 -0.0009 -0.0002 -0.0011 0.0070 0.2877 0.2156
1494720000.0000 28050.0000 -0.2593 -0.3174 0.0731 0.4318 39.2555 0.0191 0.0166 0.0170 0.0041 -0.0073 -0.0067 0.0263 0.3183 0.2660
1494720000.0000 28350.0000 -0.2111 -0.3255 0.0881 0.4013 32.9650 0.0112 0.0162 0.0193 0.0036 -0.0048 -0.0076 0.0233 0.3135 0.2464
1494720000.0000 28650.0000 -0.1173 -0.2208 0.0014 0.2687 27.9843 0.0115 0.0039 0.0111 0.0012 0.0011 -0.0016 0.0132 0.3755 0.2864
1494720000.0000 28950.0000 -0.0348 -0.1583 0.0278 0.2217 12.4108 0.0234 0.0042 0.0093 0.0010 -0.0030 -0.0016 0.0184 0.6741 0.5919
1494720000.0000 29250.0000 -0.1850 -0.2511 0.0872 0.3495 36.3856 0.0200 0.0142 0.0185 -0.0029 0.0084 -0.0036 0.0264 0.4096 0.3427
1494720000.0000 29550.0000 -0.2007 -0.0609 0.1170 0.3101 73.1121 0.0139 0.0499 0.0109 0.0084 -0.0006 -0.0072 0.0373 0.6566 0.6950
1494720000.0000 29850.0000 0.0211 -0.3190 0.1059 0.3564 356.2185 0.0268 0.0110 0.0213 0.0050 -0.0077 -0.0030 0.0295 0.4166 0.3508
1494720000.0000 30150.0000 -0.1584 -0.1350 0.0768 0.2671 49.5604 0.0173 0.0248 0.0190 -0.0087 -0.0010 -0.0030 0.0306 0.6436 0.5694
1494720000.0000 30450.0000 -0.3003 -0.1536 0.0569 0.3824 62.9150 0.0334 0.0225 0.0224 0.0022 -0.0007 -0.0036 0.0392 0.4723 0.4045
1494720000.0000 30750.0000 -0.3727 -0.3446 0.0873 0.5405 47.2405 0.0217 0.0349 0.0370 -0.0055 -0.0007 -0.0169 0.0468 0.3429 0.2707
1494720000.0000 31050.0000 -0.1265 0.0985 -0.0542 0.2751 127.9038 0.0440 0.0270 0.0216 0.0077 -0.0123 -0.0061 0.0463 1.0386 0.9598
1494720000.0000 31350.0000 -0.3989 0.0624 0.0820 0.4718 98.8869 0.0271 0.0567 0.0401 0.0180 -0.0204 -0.0283 0.0620 0.4935 0.4142
1494720000.0000 31650.0000 -0.4301 -0.2637 0.1437 0.5384 58.4872 0.0536 0.0324 0.0346 0.0156 -0.0233 -0.0118 0.0603 0.3821 0.3355
1494720000.0000 31950.0000 -0.3253 -0.3316 0.1367 0.5566 44.4537 0.0472 0.0864 0.0211 -0.0084 -0.0103 -0.0198 0.0774 0.4690 0.4543
1494720000.0000 32250.0000 -0.3625 -0.4916 0.1744 0.6632 36.4084 0.0250 0.0975 0.0258 0.0234 -0.0064 -0.0211 0.0741 0.3499 0.3308
1494720000.0000 32550.0000 -0.2941 -0.4382 0.1128 0.5438 33.8705 0.0148 0.0211 0.0246 0.0022 -0.0059 -0.0023 0.0302 0.2631 0.2072
1494720000.0000 32850.0000 -0.2118 -0.0634 -0.0208 0.2916 73.3259 0.0131 0.0365 0.0227 -0.0022 -0.0031 0.0051 0.0362 0.6993 0.5817
1494720000.0000 33150.0000 -0.2192 -0.3203 0.1444 0.4170 34.3798 0.0362 0.0277 0.0327 0.0118 -0.0062 -0.0087 0.0483 0.4332 0.3759
1494720000.0000 33450.0000 -0.2908 -0.2675 0.1622 0.4322 47.3873 0.0263 0.0233 0.0230 -0.0048 -0.0054 0.0002 0.0363 0.3641 0.3253
1494720000.0000 33750.0000 -0.1585 -0.2504 0.2016 0.3740 32.3376 0.0177 0.0649 0.0149 0.0159 -0.0034 -0.0161 0.0488 0.5031 0.5600
1494720000.0000 34050.0000 -0.1931 -0.0295 0.1350 0.2825 81.3202 0.0375 0.0314 0.0274 0.0079 -0.0082 -0.0143 0.0481 0.7543 0.7757
1494720000.0000 34350.0000 -0.0563 -0.2315 0.0386 0.3340 13.6677 0.0298 0.0452 0.0375 0.0074 -0.0123 -0.0257 0.0563 0.8024 0.6636
1494720000.0000 34650.0000 -0.2856 -0.5185 0.1858 0.6072 28.8490 0.0293 0.0490 0.0189 0.0209 -0.0059 -0.0117 0.0486 0.2902 0.2730
1494720000.0000 34950.0000 -0.4962 -0.1417 0.1580 0.5461 74.0638 0.0310 0.0269 0.0303 -0.0017 -0.0074 -0.0084 0.0441 0.3177 0.2693
1494720000.0000 35250.0000 -0.1848 0.0969 0.0146 0.3277 117.6586 0.0788 0.0182 0.0281 0.0173 -0.0224 -0.0026 0.0626 0.9765 0.8618
1494720000.0000 35550.0000 -0.0255 -0.2370 0.0874 0.3403 6.1317 0.0175 0.0822 0.0176 0.0132 -0.0052 -0.0089 0.0586 0.7786 0.7647
1494720000.0000 35850.0000 -0.4120 -0.2198 0.1632 0.5301 61.9182 0.0332 0.0623 0.0365 -0.0048 -0.0065 -0.0131 0.0660 0.4240 0.3821
1494720000.0000 36150.0000 -0.3751 0.2008 0.1152 0.5211 118.1646 0.0808 0.0529 0.0426 0.0296 -0.0272 -0.0174 0.0882 0.5501 0.4963
1494720000.0000 36450.0000 -0.2706 -0.1116 0.0366 0.4303 67.5911 0.0543 0.1082 0.0690 0.0578 -0.0414 -0.0571 0.1157 0.9414 0.7949
1494720000.0000 36750.0000 -0.4993 -0.3182 0.1881 0.6627 57.4894 0.0513 0.1047 0.0723 -0.0060 -0.0185 -0.0432 0.1141 0.4440 0.3851
1494720000.0000 37050.0000 -0.5984 -0.3760 0.1875 0.7523 57.8534 0.0665 0.0748 0.0823 0.0020 -0.0316 -0.0181 0.1118 0.3734 0.3071
1494720000.0000 37350.0000 -0.5963 -0.4352 0.1826 0.8510 53.8797 0.1123 0.1806 0.0845 -0.0121 -0.0299 -0.0376 0.1887 0.4664 0.4232
1494720000.0000 37650.0000 -0.6566 -0.5840 0.3265 1.0729 48.3509 0.1674 0.4220 0.0868 0.0750 -0.0518 -0.1002 0.3381 0.5065 0.5044
1494720000.0000 37950.0000 -0.4471 -0.2682 0.1003 0.7039 59.0399 0.1384 0.1918 0.0902 0.0647 -0.0288 -0.0399 0.2102 0.7050 0.6363
1494720000.0000 38250.0000 -0.2246 0.0590 0.0953 0.3451 104.7177 0.0633 0.0287 0.0366 0.0020 -0.0029 -0.0064 0.0643 0.8245 0.7538
1494720000.0000 38550.0000 -0.4174 -0.0206 0.1420 0.4516 87.1780 0.0306 0.0273 0.0272 0.0010 -0.0149 -0.0102 0.0425 0.3815 0.3322
1494720000.0000 38850.0000 -0.2800 -0.2656 0.1186 0.4196 46.5125 0.0434 0.0199 0.0132 0.0150 -0.0032 -0.0010 0.0383 0.3956 0.3765
1494720000.0000 39150.0000 -0.4421 -0.3105 0.1699 0.5870 54.9239 0.0614 0.0570 0.0497 0.0031 -0.0234 -0.0221 0.0841 0.4181 0.3678
1494720000.0000 39450.0000 -0.1622 -0.4576 0.0766 0.5585 19.5227 0.0805 0.0532 0.0454 -0.0114 -0.0216 -0.0105 0.0896 0.4972 0.4349
1494720000.0000 39750.0000 -0.7041 -0.4851 0.2346 0.9064 55.4345 0.0900 0.0961 0.0744 0.0036 -0.0379 -0.0003 0.1303 0.3324 0.2913
1494720000.0000 40050.0000 -0.2208 -0.5589 0.1177 0.8451 21.5549 0.3305 0.1702 0.0827 -0.1399 -0.0634 -0.0095 0.2917 0.7202 0.6799
1494720000.0000 40350.0000 -0.3787 -0.2147 0.0853 0.6037 60.4510 0.1016 0.1491 0.1055 0.0348 -0.0552 -0.0576 0.1781 0.7768 0.6641
1494720000.0000 40650.0000 -0.7049 -0.2646 0.1918 0.8116 69.4244 0.0806 0.0880 0.0515 0.0153 -0.0211 -0.0045 0.1101 0.3486 0.3148
1494720000.0000 40950.0000 -0.2458 -0.0230 0.0035 0.5337 84.6450 0.2091 0.0838 0.0744 0.0756 -0.0787 -0.0281 0.1836 1.4173 1.2657
1494720000.0000 41250.0000 -0.3936 -0.3556 0.1619 0.6474 47.8987 0.0933 0.1571 0.0490 0.0440 -0.0279 -0.0357 0.1497 0.5696 0.5446
1494720000.0000 41550.0000 -0.3331 -0.4676 0.1459 0.6454 35.4615 0.0876 0.0598 0.0324 0.0002 -0.0104 -0.0173 0.0899 0.4133 0.3861
1494720000.0000 41850.0000 -0.1619 -0.4334 0.1430 0.5208 20.4820 0.0600 0.0338 0.0325 0.0076 -0.0225 -0.0089 0.0631 0.4236 0.3821
1494720000.0000 42150.0000 0.0325 -0.1472 0.0322 0.3535 347.5637 0.0356 0.0939 0.0225 0.0053 -0.0080 -0.0147 0.0760 1.4601 1.3782
1494720000.0000 42450.0000 -0.0338 -0.4689 0.1049 0.5094 4.1190 0.0424 0.0284 0.0271 -0.0082 -0.0014 -0.0082 0.0489 0.3749 0.3267
1494720000.0000 42750.0000 0.1585 -0.7009 0.0687 0.7938 347.2557 0.1198 0.0438 0.0529 -0.0032 -0.0200 -0.0061 0.1082 0.3720 0.3249
1494720000.0000 43050.0000 -0.3049 -0.2222 0.0454 0.7378 53.9211 0.1797 0.3965 0.0980 0.1548 -0.0568 -0.0698 0.3371 1.2475 1.1616
1494720000.0000 43350.0000 -0.2028 -0.2781 0.1299 0.5501 36.0947 0.1553 0.1314 0.0644 0.0294 -0.0474 -0.0035 0.1755 0.9300 0.8982
1494720000.0000 43650.0000 -0.4502 -0.1441 0.1656 0.5659 72.2584 0.0694 0.0790 0.0393 0.0062 -0.0104 -0.0005 0.0938 0.4993 0.4705
1494720000.0000 43950.0000 -0.4878 -0.2217 0.1999 0.6174 65.5555 0.0738 0.0554 0.0298 -0.0310 -0.0062 -0.0055 0.0795 0.4026 0.3874
1494720000.0000 44250.0000 -0.4370 -0.3446 0.1508 0.6524 51.7400 0.1376 0.0397 0.0541 0.0011 -0.0319 -0.0062 0.1157 0.4816 0.4368
1494720000.0000 44550.0000 -0.0730 0.1283 -0.0003 0.4677 150.3651 0.1501 0.0960 0.0436 0.0445 -0.0182 -0.0063 0.1448 2.1047 1.9398
1494720000.0000 44850.0000 -0.1272 -0.1369 0.0255 0.3654 42.9133 0.0768 0.0565 0.0555 -0.0028 0.0048 -0.0032 0.0944 1.3304 1.1281
1494720000.0000 45150.0000 0.0497 -0.3533 0.0086 0.6191 351.9911 0.2087 0.1083 0.0548 0.0893 -0.0430 -0.0330 0.1859 0.9863 0.9109
1494720000.0000 45450.0000 -0.4970 -0.8656 0.3044 1.2618 29.8630 0.4249 0.5398 0.1188 -0.2374 -0.0768 -0.0196 0.5417 0.5759 0.5682
1494720000.0000 45750.0000 -0.5176 -0.0258 0.0199 0.9616 87.1450 0.5167 0.3938 0.2311 0.0946 -0.0757 -0.1970 0.5708 1.1894 1.0630
1494720000.0000 46050.0000 -0.3863 -0.4422 0.1145 0.7057 41.1383 0.1230 0.1329 0.0883 0.0349 -0.0488 -0.0512 0.1721 0.5662 0.4974
1494720000.0000 46350.0000 -0.0615 -0.3010 0.0812 0.4237 11.5391 0.0916 0.0356 0.0263 0.0288 -0.0173 -0.0121 0.0768 0.7118 0.6703
1494720000.0000 46650.0000 -0.2583 -0.2584 0.1363 0.5967 44.9955 0.1729 0.1322 0.0524 0.0842 -0.0549 -0.0479 0.1788 0.8852 0.8729
1494720000.0000 46950.0000 -0.2218 -0.2849 0.0617 0.4724 37.8981 0.0948 0.0511 0.0289 0.0068 -0.0139 -0.0114 0.0874 0.6589 0.6107
1494720000.0000 47250.0000 -0.4267 -0.0814 0.1155 0.7087 79.1947 0.3657 0.0820 0.0904 0.0834 -0.1410 -0.0411 0.2690 0.9422 0.8893
1494720000.0000 47550.0000 -0.4793 -0.2805 0.1547 0.7781 59.6637 0.4404 0.0961 0.0825 -0.0568 -0.0618 0.0141 0.3095 0.7879 0.7614
1494720000.0000 47850.0000 -0.2239 -0.3778 0.2061 0.5746 30.6518 0.1306 0.1378 0.0476 0.0838 -0.0260 -0.0292 0.1580 0.6689 0.6810
1494720000.0000 48150.0000 -0.2402 -0.4500 0.0988 0.6652 28.0973 0.2012 0.0809 0.0979 0.0197 -0.0701 -0.0273 0.1900 0.6849 0.6011
1494720000.0000 48450.0000 -0.1458 -0.3977 0.1180 0.7057 20.1294 0.1904 0.2145 0.0724 -0.0308 -0.0439 -0.0527 0.2387 0.9071 0.8673
1494720000.0000 48750.0000 -0.5247 -0.2512 0.0738 0.7920 64.4191 0.2050 0.2047 0.1219 -0.0264 -0.0116 -0.0268 0.2658 0.7179 0.6353
1494720000.0000 49050.0000 -0.4676 -0.3588 0.2193 0.6649 52.5025 0.1379 0.0880 0.1001 0.0117 -0.0499 -0.0339 0.1630 0.5242 0.4656
1494720000.0000 49350.0000 -0.6252 -0.1729 0.1489 0.7529 74.5399 0.2933 0.1210 0.0889 0.0595 -0.0992 -0.0454 0.2516 0.6153 0.5729
1494720000.0000 49650.0000 -0.3842 -0.2808 0.1461 0.6154 53.8414 0.1799 0.1252 0.0688 0.0788 -0.0631 -0.0540 0.1869 0.7092 0.6701
1494720000.0000 49950.0000 0.0698 -0.2001 0.0167 0.3802 340.7679 0.0879 0.0459 0.0261 -0.0060 -0.0058 -0.0030 0.0799 1.0856 0.9962
1494720000.0000 50250.0000 0.0286 -0.2221 0.0774 0.5823 352.6537 0.2592 0.1076 0.0581 0.0293 -0.0682 -0.0354 0.2125 1.5882 1.5614
1494720000.0000 50550.0000 0.2338 0.1605 -0.1563 0.4036 235.5297 0.0553 0.0645 0.0461 0.0094 -0.0044 -0.0119 0.0830 0.7263 0.7047
1494720000.0000 50850.0000 0.0969 0.0284 -0.0980 0.5907 253.6470 0.1757 0.2580 0.0573 0.0797 -0.0521 -0.0810 0.2455 2.8757 3.7666
1494720000.0000 51150.0000 -0.5526 -0.5592 0.2231 0.8458 44.6596 0.0959 0.0743 0.0432 -0.0141 -0.0178 -0.0178 0.1067 0.3264 0.3030
1494720000.0000 51450.0000 -0.2887 -0.2381 0.1298 0.4973 50.4807 0.1270 0.0483 0.0474 0.0220 -0.0306 -0.0006 0.1113 0.6879 0.6459
1494720000.0000 51750.0000 -0.6999 -0.3914 0.2309 0.8528 60.7838 0.0966 0.1419 0.0729 0.0399 -0.0460 -0.0500 0.1557 0.3861 0.3516
1494720000.0000 52050.0000 -0.4427 -0.1479 0.1659 0.5940 71.5316 0.1230 0.0601 0.0264 -0.0350 0.0011 -0.0033 0.1047 0.5333 0.5292
1494720000.0000 52350.0000 -0.4944 -0.1475 0.1225 0.6400 73.3881 0.0353 0.1595 0.0527 -0.0118 -0.0075 -0.0519 0.1237 0.5416 0.4939
1494720000.0000 52650.0000 -0.4833 -0.1237 0.1488 0.5269 75.6426 0.0670 0.0206 0.0327 -0.0050 -0.0231 -0.0015 0.0601 0.3846 0.3425
1494720000.0000 52950.0000 -0.4108 -0.1682 0.1316 0.4958 67.7381 0.0753 0.0503 0.0406 0.0121 -0.0303 -0.0149 0.0831 0.5084 0.4610
1494720000.0000 53250.0000 -0.0501 -0.1707 0.0640 0.4258 16.3406 0.0966 0.0930 0.0282 0.0205 -0.0249 -0.0234 0.1089 1.4251 1.4129
1494720000.0000 53550.0000 0.1667 -0.1444 -0.0086 0.3503 310.8956 0.0725 0.0268 0.0478 0.0030 -0.0292 0.0031 0.0736 1.0038 0.8253
1494720000.0000 53850.0000 -0.1071 -0.0041 -0.0342 0.4752 87.8238 0.1829 0.1063 0.0736 0.0577 -0.0950 -0.0382 0.1814 3.0918 2.8974
1494720000.0000 54150.0000 0.1487 -0.1768 -0.0223 0.6717 319.9323 0.3209 0.1222 0.0609 0.1187 -0.1189 -0.0506 0.2520 1.7660 1.6636
1494720000.0000 54450.0000 0.2486 0.1298 -0.1397 0.3220 242.4333 0.0483 0.0230 0.0084 0.0121 -0.0038 -0.0051 0.0399 0.5205 0.5501
1494720000.0000 54750.0000 0.3682 -0.1059 -0.1101 0.5046 286.0388 0.0396 0.0943 0.0255 0.0325 -0.0183 -0.0292 0.0797 0.5782 0.5514
1494720000.0000 55050.0000 -0.0089 0.0200 -0.0306 0.4856 156.0791 0.1496 0.1948 0.0317 0.0427 -0.0365 -0.0271 0.1881 9.3967 15.4486
1494720000.0000 55350.0000 -0.1650 -0.3626 0.0206 0.7142 24.4687 0.2138 0.2661 0.0481 0.0624 -0.0135 -0.0316 0.2640 1.0517 1.0040
1494720000.0000 55650.0000 -0.1009 -0.2096 0.0486 0.7164 25.7033 0.3662 0.2123 0.0712 -0.1159 -0.0709 -0.0237 0.3249 1.9584 1.8880
1494720000.0000 55950.0000 -0.0965 -0.3447 -0.0458 0.8659 15.6380 0.2668 0.5934 0.1894 0.0037 -0.0503 -0.1929 0.5248 1.6390 1.4959
1494720000.0000 56250.0000 -0.0379 -0.3560 0.1079 0.6298 6.0824 0.1453 0.2333 0.0660 0.1136 -0.0308 -0.0787 0.2223 1.0296 0.9923
1494720000.0000 56550.0000 0.0065 -0.1992 0.0619 0.5348 358.1190 0.2038 0.1321 0.0738 -0.0801 -0.0055 -0.0298 0.2049 1.7706 1.6788
1494720000.0000 56850.0000 -0.1310 -0.5316 0.1385 0.8772 13.8475 0.3259 0.3517 0.0685 0.1420 -0.0963 -0.0481 0.3731 0.8831 0.8681
1494720000.0000 57150.0000 0.1338 -0.2419 -0.0746 0.6743 331.0515 0.1962 0.2615 0.0920 0.0191 -0.0760 -0.0209 0.2748 1.4951 1.4130
1494720000.0000 57450.0000 -0.1187 -0.0710 0.0450 0.5011 59.1096 0.1642 0.1416 0.0753 0.0501 -0.0614 -0.0198 0.1905 2.4511 2.3090
1494720000.0000 57750.0000 -0.0931 -0.5352 0.1151 0.6429 9.8692 0.1639 0.1295 0.0741 0.0812 -0.0659 -0.0659 0.1837 0.6302 0.5756
1494720000.0000 58050.0000 -0.3812 -0.3410 0.1749 0.8819 48.1801 0.3856 0.3772 0.0782 0.1141 -0.1179 -0.0722 0.4205 0.9796 0.9859
1494720000.0000 58350.0000 -0.1979 -0.3593 0.0995 0.5979 28.8539 0.1506 0.1093 0.0667 0.0268 -0.0390 -0.0057 0.1633 0.7818 0.7177
1494720000.0000 58650.0000 -0.1325 0.2460 -0.0584 0.4532 151.6901 0.0712 0.1007 0.0504 0.0244 -0.0303 -0.0214 0.1112 0.9537 0.8567
1494720000.0000 58950.0000 -0.5157 -0.4680 0.2307 0.7413 47.7771 0.1306 0.0549 0.0396 0.0309 -0.0356 -0.0224 0.1125 0.3734 0.3571
1494720000.0000 59250.0000 -0.1416 -0.1493 0.0598 0.3551 43.4729 0.0668 0.0693 0.0342 0.0117 -0.0220 -0.0201 0.0852 1.1122 1.0352
1494720000.0000 59550.0000 -0.5527 0.2140 0.0821 0.7177 111.1703 0.1575 0.1505 0.0887 0.0563 -0.0522 -0.0684 0.1984 0.6078 0.5406
1494720000.0000 59850.0000 0.1215 -0.0024 -0.0886 0.3588 271.1327 0.0568 0.0880 0.0493 -0.0154 -0.0318 -0.0009 0.0970 1.6915 1.8076
1494720000.0000 60150.0000 -0.2120 -0.2445 0.1378 0.6337 40.9252 0.2178 0.2222 0.0812 0.1630 -0.1010 -0.0987 0.2606 1.1852 1.1836
1494720000.0000 60450.0000 -0.0049 -0.1343 0.0236 0.3325 2.1009 0.0798 0.0523 0.0343 0.0153 -0.0315 -0.0187 0.0832 1.7257 1.5611
1494720000.0000 60750.0000 -0.0419 -0.3824 0.0705 0.7277 6.2608 0.2671 0.2203 0.0641 0.1158 -0.0727 -0.0520 0.2757 1.0964 1.0479
1494720000.0000 61050.0000 0.2539 0.0953 -0.0775 0.4588 249.4319 0.0739 0.1262 0.0363 0.0793 -0.0338 -0.0499 0.1182 0.9951 0.9522
1494720000.0000 61350.0000 0.2102 0.1233 -0.1160 0.3533 239.5971 0.0512 0.0520 0.0106 0.0168 -0.0178 -0.0054 0.0569 0.7215 0.7610
1494720000.0000 61650.0000 -0.0271 -0.0248 -0.0171 0.3378 47.5783 0.0630 0.0951 0.0139 0.0491 -0.0165 -0.0238 0.0861 5.9128 6.2558
1494720000.0000 61950.0000 0.2839 0.0887 -0.1185 0.3663 252.6561 0.0510 0.0351 0.0121 0.0045 -0.0132 -0.0022 0.0491 0.5649 0.5696
1494720000.0000 62250.0000 0.1102 -0.2036 -0.0352 0.3972 331.5689 0.0814 0.0501 0.0264 0.0412 -0.0263 -0.0177 0.0789 0.9796 0.9041
1494720000.0000 62550.0000 -0.0274 -0.3961 0.0904 0.4889 3.9585 0.1022 0.0562 0.0319 -0.0234 -0.0335 0.0000 0.0952 0.6185 0.5788
1494720000.0000 62850.0000 -0.1940 -0.4683 0.1500 0.6703 22.4999 0.1799 0.1385 0.0367 0.0300 -0.0513 -0.0266 0.1776 0.6509 0.6427
1494720000.0000 63150.0000 0.1371 0.2694 -0.1232 0.3534 206.9670 0.0238 0.0525 0.0155 0.0151 -0.0059 -0.0118 0.0459 0.5358 0.5275
1494720000.0000 63450.0000 0.1910 0.2606 -0.1188 0.3484 216.2463 0.0223 0.0140 0.0086 0.0057 -0.0037 -0.0036 0.0225 0.3555 0.3408
1494720000.0000 63750.0000 0.1345 0.0217 -0.0208 0.3025 260.8316 0.0262 0.0617 0.0188 0.0131 -0.0122 -0.0181 0.0534 1.3689 1.2570
1494720000.0000 64050.0000 0.3320 0.2257 -0.1533 0.4791 235.7943 0.0758 0.0198 0.0119 -0.0153 -0.0227 0.0053 0.0537 0.4404 0.4446
1494720000.0000 64350.0000 0.0429 -0.1137 -0.0216 0.6953 339.3501 0.2054 0.3818 0.0616 0.2635 -0.1042 -0.1412 0.3244 3.7670 3.6400
1494720000.0000 64650.0000 0.2187 0.1133 -0.0613 0.4614 242.6137 0.1150 0.0658 0.0449 0.0682 -0.0621 -0.0433 0.1129 1.0807 0.9968
1494720000.0000 64950.0000 0.4496 0.4160 -0.2139 0.6246 227.2262 0.0100 0.0195 0.0043 0.0001 -0.0006 0.0003 0.0169 0.1635 0.1619
1494720000.0000 65250.0000 0.5069 0.2922 -0.2228 0.6040 240.0409 0.0227 0.0175 0.0067 -0.0042 0.0008 0.0016 0.0235 0.1998 0.1979
1494720000.0000 65550.0000 0.3707 0.3753 -0.1944 0.5678 224.6518 0.0574 0.0223 0.0097 0.0088 -0.0148 -0.0024 0.0447 0.3069 0.3089
1494720000.0000 65850.0000 0.2069 0.3387 -0.1533 0.5094 211.4281 0.1152 0.0546 0.0260 0.0379 -0.0429 -0.0248 0.0979 0.6005 0.5995
1494720000.0000 66150.0000 0.4250 0.2131 -0.1565 0.5842 243.3765 0.1469 0.0601 0.0229 0.0461 -0.0432 -0.0175 0.1149 0.5530 0.5525
1494720000.0000 66450.0000 -0.0209 0.1945 -0.0628 0.4025 173.8604 0.0975 0.0621 0.0393 0.0376 -0.0272 -0.0220 0.0994 1.2530 1.1786
1494720000.0000 66750.0000 0.2755 0.1751 -0.1323 0.4383 237.5571 0.0936 0.0461 0.0157 0.0360 -0.0285 -0.0146 0.0777 0.6461 0.6610
1494720000.0000 67050.0000 0.4186 0.3383 -0.2016 0.5797 231.0533 0.0494 0.0298 0.0099 -0.0032 -0.0090 -0.0038 0.0446 0.2999 0.3019
1494720000.0000 67350.0000 0.4909 0.3157 -0.2233 0.6056 237.2529 0.0433 0.0171 0.0066 -0.0017 -0.0011 -0.0001 0.0335 0.2393 0.2432
1494720000.0000 67650.0000 0.4938 0.3630 -0.2202 0.6430 233.6773 0.0904 0.0159 0.0143 0.0163 -0.0229 -0.0045 0.0603 0.3078 0.3070
1494720000.0000 67950.0000 0.4659 0.4187 -0.2254 0.6381 228.0522 0.0159 0.0225 0.0080 0.0063 -0.0047 -0.0041 0.0232 0.1867 0.1805
1494720000.0000 68250.0000 0.6078 0.3407 -0.2338 0.7206 240.7293 0.0263 0.0386 0.0085 0.0083 -0.0046 -0.0063 0.0367 0.2129 0.2112
1494720000.0000 68550.0000 0.5233 0.4874 -0.2609 0.7251 227.0316 0.0176 0.0235 0.0058 0.0067 -0.0021 0.0001 0.0234 0.1642 0.1637
1494720000.0000 68850.0000 0.4688 0.4599 -0.2383 0.6704 225.5528 0.0239 0.0226 0.0076 0.0051 -0.0048 -0.0032 0.0270 0.1922 0.1896
1494720000.0000 69150.0000 0.5942 0.4907 -0.2801 0.7826 230.4516 0.0234 0.0213 0.0075 0.0016 -0.0051 -0.0016 0.0260 0.1607 0.1583
1494720000.0000 69450.0000 0.6575 0.4438 -0.3090 0.8061 235.9824 0.0529 0.0111 0.0091 0.0023 -0.0090 0.0012 0.0365 0.1833 0.1841
1494720000.0000 69750.0000 0.5795 0.4393 -0.2891 0.7337 232.8337 0.0097 0.0104 0.0058 0.0005 -0.0003 0.0002 0.0129 0.1185 0.1123
1494720000.0000 70050.0000 0.6031 0.4692 -0.2951 0.7707 232.1158 0.0131 0.0100 0.0075 0.0009 -0.0018 0.0004 0.0153 0.1233 0.1148
1494720000.0000 70350.0000 0.6987 0.4168 -0.2948 0.8206 239.1813 0.0259 0.0078 0.0084 0.0006 -0.0042 0.0008 0.0210 0.1368 0.1302
1494720000.0000 70650.0000 0.7521 0.4489 -0.3207 0.8855 239.1672 0.0514 0.0113 0.0111 0.0052 -0.0081 0.0009 0.0369 0.1681 0.1650
1494720000.0000 70950.0000 0.8139 0.4175 -0.3043 0.9233 242.8408 0.0584 0.0111 0.0121 0.0079 -0.0102 -0.0005 0.0408 0.1711 0.1664
1494720000.0000 71250.0000 0.7659 0.4241 -0.2942 0.8873 241.0264 0.0651 0.0100 0.0107 0.0050 -0.0133 -0.0002 0.0429 0.1832 0.1808
1494720000.0000 71550.0000 0.8436 0.4287 -0.2957 0.9539 243.0628 0.0545 0.0116 0.0124 0.0086 -0.0118 -0.0017 0.0393 0.1632 0.1569
1494720000.0000 71850.0000 0.8705 0.4385 -0.3264 0.9832 243.2650 0.0601 0.0123 0.0120 0.0080 -0.0125 -0.0011 0.0422 0.1633 0.1595
1494720000.0000 72150.0000 0.8448 0.4490 -0.3165 0.9647 242.0095 0.0547 0.0110 0.0123 0.0071 -0.0101 -0.0004 0.0390 0.1600 0.1547
1494720000.0000 72450.0000 0.8005 0.4506 -0.3032 0.9301 240.6245 0.0754 0.0144 0.0162 0.0107 -0.0161 -0.0011 0.0530 0.1943 0.1883
1494720000.0000 72750.0000 0.8898 0.4637 -0.3335 1.0123 242.4739 0.0666 0.0123 0.0151 0.0085 -0.0139 -0.0011 0.0470 0.1674 0.1616
1494720000.0000 73050.0000 1.0296 0.4703 -0.3597 1.1387 245.4507 0.0526 0.0119 0.0136 0.0068 -0.0134 -0.0017 0.0391 0.1359 0.1296
1494720000.0000 73350.0000 0.9406 0.4660 -0.3488 1.0572 243.6457 0.0666 0.0127 0.0130 0.0110 -0.0141 -0.0024 0.0461 0.1586 0.1549
1494720000.0000 73650.0000 0.8245 0.4619 -0.3308 0.9540 240.7409 0.0590 0.0118 0.0129 0.0067 -0.0108 -0.0008 0.0419 0.1668 0.1625
1494720000.0000 73950.0000 0.8047 0.4613 -0.3227 0.9354 240.1792 0.0519 0.0114 0.0131 0.0077 -0.0111 -0.0010 0.0382 0.1624 0.1566
1494720000.0000 74250.0000 0.8204 0.4608 -0.3220 0.9488 240.6789 0.0518 0.0108 0.0144 0.0065 -0.0109 -0.0003 0.0385 0.1611 0.1535
1494720000.0000 74550.0000 0.7406 0.4284 -0.3071 0.8628 239.9545 0.0419 0.0096 0.0112 0.0058 -0.0082 -0.0002 0.0313 0.1590 0.1532
1494720000.0000 74850.0000 0.7089 0.4161 -0.2859 0.8299 239.5870 0.0483 0.0111 0.0130 0.0082 -0.0104 -0.0009 0.0362 0.1786 0.1713
1494720000.0000 75150.0000 0.6149 0.3586 -0.2384 0.7198 239.7490 0.0379 0.0103 0.0097 0.0071 -0.0076 -0.0013 0.0289 0.1850 0.1781
1494720000.0000 75450.0000 0.5021 0.3360 -0.2037 0.6155 236.2085 0.0308 0.0182 0.0058 0.0070 -0.0071 -0.0033 0.0274 0.2118 0.2114
1494720000.0000 75750.0000 0.5075 0.3854 -0.2487 0.6441 232.7899 0.0161 0.0071 0.0061 0.0010 -0.0031 -0.0001 0.0147 0.1446 0.1381
1494720000.0000 76050.0000 0.4787 0.4002 -0.2336 0.6296 230.1053 0.0069 0.0094 0.0059 0.0012 -0.0011 -0.0006 0.0111 0.1291 0.1179
1494720000.0000 76350.0000 0.5074 0.5387 -0.2620 0.7444 223.2884 0.0101 0.0121 0.0049 0.0054 -0.0022 -0.0033 0.0135 0.1210 0.1163
1494720000.0000 76650.0000 0.4966 0.4834 -0.2297 0.6981 225.7719 0.0117 0.0135 0.0044 0.0061 -0.0013 -0.0014 0.0147 0.1358 0.1321
1494720000.0000 76950.0000 0.5509 0.4021 -0.2672 0.6870 233.8737 0.0064 0.0071 0.0046 0.0000 -0.0006 0.0004 0.0091 0.1063 0.0985
1494720000.0000 77250.0000 0.4781 0.3592 -0.2371 0.6035 233.0857 0.0076 0.0074 0.0059 0.0008 -0.0008 0.0010 0.0105 0.1298 0.1181
1494720000.0000 77550.0000 0.4978 0.3811 -0.2363 0.6318 232.5608 0.0072 0.0062 0.0046 0.0001 -0.0008 -0.0001 0.0090 0.1156 0.1066
1494720000.0000 77850.0000 0.5182 0.4065 -0.2498 0.6637 231.8901 0.0081 0.0068 0.0051 0.0004 -0.0011 0.0002 0.0100 0.1158 0.1069
1494720000.0000 78150.0000 0.5463 0.5037 -0.2481 0.7473 227.3228 0.0078 0.0133 0.0047 0.0048 -0.0007 -0.0007 0.0129 0.1185 0.1129
1494720000.0000 78450.0000 0.5491 0.4408 -0.2658 0.7087 231.2399 0.0070 0.0078 0.0048 0.0008 -0.0006 -0.0002 0.0098 0.1074 0.0996
1494720000.0000 78750.0000 0.5813 0.4638 -0.2913 0.7483 231.4114 0.0077 0.0068 0.0053 0.0001 -0.0003 0.0002 0.0099 0.1020 0.0937
1494720000.0000 79050.0000 0.6138 0.4399 -0.3107 0.7596 234.3733 0.0069 0.0071 0.0056 0.0004 0.0002 0.0002 0.0098 0.0992 0.0907
1494720000.0000 79350.0000 0.5590 0.4818 -0.2520 0.7428 229.2399 0.0074 0.0118 0.0053 0.0027 0.0001 0.0002 0.0122 0.1159 0.1083
1494720000.0000 79650.0000 0.5103 0.4303 -0.2307 0.6718 229.8609 0.0052 0.0088 0.0046 0.0013 0.0003 0.0004 0.0093 0.1115 0.1024
1494720000.0000 79950.0000 0.5241 0.4061 -0.2448 0.6674 232.2273 0.0070 0.0062 0.0048 0.0006 -0.0010 0.0003 0.0090 0.1093 0.0999
1494720000.0000 80250.0000 0.5489 0.3899 -0.2749 0.6782 234.6118 0.0068 0.0069 0.0051 0.0002 -0.0007 -0.0002 0.0094 0.1091 0.1005
1494720000.0000 80550.0000 0.4947 0.3405 -0.2426 0.6051 235.4572 0.0062 0.0063 0.0044 0.0008 -0.0005 0.0003 0.0085 0.1160 0.1077
1494720000.0000 80850.0000 0.4464 0.4398 -0.1948 0.6301 225.4281 0.0048 0.0081 0.0027 0.0024 -0.0004 -0.0007 0.0078 0.1100 0.1049
1494720000.0000 81150.0000 0.4934 0.3498 -0.2340 0.6087 234.6647 0.0059 0.0047 0.0036 0.0003 -0.0004 0.0005 0.0071 0.1061 0.0984
1494720000.0000 81450.0000 0.4783 0.3672 -0.2321 0.6070 232.4815 0.0061 0.0052 0.0041 0.0007 -0.0009 -0.0004 0.0077 0.1108 0.1016
1494720000.0000 81750.0000 0.4770 0.3110 -0.2229 0.5746 236.8957 0.0072 0.0056 0.0045 -0.0001 -0.0006 0.0011 0.0086 0.1241 0.1145
1494720000.0000 82050.0000 0.5366 0.3228 -0.2492 0.6309 238.9739 0.0106 0.0048 0.0055 0.0002 -0.0009 0.0009 0.0105 0.1239 0.1146
1494720000.0000 82350.0000 0.4602 0.3644 -0.2167 0.5930 231.6219 0.0063 0.0079 0.0045 -0.0001 -0.0004 0.0009 0.0093 0.1261 0.1172
1494720000.0000 82650.0000 0.5340 0.3355 -0.2265 0.6390 237.8565 0.0188 0.0076 0.0057 -0.0007 -0.0026 0.0012 0.0161 0.1544 0.1487
1494720000.0000 82950.0000 0.4479 0.2952 -0.2053 0.5418 236.6113 0.0077 0.0054 0.0043 0.0000 -0.0004 0.0008 0.0087 0.1325 0.1233
1494720000.0000 83250.0000 0.4047 0.3519 -0.1767 0.5403 228.9906 0.0037 0.0074 0.0033 0.0015 0.0002 0.0002 0.0072 0.1229 0.1135
1494720000.0000 83550.0000 0.4196 0.3561 -0.1947 0.5573 229.6844 0.0066 0.0078 0.0042 -0.0003 -0.0012 0.0010 0.0093 0.1348 0.1259
1494720000.0000 83850.0000 0.5317 0.3337 -0.2550 0.6328 237.8849 0.0078 0.0055 0.0050 -0.0005 -0.0008 0.0005 0.0091 0.1152 0.1062
1494720000.0000 84150.0000 0.4817 0.3833 -0.2374 0.6213 231.4851 0.0078 0.0079 0.0041 0.0005 -0.0007 0.0004 0.0100 0.1235 0.1178
1494720000.0000 84450.0000 0.3668 0.3864 -0.1766 0.5369 223.5055 0.0094 0.0076 0.0040 0.0047 -0.0022 -0.0020 0.0105 0.1491 0.1413
1494720000.0000 84750.0000 0.4139 0.3831 -0.1821 0.5670 227.2102 0.0038 0.0084 0.0028 0.0028 -0.0000 -0.0011 0.0075 0.1190 0.1128
1494720000.0000 85050.0000 0.3880 0.3578 -0.1904 0.5344 227.3216 0.0097 0.0079 0.0044 0.0018 -0.0022 -0.0001 0.0110 0.1527 0.1451
1494720000.0000 85350.0000 0.4179 0.3872 -0.1952 0.5736 227.1813 0.0057 0.0103 0.0038 0.0038 0.0003 -0.0005 0.0099 0.1352 0.1284
1494720000.0000 85650.0000 0.4073 0.3376 -0.1809 0.5332 230.3396 0.0045 0.0066 0.0032 0.0013 -0.0004 0.0004 0.0072 0.1240 0.1153
1494720000.0000 85950.0000 0.3757 0.3976 -0.1761 0.5526 223.3788 0.0087 0.0079 0.0035 0.0027 -0.0011 0.0002 0.0100 0.1422 0.1360
1494720000.0000 86250.0000 0.3846 0.3708 -0.1699 0.5386 226.0478 0.0064 0.0066 0.0031 0.0022 -0.0008 -0.0007 0.0081 0.1308 0.1233
1494806400.0000 86550.0000 0.4216 0.3553 -0.1924 0.5564 229.8828 0.0051 0.0089 0.0039 0.0016 -0.0002 0.0002 0.0089 0.1321 0.1239
1494806400.0000 86850.0000 0.4963 0.4246 -0.2269 0.6583 229.4528 0.0053 0.0096 0.0048 0.0009 -0.0002 0.0007 0.0099 0.1173 0.1078
1494806400.0000 87150.0000 0.4563 0.3697 -0.2072 0.5921 230.9801 0.0060 0.0076 0.0039 0.0010 -0.0002 0.0005 0.0087 0.1226 0.1145
1494806400.0000 87450.0000 0.4153 0.2754 -0.2057 0.5024 236.4493 0.0047 0.0042 0.0037 0.0003 0.0000 0.0001 0.0063 0.1202 0.1096
1494806400.0000 87750.0000 0.3844 0.3174 -0.1736 0.5023 230.4507 0.0032 0.0066 0.0026 0.0013 0.0001 0.0002 0.0063 0.1224 0.1151
1494806400.0000 88050.0000 0.3004 0.3198 -0.1349 0.4430 223.2153 0.0067 0.0050 0.0024 0.0025 -0.0009 -0.0008 0.0071 0.1494 0.1423
1494806400.0000 88350.0000 0.2536 0.3018 -0.1208 0.3983 220.0357 0.0080 0.0047 0.0029 0.0037 -0.0014 -0.0008 0.0078 0.1744 0.1647
1494806400.0000 88650.0000 0.3580 0.3089 -0.1597 0.4801 229.2121 0.0103 0.0043 0.0045 0.0002 -0.0033 0.0007 0.0095 0.1598 0.1476
1494806400.0000 88950.0000 0.4699 0.3087 -0.2250 0.5676 236.6986 0.0104 0.0046 0.0041 -0.0000 -0.0004 0.0008 0.0095 0.1317 0.1257
1494806400.0000 89250.0000 0.3961 0.3257 -0.1857 0.5176 230.5684 0.0045 0.0056 0.0033 0.0001 -0.0003 0.0005 0.0067 0.1225 0.1133
1494806400.0000 89550.0000 0.4247 0.3277 -0.1928 0.5407 232.3460 0.0043 0.0060 0.0034 0.0007 -0.0003 0.0001 0.0069 0.1189 0.1095
1494806400.0000 89850.0000 0.4046 0.3316 -0.1987 0.5303 230.6644 0.0115 0.0072 0.0051 0.0007 -0.0030 0.0003 0.0119 0.1591 0.1508
1494806400.0000 90150.0000 0.3743 0.3527 -0.1674 0.5187 226.7066 0.0041 0.0084 0.0029 0.0018 -0.0001 -0.0006 0.0077 0.1323 0.1253
1494806400.0000 90450.0000 0.3456 0.4025 -0.1737 0.5347 220.6548 0.0118 0.0059 0.0027 0.0053 -0.0018 -0.0010 0.0102 0.1479 0.1450
1494806400.0000 90750.0000 0.3609 0.3130 -0.1736 0.4832 229.0720 0.0054 0.0053 0.0024 0.0001 -0.0003 0.0002 0.0065 0.1295 0.1246
1494806400.0000 91050.0000 0.2990 0.3189 -0.1588 0.4442 223.1548 0.0103 0.0064 0.0029 0.0024 -0.0011 0.0002 0.0098 0.1739 0.1709
1494806400.0000 91350.0000 0.3242 0.3707 -0.1513 0.4962 221.1722 0.0091 0.0066 0.0023 0.0048 -0.0014 -0.0007 0.0090 0.1507 0.1472
1494806400.0000 91650.0000 0.2974 0.2778 -0.1233 0.4180 226.9465 0.0221 0.0127 0.0058 0.0098 -0.0056 -0.0022 0.0203 0.2736 0.2646
1494806400.0000 91950.0000 0.1747 0.3284 -0.0921 0.3765 208.0173 0.0041 0.0088 0.0028 0.0023 -0.0002 -0.0011 0.0078 0.1886 0.1761
1494806400.0000 92250.0000 0.2901 0.3376 -0.1360 0.4513 220.6713 0.0094 0.0059 0.0028 0.0024 -0.0016 -0.0001 0.0090 0.1668 0.1603
1494806400.0000 92550.0000 0.3742 0.3319 -0.1913 0.5037 228.4312 0.0042 0.0052 0.0032 0.0011 0.0001 -0.0001 0.0063 0.1214 0.1122
1494806400.0000 92850.0000 0.4155 0.2960 -0.1663 0.5180 234.5309 0.0092 0.0111 0.0032 0.0018 -0.0004 0.0002 0.0117 0.1649 0.1610
1494806400.0000 93150.0000 0.4286 0.2612 -0.1862 0.5072 238.6340 0.0078 0.0043 0.0047 -0.0003 -0.0008 0.0007 0.0084 0.1399 0.1267
1494806400.0000 93450.0000 0.3622 0.3228 -0.1784 0.4891 228.2886 0.0039 0.0065 0.0032 0.0015 0.0004 -0.0002 0.0068 0.1300 0.1212
1494806400.0000 93750.0000 0.3282 0.3270 -0.1518 0.4690 225.1023 0.0102 0.0082 0.0034 0.0044 -0.0016 -0.0009 0.0109 0.1750 0.1691
1494806400.0000 94050.0000 0.3914 0.3427 -0.1743 0.5252 228.7990 0.0064 0.0057 0.0030 0.0007 -0.0011 0.0004 0.0076 0.1293 0.1222
1494806400.0000 94350.0000 0.4590 0.4206 -0.1936 0.6258 227.5005 0.0044 0.0110 0.0036 0.0040 -0.0003 -0.0019 0.0095 0.1222 0.1150
1494806400.0000 94650.0000 0.4686 0.3672 -0.2153 0.6003 231.9126 0.0064 0.0080 0.0036 0.0011 -0.0004 0.0005 0.0090 0.1225 0.1165
1494806400.0000 94950.0000 0.5514 0.3736 -0.2592 0.6696 235.8801 0.0053 0.0051 0.0041 0.0005 -0.0001 0.0003 0.0073 0.0975 0.0886
1494806400.0000 95250.0000 0.5332 0.3919 -0.2521 0.6653 233.6889 0.0059 0.0049 0.0041 0.0005 -0.0004 0.0001 0.0075 0.0998 0.0910
1494806400.0000 95550.0000 0.5344 0.4687 -0.2307 0.7152 228.7453 0.0083 0.0174 0.0047 0.0070 -0.0019 -0.0027 0.0152 0.1346 0.1300
1494806400.0000 95850.0000 0.5407 0.3639 -0.2495 0.6565 236.0617 0.0088 0.0060 0.0047 0.0005 -0.0006 0.0009 0.0097 0.1155 0.1079
1494806400.0000 96150.0000 0.4524 0.3961 -0.1993 0.6047 228.7933 0.0040 0.0079 0.0035 0.0020 -0.0001 -0.0004 0.0077 0.1131 0.1048
1494806400.0000 96450.0000 0.4882 0.3556 -0.2260 0.6092 233.9298 0.0062 0.0075 0.0041 0.0006 -0.0007 0.0006 0.0089 0.1194 0.1118
1494806400.0000 96750.0000 0.4987 0.3557 -0.2363 0.6181 234.5003 0.0088 0.0074 0.0055 0.0009 -0.0016 0.0012 0.0109 0.1298 0.1202
1494806400.0000 97050.0000 0.4954 0.4186 -0.2513 0.6536 229.8055 0.0080 0.0069 0.0046 0.0006 -0.0010 0.0006 0.0097 0.1159 0.1087
1494806400.0000 97350.0000 0.5111 0.3865 -0.2469 0.6468 232.9069 0.0081 0.0114 0.0050 0.0020 -0.0012 0.0001 0.0123 0.1317 0.1259
1494806400.0000 97650.0000 0.4516 0.3799 -0.2026 0.5939 229.9242 0.0057 0.0077 0.0035 0.0022 0.0002 -0.0003 0.0085 0.1203 0.1134
1494806400.0000 97950.0000 0.4691 0.3198 -0.2155 0.5728 235.7155 0.0081 0.0051 0.0038 0.0001 -0.0012 0.0003 0.0085 0.1242 0.1169
1494806400.0000 98250.0000 0.5708 0.3251 -0.2517 0.6620 240.3347 0.0194 0.0057 0.0058 0.0022 -0.0015 0.0007 0.0154 0.1442 0.1392
1494806400.0000 98550.0000 0.4990 0.3389 -0.2332 0.6083 235.8192 0.0082 0.0057 0.0051 -0.0001 -0.0010 0.0000 0.0095 0.1230 0.1129
1494806400.0000 98850.0000 0.3933 0.2693 -0.1872 0.4818 235.6026 0.0080 0.0054 0.0040 0.0011 -0.0013 0.0004 0.0087 0.1487 0.1399
1494806400.0000 99150.0000 0.3552 0.2383 -0.1541 0.4344 236.1408 0.0137 0.0043 0.0039 0.0010 -0.0033 0.0001 0.0109 0.1877 0.1808
1494806400.0000 99450.0000 0.4533 0.2852 -0.2035 0.5412 237.8277 0.0145 0.0043 0.0043 0.0007 -0.0017 0.0005 0.0115 0.1531 0.1476
1494806400.0000 99750.0000 0.3002 0.2403 -0.1336 0.3894 231.3246 0.0041 0.0055 0.0027 0.0009 -0.0003 0.0002 0.0061 0.1571 0.1467
1494806400.0000 100050.0000 0.3343 0.1420 -0.1322 0.3749 246.9762 0.0089 0.0076 0.0042 -0.0003 -0.0004 0.0000 0.0104 0.2150 0.2045
1494806400.0000 100350.0000 0.2806 0.2501 -0.1430 0.3841 228.2935 0.0060 0.0060 0.0025 0.0000 -0.0007 0.0008 0.0073 0.1734 0.1688
1494806400.0000 100650.0000 0.3579 0.2482 -0.1793 0.4414 235.2599 0.0054 0.0038 0.0031 -0.0008 -0.0012 0.0007 0.0062 0.1361 0.1272
1494806400.0000 100950.0000 0.2752 0.2634 -0.1239 0.3864 226.2539 0.0050 0.0061 0.0018 0.0018 -0.0008 -0.0002 0.0064 0.1637 0.1594
1494806400.0000 101250.0000 0.2729 0.2810 -0.1303 0.3969 224.1621 0.0056 0.0060 0.0018 0.0022 -0.0001 -0.0002 0.0067 0.1620 0.1590
1494806400.0000 101550.0000 0.2634 0.3649 -0.1472 0.4536 215.8205 0.0055 0.0065 0.0019 0.0028 0.0005 0.0006 0.0070 0.1438 0.1403
1494806400.0000 101850.0000 0.3096 0.3268 -0.1414 0.4541 223.4505 0.0050 0.0050 0.0015 0.0017 -0.0004 -0.0001 0.0057 0.1310 0.1280
1494806400.0000 102150.0000 0.3651 0.3063 -0.1718 0.4856 230.0115 0.0085 0.0109 0.0031 0.0009 -0.0019 0.0004 0.0113 0.1713 0.1690
1494806400.0000 102450.0000 0.2350 0.2353 -0.1095 0.3426 224.9612 0.0069 0.0075 0.0021 0.0009 -0.0005 -0.0004 0.0082 0.2117 0.2083
1494806400.0000 102750.0000 0.3210 0.2577 -0.1466 0.4203 231.2416 0.0051 0.0090 0.0029 0.0006 0.0002 -0.0019 0.0085 0.1723 0.1663
1494806400.0000 103050.0000 0.2783 0.2137 -0.1274 0.3582 232.4854 0.0051 0.0087 0.0021 0.0019 0.0001 -0.0002 0.0080 0.1951 0.1931
1494806400.0000 103350.0000 0.2532 0.3439 -0.1411 0.4319 216.3599 0.0082 0.0070 0.0026 0.0039 -0.0012 -0.0011 0.0089 0.1714 0.1667
1494806400.0000 103650.0000 0.3731 0.2261 -0.1536 0.4455 238.7798 0.0137 0.0074 0.0028 0.0003 -0.0015 -0.0000 0.0120 0.1931 0.1925
1494806400.0000 103950.0000 0.1609 0.2372 -0.0884 0.3108 214.1482 0.0190 0.0115 0.0037 0.0047 -0.0047 -0.0017 0.0171 0.3562 0.3520
1494806400.0000 104250.0000 0.1359 0.2454 -0.0861 0.3043 208.9676 0.0128 0.0129 0.0053 -0.0018 -0.0033 0.0003 0.0155 0.3463 0.3295
1494806400.0000 104550.0000 0.2548 0.2503 -0.1191 0.3656 225.5177 0.0076 0.0054 0.0020 0.0004 -0.0011 -0.0004 0.0075 0.1875 0.1839
1494806400.0000 104850.0000 0.2788 0.3422 -0.1570 0.4454 219.1693 0.0087 0.0064 0.0028 0.0046 -0.0020 -0.0013 0.0089 0.1645 0.1606
1494806400.0000 105150.0000 0.3231 0.3480 -0.1802 0.4794 222.8748 0.0113 0.0103 0.0027 0.0072 -0.0019 -0.0014 0.0121 0.1770 0.1784
1494806400.0000 105450.0000 0.1074 0.2043 -0.0712 0.2460 207.7358 0.0052 0.0149 0.0028 0.0026 -0.0010 -0.0021 0.0114 0.3614 0.3547
1494806400.0000 105750.0000 0.0827 0.0132 -0.0106 0.1195 260.9620 0.0045 0.0083 0.0015 -0.0015 0.0007 -0.0015 0.0072 0.8182 0.7806
1494806400.0000 106050.0000 0.1465 0.1646 -0.0655 0.2320 221.6635 0.0047 0.0048 0.0024 -0.0001 -0.0005 -0.0002 0.0060 0.2741 0.2556
1494806400.0000 106350.0000 0.0598 0.2945 -0.0781 0.3085 191.4769 0.0045 0.0058 0.0025 -0.0005 -0.0003 0.0000 0.0064 0.2102 0.1947
1494806400.0000 106650.0000 0.1122 0.3410 -0.1114 0.3654 198.2144 0.0055 0.0129 0.0029 0.0034 -0.0011 -0.0002 0.0107 0.2246 0.2186
1494806400.0000 106950.0000 0.3237 0.3206 -0.1667 0.4642 225.2784 0.0069 0.0152 0.0024 0.0036 -0.0010 -0.0018 0.0123 0.1865 0.1887
1494806400.0000 107250.0000 0.1236 0.1670 -0.0754 0.2223 216.4990 0.0055 0.0067 0.0027 -0.0000 -0.0005 -0.0009 0.0074 0.3184 0.3065
1494806400.0000 107550.0000 0.1056 0.2821 -0.0853 0.3163 200.5193 0.0080 0.0071 0.0020 -0.0011 -0.0011 0.0003 0.0086 0.2413 0.2355
1494806400.0000 107850.0000 0.0770 0.2171 -0.0835 0.2676 199.5237 0.0198 0.0058 0.0034 0.0063 -0.0051 -0.0009 0.0145 0.4012 0.4009
1494806400.0000 108150.0000 0.0694 0.1821 -0.0564 0.2117 200.8563 0.0081 0.0026 0.0030 0.0009 -0.0033 -0.0001 0.0068 0.3328 0.3068
1494806400.0000 108450.0000 0.1690 0.1854 -0.0985 0.2624 222.3528 0.0059 0.0032 0.0010 -0.0016 0.0000 0.0001 0.0051 0.2157 0.2196
1494806400.0000 108750.0000 0.0468 0.1215 -0.0409 0.1417 201.0697 0.0041 0.0012 0.0010 0.0011 -0.0003 0.0001 0.0032 0.3369 0.3230
1494806400.0000 109050.0000 -0.1758 -0.1156 0.0872 0.2410 56.6626 0.0054 0.0176 0.0023 0.0037 -0.0014 -0.0047 0.0127 0.4034 0.4162
1494806400.0000 109350.0000 -0.0003 -0.1731 0.0466 0.1939 0.0906 0.0094 0.0026 0.0035 0.0024 -0.0029 0.0000 0.0078 0.4010 0.3651
1494806400.0000 109650.0000 -0.1952 -0.1560 0.0949 0.2584 51.3637 0.0092 0.0106 0.0038 0.0060 -0.0032 -0.0030 0.0118 0.3321 0.3256
1494806400.0000 109950.0000 -0.0971 -0.0291 0.0609 0.1365 73.3331 0.0132 0.0041 0.0022 0.0018 -0.0029 0.0004 0.0097 0.6800 0.7479
1494806400.0000 110250.0000 -0.1115 -0.0681 -0.0365 0.2653 58.5917 0.0630 0.0079 0.0193 -0.0106 -0.0280 0.0056 0.0451 1.2789 1.1771
1494806400.0000 110550.0000 -0.3797 -0.2795 0.1624 0.4941 53.6494 0.0146 0.0245 0.0125 0.0008 0.0012 -0.0015 0.0258 0.2628 0.2420
1494806400.0000 110850.0000 -0.4095 -0.1950 0.1201 0.4659 64.5370 0.0118 0.0117 0.0113 0.0001 -0.0045 -0.0019 0.0174 0.2293 0.1950
1494806400.0000 111150.0000 -0.0042 -0.0936 0.0269 0.2570 2.5594 0.0418 0.0339 0.0106 0.0228 -0.0048 -0.0038 0.0432 1.7398 1.6954
1494806400.0000 111450.0000 -0.4574 -0.3664 0.1823 0.6159 51.3032 0.0467 0.0347 0.0299 0.0089 -0.0105 -0.0094 0.0556 0.3137 0.2810
1494806400.0000 111750.0000 -0.4634 -0.0569 0.1646 0.5230 82.9969 0.0316 0.0462 0.0255 -0.0117 -0.0066 -0.0005 0.0516 0.3748 0.3450
1494806400.0000 112050.0000 -0.4404 -0.4843 0.2324 0.6977 42.2868 0.0507 0.0624 0.0429 0.0070 -0.0163 -0.0103 0.0780 0.3283 0.2967
1494806400.0000 112350.0000 -0.3536 -0.6260 0.2499 0.7582 29.4589 0.0499 0.0462 0.0283 -0.0025 -0.0048 -0.0098 0.0622 0.2676 0.2490
1494806400.0000 112650.0000 -0.3023 -0.5055 0.2083 0.6854 30.8842 0.1021 0.0587 0.0187 -0.0282 -0.0107 -0.0033 0.0898 0.3916 0.3931
1494806400.0000 112950.0000 -0.5495 -0.2415 0.1342 0.6429 66.2752 0.0299 0.0406 0.0233 -0.0145 -0.0088 0.0017 0.0469 0.2876 0.2555
1494806400.0000 113250.0000 -0.4015 -0.3713 0.1580 0.6103 47.2357 0.0731 0.0461 0.0459 -0.0079 -0.0076 -0.0172 0.0825 0.4121 0.3645
1494806400.0000 113550.0000 -0.5094 -0.3342 0.1909 0.7101 56.7305 0.0656 0.1241 0.0651 -0.0183 -0.0061 -0.0561 0.1274 0.4564 0.4127
1494806400.0000 113850.0000 -0.5704 -0.1676 0.2347 0.6439 73.6290 0.0516 0.0639 0.0348 0.0140 -0.0186 -0.0175 0.0752 0.3503 0.3301
1494806400.0000 114150.0000 -0.4701 -0.1217 0.0782 0.5638 75.4825 0.0533 0.0693 0.0321 -0.0070 -0.0228 0.0012 0.0773 0.4616 0.4163
1494806400.0000 114450.0000 -0.4815 -0.1598 0.1186 0.5936 71.6432 0.0370 0.0996 0.0337 0.0088 -0.0135 -0.0207 0.0852 0.4573 0.4206
1494806400.0000 114750.0000 -0.3801 -0.1158 0.1428 0.4599 73.0514 0.0271 0.0544 0.0309 -0.0034 -0.0020 -0.0154 0.0562 0.4584 0.4148
1494806400.0000 115050.0000 -0.1796 -0.1183 0.1461 0.3726 56.6333 0.0551 0.0522 0.0153 -0.0374 0.0093 -0.0119 0.0613 0.7775 0.8792
1494806400.0000 115350.0000 -0.4840 -0.0530 0.0883 0.5118 83.7506 0.0226 0.0243 0.0529 -0.0031 -0.0163 -0.0009 0.0499 0.3686 0.2569
1494806400.0000 115650.0000 -0.4288 -0.2598 0.0963 0.5454 58.7926 0.0551 0.0444 0.0563 0.0024 -0.0178 0.0003 0.0779 0.4463 0.3632
1494806400.0000 115950.0000 -0.2251 -0.1640 0.0745 0.3448 53.9285 0.0292 0.0335 0.0183 -0.0109 -0.0034 -0.0048 0.0405 0.5698 0.5191
1494806400.0000 116250.0000 -0.5302 -0.2849 0.2146 0.6442 61.7507 0.0140 0.0580 0.0221 -0.0014 -0.0009 -0.0034 0.0470 0.2771 0.2573
1494806400.0000 116550.0000 -0.3894 -0.3274 0.1082 0.5450 49.9395 0.0397 0.0397 0.0439 -0.0054 -0.0127 -0.0080 0.0617 0.3899 0.3198
1494806400.0000 116850.0000 -0.3927 -0.2010 0.1423 0.5430 62.8951 0.0851 0.0843 0.0702 0.0529 -0.0380 -0.0179 0.1198 0.6096 0.5385
1494806400.0000 117150.0000 -0.2897 -0.2992 0.1405 0.6053 44.0721 0.1772 0.0611 0.0269 -0.0737 -0.0140 0.0025 0.1326 0.6765 0.6768
1494806400.0000 117450.0000 -0.4548 -0.2938 0.0797 0.5998 57.1403 0.0743 0.0406 0.0442 -0.0083 -0.0293 -0.0027 0.0796 0.4209 0.3615
1494806400.0000 117750.0000 -0.4738 -0.2547 0.1074 0.5625 61.7366 0.0384 0.0355 0.0293 0.0088 -0.0183 -0.0105 0.0516 0.3382 0.2917
1494806400.0000 118050.0000 -0.4609 -0.3926 0.1506 0.6865 49.5741 0.0600 0.0723 0.0449 -0.0394 -0.0108 -0.0119 0.0886 0.3896 0.3468
1494806400.0000 118350.0000 -0.5705 -0.3549 0.1620 0.7508 58.1105 0.0860 0.0703 0.0490 -0.0357 -0.0129 -0.0086 0.1027 0.3785 0.3398
1494806400.0000 118650.0000 -0.6606 -0.4918 0.2788 0.8683 53.3360 0.0483 0.0515 0.0425 -0.0215 -0.0149 0.0029 0.0712 0.2505 0.2215
1494806400.0000 118950.0000 -0.6223 -0.4202 0.2885 0.7850 55.9734 0.0618 0.0434 0.0516 -0.0036 -0.0136 0.0126 0.0784 0.2843 0.2494
1494806400.0000 119250.0000 -0.5627 -0.2724 0.1510 0.7042 64.1679 0.0501 0.1074 0.0439 -0.0086 -0.0104 -0.0200 0.1007 0.4028 0.3665
1494806400.0000 119550.0000 -0.3769 -0.6376 0.1712 0.7885 30.5908 0.0642 0.0800 0.0461 0.0015 0.0009 -0.0270 0.0951 0.3313 0.2960
1494806400.0000 119850.0000 -0.4041 -0.6287 0.2123 0.8596 32.7319 0.1227 0.1203 0.0504 -0.0520 -0.0195 -0.0011 0.1467 0.4025 0.3808
1494806400.0000 120150.0000 -0.6862 -0.3276 0.2238 0.8173 64.4762 0.0393 0.0939 0.0494 -0.0060 -0.0076 -0.0112 0.0913 0.3113 0.2771
1494806400.0000 120450.0000 -0.5962 -0.4547 0.1365 0.8012 52.6709 0.0870 0.0790 0.0719 0.0138 -0.0298 -0.0292 0.1189 0.3695 0.3137
1494806400.0000 120750.0000 -0.6804 -0.2918 0.2100 0.8128 66.7863 0.0573 0.1304 0.0625 -0.0000 -0.0306 -0.0047 0.1251 0.3753 0.3379
1494806400.0000 121050.0000 -0.5290 -0.4180 0.1692 0.7076 51.6843 0.0349 0.0473 0.0335 -0.0040 -0.0116 -0.0032 0.0578 0.2825 0.2455
1494806400.0000 121350.0000 -0.3684 -0.5365 0.2282 0.7885 34.4800 0.1816 0.0738 0.0316 -0.0391 -0.0350 -0.0023 0.1435 0.4484 0.4483
1494806400.0000 121650.0000 -0.2067 -0.4834 0.0778 0.5972 23.1556 0.0589 0.1052 0.0443 0.0088 -0.0063 -0.0255 0.1042 0.4959 0.4448
1494806400.0000 121950.0000 -0.1531 -0.5012 0.0880 0.5858 16.9829 0.0523 0.1090 0.0433 0.0284 -0.0038 -0.0429 0.1023 0.4915 0.4425
1494806400.0000 122250.0000 -0.4208 -0.4510 0.2050 0.7246 43.0109 0.1274 0.0818 0.0425 -0.0415 -0.0242 0.0074 0.1258 0.4456 0.4281
1494806400.0000 122550.0000 -0.6048 -0.5797 0.2508 0.8821 46.2137 0.0616 0.1120 0.0671 0.0184 -0.0225 -0.0282 0.1204 0.3239 0.2871
1494806400.0000 122850.0000 -0.5297 -0.1920 0.1332 0.6218 70.0719 0.0824 0.0984 0.0408 0.0479 -0.0297 -0.0310 0.1108 0.4694 0.4357
1494806400.0000 123150.0000 -0.5434 -0.4225 0.2160 0.8704 52.1373 0.1190 0.2576 0.0542 -0.0322 -0.0199 -0.0254 0.2154 0.5253 0.5148
1494806400.0000 123450.0000 -0.3259 -0.0657 0.1185 0.6489 78.6028 0.1419 0.2597 0.0743 -0.0014 -0.0562 -0.0511 0.2380 1.1285 1.1006
1494806400.0000 123750.0000 -0.6903 -0.2161 0.2605 0.8631 72.6172 0.1320 0.1953 0.0735 -0.0005 -0.0590 -0.0468 0.2004 0.4754 0.4566
1494806400.0000 124050.0000 -0.6146 -0.3101 0.1580 0.7552 63.2261 0.0787 0.1183 0.0628 0.0074 -0.0259 -0.0228 0.1299 0.4167 0.3723
1494806400.0000 124350.0000 -0.2695 -0.1654 0.1258 0.5246 58.4604 0.1797 0.0627 0.0567 0.0401 -0.0444 -0.0238 0.1496 0.9280 0.8991
1494806400.0000 124650.0000 -0.5600 -0.5765 0.2046 0.9146 44.1642 0.1594 0.1320 0.0806 -0.0456 -0.0078 -0.0245 0.1860 0.4246 0.3878
1494806400.0000 124950.0000 -0.3826 -0.5593 0.1623 0.7923 34.3748 0.1410 0.0988 0.0712 -0.0160 -0.0070 -0.0232 0.1555 0.4620 0.4172
1494806400.0000 125250.0000 -0.3367 -0.4571 0.2009 0.7792 36.3753 0.1107 0.2938 0.0561 -0.0189 -0.0316 -0.0294 0.2303 0.6506 0.6468
1494806400.0000 125550.0000 -0.4199 0.0449 0.0795 0.9094 96.1003 0.2253 0.5585 0.1285 0.1208 -0.0548 -0.1754 0.4561 1.2833 1.2105
1494806400.0000 125850.0000 -0.4065 -0.0802 0.0726 0.8387 78.8413 0.3529 0.3195 0.1015 0.1469 -0.1058 -0.0874 0.3869 1.2073 1.1425
1494806400.0000 126150.0000 -0.1417 -0.0400 0.0479 0.5215 74.2242 0.1548 0.1568 0.0509 -0.0132 -0.0280 -0.0072 0.1812 2.2453 2.1890
1494806400.0000 126450.0000 -0.3471 -0.1737 0.0528 0.6835 63.4216 0.2213 0.1625 0.0896 0.0776 -0.0749 -0.0781 0.2367 1.0141 0.9215
1494806400.0000 126750.0000 -0.6462 -0.4942 0.2868 0.8711 52.5932 0.0670 0.1288 0.0905 0.0240 -0.0225 -0.0442 0.1431 0.3582 0.3141
1494806400.0000 127050.0000 -0.5993 -0.4521 0.2958 0.8849 52.9723 0.1204 0.1851 0.0718 0.0437 -0.0130 -0.0414 0.1886 0.4395 0.4250
1494806400.0000 127350.0000 -0.5034 -0.1209 0.0848 0.6611 76.4952 0.2188 0.0949 0.1115 0.0336 -0.0500 -0.0326 0.2126 0.7176 0.6246
1494806400.0000 127650.0000 -0.1448 -0.3124 0.0907 0.6136 24.8699 0.2483 0.1071 0.0944 0.0701 -0.0862 -0.0534 0.2249 1.0876 0.9997
1494806400.0000 127950.0000 -0.6224 -0.3527 0.2135 0.8270 60.4658 0.2677 0.1034 0.0923 0.0377 -0.0614 -0.0267 0.2317 0.5264 0.4916
1494806400.0000 128250.0000 -0.3172 -0.3825 0.1057 0.5896 39.6698 0.0574 0.1211 0.0579 0.0013 -0.0140 -0.0344 0.1182 0.5525 0.4908
1494806400.0000 128550.0000 -0.2905 -0.5075 0.1829 0.8387 29.7876 0.4005 0.1171 0.0600 -0.0659 -0.0572 -0.0065 0.2888 0.7162 0.7103
1494806400.0000 128850.0000 -0.5314 -0.2857 0.1788 0.6985 61.7326 0.1006 0.0798 0.0602 0.0175 -0.0064 -0.0140 0.1203 0.4500 0.4064
1494806400.0000 129150.0000 -0.2935 -0.1854 0.0644 0.5695 57.7177 0.0800 0.1722 0.0859 0.0019 -0.0126 -0.0667 0.1690 0.9509 0.8353
1494806400.0000 129450.0000 -0.3578 -0.3207 0.1484 0.6128 48.1314 0.1311 0.0842 0.0532 -0.0247 0.0065 -0.0331 0.1342 0.5949 0.5576
1494806400.0000 129750.0000 -0.2822 0.0276 0.0132 0.4851 95.5919 0.1664 0.0737 0.0832 0.0126 -0.0329 0.0003 0.1616 1.1566 0.9978
1494806400.0000 130050.0000 -0.1990 -0.2714 0.0874 0.5105 36.2522 0.1596 0.0806 0.1361 0.0356 -0.0750 -0.0317 0.1881 1.0185 0.8408
1494806400.0000 130350.0000 -0.4367 -0.0711 0.0350 0.5407 80.7519 0.1004 0.0847 0.0909 -0.0061 -0.0372 -0.0049 0.1380 0.6833 0.5613
1494806400.0000 130650.0000 -0.2879 -0.1398 0.1312 0.4277 64.1007 0.0912 0.0724 0.0407 0.0351 -0.0273 -0.0205 0.1022 0.7544 0.7297
1494806400.0000 130950.0000 -0.3404 -0.1874 0.1425 0.4642 61.1638 0.0379 0.0622 0.0450 0.0003 -0.0111 -0.0051 0.0725 0.5312 0.4700
1494806400.0000 131250.0000 -0.2707 -0.2415 0.1390 0.5430 48.2620 0.1461 0.1179 0.1000 0.0684 -0.0614 -0.0672 0.1820 0.8967 0.8179
1494806400.0000 131550.0000 -0.2257 -0.0475 -0.0513 0.3280 78.1193 0.0430 0.0485 0.0489 -0.0055 -0.0101 -0.0086 0.0702 0.9160 0.7577
1494806400.0000 131850.0000 -0.0564 0.0497 0.0276 0.3823 131.4194 0.0709 0.1243 0.0854 0.0275 -0.0252 -0.0719 0.1403 3.8195 3.3940
1494806400.0000 132150.0000 -0.3502 -0.0716 0.1131 0.4880 78.4464 0.0834 0.0808 0.0436 0.0091 -0.0085 -0.0137 0.1038 0.7018 0.6543
1494806400.0000 132450.0000 -0.3418 -0.0720 0.0678 0.4175 78.1036 0.0359 0.0438 0.0357 -0.0209 -0.0113 0.0106 0.0577 0.5511 0.4665
1494806400.0000 132750.0000 0.0245 -0.2224 0.1018 0.2875 353.7202 0.0266 0.0177 0.0305 0.0078 -0.0080 -0.0019 0.0374 0.6422 0.5431
1494806400.0000 133050.0000 -0.2914 -0.0562 0.0593 0.3443 79.0837 0.0355 0.0242 0.0265 -0.0036 -0.0115 0.0030 0.0431 0.5599 0.4752
1494806400.0000 133350.0000 -0.4274 -0.0031 0.1277 0.5566 89.5897 0.1471 0.0650 0.0430 -0.0463 -0.0088 -0.0157 0.1275 0.6536 0.6220
1494806400.0000 133650.0000 -0.0239 0.0442 0.0195 0.3685 151.6315 0.1037 0.0552 0.0229 -0.0428 -0.0178 0.0131 0.0908 4.5635 4.5772
1494806400.0000 133950.0000 0.0793 -0.3188 0.0413 0.5311 346.0388 0.1461 0.0660 0.0468 -0.0041 -0.0363 -0.0131 0.1294 0.8872 0.8094
1494806400.0000 134250.0000 -0.3114 -0.3352 0.1847 0.6443 42.8929 0.1247 0.1378 0.0880 -0.0802 -0.0498 0.0168 0.1752 0.6927 0.6465
1494806400.0000 134550.0000 -0.5588 -0.2792 0.2380 0.6850 63.4500 0.0760 0.0782 0.0626 0.0109 -0.0305 -0.0245 0.1084 0.4021 0.3629
1494806400.0000 134850.0000 -0.3010 -0.4302 0.0708 0.6638 34.9834 0.0833 0.1437 0.0645 -0.0335 -0.0051 -0.0375 0.1458 0.5884 0.5239
1494806400.0000 135150.0000 0.1132 -0.3996 0.0995 0.5190 344.1811 0.1039 0.0448 0.0805 0.0001 -0.0535 -0.0134 0.1146 0.6472 0.5360
1494806400.0000 135450.0000 0.3480 -0.3881 -0.0797 0.5925 318.1225 0.0707 0.0928 0.0790 -0.0255 -0.0075 -0.0085 0.1212 0.5391 0.4478
1494806400.0000 135750.0000 -0.3453 -0.5290 0.2284 0.6536 33.1310 0.0414 0.0420 0.0451 0.0166 -0.0067 -0.0039 0.0642 0.3081 0.2639
1494806400.0000 136050.0000 -0.2885 -0.3050 0.1253 0.5963 43.4062 0.1686 0.0938 0.0701 -0.0414 -0.0169 -0.0135 0.1663 0.7599 0.7045
1494806400.0000 136350.0000 -0.3365 -0.2742 0.1968 0.5392 50.8239 0.0355 0.1106 0.0296 -0.0095 -0.0031 -0.0122 0.0879 0.5079 0.5085
1494806400.0000 136650.0000 -0.3354 -0.1525 0.1125 0.5132 65.5560 0.1494 0.0454 0.0396 0.0151 -0.0199 -0.0153 0.1172 0.7256 0.6917
1494806400.0000 136950.0000 -0.2774 -0.0690 0.0640 0.4477 76.0363 0.0820 0.1087 0.0581 0.0509 -0.0273 -0.0051 0.1244 0.9832 0.8820
1494806400.0000 137250.0000 0.0649 -0.1148 0.0582 0.3826 330.5159 0.0720 0.1057 0.0456 -0.0178 -0.0256 -0.0082 0.1117 1.8930 1.8456
1494806400.0000 137550.0000 -0.2234 -0.5281 0.1499 0.6351 22.9334 0.0688 0.0667 0.0409 0.0096 -0.0126 -0.0199 0.0882 0.4092 0.3707
1494806400.0000 137850.0000 -0.1401 -0.1115 0.0856 0.3539 51.4710 0.0945 0.0269 0.0306 -0.0277 -0.0284 0.0073 0.0760 1.1344 1.1235
1494806400.0000 138150.0000 0.0163 -0.1698 0.1273 0.3342 354.5070 0.0559 0.0602 0.0345 0.0062 -0.0245 0.0013 0.0753 1.0526 1.1533
1494806400.0000 138450.0000 0.1338 -0.5702 -0.0379 0.6470 346.7954 0.1000 0.0914 0.0782 -0.0359 -0.0424 -0.0017 0.1348 0.5108 0.4313
1494806400.0000 138750.0000 0.1738 0.0829 -0.0770 0.2883 244.5049 0.0613 0.0162 0.0407 0.0128 -0.0335 -0.0143 0.0591 0.9575 0.8352
1494806400.0000 139050.0000 0.0955 0.1287 -0.0999 0.2041 216.5655 0.0210 0.0133 0.0126 0.0030 -0.0074 -0.0039 0.0235 0.6623 0.6678
1494806400.0000 139350.0000 0.0122 0.2272 -0.0712 0.2909 183.0816 0.0329 0.0086 0.0164 0.0075 -0.0137 -0.0038 0.0289 0.5825 0.5167
1494806400.0000 139650.0000 0.1137 0.2091 -0.1153 0.3520 208.5318 0.0688 0.0092 0.0203 -0.0007 -0.0194 0.0012 0.0492 0.6845 0.6777
1494806400.0000 139950.0000 0.2598 0.1911 -0.1949 0.3440 233.6586 0.0191 0.0174 0.0108 0.0069 -0.0046 -0.0030 0.0236 0.3328 0.3417
1494806400.0000 140250.0000 0.2594 0.1370 -0.1002 0.3211 242.1626 0.0199 0.0162 0.0124 0.0051 -0.0060 -0.0034 0.0242 0.4101 0.3741
1494806400.0000 140550.0000 0.2752 0.2092 -0.1611 0.3783 232.7600 0.0154 0.0220 0.0100 -0.0009 0.0007 0.0001 0.0237 0.3294 0.3228
1494806400.0000 140850.0000 0.2186 0.2900 -0.1408 0.4498 217.0024 0.0777 0.0255 0.0127 0.0089 -0.0191 -0.0045 0.0579 0.5045 0.5106
1494806400.0000 141150.0000 -0.0362 -0.1811 0.0692 0.2655 11.3052 0.0311 0.0199 0.0251 0.0123 -0.0156 -0.0073 0.0381 0.8075 0.7059
1494806400.0000 141450.0000 -0.4053 -0.3076 0.1364 0.5540 52.8084 0.0579 0.0855 0.0381 0.0345 -0.0263 -0.0365 0.0908 0.4669 0.4297
1494806400.0000 141750.0000 0.2223 0.1562 -0.1212 0.3342 234.9109 0.0230 0.0258 0.0097 -0.0105 0.0010 -0.0025 0.0292 0.4692 0.4692
1494806400.0000 142050.0000 0.2308 -0.2339 -0.0578 0.3584 315.3773 0.0441 0.0400 0.0220 -0.0269 -0.0153 0.0076 0.0530 0.5636 0.5094
1494806400.0000 142350.0000 0.3924 0.1550 -0.1331 0.4557 248.4430 0.0762 0.0176 0.0194 0.0048 -0.0228 -0.0076 0.0566 0.4390 0.4190
1494806400.0000 142650.0000 0.2068 0.1779 -0.1143 0.3462 229.2903 0.0323 0.0328 0.0209 -0.0165 0.0020 -0.0036 0.0430 0.5721 0.5398
1494806400.0000 142950.0000 -0.1098 0.0862 -0.0096 0.3424 128.1407 0.0324 0.0957 0.0264 0.0296 -0.0123 -0.0318 0.0772 1.6222 1.4808
1494806400.0000 143250.0000 0.0810 -0.3647 0.0199 0.6430 347.4704 0.1927 0.1597 0.0724 0.1021 -0.0736 -0.0450 0.2124 1.0057 0.9173
1494806400.0000 143550.0000 -0.2595 0.0080 0.1243 0.5896 91.7641 0.1788 0.2181 0.0452 0.0024 -0.0466 -0.0322 0.2211 1.3337 1.4009
1494806400.0000 143850.0000 -0.1794 -0.2038 0.1230 0.4155 41.3546 0.0374 0.0963 0.0240 0.0173 -0.0053 -0.0285 0.0789 0.7693 0.7776
1494806400.0000 144150.0000 -0.3737 -0.1991 0.1258 0.4825 61.9499 0.0549 0.0419 0.0279 -0.0007 -0.0172 -0.0113 0.0623 0.4615 0.4241
1494806400.0000 144450.0000 -0.3607 -0.3982 0.1483 0.5803 42.1683 0.0447 0.0563 0.0258 0.0098 -0.0109 -0.0103 0.0633 0.3687 0.3414
1494806400.0000 144750.0000 0.1183 -0.3995 0.0566 0.4794 343.5045 0.0589 0.0311 0.0431 0.0098 -0.0202 -0.0199 0.0665 0.5008 0.4156
1494806400.0000 145050.0000 0.1412 -0.1389 -0.0547 0.3962 314.5275 0.0603 0.0812 0.0213 0.0120 -0.0070 -0.0121 0.0814 1.1337 1.0967
1494806400.0000 145350.0000 -0.0654 -0.2057 0.0395 0.3225 17.6314 0.0287 0.1065 0.0295 0.0279 -0.0157 -0.0434 0.0823 1.0674 0.9832
1494806400.0000 145650.0000 0.2256 0.1135 -0.1559 0.3442 243.2859 0.0202 0.0517 0.0146 -0.0010 -0.0031 0.0089 0.0432 0.5719 0.6126
1494806400.0000 145950.0000 0.2976 0.3770 -0.1794 0.5032 218.2861 0.0176 0.0194 0.0074 -0.0054 -0.0021 0.0035 0.0222 0.2371 0.2311
1494806400.0000 146250.0000 0.4181 -0.1880 -0.0464 0.5157 294.2100 0.0302 0.0706 0.0136 -0.0019 -0.0035 -0.0074 0.0572 0.4239 0.3999
1494806400.0000 146550.0000 0.1348 0.2334 -0.1170 0.2879 210.0059 0.0082 0.0160 0.0074 0.0025 -0.0015 -0.0031 0.0158 0.3491 0.3332
1494806400.0000 146850.0000 0.3231 0.3508 -0.1589 0.4831 222.6456 0.0194 0.0213 0.0039 0.0155 -0.0038 -0.0037 0.0223 0.2425 0.2442
1494806400.0000 147150.0000 0.3286 0.2977 -0.1814 0.4572 227.8188 0.0147 0.0125 0.0068 0.0015 -0.0010 0.0004 0.0170 0.2221 0.2147
1494806400.0000 147450.0000 0.3414 0.3174 -0.1815 0.4803 227.0838 0.0141 0.0154 0.0043 0.0033 -0.0002 -0.0011 0.0169 0.2122 0.2129
1494806400.0000 147750.0000 0.3171 0.2207 -0.1630 0.4390 235.1662 0.0341 0.0317 0.0072 -0.0069 -0.0042 0.0017 0.0365 0.3720 0.3833
1494806400.0000 148050.0000 0.3938 0.0909 -0.1723 0.4931 257.0047 0.0361 0.0861 0.0226 -0.0097 -0.0070 0.0074 0.0724 0.5001 0.4995
1494806400.0000 148350.0000 0.3709 0.1545 -0.1887 0.4824 247.3912 0.0310 0.0693 0.0211 0.0018 -0.0093 0.0104 0.0607 0.4532 0.4551
1494806400.0000 148650.0000 0.4090 0.3456 -0.1749 0.5442 229.8043 0.0101 0.0104 0.0045 0.0005 0.0017 0.0009 0.0125 0.1623 0.1545
1494806400.0000 148950.0000 0.3680 0.3463 -0.2136 0.5163 226.7458 0.0171 0.0127 0.0054 0.0037 0.0006 -0.0009 0.0176 0.1974 0.1973
1494806400.0000 149250.0000 0.4698 0.3584 -0.2606 0.6024 232.6654 0.0231 0.0098 0.0068 0.0003 -0.0019 0.0014 0.0199 0.1782 0.1774
1494806400.0000 149550.0000 0.5549 0.3854 -0.2436 0.6889 235.2210 0.0284 0.0124 0.0065 -0.0008 -0.0026 0.0010 0.0237 0.1749 0.1727
1494806400.0000 149850.0000 0.7351 0.3551 -0.2521 0.8230 244.2180 0.0276 0.0076 0.0068 0.0017 -0.0034 0.0001 0.0210 0.1384 0.1326
1494806400.0000 150150.0000 0.5441 0.4232 -0.2331 0.7005 232.1209 0.0233 0.0111 0.0063 -0.0004 -0.0021 0.0003 0.0203 0.1599 0.1553
1494806400.0000 150450.0000 0.4931 0.4224 -0.2435 0.6576 229.4124 0.0138 0.0119 0.0068 0.0017 -0.0003 0.0007 0.0163 0.1502 0.1427
1494806400.0000 150750.0000 0.4889 0.3411 -0.2358 0.6050 235.1023 0.0114 0.0116 0.0059 0.0002 0.0008 0.0014 0.0144 0.1530 0.1467
1494806400.0000 151050.0000 0.4736 0.3640 -0.2549 0.6054 232.4534 0.0073 0.0101 0.0065 -0.0010 0.0008 0.0012 0.0120 0.1376 0.1275
