1494720000.0000 150.0000 0.1382 0.3491 -0.0666 0.4044 201.5980 0.0261 0.0113 0.0066 0.0025 -0.0040 -0.0014 0.0220 0.3174 0.2972
1494720000.0000 450.0000 0.2014 0.1707 -0.0302 0.2955 229.7105 0.0151 0.0171 0.0058 -0.0016 -0.0035 -0.0017 0.0190 0.4235 0.3924
1494720000.0000 750.0000 0.2365 0.3528 -0.1069 0.4738 213.8314 0.0181 0.0556 0.0069 -0.0060 -0.0013 -0.0089 0.0403 0.3743 0.3689
1494720000.0000 1050.0000 0.2653 0.4296 -0.1414 0.5261 211.6961 0.0164 0.0260 0.0075 -0.0005 -0.0002 -0.0084 0.0249 0.2458 0.2354
1494720000.0000 1350.0000 0.4288 0.3903 -0.1595 0.6056 227.6915 0.0136 0.0433 0.0071 0.0028 -0.0029 -0.0107 0.0320 0.2427 0.2373
1494720000.0000 1650.0000 0.2165 0.2623 -0.0779 0.3618 219.5357 0.0121 0.0230 0.0057 0.0036 -0.0038 -0.0060 0.0204 0.3343 0.3179
1494720000.0000 1950.0000 0.1755 0.0236 0.0059 0.2843 262.3401 0.0075 0.0498 0.0051 -0.0100 -0.0002 -0.0027 0.0312 0.8146 0.7810
1494720000.0000 2250.0000 0.1277 0.2161 -0.0354 0.3101 210.5858 0.0176 0.0491 0.0129 -0.0117 0.0001 -0.0092 0.0398 0.6424 0.5940
1494720000.0000 2550.0000 0.0025 0.5981 -0.0662 0.6215 180.2388 0.0289 0.0226 0.0125 -0.0008 -0.0033 -0.0063 0.0320 0.2427 0.2190
1494720000.0000 2850.0000 0.0922 0.7870 -0.1506 0.8235 186.6802 0.0441 0.0978 0.0259 -0.0056 -0.0011 -0.0339 0.0839 0.2931 0.2744
1494720000.0000 3150.0000 0.1477 0.9974 -0.2134 1.0292 188.4245 0.0421 0.0672 0.0245 0.0066 -0.0047 -0.0266 0.0669 0.2049 0.1893
1494720000.0000 3450.0000 0.1855 0.9021 -0.1709 0.9425 191.6176 0.0395 0.0591 0.0242 0.0050 -0.0047 -0.0213 0.0614 0.2161 0.1969
1494720000.0000 3750.0000 0.1953 0.8575 -0.1716 0.8968 192.8316 0.0290 0.0643 0.0205 -0.0020 0.0001 -0.0205 0.0569 0.2173 0.2005
1494720000.0000 4050.0000 0.0381 0.8091 -0.1309 0.8376 182.6942 0.0497 0.0440 0.0199 0.0093 -0.0092 -0.0155 0.0568 0.2371 0.2182
1494720000.0000 4350.0000 0.1301 0.7329 -0.1508 0.7734 190.0695 0.0408 0.0709 0.0243 0.0014 -0.0041 -0.0267 0.0680 0.2803 0.2592
1494720000.0000 4650.0000 0.1064 0.5530 -0.1186 0.5916 190.8941 0.0360 0.0553 0.0191 0.0098 -0.0031 -0.0175 0.0552 0.3333 0.3098
1494720000.0000 4950.0000 0.1022 0.3944 -0.0802 0.4322 194.5231 0.0208 0.0321 0.0108 0.0073 -0.0061 -0.0116 0.0318 0.3509 0.3259
1494720000.0000 5250.0000 0.0023 0.4282 -0.0439 0.4545 180.3041 0.0227 0.0264 0.0102 -0.0012 -0.0012 -0.0082 0.0296 0.3264 0.2987
1494720000.0000 5550.0000 -0.0156 0.2254 0.0008 0.3224 176.0452 0.0209 0.0945 0.0113 0.0068 -0.0002 -0.0187 0.0633 0.9093 0.8679
1494720000.0000 5850.0000 -0.1918 -0.0384 0.0483 0.2946 78.6692 0.0268 0.0531 0.0077 -0.0153 -0.0041 -0.0024 0.0438 0.8481 0.8341
1494720000.0000 6150.0000 -0.2111 0.1971 0.0444 0.4180 133.0243 0.1655 0.0234 0.0239 0.0005 -0.0424 -0.0066 0.1064 0.9115 0.8690
1494720000.0000 6450.0000 -0.1999 0.3131 0.0005 0.4425 147.4508 0.0815 0.0371 0.0114 0.0041 -0.0114 -0.0075 0.0650 0.5603 0.5353
1494720000.0000 6750.0000 0.1013 0.2380 -0.0293 0.5060 203.0492 0.0802 0.1340 0.0210 -0.0230 -0.0180 -0.0308 0.1176 1.0756 1.0330
1494720000.0000 7050.0000 -0.1166 -0.0104 0.0838 0.3380 84.8852 0.0479 0.0840 0.0216 -0.0018 -0.0062 0.0032 0.0767 1.5705 1.7906
1494720000.0000 7350.0000 0.0740 0.2055 -0.0517 0.4295 199.8037 0.1065 0.0495 0.0128 0.0481 -0.0271 -0.0149 0.0844 1.0570 1.0440
1494720000.0000 7650.0000 -0.3934 0.3193 0.0437 0.5957 129.0705 0.0939 0.0638 0.0191 0.0240 -0.0128 -0.0140 0.0884 0.4774 0.4526
1494720000.0000 7950.0000 -0.4403 0.1301 0.0864 0.5008 106.4604 0.0863 0.0333 0.0158 0.0025 -0.0097 -0.0064 0.0677 0.4548 0.4350
1494720000.0000 8250.0000 -0.2453 0.2667 -0.0099 0.4491 137.4000 0.0871 0.0252 0.0161 -0.0001 -0.0049 -0.0055 0.0642 0.5708 0.5340
1494720000.0000 8550.0000 -0.1227 0.1821 -0.0316 0.3168 146.0239 0.0503 0.0397 0.0085 0.0015 0.0008 -0.0043 0.0493 0.8167 0.7885
1494720000.0000 8850.0000 0.0703 0.3843 -0.0767 0.4662 190.3720 0.0380 0.1016 0.0158 0.0254 -0.0124 -0.0294 0.0777 0.5715 0.5521
1494720000.0000 9150.0000 0.1039 0.5346 -0.1063 0.5719 190.9989 0.0326 0.0278 0.0097 0.0075 -0.0065 -0.0085 0.0350 0.2754 0.2604
1494720000.0000 9450.0000 0.0330 0.3571 -0.0780 0.4892 185.2734 0.0720 0.0676 0.0135 0.0546 -0.0210 -0.0194 0.0765 0.6152 0.6013
1494720000.0000 9750.0000 -0.1472 0.0310 0.0375 0.3758 101.8980 0.0485 0.1248 0.0176 -0.0253 -0.0025 -0.0184 0.0954 1.6271 1.5978
1494720000.0000 10050.0000 -0.3121 0.1699 0.0490 0.4468 118.5587 0.0705 0.0703 0.0225 0.0009 -0.0036 -0.0190 0.0817 0.6504 0.6097
1494720000.0000 10350.0000 -0.2403 0.6796 -0.0697 0.7481 160.5274 0.0411 0.0614 0.0199 -0.0073 0.0053 -0.0161 0.0612 0.2789 0.2565
1494720000.0000 10650.0000 0.1746 0.5698 -0.1374 0.6593 197.0334 0.0739 0.0305 0.0107 0.0050 -0.0000 -0.0063 0.0575 0.3202 0.3130
1494720000.0000 10950.0000 -0.1350 0.4311 -0.0546 0.4887 162.6086 0.0379 0.0524 0.0095 -0.0031 0.0005 -0.0079 0.0499 0.4008 0.3841
1494720000.0000 11250.0000 0.0820 0.5088 -0.0944 0.5301 189.1500 0.0150 0.0136 0.0047 -0.0035 -0.0002 -0.0029 0.0167 0.2012 0.1897
1494720000.0000 11550.0000 -0.1422 0.3975 -0.0077 0.4673 160.3204 0.0298 0.0284 0.0089 0.0081 -0.0074 -0.0080 0.0335 0.3541 0.3299
1494720000.0000 11850.0000 -0.3181 0.2940 0.0231 0.4808 132.7431 0.0349 0.0344 0.0089 0.0115 0.0057 -0.0013 0.0391 0.3722 0.3508
1494720000.0000 12150.0000 -0.1848 0.2444 -0.0194 0.3822 142.9086 0.0476 0.0284 0.0170 0.0109 -0.0007 -0.0049 0.0465 0.5734 0.5195
1494720000.0000 12450.0000 -0.2241 0.3120 0.0035 0.5122 144.3139 0.0609 0.1132 0.0217 0.0516 -0.0109 -0.0215 0.0979 0.6649 0.6271
1494720000.0000 12750.0000 -0.5761 0.0688 0.1136 0.6279 96.8090 0.0832 0.0520 0.0175 -0.0038 -0.0042 -0.0079 0.0763 0.3816 0.3659
1494720000.0000 13050.0000 -0.1263 -0.0346 0.0296 0.2133 74.6842 0.0130 0.0342 0.0033 -0.0009 -0.0007 -0.0059 0.0252 0.9658 0.9575
1494720000.0000 13350.0000 -0.0721 0.0733 -0.0055 0.1680 135.4632 0.0203 0.0171 0.0085 -0.0095 0.0053 -0.0052 0.0229 1.2013 1.0861
1494720000.0000 13650.0000 0.0120 -0.0379 0.0406 0.0903 342.4786 0.0050 0.0038 0.0021 -0.0000 0.0011 0.0001 0.0054 1.0563 1.3578
1494720000.0000 13950.0000 -0.1377 0.0127 0.0420 0.1690 95.2540 0.0079 0.0154 0.0017 -0.0036 -0.0011 -0.0014 0.0125 0.6311 0.6368
1494720000.0000 14250.0000 -0.2567 0.1828 0.0341 0.3329 125.4501 0.0338 0.0082 0.0022 -0.0080 -0.0020 -0.0011 0.0221 0.3829 0.3753
1494720000.0000 14550.0000 -0.2213 0.2590 -0.0023 0.3805 139.4851 0.0327 0.0154 0.0081 -0.0025 -0.0021 -0.0028 0.0281 0.4020 0.3718
1494720000.0000 14850.0000 0.1148 0.3690 -0.0652 0.3952 197.2815 0.0076 0.0281 0.0034 0.0075 -0.0018 -0.0058 0.0196 0.2913 0.2823
1494720000.0000 15150.0000 -0.0459 0.5053 -0.0845 0.5539 174.8040 0.0474 0.0169 0.0054 0.0054 0.0024 -0.0018 0.0348 0.2963 0.2884
1494720000.0000 15450.0000 -0.3480 0.3222 0.0476 0.5448 132.7986 0.0658 0.0376 0.0158 0.0170 -0.0102 -0.0112 0.0596 0.4183 0.3916
1494720000.0000 15750.0000 0.0083 0.0581 0.0201 0.2027 188.1658 0.0174 0.0388 0.0087 0.0128 -0.0060 -0.0123 0.0324 2.3699 2.3311
1494720000.0000 16050.0000 -0.2636 0.3662 0.0101 0.5060 144.2542 0.0271 0.0500 0.0149 0.0143 -0.0072 -0.0186 0.0460 0.3880 0.3552
1494720000.0000 16350.0000 -0.2735 -0.0891 0.1045 0.4403 71.9621 0.0978 0.0856 0.0199 0.0633 -0.0224 -0.0218 0.1017 0.8506 0.8595
1494720000.0000 16650.0000 -0.5298 0.3277 0.0657 0.6953 121.7419 0.1159 0.0363 0.0105 0.0067 -0.0231 -0.0054 0.0813 0.3717 0.3616
1494720000.0000 16950.0000 -0.4409 0.3627 -0.0038 0.6584 129.4426 0.0948 0.0748 0.0192 0.0356 -0.0117 -0.0126 0.0944 0.4394 0.4165
1494720000.0000 17250.0000 -0.2988 0.2027 0.0244 0.4400 124.1451 0.1045 0.0401 0.0136 -0.0058 -0.0052 -0.0058 0.0791 0.6346 0.6081
1494720000.0000 17550.0000 -0.5574 0.3203 0.0685 0.6944 119.8787 0.1324 0.0398 0.0195 -0.0063 0.0073 -0.0075 0.0958 0.3910 0.3727
1494720000.0000 17850.0000 -0.4844 0.4364 0.0497 0.6876 132.0175 0.0572 0.0412 0.0287 -0.0019 0.0110 -0.0052 0.0636 0.3149 0.2778
1494720000.0000 18150.0000 -0.1183 0.2438 -0.0029 0.3468 154.1113 0.0297 0.0542 0.0144 -0.0010 0.0007 -0.0154 0.0491 0.6679 0.6172
1494720000.0000 18450.0000 -0.2137 0.2570 -0.0441 0.4290 140.2493 0.0906 0.0600 0.0288 0.0006 0.0088 -0.0159 0.0897 0.7255 0.6706
1494720000.0000 18750.0000 -0.2206 0.3662 0.0444 0.5178 148.9384 0.1106 0.0342 0.0231 0.0100 -0.0170 -0.0085 0.0839 0.5504 0.5139
1494720000.0000 19050.0000 0.0048 0.2090 -0.0536 0.3282 181.3200 0.0562 0.0487 0.0231 0.0186 -0.0163 -0.0139 0.0640 0.9570 0.8945
1494720000.0000 19350.0000 -0.3037 0.0689 0.0862 0.4130 102.7811 0.0467 0.0527 0.0214 0.0199 -0.0100 -0.0215 0.0604 0.6210 0.5845
1494720000.0000 19650.0000 -0.0702 0.1724 -0.0215 0.2816 157.8424 0.0274 0.0378 0.0114 0.0030 -0.0066 -0.0087 0.0383 0.8527 0.7922
1494720000.0000 19950.0000 -0.2480 -0.1101 0.1171 0.2909 66.0713 0.0088 0.0102 0.0051 -0.0005 0.0006 0.0001 0.0121 0.3034 0.2932
1494720000.0000 20250.0000 -0.1616 -0.0972 0.0176 0.2440 58.9790 0.0206 0.0211 0.0074 0.0103 -0.0049 -0.0028 0.0246 0.6756 0.6252
1494720000.0000 20550.0000 -0.0699 0.0023 0.0535 0.2421 91.9231 0.0292 0.0412 0.0106 0.0112 -0.0044 -0.0102 0.0405 1.8655 2.1885
1494720000.0000 20850.0000 -0.7007 0.0958 0.1074 0.7561 97.7868 0.0990 0.0724 0.0379 -0.0030 0.0143 -0.0238 0.1046 0.3692 0.3379
1494720000.0000 21150.0000 -0.4650 -0.1206 0.1065 0.5243 75.4605 0.0716 0.0460 0.0224 0.0120 0.0042 -0.0065 0.0700 0.4390 0.4121
1494720000.0000 21450.0000 -0.6609 0.1116 0.1477 0.7078 99.5865 0.2261 0.0419 0.0206 -0.0221 0.0037 -0.0081 0.1443 0.4519 0.4459
1494720000.0000 21750.0000 -0.7052 -0.0077 0.1911 0.7804 89.3726 0.1318 0.1077 0.0488 -0.0149 0.0271 -0.0217 0.1442 0.4243 0.4006
1494720000.0000 22050.0000 -0.8383 0.0483 0.1767 0.8904 93.2995 0.0776 0.0782 0.0449 0.0206 -0.0036 -0.0306 0.1004 0.3015 0.2714
1494720000.0000 22350.0000 -0.8097 0.1019 0.0867 0.8730 97.1710 0.1395 0.0857 0.0386 0.0104 -0.0001 -0.0152 0.1319 0.3614 0.3357
1494720000.0000 22650.0000 -0.5185 0.1772 0.1084 0.5929 108.8668 0.0712 0.0425 0.0326 -0.0034 0.0011 -0.0061 0.0732 0.3954 0.3554
1494720000.0000 22950.0000 -0.3337 0.3012 0.0335 0.5640 132.0769 0.0747 0.0981 0.0444 0.0286 0.0020 -0.0287 0.1086 0.5970 0.5340
1494720000.0000 23250.0000 -0.4467 0.1968 0.1171 0.6409 113.7806 0.0864 0.1561 0.0542 0.0468 -0.0217 -0.0446 0.1484 0.6265 0.5825
1494720000.0000 23550.0000 -0.5016 0.1687 0.1229 0.7001 108.5915 0.2165 0.0959 0.0456 0.0331 -0.0135 -0.0212 0.1790 0.6358 0.6098
1494720000.0000 23850.0000 -0.5813 0.3349 0.1058 0.7422 119.9450 0.1112 0.1018 0.0649 -0.0025 -0.0022 -0.0484 0.1389 0.4481 0.3972
1494720000.0000 24150.0000 -0.7149 0.2835 0.0915 0.9243 111.6325 0.1843 0.2067 0.0918 0.0664 0.0070 -0.0777 0.2414 0.5180 0.4695
1494720000.0000 24450.0000 -0.6714 0.3022 0.1288 0.8392 114.2294 0.1442 0.1564 0.0716 0.0014 0.0143 -0.0586 0.1861 0.4712 0.4299
1494720000.0000 24750.0000 -0.8168 0.3677 0.1491 1.0252 114.2373 0.2656 0.2006 0.0944 0.0695 -0.0579 -0.0764 0.2803 0.4760 0.4400
1494720000.0000 25050.0000 -0.6282 0.2006 0.0829 0.7985 107.7085 0.1923 0.1559 0.0819 0.0079 -0.0281 -0.0293 0.2151 0.5697 0.5166
1494720000.0000 25350.0000 -1.2921 0.2088 0.2034 1.3831 99.1793 0.2616 0.1839 0.0842 -0.0137 0.0442 -0.0335 0.2649 0.3172 0.2944
1494720000.0000 25650.0000 -1.0007 -0.0530 0.2382 1.2179 86.9682 0.2169 0.4570 0.1044 0.1749 -0.0374 -0.1129 0.3891 0.4945 0.4730
1494720000.0000 25950.0000 -1.2094 -0.0408 0.2548 1.3309 88.0684 0.2319 0.3100 0.0718 0.0696 0.0134 -0.0395 0.3069 0.3658 0.3513
1494720000.0000 26250.0000 -0.4728 0.4312 0.0312 0.7863 132.3657 0.2044 0.1361 0.0696 0.0530 0.0094 -0.0341 0.2050 0.5770 0.5264
1494720000.0000 26550.0000 -0.7730 0.2835 0.1513 1.0096 110.1379 0.3161 0.1884 0.0835 0.0390 0.0171 -0.0254 0.2940 0.5289 0.4981
1494720000.0000 26850.0000 -0.8157 0.0336 0.1719 0.9160 92.3556 0.1478 0.1637 0.0882 0.0156 0.0026 -0.0501 0.1999 0.4375 0.3947
1494720000.0000 27150.0000 -0.7377 -0.2086 0.2599 0.8182 74.2087 0.1400 0.0915 0.0416 0.0453 -0.0003 -0.0110 0.1365 0.3727 0.3623
1494720000.0000 27450.0000 -0.7323 -0.1476 0.1417 0.8120 78.6072 0.0804 0.1020 0.0382 0.0070 0.0072 -0.0243 0.1103 0.3567 0.3301
1494720000.0000 27750.0000 -0.8871 -0.3696 0.2375 1.0121 67.3830 0.1230 0.0977 0.0522 0.0059 0.0078 -0.0209 0.1364 0.3047 0.2822
1494720000.0000 28050.0000 -1.1188 -0.4092 0.2917 1.2356 69.9089 0.1548 0.1215 0.0912 0.0331 0.0121 -0.0232 0.1837 0.2853 0.2547
1494720000.0000 28350.0000 -0.8237 0.0332 0.2312 0.9202 92.3080 0.1365 0.1798 0.0576 -0.0219 0.0151 -0.0245 0.1870 0.4124 0.3939
1494720000.0000 28650.0000 -1.1513 -0.2091 0.2732 1.2643 79.7079 0.1850 0.2321 0.1104 -0.0260 0.0406 -0.0559 0.2638 0.3490 0.3187
1494720000.0000 28950.0000 -1.1983 -0.6600 0.2880 1.4133 61.1547 0.1202 0.1457 0.0614 0.0312 -0.0013 -0.0275 0.1637 0.2363 0.2176
1494720000.0000 29250.0000 -0.8968 -0.5092 0.3106 1.0889 60.4099 0.1290 0.1016 0.0453 -0.0055 -0.0005 -0.0039 0.1379 0.2815 0.2688
1494720000.0000 29550.0000 -1.0963 -0.6140 0.3583 1.3241 60.7488 0.1941 0.1304 0.0532 -0.0149 -0.0050 0.0068 0.1889 0.2716 0.2618
1494720000.0000 29850.0000 -0.8440 -0.3199 0.2361 0.9997 69.2422 0.2421 0.1448 0.0620 -0.0462 0.0308 -0.0181 0.2244 0.4146 0.3979
1494720000.0000 30150.0000 -0.6215 -0.4170 0.2429 0.8547 56.1402 0.1981 0.1582 0.0438 0.0058 0.0070 0.0074 0.2000 0.4641 0.4604
1494720000.0000 30450.0000 -0.8720 -0.4530 0.2260 1.0553 62.5461 0.1483 0.1469 0.0661 0.0146 -0.0027 -0.0237 0.1806 0.3441 0.3192
1494720000.0000 30750.0000 -1.0780 0.0662 0.2190 1.2570 93.5123 0.2575 0.3611 0.0885 0.0633 -0.0130 -0.0674 0.3536 0.4406 0.4205
1494720000.0000 31050.0000 -1.5084 0.1036 0.2640 1.6002 93.9273 0.3348 0.2647 0.1369 -0.0265 0.0476 -0.0701 0.3682 0.3228 0.2957
1494720000.0000 31350.0000 -1.1655 0.1579 0.2453 1.4545 97.7173 0.4343 0.5899 0.1684 0.2852 -0.0779 -0.1894 0.5963 0.5248 0.4968
1494720000.0000 31650.0000 -0.9642 0.0173 0.2326 1.1121 91.0307 0.1995 0.3141 0.1016 0.0655 -0.0110 -0.0697 0.3075 0.4564 0.4290
1494720000.0000 31950.0000 -0.5873 -0.1134 0.1820 0.9488 79.0734 0.1933 0.4705 0.0819 0.1941 -0.0420 -0.1081 0.3729 0.7975 0.7864
1494720000.0000 32250.0000 -0.6390 -0.7357 0.2252 1.0080 40.9754 0.1267 0.0972 0.0504 0.0523 -0.0117 -0.0108 0.1371 0.3023 0.2803
1494720000.0000 32550.0000 -0.6617 -0.5882 0.2152 0.9494 48.3661 0.2863 0.0846 0.0667 0.0963 -0.0746 -0.0202 0.2188 0.4192 0.3972
1494720000.0000 32850.0000 -0.1348 -0.3277 0.1796 0.4444 22.3612 0.0603 0.1437 0.0238 0.0284 -0.0151 -0.0062 0.1139 0.6936 0.7358
1494720000.0000 33150.0000 0.1658 -0.4605 0.0714 0.6393 340.1959 0.1347 0.1345 0.0720 -0.0009 -0.0385 0.0275 0.1706 0.6818 0.6120
1494720000.0000 33450.0000 0.0725 -0.5131 0.1700 0.6237 351.9592 0.1162 0.1275 0.0557 -0.0032 -0.0378 0.0034 0.1497 0.5792 0.5500
1494720000.0000 33750.0000 -0.3219 -0.7154 0.2146 0.8610 24.2257 0.1323 0.1282 0.0551 0.0303 -0.0227 0.0147 0.1578 0.3988 0.3756
1494720000.0000 34050.0000 -0.3087 -0.7348 0.2708 0.8654 22.7873 0.1422 0.1929 0.0532 0.0758 -0.0365 0.0025 0.1942 0.4274 0.4194
1494720000.0000 34350.0000 -0.3714 -0.7614 0.2563 0.9118 25.9999 0.1555 0.1190 0.0508 0.0542 -0.0319 -0.0005 0.1626 0.3720 0.3570
1494720000.0000 34650.0000 -1.1468 -0.6366 0.3144 1.3688 60.9648 0.1358 0.1802 0.0788 0.0230 -0.0102 -0.0264 0.1974 0.2689 0.2474
1494720000.0000 34950.0000 -0.8267 -0.5220 0.3281 1.0475 57.7304 0.1627 0.1472 0.0523 0.0224 -0.0004 -0.0098 0.1811 0.3369 0.3287
1494720000.0000 35250.0000 -1.2064 -0.6764 0.3631 1.4317 60.7210 0.1843 0.1442 0.0560 0.0250 0.0119 -0.0029 0.1922 0.2503 0.2392
1494720000.0000 35550.0000 -1.0724 -0.8722 0.3675 1.4228 50.8802 0.1568 0.1030 0.0426 0.0194 0.0099 0.0035 0.1512 0.2220 0.2129
1494720000.0000 35850.0000 -0.8600 -0.6904 0.2805 1.1783 51.2439 0.1039 0.2762 0.0601 0.0185 -0.0127 -0.0269 0.2201 0.3366 0.3228
1494720000.0000 36150.0000 -0.9503 -0.3521 0.2301 1.1478 69.6714 0.2487 0.2704 0.0768 0.0080 -0.0073 -0.0438 0.2980 0.4289 0.4105
1494720000.0000 36450.0000 -1.3894 0.2189 0.1937 1.5522 98.9536 0.2344 0.4512 0.1153 0.0036 -0.0104 -0.0548 0.4005 0.3639 0.3399
1494720000.0000 36750.0000 -1.5738 -0.5671 0.4490 1.8168 70.1839 0.4251 0.4921 0.1932 0.1272 -0.0411 -0.0953 0.5552 0.3512 0.3305
1494720000.0000 37050.0000 -1.9797 -1.0571 0.5077 2.3111 61.8986 0.4611 0.3399 0.1665 0.0905 -0.0383 -0.0456 0.4837 0.2468 0.2302
1494720000.0000 37350.0000 -1.5832 -0.8386 0.4898 1.9600 62.0897 0.5796 0.4372 0.1521 -0.0883 0.0376 -0.0278 0.5845 0.3361 0.3250
1494720000.0000 37650.0000 -0.8772 -0.8980 0.3160 1.3788 44.3282 0.3289 0.2749 0.0956 -0.0300 -0.0168 0.0117 0.3497 0.3730 0.3574
1494720000.0000 37950.0000 -0.2877 -0.7433 0.2416 0.9060 21.1560 0.1921 0.1799 0.0866 0.0120 -0.0300 0.0076 0.2293 0.4694 0.4418
1494720000.0000 38250.0000 0.4019 -0.4102 -0.0669 0.7333 315.5849 0.1634 0.1960 0.0860 -0.0070 -0.0555 -0.0151 0.2227 0.6664 0.6027
1494720000.0000 38550.0000 0.2336 0.0127 -0.0312 0.3938 266.8763 0.1197 0.0703 0.0706 0.0294 -0.0481 -0.0386 0.1303 1.2487 1.0756
1494720000.0000 38850.0000 -0.4657 0.0816 0.1550 0.5834 99.9380 0.1417 0.0740 0.0539 -0.0015 -0.0108 -0.0135 0.1348 0.6024 0.5671
1494720000.0000 39150.0000 -1.1957 -0.0549 0.2345 1.3118 87.3714 0.5162 0.2130 0.0958 -0.0183 -0.0062 -0.0373 0.4125 0.4299 0.4119
1494720000.0000 39450.0000 -1.0996 -0.5385 0.2822 1.3194 63.9077 0.4644 0.2338 0.1353 0.0963 -0.0424 -0.0431 0.4168 0.4195 0.3940
1494720000.0000 39750.0000 -0.6358 0.1427 0.1262 0.9070 102.6491 0.3172 0.4170 0.1186 -0.0874 -0.0671 -0.0498 0.4264 0.8033 0.7592
1494720000.0000 40050.0000 -0.7303 -0.2703 0.1848 1.0640 69.6865 0.3130 0.4269 0.1074 -0.1006 0.0301 -0.0286 0.4237 0.6641 0.6378
1494720000.0000 40350.0000 -1.1468 -0.0086 0.2710 1.3179 89.5695 0.5037 0.3776 0.1249 -0.0004 -0.0498 -0.0674 0.5031 0.4915 0.4726
1494720000.0000 40650.0000 -1.1301 -0.1868 0.3556 1.4633 80.6157 0.9834 0.3928 0.1503 0.0929 -0.0602 -0.0640 0.7633 0.5948 0.5913
1494720000.0000 40950.0000 -1.1550 0.0699 0.2063 1.3119 93.4631 0.6717 0.3624 0.1787 0.0911 -0.0737 -0.1027 0.6064 0.5410 0.5074
1494720000.0000 41250.0000 -0.9199 0.2087 0.1348 1.1542 102.7797 0.7459 0.1659 0.1336 -0.0101 -0.1387 -0.0595 0.5227 0.6195 0.5845
1494720000.0000 41550.0000 0.2084 -0.3045 -0.0456 0.4829 325.6095 0.0536 0.0957 0.0431 0.0258 -0.0079 -0.0125 0.0962 0.6812 0.6046
1494720000.0000 41850.0000 0.3567 -0.0483 -0.0161 0.4847 277.7150 0.1029 0.0773 0.0584 0.0124 -0.0380 -0.0219 0.1193 0.7826 0.6809
1494720000.0000 42150.0000 0.0183 -0.6004 -0.0095 0.8803 358.2525 0.3255 0.3401 0.1308 0.2037 -0.0941 -0.0832 0.3982 0.8576 0.7841
1494720000.0000 42450.0000 -0.8621 -0.6893 0.2977 1.2410 51.3565 0.2216 0.3943 0.0824 0.0568 -0.0190 0.0106 0.3491 0.4220 0.4105
1494720000.0000 42750.0000 -0.3287 -0.6229 0.2793 0.8528 27.8219 0.2552 0.1811 0.0564 0.0011 -0.0088 -0.0044 0.2464 0.5350 0.5415
1494720000.0000 43050.0000 -0.8043 -0.7979 0.3783 1.2828 45.2299 0.4667 0.1902 0.0917 0.0319 -0.0930 0.0148 0.3743 0.4182 0.4130
1494720000.0000 43350.0000 0.1055 -1.0205 0.1743 1.1324 354.0975 0.2381 0.2043 0.0774 0.0788 -0.0602 -0.0204 0.2599 0.4000 0.3743
1494720000.0000 43650.0000 -0.3930 -0.5077 0.0923 0.8143 37.7409 0.1673 0.2395 0.0858 0.0509 -0.0749 -0.0178 0.2463 0.6247 0.5735
1494720000.0000 43950.0000 -0.1665 -0.2522 0.0262 0.7130 33.4275 0.3609 0.2076 0.1005 0.1959 -0.1174 -0.0730 0.3345 1.5570 1.4407
1494720000.0000 44250.0000 -1.1718 -0.7931 0.3884 1.6981 55.9077 0.4479 0.8684 0.1308 -0.1032 -0.0758 -0.0131 0.7236 0.4733 0.4681
1494720000.0000 44550.0000 -1.3718 0.2965 0.1750 1.5758 102.1977 0.4907 0.5697 0.1574 -0.0462 0.0349 -0.1489 0.6089 0.4505 0.4236
1494720000.0000 44850.0000 -1.2860 -0.3385 0.3554 1.4971 75.2514 0.5343 0.4385 0.1529 0.0152 -0.0819 -0.0397 0.5628 0.4450 0.4282
1494720000.0000 45150.0000 -0.6302 -0.5388 0.1943 0.9885 49.4716 0.2443 0.3236 0.1168 0.0953 -0.0128 -0.0073 0.3424 0.5610 0.5248
1494720000.0000 45450.0000 -0.7793 -0.2031 0.2337 1.2648 75.3930 0.9785 0.6840 0.1451 -0.3497 -0.0968 -0.0362 0.9038 0.9256 0.9243
1494720000.0000 45750.0000 -1.0367 -0.1947 0.2968 1.2936 79.3645 0.5588 0.4367 0.1899 -0.1132 -0.0806 -0.0750 0.5927 0.5736 0.5461
1494720000.0000 46050.0000 -0.5924 0.3654 -0.0498 0.8873 121.6655 0.3914 0.2519 0.1273 -0.0288 0.0251 -0.0777 0.3853 0.7263 0.6653
1494720000.0000 46350.0000 -1.3185 0.2061 0.2080 1.4491 98.8857 0.5860 0.3171 0.1364 -0.1212 0.0057 -0.0642 0.5198 0.4358 0.4111
1494720000.0000 46650.0000 -0.3362 -0.1569 0.2003 0.7328 64.9742 0.2719 0.3146 0.0743 0.0484 -0.0115 -0.0223 0.3304 1.1132 1.1918
1494720000.0000 46950.0000 -1.1974 -0.1525 0.2886 1.3923 82.7427 0.6472 0.3538 0.1730 0.0296 -0.1006 -0.0791 0.5870 0.5040 0.4785
1494720000.0000 47250.0000 -1.1852 0.6639 0.1364 1.4884 119.2572 0.5539 0.3445 0.1758 -0.0469 0.0050 -0.0796 0.5371 0.4383 0.4028
1494720000.0000 47550.0000 -1.2307 0.8818 0.0896 1.6680 125.6208 0.4532 0.4493 0.2197 -0.0059 -0.0199 -0.1609 0.5611 0.4033 0.3623
1494720000.0000 47850.0000 -0.8089 0.2358 0.1815 1.0896 106.2505 0.4806 0.3100 0.1457 0.1765 -0.0865 -0.0743 0.4682 0.6482 0.6093
1494720000.0000 48150.0000 -0.6323 -0.8836 0.2741 1.4244 35.5882 0.3311 0.9565 0.1613 0.0275 -0.0373 -0.1742 0.7244 0.6202 0.6029
1494720000.0000 48450.0000 -0.3267 0.0872 0.0756 0.9058 104.9395 0.2806 0.8313 0.1622 0.1707 -0.0984 -0.2102 0.6371 1.8812 1.8007
1494720000.0000 48750.0000 0.7341 0.3060 -0.3190 1.2705 247.3678 0.3849 1.1370 0.1707 -0.0491 -0.0872 -0.2308 0.8463 0.8766 0.8956
1494720000.0000 49050.0000 0.0930 -0.2733 0.0155 0.8110 341.2063 0.4717 0.3417 0.1653 0.1146 -0.1830 -0.1067 0.4893 1.9753 1.8034
1494720000.0000 49350.0000 0.2517 -0.4348 0.0496 0.8356 329.9404 0.2765 0.3735 0.1193 0.0011 -0.0759 -0.0427 0.3846 1.0030 0.9265
1494720000.0000 49650.0000 -1.6243 0.0338 0.3462 2.1716 91.1910 2.0462 0.8745 0.2974 -0.0421 -0.3955 -0.1145 1.6090 0.6235 0.6073
1494720000.0000 49950.0000 -0.2802 0.2820 0.0576 0.8367 135.1754 0.4103 0.2715 0.1136 0.0848 -0.0680 -0.0842 0.3977 1.2820 1.1993
1494720000.0000 50250.0000 -0.9715 -0.0203 0.2135 1.0934 88.8041 0.3935 0.2136 0.1440 0.0675 -0.0406 -0.0546 0.3756 0.5030 0.4630
1494720000.0000 50550.0000 -1.2006 -0.1015 0.3723 1.4254 85.1695 0.4535 0.5960 0.1477 0.1447 -0.0595 -0.1364 0.5986 0.5009 0.4909
1494720000.0000 50850.0000 -0.7572 0.2579 0.0971 1.5544 108.8074 1.1438 1.2526 0.2791 0.0458 -0.2750 -0.1992 1.3378 1.1719 1.1173
1494720000.0000 51150.0000 -0.2508 0.5197 -0.0252 0.7713 154.2397 0.2104 0.1860 0.0855 0.0790 -0.0533 -0.0637 0.2409 0.6939 0.6299
1494720000.0000 51450.0000 -0.3359 0.3748 0.0945 0.7135 138.1346 0.1823 0.1933 0.0796 0.0518 -0.0145 -0.0727 0.2276 0.7606 0.7030
1494720000.0000 51750.0000 -0.7042 0.4544 0.1091 1.0798 122.8322 0.3579 0.2255 0.1240 0.1060 -0.0766 -0.0952 0.3537 0.5746 0.5262
1494720000.0000 52050.0000 -1.1252 -0.2320 0.3206 1.3015 78.3490 0.4092 0.3836 0.1413 0.1399 -0.0259 -0.0970 0.4670 0.4678 0.4475
1494720000.0000 52350.0000 -1.1719 -0.5838 0.3549 1.3936 63.5206 0.3076 0.3398 0.1050 0.1305 -0.0360 -0.0806 0.3762 0.3692 0.3548
1494720000.0000 52650.0000 -0.8445 0.3298 0.0645 1.1314 111.3303 0.5399 0.3130 0.1155 0.0531 -0.0264 -0.0732 0.4842 0.6251 0.5882
1494720000.0000 52950.0000 -1.0572 0.6727 -0.0250 1.4715 122.4694 0.7850 0.3428 0.1826 0.1757 -0.1771 -0.1336 0.6552 0.5273 0.4893
1494720000.0000 53250.0000 -1.1426 0.1549 0.2813 1.2832 97.7195 0.2916 0.3209 0.1370 -0.0471 0.0064 -0.0575 0.3747 0.4211 0.3919
1494720000.0000 53550.0000 -0.6440 -0.3601 0.2204 0.8853 60.7850 0.3622 0.2141 0.0570 0.0384 -0.0300 -0.0001 0.3166 0.5967 0.5940
1494720000.0000 53850.0000 0.4128 -0.3520 -0.0736 0.6155 310.4561 0.1089 0.0688 0.0386 -0.0264 -0.0336 0.0101 0.1081 0.4904 0.4486
1494720000.0000 54150.0000 -0.1585 0.1769 0.0247 0.5945 138.1388 0.2118 0.1648 0.0525 0.0197 -0.0436 -0.0469 0.2145 1.5840 1.4920
1494720000.0000 54450.0000 -1.0457 -0.3415 0.3503 1.2085 71.9154 0.4694 0.2777 0.1303 0.1531 -0.0638 -0.1061 0.4387 0.4685 0.4537
1494720000.0000 54750.0000 -1.3938 -0.2823 0.4168 1.5124 78.5517 0.3033 0.2990 0.0889 0.1191 -0.0552 -0.0536 0.3456 0.3239 0.3151
1494720000.0000 55050.0000 -1.5360 -1.0890 0.5974 1.9708 54.6622 0.4068 0.3778 0.0899 0.0701 -0.0023 -0.0199 0.4372 0.2733 0.2716
1494720000.0000 55350.0000 -0.6072 -0.8174 0.3151 1.1260 36.6052 0.3211 0.2347 0.0822 0.1070 -0.0319 -0.0243 0.3190 0.4326 0.4227
1494720000.0000 55650.0000 -1.0151 -0.5593 0.3656 1.2326 61.1467 0.1487 0.1707 0.0616 -0.0130 -0.0088 -0.0129 0.1905 0.2933 0.2815
1494720000.0000 55950.0000 -1.3874 -0.6730 0.3770 1.6385 64.1223 0.1868 0.3918 0.1206 0.1116 -0.0234 -0.0474 0.3496 0.3041 0.2848
1494720000.0000 56250.0000 -0.8926 -0.9387 0.3269 1.4539 43.5579 0.3043 0.3338 0.1034 -0.0966 0.0176 -0.0289 0.3707 0.3721 0.3560
1494720000.0000 56550.0000 -0.2964 -1.0405 0.2963 1.2274 15.9006 0.3452 0.2343 0.1553 0.0052 -0.1158 -0.0022 0.3674 0.4412 0.4063
1494720000.0000 56850.0000 -0.2334 -0.8498 0.2047 1.0976 15.3577 0.3870 0.4592 0.1270 0.0064 -0.0831 0.0059 0.4866 0.6295 0.6027
1494720000.0000 57150.0000 -0.1548 -1.2077 0.2426 1.3294 7.3020 0.2819 0.2589 0.0948 0.1036 -0.0721 -0.0005 0.3178 0.3708 0.3487
1494720000.0000 57450.0000 -0.1834 -1.0020 0.2748 1.1086 10.3735 0.2133 0.1716 0.0831 0.0219 -0.0416 0.0177 0.2340 0.3744 0.3517
1494720000.0000 57750.0000 0.2511 -0.9910 0.0947 1.2627 345.7815 0.3916 0.4720 0.1866 -0.0360 -0.1517 -0.0008 0.5251 0.5763 0.5248
1494720000.0000 58050.0000 0.0419 -0.9424 0.1298 1.1112 357.4540 0.3202 0.2590 0.1206 -0.0858 -0.0909 0.0384 0.3499 0.5072 0.4658
1494720000.0000 58350.0000 -0.2792 -1.1613 0.3256 1.3767 13.5168 0.4600 0.3116 0.1409 -0.0108 -0.1236 0.0396 0.4562 0.4455 0.4246
1494720000.0000 58650.0000 0.2488 -0.9815 0.0780 1.2239 345.7743 0.4737 0.4075 0.1434 -0.0105 -0.1403 0.0465 0.5123 0.5755 0.5353
1494720000.0000 58950.0000 0.1633 -0.9374 0.1049 1.1636 350.1182 0.3584 0.3699 0.1647 -0.0357 -0.1228 0.0288 0.4465 0.5699 0.5178
1494720000.0000 59250.0000 0.0957 -0.8856 0.1316 1.0881 353.8296 0.3289 0.4641 0.1634 -0.1115 -0.0963 0.0108 0.4782 0.6271 0.5772
1494720000.0000 59550.0000 0.2755 -0.2931 0.0078 0.8671 316.7756 0.4200 0.5722 0.1504 0.0325 -0.1588 -0.0354 0.5713 1.5341 1.4298
1494720000.0000 59850.0000 0.5224 -0.3438 -0.0918 1.0166 303.3493 0.4274 0.6691 0.2176 0.0728 -0.2043 -0.1327 0.6570 1.0471 0.9667
1494720000.0000 60150.0000 0.2240 -0.2315 -0.0046 0.6707 315.9437 0.3295 0.2774 0.1174 0.1118 -0.1016 -0.0224 0.3622 1.5251 1.3962
1494720000.0000 60450.0000 0.0696 -1.0997 0.1839 1.5123 356.3799 0.7690 0.7907 0.2769 0.2026 -0.3017 -0.0926 0.9183 0.7004 0.6544
1494720000.0000 60750.0000 0.4356 0.0280 -0.0077 0.6573 266.3268 0.2288 0.1701 0.1141 0.0168 -0.0941 -0.0046 0.2565 0.9472 0.8354
1494720000.0000 61050.0000 0.5411 -0.0969 -0.2081 0.7375 280.1509 0.1982 0.2006 0.0944 -0.0623 -0.0701 0.0114 0.2466 0.6898 0.6632
1494720000.0000 61350.0000 0.0718 -0.4623 0.0573 0.6620 351.1771 0.2209 0.0874 0.0784 0.0489 -0.0864 -0.0135 0.1933 0.7616 0.6851
1494720000.0000 61650.0000 -0.4789 -1.0743 0.3671 1.2467 24.0255 0.2022 0.1923 0.0788 0.0583 -0.0460 0.0069 0.2367 0.3224 0.3083
1494720000.0000 61950.0000 -0.3776 -1.5073 0.3464 1.6369 14.0641 0.2823 0.1865 0.0885 0.0334 -0.0304 0.0228 0.2787 0.2708 0.2544
1494720000.0000 62250.0000 -0.1781 -1.0625 0.2010 1.2432 9.5165 0.4208 0.3042 0.1628 -0.0531 -0.1491 0.0426 0.4439 0.4964 0.4563
1494720000.0000 62550.0000 -0.5673 0.2026 0.0889 0.9961 109.6512 0.5883 0.5416 0.1259 0.2817 -0.1307 -0.1026 0.6279 1.0626 1.0188
1494720000.0000 62850.0000 -0.9942 -0.3885 0.4523 1.2011 68.6579 0.3544 0.1862 0.0647 -0.0036 -0.0231 0.0180 0.3026 0.3875 0.3977
1494720000.0000 63150.0000 -0.5736 0.0332 0.1435 0.7326 93.3090 0.3292 0.1129 0.0373 -0.1053 -0.0359 0.0143 0.2397 0.6750 0.6681
1494720000.0000 63450.0000 -0.8707 -0.3649 0.2863 1.0798 67.2590 0.2887 0.2544 0.0802 0.0560 -0.0388 -0.0031 0.3116 0.4620 0.4507
1494720000.0000 63750.0000 -0.1952 -0.2812 0.1244 0.4664 34.7640 0.0882 0.0615 0.0211 -0.0139 0.0034 0.0074 0.0854 0.6552 0.6526
1494720000.0000 64050.0000 -0.2651 -0.2243 0.1572 0.4897 49.7611 0.0709 0.1390 0.0166 0.0586 -0.0135 -0.0240 0.1133 0.7210 0.7618
1494720000.0000 64350.0000 -0.0532 0.3649 -0.1326 0.5308 171.7072 0.0830 0.1620 0.0225 0.0602 -0.0067 -0.0167 0.1338 0.7621 0.7750
1494720000.0000 64650.0000 -0.3601 0.6289 -0.0247 0.9070 150.2042 0.2106 0.4684 0.0958 0.0369 -0.0385 -0.1476 0.3874 0.7009 0.6565
1494720000.0000 64950.0000 -0.6322 0.2291 0.1048 0.8528 109.9210 0.1846 0.1896 0.0706 0.0986 -0.0341 -0.0473 0.2224 0.5658 0.5252
1494720000.0000 65250.0000 0.9005 0.6726 -0.3614 1.3999 233.2436 0.4001 0.7274 0.0872 -0.1891 -0.0498 -0.1057 0.6073 0.5389 0.5454
1494720000.0000 65550.0000 0.1614 -0.0725 0.0158 0.3890 294.1849 0.1212 0.0944 0.0306 0.0228 -0.0423 -0.0167 0.1231 1.6132 1.5157
1494720000.0000 65850.0000 0.2494 0.2729 -0.0503 0.5627 222.4160 0.1239 0.1204 0.0353 0.0247 -0.0447 -0.0270 0.1398 0.8182 0.7719
1494720000.0000 66150.0000 0.4922 -0.2903 -0.0395 0.7105 300.5272 0.1787 0.2441 0.0783 0.0090 -0.0593 -0.0291 0.2506 0.7135 0.6569
1494720000.0000 66450.0000 -0.0849 -0.1858 0.0644 0.3543 24.5513 0.0669 0.0685 0.0353 -0.0032 -0.0042 0.0143 0.0854 1.1140 1.0401
1494720000.0000 66750.0000 0.1821 -0.0985 0.0206 0.2995 298.4182 0.0416 0.0634 0.0142 -0.0329 -0.0141 0.0160 0.0596 0.9577 0.9033
1494720000.0000 67050.0000 0.2287 -0.0125 -0.0368 0.3242 273.1275 0.0531 0.0456 0.0159 -0.0023 -0.0182 0.0019 0.0573 0.8423 0.7919
1494720000.0000 67350.0000 0.5025 -0.2723 -0.1274 0.6783 298.4494 0.0832 0.2115 0.0458 -0.0439 -0.0347 0.0302 0.1703 0.5754 0.5484
1494720000.0000 67650.0000 0.1089 -0.2493 0.0349 0.5440 336.4055 0.1286 0.1809 0.0439 0.0305 -0.0244 -0.0109 0.1767 1.2513 1.1807
1494720000.0000 67950.0000 0.2150 0.2762 -0.0691 0.5186 217.8972 0.0513 0.1489 0.0238 -0.0083 -0.0119 -0.0137 0.1120 0.7658 0.7379
1494720000.0000 68250.0000 0.3687 0.4663 -0.1654 0.6281 218.3345 0.0239 0.0498 0.0112 -0.0078 -0.0032 -0.0003 0.0424 0.2725 0.2635
1494720000.0000 68550.0000 0.4693 0.4083 -0.2060 0.7078 228.9809 0.0499 0.1157 0.0157 -0.0125 -0.0090 -0.0095 0.0906 0.3751 0.3777
1494720000.0000 68850.0000 0.4755 0.1673 -0.0892 0.6591 250.6171 0.1619 0.0781 0.0426 0.0151 -0.0453 0.0065 0.1413 0.5997 0.5612
1494720000.0000 69150.0000 0.3581 -0.0241 -0.0619 0.3868 273.8532 0.0200 0.0212 0.0052 0.0049 -0.0057 -0.0013 0.0232 0.3415 0.3266
1494720000.0000 69450.0000 0.4165 0.0320 -0.0938 0.4802 265.6082 0.1051 0.0679 0.0183 0.0726 -0.0378 -0.0274 0.0956 0.5898 0.5748
1494720000.0000 69750.0000 0.6310 0.4993 -0.2281 0.8263 231.6444 0.0256 0.0294 0.0058 -0.0074 -0.0039 -0.0043 0.0304 0.1701 0.1683
1494720000.0000 70050.0000 0.3823 0.1829 -0.0919 0.5314 244.4384 0.0250 0.1240 0.0103 0.0077 -0.0050 -0.0230 0.0796 0.5313 0.5258
1494720000.0000 70350.0000 0.2572 -0.0885 -0.0318 0.3466 288.9878 0.0244 0.0390 0.0052 0.0160 -0.0025 -0.0043 0.0343 0.5522 0.5344
1494720000.0000 70650.0000 0.4442 0.4077 -0.1592 0.6137 227.4512 0.0203 0.0128 0.0063 0.0032 -0.0072 -0.0025 0.0197 0.1839 0.1743
1494720000.0000 70950.0000 0.4100 0.3512 -0.1420 0.5540 229.4148 0.0199 0.0272 0.0066 0.0081 -0.0065 -0.0066 0.0269 0.2398 0.2321
1494720000.0000 71250.0000 0.3692 0.1839 -0.0895 0.4402 243.5156 0.0300 0.0246 0.0059 0.0080 -0.0058 -0.0054 0.0303 0.3369 0.3274
1494720000.0000 71550.0000 0.3658 0.2638 -0.1026 0.4669 234.1985 0.0505 0.0097 0.0054 0.0087 -0.0095 -0.0031 0.0328 0.3196 0.3140
1494720000.0000 71850.0000 0.2642 0.0932 -0.0520 0.3424 250.5704 0.0446 0.0279 0.0046 0.0070 -0.0054 -0.0035 0.0386 0.5627 0.5551
1494720000.0000 72150.0000 0.4371 0.2434 -0.1200 0.5185 240.8848 0.0300 0.0192 0.0057 0.0047 -0.0066 -0.0027 0.0274 0.2629 0.2559
1494720000.0000 72450.0000 0.5369 0.3010 -0.1400 0.6320 240.7249 0.0265 0.0194 0.0053 0.0031 -0.0022 -0.0006 0.0256 0.2069 0.2009
1494720000.0000 72750.0000 0.6314 0.3027 -0.1656 0.7158 244.3898 0.0312 0.0266 0.0070 0.0089 -0.0083 -0.0061 0.0324 0.2042 0.1982
1494720000.0000 73050.0000 0.4655 0.2495 -0.1188 0.5493 241.8057 0.0252 0.0245 0.0052 0.0068 -0.0023 -0.0002 0.0274 0.2498 0.2436
1494720000.0000 73350.0000 0.4955 0.2886 -0.1132 0.5900 239.7803 0.0216 0.0136 0.0049 -0.0036 -0.0022 -0.0020 0.0201 0.1978 0.1890
1494720000.0000 73650.0000 0.5789 0.3222 -0.1647 0.6716 240.8986 0.0297 0.0093 0.0049 0.0025 -0.0074 -0.0011 0.0220 0.1774 0.1723
1494720000.0000 73950.0000 0.5629 0.4103 -0.1654 0.7030 233.9088 0.0172 0.0070 0.0038 0.0014 -0.0021 -0.0009 0.0140 0.1349 0.1289
1494720000.0000 74250.0000 0.6928 0.4406 -0.1993 0.8247 237.5408 0.0285 0.0081 0.0075 0.0088 -0.0096 -0.0035 0.0220 0.1434 0.1344
1494720000.0000 74550.0000 0.5850 0.3219 -0.1256 0.6816 241.1798 0.0366 0.0311 0.0100 0.0194 -0.0138 -0.0115 0.0389 0.2369 0.2250
1494720000.0000 74850.0000 0.2889 0.0687 -0.0172 0.3294 256.6213 0.0478 0.0259 0.0048 0.0263 -0.0080 -0.0064 0.0392 0.5433 0.5275
1494720000.0000 75150.0000 0.6139 0.2469 -0.1239 0.6693 248.0890 0.0149 0.0106 0.0059 0.0023 -0.0048 0.0009 0.0157 0.1522 0.1395
1494720000.0000 75450.0000 0.2700 0.1854 -0.0160 0.3450 235.5147 0.0124 0.0160 0.0028 0.0054 0.0009 0.0004 0.0156 0.3111 0.2970
1494720000.0000 75750.0000 0.1092 0.3843 -0.0656 0.4292 195.8630 0.0180 0.0257 0.0063 -0.0085 0.0048 -0.0073 0.0250 0.3189 0.3020
1494720000.0000 76050.0000 0.1287 0.2278 -0.0441 0.2752 209.4685 0.0075 0.0113 0.0057 0.0029 -0.0011 -0.0037 0.0122 0.3405 0.3024
1494720000.0000 76350.0000 0.1557 0.3161 -0.0698 0.3639 206.2266 0.0062 0.0176 0.0043 -0.0001 -0.0002 -0.0042 0.0140 0.2692 0.2527
1494720000.0000 76650.0000 0.2868 0.4228 -0.1231 0.5244 214.1493 0.0145 0.0233 0.0061 0.0041 -0.0020 -0.0075 0.0220 0.2304 0.2198
1494720000.0000 76950.0000 0.3682 0.5174 -0.1501 0.6495 215.4343 0.0257 0.0155 0.0071 0.0039 -0.0059 -0.0051 0.0242 0.1945 0.1845
1494720000.0000 77250.0000 0.4135 0.5056 -0.1450 0.6636 219.2790 0.0168 0.0144 0.0087 0.0023 -0.0045 -0.0048 0.0200 0.1724 0.1561
1494720000.0000 77550.0000 0.2316 0.5790 -0.1148 0.6509 201.7989 0.0284 0.0401 0.0150 -0.0068 0.0022 -0.0104 0.0417 0.2631 0.2423
1494720000.0000 77850.0000 0.1757 0.8160 -0.1622 0.8495 192.1495 0.0247 0.0222 0.0127 0.0008 0.0056 -0.0052 0.0298 0.1657 0.1498
1494720000.0000 78150.0000 0.2724 0.7970 -0.2009 0.8582 198.8702 0.0247 0.0318 0.0100 0.0014 0.0030 -0.0057 0.0333 0.1720 0.1630
1494720000.0000 78450.0000 0.3577 0.3485 -0.1124 0.5644 225.7425 0.0448 0.0640 0.0128 0.0321 -0.0123 -0.0224 0.0608 0.3933 0.3813
1494720000.0000 78750.0000 0.0133 0.0675 0.0091 0.1342 191.1481 0.0135 0.0071 0.0018 0.0026 -0.0017 0.0003 0.0112 1.2451 1.2045
1494720000.0000 79050.0000 0.2460 0.0158 0.0610 0.2736 266.3223 0.0145 0.0132 0.0050 0.0044 0.0028 0.0002 0.0163 0.4106 0.3896
1494720000.0000 79350.0000 0.1006 0.0216 0.0005 0.1258 257.8932 0.0144 0.0032 0.0020 0.0021 0.0003 0.0010 0.0098 0.7857 0.7451
1494720000.0000 79650.0000 0.1405 0.0521 -0.0207 0.1724 249.6608 0.0063 0.0061 0.0009 -0.0003 -0.0010 -0.0004 0.0066 0.4393 0.4286
1494720000.0000 79950.0000 -0.0231 -0.1474 0.0148 0.1866 8.9209 0.0090 0.0152 0.0023 0.0040 0.0013 0.0007 0.0132 0.6267 0.6014
1494720000.0000 80250.0000 0.1643 0.0811 -0.0239 0.2402 243.7381 0.0100 0.0245 0.0014 -0.0032 -0.0010 -0.0005 0.0180 0.5921 0.5851
1494720000.0000 80550.0000 0.1059 0.0761 -0.0144 0.1872 234.2810 0.0108 0.0216 0.0031 0.0026 -0.0005 -0.0038 0.0177 0.8292 0.7968
1494720000.0000 80850.0000 0.2002 0.1849 -0.0301 0.2942 227.2863 0.0076 0.0147 0.0028 -0.0026 -0.0003 -0.0032 0.0126 0.3339 0.3163
1494720000.0000 81150.0000 0.2335 0.4810 -0.1382 0.5387 205.8906 0.0039 0.0078 0.0029 0.0004 -0.0010 -0.0023 0.0073 0.1264 0.1167
1494720000.0000 81450.0000 0.2856 0.4964 -0.1407 0.5803 209.9123 0.0060 0.0129 0.0046 -0.0010 -0.0008 -0.0032 0.0118 0.1502 0.1388
1494720000.0000 81750.0000 0.1597 0.2501 -0.0353 0.3354 212.5611 0.0152 0.0555 0.0105 0.0129 -0.0056 -0.0169 0.0406 0.5506 0.5175
1494720000.0000 82050.0000 0.1556 -0.1976 0.0221 0.2601 321.7887 0.0180 0.0207 0.0024 -0.0154 0.0009 -0.0012 0.0206 0.4638 0.4521
1494720000.0000 82350.0000 0.1570 0.0391 -0.0122 0.3503 255.9962 0.0343 0.0905 0.0124 -0.0242 0.0094 -0.0237 0.0686 1.3184 1.2609
1494720000.0000 82650.0000 0.3384 0.4652 -0.1653 0.6007 216.0384 0.0098 0.0460 0.0044 -0.0075 0.0012 -0.0095 0.0301 0.2365 0.2370
1494720000.0000 82950.0000 0.0559 -0.0363 0.0165 0.1608 303.0326 0.0165 0.0160 0.0027 0.0080 0.0006 -0.0023 0.0176 1.5791 1.5628
1494720000.0000 83250.0000 0.0525 0.1123 -0.0049 0.1477 205.0538 0.0061 0.0075 0.0023 0.0036 -0.0015 -0.0021 0.0079 0.5861 0.5428
1494720000.0000 83550.0000 0.0598 0.4320 -0.0755 0.4529 187.8787 0.0120 0.0340 0.0091 -0.0036 0.0025 -0.0092 0.0275 0.3062 0.2840
1494720000.0000 83850.0000 0.3729 0.4022 -0.1362 0.5657 222.8369 0.0292 0.0402 0.0090 0.0207 -0.0082 -0.0132 0.0392 0.2861 0.2773
1494720000.0000 84150.0000 0.1743 0.0934 -0.0068 0.2592 241.8221 0.0207 0.0357 0.0044 0.0178 -0.0044 -0.0053 0.0304 0.7198 0.6938
1494720000.0000 84450.0000 0.1796 -0.0898 0.0317 0.2297 296.5609 0.0072 0.0109 0.0026 -0.0019 0.0014 0.0000 0.0104 0.4087 0.3867
1494720000.0000 84750.0000 0.0963 0.0123 0.0041 0.2070 262.6986 0.0223 0.0177 0.0012 -0.0160 0.0007 -0.0005 0.0206 1.2075 1.1906
1494720000.0000 85050.0000 0.2249 0.2765 -0.0736 0.3837 219.1194 0.0385 0.0105 0.0028 0.0031 -0.0065 -0.0027 0.0259 0.3609 0.3585
1494720000.0000 85350.0000 0.2631 -0.1532 0.0125 0.3562 300.2159 0.0421 0.0198 0.0047 0.0099 -0.0068 -0.0024 0.0333 0.4889 0.4718
1494720000.0000 85650.0000 0.0836 0.2898 -0.0268 0.3239 196.0920 0.0142 0.0171 0.0042 0.0068 -0.0041 -0.0051 0.0178 0.3593 0.3386
1494720000.0000 85950.0000 0.0972 0.3257 -0.0325 0.3603 196.6181 0.0119 0.0251 0.0047 0.0018 0.0011 -0.0035 0.0208 0.3452 0.3266
1494720000.0000 86250.0000 0.2601 0.2551 -0.0640 0.4047 225.5615 0.0423 0.0189 0.0043 0.0026 -0.0052 -0.0021 0.0328 0.3994 0.3919
1494806400.0000 86550.0000 0.2165 0.0889 -0.0050 0.2529 247.6646 0.0211 0.0132 0.0032 0.0106 -0.0036 -0.0025 0.0188 0.4777 0.4571
1494806400.0000 86850.0000 0.2058 -0.0894 0.0062 0.2407 293.4830 0.0055 0.0075 0.0016 -0.0017 0.0002 -0.0004 0.0073 0.3103 0.2934
1494806400.0000 87150.0000 0.0658 -0.0793 0.0265 0.1359 320.3370 0.0076 0.0041 0.0029 0.0014 -0.0011 -0.0005 0.0073 0.6551 0.6045
1494806400.0000 87450.0000 0.0655 -0.0134 0.0016 0.1166 281.5352 0.0071 0.0054 0.0012 0.0032 -0.0014 -0.0008 0.0069 1.0122 0.9656
1494806400.0000 87750.0000 0.0784 0.0541 -0.0043 0.1116 235.3989 0.0076 0.0076 0.0014 0.0054 -0.0014 -0.0019 0.0083 0.7801 0.7470
1494806400.0000 88050.0000 0.2877 0.3249 -0.1050 0.4500 221.5271 0.0167 0.0101 0.0059 0.0006 0.0022 -0.0021 0.0163 0.2338 0.2176
1494806400.0000 88350.0000 0.4157 0.3170 -0.1085 0.5334 232.6731 0.0232 0.0224 0.0126 0.0120 -0.0102 -0.0118 0.0291 0.2610 0.2358
1494806400.0000 88650.0000 0.0124 0.0426 0.0159 0.1232 196.2932 0.0097 0.0109 0.0021 -0.0048 -0.0008 -0.0005 0.0114 1.8486 1.8700
1494806400.0000 88950.0000 0.1152 0.1503 -0.0335 0.2536 217.4640 0.0142 0.0201 0.0017 -0.0074 0.0008 -0.0028 0.0180 0.5695 0.5648
1494806400.0000 89250.0000 0.2094 -0.1603 0.0210 0.2888 307.4368 0.0072 0.0149 0.0024 0.0018 -0.0006 -0.0019 0.0123 0.3415 0.3253
1494806400.0000 89550.0000 0.1449 -0.0697 0.0090 0.2726 295.6941 0.0104 0.0522 0.0018 -0.0195 0.0008 -0.0032 0.0322 0.9106 0.8989
1494806400.0000 89850.0000 0.2122 0.3520 -0.0915 0.4197 211.0810 0.0093 0.0066 0.0030 0.0020 -0.0022 -0.0022 0.0095 0.1889 0.1773
1494806400.0000 90150.0000 0.1036 0.0098 0.0023 0.1740 264.5952 0.0183 0.0131 0.0017 0.0091 0.0002 -0.0011 0.0166 1.0095 0.9831
1494806400.0000 90450.0000 -0.0382 0.0261 0.0187 0.1253 124.4076 0.0095 0.0085 0.0014 -0.0071 0.0018 -0.0015 0.0097 1.6085 1.6730
1494806400.0000 90750.0000 0.0221 0.1564 -0.0205 0.2123 188.0475 0.0119 0.0332 0.0057 -0.0055 0.0029 -0.0074 0.0254 0.8163 0.7757
1494806400.0000 91050.0000 0.1752 0.2079 -0.0401 0.3169 220.1110 0.0124 0.0281 0.0027 -0.0057 0.0002 -0.0050 0.0216 0.4369 0.4274
1494806400.0000 91350.0000 -0.0150 0.0950 -0.0218 0.1771 171.0255 0.0087 0.0305 0.0040 0.0032 0.0010 -0.0063 0.0216 1.2173 1.1887
1494806400.0000 91650.0000 0.1039 0.0096 0.0062 0.1748 264.7217 0.0087 0.0209 0.0027 0.0034 -0.0006 -0.0026 0.0161 0.9920 0.9516
1494806400.0000 91950.0000 0.0644 0.1933 -0.0218 0.2521 198.4374 0.0202 0.0150 0.0047 -0.0001 -0.0005 -0.0012 0.0200 0.5629 0.5318
1494806400.0000 92250.0000 0.2162 0.5700 -0.1150 0.6367 200.7685 0.0297 0.1683 0.0177 0.0453 -0.0106 -0.0402 0.1079 0.4322 0.4214
1494806400.0000 92550.0000 0.3574 1.3216 -0.3089 1.3794 195.1324 0.0265 0.0269 0.0136 -0.0022 0.0037 -0.0066 0.0335 0.1064 0.0974
1494806400.0000 92850.0000 0.2617 1.0210 -0.1962 1.0759 194.3745 0.0411 0.1427 0.0349 0.0184 -0.0030 -0.0483 0.1094 0.2519 0.2349
1494806400.0000 93150.0000 0.1397 1.1181 -0.1594 1.1782 187.1234 0.1153 0.1725 0.0401 0.0153 -0.0050 -0.0395 0.1639 0.2905 0.2749
1494806400.0000 93450.0000 -0.9120 0.4351 0.1056 1.1888 115.5045 0.3854 0.2524 0.0753 0.1178 -0.0537 -0.0308 0.3565 0.4799 0.4563
1494806400.0000 93750.0000 -0.0828 0.4276 -0.0839 0.6190 169.0447 0.1390 0.1710 0.0371 -0.0325 -0.0136 -0.0186 0.1736 0.7669 0.7381
1494806400.0000 94050.0000 -0.1916 0.8186 -0.1666 0.9063 166.8265 0.1044 0.2480 0.0606 -0.0344 0.0351 -0.0640 0.2066 0.4330 0.4077
1494806400.0000 94350.0000 -0.2691 0.8403 -0.0676 0.9487 162.2432 0.0955 0.1630 0.0284 0.0080 0.0066 -0.0189 0.1435 0.3495 0.3327
1494806400.0000 94650.0000 -0.0643 0.7108 -0.1302 0.7868 174.8283 0.1021 0.0954 0.0345 -0.0036 0.0055 -0.0116 0.1160 0.3833 0.3595
1494806400.0000 94950.0000 -0.0597 0.3630 -0.0162 0.4727 170.6570 0.0370 0.1040 0.0125 0.0153 -0.0016 -0.0137 0.0767 0.6142 0.5892
1494806400.0000 95250.0000 -0.4816 0.6537 0.0059 0.9582 143.6170 0.2025 0.2778 0.0499 0.0073 0.0100 -0.0336 0.2651 0.5177 0.4928
1494806400.0000 95550.0000 -0.0473 0.7075 -0.0722 0.7822 176.1736 0.1118 0.0517 0.0317 -0.0130 0.0070 -0.0090 0.0976 0.3579 0.3292
1494806400.0000 95850.0000 -0.0682 0.8450 -0.1187 0.8873 175.3881 0.0516 0.1275 0.0261 -0.0036 0.0057 -0.0310 0.1026 0.3055 0.2882
1494806400.0000 96150.0000 0.0369 0.6810 -0.1081 0.7569 183.0979 0.0824 0.1624 0.0223 0.0062 0.0029 -0.0365 0.1335 0.4321 0.4189
1494806400.0000 96450.0000 -0.1354 0.5343 -0.1044 0.7141 165.7804 0.0879 0.2552 0.0297 -0.0046 0.0095 -0.0422 0.1864 0.6283 0.6135
1494806400.0000 96750.0000 -0.0399 1.1052 -0.1871 1.1327 177.9315 0.0587 0.0663 0.0202 -0.0094 0.0037 -0.0151 0.0726 0.1961 0.1845
1494806400.0000 97050.0000 0.1895 0.6236 -0.1576 0.6675 196.9028 0.0289 0.1001 0.0126 0.0305 -0.0074 -0.0231 0.0709 0.3241 0.3182
1494806400.0000 97350.0000 0.1099 0.1734 -0.0281 0.3878 212.3710 0.0194 0.1393 0.0182 0.0018 0.0043 -0.0374 0.0885 1.1720 1.1205
1494806400.0000 97650.0000 0.0848 0.6875 -0.1473 0.7138 187.0355 0.0300 0.0444 0.0133 0.0123 -0.0035 -0.0116 0.0438 0.2414 0.2272
1494806400.0000 97950.0000 0.1085 1.0403 -0.2159 1.0662 185.9523 0.0442 0.0349 0.0111 0.0092 -0.0014 -0.0059 0.0451 0.1623 0.1552
1494806400.0000 98250.0000 0.4177 0.7562 -0.2081 0.8803 208.9163 0.0152 0.0521 0.0124 -0.0058 -0.0022 -0.0110 0.0398 0.1834 0.1733
1494806400.0000 98550.0000 0.2396 0.3388 -0.0673 0.4480 215.2687 0.0540 0.0575 0.0156 0.0282 -0.0152 -0.0174 0.0635 0.4895 0.4645
1494806400.0000 98850.0000 0.0757 0.6425 -0.0844 0.7218 186.7240 0.0485 0.2104 0.0214 -0.0728 0.0222 -0.0567 0.1401 0.4685 0.4541
1494806400.0000 99150.0000 -0.3906 0.8731 -0.1116 0.9902 155.8941 0.0532 0.0508 0.0171 0.0150 0.0040 -0.0019 0.0606 0.2087 0.1947
1494806400.0000 99450.0000 -0.0962 1.0056 -0.1509 1.0428 174.5348 0.0601 0.0497 0.0147 0.0042 -0.0014 -0.0071 0.0623 0.1995 0.1894
1494806400.0000 99750.0000 -0.3008 0.6747 -0.0408 0.8364 155.9760 0.1622 0.1145 0.0305 0.0048 -0.0233 -0.0085 0.1536 0.4326 0.4111
1494806400.0000 100050.0000 -0.0409 0.6425 -0.0876 0.6795 176.3584 0.0455 0.0724 0.0185 0.0102 0.0001 -0.0206 0.0682 0.3282 0.3078
1494806400.0000 100350.0000 -0.2592 0.6758 -0.0693 0.8147 159.0179 0.1226 0.0750 0.0215 0.0214 -0.0044 -0.0054 0.1095 0.3717 0.3546
1494806400.0000 100650.0000 -0.3362 0.9911 -0.1359 1.0968 161.2599 0.0885 0.1413 0.0308 -0.0029 0.0060 -0.0246 0.1303 0.2792 0.2644
1494806400.0000 100950.0000 -0.4745 0.7529 -0.0008 0.9762 147.7783 0.1462 0.1104 0.0351 0.0168 -0.0256 -0.0300 0.1458 0.3504 0.3286
1494806400.0000 101250.0000 -0.1263 0.9022 -0.1080 0.9482 172.0310 0.0696 0.0850 0.0162 0.0029 -0.0011 -0.0178 0.0854 0.2601 0.2492
1494806400.0000 101550.0000 -0.4494 1.0725 -0.0795 1.1934 157.2632 0.0791 0.0555 0.0229 -0.0004 -0.0021 -0.0112 0.0787 0.1966 0.1822
1494806400.0000 101850.0000 -0.1468 0.9711 -0.1514 1.1231 171.4055 0.2036 0.3493 0.0452 -0.0868 0.0043 -0.0271 0.2991 0.4493 0.4371
1494806400.0000 102150.0000 0.0585 1.2924 -0.2217 1.3186 182.5903 0.0654 0.0734 0.0273 0.0059 -0.0039 -0.0195 0.0830 0.1792 0.1663
1494806400.0000 102450.0000 -0.1296 1.3169 -0.2219 1.3543 174.3813 0.0799 0.1959 0.0413 -0.0064 -0.0059 -0.0458 0.1585 0.2423 0.2291
1494806400.0000 102750.0000 -0.1338 1.2082 -0.2316 1.2579 173.6823 0.1009 0.2055 0.0359 -0.0259 -0.0027 -0.0436 0.1711 0.2729 0.2629
1494806400.0000 103050.0000 0.3174 0.5197 -0.1948 0.6745 211.4144 0.0455 0.1908 0.0298 0.0211 -0.0054 -0.0516 0.1331 0.4659 0.4609
1494806400.0000 103350.0000 0.0963 0.0570 -0.0195 0.3998 239.3841 0.0283 0.2279 0.0223 0.0308 -0.0066 -0.0481 0.1392 2.6835 2.6126
1494806400.0000 103650.0000 0.2250 0.9162 -0.2028 0.9585 193.7971 0.0335 0.0430 0.0112 0.0122 -0.0013 -0.0105 0.0439 0.1772 0.1693
1494806400.0000 103950.0000 0.3441 0.6995 -0.2050 0.8936 206.1939 0.0827 0.1645 0.0100 -0.0777 0.0046 -0.0150 0.1286 0.3633 0.3683
1494806400.0000 104250.0000 0.2368 0.5622 -0.1130 0.7251 202.8385 0.0473 0.2347 0.0275 -0.0455 0.0063 -0.0641 0.1548 0.5177 0.5027
1494806400.0000 104550.0000 -0.3846 0.4972 -0.0287 0.8110 142.2831 0.1199 0.2193 0.0484 0.0593 -0.0188 -0.0604 0.1938 0.5712 0.5349
1494806400.0000 104850.0000 -0.9486 0.6629 0.0835 1.2687 124.9468 0.4379 0.1618 0.0765 -0.0315 -0.0339 -0.0142 0.3381 0.4092 0.3863
1494806400.0000 105150.0000 -0.5253 0.4871 0.0336 0.8869 132.8356 0.3442 0.2135 0.0519 0.0261 -0.0271 -0.0166 0.3048 0.6286 0.6019
1494806400.0000 105450.0000 -0.4293 0.5855 0.0307 0.9024 143.7529 0.3168 0.1548 0.0370 0.0352 -0.0240 -0.0335 0.2543 0.5666 0.5461
1494806400.0000 105750.0000 -0.2818 0.7600 -0.0862 0.9085 159.6534 0.1492 0.0793 0.0294 0.0409 -0.0152 -0.0201 0.1289 0.3596 0.3405
1494806400.0000 106050.0000 -0.0937 1.1196 -0.1707 1.1840 175.2174 0.1313 0.0768 0.0250 -0.0010 0.0047 -0.0010 0.1165 0.2453 0.2344
1494806400.0000 106350.0000 -0.1113 1.2248 -0.2200 1.2629 174.8073 0.0830 0.0645 0.0238 0.0046 0.0021 -0.0104 0.0856 0.1912 0.1803
1494806400.0000 106650.0000 -0.4086 1.0654 -0.1228 1.2520 159.0150 0.2255 0.1778 0.0671 0.0676 -0.0162 -0.0404 0.2352 0.3450 0.3213
1494806400.0000 106950.0000 -0.4697 1.1330 -0.1288 1.2950 157.4806 0.1902 0.1337 0.0435 -0.0227 0.0035 -0.0127 0.1837 0.2838 0.2679
1494806400.0000 107250.0000 -0.0278 1.0397 -0.1638 1.1094 178.4675 0.1401 0.1147 0.0277 -0.0433 0.0057 -0.0133 0.1413 0.2915 0.2802
1494806400.0000 107550.0000 0.2103 0.6519 -0.1624 0.7145 197.8821 0.0350 0.0631 0.0150 -0.0072 -0.0058 -0.0180 0.0566 0.2759 0.2640
1494806400.0000 107850.0000 0.0074 1.0236 -0.1766 1.0917 180.4115 0.1085 0.1591 0.0505 0.0301 -0.0207 -0.0513 0.1591 0.3135 0.2918
1494806400.0000 108150.0000 -0.2302 0.5547 -0.0153 0.7126 157.4603 0.0685 0.1929 0.0298 0.0576 -0.0160 -0.0440 0.1456 0.5186 0.4914
1494806400.0000 108450.0000 -0.0220 0.8269 -0.1540 0.8562 178.4769 0.0500 0.0572 0.0146 -0.0188 0.0085 -0.0135 0.0609 0.2395 0.2285
1494806400.0000 108750.0000 -0.0547 0.8002 -0.1003 0.8239 176.0878 0.0388 0.0863 0.0274 -0.0157 0.0051 -0.0251 0.0763 0.2790 0.2546
1494806400.0000 109050.0000 -0.1995 0.6263 -0.1150 0.7592 162.3291 0.1240 0.1028 0.0261 0.0119 0.0020 -0.0164 0.1265 0.4351 0.4183
1494806400.0000 109350.0000 -0.2260 0.3470 -0.0550 0.6226 146.9201 0.1473 0.1988 0.0355 0.0237 0.0076 0.0004 0.1908 0.8537 0.8202
1494806400.0000 109650.0000 -0.6784 0.2666 0.1414 0.9112 111.4556 0.2886 0.2759 0.0946 0.0282 -0.0095 -0.0437 0.3296 0.6313 0.5951
1494806400.0000 109950.0000 -0.4851 0.6299 -0.0209 0.9103 142.3997 0.2082 0.1759 0.0859 -0.0151 0.0111 -0.0346 0.2350 0.4977 0.4501
1494806400.0000 110250.0000 -0.6218 0.6822 -0.0099 1.0274 137.6546 0.1734 0.1503 0.0854 0.0382 -0.0103 -0.0243 0.2046 0.4001 0.3559
1494806400.0000 110550.0000 -1.0888 0.2679 0.2394 1.2718 103.8247 0.3494 0.3620 0.1002 0.1152 -0.0160 -0.0713 0.4058 0.4537 0.4343
1494806400.0000 110850.0000 -0.5703 0.5377 0.0648 0.9486 133.3121 0.2058 0.2562 0.0671 -0.0172 -0.0083 -0.0001 0.2645 0.5339 0.5006
1494806400.0000 111150.0000 -0.2937 1.2845 -0.1618 1.3942 167.1215 0.1695 0.2639 0.0813 0.0240 0.0105 -0.0666 0.2574 0.3120 0.2885
1494806400.0000 111450.0000 -0.6985 0.3824 0.0580 1.1520 118.7000 0.2782 0.7799 0.0957 0.2254 -0.0362 -0.1599 0.5769 0.7767 0.7458
1494806400.0000 111750.0000 -1.1210 -0.1251 0.2596 1.2756 83.6297 0.2136 0.3680 0.0897 -0.0853 0.0316 -0.0515 0.3357 0.4087 0.3903
1494806400.0000 112050.0000 -0.9047 -0.1041 0.2294 1.1089 83.4361 0.2487 0.4092 0.0884 0.1043 -0.0272 -0.0561 0.3731 0.5311 0.5142
1494806400.0000 112350.0000 -1.1053 -0.8272 0.3869 1.4933 53.1895 0.2100 0.3304 0.1055 0.0454 -0.0138 -0.0502 0.3229 0.3236 0.3074
1494806400.0000 112650.0000 -1.5925 -0.7339 0.4157 1.8541 65.2567 0.4658 0.2557 0.1280 -0.0667 -0.0465 -0.0080 0.4248 0.2953 0.2797
1494806400.0000 112950.0000 -1.2041 -0.8863 0.4528 1.7236 53.6447 0.7247 0.6675 0.1590 0.0208 -0.1079 -0.0172 0.7756 0.4603 0.4557
1494806400.0000 113250.0000 -1.1266 -1.0148 0.4015 1.6847 47.9894 0.4531 0.5034 0.1053 -0.0066 -0.0151 0.0009 0.5309 0.3793 0.3724
1494806400.0000 113550.0000 -1.0010 -1.0089 0.4961 1.5878 44.7746 0.5442 0.4696 0.1452 0.0060 -0.0290 0.0211 0.5795 0.4129 0.4090
1494806400.0000 113850.0000 -1.1392 -0.9491 0.4546 1.5961 50.2020 0.3598 0.3879 0.0848 0.0248 -0.0235 -0.0006 0.4162 0.3397 0.3367
1494806400.0000 114150.0000 -1.3667 -0.9514 0.4378 1.8128 55.1566 0.4329 0.5146 0.1133 0.1163 -0.0572 -0.0332 0.5304 0.3453 0.3375
1494806400.0000 114450.0000 -1.1407 -0.7281 0.3880 1.4625 57.4509 0.4452 0.2970 0.1042 0.0522 -0.0027 0.0285 0.4232 0.3773 0.3676
1494806400.0000 114750.0000 -0.8786 -0.6825 0.2958 1.2873 52.1584 0.3776 0.5370 0.0933 0.0588 -0.0475 -0.0365 0.5039 0.5035 0.4963
1494806400.0000 115050.0000 -1.2803 -0.1501 0.2926 1.4658 83.3143 0.3873 0.4122 0.1007 -0.0413 -0.0107 0.0132 0.4501 0.4144 0.4005
1494806400.0000 115350.0000 -1.3187 -0.1942 0.2881 1.6093 81.6232 0.7605 0.7266 0.2083 -0.0250 -0.0516 0.0245 0.8477 0.5512 0.5282
1494806400.0000 115650.0000 -1.1702 0.0755 0.2833 1.2506 93.6936 0.2711 0.1828 0.0931 0.0082 0.0024 -0.0499 0.2735 0.3540 0.3317
1494806400.0000 115950.0000 -1.6014 -0.4706 0.4059 1.7260 73.6225 0.2940 0.2276 0.0962 0.1147 -0.0111 -0.0098 0.3089 0.2642 0.2498
1494806400.0000 116250.0000 -1.6921 -0.9679 0.5352 2.0818 60.2299 0.5840 0.5077 0.1306 0.1201 -0.0474 -0.0274 0.6112 0.3158 0.3095
1494806400.0000 116550.0000 -1.4528 -1.7000 0.5837 2.4289 40.5164 0.9036 0.9827 0.1465 0.0358 -0.1237 -0.0380 1.0164 0.3562 0.3546
1494806400.0000 116850.0000 -1.1969 -0.9864 0.5037 1.7057 50.5088 0.6958 0.3950 0.1336 0.0878 0.0059 0.0158 0.6122 0.3918 0.3888
1494806400.0000 117150.0000 -1.8382 -1.4188 0.6207 2.4706 52.3364 0.8568 0.7329 0.2147 0.1457 -0.1184 -0.0312 0.9022 0.3227 0.3135
1494806400.0000 117450.0000 -2.2563 -1.4956 0.7094 2.8096 56.4610 0.7955 0.6141 0.1463 0.1367 -0.0451 0.0220 0.7779 0.2574 0.2532
1494806400.0000 117750.0000 -2.0871 -1.3260 0.7322 2.5848 57.5709 0.7367 0.5332 0.1590 0.0825 -0.0319 0.0036 0.7144 0.2676 0.2631
1494806400.0000 118050.0000 -1.6132 -0.7996 0.5262 1.9822 63.6350 0.5093 0.6559 0.1640 0.0252 -0.0195 -0.0149 0.6646 0.3549 0.3462
1494806400.0000 118350.0000 -1.7208 -1.1585 0.6010 2.2830 56.0504 0.8729 1.1374 0.1948 0.1780 -0.0942 -0.0374 1.1026 0.3970 0.3946
1494806400.0000 118650.0000 -1.1402 -1.4035 0.4406 2.0594 39.0895 0.4528 1.2519 0.1484 -0.1115 0.0125 0.0115 0.9266 0.4223 0.4169
1494806400.0000 118950.0000 -1.3196 -1.5416 0.5189 2.2297 40.5636 0.9379 1.5295 0.2471 0.5930 -0.1828 -0.2843 1.3573 0.4541 0.4469
1494806400.0000 119250.0000 -1.7965 -1.0134 0.4802 2.2390 60.5744 0.6775 0.8596 0.1814 0.2439 -0.0920 -0.1037 0.8593 0.3574 0.3470
1494806400.0000 119550.0000 -1.7908 -1.8092 0.6637 2.7646 44.7072 0.9514 1.5994 0.2100 0.2327 -0.0439 -0.0838 1.3804 0.3647 0.3622
1494806400.0000 119850.0000 -1.5451 -0.7484 0.4538 1.8941 64.1546 0.6039 0.5697 0.1570 -0.0054 -0.0861 -0.0195 0.6653 0.3750 0.3643
1494806400.0000 120150.0000 -0.7586 -1.4949 0.4102 1.8896 26.9080 0.5549 0.7173 0.1135 -0.1587 -0.0386 0.0374 0.6928 0.3938 0.3885
1494806400.0000 120450.0000 -1.5530 -1.3724 0.5138 2.1828 48.5323 0.7072 0.5187 0.1633 0.1883 -0.1362 -0.0356 0.6946 0.3187 0.3084
1494806400.0000 120750.0000 -1.7672 -0.7637 0.4659 2.0223 66.6296 0.9923 0.3925 0.1813 0.2081 -0.1260 -0.0467 0.7830 0.3648 0.3529
1494806400.0000 121050.0000 -1.0834 -0.6663 0.3542 1.4924 58.4089 0.9084 0.3543 0.1569 0.0605 -0.1232 0.0034 0.7098 0.5210 0.5101
1494806400.0000 121350.0000 -0.9926 -0.4742 0.3431 1.2879 64.4654 0.8248 0.2719 0.1235 0.0150 -0.1305 0.0071 0.6100 0.5534 0.5496
1494806400.0000 121650.0000 -0.8393 -1.2448 0.3445 1.7076 33.9909 0.8653 0.4186 0.1527 0.1453 -0.1069 0.0235 0.7183 0.4492 0.4357
1494806400.0000 121950.0000 -1.7271 -1.1692 0.5866 2.1901 55.9040 0.5862 0.3680 0.1381 0.0209 -0.0468 0.0195 0.5462 0.2785 0.2704
1494806400.0000 122250.0000 -1.3345 -1.2154 0.3894 1.9176 47.6739 0.5100 0.5018 0.1866 0.1039 -0.0616 -0.0176 0.5992 0.3423 0.3217
1494806400.0000 122550.0000 -0.5163 -1.7702 0.3983 1.9389 16.2587 0.4066 0.5178 0.1395 0.1859 -0.0649 0.0078 0.5320 0.3157 0.3010
1494806400.0000 122850.0000 -1.1378 -0.6252 0.3215 1.5573 61.2140 0.7796 0.5717 0.2786 0.0031 -0.1913 -0.0971 0.8150 0.5511 0.5170
1494806400.0000 123150.0000 -0.2861 -1.5139 0.3342 1.6769 10.7024 0.5267 0.6264 0.1846 0.1166 -0.0991 -0.0696 0.6689 0.4236 0.4024
1494806400.0000 123450.0000 -0.1461 -1.3095 0.3069 1.5020 6.3682 0.6612 0.4948 0.1428 0.2920 -0.1264 -0.0272 0.6494 0.4864 0.4711
1494806400.0000 123750.0000 -0.8399 -0.9545 0.4627 1.6287 41.3463 0.9689 0.6628 0.1501 -0.2423 -0.0285 -0.0059 0.8909 0.5696 0.5800
1494806400.0000 124050.0000 -1.1973 -1.2801 0.4072 2.0182 43.0870 0.6833 0.9387 0.1510 -0.0572 -0.0607 -0.0339 0.8865 0.4272 0.4195
1494806400.0000 124350.0000 -0.5143 -0.9720 0.3236 1.6408 27.8855 2.0482 0.4894 0.2195 -0.0065 -0.3790 0.0290 1.3786 0.8363 0.8363
1494806400.0000 124650.0000 -0.6561 -0.8702 0.3151 1.8306 37.0173 1.6755 1.2995 0.2303 -0.8596 -0.2297 0.1164 1.6026 0.9111 0.9138
1494806400.0000 124950.0000 -0.8315 0.6022 0.0042 1.4161 125.9132 0.6497 0.9054 0.1649 -0.4377 0.0138 -0.1211 0.8600 0.7375 0.7013
1494806400.0000 125250.0000 -1.1229 0.4782 0.0818 1.6874 113.0658 0.8113 0.9419 0.1556 -0.5396 -0.0280 -0.0063 0.9544 0.6521 0.6263
1494806400.0000 125550.0000 -0.8190 -0.8864 0.3186 1.6398 42.7364 0.8028 0.8749 0.1752 -0.0437 -0.1381 -0.0377 0.9265 0.6297 0.6197
1494806400.0000 125850.0000 -0.3386 -1.1899 0.2728 1.5740 15.8856 0.9902 0.5643 0.1423 -0.1202 -0.1319 -0.0005 0.8484 0.5936 0.5818
1494806400.0000 126150.0000 -1.0188 -0.0550 0.1777 1.4666 86.9083 0.6569 0.9598 0.2202 -0.1232 -0.0326 -0.2109 0.9184 0.7556 0.7195
1494806400.0000 126450.0000 -1.3627 0.1104 0.3262 1.5492 94.6313 0.7745 0.3971 0.1732 -0.0724 -0.0056 -0.0599 0.6724 0.4764 0.4571
1494806400.0000 126750.0000 -1.5123 0.0560 0.2445 1.7695 92.1215 0.5836 0.6951 0.1887 -0.0222 0.0182 -0.1163 0.7337 0.4562 0.4314
1494806400.0000 127050.0000 -1.2249 0.1191 0.1874 1.3406 95.5537 0.7818 0.2078 0.1258 -0.0768 -0.0565 -0.0285 0.5577 0.4898 0.4667
1494806400.0000 127350.0000 -0.9226 -0.3580 0.3364 1.2690 68.7938 0.5978 0.5299 0.1169 -0.0299 -0.0352 -0.0666 0.6223 0.6162 0.6196
1494806400.0000 127650.0000 -1.6345 0.1899 0.1267 1.9604 96.6275 0.8597 0.9998 0.2776 0.1247 -0.0723 -0.1526 1.0685 0.5114 0.4784
1494806400.0000 127950.0000 -1.3653 0.5486 0.2476 1.7378 111.8919 0.9794 0.4599 0.1908 0.2032 -0.1232 -0.1445 0.8150 0.4940 0.4707
1494806400.0000 128250.0000 0.5436 -0.4887 -0.0807 1.2323 311.9592 0.4436 0.7906 0.1560 0.2017 -0.0660 -0.1865 0.6951 0.9257 0.8775
1494806400.0000 128550.0000 -1.1108 0.7473 0.1674 1.8724 123.9305 0.6687 1.6640 0.3694 -0.0872 -0.0770 -0.3923 1.3511 0.7034 0.6587
1494806400.0000 128850.0000 -1.3162 0.7909 0.0578 1.8148 121.0013 0.7603 0.6527 0.2667 0.2239 -0.0989 -0.2270 0.8398 0.4870 0.4469
1494806400.0000 129150.0000 -0.9393 -0.7036 0.2816 1.3857 53.1631 1.2014 0.2149 0.1478 0.2097 -0.1892 -0.0540 0.7821 0.5983 0.5855
1494806400.0000 129450.0000 -0.9480 -0.1072 0.3066 1.3120 83.5487 0.5932 0.6577 0.1068 -0.2736 0.0100 -0.0685 0.6789 0.6713 0.6768
1494806400.0000 129750.0000 -1.0728 -0.4298 0.2936 1.4896 68.1669 0.6730 0.8220 0.1880 0.2871 -0.0888 -0.2173 0.8415 0.6281 0.6108
1494806400.0000 130050.0000 -1.3187 0.7799 0.0533 1.7132 120.6002 0.6795 0.5070 0.2070 0.0327 0.0125 -0.1153 0.6967 0.4446 0.4105
1494806400.0000 130350.0000 -0.8446 0.4688 -0.0204 1.4461 119.0323 0.8100 0.8537 0.2291 0.2724 -0.1764 -0.1951 0.9464 0.8221 0.7710
1494806400.0000 130650.0000 -1.2322 -1.0439 0.4589 1.7093 49.7305 0.4709 0.4194 0.1270 0.2023 -0.0434 -0.0551 0.5087 0.3469 0.3373
1494806400.0000 130950.0000 -0.9990 -0.0679 0.1491 1.1983 86.1111 0.3616 0.4186 0.1771 -0.0167 -0.0329 -0.1127 0.4787 0.5580 0.5093
1494806400.0000 131250.0000 -1.2923 -0.4629 0.2841 1.4344 70.2929 0.3552 0.2490 0.1444 0.1109 -0.0294 -0.0843 0.3743 0.3563 0.3269
1494806400.0000 131550.0000 -0.5503 0.5773 -0.0569 1.2755 136.3707 0.3224 0.9227 0.1466 0.3883 -0.1341 -0.2657 0.6958 0.8518 0.8077
1494806400.0000 131850.0000 0.2627 -0.3104 0.0251 0.8497 319.7630 0.3621 0.3151 0.1090 -0.0089 -0.1088 0.0047 0.3931 1.2564 1.1683
1494806400.0000 132150.0000 -0.6819 0.1118 0.1354 1.0589 99.3081 0.9122 0.3340 0.1031 -0.2341 -0.1166 -0.0191 0.6746 0.9525 0.9328
1494806400.0000 132450.0000 -0.9827 0.2133 0.1691 1.1264 102.2472 0.2501 0.2574 0.1075 -0.0693 0.0252 -0.0420 0.3075 0.4440 0.4090
1494806400.0000 132750.0000 -1.2166 0.4858 0.0734 1.5033 111.7671 0.7023 0.5170 0.1175 -0.1639 -0.0132 -0.0911 0.6684 0.5087 0.4866
1494806400.0000 133050.0000 -0.4866 -0.6134 0.1561 0.8939 38.4256 0.1475 0.2607 0.0484 0.0516 -0.0246 -0.0475 0.2283 0.4887 0.4711
1494806400.0000 133350.0000 -0.6657 -0.0348 0.2825 0.9065 87.0038 0.2220 0.3046 0.1143 -0.0606 -0.0093 -0.0565 0.3204 0.6384 0.6285
1494806400.0000 133650.0000 -0.6762 -0.2342 0.1716 0.8028 70.8943 0.0633 0.1864 0.0658 0.0580 -0.0153 -0.0443 0.1578 0.4407 0.4031
1494806400.0000 133950.0000 -0.6299 -0.6838 0.2902 1.0215 42.6467 0.3224 0.1005 0.0716 0.0886 -0.0504 -0.0012 0.2472 0.4168 0.4038
1494806400.0000 134250.0000 -0.1642 -0.3320 0.0496 0.8583 26.3126 0.7301 0.1093 0.1115 -0.0711 -0.0922 -0.0162 0.4754 1.5067 1.4283
1494806400.0000 134550.0000 -0.8287 -0.1205 0.1847 1.3215 81.7298 0.9914 0.5014 0.2206 0.1685 -0.1905 -0.1616 0.8567 0.8813 0.8424
1494806400.0000 134850.0000 -0.7624 -0.2042 0.1582 0.9164 75.0068 0.3567 0.1340 0.1409 0.0599 -0.0976 -0.0450 0.3157 0.5699 0.5123
1494806400.0000 135150.0000 0.3952 -0.6174 0.0255 1.1701 327.3749 0.7722 0.4105 0.2040 0.2808 -0.2961 -0.1627 0.6933 0.9268 0.8565
1494806400.0000 135450.0000 -0.2106 -0.8143 0.2603 1.1766 14.5036 0.6927 0.2122 0.1522 -0.0426 -0.2035 0.0505 0.5286 0.6742 0.6530
1494806400.0000 135750.0000 0.1244 -0.7390 0.2238 0.9299 350.4417 0.3277 0.1644 0.1185 0.0456 -0.1360 -0.0293 0.3053 0.5768 0.5404
1494806400.0000 136050.0000 -1.1209 -0.1985 0.3169 1.4282 79.9555 0.6069 0.5872 0.1451 -0.3635 0.0305 -0.0407 0.6696 0.5654 0.5542
1494806400.0000 136350.0000 -1.0331 0.2107 0.1808 1.2750 101.5256 0.4785 0.4784 0.1170 -0.1319 -0.0108 -0.0018 0.5370 0.5593 0.5357
1494806400.0000 136650.0000 -1.3427 0.5689 0.0816 1.7009 112.9632 0.5561 0.5878 0.1858 0.0505 -0.0430 -0.1635 0.6649 0.4558 0.4235
1494806400.0000 136950.0000 0.4707 0.1686 -0.1705 0.8508 250.2940 0.2273 0.4561 0.0985 -0.0550 -0.0338 -0.0759 0.3909 0.9665 0.9547
1494806400.0000 137250.0000 -0.1449 0.4608 -0.0481 0.7969 162.5422 0.4141 0.2062 0.0943 -0.1057 -0.1096 0.0079 0.3573 1.0053 0.9413
1494806400.0000 137550.0000 0.2140 -0.0919 0.0301 0.4250 293.2332 0.0930 0.0926 0.0650 0.0203 -0.0227 -0.0116 0.1253 1.2308 1.0679
1494806400.0000 137850.0000 0.4310 -0.0685 -0.1077 0.6493 279.0272 0.1928 0.2355 0.0815 -0.0439 -0.0563 -0.0053 0.2549 0.9170 0.8658
1494806400.0000 138150.0000 0.3213 -0.5914 0.0369 0.7925 331.4834 0.1464 0.2026 0.0719 -0.0570 -0.0352 0.0225 0.2104 0.5556 0.5067
1494806400.0000 138450.0000 -0.2063 -0.0950 0.0658 1.0088 65.2761 0.4732 0.7912 0.1239 -0.1606 -0.0290 -0.0865 0.6941 2.8774 2.8589
1494806400.0000 138750.0000 -0.5257 0.6824 0.0086 1.0555 142.3921 0.2208 0.4688 0.0942 0.0120 -0.0211 -0.1362 0.3919 0.5934 0.5566
1494806400.0000 139050.0000 -0.5820 0.6418 0.0511 0.9891 137.7983 0.1765 0.2041 0.0593 0.0660 -0.0149 -0.0508 0.2199 0.4412 0.4111
1494806400.0000 139350.0000 -1.3123 0.1919 0.2163 1.4615 98.3178 0.4201 0.3925 0.1866 0.0683 -0.0486 -0.1357 0.4997 0.4295 0.3925
1494806400.0000 139650.0000 -0.7686 0.2909 0.0976 0.9584 110.7321 0.2533 0.1833 0.0829 0.0547 -0.0217 -0.0567 0.2598 0.5028 0.4642
1494806400.0000 139950.0000 -0.3306 0.7221 -0.0956 0.9254 155.4028 0.1390 0.2269 0.0598 -0.0012 -0.0055 -0.0383 0.2128 0.4709 0.4397
1494806400.0000 140250.0000 0.1395 -0.4774 0.0589 0.5690 343.7050 0.0795 0.0894 0.0359 -0.0239 -0.0079 0.0077 0.1024 0.5217 0.4771
1494806400.0000 140550.0000 -0.1043 0.1097 -0.0552 0.4588 136.4601 0.0829 0.1544 0.0363 -0.0740 -0.0045 -0.0017 0.1368 1.8745 1.8582
1494806400.0000 140850.0000 -0.1452 -0.5178 0.1789 0.6826 15.6661 0.1712 0.1840 0.0395 0.0692 -0.0382 -0.0270 0.1974 0.6400 0.6398
1494806400.0000 141150.0000 -0.5282 -0.0042 0.1821 0.8250 89.5439 0.4781 0.2637 0.0605 -0.1161 -0.0485 -0.0182 0.4011 0.9255 0.9414
1494806400.0000 141450.0000 -0.5189 0.7125 -0.0735 0.9951 143.9315 0.1127 0.4059 0.0522 -0.1340 0.0386 -0.0748 0.2854 0.4932 0.4717
1494806400.0000 141750.0000 -0.5832 -0.3358 0.1687 0.8118 60.0709 0.1523 0.3278 0.0712 0.0799 -0.0325 -0.0637 0.2756 0.6178 0.5944
1494806400.0000 142050.0000 -0.4274 -0.7289 0.2162 0.9812 30.3875 0.2795 0.3509 0.0707 0.1433 -0.0261 -0.0407 0.3506 0.5543 0.5425
1494806400.0000 142350.0000 -0.4444 -1.2558 0.2561 1.4057 19.4869 0.2116 0.3288 0.0663 0.0615 -0.0348 -0.0052 0.3033 0.3315 0.3186
1494806400.0000 142650.0000 -0.2151 -0.3715 0.1246 0.5737 30.0751 0.1125 0.2500 0.0610 0.0673 -0.0095 -0.0518 0.2117 0.8406 0.8098
1494806400.0000 142950.0000 -0.0091 -0.0018 0.0041 0.2932 78.8564 0.0272 0.0905 0.0476 0.0174 -0.0033 -0.0021 0.0827 23.2814 21.4626
1494806400.0000 143250.0000 -0.3520 0.1101 0.0516 0.5662 107.3739 0.2036 0.1222 0.0682 0.0131 -0.0579 -0.0314 0.1970 0.9729 0.8933
1494806400.0000 143550.0000 -0.1405 -0.6030 0.1330 0.8410 13.1125 0.2963 0.2171 0.0812 -0.0739 -0.0185 0.0105 0.2973 0.7031 0.6682
1494806400.0000 143850.0000 0.4804 0.0320 -0.0320 0.7992 266.1877 0.1918 0.3732 0.0942 0.0351 -0.0660 -0.0500 0.3296 0.9715 0.9014
1494806400.0000 144150.0000 0.0111 -0.8381 0.1612 0.9784 359.2384 0.2433 0.2854 0.0781 -0.0107 -0.0771 0.0397 0.3034 0.5269 0.5008
1494806400.0000 144450.0000 -0.1468 -0.8049 0.2393 0.8985 10.3337 0.1263 0.1476 0.0771 -0.0348 -0.0293 0.0067 0.1755 0.4013 0.3693
1494806400.0000 144750.0000 -0.7038 0.4585 0.1181 1.0518 123.0841 0.3111 0.4597 0.1257 0.0729 -0.0534 -0.1360 0.4482 0.6444 0.6034
1494806400.0000 145050.0000 -1.0576 -1.3485 0.4365 1.7880 38.1073 0.4326 0.3956 0.1210 0.1741 -0.1052 -0.0311 0.4746 0.3181 0.3066
1494806400.0000 145350.0000 -0.3236 -1.0276 0.2226 1.1439 17.4814 0.2836 0.3308 0.0599 0.2256 -0.0673 -0.0516 0.3371 0.4309 0.4200
1494806400.0000 145650.0000 0.5454 -0.3368 0.0013 0.7292 301.6988 0.1015 0.0803 0.0585 0.0244 -0.0423 -0.0133 0.1201 0.4415 0.3840
1494806400.0000 145950.0000 0.2592 -0.5448 -0.0017 0.7009 334.5611 0.2294 0.2413 0.0525 -0.1622 -0.0402 0.0390 0.2616 0.6922 0.6565
1494806400.0000 146250.0000 0.8759 -0.1746 -0.2071 0.9456 281.2706 0.1225 0.0710 0.0536 0.0330 -0.0555 -0.0088 0.1236 0.3130 0.2844
1494806400.0000 146550.0000 0.1687 -0.2738 0.0024 0.3999 328.3634 0.0535 0.0969 0.0302 -0.0187 -0.0138 -0.0030 0.0903 0.7631 0.6964
1494806400.0000 146850.0000 0.1196 -0.6290 0.0929 0.7151 349.2314 0.1543 0.0998 0.0343 -0.0710 -0.0265 0.0208 0.1442 0.4792 0.4546
1494806400.0000 147150.0000 0.3528 0.1316 -0.0717 0.5902 249.5459 0.0971 0.1999 0.0267 0.0082 -0.0256 -0.0178 0.1619 0.8571 0.8357
1494806400.0000 147450.0000 0.3512 -0.2810 -0.0583 0.5194 308.6649 0.0555 0.0568 0.0261 0.0001 -0.0064 -0.0067 0.0692 0.4736 0.4303
1494806400.0000 147750.0000 0.2406 -0.0567 0.0286 0.3471 283.2665 0.0314 0.0577 0.0323 0.0160 -0.0144 -0.0191 0.0607 0.8083 0.6970
1494806400.0000 148050.0000 0.1311 -0.5092 0.0894 0.7315 345.5587 0.2503 0.1239 0.0637 0.0621 -0.0600 0.0007 0.2189 0.7163 0.6717
1494806400.0000 148350.0000 0.2660 -0.6805 0.0507 0.8005 338.6498 0.1121 0.2194 0.0434 -0.0498 -0.0220 0.0123 0.1875 0.4827 0.4549
1494806400.0000 148650.0000 0.4081 -0.4304 -0.1272 0.6603 316.5252 0.0999 0.0829 0.0273 -0.0456 -0.0259 0.0054 0.1051 0.4363 0.4162
1494806400.0000 148950.0000 -0.2593 -0.2444 0.1627 0.4366 46.6988 0.1116 0.0707 0.0239 0.0458 -0.0328 -0.0081 0.1031 0.6692 0.6916
1494806400.0000 149250.0000 -0.0398 -0.4245 0.1314 0.4827 5.3551 0.0459 0.0772 0.0257 0.0009 -0.0069 -0.0010 0.0744 0.4992 0.4753
1494806400.0000 149550.0000 0.0666 -0.6260 0.0985 0.7429 353.9297 0.1535 0.2126 0.0610 -0.0703 -0.0442 0.0504 0.2136 0.5922 0.5549
1494806400.0000 149850.0000 0.0974 -0.3380 0.0485 0.4343 343.9305 0.0789 0.0702 0.0336 -0.0339 -0.0264 0.0145 0.0913 0.6949 0.6337
1494806400.0000 150150.0000 0.1151 -0.1772 0.0617 0.3491 326.9822 0.0865 0.0485 0.0265 0.0271 -0.0257 -0.0095 0.0808 1.0541 1.0041
1494806400.0000 150450.0000 -0.0502 -0.5870 0.1725 0.6934 4.8877 0.1628 0.1243 0.0298 0.0083 -0.0195 0.0045 0.1584 0.5294 0.5251
1494806400.0000 150750.0000 0.1568 -0.3440 0.0575 0.4869 335.5015 0.0943 0.0505 0.0237 -0.0086 -0.0206 0.0092 0.0843 0.6199 0.5812
1494806400.0000 151050.0000 0.0044 -0.3770 0.1119 0.4969 359.3270 0.1170 0.0611 0.0209 0.0427 -0.0249 -0.0122 0.0994 0.6547 0.6461
