1494720000.0000 150.0000 nan nan nan nan nan nan nan nan nan nan nan nan nan nan
1494720000.0000 450.0000 nan nan nan nan nan nan nan nan nan nan nan nan nan nan
1494720000.0000 750.0000 nan nan nan nan nan nan nan nan nan nan nan nan nan nan
1494720000.0000 1050.0000 nan nan nan nan nan nan nan nan nan nan nan nan nan nan
1494720000.0000 1350.0000 nan nan nan nan nan nan nan nan nan nan nan nan nan nan
1494720000.0000 1650.0000 nan nan nan nan nan nan nan nan nan nan nan nan nan nan
1494720000.0000 1950.0000 nan nan nan nan nan nan nan nan nan nan nan nan nan nan
1494720000.0000 2250.0000 nan nan nan nan nan nan nan nan nan nan nan nan nan nan
1494720000.0000 2550.0000 nan nan nan nan nan nan nan nan nan nan nan nan nan nan
1494720000.0000 2850.0000 nan nan nan nan nan nan nan nan nan nan nan nan nan nan
1494720000.0000 3150.0000 nan nan nan nan nan nan nan nan nan nan nan nan nan nan
1494720000.0000 3450.0000 nan nan nan nan nan nan nan nan nan nan nan nan nan nan
1494720000.0000 3750.0000 nan nan nan nan nan nan nan nan nan nan nan nan nan nan
1494720000.0000 4050.0000 nan nan nan nan nan nan nan nan nan nan nan nan nan nan
1494720000.0000 4350.0000 nan nan nan nan nan nan nan nan nan nan nan nan nan nan
1494720000.0000 4650.0000 nan nan nan nan nan nan nan nan nan nan nan nan nan nan
1494720000.0000 4950.0000 nan nan nan nan nan nan nan nan nan nan nan nan nan nan
1494720000.0000 5250.0000 nan nan nan nan nan nan nan nan nan nan nan nan nan nan
1494720000.0000 5550.0000 nan nan nan nan nan nan nan nan nan nan nan nan nan nan
1494720000.0000 5850.0000 nan nan nan nan nan nan nan nan nan nan nan nan nan nan
1494720000.0000 6150.0000 nan nan nan nan nan nan nan nan nan nan nan nan nan nan
1494720000.0000 6450.0000 nan nan nan nan nan nan nan nan nan nan nan nan nan nan
1494720000.0000 6750.0000 nan nan nan nan nan nan nan nan nan nan nan nan nan nan
1494720000.0000 7050.0000 nan nan nan nan nan nan nan nan nan nan nan nan nan nan
1494720000.0000 7350.0000 nan nan nan nan nan nan nan nan nan nan nan nan nan nan
1494720000.0000 7650.0000 nan nan nan nan nan nan nan nan nan nan nan nan nan nan
1494720000.0000 7950.0000 nan nan nan nan nan nan nan nan nan nan nan nan nan nan
1494720000.0000 8250.0000 nan nan nan nan nan nan nan nan nan nan nan nan nan nan
1494720000.0000 8550.0000 nan nan nan nan nan nan nan nan nan nan nan nan nan nan
1494720000.0000 8850.0000 nan nan nan nan nan nan nan nan nan nan nan nan nan nan
1494720000.0000 9150.0000 nan nan nan nan nan nan nan nan nan nan nan nan nan nan
1494720000.0000 9450.0000 nan nan nan nan nan nan nan nan nan nan nan nan nan nan
1494720000.0000 9750.0000 nan nan nan nan nan nan nan nan nan nan nan nan nan nan
1494720000.0000 10050.0000 nan nan nan nan nan nan nan nan nan nan nan nan nan nan
1494720000.0000 10350.0000 nan nan nan nan nan nan nan nan nan nan nan nan nan nan
1494720000.0000 10650.0000 nan nan nan nan nan nan nan nan nan nan nan nan nan nan
1494720000.0000 10950.0000 nan nan nan nan nan nan nan nan nan nan nan nan nan nan
1494720000.0000 11250.0000 nan nan nan nan nan nan nan nan nan nan nan nan nan nan
1494720000.0000 11550.0000 nan nan nan nan nan nan nan nan nan nan nan nan nan nan
1494720000.0000 11850.0000 nan nan nan nan nan nan nan nan nan nan nan nan nan nan
1494720000.0000 12150.0000 nan nan nan nan nan nan nan nan nan nan nan nan nan nan
1494720000.0000 12450.0000 nan nan nan nan nan nan nan nan nan nan nan nan nan nan
1494720000.0000 12750.0000 nan nan nan nan nan nan nan nan nan nan nan nan nan nan
1494720000.0000 13050.0000 nan nan nan nan nan nan nan nan nan nan nan nan nan nan
1494720000.0000 13350.0000 nan nan nan nan nan nan nan nan nan nan nan nan nan nan
1494720000.0000 13650.0000 nan nan nan nan nan nan nan nan nan nan nan nan nan nan
1494720000.0000 13950.0000 nan nan nan nan nan nan nan nan nan nan nan nan nan nan
1494720000.0000 14250.0000 nan nan nan nan nan nan nan nan nan nan nan nan nan nan
1494720000.0000 14550.0000 nan nan nan nan nan nan nan nan nan nan nan nan nan nan
1494720000.0000 14850.0000 nan nan nan nan nan nan nan nan nan nan nan nan nan nan
1494720000.0000 15150.0000 nan nan nan nan nan nan nan nan nan nan nan nan nan nan
1494720000.0000 15450.0000 nan nan nan nan nan nan nan nan nan nan nan nan nan nan
1494720000.0000 15750.0000 nan nan nan nan nan nan nan nan nan nan nan nan nan nan
1494720000.0000 16050.0000 nan nan nan nan nan nan nan nan nan nan nan nan nan nan
1494720000.0000 16350.0000 nan nan nan nan nan nan nan nan nan nan nan nan nan nan
1494720000.0000 16650.0000 nan nan nan nan nan nan nan nan nan nan nan nan nan nan
1494720000.0000 16950.0000 nan nan nan nan nan nan nan nan nan nan nan nan nan nan
1494720000.0000 17250.0000 nan nan nan nan nan nan nan nan nan nan nan nan nan nan
1494720000.0000 17550.0000 nan nan nan nan nan nan nan nan nan nan nan nan nan nan
1494720000.0000 17850.0000 nan nan nan nan nan nan nan nan nan nan nan nan nan nan
1494720000.0000 18150.0000 nan nan nan nan nan nan nan nan nan nan nan nan nan nan
1494720000.0000 18450.0000 nan nan nan nan nan nan nan nan nan nan nan nan nan nan
1494720000.0000 18750.0000 nan nan nan nan nan nan nan nan nan nan nan nan nan nan
1494720000.0000 19050.0000 nan nan nan nan nan nan nan nan nan nan nan nan nan nan
1494720000.0000 19350.0000 nan nan nan nan nan nan nan nan nan nan nan nan nan nan
1494720000.0000 19650.0000 nan nan nan nan nan nan nan nan nan nan nan nan nan nan
1494720000.0000 19950.0000 nan nan nan nan nan nan nan nan nan nan nan nan nan nan
1494720000.0000 20250.0000 nan nan nan nan nan nan nan nan nan nan nan nan nan nan
1494720000.0000 20550.0000 nan nan nan nan nan nan nan nan nan nan nan nan nan nan
1494720000.0000 20850.0000 nan nan nan nan nan nan nan nan nan nan nan nan nan nan
1494720000.0000 21150.0000 nan nan nan nan nan nan nan nan nan nan nan nan nan nan
1494720000.0000 21450.0000 nan nan nan nan nan nan nan nan nan nan nan nan nan nan
1494720000.0000 21750.0000 nan nan nan nan nan nan nan nan nan nan nan nan nan nan
1494720000.0000 22050.0000 nan nan nan nan nan nan nan nan nan nan nan nan nan nan
1494720000.0000 22350.0000 nan nan nan nan nan nan nan nan nan nan nan nan nan nan
1494720000.0000 22650.0000 nan nan nan nan nan nan nan nan nan nan nan nan nan nan
1494720000.0000 22950.0000 nan nan nan nan nan nan nan nan nan nan nan nan nan nan
1494720000.0000 23250.0000 nan nan nan nan nan nan nan nan nan nan nan nan nan nan
1494720000.0000 23550.0000 nan nan nan nan nan nan nan nan nan nan nan nan nan nan
1494720000.0000 23850.0000 nan nan nan nan nan nan nan nan nan nan nan nan nan nan
1494720000.0000 24150.0000 nan nan nan nan nan nan nan nan nan nan nan nan nan nan
1494720000.0000 24450.0000 nan nan nan nan nan nan nan nan nan nan nan nan nan nan
1494720000.0000 24750.0000 nan nan nan nan nan nan nan nan nan nan nan nan nan nan
1494720000.0000 25050.0000 nan nan nan nan nan nan nan nan nan nan nan nan nan nan
1494720000.0000 25350.0000 nan nan nan nan nan nan nan nan nan nan nan nan nan nan
1494720000.0000 25650.0000 nan nan nan nan nan nan nan nan nan nan nan nan nan nan
1494720000.0000 25950.0000 nan nan nan nan nan nan nan nan nan nan nan nan nan nan
1494720000.0000 26250.0000 nan nan nan nan nan nan nan nan nan nan nan nan nan nan
1494720000.0000 26550.0000 nan nan nan nan nan nan nan nan nan nan nan nan nan nan
1494720000.0000 26850.0000 nan nan nan nan nan nan nan nan nan nan nan nan nan nan
1494720000.0000 27150.0000 nan nan nan nan nan nan nan nan nan nan nan nan nan nan
1494720000.0000 27450.0000 nan nan nan nan nan nan nan nan nan nan nan nan nan nan
1494720000.0000 27750.0000 nan nan nan nan nan nan nan nan nan nan nan nan nan nan
1494720000.0000 28050.0000 nan nan nan nan nan nan nan nan nan nan nan nan nan nan
1494720000.0000 28350.0000 nan nan nan nan nan nan nan nan nan nan nan nan nan nan
1494720000.0000 28650.0000 nan nan nan nan nan nan nan nan nan nan nan nan nan nan
1494720000.0000 28950.0000 nan nan nan nan nan nan nan nan nan nan nan nan nan nan
1494720000.0000 29250.0000 nan nan nan nan nan nan nan nan nan nan nan nan nan nan
1494720000.0000 29550.0000 nan nan nan nan nan nan nan nan nan nan nan nan nan nan
1494720000.0000 29850.0000 nan nan nan nan nan nan nan nan nan nan nan nan nan nan
1494720000.0000 30150.0000 nan nan nan nan nan nan nan nan nan nan nan nan nan nan
1494720000.0000 30450.0000 nan nan nan nan nan nan nan nan nan nan nan nan nan nan
1494720000.0000 30750.0000 nan nan nan nan nan nan nan nan nan nan nan nan nan nan
1494720000.0000 31050.0000 nan nan nan nan nan nan nan nan nan nan nan nan nan nan
1494720000.0000 31350.0000 nan nan nan nan nan nan nan nan nan nan nan nan nan nan
1494720000.0000 31650.0000 nan nan nan nan nan nan nan nan nan nan nan nan nan nan
1494720000.0000 31950.0000 nan nan nan nan nan nan nan nan nan nan nan nan nan nan
1494720000.0000 32250.0000 nan nan nan nan nan nan nan nan nan nan nan nan nan nan
1494720000.0000 32550.0000 nan nan nan nan nan nan nan nan nan nan nan nan nan nan
1494720000.0000 32850.0000 nan nan nan nan nan nan nan nan nan nan nan nan nan nan
1494720000.0000 33150.0000 nan nan nan nan nan nan nan nan nan nan nan nan nan nan
1494720000.0000 33450.0000 nan nan nan nan nan nan nan nan nan nan nan nan nan nan
1494720000.0000 33750.0000 nan nan nan nan nan nan nan nan nan nan nan nan nan nan
1494720000.0000 34050.0000 nan nan nan nan nan nan nan nan nan nan nan nan nan nan
1494720000.0000 34350.0000 nan nan nan nan nan nan nan nan nan nan nan nan nan nan
1494720000.0000 34650.0000 nan nan nan nan nan nan nan nan nan nan nan nan nan nan
1494720000.0000 34950.0000 nan nan nan nan nan nan nan nan nan nan nan nan nan nan
1494720000.0000 35250.0000 nan nan nan nan nan nan nan nan nan nan nan nan nan nan
1494720000.0000 35550.0000 nan nan nan nan nan nan nan nan nan nan nan nan nan nan
1494720000.0000 35850.0000 nan nan nan nan nan nan nan nan nan nan nan nan nan nan
1494720000.0000 36150.0000 nan nan nan nan nan nan nan nan nan nan nan nan nan nan
1494720000.0000 36450.0000 nan nan nan nan nan nan nan nan nan nan nan nan nan nan
1494720000.0000 36750.0000 nan nan nan nan nan nan nan nan nan nan nan nan nan nan
1494720000.0000 37050.0000 nan nan nan nan nan nan nan nan nan nan nan nan nan nan
1494720000.0000 37350.0000 nan nan nan nan nan nan nan nan nan nan nan nan nan nan
1494720000.0000 37650.0000 nan nan nan nan nan nan nan nan nan nan nan nan nan nan
1494720000.0000 37950.0000 nan nan nan nan nan nan nan nan nan nan nan nan nan nan
1494720000.0000 38250.0000 nan nan nan nan nan nan nan nan nan nan nan nan nan nan
1494720000.0000 38550.0000 nan nan nan nan nan nan nan nan nan nan nan nan nan nan
1494720000.0000 38850.0000 nan nan nan nan nan nan nan nan nan nan nan nan nan nan
1494720000.0000 39150.0000 nan nan nan nan nan nan nan nan nan nan nan nan nan nan
1494720000.0000 39450.0000 nan nan nan nan nan nan nan nan nan nan nan nan nan nan
1494720000.0000 39750.0000 nan nan nan nan nan nan nan nan nan nan nan nan nan nan
1494720000.0000 40050.0000 nan nan nan nan nan nan nan nan nan nan nan nan nan nan
1494720000.0000 40350.0000 nan nan nan nan nan nan nan nan nan nan nan nan nan nan
1494720000.0000 40650.0000 nan nan nan nan nan nan nan nan nan nan nan nan nan nan
1494720000.0000 40950.0000 nan nan nan nan nan nan nan nan nan nan nan nan nan nan
1494720000.0000 41250.0000 nan nan nan nan nan nan nan nan nan nan nan nan nan nan
1494720000.0000 41550.0000 nan nan nan nan nan nan nan nan nan nan nan nan nan nan
1494720000.0000 41850.0000 nan nan nan nan nan nan nan nan nan nan nan nan nan nan
1494720000.0000 42150.0000 nan nan nan nan nan nan nan nan nan nan nan nan nan nan
1494720000.0000 42450.0000 nan nan nan nan nan nan nan nan nan nan nan nan nan nan
1494720000.0000 42750.0000 nan nan nan nan nan nan nan nan nan nan nan nan nan nan
1494720000.0000 43050.0000 nan nan nan nan nan nan nan nan nan nan nan nan nan nan
1494720000.0000 43350.0000 nan nan nan nan nan nan nan nan nan nan nan nan nan nan
1494720000.0000 43650.0000 nan nan nan nan nan nan nan nan nan nan nan nan nan nan
1494720000.0000 43950.0000 nan nan nan nan nan nan nan nan nan nan nan nan nan nan
1494720000.0000 44250.0000 nan nan nan nan nan nan nan nan nan nan nan nan nan nan
1494720000.0000 44550.0000 nan nan nan nan nan nan nan nan nan nan nan nan nan nan
1494720000.0000 44850.0000 nan nan nan nan nan nan nan nan nan nan nan nan nan nan
1494720000.0000 45150.0000 nan nan nan nan nan nan nan nan nan nan nan nan nan nan
1494720000.0000 45450.0000 nan nan nan nan nan nan nan nan nan nan nan nan nan nan
1494720000.0000 45750.0000 nan nan nan nan nan nan nan nan nan nan nan nan nan nan
1494720000.0000 46050.0000 nan nan nan nan nan nan nan nan nan nan nan nan nan nan
1494720000.0000 46350.0000 nan nan nan nan nan nan nan nan nan nan nan nan nan nan
1494720000.0000 46650.0000 nan nan nan nan nan nan nan nan nan nan nan nan nan nan
1494720000.0000 46950.0000 nan nan nan nan nan nan nan nan nan nan nan nan nan nan
1494720000.0000 47250.0000 nan nan nan nan nan nan nan nan nan nan nan nan nan nan
1494720000.0000 47550.0000 nan nan nan nan nan nan nan nan nan nan nan nan nan nan
1494720000.0000 47850.0000 nan nan nan nan nan nan nan nan nan nan nan nan nan nan
1494720000.0000 48150.0000 nan nan nan nan nan nan nan nan nan nan nan nan nan nan
1494720000.0000 48450.0000 nan nan nan nan nan nan nan nan nan nan nan nan nan nan
1494720000.0000 48750.0000 nan nan nan nan nan nan nan nan nan nan nan nan nan nan
1494720000.0000 49050.0000 nan nan nan nan nan nan nan nan nan nan nan nan nan nan
1494720000.0000 49350.0000 nan nan nan nan nan nan nan nan nan nan nan nan nan nan
1494720000.0000 49650.0000 nan nan nan nan nan nan nan nan nan nan nan nan nan nan
1494720000.0000 49950.0000 nan nan nan nan nan nan nan nan nan nan nan nan nan nan
1494720000.0000 50250.0000 nan nan nan nan nan nan nan nan nan nan nan nan nan nan
1494720000.0000 50550.0000 nan nan nan nan nan nan nan nan nan nan nan nan nan nan
1494720000.0000 50850.0000 nan nan nan nan nan nan nan nan nan nan nan nan nan nan
1494720000.0000 51150.0000 nan nan nan nan nan nan nan nan nan nan nan nan nan nan
1494720000.0000 51450.0000 nan nan nan nan nan nan nan nan nan nan nan nan nan nan
1494720000.0000 51750.0000 nan nan nan nan nan nan nan nan nan nan nan nan nan nan
1494720000.0000 52050.0000 nan nan nan nan nan nan nan nan nan nan nan nan nan nan
1494720000.0000 52350.0000 nan nan nan nan nan nan nan nan nan nan nan nan nan nan
1494720000.0000 52650.0000 nan nan nan nan nan nan nan nan nan nan nan nan nan nan
1494720000.0000 52950.0000 nan nan nan nan nan nan nan nan nan nan nan nan nan nan
1494720000.0000 53250.0000 nan nan nan nan nan nan nan nan nan nan nan nan nan nan
1494720000.0000 53550.0000 nan nan nan nan nan nan nan nan nan nan nan nan nan nan
1494720000.0000 53850.0000 nan nan nan nan nan nan nan nan nan nan nan nan nan nan
1494720000.0000 54150.0000 nan nan nan nan nan nan nan nan nan nan nan nan nan nan
1494720000.0000 54450.0000 nan nan nan nan nan nan nan nan nan nan nan nan nan nan
1494720000.0000 54750.0000 nan nan nan nan nan nan nan nan nan nan nan nan nan nan
1494720000.0000 55050.0000 nan nan nan nan nan nan nan nan nan nan nan nan nan nan
1494720000.0000 55350.0000 nan nan nan nan nan nan nan nan nan nan nan nan nan nan
1494720000.0000 55650.0000 nan nan nan nan nan nan nan nan nan nan nan nan nan nan
1494720000.0000 55950.0000 nan nan nan nan nan nan nan nan nan nan nan nan nan nan
1494720000.0000 56250.0000 nan nan nan nan nan nan nan nan nan nan nan nan nan nan
1494720000.0000 56550.0000 nan nan nan nan nan nan nan nan nan nan nan nan nan nan
1494720000.0000 56850.0000 nan nan nan nan nan nan nan nan nan nan nan nan nan nan
1494720000.0000 57150.0000 nan nan nan nan nan nan nan nan nan nan nan nan nan nan
1494720000.0000 57450.0000 nan nan nan nan nan nan nan nan nan nan nan nan nan nan
1494720000.0000 57750.0000 nan nan nan nan nan nan nan nan nan nan nan nan nan nan
1494720000.0000 58050.0000 nan nan nan nan nan nan nan nan nan nan nan nan nan nan
1494720000.0000 58350.0000 nan nan nan nan nan nan nan nan nan nan nan nan nan nan
1494720000.0000 58650.0000 nan nan nan nan nan nan nan nan nan nan nan nan nan nan
1494720000.0000 58950.0000 nan nan nan nan nan nan nan nan nan nan nan nan nan nan
1494720000.0000 59250.0000 -0.0798 -1.0108 0.3003 1.0871 4.5145 0.1236 0.2921 0.1593 -0.0076 -0.0386 0.0543 0.2875 0.4140 0.3671
1494720000.0000 59550.0000 0.0145 -0.5602 0.2331 0.6443 358.5144 0.0980 0.2076 0.0580 -0.0302 -0.0167 0.0222 0.1818 0.5735 0.5695
1494720000.0000 59850.0000 -0.0440 -0.3675 0.1432 0.5345 6.8260 0.1108 0.1431 0.0733 -0.0383 -0.0010 0.0273 0.1636 0.8321 0.7859
1494720000.0000 60150.0000 -0.0966 -0.6669 0.1241 0.7793 8.2431 0.1446 0.2039 0.1073 0.0191 -0.0024 -0.0221 0.2279 0.5689 0.5059
1494720000.0000 60450.0000 0.0671 -0.2659 0.0931 0.6689 345.8366 0.2885 0.2233 0.0970 0.0415 -0.0848 -0.0562 0.3044 1.5557 1.5063
1494720000.0000 60750.0000 -0.3675 -0.4353 0.1930 0.7971 40.1761 0.3157 0.1813 0.1000 0.0247 -0.0585 -0.0323 0.2985 0.7416 0.7145
1494720000.0000 61050.0000 0.0771 0.0055 -0.0498 0.4329 265.9128 0.1494 0.0975 0.0463 0.0390 -0.0366 -0.0039 0.1466 3.4005 3.7122
1494720000.0000 61350.0000 -0.2138 -0.3636 0.2376 0.5875 30.4583 0.2053 0.1642 0.0622 0.0692 -0.0378 -0.0102 0.2159 0.7836 0.8321
1494720000.0000 61650.0000 -0.0428 -0.1982 0.0827 0.2752 12.1908 0.0380 0.0406 0.0178 0.0044 -0.0012 0.0050 0.0482 0.8188 0.7984
1494720000.0000 61950.0000 0.1011 -0.1937 0.0925 0.5148 332.4285 0.1636 0.1559 0.0580 -0.0112 -0.0454 0.0173 0.1888 1.4948 1.4934
1494720000.0000 62250.0000 -0.7609 -0.5214 0.2218 1.0296 55.5811 0.3519 0.2752 0.1334 0.1739 -0.0904 -0.0825 0.3802 0.5307 0.4957
1494720000.0000 62550.0000 -0.5782 -0.7623 0.2579 1.1084 37.1815 0.4788 0.1731 0.1002 0.0515 -0.0789 0.0027 0.3761 0.5053 0.4872
1494720000.0000 62850.0000 0.0479 -0.3134 0.0517 0.4784 351.3008 0.0724 0.1562 0.0544 -0.0089 -0.0175 -0.0015 0.1415 0.9563 0.8709
1494720000.0000 63150.0000 0.2546 -0.1443 0.0489 0.4091 299.5483 0.0585 0.0620 0.0135 0.0083 -0.0104 -0.0010 0.0670 0.7124 0.6849
1494720000.0000 63450.0000 0.0593 -0.0928 -0.0949 0.3755 327.4277 0.0712 0.1495 0.0530 -0.0155 -0.0216 0.0042 0.1368 2.0777 2.4624
1494720000.0000 63750.0000 0.3700 0.2955 -0.1997 0.7185 231.3853 0.3488 0.0830 0.0736 0.1026 -0.1134 -0.0473 0.2527 0.7987 0.8012
1494720000.0000 64050.0000 0.1078 0.0381 -0.0056 0.2596 250.5532 0.0741 0.0230 0.0447 0.0159 -0.0315 -0.0122 0.0709 1.8990 1.5735
1494720000.0000 64350.0000 0.2249 0.1224 -0.0026 0.3933 241.4292 0.0512 0.0917 0.0261 0.0105 -0.0087 -0.0358 0.0845 0.9268 0.8522
1494720000.0000 64650.0000 0.2504 0.3796 -0.1509 0.5266 213.4061 0.0582 0.0414 0.0115 -0.0157 -0.0043 -0.0088 0.0556 0.4017 0.4008
1494720000.0000 64950.0000 0.3532 0.1141 -0.1250 0.4791 252.0911 0.1684 0.0217 0.0263 0.0052 -0.0423 -0.0063 0.1082 0.6857 0.6782
1494720000.0000 65250.0000 0.0919 0.0818 -0.0065 0.6246 228.3203 0.2304 0.2572 0.0722 0.1066 -0.0777 -0.0614 0.2799 3.5051 3.2758
1494720000.0000 65550.0000 0.2406 0.0705 -0.1158 0.5775 253.6632 0.0901 0.2468 0.0414 0.0532 -0.0301 -0.0528 0.1891 1.2855 1.3362
1494720000.0000 65850.0000 0.3542 0.4005 -0.1553 0.6482 221.4862 0.1270 0.0406 0.0181 -0.0304 -0.0295 0.0045 0.0928 0.4468 0.4420
1494720000.0000 66150.0000 0.2268 0.2709 -0.1400 0.5271 219.9383 0.1179 0.0737 0.0279 0.0479 -0.0350 -0.0260 0.1098 0.7117 0.7152
1494720000.0000 66450.0000 0.4914 0.4375 -0.2314 0.6795 228.3206 0.0223 0.0260 0.0083 -0.0036 -0.0052 -0.0012 0.0283 0.1969 0.1927
1494720000.0000 66750.0000 0.3744 0.4570 -0.2152 0.6048 219.3276 0.0119 0.0211 0.0060 0.0011 -0.0028 -0.0008 0.0194 0.1811 0.1773
1494720000.0000 67050.0000 0.3033 0.5627 -0.2303 0.6518 208.3272 0.0209 0.0091 0.0046 0.0028 -0.0054 -0.0019 0.0173 0.1579 0.1563
1494720000.0000 67350.0000 -0.1356 0.3964 -0.0292 0.7239 161.1191 0.2912 0.1035 0.0384 0.1441 -0.0769 -0.0353 0.2165 0.9046 0.8657
1494720000.0000 67650.0000 0.3928 0.5517 -0.2343 0.7044 215.4504 0.0327 0.0225 0.0099 -0.0019 -0.0115 -0.0011 0.0326 0.2057 0.2004
1494720000.0000 67950.0000 0.2532 0.4065 -0.1135 0.5304 211.9200 0.0535 0.0476 0.0253 0.0256 -0.0275 -0.0244 0.0631 0.4168 0.3831
1494720000.0000 68250.0000 0.2342 0.4294 -0.1988 0.5242 208.6082 0.0384 0.0442 0.0179 0.0170 -0.0143 -0.0177 0.0502 0.3466 0.3392
1494720000.0000 68550.0000 0.1107 0.2201 -0.0612 0.3688 206.6982 0.0460 0.0671 0.0110 -0.0112 0.0063 -0.0112 0.0620 0.8011 0.7880
1494720000.0000 68850.0000 0.4053 0.5446 -0.2416 0.6887 216.6569 0.0167 0.0202 0.0077 0.0052 -0.0021 -0.0038 0.0223 0.1693 0.1634
1494720000.0000 69150.0000 0.4168 0.5718 -0.2522 0.7167 216.0899 0.0148 0.0142 0.0036 0.0019 -0.0029 -0.0027 0.0163 0.1388 0.1390
1494720000.0000 69450.0000 0.5958 0.5418 -0.3017 0.8133 227.7171 0.0189 0.0110 0.0057 0.0015 -0.0072 -0.0023 0.0178 0.1267 0.1240
1494720000.0000 69750.0000 0.5345 0.6272 -0.2749 0.8374 220.4418 0.0153 0.0216 0.0102 -0.0036 -0.0043 -0.0025 0.0235 0.1442 0.1345
1494720000.0000 70050.0000 0.5542 0.4038 -0.2355 0.7087 233.9243 0.0248 0.0307 0.0077 -0.0053 -0.0052 -0.0041 0.0316 0.2001 0.1983
1494720000.0000 70350.0000 0.7395 0.3534 -0.2570 0.8540 244.4541 0.0397 0.0535 0.0181 -0.0066 -0.0093 -0.0034 0.0556 0.2242 0.2151
1494720000.0000 70650.0000 0.6855 0.2674 -0.2393 0.8202 248.6911 0.0900 0.1132 0.0445 -0.0406 -0.0342 0.0193 0.1238 0.3713 0.3536
1494720000.0000 70950.0000 0.6247 0.2072 -0.2006 0.7322 251.6456 0.0771 0.0944 0.0321 -0.0221 -0.0197 0.0023 0.1018 0.3787 0.3633
1494720000.0000 71250.0000 0.5828 0.2476 -0.2231 0.6989 246.9821 0.0535 0.0763 0.0280 -0.0239 -0.0133 0.0022 0.0789 0.3415 0.3284
1494720000.0000 71550.0000 0.5366 0.1049 -0.1606 0.6492 258.9374 0.0912 0.1070 0.0419 -0.0131 -0.0284 0.0082 0.1201 0.4965 0.4701
1494720000.0000 71850.0000 0.6855 0.2764 -0.2488 0.8019 248.0396 0.0608 0.0813 0.0230 -0.0161 -0.0167 0.0076 0.0826 0.3008 0.2945
1494720000.0000 72150.0000 0.8017 0.3086 -0.3410 0.9284 248.9474 0.0763 0.1114 0.0290 -0.0415 -0.0224 0.0170 0.1084 0.2908 0.2912
1494720000.0000 72450.0000 0.6678 0.3197 -0.2687 0.7853 244.4185 0.0306 0.0641 0.0221 -0.0090 -0.0089 0.0017 0.0584 0.2505 0.2399
1494720000.0000 72750.0000 0.6959 0.3290 -0.2930 0.8163 244.6942 0.0328 0.0689 0.0243 -0.0162 -0.0129 0.0027 0.0630 0.2488 0.2391
1494720000.0000 73050.0000 0.5450 0.4139 -0.2336 0.7115 232.7803 0.0261 0.0332 0.0177 -0.0082 -0.0093 0.0063 0.0385 0.2215 0.2055
1494720000.0000 73350.0000 0.5877 0.4231 -0.2684 0.7599 234.2452 0.0248 0.0494 0.0219 -0.0077 -0.0102 -0.0032 0.0481 0.2318 0.2172
1494720000.0000 73650.0000 0.5437 0.4211 -0.2641 0.7130 232.2428 0.0312 0.0413 0.0193 0.0050 -0.0158 -0.0086 0.0459 0.2375 0.2261
1494720000.0000 73950.0000 0.4955 0.4009 -0.2472 0.6603 231.0266 0.0215 0.0292 0.0160 -0.0034 -0.0100 -0.0010 0.0333 0.2181 0.2039
1494720000.0000 74250.0000 0.5289 0.4348 -0.2564 0.7017 230.5775 0.0229 0.0205 0.0128 -0.0024 -0.0092 0.0007 0.0281 0.1872 0.1756
1494720000.0000 74550.0000 0.5450 0.3608 -0.2604 0.6853 236.4973 0.0350 0.0374 0.0123 -0.0005 -0.0113 -0.0027 0.0424 0.2389 0.2377
1494720000.0000 74850.0000 0.5879 0.3836 -0.2633 0.7206 236.8794 0.0206 0.0247 0.0116 -0.0023 -0.0067 -0.0034 0.0285 0.1838 0.1751
1494720000.0000 75150.0000 0.5574 0.4326 -0.2595 0.7283 232.1855 0.0235 0.0288 0.0162 -0.0042 -0.0033 -0.0021 0.0343 0.2011 0.1872
1494720000.0000 75450.0000 0.6836 0.4139 -0.3150 0.8464 238.8041 0.0472 0.0713 0.0274 -0.0150 -0.0174 0.0009 0.0730 0.2568 0.2487
1494720000.0000 75750.0000 0.5595 0.4845 -0.3260 0.7573 229.1106 0.0206 0.0251 0.0136 -0.0032 -0.0086 -0.0024 0.0296 0.1738 0.1667
1494720000.0000 76050.0000 0.4627 0.4135 -0.2691 0.6462 228.2141 0.0199 0.0276 0.0144 -0.0078 -0.0069 0.0014 0.0309 0.2124 0.2028
1494720000.0000 76350.0000 0.4364 0.4081 -0.2489 0.6282 226.9196 0.0391 0.0258 0.0165 -0.0059 -0.0143 0.0011 0.0407 0.2545 0.2462
1494720000.0000 76650.0000 0.2896 0.3488 -0.1615 0.4660 219.7034 0.0109 0.0151 0.0085 0.0008 -0.0040 -0.0031 0.0172 0.2227 0.2052
1494720000.0000 76950.0000 0.4326 0.3341 -0.1542 0.5641 232.3220 0.0119 0.0167 0.0068 -0.0037 -0.0041 -0.0002 0.0177 0.1914 0.1787
1494720000.0000 77250.0000 0.3951 0.4821 -0.2184 0.6318 219.3394 0.0112 0.0091 0.0041 -0.0003 -0.0037 -0.0007 0.0122 0.1365 0.1318
1494720000.0000 77550.0000 0.4103 0.4042 -0.2006 0.6063 225.4257 0.0192 0.0336 0.0079 -0.0038 -0.0046 0.0002 0.0304 0.2334 0.2304
1494720000.0000 77850.0000 0.3759 0.3298 -0.1799 0.5190 228.7361 0.0127 0.0189 0.0053 -0.0026 -0.0020 0.0000 0.0185 0.2087 0.2051
1494720000.0000 78150.0000 0.3590 0.5847 -0.2463 0.6885 211.5501 0.0048 0.0105 0.0020 0.0037 -0.0012 -0.0025 0.0086 0.1042 0.1042
1494720000.0000 78450.0000 0.5265 0.5690 -0.2894 0.7854 222.7788 0.0124 0.0118 0.0048 -0.0039 -0.0033 -0.0003 0.0145 0.1188 0.1159
1494720000.0000 78750.0000 0.4703 0.4775 -0.2517 0.6806 224.5655 0.0112 0.0167 0.0070 -0.0006 -0.0034 -0.0003 0.0174 0.1506 0.1439
1494720000.0000 79050.0000 0.4730 0.4229 -0.2444 0.6454 228.2000 0.0138 0.0122 0.0070 -0.0016 -0.0038 -0.0015 0.0165 0.1543 0.1467
1494720000.0000 79350.0000 0.3696 0.3412 -0.1720 0.5275 227.2937 0.0238 0.0217 0.0081 0.0027 -0.0082 -0.0037 0.0267 0.2512 0.2447
1494720000.0000 79650.0000 0.3206 0.4010 -0.1832 0.5232 218.6484 0.0067 0.0129 0.0034 -0.0011 -0.0018 -0.0006 0.0115 0.1606 0.1576
1494720000.0000 79950.0000 0.2387 0.4243 -0.1742 0.4965 209.3651 0.0141 0.0156 0.0035 0.0063 -0.0024 -0.0027 0.0166 0.2034 0.2042
1494720000.0000 80250.0000 0.3481 0.4720 -0.1907 0.5956 216.4052 0.0114 0.0073 0.0034 -0.0005 -0.0030 -0.0006 0.0110 0.1389 0.1345
1494720000.0000 80550.0000 0.4057 0.5721 -0.2384 0.7037 215.3434 0.0040 0.0083 0.0025 0.0022 -0.0006 -0.0008 0.0074 0.0949 0.0915
1494720000.0000 80850.0000 0.3775 0.5955 -0.2413 0.7069 212.3747 0.0036 0.0045 0.0020 0.0016 -0.0015 -0.0015 0.0051 0.0781 0.0739
1494720000.0000 81150.0000 0.3029 0.5076 -0.1948 0.5998 210.8231 0.0185 0.0201 0.0093 0.0121 -0.0077 -0.0066 0.0240 0.2031 0.1920
1494720000.0000 81450.0000 0.4419 0.6638 -0.2817 0.7987 213.6542 0.0017 0.0035 0.0017 0.0002 -0.0000 -0.0009 0.0035 0.0567 0.0523
1494720000.0000 81750.0000 0.4458 0.6278 -0.2620 0.7717 215.3778 0.0021 0.0065 0.0011 0.0010 -0.0003 -0.0013 0.0048 0.0698 0.0693
1494720000.0000 82050.0000 0.4666 0.4798 -0.2422 0.6774 224.2037 0.0075 0.0092 0.0020 -0.0027 -0.0014 -0.0006 0.0094 0.1112 0.1118
1494720000.0000 82350.0000 0.3175 0.5483 -0.2182 0.6414 210.0742 0.0115 0.0081 0.0023 0.0013 -0.0030 -0.0016 0.0110 0.1276 0.1275
1494720000.0000 82650.0000 0.3930 0.5041 -0.2257 0.6484 217.9383 0.0073 0.0158 0.0053 -0.0006 -0.0009 -0.0032 0.0142 0.1436 0.1374
1494720000.0000 82950.0000 0.4189 0.5303 -0.2228 0.6839 218.3053 0.0063 0.0136 0.0024 -0.0013 -0.0007 -0.0020 0.0111 0.1210 0.1204
1494720000.0000 83250.0000 0.4351 0.6781 -0.2869 0.8074 212.6860 0.0027 0.0046 0.0016 0.0005 -0.0002 -0.0007 0.0044 0.0633 0.0609
1494720000.0000 83550.0000 0.2990 0.5493 -0.1901 0.6294 208.5575 0.0093 0.0102 0.0035 0.0061 -0.0027 -0.0033 0.0115 0.1339 0.1289
1494720000.0000 83850.0000 0.3545 0.5486 -0.2121 0.6591 212.8717 0.0123 0.0173 0.0051 0.0083 -0.0026 -0.0053 0.0173 0.1566 0.1520
1494720000.0000 84150.0000 0.4176 0.5536 -0.2403 0.6958 217.0275 0.0036 0.0049 0.0014 0.0007 -0.0006 -0.0010 0.0050 0.0783 0.0766
1494720000.0000 84450.0000 0.4084 0.5384 -0.2564 0.6788 217.1796 0.0025 0.0081 0.0025 0.0004 -0.0001 -0.0017 0.0066 0.0915 0.0881
1494720000.0000 84750.0000 0.2907 0.3528 -0.1288 0.4754 219.4822 0.0151 0.0231 0.0060 0.0024 -0.0032 -0.0035 0.0221 0.2557 0.2469
1494720000.0000 85050.0000 0.3279 0.5101 -0.2173 0.6122 212.7277 0.0172 0.0198 0.0079 0.0130 -0.0092 -0.0095 0.0225 0.1899 0.1832
1494720000.0000 85350.0000 0.4523 0.5794 -0.2728 0.7376 217.9794 0.0027 0.0069 0.0028 0.0002 -0.0009 -0.0020 0.0062 0.0817 0.0767
1494720000.0000 85650.0000 0.4110 0.6599 -0.2784 0.7796 211.9193 0.0052 0.0105 0.0040 0.0039 -0.0016 -0.0030 0.0099 0.0982 0.0931
1494720000.0000 85950.0000 0.4364 0.6807 -0.2802 0.8105 212.6626 0.0044 0.0061 0.0029 0.0022 -0.0011 -0.0017 0.0067 0.0782 0.0731
1494720000.0000 86250.0000 0.3939 0.6391 -0.2704 0.7534 211.6434 0.0079 0.0111 0.0064 0.0055 -0.0032 -0.0041 0.0127 0.1151 0.1058
1494806400.0000 86550.0000 0.3672 0.5389 -0.2664 0.6556 214.2648 0.0056 0.0075 0.0036 0.0019 -0.0015 -0.0021 0.0084 0.1060 0.1012
1494806400.0000 86850.0000 0.3138 0.6064 -0.2451 0.6886 207.3598 0.0124 0.0091 0.0030 0.0054 -0.0014 -0.0022 0.0122 0.1246 0.1240
1494806400.0000 87150.0000 0.3766 0.6200 -0.2710 0.7302 211.2754 0.0125 0.0175 0.0074 0.0085 -0.0029 -0.0047 0.0187 0.1442 0.1379
1494806400.0000 87450.0000 0.4580 0.6531 -0.2941 0.8009 215.0438 0.0042 0.0100 0.0039 0.0011 -0.0008 -0.0036 0.0091 0.0914 0.0862
1494806400.0000 87750.0000 0.3775 0.5723 -0.2298 0.6931 213.4080 0.0197 0.0197 0.0066 0.0124 -0.0062 -0.0062 0.0230 0.1712 0.1672
1494806400.0000 88050.0000 0.3213 0.4901 -0.1789 0.5958 213.2465 0.0210 0.0263 0.0064 0.0147 -0.0044 -0.0066 0.0269 0.2185 0.2144
1494806400.0000 88350.0000 0.3763 0.5701 -0.2378 0.6870 213.4278 0.0057 0.0115 0.0038 0.0028 -0.0009 -0.0033 0.0105 0.1157 0.1109
1494806400.0000 88650.0000 0.4248 0.6183 -0.2664 0.7521 214.4888 0.0024 0.0102 0.0017 0.0021 -0.0007 -0.0024 0.0071 0.0867 0.0864
1494806400.0000 88950.0000 0.3222 0.4460 -0.1938 0.5600 215.8458 0.0117 0.0181 0.0055 0.0042 -0.0009 -0.0028 0.0177 0.1860 0.1812
1494806400.0000 89250.0000 0.4233 0.4838 -0.2358 0.6475 221.1801 0.0069 0.0055 0.0026 -0.0001 -0.0023 -0.0007 0.0075 0.1030 0.0996
1494806400.0000 89550.0000 0.5221 0.5205 -0.2429 0.7450 225.0913 0.0082 0.0091 0.0036 -0.0030 -0.0009 -0.0001 0.0104 0.1075 0.1029
1494806400.0000 89850.0000 0.4882 0.4303 -0.1890 0.6621 228.6081 0.0074 0.0166 0.0060 -0.0017 -0.0022 -0.0004 0.0150 0.1476 0.1374
1494806400.0000 90150.0000 0.4501 0.4813 -0.2189 0.6707 223.0841 0.0088 0.0152 0.0038 -0.0034 -0.0015 0.0002 0.0139 0.1386 0.1358
1494806400.0000 90450.0000 0.4385 0.5737 -0.2418 0.7271 217.3890 0.0052 0.0106 0.0022 -0.0003 -0.0005 -0.0005 0.0090 0.1018 0.1005
1494806400.0000 90750.0000 0.4915 0.5505 -0.2516 0.7561 221.7569 0.0154 0.0198 0.0024 -0.0096 -0.0009 -0.0016 0.0188 0.1435 0.1467
1494806400.0000 91050.0000 0.4889 0.5603 -0.2713 0.7486 221.1077 0.0059 0.0070 0.0031 -0.0013 -0.0023 0.0002 0.0079 0.0919 0.0879
1494806400.0000 91350.0000 0.5084 0.6269 -0.2782 0.8132 219.0414 0.0076 0.0114 0.0029 -0.0012 -0.0012 -0.0031 0.0110 0.1001 0.0987
1494806400.0000 91650.0000 0.4666 0.5600 -0.2497 0.7324 219.7983 0.0057 0.0052 0.0023 0.0004 -0.0014 -0.0001 0.0066 0.0863 0.0830
1494806400.0000 91950.0000 0.3730 0.6021 -0.2337 0.7124 211.7797 0.0083 0.0118 0.0033 0.0046 -0.0027 -0.0038 0.0117 0.1185 0.1156
1494806400.0000 92250.0000 0.1235 0.4453 -0.1333 0.4762 195.4998 0.0173 0.0086 0.0053 0.0059 -0.0041 -0.0033 0.0156 0.2122 0.2011
1494806400.0000 92550.0000 0.3387 0.5372 -0.2317 0.6401 212.2296 0.0077 0.0062 0.0023 0.0013 0.0000 -0.0014 0.0081 0.1090 0.1074
1494806400.0000 92850.0000 0.3973 0.5644 -0.3124 0.7010 215.1451 0.0177 0.0101 0.0064 0.0009 0.0008 -0.0031 0.0171 0.1409 0.1394
1494806400.0000 93150.0000 0.3662 0.6051 -0.3058 0.7240 211.1803 0.0249 0.0139 0.0100 -0.0000 0.0020 -0.0054 0.0244 0.1655 0.1608
1494806400.0000 93450.0000 0.3821 0.5793 -0.2748 0.7117 213.4084 0.0301 0.0162 0.0093 0.0028 -0.0003 -0.0036 0.0278 0.1824 0.1791
1494806400.0000 93750.0000 0.2398 0.5401 -0.2269 0.6109 203.9363 0.0294 0.0246 0.0117 0.0098 -0.0017 -0.0066 0.0328 0.2337 0.2269
1494806400.0000 94050.0000 0.0911 0.4805 -0.1448 0.5323 190.7341 0.0480 0.0204 0.0128 0.0061 0.0007 -0.0047 0.0406 0.3223 0.3086
1494806400.0000 94350.0000 0.1302 0.4561 -0.1474 0.5159 195.9358 0.0417 0.0209 0.0168 0.0069 -0.0033 -0.0051 0.0397 0.3274 0.3045
1494806400.0000 94650.0000 0.3572 0.4795 -0.2168 0.6094 216.6807 0.0217 0.0133 0.0074 0.0064 -0.0047 -0.0032 0.0212 0.1870 0.1807
1494806400.0000 94950.0000 0.2298 0.4325 -0.1867 0.5239 207.9777 0.0396 0.0446 0.0150 0.0208 -0.0096 -0.0165 0.0496 0.3469 0.3421
1494806400.0000 95250.0000 0.0022 0.1756 -0.0641 0.6072 180.7248 0.1663 0.2408 0.0480 0.1256 -0.0408 -0.0770 0.2275 2.0839 2.0980
1494806400.0000 95550.0000 0.3184 0.3705 -0.1579 0.5461 220.6761 0.0416 0.0383 0.0058 -0.0229 0.0028 -0.0057 0.0428 0.3292 0.3340
1494806400.0000 95850.0000 0.4557 0.3674 -0.1563 0.6063 231.1248 0.0276 0.0326 0.0149 0.0100 -0.0119 -0.0132 0.0375 0.2611 0.2419
1494806400.0000 96150.0000 0.4942 0.5433 -0.2772 0.7483 222.2931 0.0195 0.0205 0.0076 0.0011 -0.0037 -0.0057 0.0238 0.1604 0.1572
1494806400.0000 96450.0000 0.1731 0.4975 -0.2143 0.5711 199.1883 0.0466 0.0340 0.0118 -0.0177 0.0041 -0.0125 0.0462 0.3086 0.3112
1494806400.0000 96750.0000 0.0087 0.4820 -0.1321 0.5738 181.0360 0.0976 0.0622 0.0285 -0.0021 -0.0123 -0.0273 0.0942 0.5013 0.4788
1494806400.0000 97050.0000 0.0905 0.4339 -0.1575 0.4691 191.7855 0.0272 0.0197 0.0055 0.0001 -0.0005 -0.0041 0.0262 0.2810 0.2821
1494806400.0000 97350.0000 0.0311 0.4254 -0.1339 0.4579 184.1807 0.0288 0.0208 0.0066 0.0110 -0.0024 -0.0059 0.0281 0.3060 0.3014
1494806400.0000 97650.0000 0.1607 0.5093 -0.1836 0.5695 197.5143 0.0389 0.0142 0.0051 0.0004 -0.0029 -0.0033 0.0291 0.2467 0.2491
1494806400.0000 97950.0000 -0.0420 0.2639 -0.0317 0.3832 170.9644 0.0543 0.0449 0.0216 0.0037 -0.0011 -0.0074 0.0604 0.7457 0.6805
1494806400.0000 98250.0000 0.1917 0.1046 -0.0505 0.5028 241.3734 0.2058 0.0661 0.0142 0.0403 -0.0223 -0.0110 0.1430 1.3776 1.3785
1494806400.0000 98550.0000 -0.2503 0.0014 0.0195 0.4396 90.3172 0.0891 0.1061 0.0316 -0.0293 0.0062 0.0145 0.1134 1.0950 1.0190
1494806400.0000 98850.0000 -0.2868 0.3607 -0.0871 0.5265 141.5110 0.0509 0.0509 0.0219 0.0137 0.0076 -0.0057 0.0619 0.4330 0.3998
1494806400.0000 99150.0000 -0.0182 0.4226 -0.1312 0.5111 177.5359 0.0767 0.0417 0.0098 0.0124 -0.0010 -0.0077 0.0641 0.4666 0.4695
1494806400.0000 99450.0000 0.1022 0.3484 -0.1128 0.4255 196.3426 0.0478 0.0296 0.0227 0.0048 -0.0032 -0.0121 0.0500 0.4804 0.4423
1494806400.0000 99750.0000 0.2128 0.3498 -0.1318 0.4381 211.3122 0.0251 0.0110 0.0075 0.0005 0.0005 -0.0011 0.0218 0.2803 0.2679
1494806400.0000 100050.0000 -0.2323 0.2470 -0.0614 0.4662 136.7597 0.0895 0.0615 0.0147 0.0099 -0.0047 -0.0127 0.0829 0.6822 0.6619
1494806400.0000 100350.0000 -0.1479 0.3955 -0.1464 0.4983 159.4996 0.0652 0.0455 0.0246 0.0146 0.0120 -0.0086 0.0677 0.4753 0.4551
1494806400.0000 100650.0000 -0.2104 0.4831 -0.1318 0.6067 156.4633 0.0873 0.0525 0.0251 0.0062 0.0097 -0.0112 0.0824 0.4316 0.4097
1494806400.0000 100950.0000 -0.1234 0.3316 -0.0875 0.4663 159.5838 0.0794 0.0674 0.0282 0.0112 0.0186 -0.0135 0.0876 0.6628 0.6253
1494806400.0000 101250.0000 -0.3771 0.3425 -0.0818 0.6339 132.2444 0.1563 0.0735 0.0420 0.0244 -0.0072 -0.0179 0.1359 0.5834 0.5433
1494806400.0000 101550.0000 -0.1183 0.5388 -0.1697 0.6207 167.6139 0.0652 0.0817 0.0243 0.0000 0.0099 -0.0196 0.0856 0.4139 0.4011
1494806400.0000 101850.0000 -0.1841 0.4962 -0.0998 0.6249 159.6429 0.0887 0.1107 0.0365 0.0088 0.0154 -0.0219 0.1179 0.5207 0.4872
1494806400.0000 102150.0000 -0.4736 0.4054 -0.0275 0.7293 130.5647 0.1245 0.2090 0.0706 -0.0455 0.0333 -0.0709 0.2020 0.5882 0.5348
1494806400.0000 102450.0000 -0.0008 0.1628 -0.0694 0.2962 179.7137 0.0455 0.0365 0.0132 -0.0076 0.0061 -0.0014 0.0476 1.0070 1.0159
1494806400.0000 102750.0000 -0.2972 0.0486 0.0117 0.5141 99.2878 0.2317 0.0747 0.0308 0.0370 -0.0207 -0.0158 0.1686 1.1124 1.0612
1494806400.0000 103050.0000 -0.1440 -0.0322 -0.0009 0.5269 77.3860 0.2299 0.1825 0.0464 -0.1347 0.0112 -0.0176 0.2294 2.6492 2.5116
1494806400.0000 103350.0000 -0.0388 -0.3433 0.0816 0.4263 6.4414 0.0610 0.0900 0.0224 -0.0011 -0.0038 -0.0146 0.0867 0.6773 0.6495
1494806400.0000 103650.0000 0.0738 -0.3749 -0.0198 0.5921 348.8686 0.1502 0.1873 0.0427 -0.0169 0.0204 0.0111 0.1901 0.9304 0.8778
1494806400.0000 103950.0000 0.2149 0.2400 -0.0522 0.5155 221.8321 0.0727 0.1330 0.0458 -0.0450 0.0172 -0.0447 0.1258 0.8873 0.8128
1494806400.0000 104250.0000 -0.3378 0.2163 -0.0936 0.5818 122.6305 0.2517 0.1257 0.0302 -0.0264 -0.0091 -0.0022 0.2038 0.8949 0.8843
1494806400.0000 104550.0000 0.0754 0.0474 -0.0309 0.3496 237.8632 0.0763 0.0800 0.0189 0.0331 0.0042 0.0021 0.0876 2.5631 2.5629
1494806400.0000 104850.0000 -0.2260 0.1803 0.0243 0.3896 128.5922 0.0627 0.0471 0.0155 0.0299 -0.0050 -0.0059 0.0626 0.7042 0.6615
1494806400.0000 105150.0000 -0.2174 0.1251 0.0273 0.3535 119.9147 0.0505 0.0412 0.0195 -0.0072 0.0036 -0.0090 0.0556 0.7633 0.6971
1494806400.0000 105450.0000 -0.5366 0.1875 0.0062 0.6159 109.2631 0.1052 0.0392 0.0190 0.0081 0.0006 -0.0026 0.0817 0.4106 0.3860
1494806400.0000 105750.0000 -0.4139 0.2296 -0.0019 0.5933 119.0151 0.1715 0.0623 0.0299 0.0083 -0.0412 -0.0035 0.1318 0.6263 0.5898
1494806400.0000 106050.0000 0.1407 0.4363 -0.1355 0.5965 197.8710 0.0968 0.0844 0.0422 -0.0379 0.0292 -0.0256 0.1117 0.5709 0.5361
1494806400.0000 106350.0000 -0.2546 0.4120 -0.1244 0.6262 148.2882 0.1608 0.0576 0.0279 0.0305 -0.0080 -0.0175 0.1232 0.5730 0.5571
1494806400.0000 106650.0000 -0.1798 0.5286 -0.1792 0.6042 161.2177 0.0639 0.0489 0.0292 -0.0153 0.0260 -0.0128 0.0710 0.3710 0.3472
1494806400.0000 106950.0000 -0.0042 0.4461 -0.1182 0.5175 179.4583 0.0635 0.0350 0.0215 -0.0119 0.0059 -0.0099 0.0600 0.4335 0.4063
1494806400.0000 107250.0000 0.2595 0.3215 -0.1623 0.5627 218.9072 0.1113 0.0804 0.0261 0.0170 -0.0033 0.0035 0.1089 0.6071 0.6119
1494806400.0000 107550.0000 0.3442 0.1221 -0.0970 0.8055 250.4661 0.2309 0.4353 0.0762 -0.2027 0.0405 -0.0669 0.3712 1.3165 1.2903
1494806400.0000 107850.0000 0.6056 0.3942 -0.2875 1.0016 236.9377 0.2867 0.3209 0.0638 -0.1488 0.0236 -0.0700 0.3357 0.6083 0.6228
1494806400.0000 108150.0000 0.6093 0.4297 -0.3691 0.8183 234.8063 0.1627 0.1209 0.0847 0.0075 -0.0368 -0.0611 0.1842 0.4212 0.4124
1494806400.0000 108450.0000 0.3083 0.4036 -0.2006 0.5830 217.3704 0.1056 0.0252 0.0202 -0.0097 -0.0011 -0.0054 0.0755 0.4109 0.4111
1494806400.0000 108750.0000 0.3496 0.4890 -0.2218 0.6979 215.5569 0.1207 0.1169 0.0429 -0.0132 -0.0033 -0.0369 0.1403 0.4773 0.4682
1494806400.0000 109050.0000 -0.0966 0.2230 -0.1670 0.5683 156.5648 0.1396 0.2588 0.0831 0.0203 -0.0144 -0.1133 0.2408 1.3588 1.4998
1494806400.0000 109350.0000 -0.0501 0.1345 -0.0611 0.2271 159.5831 0.0161 0.0375 0.0095 -0.0059 0.0030 -0.0080 0.0315 0.9297 0.9315
1494806400.0000 109650.0000 -0.0205 0.2399 -0.0768 0.3215 175.1117 0.0434 0.0202 0.0073 -0.0080 -0.0010 -0.0081 0.0355 0.6084 0.6048
1494806400.0000 109950.0000 0.0821 0.3551 -0.1867 0.6316 193.0236 0.2826 0.0879 0.0246 -0.0531 0.0055 -0.0200 0.1975 0.8861 0.9642
1494806400.0000 110250.0000 1.0020 0.2973 -0.3967 1.1732 253.4732 0.2674 0.1738 0.0838 -0.0534 -0.0400 -0.0319 0.2625 0.3742 0.3670
1494806400.0000 110550.0000 -0.2058 -0.0723 0.0562 0.6124 70.6451 0.2423 0.1770 0.0637 0.0730 -0.0182 -0.0511 0.2415 1.7815 1.7142
1494806400.0000 110850.0000 0.0726 0.0906 -0.0438 0.4123 218.7166 0.0798 0.1296 0.0258 -0.0469 0.0116 -0.0302 0.1176 2.2564 2.2756
1494806400.0000 111150.0000 -0.1073 0.1662 -0.0869 0.4821 147.1598 0.2054 0.0487 0.0383 0.0094 -0.0443 -0.0196 0.1462 1.4446 1.4708
1494806400.0000 111450.0000 -0.2871 -0.0153 0.0555 0.4911 86.9457 0.0784 0.1410 0.0484 0.0522 -0.0143 -0.0464 0.1339 1.0203 0.9405
1494806400.0000 111750.0000 -0.0677 -0.1561 0.0919 0.3559 23.4528 0.1045 0.0251 0.0321 0.0178 -0.0258 -0.0113 0.0809 1.2007 1.2218
1494806400.0000 112050.0000 -1.0038 -0.3865 0.2055 1.1556 68.9408 0.1654 0.1616 0.0972 -0.0161 0.0127 -0.0342 0.2121 0.3434 0.3069
1494806400.0000 112350.0000 -0.4131 0.2298 -0.0034 0.6340 119.0883 0.1817 0.1735 0.0958 0.0118 0.0158 -0.0800 0.2255 0.8203 0.7280
1494806400.0000 112650.0000 -0.3955 0.0312 -0.0184 0.5331 94.5144 0.1290 0.0753 0.0507 -0.0508 -0.0118 -0.0045 0.1275 0.7341 0.6578
1494806400.0000 112950.0000 -0.3978 -0.5331 0.1552 0.7155 36.7262 0.1461 0.1049 0.0457 0.0649 -0.0038 0.0026 0.1483 0.4604 0.4348
1494806400.0000 113250.0000 -0.4577 -0.1102 0.0514 0.6102 76.4614 0.1758 0.0866 0.0552 0.0323 0.0129 -0.0113 0.1588 0.6869 0.6281
1494806400.0000 113550.0000 -0.3597 -0.1583 0.0508 0.4989 66.2516 0.1036 0.0954 0.0464 0.0083 0.0130 -0.0337 0.1227 0.7218 0.6554
1494806400.0000 113850.0000 -0.4530 -0.1846 0.1384 0.5566 67.8253 0.0656 0.0760 0.0382 -0.0029 0.0104 -0.0065 0.0899 0.4816 0.4441
1494806400.0000 114150.0000 -0.2237 -0.4567 0.1945 0.7065 26.0999 0.2370 0.1416 0.0261 0.0683 0.0040 0.0145 0.2024 0.6746 0.6986
1494806400.0000 114450.0000 -0.1646 -0.5126 0.1610 0.5737 17.8048 0.0529 0.0473 0.0296 0.0231 0.0101 0.0067 0.0649 0.3702 0.3395
1494806400.0000 114750.0000 -0.0759 -0.4210 0.1145 0.4920 10.2179 0.0627 0.0622 0.0275 0.0143 0.0015 0.0024 0.0762 0.5091 0.4771
1494806400.0000 115050.0000 0.0293 -0.2011 -0.0522 0.3649 351.7098 0.1021 0.0502 0.0576 0.0111 -0.0160 0.0041 0.1050 1.2606 1.1086
1494806400.0000 115350.0000 -0.6998 0.2753 -0.0773 0.9836 111.4754 0.4370 0.3194 0.1668 -0.0744 0.0067 -0.0872 0.4616 0.7338 0.6677
1494806400.0000 115650.0000 -0.8891 -0.3126 0.1343 1.0491 70.6317 0.1267 0.2411 0.1080 0.0242 0.0251 -0.0434 0.2379 0.4184 0.3715
1494806400.0000 115950.0000 -0.7196 -0.3033 0.2239 0.9530 67.1458 0.3768 0.2482 0.0792 0.0302 0.0029 -0.0015 0.3521 0.5964 0.5845
1494806400.0000 116250.0000 -0.9646 -0.1585 0.0980 1.1839 80.6677 0.5316 0.3507 0.1327 -0.0081 0.0557 -0.0518 0.5075 0.5920 0.5548
1494806400.0000 116550.0000 -0.4866 -0.5454 0.1916 0.9243 41.7378 0.4870 0.3533 0.1051 0.2283 -0.0687 -0.0879 0.4727 0.7429 0.7241
1494806400.0000 116850.0000 -0.5531 -0.6932 0.2582 1.0641 38.5865 0.4031 0.3594 0.0914 -0.0090 0.0525 0.0142 0.4270 0.5776 0.5685
1494806400.0000 117150.0000 -0.6068 -0.7971 0.2361 1.2701 37.2802 0.5550 0.3860 0.1642 -0.0998 0.0690 0.0604 0.5526 0.5898 0.5591
1494806400.0000 117450.0000 -0.8371 -0.5924 0.1801 1.3010 54.7146 0.5377 0.5065 0.1113 -0.0767 0.0670 -0.0161 0.5778 0.5960 0.5753
1494806400.0000 117750.0000 -0.5940 -0.1201 0.1090 0.8165 78.5673 0.3637 0.2553 0.0773 -0.0550 0.0303 -0.0144 0.3481 0.7823 0.7494
1494806400.0000 118050.0000 -0.5666 -0.5847 0.2120 0.9891 44.0991 0.3640 0.2078 0.0715 0.0576 0.0137 0.0137 0.3216 0.5503 0.5362
1494806400.0000 118350.0000 -0.5099 -0.4831 0.1689 0.7861 46.5451 0.1899 0.1578 0.0575 0.0407 0.0273 -0.0043 0.2026 0.5087 0.4846
1494806400.0000 118650.0000 -0.6910 -0.6988 0.2487 1.2650 44.6783 0.4584 0.5868 0.1273 -0.1062 0.1041 -0.0382 0.5863 0.6167 0.6006
1494806400.0000 118950.0000 -0.7370 -0.7476 0.3013 1.2660 44.5910 0.5609 0.3518 0.1410 0.0303 0.0194 0.0099 0.5268 0.5426 0.5254
1494806400.0000 119250.0000 -0.7130 -0.7544 0.2208 1.2259 43.3851 0.3079 0.4264 0.0997 0.0261 0.0661 0.0064 0.4170 0.4968 0.4766
1494806400.0000 119550.0000 -0.6248 -0.6318 0.3406 1.0665 44.6792 0.4847 0.2427 0.0838 -0.0005 0.0087 -0.0022 0.4056 0.5464 0.5542
1494806400.0000 119850.0000 -0.6055 -0.5184 0.2624 0.9096 49.4349 0.3030 0.1788 0.0640 0.0288 0.0117 -0.0077 0.2729 0.5083 0.5028
1494806400.0000 120150.0000 -0.5659 -0.6534 0.3342 1.0454 40.8928 0.4883 0.2428 0.0875 0.0789 -0.0014 0.0095 0.4093 0.5637 0.5711
1494806400.0000 120450.0000 -0.3862 -0.7828 0.2622 0.9999 26.2590 0.2618 0.2663 0.0727 0.0722 -0.0114 0.0012 0.3004 0.4910 0.4806
1494806400.0000 120750.0000 -1.0073 -0.5463 0.2734 1.3157 61.5268 0.5227 0.4386 0.1327 0.1536 -0.0091 -0.0746 0.5470 0.5126 0.4940
1494806400.0000 121050.0000 -0.8195 -0.5580 0.1766 1.0651 55.7458 0.2523 0.1655 0.0821 0.0774 -0.0162 -0.0081 0.2500 0.4054 0.3764
1494806400.0000 121350.0000 -0.6701 -0.3206 0.1901 0.9108 64.4364 0.4426 0.1808 0.0868 0.0204 0.0183 -0.0359 0.3551 0.6345 0.6136
1494806400.0000 121650.0000 -0.7903 -0.7638 0.3271 1.2663 45.9774 0.4416 0.3122 0.0887 0.0389 -0.0000 -0.0193 0.4213 0.4621 0.4561
1494806400.0000 121950.0000 -0.8325 -0.8258 0.3119 1.2785 45.2324 0.4096 0.3757 0.0897 0.1575 0.0005 -0.0223 0.4375 0.4451 0.4363
1494806400.0000 122250.0000 -0.5262 -0.6141 0.2819 0.9553 40.5891 0.2958 0.2250 0.0799 0.0107 0.0206 0.0037 0.3004 0.5225 0.5152
1494806400.0000 122550.0000 -0.8257 -0.7858 0.3491 1.2622 46.4195 0.4024 0.1697 0.0793 0.0099 -0.0036 0.0007 0.3257 0.3909 0.3831
1494806400.0000 122850.0000 -0.5747 -0.8458 0.2836 1.2505 34.1957 0.6324 0.2908 0.0919 -0.0271 -0.0112 -0.0036 0.5075 0.5482 0.5425
1494806400.0000 123150.0000 -0.3448 -0.6055 0.2112 0.8849 29.6620 0.2589 0.3148 0.1077 -0.0416 0.0501 -0.0895 0.3407 0.6546 0.6276
1494806400.0000 123450.0000 -0.0110 -0.8754 0.2159 1.0057 0.7229 0.2403 0.2287 0.0979 -0.0582 -0.0121 0.0429 0.2834 0.4821 0.4516
1494806400.0000 123750.0000 -0.8321 -0.5042 0.2899 1.1647 58.7849 0.4693 0.2999 0.1046 -0.0724 0.0599 -0.0104 0.4369 0.5316 0.5204
1494806400.0000 124050.0000 -0.3508 -0.8513 0.3176 1.0119 22.3938 0.2459 0.2540 0.0746 0.0952 0.0097 -0.0046 0.2872 0.4493 0.4434
1494806400.0000 124350.0000 -0.4046 -0.6438 0.2882 0.8857 32.1510 0.2180 0.1877 0.0747 0.0068 0.0255 0.0220 0.2402 0.4921 0.4836
1494806400.0000 124650.0000 -0.4826 -0.7490 0.2138 1.1499 32.7987 0.3728 0.5632 0.1730 0.0615 -0.0428 -0.0674 0.5545 0.6636 0.6269
1494806400.0000 124950.0000 -0.3639 -0.8064 0.3337 1.0226 24.2873 0.2760 0.2912 0.0717 0.0483 0.0128 -0.0110 0.3194 0.4880 0.4915
1494806400.0000 125250.0000 -0.8843 -0.2301 0.1831 1.1619 75.4148 0.4762 0.5461 0.2134 0.2300 -0.0631 -0.1692 0.6178 0.6887 0.6389
1494806400.0000 125550.0000 -0.4125 -0.6854 0.2902 1.1505 31.0407 0.5354 0.5226 0.0946 -0.0352 -0.0051 0.0080 0.5763 0.7283 0.7423
1494806400.0000 125850.0000 -1.0053 -0.6071 0.2238 1.5108 58.8729 0.6439 0.7580 0.1534 0.1724 -0.0041 -0.1224 0.7777 0.6023 0.5821
1494806400.0000 126150.0000 -1.0796 -0.4464 0.2155 1.4105 67.5344 0.5823 0.6757 0.1994 0.0295 0.0751 -0.1100 0.7287 0.5867 0.5543
1494806400.0000 126450.0000 -0.5467 -0.6107 0.2070 1.0318 41.8345 0.4225 0.3931 0.0948 0.0330 0.0305 -0.0287 0.4552 0.6516 0.6362
1494806400.0000 126750.0000 -0.3342 -0.8632 0.4084 1.0684 21.1618 0.3258 0.3054 0.0811 0.0504 0.0175 -0.0013 0.3562 0.4816 0.4956
1494806400.0000 127050.0000 -0.7566 -0.4913 0.1632 1.1480 57.0026 0.4638 0.3029 0.1458 -0.0874 0.0446 -0.0865 0.4563 0.6016 0.5604
1494806400.0000 127350.0000 -0.6604 -0.7181 0.3025 1.0875 42.6035 0.3345 0.2653 0.1314 0.1181 -0.0127 0.0165 0.3657 0.4834 0.4583
1494806400.0000 127650.0000 -0.9443 -0.4394 0.1669 1.2216 65.0491 0.5303 0.2140 0.1534 -0.0546 -0.0199 -0.0022 0.4489 0.5186 0.4782
1494806400.0000 127950.0000 -1.3904 -0.3015 0.2013 1.5787 77.7643 1.0163 0.2871 0.1853 0.0947 0.0623 -0.0579 0.7444 0.4903 0.4633
1494806400.0000 128250.0000 -0.3990 -0.0061 0.0958 0.6368 89.1231 0.2317 0.1347 0.0811 0.0721 -0.0355 -0.0405 0.2238 0.9412 0.8759
1494806400.0000 128550.0000 -0.8095 -0.0367 0.1002 1.0315 87.4056 0.3954 0.3479 0.1662 0.0267 0.0325 -0.1220 0.4548 0.6743 0.6143
1494806400.0000 128850.0000 -0.7608 0.2128 -0.0405 1.0186 105.6292 0.3637 0.3694 0.2121 0.0387 0.0104 -0.1880 0.4726 0.7096 0.6258
1494806400.0000 129150.0000 -0.7207 -0.7026 0.3002 1.1884 45.7283 0.4204 0.3197 0.1094 -0.0466 -0.0093 0.0027 0.4247 0.5066 0.4935
1494806400.0000 129450.0000 -0.7096 -0.1805 0.0862 0.9348 75.7263 0.3510 0.2090 0.1301 -0.0184 0.0363 -0.0544 0.3450 0.6506 0.5901
1494806400.0000 129750.0000 -1.1208 -0.2142 0.1356 1.3568 79.1783 0.5719 0.4500 0.2716 0.0943 0.0804 -0.1729 0.6468 0.5714 0.5115
1494806400.0000 130050.0000 -0.6231 -0.0101 0.1021 0.8575 89.0717 0.3982 0.2645 0.1513 -0.0512 0.0352 -0.0994 0.4070 0.8249 0.7542
1494806400.0000 130350.0000 -0.3980 0.2077 -0.0761 0.8646 117.5529 0.4240 0.3982 0.1945 0.0361 0.0303 -0.1461 0.5084 1.2785 1.1662
1494806400.0000 130650.0000 -0.7000 -0.2272 0.0568 1.0406 72.0151 0.6065 0.3409 0.1735 0.1039 -0.0172 -0.0416 0.5604 0.8281 0.7636
1494806400.0000 130950.0000 -0.7793 -0.0308 0.1073 0.9436 87.7355 0.2905 0.1738 0.1237 -0.0042 0.0304 -0.0544 0.2940 0.5623 0.5044
1494806400.0000 131250.0000 -0.6301 -0.0984 0.0996 0.8789 81.1273 0.2600 0.2944 0.1504 0.0139 0.0695 -0.0695 0.3524 0.7510 0.6741
1494806400.0000 131550.0000 -0.7995 -0.6414 0.1828 1.1708 51.2620 0.2656 0.2655 0.1162 -0.0202 0.0300 -0.0913 0.3237 0.4462 0.4105
1494806400.0000 131850.0000 0.0644 0.2351 -0.1490 0.6976 195.3259 0.5654 0.1501 0.1321 0.0921 -0.1549 -0.0559 0.4238 1.8606 2.0038
1494806400.0000 132150.0000 -0.2389 0.3635 -0.1568 0.9272 146.6906 0.5688 0.3322 0.1589 0.0386 -0.0754 -0.0935 0.5300 1.2855 1.2599
1494806400.0000 132450.0000 -0.7784 0.0232 0.0102 0.9503 91.7067 0.4227 0.2341 0.1101 0.0360 -0.0225 -0.0367 0.3834 0.6491 0.6008
1494806400.0000 132750.0000 -0.3819 -0.2770 0.1986 0.6199 54.0430 0.1427 0.2361 0.0470 0.0269 0.0077 -0.0066 0.2129 0.7360 0.7531
1494806400.0000 133050.0000 -0.7491 -0.2252 0.1948 0.8979 73.2643 0.2393 0.2261 0.0833 0.0243 0.0511 -0.0362 0.2744 0.5306 0.5036
1494806400.0000 133350.0000 -0.7140 -0.5896 0.2161 0.9878 50.4501 0.1582 0.1268 0.0662 0.0360 0.0008 -0.0085 0.1756 0.3598 0.3328
1494806400.0000 133650.0000 0.1202 -0.1251 -0.0069 0.2972 316.1495 0.0654 0.0226 0.0395 -0.0191 -0.0153 0.0118 0.0638 1.1873 0.9873
1494806400.0000 133950.0000 0.3646 -0.0665 -0.1276 0.5545 280.3420 0.0967 0.1360 0.1200 0.0090 -0.0441 -0.0654 0.1764 0.8748 0.7516
1494806400.0000 134250.0000 -0.6657 -0.8312 0.3969 1.2499 38.6901 0.3426 0.5591 0.0819 0.1098 -0.0154 -0.0011 0.4918 0.5038 0.5148
1494806400.0000 134550.0000 -0.6801 -0.3953 0.2063 0.9728 59.8336 0.3389 0.2391 0.0935 -0.0802 0.0420 -0.0224 0.3357 0.5817 0.5580
1494806400.0000 134850.0000 -0.2295 -0.9012 0.2915 1.0161 14.2866 0.2076 0.2417 0.0693 0.0813 0.0166 0.0008 0.2593 0.4266 0.4161
1494806400.0000 135150.0000 -0.6768 -0.6692 0.1945 1.0869 45.3265 0.4159 0.2167 0.0931 0.0476 0.0145 0.0137 0.3629 0.5063 0.4825
1494806400.0000 135450.0000 -0.0673 -0.5402 0.1114 0.8430 7.1037 0.4738 0.0984 0.0920 0.0480 -0.1234 -0.0073 0.3321 0.8468 0.8023
1494806400.0000 135750.0000 0.1486 -0.6149 0.1670 0.6947 346.4126 0.0848 0.1643 0.0543 -0.0427 -0.0142 0.0204 0.1518 0.4861 0.4556
1494806400.0000 136050.0000 -0.3868 -0.5037 0.2572 0.7853 37.5187 0.2100 0.1477 0.0825 -0.0150 -0.0527 0.0160 0.2201 0.5591 0.5437
1494806400.0000 136350.0000 -0.6812 -0.6032 0.1732 1.0212 48.4766 0.2714 0.2201 0.0968 0.0205 -0.0040 -0.0118 0.2942 0.4781 0.4448
1494806400.0000 136650.0000 -0.3053 -0.1673 0.0264 0.9359 61.2827 0.8087 0.3381 0.1576 0.1592 -0.1704 -0.1234 0.6522 1.8884 1.7758
1494806400.0000 136950.0000 -0.4261 -0.3863 0.1964 0.8715 47.8066 0.4186 0.2568 0.0823 0.1385 -0.0460 -0.0312 0.3789 0.8269 0.8249
1494806400.0000 137250.0000 -0.8002 -0.2655 0.2597 0.9434 71.6458 0.2922 0.2312 0.0888 0.1222 0.0106 -0.0077 0.3062 0.5121 0.4954
1494806400.0000 137550.0000 -0.3266 -0.0661 0.0395 0.6608 78.5624 0.1666 0.3037 0.0972 0.0059 0.0077 0.0097 0.2838 1.2962 1.1883
1494806400.0000 137850.0000 -0.3387 -0.0270 -0.0676 0.7345 85.4380 0.3211 0.2671 0.1273 0.0708 -0.0532 -0.0553 0.3577 1.4097 1.3032
1494806400.0000 138150.0000 -0.0974 0.1735 -0.1117 0.4643 150.6854 0.1615 0.0878 0.0624 0.0009 -0.0237 -0.0231 0.1559 1.4129 1.4490
1494806400.0000 138450.0000 -0.8733 -0.3580 0.1293 1.1238 67.7095 0.5046 0.2106 0.1090 -0.0604 0.0487 -0.0434 0.4121 0.5502 0.5173
1494806400.0000 138750.0000 -0.7232 -0.0875 0.0806 0.8855 83.1025 0.2867 0.1981 0.0797 -0.0064 -0.0216 -0.0320 0.2822 0.5918 0.5518
1494806400.0000 139050.0000 -0.1986 -0.0889 0.0565 0.4231 65.8774 0.0846 0.0822 0.0524 -0.0343 0.0206 -0.0160 0.1096 1.2024 1.0836
1494806400.0000 139350.0000 -0.6408 -0.1193 0.1571 0.7842 79.4511 0.2684 0.1428 0.1041 -0.0023 0.0345 -0.0130 0.2577 0.6182 0.5680
1494806400.0000 139650.0000 -0.3186 -0.0856 0.1269 0.4240 74.9557 0.1005 0.0577 0.0436 -0.0123 0.0015 -0.0125 0.1009 0.7339 0.6961
1494806400.0000 139950.0000 -0.1621 0.1441 0.0034 0.3587 131.6460 0.0858 0.0739 0.0531 -0.0195 0.0165 -0.0368 0.1064 1.2282 1.0640
1494806400.0000 140250.0000 -0.1628 -0.3051 0.1060 0.4664 28.0794 0.1351 0.1106 0.0283 0.0615 -0.0123 -0.0240 0.1370 0.8356 0.8276
1494806400.0000 140550.0000 0.6025 -0.4670 -0.0419 0.8038 307.7821 0.1110 0.0955 0.0320 -0.0302 -0.0270 0.0127 0.1193 0.3693 0.3442
1494806400.0000 140850.0000 0.1033 -0.3370 0.0999 0.4647 342.9669 0.0818 0.0900 0.0241 -0.0312 -0.0116 0.0235 0.0980 0.6976 0.6790
1494806400.0000 141150.0000 -0.1295 -0.4200 0.1618 0.5392 17.1340 0.1045 0.0741 0.0335 -0.0292 -0.0085 0.0129 0.1061 0.5677 0.5552
1494806400.0000 141450.0000 -0.4378 -0.3708 0.2391 0.7049 49.7357 0.1108 0.1754 0.0352 0.0136 0.0023 0.0041 0.1607 0.5266 0.5384
1494806400.0000 141750.0000 -0.4401 -0.5358 0.1946 0.7834 39.4017 0.2130 0.0773 0.0347 0.0258 -0.0092 -0.0102 0.1625 0.4570 0.4486
1494806400.0000 142050.0000 -0.6885 -0.2699 0.1702 0.8679 68.5920 0.3061 0.1784 0.0409 0.0178 -0.0141 -0.0037 0.2627 0.5515 0.5434
1494806400.0000 142350.0000 0.1249 -0.0888 -0.0683 0.2482 305.4256 0.0226 0.0347 0.0218 -0.0063 -0.0029 -0.0078 0.0395 0.9676 0.9017
1494806400.0000 142650.0000 -0.3356 -0.5542 0.1681 0.7095 31.1988 0.1470 0.0887 0.0335 0.0599 -0.0243 -0.0000 0.1346 0.4475 0.4326
1494806400.0000 142950.0000 -0.5763 -0.3783 0.2144 0.8108 56.7169 0.2442 0.1098 0.0592 -0.0075 0.0027 0.0113 0.2066 0.5140 0.4983
1494806400.0000 143250.0000 -0.0623 0.2062 -0.0988 0.5337 163.1922 0.2050 0.1337 0.0906 0.0652 -0.0194 -0.0627 0.2146 1.5964 1.5600
1494806400.0000 143550.0000 -0.3455 0.2949 -0.1021 0.6671 130.4887 0.1976 0.2024 0.1460 0.0570 -0.0042 -0.0889 0.2730 0.9163 0.8038
1494806400.0000 143850.0000 -0.1359 -0.0719 -0.0186 0.4754 62.1145 0.0987 0.1915 0.0677 -0.0357 0.0131 -0.0486 0.1789 2.2307 2.0233
1494806400.0000 144150.0000 -0.0841 -0.0064 0.0603 0.5207 85.6812 0.2056 0.1500 0.0806 0.0147 -0.0217 -0.0574 0.2181 3.6779 4.0833
1494806400.0000 144450.0000 0.1326 -0.2961 0.0455 0.4063 335.8729 0.0736 0.0718 0.0382 -0.0181 -0.0240 0.0160 0.0918 0.7550 0.6784
1494806400.0000 144750.0000 0.0082 -0.3647 0.1271 0.4271 358.7134 0.0391 0.0817 0.0315 -0.0221 -0.0164 0.0278 0.0761 0.5832 0.5501
1494806400.0000 145050.0000 -0.5169 -0.2566 0.1137 0.6837 63.5984 0.2978 0.2137 0.0727 0.1062 -0.0350 -0.0227 0.2921 0.7502 0.7155
1494806400.0000 145350.0000 -0.7754 -0.6063 0.2461 1.1304 51.9776 0.3462 0.2819 0.0675 0.0129 0.0391 0.0055 0.3478 0.4746 0.4649
1494806400.0000 145650.0000 -0.1998 -0.4619 0.1623 0.7139 23.3868 0.2064 0.1614 0.0384 -0.0663 0.0105 -0.0175 0.2031 0.6959 0.6958
1494806400.0000 145950.0000 -0.2219 -0.3932 0.1900 0.6561 29.4375 0.1453 0.2769 0.0532 -0.0057 -0.0179 -0.0070 0.2377 0.8127 0.8309
1494806400.0000 146250.0000 0.1917 -0.5313 0.1324 0.6274 340.1562 0.0789 0.0936 0.0500 -0.0124 -0.0102 0.0102 0.1113 0.4695 0.4246
1494806400.0000 146550.0000 0.1063 -0.2924 0.0599 0.3688 340.0302 0.0426 0.0300 0.0209 -0.0010 -0.0099 0.0005 0.0468 0.5575 0.5002
1494806400.0000 146850.0000 0.2125 -0.0368 -0.0046 0.2870 279.8250 0.0303 0.0251 0.0094 -0.0072 -0.0016 0.0076 0.0324 0.6815 0.6305
1494806400.0000 147150.0000 0.0741 -0.1650 0.0412 0.2995 335.8072 0.0570 0.0331 0.0180 0.0011 -0.0105 0.0054 0.0540 1.0234 0.9581
1494806400.0000 147450.0000 -0.2176 0.0592 -0.0158 0.5326 105.2218 0.1853 0.1217 0.0510 0.0939 -0.0162 -0.0273 0.1790 1.5283 1.4187
1494806400.0000 147750.0000 0.1342 0.5652 -0.2605 0.6208 193.3621 0.0418 0.0577 0.0298 -0.0252 0.0068 -0.0178 0.0647 0.3261 0.3135
1494806400.0000 148050.0000 0.1960 0.1799 -0.0649 0.3132 227.4503 0.0167 0.0190 0.0024 -0.0109 0.0010 -0.0028 0.0191 0.4116 0.4101
1494806400.0000 148350.0000 0.4497 -0.0890 -0.0812 0.5089 281.1985 0.0296 0.0615 0.0190 -0.0044 -0.0079 0.0042 0.0551 0.4116 0.3802
1494806400.0000 148650.0000 0.3872 -0.0695 -0.0424 0.4292 280.1774 0.0307 0.0305 0.0160 -0.0049 -0.0129 0.0006 0.0386 0.4052 0.3629
1494806400.0000 148950.0000 0.3912 0.0846 -0.1144 0.4363 257.7996 0.0140 0.0289 0.0088 -0.0005 -0.0050 -0.0025 0.0259 0.3156 0.2989
1494806400.0000 149250.0000 0.4519 0.1721 -0.1586 0.5103 249.1568 0.0206 0.0241 0.0101 -0.0032 -0.0058 -0.0001 0.0274 0.2656 0.2524
1494806400.0000 149550.0000 0.4316 0.2330 -0.1781 0.5196 241.6340 0.0229 0.0244 0.0085 -0.0025 -0.0072 0.0021 0.0279 0.2613 0.2561
1494806400.0000 149850.0000 0.5178 0.0286 -0.1651 0.6049 266.8434 0.0678 0.0869 0.0275 0.0137 -0.0191 -0.0112 0.0911 0.4528 0.4379
1494806400.0000 150150.0000 0.5899 0.1923 -0.1527 0.6768 251.9448 0.0707 0.0656 0.0274 0.0065 -0.0038 0.0043 0.0819 0.3657 0.3436
1494806400.0000 150450.0000 0.5864 0.1554 -0.1993 0.6692 255.1565 0.0485 0.0713 0.0295 0.0105 -0.0104 0.0024 0.0747 0.3494 0.3294
1494806400.0000 150750.0000 0.3719 0.1655 -0.1370 0.5851 246.0151 0.1219 0.0909 0.0282 0.0288 -0.0393 -0.0004 0.1205 0.6599 0.6543
1494806400.0000 151050.0000 0.5279 0.2286 -0.2176 0.6195 246.5892 0.0250 0.0488 0.0119 -0.0044 -0.0073 0.0001 0.0428 0.2748 0.2725
