1494720000.0000 150.0000 0.4838 0.1284 -0.2908 0.5179 255.1388 0.0227 0.0233 0.0381 0.0099 -0.0201 -0.0164 0.0420 0.2892 0.2474
1494720000.0000 450.0000 0.4459 0.1589 -0.2968 0.4912 250.3850 0.0263 0.0193 0.0190 0.0094 -0.0164 -0.0060 0.0323 0.2626 0.2605
1494720000.0000 750.0000 0.3702 0.1979 -0.2068 0.4383 241.8797 0.0121 0.0227 0.0096 0.0086 -0.0065 -0.0083 0.0222 0.2602 0.2567
1494720000.0000 1050.0000 0.3151 0.2360 -0.2261 0.4174 233.1617 0.0160 0.0114 0.0063 -0.0016 -0.0051 -0.0015 0.0169 0.2336 0.2430
1494720000.0000 1350.0000 0.2801 -0.0962 -0.0715 0.3038 288.9653 0.0042 0.0058 0.0063 -0.0010 -0.0016 -0.0000 0.0081 0.2418 0.1949
1494720000.0000 1650.0000 0.3372 -0.1741 -0.0132 0.4001 297.3035 0.0054 0.0213 0.0120 -0.0007 -0.0008 -0.0083 0.0193 0.2987 0.2482
1494720000.0000 1950.0000 0.2793 -0.0871 -0.0757 0.3462 287.3209 0.0191 0.0496 0.0194 -0.0219 0.0085 -0.0179 0.0441 0.5670 0.5172
1494720000.0000 2250.0000 -0.2402 0.4265 -0.1062 0.5350 150.6126 0.0534 0.0606 0.0165 -0.0220 -0.0092 -0.0094 0.0653 0.4164 0.3982
1494720000.0000 2550.0000 -0.2676 0.3822 -0.1125 0.4919 145.0044 0.0276 0.0236 0.0191 -0.0046 0.0005 -0.0092 0.0351 0.3189 0.2800
1494720000.0000 2850.0000 -0.2831 0.4557 -0.0881 0.5628 148.1456 0.0371 0.0262 0.0202 -0.0059 0.0013 -0.0078 0.0417 0.3068 0.2708
1494720000.0000 3150.0000 -0.3147 0.4720 -0.1145 0.5893 146.3089 0.0291 0.0400 0.0221 -0.0092 -0.0013 -0.0156 0.0456 0.3012 0.2675
1494720000.0000 3450.0000 -0.1012 0.0946 -0.0080 0.2278 133.0428 0.0282 0.0245 0.0146 -0.0007 -0.0043 -0.0065 0.0337 1.0798 0.9575
1494720000.0000 3750.0000 -0.2028 0.2459 -0.0401 0.3667 140.4958 0.0220 0.0270 0.0127 0.0008 0.0004 -0.0040 0.0308 0.4461 0.4006
1494720000.0000 4050.0000 -0.2546 0.5091 -0.1409 0.6092 153.4292 0.0461 0.0330 0.0299 0.0075 -0.0071 -0.0162 0.0545 0.3251 0.2853
1494720000.0000 4350.0000 -0.1505 0.2823 -0.0894 0.3863 151.9292 0.0289 0.0394 0.0204 0.0156 -0.0032 -0.0135 0.0444 0.5177 0.4716
1494720000.0000 4650.0000 -0.0594 0.1725 -0.0347 0.2817 161.0048 0.0404 0.0351 0.0265 -0.0033 -0.0037 -0.0156 0.0510 0.9926 0.8693
1494720000.0000 4950.0000 0.1833 0.0252 -0.0043 0.2473 262.1697 0.0103 0.0274 0.0065 0.0038 -0.0020 -0.0063 0.0221 0.6560 0.6059
1494720000.0000 5250.0000 -0.0662 0.1056 0.0166 0.1856 147.9083 0.0205 0.0104 0.0101 0.0020 0.0047 0.0006 0.0205 0.9307 0.8147
1494720000.0000 5550.0000 -0.1287 0.1217 -0.0363 0.2655 133.4150 0.0599 0.0210 0.0148 -0.0174 0.0109 -0.0026 0.0478 0.9877 0.9269
1494720000.0000 5850.0000 -0.1638 0.1478 -0.0194 0.2529 132.0721 0.0256 0.0096 0.0062 -0.0055 0.0006 -0.0019 0.0207 0.5306 0.4911
1494720000.0000 6150.0000 -0.2562 0.3505 -0.0621 0.4613 143.8398 0.0380 0.0213 0.0084 -0.0134 0.0003 -0.0063 0.0338 0.3424 0.3237
1494720000.0000 6450.0000 -0.5017 0.4993 -0.0802 0.7240 134.8645 0.0298 0.0324 0.0144 -0.0098 0.0071 -0.0106 0.0383 0.2244 0.2035
1494720000.0000 6750.0000 -0.4419 0.5188 -0.0927 0.6998 139.5770 0.0248 0.0253 0.0137 -0.0009 -0.0022 -0.0078 0.0319 0.2121 0.1896
1494720000.0000 7050.0000 -0.5100 0.4919 -0.0766 0.7252 133.9641 0.0204 0.0267 0.0141 0.0003 0.0001 -0.0084 0.0306 0.2004 0.1768
1494720000.0000 7350.0000 -0.3835 0.4871 -0.0681 0.6441 141.7864 0.0374 0.0428 0.0185 -0.0178 0.0020 -0.0124 0.0493 0.2908 0.2638
1494720000.0000 7650.0000 -0.1041 0.2426 -0.0665 0.3095 156.7717 0.0288 0.0139 0.0075 -0.0055 0.0003 -0.0008 0.0251 0.4756 0.4523
1494720000.0000 7950.0000 -0.0866 0.0406 0.0070 0.2572 115.0912 0.0418 0.0337 0.0076 -0.0192 -0.0020 -0.0055 0.0416 1.7359 1.6595
1494720000.0000 8250.0000 -0.3224 0.3432 -0.0519 0.4968 136.7940 0.0368 0.0396 0.0131 -0.0183 0.0039 -0.0109 0.0448 0.3648 0.3391
1494720000.0000 8550.0000 -0.2154 0.2329 -0.0579 0.3652 137.2350 0.0427 0.0195 0.0132 -0.0084 -0.0068 -0.0037 0.0377 0.4917 0.4538
1494720000.0000 8850.0000 -0.2674 0.3166 -0.0966 0.4569 139.8219 0.0280 0.0453 0.0205 -0.0118 -0.0018 -0.0096 0.0469 0.4157 0.3773
1494720000.0000 9150.0000 -0.2000 0.3486 -0.0989 0.4508 150.1494 0.0362 0.0296 0.0242 -0.0019 0.0007 -0.0149 0.0450 0.4185 0.3686
1494720000.0000 9450.0000 -0.1295 0.0495 0.0320 0.2831 110.9201 0.0365 0.0482 0.0178 0.0012 -0.0045 -0.0121 0.0512 1.2991 1.2120
1494720000.0000 9750.0000 -0.1068 0.0977 0.0299 0.2151 132.4557 0.0219 0.0176 0.0102 -0.0028 0.0003 -0.0066 0.0249 0.8706 0.7921
1494720000.0000 10050.0000 -0.3527 0.3482 -0.0292 0.5083 134.6314 0.0108 0.0139 0.0059 -0.0000 -0.0005 -0.0033 0.0153 0.2034 0.1830
1494720000.0000 10350.0000 -0.2953 0.3132 -0.0631 0.5028 136.6909 0.0593 0.0551 0.0235 -0.0093 0.0001 -0.0118 0.0690 0.4928 0.4537
1494720000.0000 10650.0000 -0.2093 0.1870 -0.0215 0.3517 131.7762 0.0360 0.0356 0.0267 0.0047 -0.0030 -0.0157 0.0492 0.6431 0.5505
1494720000.0000 10950.0000 -0.3435 0.3450 -0.0306 0.5123 135.1230 0.0253 0.0223 0.0191 -0.0011 0.0023 -0.0070 0.0334 0.3057 0.2588
1494720000.0000 11250.0000 -0.1518 0.2777 -0.0847 0.3681 151.3449 0.0423 0.0304 0.0158 -0.0167 -0.0084 -0.0066 0.0442 0.5243 0.4918
1494720000.0000 11550.0000 -0.4569 0.4863 -0.0451 0.6905 136.7877 0.0390 0.0445 0.0134 -0.0107 0.0015 -0.0099 0.0485 0.2688 0.2501
1494720000.0000 11850.0000 -0.4018 0.3783 -0.0842 0.5904 133.2739 0.0387 0.0524 0.0236 -0.0069 -0.0005 -0.0109 0.0573 0.3502 0.3157
1494720000.0000 12150.0000 -0.3656 0.3343 -0.0724 0.5258 132.4425 0.0313 0.0328 0.0107 -0.0099 -0.0045 -0.0038 0.0374 0.3153 0.2950
1494720000.0000 12450.0000 -0.2033 0.0970 0.0455 0.2540 115.5005 0.0075 0.0202 0.0057 -0.0070 0.0021 -0.0054 0.0167 0.4592 0.4268
1494720000.0000 12750.0000 -0.2521 0.1935 -0.0051 0.3803 127.5030 0.0370 0.0456 0.0176 -0.0154 0.0039 -0.0213 0.0501 0.5750 0.5221
1494720000.0000 13050.0000 -0.2125 0.1492 0.0093 0.3178 125.0719 0.0159 0.0342 0.0151 0.0053 -0.0015 -0.0139 0.0326 0.5672 0.4976
1494720000.0000 13350.0000 -0.1828 0.3366 -0.0976 0.4292 151.5033 0.0472 0.0374 0.0142 -0.0235 0.0000 -0.0130 0.0494 0.4591 0.4385
1494720000.0000 13650.0000 -0.1165 -0.0519 0.0056 0.2066 65.9768 0.0219 0.0129 0.0109 0.0036 -0.0030 0.0022 0.0228 0.9667 0.8445
1494720000.0000 13950.0000 -0.2005 0.1484 -0.0134 0.2720 126.5052 0.0061 0.0199 0.0046 -0.0051 0.0013 -0.0051 0.0153 0.4039 0.3726
1494720000.0000 14250.0000 -0.3755 0.3645 -0.0570 0.5549 134.1533 0.0237 0.0341 0.0156 0.0040 -0.0007 -0.0140 0.0367 0.2970 0.2650
1494720000.0000 14550.0000 -0.3551 0.4054 -0.0484 0.5788 138.7815 0.0308 0.0534 0.0283 -0.0069 0.0047 -0.0277 0.0563 0.3579 0.3109
1494720000.0000 14850.0000 -0.1134 0.2031 -0.0408 0.2667 150.8187 0.0088 0.0202 0.0109 0.0077 -0.0041 -0.0106 0.0200 0.4885 0.4226
1494720000.0000 15150.0000 -0.3086 0.3630 -0.0805 0.4857 139.6391 0.0117 0.0161 0.0062 -0.0041 0.0013 -0.0052 0.0170 0.2205 0.2022
1494720000.0000 15450.0000 -0.1090 0.1615 -0.0107 0.2420 145.9910 0.0286 0.0251 0.0050 -0.0174 0.0015 -0.0054 0.0294 0.7170 0.6866
1494720000.0000 15750.0000 0.0012 0.0175 -0.0169 0.1320 183.7887 0.0139 0.0083 0.0076 0.0034 -0.0039 -0.0030 0.0149 4.0969 4.9166
1494720000.0000 16050.0000 -0.1159 0.0353 0.0170 0.2164 106.9475 0.0176 0.0240 0.0108 0.0117 -0.0037 -0.0064 0.0262 1.0811 0.9723
1494720000.0000 16350.0000 0.0959 -0.1816 0.0164 0.2413 332.1686 0.0099 0.0165 0.0101 0.0039 -0.0048 -0.0069 0.0183 0.5355 0.4568
1494720000.0000 16650.0000 -0.1801 -0.0356 0.0292 0.2309 78.8055 0.0148 0.0167 0.0078 0.0062 -0.0028 -0.0023 0.0196 0.6155 0.5582
1494720000.0000 16950.0000 -0.3052 0.2231 -0.0316 0.4419 126.1698 0.0594 0.0383 0.0106 -0.0131 -0.0008 -0.0093 0.0541 0.5008 0.4772
1494720000.0000 17250.0000 -0.1514 0.1838 -0.0215 0.2995 140.5281 0.0157 0.0326 0.0214 0.0094 -0.0024 -0.0180 0.0349 0.6377 0.5329
1494720000.0000 17550.0000 -0.2646 0.2088 0.0117 0.4199 128.2839 0.0332 0.0542 0.0232 0.0032 -0.0051 -0.0266 0.0553 0.5693 0.5064
1494720000.0000 17850.0000 -0.2708 0.3540 -0.0857 0.4755 142.5893 0.0151 0.0492 0.0258 -0.0023 -0.0004 -0.0249 0.0451 0.3820 0.3286
1494720000.0000 18150.0000 -0.2559 0.1094 0.0365 0.3212 113.1354 0.0103 0.0260 0.0062 0.0015 -0.0002 -0.0081 0.0213 0.4245 0.3956
1494720000.0000 18450.0000 -0.0810 0.2643 -0.0725 0.3089 162.9652 0.0261 0.0326 0.0127 -0.0157 0.0056 -0.0118 0.0357 0.5398 0.5059
1494720000.0000 18750.0000 -0.1768 0.0796 -0.0176 0.2289 114.2307 0.0085 0.0238 0.0119 -0.0005 0.0013 -0.0123 0.0221 0.6238 0.5353
1494720000.0000 19050.0000 -0.2625 0.1037 0.0017 0.3121 111.5503 0.0100 0.0218 0.0138 -0.0063 0.0042 -0.0108 0.0228 0.4368 0.3648
1494720000.0000 19350.0000 -0.2679 0.2078 -0.0253 0.3616 127.7983 0.0196 0.0308 0.0085 -0.0155 0.0047 -0.0091 0.0295 0.4123 0.3824
1494720000.0000 19650.0000 -0.2884 0.0693 0.0411 0.3553 103.5066 0.0188 0.0428 0.0168 0.0006 0.0038 -0.0179 0.0392 0.5398 0.4831
1494720000.0000 19950.0000 -0.1975 -0.0457 0.0643 0.2256 76.9759 0.0125 0.0107 0.0064 -0.0018 -0.0002 -0.0029 0.0148 0.4672 0.4337
1494720000.0000 20250.0000 -0.3498 0.3187 -0.0947 0.4959 132.3396 0.0223 0.0234 0.0180 -0.0035 -0.0028 -0.0063 0.0318 0.3019 0.2607
1494720000.0000 20550.0000 -0.2893 0.1245 0.0321 0.3401 113.2935 0.0131 0.0216 0.0155 -0.0071 0.0054 -0.0114 0.0251 0.4087 0.3415
1494720000.0000 20850.0000 -0.2398 0.0547 0.0728 0.3215 102.8526 0.0211 0.0403 0.0170 0.0054 -0.0050 -0.0142 0.0392 0.6302 0.5815
1494720000.0000 21150.0000 -0.3542 0.0263 0.0062 0.4328 94.2389 0.0219 0.0621 0.0280 0.0044 0.0090 -0.0234 0.0560 0.5441 0.4712
1494720000.0000 21450.0000 -0.1430 -0.0109 0.0595 0.2308 85.6389 0.0172 0.0310 0.0135 -0.0095 0.0060 -0.0114 0.0308 0.9233 0.8839
1494720000.0000 21750.0000 -0.2998 0.1767 -0.0039 0.3905 120.5175 0.0508 0.0407 0.0187 -0.0221 0.0058 -0.0082 0.0551 0.5508 0.5019
1494720000.0000 22050.0000 -0.3763 0.0317 0.1018 0.4405 94.8111 0.0292 0.0500 0.0411 0.0113 -0.0047 -0.0265 0.0601 0.5120 0.4302
1494720000.0000 22350.0000 -0.3861 -0.0242 0.1211 0.4993 86.4132 0.0728 0.0724 0.0655 0.0353 -0.0124 -0.0440 0.1054 0.6538 0.5687
1494720000.0000 22650.0000 -0.4080 0.4088 -0.0070 0.6549 135.0549 0.0977 0.0957 0.0672 -0.0261 0.0250 -0.0344 0.1303 0.5102 0.4395
1494720000.0000 22950.0000 -0.5729 0.0881 0.0736 0.6429 98.7465 0.0615 0.0906 0.0553 -0.0249 0.0170 -0.0328 0.1037 0.4499 0.3884
1494720000.0000 23250.0000 -0.2238 0.0106 0.1068 0.3083 92.7175 0.0379 0.0331 0.0389 0.0198 -0.0161 -0.0144 0.0549 0.7710 0.6864
1494720000.0000 23550.0000 -0.0815 -0.0801 0.0086 0.3019 45.4795 0.0484 0.0586 0.0517 -0.0019 -0.0089 -0.0007 0.0794 2.0070 1.6526
1494720000.0000 23850.0000 -0.2571 0.0791 0.0806 0.3503 107.0965 0.0354 0.0396 0.0315 0.0051 0.0056 -0.0160 0.0533 0.6712 0.5881
1494720000.0000 24150.0000 -0.1220 -0.0244 0.0808 0.2843 78.6829 0.0390 0.0439 0.0274 0.0013 0.0009 -0.0177 0.0552 1.2925 1.3362
1494720000.0000 24450.0000 -0.2482 -0.0736 0.0610 0.2875 73.4734 0.0215 0.0097 0.0216 0.0011 -0.0021 -0.0014 0.0264 0.4992 0.3942
1494720000.0000 24750.0000 -0.4216 -0.1488 0.1359 0.4865 70.5652 0.0201 0.0438 0.0312 0.0064 0.0053 -0.0088 0.0476 0.3810 0.3264
1494720000.0000 25050.0000 -0.3889 -0.0673 0.1858 0.4876 80.1853 0.0679 0.0763 0.0327 0.0422 -0.0224 -0.0348 0.0884 0.5566 0.5554
1494720000.0000 25350.0000 -0.4033 -0.1574 0.1575 0.4821 68.6768 0.0482 0.0413 0.0273 0.0107 -0.0028 -0.0123 0.0584 0.4283 0.3990
1494720000.0000 25650.0000 -0.1898 -0.1325 0.0794 0.2924 55.0906 0.0217 0.0313 0.0384 0.0033 0.0014 -0.0134 0.0457 0.7136 0.5746
1494720000.0000 25950.0000 -0.2446 -0.1353 0.1665 0.3195 61.0473 0.0322 0.0258 0.0155 0.0057 0.0007 0.0031 0.0367 0.4808 0.4972
1494720000.0000 26250.0000 -0.2475 -0.0329 0.1018 0.3768 82.4193 0.0397 0.0655 0.0241 0.0355 -0.0122 -0.0233 0.0646 0.7698 0.7497
1494720000.0000 26550.0000 -0.2306 -0.3041 0.1622 0.4581 37.1731 0.0754 0.0407 0.0196 -0.0003 0.0130 -0.0026 0.0678 0.5127 0.5153
1494720000.0000 26850.0000 -0.2260 -0.0910 0.0758 0.3208 68.0592 0.0237 0.0399 0.0284 0.0116 -0.0054 -0.0142 0.0460 0.6862 0.5976
1494720000.0000 27150.0000 -0.1889 -0.3338 0.1559 0.4230 29.5135 0.0433 0.0220 0.0164 0.0103 -0.0037 -0.0012 0.0408 0.3984 0.3846
1494720000.0000 27450.0000 -0.1917 -0.2618 0.2007 0.3907 36.2151 0.0475 0.0340 0.0117 0.0067 0.0049 0.0050 0.0466 0.4619 0.5079
1494720000.0000 27750.0000 -0.3600 -0.1664 0.1151 0.4394 65.1879 0.0461 0.0251 0.0229 0.0016 0.0071 -0.0083 0.0470 0.4287 0.3882
1494720000.0000 28050.0000 -0.3819 -0.1995 0.1767 0.5666 62.4112 0.0596 0.1266 0.0432 0.0436 -0.0205 -0.0489 0.1148 0.5940 0.5783
1494720000.0000 28350.0000 -0.3165 -0.4455 0.3113 0.5834 35.3886 0.0409 0.0462 0.0151 0.0002 0.0016 0.0007 0.0511 0.2934 0.3117
1494720000.0000 28650.0000 -0.3770 -0.3255 0.2701 0.5514 49.1947 0.0411 0.0705 0.0279 -0.0032 -0.0113 -0.0046 0.0697 0.3806 0.3872
1494720000.0000 28950.0000 -0.4546 -0.4535 0.2574 0.6950 45.0650 0.0585 0.0408 0.0278 -0.0208 0.0059 -0.0024 0.0636 0.2976 0.2834
1494720000.0000 29250.0000 -0.2113 -0.3868 0.2568 0.4984 28.6440 0.0442 0.0529 0.0230 -0.0085 0.0126 -0.0014 0.0601 0.3922 0.4081
1494720000.0000 29550.0000 -0.2549 -0.5329 0.2616 0.6346 25.5590 0.0471 0.0338 0.0168 -0.0107 -0.0057 0.0045 0.0489 0.2794 0.2780
1494720000.0000 29850.0000 -0.5879 -0.1403 0.1998 0.6499 76.5793 0.0665 0.0766 0.0317 0.0247 -0.0082 -0.0253 0.0874 0.3792 0.3614
1494720000.0000 30150.0000 -0.5391 -0.1380 0.1451 0.6586 75.6377 0.0874 0.1007 0.0948 0.0022 -0.0052 -0.0458 0.1414 0.5339 0.4499
1494720000.0000 30450.0000 -0.3479 -0.3225 0.3007 0.5366 47.1676 0.0399 0.0721 0.0229 -0.0082 0.0008 0.0012 0.0675 0.3776 0.4074
1494720000.0000 30750.0000 -0.4642 -0.1131 0.1405 0.5660 76.3050 0.0990 0.0710 0.1024 0.0325 -0.0439 -0.0548 0.1362 0.6050 0.4982
1494720000.0000 31050.0000 -0.3568 -0.2408 0.1989 0.5074 55.9866 0.0431 0.0715 0.0370 -0.0008 0.0027 -0.0081 0.0758 0.4740 0.4541
1494720000.0000 31350.0000 -0.4964 -0.0489 0.2342 0.5710 84.3793 0.0562 0.0772 0.0616 0.0092 0.0000 -0.0230 0.0975 0.4627 0.4228
1494720000.0000 31650.0000 -0.4130 -0.2859 0.2518 0.5822 55.3085 0.1077 0.0763 0.0595 0.0209 -0.0050 -0.0239 0.1217 0.5070 0.4930
1494720000.0000 31950.0000 -0.5199 -0.0590 0.1393 0.5807 83.5218 0.0706 0.0657 0.0816 0.0241 -0.0199 -0.0344 0.1089 0.4977 0.4074
1494720000.0000 32250.0000 -0.4159 -0.2590 0.2570 0.5916 58.0821 0.0748 0.0846 0.0387 -0.0201 0.0082 -0.0127 0.0990 0.4644 0.4704
1494720000.0000 32550.0000 -0.5756 -0.5749 0.3846 0.8978 45.0359 0.1184 0.1285 0.0334 -0.0154 0.0157 -0.0042 0.1401 0.3396 0.3526
1494720000.0000 32850.0000 -0.4782 -0.1016 0.1418 0.5408 78.0014 0.0920 0.0618 0.0457 0.0327 0.0120 -0.0143 0.0997 0.5065 0.4630
1494720000.0000 33150.0000 -0.3517 -0.0963 0.1455 0.4476 74.6823 0.0728 0.0424 0.0624 0.0047 -0.0078 -0.0133 0.0888 0.6197 0.5373
1494720000.0000 33450.0000 -0.0847 -0.1490 0.2009 0.3931 29.6237 0.0998 0.0744 0.0285 0.0468 -0.0221 -0.0212 0.1013 0.9842 1.4059
1494720000.0000 33750.0000 -0.0814 -0.2798 0.1087 0.4523 16.2120 0.0769 0.0757 0.0506 -0.0051 -0.0166 -0.0277 0.1016 0.8368 0.7738
1494720000.0000 34050.0000 -0.2832 -0.2573 0.1473 0.4129 47.7370 0.0478 0.0200 0.0301 0.0124 -0.0128 -0.0030 0.0490 0.4406 0.3929
1494720000.0000 34350.0000 0.0142 -0.4383 0.1226 0.4679 358.1483 0.0272 0.0463 0.0432 -0.0029 0.0006 0.0034 0.0583 0.4331 0.3569
1494720000.0000 34650.0000 0.0104 -0.4591 0.1836 0.5392 358.7010 0.0751 0.0804 0.0473 -0.0206 -0.0219 0.0057 0.1014 0.5257 0.4958
1494720000.0000 34950.0000 -0.0629 -0.1863 0.1310 0.4249 18.6506 0.1230 0.0951 0.0682 0.0563 -0.0330 -0.0215 0.1431 1.3073 1.3710
1494720000.0000 35250.0000 -0.4437 -0.1853 0.2156 0.5251 67.3395 0.0426 0.0476 0.0477 0.0076 -0.0024 -0.0198 0.0690 0.4069 0.3606
1494720000.0000 35550.0000 -0.0441 -0.5915 0.1846 0.6655 4.2682 0.0872 0.0842 0.0394 -0.0066 -0.0147 0.0159 0.1054 0.4267 0.4030
1494720000.0000 35850.0000 -0.5387 -0.2094 0.2374 0.6594 68.7611 0.0996 0.0969 0.0524 0.0346 -0.0012 -0.0245 0.1244 0.4610 0.4428
1494720000.0000 36150.0000 -0.5130 -0.2240 0.2578 0.7049 66.4156 0.0776 0.1798 0.0694 0.0308 -0.0096 -0.0451 0.1634 0.5355 0.5232
1494720000.0000 36450.0000 -0.3433 -0.2476 0.2032 0.7216 54.2051 0.1715 0.2681 0.0837 -0.0506 -0.0038 -0.0629 0.2617 0.8896 0.9044
1494720000.0000 36750.0000 -0.4607 -0.0408 0.2018 0.7069 84.9366 0.1285 0.2776 0.1433 0.0340 -0.0344 -0.1229 0.2747 0.8481 0.7954
1494720000.0000 37050.0000 -0.6556 -0.4322 0.3686 0.9058 56.6033 0.2897 0.2894 0.1573 0.0945 -0.0258 -0.0433 0.3682 0.5711 0.5595
1494720000.0000 37350.0000 -0.9121 -0.4024 0.4286 1.0866 66.1935 0.2720 0.2485 0.1439 0.1151 -0.0229 -0.0641 0.3322 0.4337 0.4178
1494720000.0000 37650.0000 -1.1760 -0.5011 0.4748 1.3939 66.9229 0.3290 0.3170 0.1728 0.0863 -0.0078 -0.0613 0.4094 0.3831 0.3630
1494720000.0000 37950.0000 -0.9311 -0.4895 0.4605 1.1974 62.2694 0.2977 0.2925 0.1062 0.0284 0.0110 -0.0528 0.3482 0.4196 0.4216
1494720000.0000 38250.0000 -0.3542 -0.3013 0.2013 0.6222 49.6171 0.1764 0.1911 0.0837 0.0599 -0.0316 -0.0283 0.2256 0.7653 0.7526
1494720000.0000 38550.0000 -0.7921 -0.3902 0.3973 0.9583 63.7739 0.1253 0.1310 0.0923 0.0017 -0.0067 -0.0381 0.1743 0.3521 0.3310
1494720000.0000 38850.0000 -0.2648 -0.5151 0.2548 0.6980 27.2043 0.1168 0.0979 0.0453 -0.0398 0.0127 0.0145 0.1300 0.4653 0.4619
1494720000.0000 39150.0000 -0.3852 -0.2500 0.2653 0.8566 57.0192 0.3753 0.2797 0.0942 -0.1333 -0.0646 -0.0315 0.3746 0.9423 1.0175
1494720000.0000 39450.0000 -0.5685 -0.8279 0.5762 1.1386 34.4749 0.2532 0.2019 0.0758 -0.0645 0.0059 -0.0107 0.2654 0.3633 0.3878
1494720000.0000 39750.0000 -1.0120 -0.3199 0.4997 1.1628 72.4596 0.2822 0.2413 0.1251 0.0353 0.0284 -0.0710 0.3243 0.3964 0.3936
1494720000.0000 40050.0000 -0.9047 -0.7830 0.4962 1.3308 49.1229 0.4075 0.2220 0.1094 0.0081 -0.0332 -0.0081 0.3694 0.3831 0.3828
1494720000.0000 40350.0000 -0.7738 0.1413 0.0042 1.1948 100.3508 0.7241 0.4851 0.3745 0.2978 -0.2228 -0.2875 0.7918 0.9236 0.8071
1494720000.0000 40650.0000 -0.6193 -0.0934 0.2899 0.7969 81.4234 0.3459 0.2109 0.1156 0.0194 -0.0059 -0.0554 0.3362 0.6860 0.6879
1494720000.0000 40950.0000 -0.4601 -0.2076 0.2451 0.6920 65.7159 0.1616 0.1563 0.0905 -0.0010 0.0061 -0.0462 0.2042 0.6576 0.6449
1494720000.0000 41250.0000 -0.1961 -0.2469 0.2255 0.6100 38.4588 0.1366 0.2039 0.0735 -0.0584 -0.0148 -0.0118 0.2069 0.9582 1.0684
1494720000.0000 41550.0000 -0.4871 -0.6241 0.3812 0.9620 37.9735 0.2464 0.2889 0.0852 -0.0281 0.0469 -0.0215 0.3103 0.5176 0.5336
1494720000.0000 41850.0000 -0.2358 -0.5268 0.2620 0.7056 24.1179 0.1367 0.1176 0.0765 0.0034 -0.0371 -0.0073 0.1654 0.5239 0.5045
1494720000.0000 42150.0000 -0.2333 -0.8239 0.3047 1.0102 15.8083 0.2596 0.2001 0.0732 -0.0717 -0.0346 -0.0082 0.2664 0.4637 0.4572
1494720000.0000 42450.0000 -0.2768 -0.5678 0.3753 0.8414 25.9887 0.3074 0.1278 0.0656 -0.0631 -0.0281 0.0022 0.2504 0.5561 0.6029
1494720000.0000 42750.0000 -0.0148 -0.5242 0.1092 0.8514 1.6214 0.4219 0.1919 0.1314 0.0132 -0.1276 0.0105 0.3726 0.9304 0.8625
1494720000.0000 43050.0000 -0.1616 -0.0725 0.0265 0.5757 65.8421 0.1884 0.2976 0.1616 -0.0010 -0.0429 -0.0821 0.3238 2.5937 2.2718
1494720000.0000 43350.0000 -0.4805 -0.1984 0.2260 0.7418 67.5628 0.1486 0.2976 0.1708 0.0040 0.0300 -0.1383 0.3085 0.8001 0.7418
1494720000.0000 43650.0000 -0.7045 0.4331 0.0704 1.0559 121.5785 0.2079 0.6720 0.1637 -0.1450 0.0440 -0.1978 0.5218 0.7106 0.6549
1494720000.0000 43950.0000 -0.6429 -0.4023 0.3905 0.8344 57.9640 0.1423 0.0955 0.0667 0.0231 0.0155 -0.0048 0.1522 0.3734 0.3712
1494720000.0000 44250.0000 -0.8167 -0.0581 0.2066 1.0725 85.9285 0.2489 0.4731 0.1624 -0.0186 0.0466 -0.1600 0.4422 0.6430 0.5991
1494720000.0000 44550.0000 -0.0229 -0.0393 -0.0371 0.5511 30.1706 0.2117 0.1548 0.1244 -0.0549 -0.0282 -0.0237 0.2454 6.8923 7.6844
1494720000.0000 44850.0000 -0.1117 -0.0261 0.2000 0.7778 76.8572 0.4482 0.2941 0.2618 0.0545 -0.1887 -0.1101 0.5021 2.5099 4.3384
1494720000.0000 45150.0000 0.2080 0.0563 -0.0824 0.8091 254.8612 0.5531 0.4021 0.3599 0.2562 -0.2559 -0.2016 0.6576 2.8699 2.6186
1494720000.0000 45450.0000 0.2003 0.6586 -0.5420 1.3675 196.9193 0.7886 1.1122 0.5240 0.1009 -0.3182 -0.4618 1.2124 1.0261 1.1563
1494720000.0000 45750.0000 -0.8044 0.2909 -0.0233 1.2027 109.8830 0.6324 0.5587 0.2700 -0.2539 -0.0237 -0.1532 0.7305 0.8156 0.7366
1494720000.0000 46050.0000 -0.6625 0.2098 0.0145 0.8195 107.5757 0.3464 0.1744 0.1167 -0.1456 0.0150 -0.0077 0.3188 0.6633 0.5996
1494720000.0000 46350.0000 -0.5437 -0.0204 0.1620 0.6412 87.8498 0.0735 0.1161 0.0998 0.0001 0.0052 -0.0478 0.1447 0.5472 0.4621
1494720000.0000 46650.0000 -0.4338 0.0866 0.0186 0.6926 101.2959 0.1757 0.2796 0.1961 -0.0967 0.0469 -0.1065 0.3257 1.0525 0.8807
1494720000.0000 46950.0000 -0.0573 -0.4862 0.0979 0.7105 6.7252 0.2148 0.1569 0.1653 -0.0076 -0.0743 -0.0082 0.2685 0.8474 0.7190
1494720000.0000 47250.0000 -0.4337 -0.1334 0.1054 0.7864 72.8957 0.3060 0.3026 0.0843 -0.1882 0.0455 -0.0537 0.3465 1.0318 0.9927
1494720000.0000 47550.0000 -0.1599 -0.4319 0.3145 0.6290 20.3138 0.1694 0.1191 0.0572 -0.0136 -0.0122 -0.0023 0.1729 0.6087 0.6733
1494720000.0000 47850.0000 -0.2275 -0.1286 -0.0732 0.5595 60.5146 0.2053 0.1686 0.1674 0.0066 -0.0190 -0.0755 0.2706 1.5653 1.3511
1494720000.0000 48150.0000 -0.2643 -0.4202 0.1630 0.6352 32.1666 0.1685 0.0924 0.1413 0.0404 -0.0814 -0.0072 0.2011 0.7009 0.5942
1494720000.0000 48450.0000 -0.0414 -0.1579 0.0873 0.6989 14.6795 0.4074 0.1868 0.1861 -0.0158 -0.0332 -0.0629 0.3901 2.7542 2.7258
1494720000.0000 48750.0000 -0.8543 0.0010 0.3055 1.0363 90.0644 0.4215 0.3097 0.2074 0.0269 0.0045 -0.1043 0.4693 0.6165 0.5779
1494720000.0000 49050.0000 -0.5127 0.1379 0.2177 0.7424 105.0567 0.1707 0.2710 0.1747 -0.0397 0.0122 -0.0453 0.3082 0.7899 0.7227
1494720000.0000 49350.0000 -0.3643 0.1704 0.0994 0.6678 115.0756 0.2823 0.1857 0.1326 -0.0355 -0.0028 -0.0633 0.3003 1.0801 0.9821
1494720000.0000 49650.0000 -0.3784 0.0190 0.1744 0.6334 92.8800 0.1646 0.1860 0.1099 0.0461 -0.0034 -0.0539 0.2302 0.9393 0.9022
1494720000.0000 49950.0000 0.0133 -0.4739 0.2351 0.5620 358.3868 0.0777 0.1118 0.0337 -0.0394 0.0119 -0.0222 0.1116 0.5154 0.5301
1494720000.0000 50250.0000 -0.1447 -0.3013 0.1931 0.5279 25.6507 0.1015 0.1373 0.0488 -0.0252 0.0036 -0.0110 0.1438 0.8020 0.8440
1494720000.0000 50550.0000 -0.4237 0.0493 0.1255 0.5573 96.6329 0.0761 0.1029 0.0740 -0.0137 -0.0000 -0.0056 0.1265 0.6531 0.5726
1494720000.0000 50850.0000 -0.3029 0.0179 0.0405 0.6739 93.3827 0.3187 0.1743 0.1616 0.0399 -0.0680 -0.0607 0.3273 1.5261 1.3361
1494720000.0000 51150.0000 -0.0704 -0.2989 0.1308 0.4369 13.2482 0.0759 0.0491 0.0858 -0.0160 -0.0271 0.0077 0.1054 0.7942 0.6647
1494720000.0000 51450.0000 -0.2540 -0.2590 0.2306 0.4938 44.4411 0.0827 0.1018 0.0561 -0.0212 0.0165 -0.0133 0.1204 0.6591 0.6839
1494720000.0000 51750.0000 -0.4245 0.2612 -0.0571 0.6554 121.6017 0.1575 0.1898 0.1178 -0.1031 0.0606 -0.0725 0.2326 0.7849 0.6827
1494720000.0000 52050.0000 -0.2253 0.1160 0.1181 0.5018 117.2395 0.1044 0.1651 0.1391 0.0135 -0.0410 -0.0819 0.2043 1.3201 1.1828
1494720000.0000 52350.0000 -0.1325 0.1257 -0.0248 0.6639 133.4901 0.2337 0.3316 0.1129 -0.0909 0.0193 -0.1174 0.3391 2.5788 2.3759
1494720000.0000 52650.0000 -0.4069 0.2475 0.0780 0.7221 121.3094 0.1648 0.3138 0.0965 -0.0898 0.0241 -0.1092 0.2876 0.9073 0.8387
1494720000.0000 52950.0000 -0.3324 0.0291 0.1167 0.4518 95.0018 0.0844 0.0580 0.0472 0.0038 -0.0011 -0.0216 0.0948 0.7111 0.6529
1494720000.0000 53250.0000 -0.3653 0.0279 0.0788 0.4399 94.3705 0.0452 0.0571 0.0536 -0.0154 0.0144 -0.0231 0.0779 0.6083 0.5041
1494720000.0000 53550.0000 -0.0819 -0.4553 0.2096 0.6441 10.1921 0.1914 0.0923 0.0617 -0.0517 -0.0369 -0.0068 0.1727 0.6682 0.6648
1494720000.0000 53850.0000 -0.2478 -0.0622 0.0841 0.3671 75.9165 0.0633 0.0484 0.0403 -0.0116 0.0018 -0.0155 0.0760 0.8367 0.7552
1494720000.0000 54150.0000 -0.2600 -0.0002 0.0217 0.4102 89.9586 0.0739 0.0634 0.0487 -0.0429 0.0049 -0.0113 0.0930 0.9544 0.8227
1494720000.0000 54450.0000 -0.4897 0.3150 0.0179 0.6405 122.7504 0.0589 0.0858 0.0423 -0.0198 0.0104 -0.0285 0.0935 0.4286 0.3772
1494720000.0000 54750.0000 -0.4244 0.1777 0.1119 0.7157 112.7137 0.2390 0.2714 0.1299 -0.0961 -0.0135 -0.0849 0.3202 0.9757 0.8965
1494720000.0000 55050.0000 -0.5255 0.1759 0.0140 0.7208 108.5074 0.2091 0.1847 0.0563 -0.1111 0.0066 -0.0187 0.2251 0.6988 0.6538
1494720000.0000 55350.0000 -0.1195 0.0818 -0.0175 0.5233 124.3754 0.1604 0.1988 0.1303 0.0642 -0.0597 -0.0884 0.2447 2.7689 2.3892
1494720000.0000 55650.0000 0.0554 -0.1300 0.0377 0.5153 336.9265 0.1464 0.1944 0.1559 0.0134 -0.0683 -0.0722 0.2484 2.7818 2.3849
1494720000.0000 55950.0000 0.3419 -0.6644 0.0669 0.8805 332.7686 0.1251 0.2850 0.1291 -0.0290 -0.0177 -0.0790 0.2696 0.5651 0.4948
1494720000.0000 56250.0000 0.3381 -0.3349 0.0381 0.7141 314.7333 0.1875 0.2591 0.1770 0.0463 -0.0912 -0.1093 0.3118 0.9550 0.8108
1494720000.0000 56550.0000 0.2429 -0.3269 0.0555 0.7661 323.3834 0.1481 0.5073 0.2115 0.0176 -0.0335 -0.2243 0.4334 1.3079 1.1477
1494720000.0000 56850.0000 0.5707 -0.9538 0.0939 1.1851 329.1077 0.1399 0.2744 0.1419 -0.0378 -0.0321 -0.0295 0.2781 0.3860 0.3343
1494720000.0000 57150.0000 0.4630 -0.8719 0.1999 1.0730 332.0339 0.1757 0.1835 0.1258 -0.0329 -0.0187 -0.0214 0.2425 0.3992 0.3505
1494720000.0000 57450.0000 0.3589 -0.8225 0.1931 0.9798 336.4274 0.1391 0.1200 0.1098 0.0321 -0.0469 -0.0268 0.1845 0.3821 0.3275
1494720000.0000 57750.0000 0.2061 -0.6781 0.2424 0.7964 343.0976 0.1043 0.2772 0.0714 -0.0431 -0.0023 -0.0299 0.2264 0.5187 0.5031
1494720000.0000 58050.0000 0.2184 -0.5712 0.2134 0.7218 339.0778 0.1205 0.1417 0.0562 -0.0592 0.0035 -0.0282 0.1593 0.5031 0.4835
1494720000.0000 58350.0000 0.3825 -0.7850 0.1394 0.9683 334.0215 0.1321 0.2142 0.1541 0.0066 -0.0719 -0.0374 0.2502 0.4618 0.3890
1494720000.0000 58650.0000 0.2680 -0.6130 0.1653 0.7686 336.3857 0.0911 0.1534 0.0746 0.0107 -0.0294 -0.0381 0.1596 0.4733 0.4267
1494720000.0000 58950.0000 -0.1665 -0.4526 0.1989 0.7246 20.1965 0.2890 0.1451 0.1143 -0.0191 -0.0424 -0.0155 0.2742 0.8195 0.7887
1494720000.0000 59250.0000 0.2689 -0.6053 0.1702 0.9047 336.0471 0.1707 0.3650 0.1524 -0.0113 -0.0668 -0.0789 0.3440 0.7003 0.6379
1494720000.0000 59550.0000 0.1908 -0.3315 -0.0066 0.7118 330.0774 0.2444 0.3335 0.1133 -0.0418 -0.0400 -0.0719 0.3456 1.2547 1.1475
1494720000.0000 59850.0000 -0.0197 -0.5488 0.2073 0.8053 2.0563 0.3037 0.2070 0.1268 -0.0360 -0.1017 -0.0194 0.3187 0.7854 0.7514
1494720000.0000 60150.0000 0.2566 -0.7855 0.1540 0.9441 341.9071 0.1342 0.2246 0.1759 -0.0197 -0.0046 -0.0602 0.2673 0.5022 0.4185
1494720000.0000 60450.0000 0.0171 -0.8244 0.2617 0.9021 358.8098 0.1201 0.1702 0.0692 0.0100 -0.0333 0.0135 0.1798 0.4002 0.3773
1494720000.0000 60750.0000 0.2298 -0.7193 0.2100 0.8331 342.2816 0.1286 0.1586 0.0491 -0.0480 -0.0185 -0.0101 0.1682 0.4272 0.4098
1494720000.0000 61050.0000 -0.0120 -0.5066 0.1807 0.6744 1.3572 0.1218 0.2604 0.0522 -0.0639 0.0068 -0.0358 0.2172 0.7073 0.7044
1494720000.0000 61350.0000 0.1457 -0.3618 0.0741 0.5220 338.0626 0.0790 0.1267 0.0517 0.0209 0.0037 0.0016 0.1287 0.7377 0.6713
1494720000.0000 61650.0000 -0.0595 -0.4769 0.1387 0.6060 7.1136 0.1042 0.1077 0.0416 -0.0060 0.0051 -0.0146 0.1267 0.5811 0.5530
1494720000.0000 61950.0000 0.2014 -0.6813 0.2102 0.7924 343.5278 0.1056 0.1074 0.0891 0.0248 -0.0361 -0.0383 0.1511 0.4283 0.3751
1494720000.0000 62250.0000 0.1715 -0.6622 0.1750 0.7332 345.4815 0.0734 0.0506 0.0313 -0.0027 -0.0113 0.0038 0.0776 0.3222 0.2972
1494720000.0000 62550.0000 0.3141 -0.6790 0.0854 0.8237 335.1759 0.0989 0.1224 0.0699 -0.0198 -0.0216 -0.0215 0.1456 0.4138 0.3631
1494720000.0000 62850.0000 0.3989 -0.6077 0.0898 0.8043 326.7161 0.1103 0.1647 0.1014 -0.0107 -0.0211 -0.0444 0.1882 0.4836 0.4166
1494720000.0000 63150.0000 -0.1374 -0.2189 0.0583 0.4586 32.1171 0.0920 0.0911 0.0510 -0.0392 0.0065 -0.0172 0.1170 1.0541 0.9556
1494720000.0000 63450.0000 -0.3218 0.0680 0.0019 0.4418 101.9317 0.0494 0.0771 0.0452 0.0136 -0.0071 -0.0336 0.0858 0.7273 0.6244
1494720000.0000 63750.0000 -0.2096 0.0083 -0.0536 0.3277 92.2758 0.0474 0.0513 0.0239 -0.0124 0.0013 -0.0134 0.0613 0.9337 0.8647
1494720000.0000 64050.0000 -0.2604 -0.0837 -0.0387 0.5531 72.1771 0.1032 0.1975 0.0646 0.0432 -0.0387 -0.0538 0.1826 1.2633 1.1576
1494720000.0000 64350.0000 0.0193 0.0804 0.0055 0.3508 193.5252 0.1166 0.0462 0.0206 -0.0084 -0.0164 -0.0101 0.0917 2.9837 2.8171
1494720000.0000 64650.0000 0.0424 -0.2147 0.0430 0.3498 348.8376 0.0480 0.0644 0.0192 -0.0232 -0.0073 0.0102 0.0658 0.9393 0.8845
1494720000.0000 64950.0000 -0.3468 0.2175 -0.0212 0.5813 122.0993 0.0717 0.1545 0.0584 -0.0328 -0.0116 -0.0262 0.1423 0.7513 0.6707
1494720000.0000 65250.0000 0.0139 -0.1263 0.0091 0.5187 353.6954 0.1469 0.1695 0.0632 -0.0356 -0.0232 -0.0338 0.1898 2.7930 2.5566
1494720000.0000 65550.0000 -0.1358 0.1236 0.0406 0.4627 132.3190 0.1572 0.1177 0.0545 -0.0436 0.0059 -0.0319 0.1647 1.7614 1.6481
1494720000.0000 65850.0000 0.1620 -0.1905 -0.0192 0.3107 319.6289 0.0196 0.0350 0.0133 -0.0004 -0.0017 -0.0031 0.0339 0.5996 0.5393
1494720000.0000 66150.0000 0.2120 -0.3753 0.0730 0.5458 330.5407 0.0784 0.0919 0.0501 -0.0103 -0.0142 -0.0311 0.1102 0.6200 0.5528
1494720000.0000 66450.0000 0.0689 0.0432 -0.0302 0.5291 237.9465 0.1622 0.2390 0.0916 -0.0001 -0.0382 -0.0786 0.2464 4.6725 4.4974
1494720000.0000 66750.0000 0.1901 -0.1523 0.0062 0.3190 308.6986 0.0147 0.0529 0.0222 -0.0025 -0.0027 -0.0123 0.0449 0.7104 0.6164
1494720000.0000 67050.0000 0.4552 -0.3265 -0.0891 0.6038 305.6517 0.0350 0.0525 0.0446 0.0028 -0.0201 -0.0175 0.0661 0.3700 0.3049
1494720000.0000 67350.0000 0.4642 -0.5266 0.0109 0.7312 318.6023 0.0260 0.0755 0.0368 -0.0063 -0.0057 -0.0167 0.0691 0.3058 0.2620
1494720000.0000 67650.0000 0.1648 -0.3487 -0.0345 0.4850 334.6978 0.0750 0.0728 0.0599 0.0083 0.0315 -0.0210 0.1039 0.6795 0.5755
1494720000.0000 67950.0000 0.3222 -0.2357 -0.0750 0.4259 306.1929 0.0229 0.0298 0.0198 -0.0032 -0.0071 -0.0051 0.0363 0.3828 0.3319
1494720000.0000 68250.0000 0.0124 -0.1454 0.0434 0.2576 355.1458 0.0402 0.0188 0.0194 0.0039 -0.0110 0.0034 0.0392 1.0616 0.9611
1494720000.0000 68550.0000 0.4078 -0.2762 -0.0844 0.5425 304.1095 0.0167 0.0692 0.0210 -0.0037 0.0015 -0.0041 0.0534 0.3777 0.3435
1494720000.0000 68850.0000 0.2494 -0.0929 -0.0970 0.3412 290.4337 0.0274 0.0322 0.0234 0.0045 -0.0128 -0.0049 0.0415 0.5873 0.5298
1494720000.0000 69150.0000 0.1606 -0.0216 -0.0532 0.2924 277.6490 0.0290 0.0487 0.0285 0.0003 -0.0166 -0.0017 0.0531 1.1027 0.9929
1494720000.0000 69450.0000 0.3382 0.0465 -0.1802 0.3780 262.1757 0.0145 0.0329 0.0130 0.0066 -0.0075 -0.0048 0.0302 0.3678 0.3684
1494720000.0000 69750.0000 0.3408 -0.0186 -0.1471 0.3753 273.1196 0.0140 0.0254 0.0150 0.0076 -0.0094 -0.0098 0.0272 0.3620 0.3356
1494720000.0000 70050.0000 0.3369 -0.0456 -0.1597 0.3645 277.7082 0.0155 0.0192 0.0147 -0.0003 -0.0075 -0.0023 0.0247 0.3417 0.3167
1494720000.0000 70350.0000 0.3144 -0.0586 -0.1246 0.3462 280.5496 0.0127 0.0202 0.0085 -0.0010 -0.0037 0.0000 0.0207 0.3422 0.3275
1494720000.0000 70650.0000 0.3569 -0.1020 -0.1343 0.3983 285.9432 0.0155 0.0277 0.0172 -0.0047 -0.0080 0.0046 0.0302 0.3595 0.3233
1494720000.0000 70950.0000 0.3638 -0.0604 -0.0969 0.3886 279.4307 0.0181 0.0172 0.0203 -0.0009 -0.0078 0.0020 0.0278 0.3572 0.2945
1494720000.0000 71250.0000 0.3772 -0.0915 -0.0911 0.4188 283.6332 0.0285 0.0357 0.0241 -0.0091 -0.0109 0.0046 0.0442 0.4304 0.3769
1494720000.0000 71550.0000 0.3121 -0.0784 -0.1210 0.3422 284.1044 0.0126 0.0151 0.0185 -0.0015 -0.0085 0.0013 0.0231 0.3608 0.2985
1494720000.0000 71850.0000 0.3743 -0.0300 -0.1338 0.3928 274.5822 0.0134 0.0147 0.0128 -0.0004 -0.0043 0.0007 0.0204 0.2927 0.2577
1494720000.0000 72150.0000 0.3701 -0.0177 -0.1162 0.3885 272.7367 0.0123 0.0142 0.0133 0.0040 -0.0058 -0.0025 0.0199 0.2966 0.2536
1494720000.0000 72450.0000 0.4528 -0.0084 -0.1638 0.4748 271.0690 0.0189 0.0222 0.0263 0.0048 -0.0096 -0.0019 0.0337 0.3115 0.2587
1494720000.0000 72750.0000 0.4196 0.0011 -0.1435 0.4347 269.8548 0.0148 0.0144 0.0162 0.0051 -0.0059 -0.0024 0.0227 0.2775 0.2354
1494720000.0000 73050.0000 0.4106 0.0029 -0.1544 0.4266 269.5910 0.0152 0.0138 0.0183 0.0010 -0.0080 0.0011 0.0237 0.2863 0.2395
1494720000.0000 73350.0000 0.4459 -0.0227 -0.1594 0.4711 272.9085 0.0350 0.0271 0.0392 0.0051 -0.0143 -0.0025 0.0506 0.3875 0.3221
1494720000.0000 73650.0000 0.4625 -0.0404 -0.1401 0.4838 274.9961 0.0210 0.0217 0.0272 -0.0064 -0.0092 0.0047 0.0350 0.3149 0.2570
1494720000.0000 73950.0000 0.4923 0.0085 -0.1682 0.5134 269.0150 0.0208 0.0233 0.0306 0.0017 -0.0122 -0.0015 0.0373 0.3032 0.2461
1494720000.0000 74250.0000 0.5002 0.0004 -0.1505 0.5173 269.9516 0.0236 0.0179 0.0296 0.0035 -0.0105 -0.0010 0.0356 0.2948 0.2352
1494720000.0000 74550.0000 0.5387 0.0604 -0.2346 0.5639 263.6000 0.0245 0.0266 0.0339 0.0061 -0.0155 -0.0038 0.0425 0.2849 0.2408
1494720000.0000 74850.0000 0.9413 0.4944 -0.5026 1.0726 242.2905 0.0199 0.0305 0.0162 0.0132 -0.0083 -0.0081 0.0333 0.1268 0.1220
1494720000.0000 75150.0000 0.8717 0.4310 -0.4751 0.9853 243.6882 0.0279 0.0384 0.0215 0.0176 -0.0123 -0.0066 0.0439 0.1581 0.1529
1494720000.0000 75450.0000 0.5811 0.1685 -0.3266 0.6180 253.8320 0.0191 0.0184 0.0199 0.0036 -0.0121 -0.0005 0.0287 0.2013 0.1850
1494720000.0000 75750.0000 0.1945 -0.0563 -0.0817 0.2641 286.1460 0.0289 0.0210 0.0182 0.0126 -0.0161 -0.0108 0.0340 0.6900 0.6369
1494720000.0000 76050.0000 0.1600 -0.0924 -0.0641 0.2513 300.0002 0.0149 0.0215 0.0119 0.0058 -0.0025 -0.0022 0.0242 0.6493 0.5967
1494720000.0000 76350.0000 0.0823 -0.0809 -0.0134 0.2138 314.5175 0.0169 0.0296 0.0149 0.0010 -0.0054 0.0027 0.0307 1.2308 1.0784
1494720000.0000 76650.0000 -0.1255 -0.0806 0.0382 0.1775 57.3033 0.0064 0.0125 0.0046 0.0036 -0.0013 0.0001 0.0118 0.5751 0.5322
1494720000.0000 76950.0000 -0.0520 -0.2017 0.0577 0.2688 14.4503 0.0129 0.0391 0.0047 -0.0055 0.0001 -0.0005 0.0283 0.6358 0.6320
1494720000.0000 77250.0000 -0.1680 -0.3550 0.1365 0.4140 25.3229 0.0191 0.0375 0.0093 0.0092 -0.0025 -0.0022 0.0329 0.3564 0.3496
1494720000.0000 77550.0000 0.0863 -0.3370 0.0402 0.3706 345.6334 0.0122 0.0228 0.0078 0.0048 -0.0013 0.0007 0.0214 0.3412 0.3105
1494720000.0000 77850.0000 0.0999 -0.4110 0.0608 0.4502 346.3408 0.0201 0.0352 0.0097 -0.0037 -0.0002 0.0022 0.0325 0.3444 0.3210
1494720000.0000 78150.0000 0.1631 -0.3944 0.0436 0.4696 337.5357 0.0180 0.0542 0.0154 0.0109 -0.0023 -0.0033 0.0438 0.3983 0.3633
1494720000.0000 78450.0000 0.2888 -0.1480 -0.0889 0.3547 297.1280 0.0126 0.0215 0.0098 0.0011 -0.0048 -0.0036 0.0219 0.3594 0.3283
1494720000.0000 78750.0000 0.3066 -0.0053 -0.1548 0.3487 270.9993 0.0161 0.0289 0.0150 0.0125 -0.0108 -0.0111 0.0300 0.4119 0.3996
1494720000.0000 79050.0000 0.3589 -0.0000 -0.1562 0.4080 270.0036 0.0208 0.0383 0.0194 0.0125 -0.0127 -0.0147 0.0392 0.4132 0.3910
1494720000.0000 79350.0000 0.1199 -0.1252 -0.0236 0.2238 316.2252 0.0211 0.0109 0.0073 0.0006 -0.0043 -0.0009 0.0197 0.6546 0.5962
1494720000.0000 79650.0000 -0.0220 -0.1682 0.0321 0.1902 7.4373 0.0058 0.0112 0.0037 0.0003 0.0009 0.0001 0.0103 0.4806 0.4430
1494720000.0000 79950.0000 0.1567 0.1944 -0.1691 0.3493 218.8628 0.0783 0.0609 0.0322 0.0631 -0.0451 -0.0402 0.0858 0.7929 0.8630
1494720000.0000 80250.0000 0.4238 0.3344 -0.2725 0.5439 231.7236 0.0055 0.0155 0.0098 0.0070 -0.0055 -0.0110 0.0154 0.1678 0.1553
1494720000.0000 80550.0000 0.5209 0.2279 -0.3340 0.5749 246.3743 0.0064 0.0103 0.0043 0.0033 -0.0026 0.0006 0.0105 0.1267 0.1310
1494720000.0000 80850.0000 0.1296 0.0804 -0.1103 0.2528 238.1757 0.0503 0.0049 0.0121 0.0099 -0.0232 -0.0039 0.0337 0.7961 0.8895
1494720000.0000 81150.0000 -0.1951 0.0833 -0.0064 0.2507 113.1126 0.0144 0.0181 0.0044 0.0073 -0.0025 -0.0028 0.0184 0.5221 0.4902
1494720000.0000 81450.0000 -0.1973 0.1783 -0.0190 0.2768 132.1087 0.0088 0.0080 0.0016 -0.0024 -0.0003 -0.0007 0.0092 0.2940 0.2814
1494720000.0000 81750.0000 -0.2967 0.1933 0.0101 0.3581 123.0904 0.0047 0.0040 0.0016 -0.0015 0.0003 -0.0000 0.0051 0.1649 0.1519
1494720000.0000 82050.0000 -0.2013 0.1717 -0.0075 0.2830 130.4745 0.0079 0.0114 0.0030 -0.0011 0.0003 -0.0006 0.0112 0.3262 0.3036
1494720000.0000 82350.0000 -0.3041 0.2804 -0.0370 0.4250 132.6790 0.0080 0.0100 0.0025 -0.0007 -0.0015 -0.0021 0.0103 0.1993 0.1874
1494720000.0000 82650.0000 -0.1633 0.0500 -0.0080 0.1929 107.0227 0.0077 0.0081 0.0040 -0.0010 0.0005 -0.0005 0.0099 0.4747 0.4243
1494720000.0000 82950.0000 -0.0699 -0.0544 -0.0019 0.1370 52.0995 0.0122 0.0041 0.0043 0.0011 -0.0030 -0.0006 0.0103 0.9362 0.8321
1494720000.0000 83250.0000 -0.2971 -0.1372 0.0926 0.3370 65.2050 0.0213 0.0079 0.0046 0.0068 -0.0031 -0.0022 0.0169 0.3120 0.3015
1494720000.0000 83550.0000 -0.0715 0.0576 -0.0136 0.1149 128.8454 0.0026 0.0038 0.0012 0.0007 -0.0004 -0.0012 0.0038 0.5440 0.5063
1494720000.0000 83850.0000 0.1283 -0.0151 -0.0646 0.1890 276.7278 0.0128 0.0230 0.0019 -0.0126 -0.0012 0.0003 0.0188 0.7759 0.8451
1494720000.0000 84150.0000 0.0918 -0.3413 0.0446 0.4057 344.9505 0.0394 0.0170 0.0058 -0.0066 -0.0068 0.0011 0.0311 0.4045 0.3881
1494720000.0000 84450.0000 -0.2620 -0.1708 0.1096 0.3503 56.8986 0.0136 0.0313 0.0088 0.0030 -0.0025 -0.0035 0.0269 0.4039 0.3913
1494720000.0000 84750.0000 -0.0286 -0.2032 0.0732 0.2388 8.0180 0.0167 0.0220 0.0043 0.0026 -0.0026 -0.0007 0.0215 0.5492 0.5532
1494720000.0000 85050.0000 0.0657 -0.2039 -0.0072 0.2777 342.1426 0.0178 0.0265 0.0104 0.0034 -0.0043 -0.0006 0.0273 0.6297 0.5671
1494720000.0000 85350.0000 0.2487 -0.3766 -0.0632 0.4959 326.5584 0.0248 0.0426 0.0164 0.0077 -0.0081 -0.0053 0.0419 0.3666 0.3320
1494720000.0000 85650.0000 0.0442 -0.2452 0.0169 0.3213 349.7815 0.0349 0.0294 0.0091 0.0047 -0.0050 0.0032 0.0367 0.6264 0.5874
1494720000.0000 85950.0000 -0.0754 0.1314 -0.0562 0.1737 150.1528 0.0047 0.0082 0.0020 -0.0024 0.0009 -0.0010 0.0075 0.4368 0.4336
1494720000.0000 86250.0000 -0.2958 -0.1079 0.0916 0.3411 69.9517 0.0260 0.0162 0.0088 0.0152 -0.0099 -0.0082 0.0255 0.3974 0.3764
1494806400.0000 86550.0000 -0.1015 -0.1547 0.0307 0.2564 33.2874 0.0351 0.0084 0.0083 0.0083 -0.0135 -0.0032 0.0259 0.7004 0.6508
1494806400.0000 86850.0000 0.1536 -0.2984 -0.0149 0.3688 332.7618 0.0171 0.0315 0.0096 -0.0012 -0.0022 -0.0026 0.0291 0.4144 0.3791
1494806400.0000 87150.0000 0.1735 -0.1546 -0.0624 0.2862 311.6958 0.0149 0.0291 0.0145 0.0055 -0.0061 -0.0025 0.0292 0.5804 0.5209
1494806400.0000 87450.0000 0.0206 -0.2291 0.0408 0.2446 354.8538 0.0064 0.0057 0.0030 0.0013 0.0004 -0.0001 0.0075 0.3035 0.2763
1494806400.0000 87750.0000 0.0528 -0.3537 0.0858 0.3713 351.5123 0.0085 0.0106 0.0026 0.0022 -0.0002 -0.0000 0.0108 0.2312 0.2233
1494806400.0000 88050.0000 -0.0283 -0.2704 0.0776 0.2973 5.9822 0.0102 0.0163 0.0031 -0.0040 -0.0001 -0.0023 0.0148 0.3511 0.3456
1494806400.0000 88350.0000 -0.2033 -0.0903 0.0495 0.2468 66.0634 0.0050 0.0132 0.0029 -0.0001 -0.0002 -0.0030 0.0106 0.3682 0.3504
1494806400.0000 88650.0000 -0.2032 -0.0521 0.0242 0.2175 75.6159 0.0038 0.0035 0.0010 0.0008 -0.0008 -0.0005 0.0042 0.2503 0.2361
1494806400.0000 88950.0000 0.1130 -0.1590 -0.0432 0.2172 324.5884 0.0095 0.0173 0.0041 -0.0034 0.0005 0.0009 0.0155 0.5085 0.4848
1494806400.0000 89250.0000 0.1140 -0.5220 0.0959 0.5615 347.6757 0.0277 0.0664 0.0086 -0.0182 0.0016 -0.0043 0.0513 0.3408 0.3314
1494806400.0000 89550.0000 -0.1092 -0.0523 0.0261 0.1778 64.3865 0.0126 0.0087 0.0018 -0.0011 -0.0010 -0.0004 0.0116 0.7099 0.6973
1494806400.0000 89850.0000 0.1753 -0.1918 -0.0393 0.3912 317.5835 0.0363 0.1072 0.0195 -0.0225 0.0010 -0.0140 0.0815 0.8869 0.8416
1494806400.0000 90150.0000 0.1074 -0.5061 0.1119 0.5660 348.0141 0.0430 0.0659 0.0103 -0.0112 0.0018 -0.0019 0.0596 0.3765 0.3683
1494806400.0000 90450.0000 -0.1628 0.1285 -0.0041 0.2525 128.2727 0.0123 0.0171 0.0039 0.0016 -0.0012 -0.0012 0.0167 0.5082 0.4776
1494806400.0000 90750.0000 0.0350 -0.4622 0.0791 0.4906 355.6700 0.0158 0.0405 0.0146 0.0061 -0.0010 -0.0087 0.0354 0.3269 0.2955
1494806400.0000 91050.0000 0.1494 -0.4087 0.0481 0.4717 339.9182 0.0191 0.0612 0.0144 0.0065 -0.0030 0.0005 0.0473 0.4058 0.3760
1494806400.0000 91350.0000 0.2636 -0.5653 0.0765 0.6616 335.0034 0.0333 0.0792 0.0259 0.0044 -0.0036 -0.0092 0.0692 0.3418 0.3105
1494806400.0000 91650.0000 0.2589 -0.7776 0.1422 0.8403 341.5842 0.0374 0.0742 0.0180 -0.0179 -0.0012 0.0042 0.0648 0.2499 0.2353
1494806400.0000 91950.0000 -0.2097 -0.3545 0.1555 0.4626 30.6040 0.0342 0.0311 0.0063 -0.0085 -0.0028 0.0021 0.0358 0.3511 0.3584
1494806400.0000 92250.0000 -0.2298 0.0315 0.0303 0.3779 97.7994 0.0085 0.0955 0.0065 -0.0059 -0.0000 -0.0137 0.0553 0.8211 0.8033
1494806400.0000 92550.0000 -0.1779 -0.2752 0.1033 0.3523 32.8879 0.0119 0.0183 0.0032 -0.0001 -0.0010 -0.0011 0.0167 0.3075 0.3065
1494806400.0000 92850.0000 -0.4048 -0.1564 0.1271 0.4436 68.8737 0.0096 0.0100 0.0058 0.0027 0.0001 -0.0034 0.0127 0.2035 0.1863
1494806400.0000 93150.0000 -0.1906 -0.2256 0.0916 0.3506 40.1940 0.0162 0.0299 0.0054 -0.0116 0.0010 -0.0053 0.0257 0.4236 0.4197
1494806400.0000 93450.0000 -0.4796 -0.1992 0.1758 0.5308 67.4455 0.0293 0.0157 0.0080 0.0095 -0.0024 -0.0030 0.0265 0.2422 0.2357
1494806400.0000 93750.0000 -0.2971 -0.3592 0.1674 0.4920 39.5959 0.0136 0.0215 0.0039 -0.0091 0.0015 -0.0031 0.0195 0.2299 0.2318
1494806400.0000 94050.0000 -0.4819 -0.1876 0.1853 0.5210 68.7255 0.0174 0.0078 0.0070 0.0074 -0.0054 -0.0038 0.0161 0.1887 0.1774
1494806400.0000 94350.0000 -0.4109 -0.1049 0.1321 0.4335 75.6734 0.0150 0.0103 0.0083 0.0066 -0.0012 -0.0013 0.0168 0.2384 0.2165
1494806400.0000 94650.0000 -0.5483 -0.2261 0.2401 0.6026 67.5878 0.0228 0.0170 0.0149 0.0110 -0.0059 -0.0062 0.0273 0.2109 0.1941
1494806400.0000 94950.0000 -0.6912 -0.3150 0.3096 0.7669 65.5003 0.0199 0.0131 0.0088 0.0048 0.0006 -0.0010 0.0210 0.1441 0.1383
1494806400.0000 95250.0000 -0.6665 -0.3866 0.2963 0.7761 59.8842 0.0103 0.0085 0.0043 0.0001 -0.0005 0.0006 0.0115 0.1061 0.1027
1494806400.0000 95550.0000 -0.7093 -0.2398 0.2623 0.7640 71.3219 0.0414 0.0302 0.0170 0.0219 -0.0020 -0.0047 0.0442 0.2165 0.2062
1494806400.0000 95850.0000 -0.4326 -0.5306 0.2269 0.7200 39.1870 0.0435 0.0399 0.0090 -0.0071 -0.0033 0.0008 0.0462 0.2434 0.2435
1494806400.0000 96150.0000 -0.5789 -0.4737 0.2837 0.7756 50.7063 0.0423 0.0274 0.0094 -0.0073 -0.0030 0.0048 0.0396 0.2030 0.2039
1494806400.0000 96450.0000 -0.6935 -0.5064 0.3211 0.8787 53.8620 0.0564 0.0339 0.0139 0.0095 -0.0065 0.0037 0.0521 0.2034 0.2021
1494806400.0000 96750.0000 -0.4995 -0.4271 0.2477 0.6747 49.4654 0.0260 0.0201 0.0060 0.0003 -0.0020 -0.0005 0.0260 0.1875 0.1885
1494806400.0000 97050.0000 -0.3063 -0.4374 0.2124 0.5441 34.9982 0.0096 0.0173 0.0036 0.0015 -0.0003 -0.0014 0.0152 0.1754 0.1772
1494806400.0000 97350.0000 -0.4936 -0.4173 0.2494 0.6647 49.7903 0.0352 0.0132 0.0050 -0.0008 -0.0023 0.0007 0.0267 0.1927 0.1966
1494806400.0000 97650.0000 -0.5075 -0.3875 0.2378 0.6563 52.6378 0.0386 0.0100 0.0050 -0.0025 -0.0067 0.0012 0.0268 0.1961 0.1992
1494806400.0000 97950.0000 -0.7953 -0.3989 0.3287 0.9023 63.3669 0.0281 0.0207 0.0064 0.0016 -0.0006 -0.0007 0.0276 0.1430 0.1433
1494806400.0000 98250.0000 -0.8245 -0.5238 0.3536 1.0075 57.5746 0.0403 0.0513 0.0130 -0.0157 -0.0042 0.0065 0.0523 0.1797 0.1789
1494806400.0000 98550.0000 -0.4742 -0.9614 0.4033 1.1259 26.2549 0.0854 0.1646 0.0308 -0.0167 0.0004 0.0156 0.1403 0.2671 0.2693
1494806400.0000 98850.0000 -0.7136 -0.8589 0.4413 1.1560 39.7214 0.1001 0.1066 0.0280 0.0143 -0.0101 0.0097 0.1173 0.2329 0.2351
1494806400.0000 99150.0000 -0.8835 -0.7413 0.4225 1.1763 50.0033 0.1047 0.0424 0.0243 0.0127 -0.0193 0.0092 0.0857 0.1946 0.1920
1494806400.0000 99450.0000 -0.6688 -0.8205 0.3774 1.0989 39.1838 0.0812 0.1262 0.0260 0.0120 -0.0087 0.0070 0.1167 0.2482 0.2484
1494806400.0000 99750.0000 -0.4748 -0.8597 0.3761 1.0306 28.9144 0.0734 0.1509 0.0312 -0.0066 -0.0031 0.0201 0.1277 0.2775 0.2784
1494806400.0000 100050.0000 -0.5779 -0.6624 0.3352 0.9071 41.1066 0.0592 0.0658 0.0141 0.0062 -0.0024 0.0017 0.0696 0.2289 0.2322
1494806400.0000 100350.0000 -0.6874 -0.6959 0.3931 0.9961 44.6488 0.0493 0.0367 0.0167 0.0076 -0.0054 0.0062 0.0513 0.1755 0.1731
1494806400.0000 100650.0000 -0.6704 -0.8458 0.4121 1.1157 38.4006 0.0667 0.1291 0.0286 0.0049 -0.0051 0.0100 0.1122 0.2367 0.2367
1494806400.0000 100950.0000 -0.7445 -0.8677 0.4921 1.1785 40.6310 0.0887 0.0868 0.0313 0.0017 -0.0093 0.0095 0.1034 0.2110 0.2116
1494806400.0000 101250.0000 -0.8378 -0.7890 0.4486 1.1758 46.7167 0.0760 0.0581 0.0259 0.0088 -0.0094 0.0091 0.0800 0.1869 0.1837
1494806400.0000 101550.0000 -1.0550 -0.9238 0.5348 1.4414 48.7923 0.1477 0.1102 0.0442 0.0141 -0.0116 0.0238 0.1511 0.2115 0.2091
1494806400.0000 101850.0000 -0.8623 -0.8064 0.4772 1.2181 46.9173 0.0942 0.0765 0.0357 -0.0105 -0.0124 0.0145 0.1032 0.2060 0.2021
1494806400.0000 102150.0000 -0.6760 -0.9563 0.4617 1.2286 35.2552 0.1138 0.1683 0.0359 -0.0173 -0.0056 0.0212 0.1590 0.2586 0.2618
1494806400.0000 102450.0000 -0.7562 -1.0007 0.5220 1.3034 37.0788 0.0939 0.1914 0.0397 -0.0012 -0.0063 0.0267 0.1625 0.2423 0.2459
1494806400.0000 102750.0000 -0.5519 -0.8139 0.3743 1.0175 34.1403 0.0546 0.0897 0.0263 -0.0059 -0.0094 0.0126 0.0853 0.2267 0.2231
1494806400.0000 103050.0000 -0.5139 -0.9608 0.4549 1.1304 28.1434 0.0913 0.1358 0.0327 0.0173 0.0023 0.0183 0.1299 0.2492 0.2525
1494806400.0000 103350.0000 -0.6552 -0.7794 0.4214 1.0485 40.0507 0.0508 0.0693 0.0231 -0.0086 -0.0047 0.0094 0.0716 0.1983 0.1965
1494806400.0000 103650.0000 -0.6482 -0.7846 0.4184 1.0482 39.5631 0.0653 0.0869 0.0250 0.0101 -0.0043 0.0059 0.0886 0.2208 0.2213
1494806400.0000 103950.0000 -0.8185 -0.8233 0.4657 1.1920 44.8341 0.0831 0.0735 0.0286 0.0033 -0.0075 0.0149 0.0926 0.1986 0.1968
1494806400.0000 104250.0000 -0.7995 -0.7795 0.4265 1.1370 45.7235 0.0589 0.0505 0.0161 0.0068 -0.0080 0.0063 0.0628 0.1711 0.1710
1494806400.0000 104550.0000 -0.6134 -0.8767 0.3899 1.0966 34.9776 0.0576 0.0781 0.0244 0.0045 0.0005 0.0106 0.0800 0.2028 0.1988
1494806400.0000 104850.0000 -0.5401 -0.7551 0.3400 0.9782 35.5738 0.1011 0.0908 0.0329 -0.0015 -0.0190 0.0188 0.1124 0.2769 0.2725
1494806400.0000 105150.0000 -0.5104 -0.8182 0.3824 0.9934 31.9557 0.0619 0.0930 0.0251 0.0184 -0.0061 0.0053 0.0900 0.2361 0.2356
1494806400.0000 105450.0000 -1.1154 -0.7813 0.5557 1.3930 54.9905 0.1296 0.0668 0.0313 0.0067 -0.0244 0.0082 0.1138 0.1873 0.1879
1494806400.0000 105750.0000 -1.0893 -0.8844 0.5588 1.4281 50.9291 0.0910 0.0601 0.0291 -0.0012 -0.0195 0.0121 0.0901 0.1623 0.1600
1494806400.0000 106050.0000 -0.9692 -1.0403 0.5307 1.4712 42.9758 0.1330 0.1313 0.0416 -0.0156 -0.0145 0.0194 0.1530 0.2104 0.2088
1494806400.0000 106350.0000 -1.0792 -1.0661 0.5853 1.5745 45.3504 0.1398 0.1939 0.0554 -0.0179 -0.0097 0.0220 0.1946 0.2215 0.2199
1494806400.0000 106650.0000 -0.9907 -0.9597 0.5686 1.4248 45.9099 0.1919 0.1323 0.0468 0.0276 -0.0122 0.0180 0.1855 0.2357 0.2383
1494806400.0000 106950.0000 -0.7495 -0.9411 0.5019 1.2513 38.5345 0.1220 0.1401 0.0354 0.0047 -0.0077 0.0237 0.1487 0.2415 0.2457
1494806400.0000 107250.0000 -0.8399 -0.9933 0.5022 1.3643 40.2151 0.1740 0.1546 0.0293 -0.0111 -0.0035 0.0192 0.1789 0.2477 0.2544
1494806400.0000 107550.0000 -0.9143 -0.9848 0.5438 1.3825 42.8727 0.1205 0.1047 0.0239 -0.0009 -0.0029 0.0097 0.1245 0.1988 0.2039
1494806400.0000 107850.0000 -1.0385 -0.9577 0.5328 1.4433 47.3169 0.1067 0.0722 0.0333 -0.0008 -0.0040 0.0161 0.1061 0.1762 0.1729
1494806400.0000 108150.0000 -1.0701 -0.8704 0.5474 1.4008 50.8776 0.1228 0.0508 0.0246 0.0201 -0.0179 0.0091 0.0991 0.1732 0.1744
1494806400.0000 108450.0000 -1.1805 -0.8171 0.6126 1.4494 55.3108 0.0799 0.0356 0.0187 0.0113 -0.0091 0.0053 0.0671 0.1355 0.1366
1494806400.0000 108750.0000 -1.1188 -0.8015 0.5660 1.3860 54.3818 0.0586 0.0293 0.0149 0.0131 -0.0051 0.0052 0.0514 0.1244 0.1244
1494806400.0000 109050.0000 -1.2031 -0.9218 0.6313 1.5261 52.5429 0.0605 0.0379 0.0187 0.0146 0.0002 0.0051 0.0586 0.1204 0.1195
1494806400.0000 109350.0000 -1.0428 -0.9334 0.5942 1.4126 48.1693 0.0624 0.0392 0.0191 0.0122 -0.0057 0.0094 0.0604 0.1319 0.1315
1494806400.0000 109650.0000 -1.4077 -0.9418 0.6994 1.7139 56.2167 0.1003 0.0487 0.0346 -0.0051 -0.0158 0.0149 0.0918 0.1350 0.1316
1494806400.0000 109950.0000 -1.1239 -0.9481 0.6180 1.4963 49.8482 0.0928 0.0676 0.0299 -0.0014 -0.0110 0.0157 0.0952 0.1579 0.1572
1494806400.0000 110250.0000 -1.2867 -0.9733 0.6635 1.6582 52.8959 0.1676 0.1027 0.0532 -0.0212 -0.0201 0.0276 0.1618 0.1882 0.1861
1494806400.0000 110550.0000 -1.3945 -0.9600 0.7283 1.7532 55.4544 0.3386 0.1231 0.0687 -0.0037 -0.0282 0.0337 0.2652 0.2281 0.2317
1494806400.0000 110850.0000 -0.9514 -0.9640 0.6105 1.4126 44.6242 0.1829 0.1109 0.0391 -0.0151 -0.0150 0.0144 0.1664 0.2242 0.2310
1494806400.0000 111150.0000 -1.1605 -0.9607 0.5401 1.5814 50.3824 0.3084 0.1804 0.0573 0.0215 -0.0205 0.0198 0.2731 0.2666 0.2679
1494806400.0000 111450.0000 -1.4712 -1.0609 0.7437 1.8536 54.2042 0.2165 0.1488 0.0603 0.0343 -0.0131 0.0213 0.2128 0.1921 0.1924
1494806400.0000 111750.0000 -1.1031 -1.1441 0.6145 1.6444 43.9529 0.1944 0.1580 0.0499 -0.0001 0.0006 0.0299 0.2012 0.2149 0.2157
1494806400.0000 112050.0000 -1.5918 -1.1634 0.7410 2.0193 53.8394 0.2806 0.1778 0.0670 0.0250 -0.0125 0.0357 0.2627 0.1987 0.1983
1494806400.0000 112350.0000 -1.4350 -1.0408 0.7632 1.8260 54.0458 0.2852 0.1651 0.0702 0.0368 -0.0004 0.0194 0.2602 0.2158 0.2185
1494806400.0000 112650.0000 -1.7900 -1.1558 0.7798 2.1741 57.1508 0.3801 0.1320 0.0691 0.0382 -0.0145 0.0238 0.2906 0.1940 0.1939
1494806400.0000 112950.0000 -1.3248 -1.0884 0.7706 1.7583 50.5934 0.2904 0.1113 0.0548 0.0274 -0.0141 0.0285 0.2283 0.2075 0.2134
1494806400.0000 113250.0000 -1.5579 -1.0611 0.7933 1.9448 55.7403 0.2251 0.2439 0.0681 0.0107 0.0099 0.0109 0.2686 0.2069 0.2098
1494806400.0000 113550.0000 -1.4577 -1.3042 0.8534 2.0420 48.1826 0.3278 0.3073 0.0899 -0.0238 0.0232 0.0260 0.3625 0.2304 0.2352
1494806400.0000 113850.0000 -1.6027 -1.0493 0.7602 1.9943 56.7884 0.4838 0.1612 0.0790 -0.0426 0.0105 0.0185 0.3620 0.2384 0.2420
1494806400.0000 114150.0000 -1.6469 -1.1142 0.7733 2.0260 55.9218 0.2409 0.1358 0.0635 0.0293 0.0178 0.0159 0.2201 0.1795 0.1782
1494806400.0000 114450.0000 -1.4875 -1.1551 0.7930 1.9671 52.1706 0.4308 0.1865 0.0649 -0.0557 0.0330 0.0184 0.3411 0.2334 0.2409
1494806400.0000 114750.0000 -1.5390 -0.7220 0.6934 1.7324 64.8687 0.1578 0.1150 0.0539 0.0293 0.0176 0.0094 0.1634 0.1798 0.1774
1494806400.0000 115050.0000 -1.2585 -0.9867 0.6316 1.6371 51.9023 0.1583 0.0987 0.0395 0.0029 -0.0013 0.0172 0.1482 0.1828 0.1830
1494806400.0000 115350.0000 -1.4532 -0.9260 0.6312 1.7654 57.4939 0.1799 0.1223 0.0442 -0.0030 0.0022 0.0081 0.1732 0.1852 0.1842
1494806400.0000 115650.0000 -1.5337 -0.8520 0.7508 1.7920 60.9483 0.2865 0.1001 0.0626 0.0289 0.0191 -0.0031 0.2246 0.2028 0.2046
1494806400.0000 115950.0000 -1.7250 -1.1552 0.7123 2.1131 56.1905 0.3224 0.1113 0.0616 0.0369 -0.0152 0.0251 0.2476 0.1851 0.1831
1494806400.0000 116250.0000 -1.2951 -1.0786 0.7893 1.7112 50.2112 0.1408 0.0825 0.0365 0.0202 -0.0048 0.0136 0.1299 0.1581 0.1619
1494806400.0000 116550.0000 -1.9469 -0.8655 0.7670 2.1595 66.0311 0.2406 0.1420 0.0806 0.0631 -0.0019 -0.0180 0.2316 0.1735 0.1676
1494806400.0000 116850.0000 -1.7141 -1.1727 0.8584 2.1225 55.6213 0.3342 0.1701 0.0672 0.0434 -0.0164 0.0165 0.2857 0.1942 0.1974
1494806400.0000 117150.0000 -1.8062 -1.1211 0.9345 2.1811 58.1734 0.3345 0.2401 0.0746 0.0553 -0.0185 0.0221 0.3246 0.2003 0.2059
1494806400.0000 117450.0000 -1.8461 -1.2214 0.8682 2.2620 56.5102 0.2668 0.1945 0.0783 0.0067 -0.0003 0.0237 0.2698 0.1784 0.1771
1494806400.0000 117750.0000 -1.4658 -1.4318 0.8804 2.1497 45.6718 0.4440 0.2923 0.0810 -0.0644 -0.0028 0.0332 0.4087 0.2340 0.2418
1494806400.0000 118050.0000 -1.8541 -1.2307 0.9387 2.2823 56.4241 0.3197 0.3192 0.0990 0.0828 -0.0112 0.0163 0.3690 0.2053 0.2074
1494806400.0000 118350.0000 -1.1807 -1.4714 0.8955 1.9623 38.7437 0.4528 0.2534 0.0785 0.0472 -0.0136 0.0224 0.3923 0.2449 0.2572
1494806400.0000 118650.0000 -1.7472 -1.4357 0.9271 2.3392 50.5893 0.5126 0.3394 0.1191 0.0651 0.0253 0.0272 0.4855 0.2328 0.2357
1494806400.0000 118950.0000 -1.7976 -1.0428 0.9089 2.1461 59.8815 0.4314 0.2308 0.0927 0.0068 0.0311 0.0083 0.3775 0.2212 0.2261
1494806400.0000 119250.0000 -1.7055 -1.0056 0.8523 2.0567 59.4768 0.5407 0.2293 0.1061 0.0425 0.0153 -0.0300 0.4380 0.2507 0.2559
1494806400.0000 119550.0000 -1.4970 -1.3109 0.8295 2.0918 48.7921 0.5433 0.3341 0.1103 0.0078 0.0093 0.0190 0.4939 0.2662 0.2718
1494806400.0000 119850.0000 -1.3157 -1.5397 0.9096 2.1284 40.5150 0.4467 0.3713 0.1030 -0.0375 0.0001 0.0511 0.4605 0.2496 0.2578
1494806400.0000 120150.0000 -2.0033 -1.1003 0.8962 2.3378 61.2215 0.3429 0.2777 0.1086 0.0873 -0.0134 -0.0072 0.3646 0.2008 0.1990
1494806400.0000 120450.0000 -1.6802 -1.1609 0.8393 2.1283 55.3573 0.4018 0.3659 0.1317 0.0398 -0.0352 0.0155 0.4497 0.2480 0.2477
1494806400.0000 120750.0000 -1.5997 -1.0413 0.7899 2.0331 56.9369 0.5031 0.4013 0.1399 -0.0195 -0.0138 -0.0330 0.5222 0.2856 0.2877
1494806400.0000 121050.0000 -1.3117 -1.2419 0.7691 1.9008 46.5672 0.3301 0.3330 0.0944 -0.0102 0.0126 0.0220 0.3787 0.2559 0.2603
1494806400.0000 121350.0000 -1.1720 -1.6439 0.8031 2.1891 35.4857 0.7151 0.4804 0.1365 -0.1394 -0.0332 0.0544 0.6660 0.3067 0.3127
1494806400.0000 121650.0000 -1.5063 -1.3713 0.8456 2.1433 47.6870 0.4334 0.4002 0.0987 -0.0458 -0.0132 0.0734 0.4661 0.2527 0.2588
1494806400.0000 121950.0000 -1.2138 -1.2147 0.7681 1.8654 44.9786 0.5691 0.2767 0.0803 -0.0883 -0.0339 0.0375 0.4630 0.2953 0.3092
1494806400.0000 122250.0000 -1.1861 -1.3356 0.7332 1.9251 41.6071 0.4345 0.4740 0.1134 -0.0958 -0.0242 0.0429 0.5110 0.3023 0.3081
1494806400.0000 122550.0000 -1.1837 -1.3032 0.7664 1.8830 42.2498 0.4814 0.4128 0.0998 -0.0012 -0.0146 0.0434 0.4970 0.2998 0.3101
1494806400.0000 122850.0000 -1.3587 -1.3685 0.7614 2.0148 44.7934 0.3914 0.3855 0.1219 0.0185 -0.0439 0.0353 0.4494 0.2640 0.2639
1494806400.0000 123150.0000 -1.3923 -1.3287 0.8510 2.0942 46.3398 0.7025 0.4486 0.1140 -0.1182 0.0016 0.0501 0.6326 0.3086 0.3219
1494806400.0000 123450.0000 -1.6590 -0.8103 0.6586 1.8868 63.9669 0.3456 0.1898 0.1124 0.1148 0.0055 -0.0195 0.3239 0.2371 0.2288
1494806400.0000 123750.0000 -1.6316 -0.8559 0.7196 1.9385 62.3198 0.5120 0.4197 0.1606 0.1152 -0.0193 -0.0704 0.5462 0.3051 0.3025
1494806400.0000 124050.0000 -1.4143 -1.3802 0.7662 2.1165 45.6991 0.4947 0.4459 0.1392 -0.0851 -0.0067 0.0307 0.5399 0.2831 0.2833
1494806400.0000 124350.0000 -1.2211 -0.9557 0.7200 1.6785 51.9501 0.4115 0.3096 0.1392 -0.0638 0.0294 -0.0222 0.4301 0.3132 0.3162
1494806400.0000 124650.0000 -1.2802 -1.0770 0.7601 1.8028 49.9253 0.5170 0.4980 0.1742 0.0492 -0.0280 -0.0423 0.5946 0.3426 0.3477
1494806400.0000 124950.0000 -1.0863 -1.4076 0.7592 1.9431 37.6589 0.5783 0.5153 0.1342 -0.0568 0.0030 0.0419 0.6138 0.3309 0.3396
1494806400.0000 125250.0000 -1.2056 -0.5379 0.5256 1.4959 65.9569 0.3140 0.5311 0.1755 0.0252 0.0012 -0.0931 0.5103 0.4105 0.4020
1494806400.0000 125550.0000 -1.3519 -1.3138 0.7979 2.0144 45.8195 0.5619 0.5376 0.1475 0.0223 0.0194 0.0103 0.6235 0.3150 0.3211
1494806400.0000 125850.0000 -1.3236 -0.8704 0.6177 1.7126 56.6715 0.5707 0.5046 0.1411 0.2202 -0.0194 -0.0570 0.6082 0.3745 0.3779
1494806400.0000 126150.0000 -0.5369 -0.9629 0.5865 1.2080 29.1456 0.2079 0.2690 0.0580 0.0092 0.0094 0.0147 0.2675 0.3382 0.3617
1494806400.0000 126450.0000 -1.0217 -1.0758 0.6290 1.6432 43.5220 0.6244 0.4153 0.1795 0.0451 0.0092 -0.0394 0.6096 0.3956 0.3968
1494806400.0000 126750.0000 -1.3419 -0.5969 0.5964 1.5819 66.0214 0.3718 0.3447 0.1940 0.0964 -0.0158 -0.0855 0.4553 0.3475 0.3328
1494806400.0000 127050.0000 -1.1931 -0.4382 0.4364 1.4485 69.8353 0.3765 0.5039 0.2508 0.0477 0.0068 -0.1583 0.5656 0.4569 0.4262
1494806400.0000 127350.0000 -1.2876 0.1058 0.3433 1.5875 94.6989 0.4909 0.9723 0.3159 -0.2503 0.0970 -0.2831 0.8896 0.5761 0.5406
1494806400.0000 127650.0000 -0.6338 -0.5628 0.2799 1.0137 48.3931 0.3361 0.2161 0.1568 0.0288 -0.0627 -0.0460 0.3545 0.5446 0.5062
1494806400.0000 127950.0000 -1.5102 -0.8465 0.7519 1.8382 60.7289 0.5827 0.3634 0.2298 0.1077 -0.0155 -0.0623 0.5879 0.3317 0.3244
1494806400.0000 128250.0000 -1.1048 -0.5837 0.5664 1.3275 62.1505 0.2469 0.2281 0.1148 0.0715 -0.0156 -0.0465 0.2949 0.3232 0.3185
1494806400.0000 128550.0000 -1.3193 -0.8007 0.6473 1.6900 58.7471 0.5899 0.4127 0.1709 0.0488 -0.0494 -0.0234 0.5867 0.3737 0.3746
1494806400.0000 128850.0000 -1.3700 -0.5755 0.6509 1.6711 67.2127 0.4588 0.5634 0.2791 0.0025 0.0267 -0.1665 0.6507 0.4060 0.3928
1494806400.0000 129150.0000 -0.8713 -0.4839 0.4154 1.0693 60.9556 0.2419 0.1151 0.0698 0.0260 0.0080 -0.0174 0.2134 0.3493 0.3461
1494806400.0000 129450.0000 -1.1183 -0.6740 0.5328 1.4229 58.9228 0.4699 0.2850 0.1870 0.0677 0.0190 -0.0416 0.4709 0.3973 0.3842
1494806400.0000 129750.0000 -0.8877 -0.4929 0.4021 1.2434 60.9574 0.7127 0.2790 0.2822 0.1282 -0.1771 -0.0846 0.6370 0.5967 0.5663
1494806400.0000 130050.0000 -0.7795 -0.0293 0.2461 0.9296 87.8462 0.2215 0.2822 0.1945 0.0825 -0.0379 -0.1343 0.3491 0.5898 0.5253
1494806400.0000 130350.0000 -1.0098 0.2863 0.0657 1.2070 105.8294 0.3097 0.5306 0.1873 -0.1994 0.1038 -0.1768 0.5138 0.5566 0.5043
1494806400.0000 130650.0000 -0.7717 0.4263 0.0279 1.0244 118.9152 0.1569 0.2741 0.1756 0.0081 0.0042 -0.1279 0.3033 0.5097 0.4299
1494806400.0000 130950.0000 -0.9016 -0.1948 0.3693 1.0172 77.8061 0.1704 0.1878 0.1304 0.0525 -0.0052 -0.0595 0.2443 0.4062 0.3746
1494806400.0000 131250.0000 -0.4882 -0.0604 0.1715 0.7422 82.9477 0.2659 0.2167 0.0962 -0.1140 0.0083 -0.0661 0.2894 0.8432 0.8153
1494806400.0000 131550.0000 -0.8839 -0.2318 0.3438 1.0675 75.3032 0.1948 0.3029 0.1584 0.0227 -0.0155 -0.1211 0.3280 0.4790 0.4457
1494806400.0000 131850.0000 -0.3432 0.2890 -0.0647 0.9691 130.0978 0.6373 0.3239 0.2029 -0.0331 -0.0900 -0.1271 0.5821 1.3742 1.2616
1494806400.0000 132150.0000 -1.0646 -0.2540 0.3947 1.2956 76.5827 0.2620 0.5089 0.1964 0.0366 0.0183 -0.1712 0.4836 0.4880 0.4631
1494806400.0000 132450.0000 -0.6540 -0.1847 0.2239 0.8408 74.2255 0.1337 0.2303 0.0916 -0.0477 0.0205 -0.0358 0.2278 0.5447 0.5126
1494806400.0000 132750.0000 0.0975 -0.0388 0.0514 0.3826 291.7200 0.1072 0.0492 0.0831 0.0043 -0.0549 -0.0196 0.1198 2.4183 2.1766
1494806400.0000 133050.0000 -0.2516 -0.3425 0.2786 0.6232 36.3024 0.1964 0.0797 0.0595 -0.0454 -0.0322 -0.0052 0.1678 0.6582 0.7138
1494806400.0000 133350.0000 -0.6189 0.0279 0.1015 0.7761 92.5857 0.2704 0.2835 0.1059 -0.1325 0.0503 -0.0970 0.3299 0.7471 0.6936
1494806400.0000 133650.0000 -0.2602 -0.7758 0.3433 0.8877 18.5412 0.1130 0.1166 0.0535 0.0011 -0.0092 0.0176 0.1415 0.3462 0.3380
1494806400.0000 133950.0000 -0.3556 -0.6729 0.3032 0.9079 27.8563 0.1799 0.2309 0.0710 -0.0661 0.0097 -0.0148 0.2409 0.4892 0.4862
1494806400.0000 134250.0000 0.0581 -1.2588 0.4457 1.3999 357.3578 0.3601 0.4272 0.1136 -0.1572 -0.0868 0.0471 0.4504 0.4100 0.4065
1494806400.0000 134550.0000 -0.9741 -0.5640 0.4261 1.2617 59.9286 0.5313 0.2227 0.1527 0.1298 -0.0799 -0.0570 0.4534 0.4568 0.4454
1494806400.0000 134850.0000 -0.4621 -0.3925 0.2289 0.8025 49.6514 0.1441 0.2561 0.1383 0.0261 -0.0158 -0.0809 0.2692 0.6537 0.6024
1494806400.0000 135150.0000 0.1526 -0.5318 0.1218 0.7375 343.9940 0.1097 0.2806 0.1497 0.0418 -0.0545 -0.0845 0.2700 0.7489 0.6519
1494806400.0000 135450.0000 -0.0912 -0.8184 0.3742 0.9770 6.3597 0.1455 0.4133 0.0630 0.0145 0.0078 -0.0495 0.3109 0.5034 0.5241
1494806400.0000 135750.0000 -0.2572 -0.6384 0.3275 0.9139 21.9434 0.2696 0.2101 0.0742 -0.1166 -0.0419 0.0035 0.2770 0.5637 0.5810
1494806400.0000 136050.0000 -0.5801 0.0382 0.0878 0.9665 93.7654 0.1568 0.5895 0.2423 0.0572 -0.0536 -0.2366 0.4944 0.9764 0.8579
1494806400.0000 136350.0000 -0.8672 -0.0973 0.2611 1.0446 83.6005 0.2374 0.3719 0.1525 0.0587 -0.0450 -0.1270 0.3809 0.5532 0.5165
1494806400.0000 136650.0000 -0.9168 -0.1777 0.2604 1.0502 79.0305 0.1608 0.2362 0.1318 -0.0017 -0.0024 -0.0773 0.2644 0.4330 0.3895
1494806400.0000 136950.0000 -0.8067 -0.2995 0.1896 1.1694 69.6341 0.2421 0.6490 0.0966 -0.1569 0.0343 -0.0940 0.4938 0.6512 0.6334
1494806400.0000 137250.0000 -0.2100 -0.6457 0.2159 0.9973 18.0172 0.4941 0.2576 0.0822 -0.1579 -0.0813 0.0222 0.4169 0.7400 0.7372
1494806400.0000 137550.0000 -0.5033 -1.2366 0.5295 1.4711 22.1449 0.3592 0.5184 0.1191 0.0292 -0.0416 0.0419 0.4984 0.4013 0.4051
1494806400.0000 137850.0000 -0.3248 -0.6190 0.2729 1.0510 27.6850 0.3403 0.5018 0.0990 -0.2543 0.0013 -0.0324 0.4705 0.7464 0.7579
1494806400.0000 138150.0000 -0.0168 -0.8924 0.2233 1.1220 1.0791 0.3893 0.2357 0.0787 -0.1965 -0.0399 0.0175 0.3518 0.5264 0.5114
1494806400.0000 138450.0000 0.0211 -0.4232 0.2813 0.6526 357.1431 0.1128 0.2580 0.0618 -0.0228 -0.0060 -0.0435 0.2163 0.7466 0.8296
1494806400.0000 138750.0000 -0.1817 -0.3852 0.2030 0.6050 25.2535 0.1560 0.1287 0.0612 0.0210 -0.0325 -0.0165 0.1729 0.7197 0.7234
1494806400.0000 139050.0000 0.1583 0.2105 -0.1805 0.5311 216.9309 0.1947 0.0702 0.0729 -0.0274 -0.0334 -0.0158 0.1689 1.0510 1.1283
1494806400.0000 139350.0000 0.2311 -0.0845 0.0001 0.4914 290.0911 0.1339 0.1214 0.0932 0.0566 -0.0558 -0.0653 0.1743 1.3849 1.1853
1494806400.0000 139650.0000 0.1793 -0.3502 0.0763 0.6669 332.8893 0.2131 0.1538 0.0896 0.0384 -0.0840 -0.0452 0.2283 0.9733 0.8888
1494806400.0000 139950.0000 0.2091 0.0433 -0.2187 0.4304 258.3109 0.1047 0.0879 0.0595 0.0203 -0.0059 -0.0389 0.1260 0.9484 1.1867
1494806400.0000 140250.0000 -0.3407 -0.4204 0.2200 0.6008 39.0204 0.0803 0.0300 0.0248 -0.0001 -0.0016 0.0034 0.0676 0.3633 0.3544
1494806400.0000 140550.0000 -0.5477 -0.2281 0.2052 0.6651 67.3938 0.0412 0.1127 0.0233 0.0173 -0.0030 -0.0132 0.0886 0.3871 0.3817
1494806400.0000 140850.0000 -0.3199 -0.4128 0.2757 0.6975 37.7751 0.1545 0.2435 0.0406 -0.0686 0.0047 -0.0340 0.2193 0.6473 0.6973
1494806400.0000 141150.0000 -0.9440 -0.7694 0.4707 1.2746 50.8184 0.2007 0.1393 0.0434 0.0327 -0.0198 0.0085 0.1917 0.2738 0.2764
1494806400.0000 141450.0000 -0.9713 -0.8994 0.5500 1.4303 47.2036 0.3092 0.2666 0.0809 -0.0201 0.0020 0.0056 0.3283 0.3264 0.3309
1494806400.0000 141750.0000 -0.5156 -0.3204 0.3181 0.6838 58.1460 0.1343 0.0525 0.0323 -0.0049 -0.0118 -0.0069 0.1096 0.3944 0.4111
1494806400.0000 142050.0000 -0.6542 -0.6375 0.3111 0.9649 45.7385 0.1120 0.0992 0.0450 0.0155 -0.0106 0.0074 0.1281 0.3029 0.2905
1494806400.0000 142350.0000 -0.6727 -0.4488 0.3449 0.8802 56.2922 0.1476 0.0896 0.0569 -0.0144 -0.0106 0.0063 0.1471 0.3561 0.3477
1494806400.0000 142650.0000 -0.0341 -0.2224 0.0757 0.4108 8.7204 0.0496 0.1138 0.0673 0.0058 -0.0153 -0.0044 0.1153 1.1678 1.0370
1494806400.0000 142950.0000 -0.3750 -0.5080 0.2403 0.7965 36.4384 0.3585 0.1286 0.1643 0.0505 -0.1513 -0.0380 0.3257 0.6897 0.6382
1494806400.0000 143250.0000 -0.1228 -1.0209 0.3085 1.3063 6.8579 0.4257 0.6257 0.1678 0.0730 -0.0958 -0.0729 0.6096 0.5938 0.5757
1494806400.0000 143550.0000 -0.4065 -0.3019 0.1910 0.8454 53.4045 0.5098 0.2258 0.1736 0.0399 -0.1694 -0.0409 0.4546 1.0173 0.9780
1494806400.0000 143850.0000 -0.6027 -0.9857 0.3652 1.3412 31.4435 0.3673 0.4314 0.0957 -0.0846 0.0038 -0.0043 0.4472 0.4506 0.4466
1494806400.0000 144150.0000 -1.0692 -0.7292 0.5467 1.3923 55.7038 0.3888 0.1814 0.0825 0.0369 0.0071 0.0015 0.3263 0.3320 0.3369
1494806400.0000 144450.0000 -0.9974 -0.9670 0.6314 1.5207 45.8871 0.4723 0.3718 0.1006 0.0266 -0.0509 0.0091 0.4723 0.3677 0.3818
1494806400.0000 144750.0000 -0.4858 -0.6733 0.3630 0.9634 35.8117 0.1249 0.4263 0.0784 0.0217 -0.0119 -0.0767 0.3148 0.5056 0.5163
1494806400.0000 145050.0000 -0.0966 -0.6012 0.2244 0.6700 9.1290 0.0686 0.0807 0.0377 -0.0165 -0.0162 0.0024 0.0935 0.3846 0.3663
1494806400.0000 145350.0000 0.1037 -0.8643 0.2936 1.0515 353.1582 0.4059 0.1849 0.0865 0.0756 -0.1030 -0.0179 0.3387 0.5172 0.5098
1494806400.0000 145650.0000 -0.4417 -0.4424 0.2589 0.7251 44.9553 0.1032 0.2173 0.0880 0.0254 -0.0421 -0.0370 0.2043 0.5454 0.5228
1494806400.0000 145950.0000 -0.1007 -0.5171 0.1804 0.6667 11.0245 0.1528 0.1073 0.0541 -0.0278 -0.0230 0.0087 0.1571 0.5812 0.5589
1494806400.0000 146250.0000 0.4537 -0.2310 0.0015 0.6510 296.9868 0.0493 0.2099 0.0755 -0.0473 0.0080 -0.0856 0.1674 0.6561 0.5774
1494806400.0000 146550.0000 -0.3276 0.2510 -0.0010 0.5298 127.4593 0.0788 0.1031 0.0600 -0.0038 -0.0157 -0.0300 0.1209 0.6880 0.5966
1494806400.0000 146850.0000 -0.6450 -0.2670 0.2476 0.7111 67.5101 0.0510 0.0277 0.0202 0.0224 -0.0046 -0.0036 0.0495 0.2452 0.2321
1494806400.0000 147150.0000 -0.5184 -0.4969 0.2817 0.8162 46.2103 0.1506 0.1513 0.0451 -0.0190 0.0096 -0.0174 0.1735 0.4409 0.4418
1494806400.0000 147450.0000 -0.3063 -0.6579 0.2632 0.7910 24.9696 0.1410 0.0680 0.0329 0.0240 -0.0255 0.0047 0.1210 0.3679 0.3637
1494806400.0000 147750.0000 0.0905 -0.8588 0.1798 0.9440 353.9862 0.1360 0.1694 0.0537 -0.0631 -0.0216 0.0162 0.1795 0.3922 0.3694
1494806400.0000 148050.0000 -0.1095 -0.8920 0.2767 1.0603 7.0013 0.2745 0.3106 0.0539 -0.1361 -0.0161 0.0298 0.3195 0.4908 0.4914
1494806400.0000 148350.0000 0.0785 -0.5621 0.1362 0.6286 352.0452 0.0586 0.1303 0.0314 0.0098 -0.0045 -0.0181 0.1102 0.4643 0.4421
1494806400.0000 148650.0000 0.2019 -0.7148 0.0960 0.7957 344.2302 0.0613 0.2342 0.0492 -0.0088 -0.0168 -0.0424 0.1724 0.4526 0.4226
1494806400.0000 148950.0000 -0.0060 -0.4521 0.1412 0.5146 0.7663 0.0539 0.0740 0.0298 -0.0082 -0.0143 -0.0059 0.0789 0.4841 0.4567
1494806400.0000 149250.0000 0.1794 -0.7381 0.1410 0.8054 346.3407 0.0792 0.1443 0.0259 -0.0534 -0.0049 0.0016 0.1247 0.3732 0.3594
1494806400.0000 149550.0000 0.2564 -0.7881 0.2149 0.8935 341.9796 0.1168 0.1618 0.0534 -0.0113 -0.0105 0.0005 0.1660 0.3886 0.3677
1494806400.0000 149850.0000 0.3630 -0.9809 0.1236 1.0732 339.6917 0.0652 0.1845 0.0463 -0.0426 -0.0112 0.0144 0.1480 0.2982 0.2758
1494806400.0000 150150.0000 0.4170 -1.0612 0.0905 1.1726 338.5453 0.0615 0.1385 0.0618 -0.0135 -0.0109 0.0061 0.1309 0.2583 0.2265
1494806400.0000 150450.0000 0.3465 -1.1510 0.1910 1.2301 343.2458 0.0708 0.1124 0.0381 -0.0145 -0.0039 0.0092 0.1107 0.2232 0.2056
1494806400.0000 150750.0000 0.3268 -1.0433 0.1803 1.1335 342.6083 0.0949 0.2226 0.0528 -0.0498 -0.0221 0.0213 0.1852 0.3171 0.2975
1494806400.0000 151050.0000 0.3833 -1.1724 0.1954 1.2589 341.8948 0.0759 0.1141 0.0359 -0.0320 -0.0113 0.0011 0.1130 0.2197 0.2040
