1494720000.0000 150.0000 0.2458 0.3758 -0.0724 0.4510 213.1850 0.0034 0.0015 0.0014 0.0011 -0.0010 -0.0005 0.0032 0.1015 0.0906
1494720000.0000 450.0000 0.2167 0.3655 -0.0685 0.4267 210.6642 0.0025 0.0020 0.0010 0.0010 -0.0007 -0.0004 0.0028 0.1005 0.0919
1494720000.0000 750.0000 0.2022 0.3616 -0.0758 0.4166 209.2106 0.0034 0.0019 0.0013 0.0012 -0.0013 -0.0006 0.0033 0.1122 0.1022
1494720000.0000 1050.0000 0.1987 0.3578 -0.0708 0.4104 209.0437 0.0013 0.0011 0.0007 0.0004 -0.0002 0.0002 0.0015 0.0772 0.0688
1494720000.0000 1350.0000 0.1195 0.3125 -0.0788 0.3380 200.9290 0.0026 0.0030 0.0011 0.0006 -0.0002 0.0000 0.0034 0.1376 0.1290
1494720000.0000 1650.0000 0.0002 0.2633 -0.0121 0.2818 180.0331 0.0106 0.0044 0.0055 -0.0004 -0.0042 0.0004 0.0103 0.3140 0.2689
1494720000.0000 1950.0000 0.1270 0.2933 -0.0779 0.3268 203.4189 0.0053 0.0023 0.0009 0.0007 -0.0000 -0.0002 0.0042 0.1616 0.1574
1494720000.0000 2250.0000 0.0777 0.2610 -0.0595 0.2942 196.5798 0.0137 0.0086 0.0038 0.0017 0.0004 -0.0006 0.0131 0.3348 0.3167
1494720000.0000 2550.0000 0.1405 0.2561 -0.0649 0.3028 208.7393 0.0102 0.0058 0.0016 0.0036 -0.0001 -0.0005 0.0088 0.2567 0.2505
1494720000.0000 2850.0000 0.0866 0.2841 -0.0601 0.3037 196.9596 0.0040 0.0026 0.0014 -0.0004 0.0005 -0.0005 0.0040 0.1699 0.1571
1494720000.0000 3150.0000 0.1177 0.2858 -0.0399 0.3145 202.3874 0.0055 0.0027 0.0012 0.0021 0.0004 0.0002 0.0047 0.1794 0.1688
1494720000.0000 3450.0000 0.1161 0.2507 -0.0430 0.2895 204.8443 0.0102 0.0046 0.0017 0.0022 0.0010 -0.0003 0.0083 0.2654 0.2541
1494720000.0000 3750.0000 0.1208 0.2577 -0.0385 0.3088 205.1275 0.0226 0.0048 0.0040 0.0034 0.0016 0.0001 0.0157 0.3566 0.3361
1494720000.0000 4050.0000 0.1079 0.2228 -0.0400 0.2609 205.8434 0.0057 0.0085 0.0043 0.0018 0.0003 -0.0014 0.0093 0.3134 0.2785
1494720000.0000 4350.0000 0.1124 0.2339 -0.0412 0.2805 205.6685 0.0109 0.0133 0.0072 0.0009 -0.0007 -0.0041 0.0157 0.3891 0.3459
1494720000.0000 4650.0000 0.1135 0.1921 -0.0380 0.2509 210.5761 0.0134 0.0084 0.0043 -0.0017 0.0020 -0.0024 0.0130 0.4120 0.3819
1494720000.0000 4950.0000 0.0907 0.1919 -0.0486 0.2300 205.3051 0.0118 0.0077 0.0014 0.0036 -0.0012 -0.0016 0.0104 0.3832 0.3800
1494720000.0000 5250.0000 0.0651 0.1804 -0.0334 0.2130 199.8274 0.0088 0.0032 0.0023 -0.0000 0.0001 -0.0002 0.0071 0.3546 0.3294
1494720000.0000 5550.0000 0.1592 0.2094 -0.0567 0.2835 217.2402 0.0149 0.0036 0.0015 0.0026 0.0004 0.0002 0.0100 0.3033 0.2985
1494720000.0000 5850.0000 0.1319 0.2547 -0.0615 0.3023 207.3737 0.0109 0.0062 0.0014 0.0001 0.0016 -0.0007 0.0093 0.2680 0.2632
1494720000.0000 6150.0000 0.0837 0.2101 -0.0427 0.2517 201.7084 0.0143 0.0061 0.0013 0.0052 -0.0016 -0.0014 0.0109 0.3696 0.3645
1494720000.0000 6450.0000 0.1296 0.2324 -0.0539 0.2996 209.1506 0.0240 0.0085 0.0040 0.0044 -0.0005 -0.0031 0.0183 0.4064 0.3911
1494720000.0000 6750.0000 -0.0077 0.1372 -0.0328 0.2686 176.7762 0.0404 0.0250 0.0032 0.0188 -0.0044 -0.0044 0.0343 1.0698 1.0742
1494720000.0000 7050.0000 0.0575 0.2251 -0.0544 0.2597 194.3269 0.0119 0.0144 0.0041 0.0005 -0.0005 -0.0019 0.0152 0.4225 0.4034
1494720000.0000 7350.0000 0.0639 0.2184 -0.0353 0.2394 196.3192 0.0109 0.0079 0.0035 0.0073 -0.0023 -0.0021 0.0111 0.3741 0.3474
1494720000.0000 7650.0000 -0.0129 0.1804 -0.0409 0.2233 175.8956 0.0181 0.0031 0.0037 0.0007 0.0018 -0.0004 0.0125 0.4914 0.4646
1494720000.0000 7950.0000 0.0695 0.1571 -0.0429 0.2012 203.8672 0.0066 0.0110 0.0029 0.0036 0.0005 -0.0009 0.0103 0.4677 0.4465
1494720000.0000 8250.0000 0.1562 0.2151 -0.0410 0.2878 215.9925 0.0161 0.0022 0.0009 0.0012 0.0004 0.0003 0.0096 0.2977 0.2939
1494720000.0000 8550.0000 0.0658 0.2091 -0.0444 0.2263 197.4632 0.0037 0.0037 0.0011 0.0009 0.0001 -0.0008 0.0042 0.2375 0.2263
1494720000.0000 8850.0000 0.0998 0.2762 -0.0715 0.3068 199.8752 0.0105 0.0030 0.0011 0.0036 -0.0016 -0.0010 0.0073 0.2310 0.2286
1494720000.0000 9150.0000 0.0462 0.2241 -0.0529 0.2357 191.6494 0.0028 0.0036 0.0008 -0.0004 -0.0000 -0.0007 0.0036 0.2083 0.2017
1494720000.0000 9450.0000 -0.0294 0.1797 -0.0019 0.2375 170.7033 0.0222 0.0115 0.0029 0.0118 -0.0022 -0.0025 0.0183 0.6066 0.5818
1494720000.0000 9750.0000 0.1462 0.2189 -0.0479 0.2709 213.7390 0.0059 0.0034 0.0015 0.0011 0.0001 -0.0004 0.0054 0.2240 0.2115
1494720000.0000 10050.0000 0.0701 0.2176 -0.0501 0.2529 197.8648 0.0125 0.0038 0.0008 0.0015 -0.0000 -0.0006 0.0086 0.3228 0.3224
1494720000.0000 10350.0000 0.0616 0.1774 -0.0388 0.1978 199.1428 0.0038 0.0022 0.0009 -0.0005 -0.0005 0.0000 0.0034 0.2499 0.2375
1494720000.0000 10650.0000 0.0115 0.1612 -0.0146 0.1766 184.0760 0.0061 0.0050 0.0019 0.0002 -0.0001 -0.0017 0.0065 0.4052 0.3757
1494720000.0000 10950.0000 0.1230 0.2209 -0.0316 0.2617 209.1022 0.0068 0.0032 0.0018 0.0024 -0.0014 -0.0010 0.0059 0.2465 0.2287
1494720000.0000 11250.0000 -0.0438 0.1227 -0.0001 0.1672 160.3751 0.0081 0.0097 0.0018 0.0024 -0.0009 -0.0022 0.0098 0.6197 0.5904
1494720000.0000 11550.0000 0.1183 0.2613 -0.0598 0.3246 204.3497 0.0314 0.0244 0.0074 0.0209 -0.0085 -0.0087 0.0316 0.4955 0.4754
1494720000.0000 11850.0000 0.1049 0.2248 -0.0440 0.2617 205.0214 0.0130 0.0087 0.0011 0.0082 -0.0011 -0.0015 0.0114 0.3458 0.3423
1494720000.0000 12150.0000 0.0516 0.1503 -0.0275 0.2246 198.9489 0.0163 0.0179 0.0016 0.0111 -0.0014 -0.0029 0.0179 0.6773 0.6719
1494720000.0000 12450.0000 -0.0109 0.0882 -0.0062 0.1378 172.9218 0.0072 0.0059 0.0033 0.0014 -0.0014 -0.0029 0.0082 0.8315 0.7465
1494720000.0000 12750.0000 0.1329 0.1083 -0.0131 0.2325 230.8312 0.0197 0.0125 0.0055 0.0085 -0.0059 -0.0064 0.0189 0.6524 0.6048
1494720000.0000 13050.0000 0.0951 0.1337 -0.0148 0.2319 215.4365 0.0278 0.0055 0.0027 0.0080 -0.0044 -0.0021 0.0180 0.6652 0.6425
1494720000.0000 13350.0000 0.0760 0.1002 -0.0038 0.1343 217.1945 0.0042 0.0029 0.0016 0.0014 -0.0005 -0.0003 0.0043 0.4276 0.3861
1494720000.0000 13650.0000 0.0657 0.0914 -0.0326 0.1457 215.7218 0.0068 0.0047 0.0016 -0.0021 0.0014 -0.0014 0.0065 0.5639 0.5506
1494720000.0000 13950.0000 -0.0173 0.0888 -0.0222 0.1425 168.9698 0.0213 0.0027 0.0022 0.0024 0.0023 -0.0006 0.0131 1.0042 0.9891
1494720000.0000 14250.0000 -0.0517 0.1236 -0.0350 0.1868 157.3048 0.0242 0.0089 0.0037 0.0041 0.0003 -0.0023 0.0184 0.8006 0.7845
1494720000.0000 14550.0000 0.1403 0.1446 -0.0313 0.2351 224.1244 0.0317 0.0062 0.0040 0.0086 -0.0039 -0.0024 0.0209 0.5796 0.5578
1494720000.0000 14850.0000 0.0958 0.1604 -0.0300 0.2062 210.8445 0.0167 0.0043 0.0021 0.0050 0.0000 0.0001 0.0116 0.4641 0.4478
1494720000.0000 15150.0000 0.0382 0.1169 0.0005 0.1812 198.0947 0.0155 0.0140 0.0040 0.0122 -0.0060 -0.0060 0.0168 0.8598 0.8065
1494720000.0000 15450.0000 -0.0107 0.1153 -0.0134 0.1920 174.6814 0.0194 0.0103 0.0027 0.0048 -0.0027 -0.0006 0.0162 0.8918 0.8592
1494720000.0000 15750.0000 -0.0430 0.0811 0.0381 0.2437 152.0563 0.0559 0.0228 0.0134 0.0123 -0.0023 -0.0059 0.0461 1.7640 1.7652
1494720000.0000 16050.0000 0.0165 0.0551 -0.0039 0.2752 196.6691 0.0817 0.0351 0.0086 0.0411 -0.0128 -0.0089 0.0627 3.5467 3.4307
1494720000.0000 16350.0000 -0.0774 0.0665 0.0118 0.1780 130.6795 0.0157 0.0127 0.0049 0.0057 0.0031 -0.0014 0.0167 1.0276 0.9549
1494720000.0000 16650.0000 -0.0536 0.0438 -0.0089 0.1885 129.2465 0.0341 0.0110 0.0062 -0.0082 0.0079 -0.0018 0.0257 1.8743 1.7721
1494720000.0000 16950.0000 -0.0469 0.0707 -0.0109 0.1767 146.4090 0.0263 0.0135 0.0125 0.0005 0.0067 -0.0058 0.0261 1.5433 1.3573
1494720000.0000 17250.0000 -0.0042 -0.0042 0.0091 0.1221 45.0930 0.0058 0.0136 0.0019 0.0076 -0.0018 -0.0028 0.0107 7.8125 13.6757
1494720000.0000 17550.0000 0.1194 0.1575 -0.0388 0.2057 217.1653 0.0055 0.0028 0.0013 0.0017 0.0002 -0.0005 0.0049 0.2826 0.2674
1494720000.0000 17850.0000 0.0178 0.0567 0.0189 0.1304 197.4083 0.0128 0.0074 0.0036 0.0008 0.0023 -0.0001 0.0119 1.4260 1.3793
1494720000.0000 18150.0000 0.1128 0.0431 0.0149 0.1640 249.0836 0.0164 0.0099 0.0055 0.0059 -0.0000 -0.0025 0.0159 0.8461 0.7758
1494720000.0000 18450.0000 0.0862 0.0655 0.0155 0.1787 232.7671 0.0215 0.0067 0.0022 0.0031 -0.0000 -0.0020 0.0152 0.9213 0.8962
1494720000.0000 18750.0000 0.0414 0.0006 0.0453 0.1345 269.1081 0.0128 0.0112 0.0057 0.0026 -0.0015 -0.0023 0.0148 1.6192 2.1558
1494720000.0000 19050.0000 -0.0498 -0.0909 -0.0076 0.2464 28.7034 0.0368 0.0275 0.0111 0.0084 0.0083 -0.0053 0.0377 1.5245 1.4120
1494720000.0000 19350.0000 -0.0777 0.0660 0.0178 0.1828 130.3538 0.0202 0.0120 0.0097 0.0048 0.0052 -0.0007 0.0210 1.1422 1.0169
1494720000.0000 19650.0000 0.1142 -0.0410 0.0272 0.1932 289.7643 0.0169 0.0161 0.0067 -0.0023 0.0039 -0.0029 0.0199 0.9263 0.8651
1494720000.0000 19950.0000 -0.0297 -0.0222 0.0280 0.2255 53.2625 0.0460 0.0234 0.0166 0.0092 0.0105 -0.0076 0.0430 3.6480 4.1054
1494720000.0000 20250.0000 0.0671 -0.0985 0.0310 0.1484 325.7174 0.0117 0.0084 0.0047 -0.0035 0.0012 0.0011 0.0124 0.7393 0.6878
1494720000.0000 20550.0000 -0.0366 -0.0660 -0.0059 0.1170 29.0297 0.0060 0.0059 0.0064 0.0005 0.0002 -0.0001 0.0091 1.0297 0.8340
1494720000.0000 20850.0000 -0.0002 -0.0756 0.0182 0.1781 0.1867 0.0263 0.0078 0.0060 -0.0068 0.0022 0.0001 0.0200 1.4850 1.4093
1494720000.0000 21150.0000 0.1213 -0.0493 -0.0004 0.2555 292.1356 0.0474 0.0154 0.0120 -0.0090 0.0173 -0.0048 0.0374 1.2065 1.1052
1494720000.0000 21450.0000 -0.1314 0.0192 -0.0199 0.2218 98.3240 0.0338 0.0209 0.0183 -0.0108 0.0132 -0.0109 0.0365 1.1614 1.0168
1494720000.0000 21750.0000 0.0321 -0.0205 0.0321 0.1787 302.4985 0.0255 0.0198 0.0107 -0.0004 0.0009 -0.0039 0.0280 2.7450 3.2289
1494720000.0000 22050.0000 0.0051 -0.0505 0.0070 0.2570 354.2838 0.0636 0.0458 0.0238 -0.0020 0.0133 -0.0117 0.0666 4.1127 3.7625
1494720000.0000 22350.0000 0.0393 -0.0257 0.0525 0.1938 303.1645 0.0229 0.0283 0.0097 0.0010 -0.0006 -0.0033 0.0305 2.0252 2.7868
1494720000.0000 22650.0000 -0.1041 -0.0031 0.0128 0.2606 88.2766 0.0594 0.0306 0.0321 -0.0118 0.0188 -0.0093 0.0610 1.9223 1.6628
1494720000.0000 22950.0000 0.0378 -0.0366 0.0232 0.2510 314.1165 0.0485 0.0487 0.0160 0.0147 -0.0038 -0.0055 0.0566 3.3789 3.4210
1494720000.0000 23250.0000 -0.2723 -0.0957 0.0268 0.3804 70.6318 0.0516 0.0430 0.0317 -0.0012 0.0159 -0.0090 0.0631 0.7078 0.6152
1494720000.0000 23550.0000 0.1119 -0.0174 0.0050 0.2733 278.8194 0.0616 0.0238 0.0126 -0.0112 0.0079 -0.0035 0.0490 1.5949 1.4901
1494720000.0000 23850.0000 0.1176 -0.0577 -0.0044 0.2824 296.1278 0.0448 0.0485 0.0159 0.0140 0.0040 -0.0080 0.0546 1.4558 1.3466
1494720000.0000 24150.0000 0.1884 -0.0052 0.0058 0.3079 271.5888 0.0498 0.0448 0.0183 0.0080 -0.0073 -0.0095 0.0565 1.0288 0.9422
1494720000.0000 24450.0000 -0.1085 -0.0393 0.0712 0.2909 70.0690 0.0676 0.0364 0.0359 -0.0165 0.0135 -0.0056 0.0699 1.5921 1.6128
1494720000.0000 24750.0000 -0.0533 -0.0892 0.0183 0.2684 30.8379 0.0657 0.0227 0.0217 0.0075 0.0039 -0.0057 0.0550 1.8157 1.6520
1494720000.0000 25050.0000 0.1691 0.0289 0.0803 0.3253 260.3075 0.0941 0.0447 0.0215 0.0218 -0.0156 -0.0134 0.0801 1.2205 1.2538
1494720000.0000 25350.0000 0.2543 0.0834 -0.0300 0.3288 251.8450 0.0370 0.0254 0.0161 0.0112 0.0074 -0.0006 0.0392 0.6004 0.5385
1494720000.0000 25650.0000 -0.0442 -0.0215 0.0416 0.2481 64.0467 0.0393 0.0489 0.0303 0.0024 -0.0013 -0.0081 0.0593 3.0869 3.4873
1494720000.0000 25950.0000 0.1451 0.1107 0.0159 0.3208 232.6490 0.0666 0.0412 0.0337 -0.0037 0.0010 -0.0100 0.0708 1.1859 1.0392
1494720000.0000 26250.0000 0.1058 -0.0209 -0.0019 0.2852 281.1756 0.0621 0.0281 0.0202 0.0072 0.0058 -0.0065 0.0552 1.7787 1.6079
1494720000.0000 26550.0000 0.0894 -0.0533 0.0332 0.3237 300.7989 0.1008 0.0446 0.0279 0.0266 0.0018 -0.0103 0.0867 2.2004 2.1160
1494720000.0000 26850.0000 0.2245 -0.0982 0.0516 0.3207 293.6273 0.0504 0.0173 0.0159 0.0046 0.0066 0.0012 0.0418 0.6666 0.6130
1494720000.0000 27150.0000 0.0074 0.0313 -0.0262 0.2085 193.3610 0.0392 0.0255 0.0214 -0.0062 0.0051 -0.0086 0.0431 4.0817 4.5600
1494720000.0000 27450.0000 0.0693 0.0247 -0.0400 0.1711 250.3731 0.0208 0.0145 0.0134 0.0045 0.0066 -0.0026 0.0243 1.5222 1.4744
1494720000.0000 27750.0000 0.0760 -0.0516 -0.0394 0.1978 304.1937 0.0220 0.0197 0.0095 -0.0020 0.0031 0.0035 0.0256 1.3081 1.2843
1494720000.0000 28050.0000 -0.0543 -0.0582 -0.0173 0.1854 43.0227 0.0398 0.0185 0.0235 -0.0064 0.0152 -0.0035 0.0409 2.0287 1.7523
1494720000.0000 28350.0000 -0.1539 -0.0538 -0.0033 0.3228 70.7259 0.1460 0.0341 0.0372 0.0060 0.0372 0.0026 0.1086 1.6501 1.5026
1494720000.0000 28650.0000 0.0536 -0.0068 -0.0359 0.3145 277.2761 0.0902 0.0438 0.0397 0.0019 0.0157 -0.0067 0.0868 3.7083 3.9118
1494720000.0000 28950.0000 0.1593 -0.0881 0.0196 0.3258 298.9284 0.0572 0.0587 0.0417 0.0155 -0.0144 -0.0194 0.0788 1.2516 1.0796
1494720000.0000 29250.0000 -0.1152 -0.0712 -0.0531 0.4237 58.2725 0.1103 0.1291 0.0557 -0.0558 0.0355 -0.0259 0.1476 2.1556 2.0851
1494720000.0000 29550.0000 -0.0070 0.1109 -0.0510 0.3537 176.3736 0.1241 0.0231 0.0267 -0.0068 0.0353 -0.0042 0.0870 1.9684 1.9928
1494720000.0000 29850.0000 0.1498 -0.0176 0.0113 0.3578 276.6824 0.0779 0.0706 0.0261 0.0227 0.0196 0.0005 0.0873 1.5947 1.4748
1494720000.0000 30150.0000 0.0777 -0.1652 0.0449 0.2941 334.7984 0.0495 0.0267 0.0232 -0.0038 0.0110 -0.0087 0.0497 0.9678 0.8727
1494720000.0000 30450.0000 0.1193 0.0269 -0.0059 0.3002 257.3050 0.0854 0.0409 0.0266 -0.0119 0.0111 -0.0114 0.0765 1.8447 1.6788
1494720000.0000 30750.0000 -0.2078 -0.0235 -0.0267 0.3368 83.5453 0.0879 0.0528 0.0333 0.0144 0.0193 -0.0052 0.0870 1.1421 1.0352
1494720000.0000 31050.0000 -0.1189 -0.0945 0.0196 0.3877 51.5170 0.1331 0.0651 0.0453 0.0374 0.0170 -0.0028 0.1217 1.8599 1.6921
1494720000.0000 31350.0000 0.0144 -0.0919 0.0580 0.3849 351.1211 0.1167 0.0751 0.0419 0.0049 0.0202 -0.0156 0.1169 2.5467 2.7194
1494720000.0000 31650.0000 0.0702 -0.0439 -0.0283 0.5076 301.9782 0.2508 0.0872 0.0555 0.0269 0.0610 -0.0088 0.1967 4.1374 4.0529
1494720000.0000 31950.0000 0.2873 -0.0371 0.0097 0.4251 277.3631 0.1065 0.0917 0.0435 0.0181 0.0085 -0.0023 0.1209 0.9793 0.8872
1494720000.0000 32250.0000 0.0926 -0.1371 0.0033 0.3264 325.9517 0.0822 0.0374 0.0231 0.0076 0.0109 -0.0057 0.0714 1.3180 1.2066
1494720000.0000 32550.0000 -0.0807 -0.0931 0.1061 0.2745 40.9285 0.0541 0.0289 0.0258 -0.0128 0.0215 -0.0061 0.0544 1.1710 1.3498
1494720000.0000 32850.0000 0.0026 -0.2325 0.0151 0.2758 359.3539 0.0219 0.0281 0.0264 0.0042 0.0073 0.0028 0.0382 0.6853 0.5557
1494720000.0000 33150.0000 -0.0151 0.0886 -0.0192 0.2586 170.3298 0.0505 0.0262 0.0223 -0.0063 0.0026 -0.0038 0.0495 1.9760 1.7776
1494720000.0000 33450.0000 -0.0848 -0.0914 0.0426 0.2309 42.8386 0.0413 0.0240 0.0219 -0.0006 0.0007 -0.0072 0.0436 1.2944 1.1835
1494720000.0000 33750.0000 -0.1574 -0.3487 0.0181 0.4920 24.2938 0.0757 0.0857 0.0251 0.0387 0.0060 0.0122 0.0932 0.6510 0.6062
1494720000.0000 34050.0000 -0.1791 -0.2378 0.0530 0.3621 36.9864 0.0282 0.0508 0.0211 -0.0034 0.0048 -0.0016 0.0500 0.6039 0.5450
1494720000.0000 34350.0000 -0.1914 -0.1223 0.0380 0.4304 57.4219 0.1618 0.0586 0.0317 0.0155 0.0107 -0.0105 0.1261 1.2587 1.1934
1494720000.0000 34650.0000 -0.2412 -0.0699 -0.0350 0.5856 73.8377 0.2515 0.1405 0.0597 -0.0026 0.0433 -0.0245 0.2259 1.5306 1.4396
1494720000.0000 34950.0000 -0.0435 -0.2830 -0.0834 0.4250 8.7318 0.0593 0.1045 0.0450 0.0236 -0.0066 0.0107 0.1044 0.8844 0.8160
1494720000.0000 35250.0000 -0.1000 -0.0957 -0.0919 0.2647 46.2530 0.0197 0.0505 0.0149 0.0004 -0.0017 0.0123 0.0426 1.0143 1.1057
1494720000.0000 35550.0000 -0.0812 -0.0337 0.0590 0.2918 67.4757 0.0947 0.0375 0.0208 -0.0403 0.0152 -0.0057 0.0765 2.1326 2.3883
1494720000.0000 35850.0000 -0.0339 -0.2965 0.0129 0.3888 6.5259 0.0576 0.0385 0.0435 -0.0141 0.0040 -0.0020 0.0698 0.7223 0.5999
1494720000.0000 36150.0000 -0.1360 0.0627 -0.0597 0.2854 114.7413 0.0619 0.0339 0.0279 -0.0108 0.0203 -0.0010 0.0618 1.2596 1.1936
1494720000.0000 36450.0000 -0.1886 0.2014 -0.0653 0.5431 136.8786 0.2351 0.0724 0.0909 0.0068 0.0618 -0.0137 0.1992 1.2856 1.1606
1494720000.0000 36750.0000 -0.2842 -0.1324 -0.1450 0.6651 65.0116 0.4391 0.1494 0.0935 -0.0092 0.1169 0.0033 0.3410 1.3804 1.4127
1494720000.0000 37050.0000 0.3016 -0.1071 -0.0541 0.6820 289.5571 0.2773 0.3202 0.0750 -0.0393 -0.0048 0.0298 0.3363 1.4585 1.3942
1494720000.0000 37350.0000 0.4853 -0.0146 -0.0976 0.7321 271.7277 0.2270 0.1954 0.0524 0.1242 -0.0453 -0.0426 0.2374 0.8032 0.7728
1494720000.0000 37650.0000 0.3724 -0.3351 -0.0156 0.5881 311.9835 0.0495 0.0908 0.0358 0.0042 0.0055 0.0078 0.0880 0.4834 0.4318
1494720000.0000 37950.0000 0.0614 -0.2517 0.0917 0.4241 346.3024 0.1043 0.0822 0.0291 -0.0268 -0.0016 0.0006 0.1078 0.9755 0.9625
1494720000.0000 38250.0000 0.3339 -0.0668 0.0392 0.4454 281.3077 0.0602 0.0743 0.0289 0.0280 -0.0143 -0.0093 0.0817 0.6809 0.6219
1494720000.0000 38550.0000 0.0610 -0.0264 0.0438 0.2684 293.3855 0.0327 0.0489 0.0174 0.0056 -0.0021 -0.0063 0.0495 2.2817 2.4814
1494720000.0000 38850.0000 -0.0522 0.0530 0.0391 0.2387 135.4306 0.0472 0.0415 0.0356 -0.0047 0.0120 -0.0002 0.0621 2.4219 2.3119
1494720000.0000 39150.0000 -0.2216 -0.0940 0.0462 0.3754 67.0090 0.0759 0.0646 0.0465 -0.0155 0.0218 -0.0170 0.0935 1.0186 0.8990
1494720000.0000 39450.0000 0.1747 -0.0255 0.0414 0.6250 278.3094 0.2385 0.2321 0.0967 0.0684 -0.0145 -0.0340 0.2837 2.3976 2.2430
1494720000.0000 39750.0000 -0.1688 -0.1336 -0.0363 0.6536 51.6493 0.3057 0.2431 0.1001 -0.0475 0.0797 -0.0449 0.3245 2.1303 1.9868
1494720000.0000 40050.0000 0.0621 0.0004 0.0159 0.3962 269.6386 0.1247 0.0981 0.0733 0.0409 0.0121 -0.0170 0.1481 4.9004 4.3869
1494720000.0000 40350.0000 -0.2213 -0.2030 -0.0234 0.6375 47.4778 0.2378 0.2246 0.0869 -0.0117 0.0490 -0.0177 0.2747 1.4206 1.3074
1494720000.0000 40650.0000 -0.2036 -0.1989 0.0787 0.5537 45.6691 0.2136 0.1477 0.1156 0.0099 0.0265 -0.0286 0.2384 1.3500 1.2192
1494720000.0000 40950.0000 -0.1252 -0.2024 -0.0454 0.4736 31.7392 0.0926 0.1365 0.0420 -0.0246 0.0090 -0.0117 0.1356 1.2406 1.1609
1494720000.0000 41250.0000 0.1282 -0.3441 0.0341 0.5629 339.5688 0.1014 0.1843 0.0557 -0.0137 -0.0067 0.0015 0.1707 0.9149 0.8406
1494720000.0000 41550.0000 0.1998 0.1320 -0.1191 0.3487 236.5341 0.0435 0.0742 0.0267 0.0250 -0.0184 -0.0102 0.0722 0.8205 0.8272
1494720000.0000 41850.0000 -0.1870 -0.3819 0.0886 0.5560 26.0858 0.0574 0.1650 0.0414 0.0094 0.0068 0.0310 0.1320 0.6828 0.6404
1494720000.0000 42150.0000 -0.3083 -0.2030 0.1502 0.5124 56.6293 0.1133 0.0788 0.0340 -0.0189 0.0003 0.0066 0.1130 0.6889 0.6856
1494720000.0000 42450.0000 0.0037 -0.5371 0.0652 0.6222 359.6038 0.0876 0.0771 0.0569 0.0008 0.0141 0.0273 0.1108 0.5023 0.4362
1494720000.0000 42750.0000 0.1425 -0.2768 0.0181 0.4291 332.7620 0.0767 0.0648 0.0324 -0.0128 -0.0071 0.0139 0.0869 0.7719 0.6975
1494720000.0000 43050.0000 0.2023 -0.0269 -0.0490 0.5311 277.5697 0.1038 0.2127 0.0663 0.0296 -0.0379 0.0041 0.1914 1.7020 1.5917
1494720000.0000 43350.0000 0.1457 0.0560 0.0377 0.5117 248.9593 0.2139 0.0967 0.0531 0.0036 -0.0335 -0.0240 0.1819 2.1686 2.0618
1494720000.0000 43650.0000 -0.2197 0.0729 -0.0460 0.5376 108.3442 0.2404 0.0877 0.0518 0.0574 0.0226 0.0034 0.1899 1.5078 1.4287
1494720000.0000 43950.0000 -0.1497 -0.4311 0.0365 0.6024 19.1479 0.1061 0.1970 0.0441 -0.0308 0.0082 0.0193 0.1736 0.7432 0.6966
1494720000.0000 44250.0000 0.1666 -0.1555 0.1102 0.5021 313.0351 0.1746 0.0942 0.0580 0.0316 0.0312 -0.0013 0.1634 1.3038 1.3133
1494720000.0000 44550.0000 0.1433 -0.0401 -0.0097 0.4360 285.6243 0.1513 0.0933 0.0647 0.0442 -0.0189 -0.0087 0.1547 2.1534 1.9193
1494720000.0000 44850.0000 0.4520 0.4468 -0.0880 0.7949 225.3293 0.2669 0.1053 0.0831 0.0444 -0.0049 -0.0044 0.2276 0.6072 0.5542
1494720000.0000 45150.0000 0.2064 -0.1244 0.0980 0.4270 301.0901 0.1375 0.0548 0.0603 0.0226 -0.0332 -0.0125 0.1263 1.1155 1.0507
1494720000.0000 45450.0000 0.4549 0.2743 -0.0395 0.6776 238.9129 0.1522 0.1427 0.0695 0.0661 -0.0400 -0.0344 0.1822 0.6543 0.5903
1494720000.0000 45750.0000 0.1168 -0.0669 -0.0008 0.4520 299.8020 0.1405 0.0952 0.0572 -0.0185 0.0173 -0.0195 0.1465 2.3210 2.0822
1494720000.0000 46050.0000 0.1987 -0.0379 0.0163 0.5271 280.8075 0.2299 0.1106 0.0738 0.0262 -0.0446 -0.0505 0.2072 1.8317 1.6659
1494720000.0000 46350.0000 0.0144 -0.1994 0.0390 0.3779 355.8668 0.1104 0.0386 0.0454 -0.0163 0.0278 0.0035 0.0972 1.2498 1.1147
1494720000.0000 46650.0000 -0.2147 -0.1808 0.1131 0.3473 49.8931 0.0308 0.0444 0.0355 -0.0031 0.0090 -0.0033 0.0554 0.6349 0.5641
1494720000.0000 46950.0000 -0.1544 -0.3597 -0.1154 0.6714 23.2346 0.1774 0.2401 0.0943 -0.1192 0.0202 0.0089 0.2559 1.0122 0.9532
1494720000.0000 47250.0000 0.1166 -0.1526 0.1299 0.5077 322.6349 0.1408 0.2071 0.0647 0.0392 0.0013 0.0116 0.2063 1.5994 1.7731
1494720000.0000 47550.0000 -0.3599 -0.1159 0.1316 0.5483 72.1452 0.1418 0.1433 0.0703 0.0578 0.0383 0.0013 0.1777 0.8596 0.8152
1494720000.0000 47850.0000 -0.4001 -0.1047 -0.0261 0.6239 75.3326 0.2411 0.1319 0.0823 0.0011 0.0580 -0.0056 0.2277 0.9400 0.8525
1494720000.0000 48150.0000 -0.0473 -0.5248 0.1427 0.7671 5.1523 0.2524 0.1632 0.1369 -0.1012 0.0841 -0.0442 0.2763 0.7861 0.7063
1494720000.0000 48450.0000 -0.0272 -0.1151 0.1244 0.4769 13.3043 0.1327 0.1651 0.0500 0.0164 -0.0127 0.0165 0.1739 1.9840 2.6647
1494720000.0000 48750.0000 -0.0889 -0.0962 -0.0786 0.5061 42.7626 0.1850 0.1435 0.1159 0.0567 -0.0643 -0.0213 0.2222 2.5195 2.5261
1494720000.0000 49050.0000 0.1946 -0.3800 0.1400 0.5227 332.8820 0.1064 0.1374 0.0456 -0.0567 -0.0103 0.0095 0.1447 0.6912 0.6677
1494720000.0000 49350.0000 -0.2227 -0.0251 -0.0418 0.5375 83.5708 0.2172 0.1555 0.0639 -0.0425 0.0511 -0.0032 0.2183 1.6730 1.5724
1494720000.0000 49650.0000 -0.1268 -0.1018 0.0565 0.5290 51.2513 0.2315 0.0914 0.0535 0.0269 -0.0220 -0.0298 0.1882 2.0577 2.0177
1494720000.0000 49950.0000 -0.4042 -0.2264 0.0484 0.7279 60.7412 0.2696 0.1691 0.0848 0.0514 0.0350 -0.0354 0.2618 0.8968 0.8255
1494720000.0000 50250.0000 -0.1642 -0.2160 0.1051 0.5984 37.2433 0.2762 0.1357 0.0877 0.0097 0.0675 -0.0352 0.2498 1.4025 1.3656
1494720000.0000 50550.0000 0.0557 -0.2604 0.1659 0.3917 347.9241 0.0617 0.0935 0.0326 -0.0031 0.0039 0.0087 0.0939 0.7974 0.8542
1494720000.0000 50850.0000 -0.1763 -0.0100 0.1334 0.5350 86.7659 0.3086 0.0859 0.0637 -0.0471 -0.0150 -0.0276 0.2291 1.7655 2.0533
1494720000.0000 51150.0000 -0.2530 0.1083 0.0504 0.8177 113.1684 0.5917 0.1549 0.0948 -0.0962 -0.1057 -0.0012 0.4207 1.8929 1.8127
1494720000.0000 51450.0000 -0.1277 0.0059 0.1130 0.4221 92.6424 0.1254 0.1103 0.0309 -0.0417 -0.0078 0.0081 0.1332 1.7470 2.1919
1494720000.0000 51750.0000 -0.1463 0.0262 0.0695 0.3599 100.1682 0.0932 0.0585 0.0414 0.0080 0.0017 0.0056 0.0965 1.5456 1.5124
1494720000.0000 52050.0000 0.0995 -0.3200 0.1265 0.5364 342.7269 0.0972 0.1606 0.0403 -0.0065 0.0172 0.0022 0.1491 0.8802 0.8749
1494720000.0000 52350.0000 0.0353 -0.0015 0.0397 0.4885 272.4186 0.2572 0.1370 0.0798 0.0027 0.0730 -0.0218 0.2370 7.4756 10.2480
1494720000.0000 52650.0000 -0.0019 0.1246 0.1069 0.5684 179.1440 0.3002 0.1508 0.0718 0.1348 -0.0047 -0.0234 0.2614 2.5422 3.1109
1494720000.0000 52950.0000 0.1013 0.0120 0.0497 0.4045 263.2302 0.1031 0.1082 0.0449 0.0398 0.0114 -0.0188 0.1281 2.5747 2.6016
1494720000.0000 53250.0000 0.0177 -0.0336 0.0323 0.3276 332.1937 0.1060 0.0338 0.0299 0.0003 -0.0025 -0.0068 0.0848 4.7715 5.6830
1494720000.0000 53550.0000 -0.1222 0.0033 -0.0400 0.3200 91.5641 0.0463 0.0722 0.0463 0.0088 0.0184 -0.0199 0.0824 1.8216 1.6250
1494720000.0000 53850.0000 -0.0960 0.0815 -0.0028 0.4435 130.3152 0.2290 0.0875 0.0396 0.0825 0.0316 -0.0085 0.1781 2.7358 2.5797
1494720000.0000 54150.0000 0.1042 0.0690 0.0384 0.3089 236.4893 0.1138 0.0450 0.0384 0.0328 -0.0066 -0.0166 0.0986 1.9614 1.8414
1494720000.0000 54450.0000 -0.1358 -0.5068 0.0169 0.6482 15.0044 0.1114 0.1781 0.0700 -0.0238 0.0358 -0.0076 0.1797 0.6594 0.5920
1494720000.0000 54750.0000 -0.0452 -0.2895 0.0837 0.4346 8.8676 0.1201 0.0600 0.0390 -0.0260 0.0164 -0.0042 0.1095 0.8870 0.8363
1494720000.0000 55050.0000 0.3221 0.0221 0.0509 0.4256 266.0700 0.0534 0.0624 0.0191 -0.0019 -0.0043 -0.0012 0.0675 0.6490 0.6087
1494720000.0000 55350.0000 0.1196 -0.1812 0.0587 0.3015 326.5639 0.0388 0.0296 0.0178 -0.0103 -0.0017 -0.0007 0.0431 0.7537 0.6954
1494720000.0000 55650.0000 0.0305 -0.2782 -0.0182 0.4474 353.7352 0.0961 0.0951 0.0483 -0.0152 -0.0085 0.0342 0.1197 1.0073 0.9018
1494720000.0000 55950.0000 -0.1627 -0.2354 0.0665 0.4741 34.6542 0.1043 0.1164 0.0334 -0.0326 0.0056 0.0053 0.1270 0.9907 0.9479
1494720000.0000 56250.0000 -0.1297 -0.2777 0.0338 0.3837 25.0373 0.0605 0.0736 0.0303 0.0190 0.0047 0.0126 0.0822 0.7592 0.6898
1494720000.0000 56550.0000 -0.1099 -0.4464 0.0713 0.5390 13.8261 0.0890 0.1654 0.0546 0.0050 -0.0001 0.0486 0.1545 0.6899 0.6334
1494720000.0000 56850.0000 -0.2898 0.0767 0.0171 0.4355 104.8254 0.0933 0.0502 0.0260 -0.0170 -0.0013 -0.0050 0.0847 0.7916 0.7295
1494720000.0000 57150.0000 -0.1268 -0.2084 0.0616 0.4133 31.3230 0.0696 0.1400 0.0486 -0.0280 -0.0014 0.0396 0.1291 1.1660 1.0835
1494720000.0000 57450.0000 0.0733 -0.2230 0.0434 0.5592 341.8119 0.1717 0.2057 0.0596 -0.0324 0.0062 0.0226 0.2185 1.5992 1.5114
1494720000.0000 57750.0000 -0.0662 0.0185 0.0751 0.4354 105.5912 0.1464 0.1207 0.0701 -0.0186 0.0032 -0.0113 0.1685 3.2916 4.3395
1494720000.0000 58050.0000 -0.2123 -0.2835 0.0004 0.5798 36.8236 0.1345 0.2224 0.0808 -0.0059 -0.0263 0.0521 0.2189 1.0784 0.9738
1494720000.0000 58350.0000 -0.0142 0.0816 0.0074 0.4486 170.1210 0.1661 0.1025 0.0654 -0.0009 -0.0421 0.0069 0.1670 4.0143 3.6145
1494720000.0000 58650.0000 -0.0692 -0.1761 0.0515 0.3695 21.4432 0.0788 0.1096 0.0326 0.0319 0.0071 0.0145 0.1105 1.3839 1.3243
1494720000.0000 58950.0000 -0.3337 -0.6510 0.1290 0.8541 27.1368 0.2058 0.2933 0.0889 0.0912 0.0042 0.0471 0.2940 0.5960 0.5576
1494720000.0000 59250.0000 0.0127 -0.5308 0.0952 0.6986 358.6240 0.2097 0.1281 0.0807 0.0092 -0.0464 0.0152 0.2092 0.6924 0.6320
1494720000.0000 59550.0000 -0.1499 -0.4299 0.1475 0.5788 19.2278 0.1445 0.0775 0.0521 0.0163 -0.0195 0.0144 0.1371 0.6316 0.5976
1494720000.0000 59850.0000 -0.1732 -0.5372 0.0878 0.7054 17.8676 0.1505 0.1614 0.0790 -0.0033 -0.0119 0.0419 0.1955 0.6320 0.5713
1494720000.0000 60150.0000 -0.0223 -0.5246 0.0787 0.6452 2.4303 0.1578 0.1359 0.0595 -0.0241 -0.0205 0.0394 0.1766 0.6462 0.5959
1494720000.0000 60450.0000 0.0332 -0.0210 -0.0213 0.4538 302.2819 0.0889 0.2052 0.0477 0.0054 -0.0199 0.0331 0.1709 7.5444 7.9628
1494720000.0000 60750.0000 -0.2581 -0.2195 0.0340 0.5082 49.6166 0.1125 0.1203 0.0380 -0.0099 -0.0080 0.0054 0.1354 0.8824 0.8222
1494720000.0000 61050.0000 -0.2039 -0.4119 0.0556 0.5799 26.3352 0.1204 0.1261 0.0538 -0.0296 -0.0120 0.0459 0.1501 0.6834 0.6236
1494720000.0000 61350.0000 -0.1416 -0.0828 0.0750 0.3167 59.6702 0.0487 0.0561 0.0208 0.0235 0.0019 0.0046 0.0628 1.1344 1.1394
1494720000.0000 61650.0000 0.0229 0.0566 -0.0180 0.3324 202.0260 0.0833 0.0676 0.0284 0.0072 -0.0083 0.0116 0.0897 3.8404 3.6724
1494720000.0000 61950.0000 0.0724 -0.3092 -0.0607 0.5026 346.8256 0.0956 0.1287 0.0536 0.0302 -0.0079 0.0065 0.1390 0.9414 0.8610
1494720000.0000 62250.0000 -0.1323 -0.0267 -0.0054 0.5130 78.6010 0.1974 0.1960 0.0724 -0.0371 -0.0006 0.0076 0.2329 2.9169 2.6829
1494720000.0000 62550.0000 -0.4007 -0.2291 0.0427 0.6417 60.2344 0.1406 0.1818 0.0603 -0.0077 0.0002 0.0188 0.1913 0.7705 0.7103
1494720000.0000 62850.0000 -0.0984 0.0511 0.0249 0.3222 117.4291 0.0534 0.0751 0.0345 -0.0004 0.0085 0.0065 0.0815 2.0517 1.8671
1494720000.0000 63150.0000 0.0503 -0.0566 0.0297 0.3622 318.3495 0.0407 0.1189 0.0209 -0.0088 0.0101 -0.0075 0.0903 3.0154 3.0460
1494720000.0000 63450.0000 -0.0641 -0.0323 0.0043 0.2352 63.2443 0.0379 0.0375 0.0139 -0.0030 0.0064 0.0010 0.0446 2.3985 2.2084
1494720000.0000 63750.0000 0.3827 0.2493 -0.1226 0.5048 236.9196 0.0480 0.0445 0.0215 0.0200 -0.0037 0.0020 0.0570 0.4122 0.3845
1494720000.0000 64050.0000 -0.1564 0.1359 0.0128 0.3841 130.9885 0.1009 0.0234 0.0110 0.0284 -0.0044 -0.0011 0.0677 1.0231 0.9825
1494720000.0000 64350.0000 -0.1060 -0.2244 0.0586 0.3253 25.2776 0.0288 0.0520 0.0153 -0.0108 0.0109 -0.0067 0.0480 0.7018 0.6612
1494720000.0000 64650.0000 0.2220 0.1517 -0.0002 0.3155 235.6530 0.0177 0.0292 0.0081 0.0088 -0.0025 -0.0057 0.0275 0.5036 0.4650
1494720000.0000 64950.0000 0.3606 0.3875 -0.0984 0.5497 222.9374 0.0337 0.0176 0.0115 0.0088 -0.0118 -0.0079 0.0314 0.2688 0.2470
1494720000.0000 65250.0000 -0.1200 0.0029 0.0178 0.4556 91.3811 0.1250 0.1349 0.0322 0.0789 -0.0132 0.0040 0.1461 2.5706 2.4514
1494720000.0000 65550.0000 0.1688 0.3382 -0.0371 0.3866 206.5211 0.0118 0.0104 0.0026 0.0055 -0.0006 -0.0012 0.0124 0.2395 0.2275
1494720000.0000 65850.0000 0.1851 0.3244 -0.0522 0.3885 209.7039 0.0306 0.0184 0.0064 0.0190 -0.0091 -0.0061 0.0277 0.3604 0.3421
1494720000.0000 66150.0000 0.1342 0.2446 -0.0266 0.3671 208.7487 0.0838 0.0082 0.0044 0.0106 -0.0091 -0.0018 0.0482 0.6398 0.6278
1494720000.0000 66450.0000 0.1809 0.3183 -0.0691 0.3801 209.6144 0.0191 0.0081 0.0038 0.0082 -0.0048 -0.0034 0.0155 0.2728 0.2598
1494720000.0000 66750.0000 0.1657 0.3167 -0.0770 0.3652 207.6210 0.0081 0.0033 0.0035 0.0017 -0.0008 0.0001 0.0074 0.1925 0.1722
1494720000.0000 67050.0000 0.1278 0.2881 -0.0563 0.3200 203.9220 0.0032 0.0030 0.0017 -0.0001 0.0001 -0.0008 0.0040 0.1610 0.1449
1494720000.0000 67350.0000 0.0869 0.2637 -0.0419 0.3146 198.2481 0.0235 0.0090 0.0046 0.0056 -0.0024 -0.0009 0.0186 0.3961 0.3750
1494720000.0000 67650.0000 0.1265 0.3157 -0.0735 0.3584 201.8345 0.0153 0.0164 0.0037 0.0040 -0.0022 -0.0042 0.0177 0.3122 0.3022
1494720000.0000 67950.0000 0.1481 0.3639 -0.0713 0.4175 202.1443 0.0247 0.0062 0.0035 0.0036 -0.0021 -0.0025 0.0172 0.2685 0.2585
1494720000.0000 68250.0000 0.1646 0.2984 -0.0872 0.3746 208.8905 0.0343 0.0254 0.0095 0.0159 -0.0129 -0.0109 0.0346 0.4317 0.4140
1494720000.0000 68550.0000 0.1360 0.3328 -0.0952 0.3672 202.2234 0.0076 0.0099 0.0023 0.0027 -0.0005 -0.0013 0.0099 0.2185 0.2124
1494720000.0000 68850.0000 0.0954 0.2966 -0.0564 0.3221 197.8246 0.0065 0.0073 0.0021 -0.0004 0.0008 -0.0016 0.0079 0.2295 0.2172
1494720000.0000 69150.0000 0.1211 0.3089 -0.0615 0.3347 201.4079 0.0019 0.0028 0.0016 0.0002 0.0003 0.0001 0.0031 0.1353 0.1184
1494720000.0000 69450.0000 0.1470 0.3355 -0.0604 0.3688 203.6644 0.0021 0.0016 0.0012 0.0001 -0.0003 -0.0003 0.0025 0.1092 0.0958
1494720000.0000 69750.0000 0.1924 0.3781 -0.0711 0.4293 206.9690 0.0085 0.0043 0.0025 0.0035 -0.0015 -0.0006 0.0077 0.1661 0.1538
1494720000.0000 70050.0000 0.1822 0.4101 -0.0912 0.4630 203.9581 0.0231 0.0136 0.0037 0.0096 -0.0029 -0.0035 0.0202 0.2534 0.2466
1494720000.0000 70350.0000 0.4460 0.5509 -0.1078 0.7141 218.9911 0.0150 0.0080 0.0085 0.0049 -0.0047 -0.0035 0.0157 0.1429 0.1234
1494720000.0000 70650.0000 0.4485 0.5703 -0.1026 0.7364 218.1825 0.0231 0.0190 0.0151 0.0068 -0.0057 -0.0092 0.0286 0.1884 0.1633
1494720000.0000 70950.0000 0.4120 0.5334 -0.1219 0.6864 217.6847 0.0249 0.0168 0.0192 0.0049 -0.0094 -0.0056 0.0304 0.2079 0.1748
1494720000.0000 71250.0000 0.3534 0.5183 -0.1069 0.6386 214.2840 0.0311 0.0210 0.0166 0.0147 -0.0106 -0.0095 0.0344 0.2379 0.2102
1494720000.0000 71550.0000 0.3459 0.5071 -0.0930 0.6277 214.2998 0.0234 0.0157 0.0153 0.0041 -0.0067 -0.0045 0.0272 0.2167 0.1858
1494720000.0000 71850.0000 0.3797 0.5076 -0.1035 0.6426 216.7934 0.0265 0.0153 0.0128 0.0122 -0.0067 -0.0057 0.0273 0.2100 0.1861
1494720000.0000 72150.0000 0.2799 0.4406 -0.0974 0.5367 212.4273 0.0255 0.0153 0.0157 0.0084 -0.0084 -0.0079 0.0283 0.2585 0.2235
1494720000.0000 72450.0000 0.2354 0.4178 -0.0833 0.4878 209.3964 0.0131 0.0107 0.0083 0.0046 -0.0034 -0.0033 0.0161 0.2126 0.1860
1494720000.0000 72750.0000 0.1687 0.3377 -0.0571 0.3851 206.5424 0.0085 0.0047 0.0024 0.0021 0.0003 -0.0004 0.0078 0.1890 0.1758
1494720000.0000 73050.0000 0.1503 0.3391 -0.0751 0.3773 203.9055 0.0064 0.0042 0.0030 0.0011 -0.0007 -0.0013 0.0068 0.1776 0.1600
1494720000.0000 73350.0000 0.1610 0.3293 -0.0582 0.3708 206.0514 0.0048 0.0030 0.0012 0.0015 -0.0002 -0.0004 0.0045 0.1477 0.1392
1494720000.0000 73650.0000 0.1635 0.3403 -0.0685 0.3823 205.6632 0.0058 0.0031 0.0017 0.0018 -0.0002 -0.0004 0.0053 0.1542 0.1436
1494720000.0000 73950.0000 0.1508 0.3404 -0.0765 0.3756 203.8927 0.0034 0.0020 0.0013 0.0007 -0.0006 -0.0002 0.0033 0.1240 0.1136
1494720000.0000 74250.0000 0.1731 0.3522 -0.0751 0.3969 206.1803 0.0061 0.0037 0.0018 0.0023 -0.0014 -0.0009 0.0058 0.1557 0.1460
1494720000.0000 74550.0000 0.1592 0.3386 -0.0711 0.3774 205.1834 0.0029 0.0019 0.0014 0.0003 -0.0003 -0.0003 0.0031 0.1190 0.1066
1494720000.0000 74850.0000 0.1456 0.3338 -0.0527 0.3688 203.5739 0.0039 0.0029 0.0016 0.0002 -0.0009 -0.0003 0.0042 0.1436 0.1305
1494720000.0000 75150.0000 0.1687 0.3611 -0.0607 0.4032 205.0440 0.0054 0.0035 0.0018 0.0015 -0.0007 -0.0007 0.0053 0.1476 0.1364
1494720000.0000 75450.0000 0.2123 0.3608 -0.0506 0.4259 210.4757 0.0098 0.0066 0.0039 0.0033 -0.0005 -0.0008 0.0102 0.1951 0.1765
1494720000.0000 75750.0000 0.2294 0.3953 -0.0647 0.4663 210.1199 0.0164 0.0080 0.0061 0.0067 -0.0026 -0.0027 0.0153 0.2186 0.1974
1494720000.0000 76050.0000 0.1828 0.3491 -0.0565 0.4020 207.6312 0.0095 0.0052 0.0045 0.0026 -0.0010 -0.0014 0.0096 0.2014 0.1781
1494720000.0000 76350.0000 0.0330 0.3256 -0.0279 0.3427 185.7890 0.0105 0.0036 0.0066 -0.0001 -0.0018 -0.0006 0.0104 0.2532 0.2096
1494720000.0000 76650.0000 0.1415 0.3619 -0.0804 0.3920 201.3589 0.0022 0.0032 0.0018 -0.0006 0.0002 -0.0003 0.0036 0.1232 0.1091
1494720000.0000 76950.0000 0.1201 0.3390 -0.0885 0.3620 199.5023 0.0009 0.0053 0.0014 -0.0006 0.0000 -0.0014 0.0039 0.1369 0.1272
1494720000.0000 77250.0000 0.1105 0.4088 -0.1207 0.4263 195.1220 0.0016 0.0054 0.0009 -0.0008 0.0001 -0.0012 0.0040 0.1168 0.1140
1494720000.0000 77550.0000 0.1142 0.3922 -0.1198 0.4110 196.2277 0.0016 0.0034 0.0007 -0.0006 -0.0001 -0.0005 0.0029 0.1027 0.1005
1494720000.0000 77850.0000 0.1554 0.3727 -0.1035 0.4051 202.6309 0.0012 0.0019 0.0009 0.0004 -0.0001 -0.0001 0.0020 0.0873 0.0798
1494720000.0000 78150.0000 0.1648 0.3605 -0.0836 0.3977 204.5590 0.0013 0.0010 0.0008 0.0002 -0.0003 -0.0000 0.0016 0.0796 0.0704
1494720000.0000 78450.0000 0.1294 0.3137 -0.0867 0.3409 202.4125 0.0008 0.0023 0.0010 -0.0001 -0.0000 0.0000 0.0020 0.1048 0.0945
1494720000.0000 78750.0000 0.1284 0.3475 -0.0782 0.3733 200.2740 0.0017 0.0026 0.0013 -0.0004 -0.0001 0.0001 0.0028 0.1140 0.1021
1494720000.0000 79050.0000 0.1604 0.3537 -0.0895 0.3904 204.3915 0.0017 0.0022 0.0015 0.0001 -0.0004 -0.0004 0.0027 0.1056 0.0924
1494720000.0000 79350.0000 0.1472 0.3431 -0.0876 0.3754 203.2219 0.0016 0.0021 0.0012 0.0002 -0.0004 -0.0001 0.0025 0.1058 0.0942
1494720000.0000 79650.0000 0.1727 0.3526 -0.0860 0.3954 206.1011 0.0031 0.0036 0.0016 0.0012 -0.0005 -0.0009 0.0041 0.1308 0.1200
1494720000.0000 79950.0000 0.2408 0.3673 -0.0849 0.4424 213.2453 0.0058 0.0027 0.0020 0.0022 0.0000 -0.0005 0.0053 0.1323 0.1215
1494720000.0000 80250.0000 0.1384 0.3026 -0.0861 0.3346 204.5686 0.0012 0.0019 0.0010 0.0001 -0.0002 0.0000 0.0021 0.1083 0.0975
1494720000.0000 80550.0000 0.1480 0.3158 -0.0723 0.3501 205.1060 0.0011 0.0019 0.0010 0.0003 -0.0000 0.0001 0.0020 0.1018 0.0901
1494720000.0000 80850.0000 0.1553 0.3153 -0.0788 0.3528 206.2242 0.0013 0.0021 0.0006 0.0006 0.0000 0.0002 0.0020 0.1010 0.0955
1494720000.0000 81150.0000 0.1769 0.3222 -0.0737 0.3685 208.7631 0.0008 0.0007 0.0004 0.0001 -0.0001 0.0001 0.0010 0.0673 0.0616
1494720000.0000 81450.0000 0.1505 0.3141 -0.0776 0.3492 205.5980 0.0009 0.0012 0.0005 0.0003 0.0001 0.0002 0.0013 0.0817 0.0758
1494720000.0000 81750.0000 0.1378 0.2897 -0.0884 0.3221 205.4431 0.0009 0.0008 0.0006 -0.0000 -0.0002 0.0001 0.0011 0.0820 0.0733
1494720000.0000 82050.0000 0.1859 0.3430 -0.0791 0.3918 208.4579 0.0028 0.0036 0.0008 0.0020 -0.0001 0.0002 0.0036 0.1229 0.1186
1494720000.0000 82350.0000 0.1617 0.3512 -0.0726 0.3883 204.7239 0.0012 0.0017 0.0008 0.0001 -0.0004 0.0002 0.0019 0.0896 0.0805
1494720000.0000 82650.0000 0.1450 0.2966 -0.0845 0.3317 206.0500 0.0017 0.0031 0.0006 0.0011 0.0001 0.0004 0.0027 0.1238 0.1206
1494720000.0000 82950.0000 0.1558 0.3451 -0.0762 0.3802 204.2953 0.0010 0.0019 0.0008 0.0001 -0.0002 0.0001 0.0019 0.0922 0.0833
1494720000.0000 83250.0000 0.0858 0.3302 -0.0907 0.3482 194.5739 0.0043 0.0026 0.0012 -0.0010 -0.0005 -0.0001 0.0040 0.1467 0.1403
1494720000.0000 83550.0000 0.1642 0.3847 -0.1126 0.4244 203.1143 0.0059 0.0024 0.0014 0.0007 -0.0004 -0.0002 0.0049 0.1319 0.1261
1494720000.0000 83850.0000 0.1538 0.3213 -0.0825 0.3577 205.5827 0.0011 0.0013 0.0008 0.0001 -0.0002 0.0002 0.0016 0.0897 0.0793
1494720000.0000 84150.0000 0.1430 0.3129 -0.0785 0.3461 204.5606 0.0011 0.0016 0.0009 -0.0004 -0.0004 0.0001 0.0018 0.0980 0.0871
1494720000.0000 84450.0000 0.1065 0.4134 -0.1187 0.4292 194.4453 0.0016 0.0039 0.0011 -0.0004 -0.0001 -0.0010 0.0033 0.1057 0.1001
1494720000.0000 84750.0000 0.2233 0.3588 -0.0959 0.4258 211.8966 0.0091 0.0055 0.0021 0.0057 -0.0026 -0.0021 0.0084 0.1722 0.1652
1494720000.0000 85050.0000 0.1595 0.3304 -0.0914 0.3686 205.7734 0.0020 0.0024 0.0009 0.0010 -0.0002 -0.0002 0.0027 0.1114 0.1044
1494720000.0000 85350.0000 0.1288 0.3381 -0.0871 0.3647 200.8547 0.0016 0.0031 0.0011 -0.0006 0.0003 -0.0005 0.0029 0.1177 0.1094
1494720000.0000 85650.0000 0.1420 0.3194 -0.0834 0.3511 203.9636 0.0013 0.0027 0.0011 0.0006 -0.0005 -0.0004 0.0025 0.1146 0.1043
1494720000.0000 85950.0000 0.1364 0.3276 -0.0760 0.3560 202.6049 0.0007 0.0017 0.0008 0.0001 0.0000 -0.0001 0.0016 0.0907 0.0800
1494720000.0000 86250.0000 0.1686 0.3222 -0.0867 0.3660 207.6278 0.0037 0.0036 0.0008 0.0022 -0.0004 -0.0001 0.0041 0.1399 0.1363
1494806400.0000 86550.0000 0.1928 0.3587 -0.0970 0.4088 208.2596 0.0022 0.0015 0.0006 0.0008 -0.0004 -0.0001 0.0022 0.0914 0.0867
1494806400.0000 86850.0000 0.1848 0.3629 -0.0820 0.4092 206.9868 0.0031 0.0027 0.0009 0.0018 -0.0005 -0.0002 0.0034 0.1142 0.1083
1494806400.0000 87150.0000 0.2134 0.4053 -0.0928 0.4607 207.7639 0.0037 0.0016 0.0009 0.0009 -0.0002 -0.0002 0.0031 0.0973 0.0919
1494806400.0000 87450.0000 0.1687 0.3630 -0.0879 0.4019 204.9260 0.0023 0.0020 0.0006 0.0012 -0.0002 -0.0001 0.0024 0.0984 0.0944
1494806400.0000 87750.0000 0.1420 0.3290 -0.0889 0.3597 203.3439 0.0009 0.0021 0.0007 0.0002 -0.0002 -0.0001 0.0019 0.0953 0.0882
1494806400.0000 88050.0000 0.1827 0.3374 -0.0902 0.3858 208.4357 0.0033 0.0029 0.0009 0.0018 -0.0007 -0.0004 0.0036 0.1237 0.1188
1494806400.0000 88350.0000 0.1625 0.3429 -0.0974 0.3814 205.3568 0.0020 0.0023 0.0009 0.0006 -0.0003 0.0001 0.0026 0.1055 0.0991
1494806400.0000 88650.0000 0.1490 0.3201 -0.1027 0.3545 204.9593 0.0009 0.0014 0.0008 0.0000 -0.0002 0.0000 0.0016 0.0887 0.0794
1494806400.0000 88950.0000 0.1695 0.3567 -0.0980 0.3964 205.4171 0.0013 0.0016 0.0007 0.0001 -0.0002 -0.0000 0.0018 0.0851 0.0780
1494806400.0000 89250.0000 0.1412 0.3099 -0.0854 0.3422 204.5027 0.0010 0.0010 0.0010 -0.0002 -0.0004 0.0003 0.0015 0.0896 0.0761
1494806400.0000 89550.0000 0.1260 0.3064 -0.0890 0.3332 202.3533 0.0010 0.0023 0.0009 -0.0001 -0.0002 0.0001 0.0021 0.1098 0.1014
1494806400.0000 89850.0000 0.1334 0.3107 -0.0910 0.3396 203.2323 0.0009 0.0017 0.0008 -0.0001 -0.0003 0.0000 0.0017 0.0948 0.0863
1494806400.0000 90150.0000 0.1317 0.3136 -0.0762 0.3420 202.7863 0.0011 0.0022 0.0009 -0.0001 -0.0002 0.0006 0.0021 0.1068 0.0967
1494806400.0000 90450.0000 0.1114 0.3193 -0.0985 0.3414 199.2351 0.0015 0.0034 0.0007 -0.0009 -0.0000 -0.0003 0.0028 0.1218 0.1188
1494806400.0000 90750.0000 0.1309 0.3538 -0.1201 0.3813 200.2993 0.0026 0.0026 0.0006 -0.0008 -0.0003 -0.0004 0.0029 0.1110 0.1100
1494806400.0000 91050.0000 0.1247 0.3826 -0.1148 0.4050 198.0572 0.0013 0.0047 0.0007 -0.0008 -0.0000 -0.0010 0.0033 0.1128 0.1110
1494806400.0000 91350.0000 0.1391 0.3318 -0.1046 0.3618 202.7515 0.0011 0.0017 0.0006 -0.0005 -0.0001 -0.0003 0.0017 0.0892 0.0839
1494806400.0000 91650.0000 0.1464 0.3485 -0.0899 0.3797 202.7895 0.0010 0.0020 0.0009 -0.0002 -0.0003 -0.0000 0.0019 0.0923 0.0831
1494806400.0000 91950.0000 0.1347 0.3182 -0.0882 0.3468 202.9401 0.0009 0.0019 0.0009 0.0003 -0.0001 -0.0004 0.0018 0.0978 0.0883
1494806400.0000 92250.0000 0.1656 0.3668 -0.0826 0.4037 204.2997 0.0012 0.0023 0.0007 0.0005 0.0001 -0.0002 0.0021 0.0916 0.0850
1494806400.0000 92550.0000 0.1506 0.3355 -0.0775 0.3690 204.1808 0.0013 0.0022 0.0007 0.0007 0.0000 0.0001 0.0021 0.0989 0.0923
1494806400.0000 92850.0000 0.1861 0.3880 -0.0906 0.4321 205.6228 0.0017 0.0019 0.0009 0.0003 0.0000 0.0002 0.0022 0.0880 0.0807
1494806400.0000 93150.0000 0.1238 0.3757 -0.0956 0.4002 198.2420 0.0035 0.0038 0.0013 -0.0002 0.0004 -0.0011 0.0043 0.1317 0.1245
1494806400.0000 93450.0000 0.1990 0.4115 -0.0829 0.4621 205.8111 0.0123 0.0065 0.0021 0.0065 -0.0016 -0.0008 0.0104 0.1796 0.1730
1494806400.0000 93750.0000 0.1479 0.3433 -0.0810 0.3759 203.3059 0.0020 0.0028 0.0011 0.0006 0.0002 0.0003 0.0029 0.1159 0.1067
1494806400.0000 94050.0000 0.1145 0.3685 -0.0835 0.3890 197.2557 0.0024 0.0024 0.0011 0.0001 0.0001 -0.0001 0.0030 0.1124 0.1042
1494806400.0000 94350.0000 0.1767 0.3864 -0.0930 0.4288 204.5812 0.0069 0.0049 0.0014 0.0034 0.0000 0.0001 0.0066 0.1521 0.1475
1494806400.0000 94650.0000 0.1817 0.3754 -0.1131 0.4245 205.8226 0.0101 0.0057 0.0016 0.0041 -0.0018 -0.0013 0.0087 0.1766 0.1742
1494806400.0000 94950.0000 0.1347 0.3341 -0.0838 0.3651 201.9529 0.0045 0.0030 0.0011 0.0009 0.0001 -0.0002 0.0043 0.1451 0.1391
1494806400.0000 95250.0000 0.1798 0.3773 -0.1106 0.4270 205.4776 0.0119 0.0054 0.0021 0.0038 -0.0011 -0.0016 0.0097 0.1860 0.1819
1494806400.0000 95550.0000 0.2427 0.4052 -0.1374 0.4832 210.9175 0.0214 0.0118 0.0032 0.0094 -0.0001 -0.0008 0.0182 0.2240 0.2227
1494806400.0000 95850.0000 0.0816 0.4329 -0.0935 0.4644 190.6765 0.0238 0.0046 0.0066 -0.0017 0.0015 -0.0018 0.0175 0.2398 0.2210
1494806400.0000 96150.0000 nan nan nan nan nan nan nan nan nan nan nan nan nan nan
1494806400.0000 96450.0000 nan nan nan nan nan nan nan nan nan nan nan nan nan nan
1494806400.0000 96750.0000 nan nan nan nan nan nan nan nan nan nan nan nan nan nan
1494806400.0000 97050.0000 nan nan nan nan nan nan nan nan nan nan nan nan nan nan
1494806400.0000 97350.0000 nan nan nan nan nan nan nan nan nan nan nan nan nan nan
1494806400.0000 97650.0000 nan nan nan nan nan nan nan nan nan nan nan nan nan nan
1494806400.0000 97950.0000 nan nan nan nan nan nan nan nan nan nan nan nan nan nan
1494806400.0000 98250.0000 nan nan nan nan nan nan nan nan nan nan nan nan nan nan
1494806400.0000 98550.0000 nan nan nan nan nan nan nan nan nan nan nan nan nan nan
1494806400.0000 98850.0000 nan nan nan nan nan nan nan nan nan nan nan nan nan nan
1494806400.0000 99150.0000 nan nan nan nan nan nan nan nan nan nan nan nan nan nan
1494806400.0000 99450.0000 nan nan nan nan nan nan nan nan nan nan nan nan nan nan
1494806400.0000 99750.0000 nan nan nan nan nan nan nan nan nan nan nan nan nan nan
1494806400.0000 100050.0000 nan nan nan nan nan nan nan nan nan nan nan nan nan nan
1494806400.0000 100350.0000 nan nan nan nan nan nan nan nan nan nan nan nan nan nan
1494806400.0000 100650.0000 nan nan nan nan nan nan nan nan nan nan nan nan nan nan
1494806400.0000 100950.0000 nan nan nan nan nan nan nan nan nan nan nan nan nan nan
1494806400.0000 101250.0000 nan nan nan nan nan nan nan nan nan nan nan nan nan nan
1494806400.0000 101550.0000 nan nan nan nan nan nan nan nan nan nan nan nan nan nan
1494806400.0000 101850.0000 nan nan nan nan nan nan nan nan nan nan nan nan nan nan
1494806400.0000 102150.0000 nan nan nan nan nan nan nan nan nan nan nan nan nan nan
1494806400.0000 102450.0000 nan nan nan nan nan nan nan nan nan nan nan nan nan nan
1494806400.0000 102750.0000 nan nan nan nan nan nan nan nan nan nan nan nan nan nan
1494806400.0000 103050.0000 nan nan nan nan nan nan nan nan nan nan nan nan nan nan
1494806400.0000 103350.0000 nan nan nan nan nan nan nan nan nan nan nan nan nan nan
1494806400.0000 103650.0000 nan nan nan nan nan nan nan nan nan nan nan nan nan nan
1494806400.0000 103950.0000 nan nan nan nan nan nan nan nan nan nan nan nan nan nan
1494806400.0000 104250.0000 nan nan nan nan nan nan nan nan nan nan nan nan nan nan
1494806400.0000 104550.0000 nan nan nan nan nan nan nan nan nan nan nan nan nan nan
1494806400.0000 104850.0000 nan nan nan nan nan nan nan nan nan nan nan nan nan nan
1494806400.0000 105150.0000 nan nan nan nan nan nan nan nan nan nan nan nan nan nan
1494806400.0000 105450.0000 nan nan nan nan nan nan nan nan nan nan nan nan nan nan
1494806400.0000 105750.0000 nan nan nan nan nan nan nan nan nan nan nan nan nan nan
1494806400.0000 106050.0000 nan nan nan nan nan nan nan nan nan nan nan nan nan nan
1494806400.0000 106350.0000 nan nan nan nan nan nan nan nan nan nan nan nan nan nan
1494806400.0000 106650.0000 nan nan nan nan nan nan nan nan nan nan nan nan nan nan
1494806400.0000 106950.0000 nan nan nan nan nan nan nan nan nan nan nan nan nan nan
1494806400.0000 107250.0000 nan nan nan nan nan nan nan nan nan nan nan nan nan nan
1494806400.0000 107550.0000 nan nan nan nan nan nan nan nan nan nan nan nan nan nan
1494806400.0000 107850.0000 nan nan nan nan nan nan nan nan nan nan nan nan nan nan
1494806400.0000 108150.0000 nan nan nan nan nan nan nan nan nan nan nan nan nan nan
1494806400.0000 108450.0000 nan nan nan nan nan nan nan nan nan nan nan nan nan nan
1494806400.0000 108750.0000 nan nan nan nan nan nan nan nan nan nan nan nan nan nan
1494806400.0000 109050.0000 nan nan nan nan nan nan nan nan nan nan nan nan nan nan
1494806400.0000 109350.0000 nan nan nan nan nan nan nan nan nan nan nan nan nan nan
1494806400.0000 109650.0000 nan nan nan nan nan nan nan nan nan nan nan nan nan nan
1494806400.0000 109950.0000 nan nan nan nan nan nan nan nan nan nan nan nan nan nan
1494806400.0000 110250.0000 nan nan nan nan nan nan nan nan nan nan nan nan nan nan
1494806400.0000 110550.0000 nan nan nan nan nan nan nan nan nan nan nan nan nan nan
1494806400.0000 110850.0000 nan nan nan nan nan nan nan nan nan nan nan nan nan nan
1494806400.0000 111150.0000 nan nan nan nan nan nan nan nan nan nan nan nan nan nan
1494806400.0000 111450.0000 nan nan nan nan nan nan nan nan nan nan nan nan nan nan
1494806400.0000 111750.0000 nan nan nan nan nan nan nan nan nan nan nan nan nan nan
1494806400.0000 112050.0000 nan nan nan nan nan nan nan nan nan nan nan nan nan nan
1494806400.0000 112350.0000 nan nan nan nan nan nan nan nan nan nan nan nan nan nan
1494806400.0000 112650.0000 nan nan nan nan nan nan nan nan nan nan nan nan nan nan
1494806400.0000 112950.0000 nan nan nan nan nan nan nan nan nan nan nan nan nan nan
1494806400.0000 113250.0000 nan nan nan nan nan nan nan nan nan nan nan nan nan nan
1494806400.0000 113550.0000 nan nan nan nan nan nan nan nan nan nan nan nan nan nan
1494806400.0000 113850.0000 nan nan nan nan nan nan nan nan nan nan nan nan nan nan
1494806400.0000 114150.0000 nan nan nan nan nan nan nan nan nan nan nan nan nan nan
1494806400.0000 114450.0000 nan nan nan nan nan nan nan nan nan nan nan nan nan nan
1494806400.0000 114750.0000 nan nan nan nan nan nan nan nan nan nan nan nan nan nan
1494806400.0000 115050.0000 nan nan nan nan nan nan nan nan nan nan nan nan nan nan
1494806400.0000 115350.0000 0.3833 -0.1746 -0.0097 0.7379 294.4903 0.1688 0.3684 0.0707 0.1057 0.0162 -0.0228 0.3039 1.0685 1.0047
1494806400.0000 115650.0000 -0.0179 0.1554 -0.0489 0.3808 173.4231 0.1053 0.0661 0.0327 0.0228 0.0088 -0.0124 0.1020 1.5913 1.5279
1494806400.0000 115950.0000 -0.0517 0.0052 0.0088 0.4242 95.7256 0.1812 0.1093 0.0742 -0.0251 0.0543 -0.0439 0.1824 6.6204 5.9935
1494806400.0000 116250.0000 -0.0396 0.2502 -0.0950 0.6370 171.0149 0.2926 0.1869 0.0885 -0.0491 0.1161 -0.0158 0.2840 1.6083 1.5782
1494806400.0000 116550.0000 0.1203 -0.0155 0.0643 0.5008 277.3489 0.1743 0.2107 0.0686 0.0273 0.0182 -0.0004 0.2268 2.8323 2.9527
1494806400.0000 116850.0000 -0.0888 0.0904 0.0004 0.5756 135.4975 0.2156 0.2198 0.0758 -0.0683 0.0350 -0.0352 0.2556 3.2571 3.0060
1494806400.0000 117150.0000 -0.0425 0.0615 -0.0512 0.6985 145.3424 0.4205 0.2303 0.1620 -0.0364 0.0987 -0.0461 0.4064 5.7441 6.2292
1494806400.0000 117450.0000 0.0074 0.1952 -0.0704 0.4962 182.1594 0.1386 0.1432 0.0556 0.0506 0.0193 0.0098 0.1687 1.6151 1.5692
1494806400.0000 117750.0000 0.4659 0.2309 -0.0473 0.6405 243.6362 0.0897 0.1214 0.0670 0.0269 -0.0150 0.0014 0.1390 0.5831 0.5101
1494806400.0000 118050.0000 -0.2125 0.2527 -0.1223 0.5873 139.9446 0.2405 0.1301 0.0766 0.0202 0.0829 -0.0012 0.2236 1.0965 1.0645
1494806400.0000 118350.0000 -0.1248 0.0245 -0.1188 0.5875 101.1217 0.2427 0.1909 0.0926 -0.0144 0.0426 -0.0365 0.2631 2.4058 2.9885
1494806400.0000 118650.0000 -0.1187 0.1217 -0.1343 0.5552 135.7248 0.2424 0.1972 0.1088 -0.0195 0.0751 -0.0581 0.2742 1.9740 2.2521
1494806400.0000 118950.0000 -0.1817 -0.0594 -0.1404 0.5529 71.8807 0.1504 0.2117 0.0635 -0.0694 0.0417 -0.0179 0.2128 1.5879 1.8175
1494806400.0000 119250.0000 -0.0098 -0.1850 -0.0723 0.5877 3.0365 0.2201 0.2151 0.0785 -0.0197 0.0183 0.0021 0.2568 2.0810 2.0560
1494806400.0000 119550.0000 -0.1423 -0.1548 -0.1317 0.5672 42.5941 0.1497 0.2376 0.0858 0.0208 0.0057 -0.0090 0.2366 1.6006 1.7086
1494806400.0000 119850.0000 0.0576 -0.4284 0.0891 0.7012 352.3470 0.2641 0.2101 0.0896 -0.0813 0.0398 -0.0263 0.2819 0.9824 0.9199
1494806400.0000 120150.0000 -0.1006 -0.2340 0.0081 0.5146 23.2626 0.1468 0.2245 0.0700 -0.0064 0.0261 0.0059 0.2207 1.5051 1.3813
1494806400.0000 120450.0000 -0.0268 -0.0950 -0.0853 0.4307 15.7610 0.1513 0.1133 0.0528 -0.0455 -0.0082 0.0092 0.1587 2.4925 3.0082
1494806400.0000 120750.0000 -0.1041 0.0779 -0.0237 0.4164 126.8152 0.0857 0.1247 0.0279 0.0179 0.0182 0.0180 0.1192 2.1332 2.0373
1494806400.0000 121050.0000 -0.2233 0.0297 -0.0067 0.4270 97.5794 0.1417 0.1078 0.0394 -0.0576 0.0287 -0.0112 0.1444 1.3771 1.2803
1494806400.0000 121350.0000 0.1029 -0.2603 0.0471 0.5068 338.4304 0.1422 0.1127 0.0532 0.0141 0.0274 -0.0065 0.1541 1.1290 1.0413
1494806400.0000 121650.0000 -0.1314 -0.2126 0.0555 0.5418 31.7142 0.1619 0.1907 0.0681 0.0192 0.0232 0.0063 0.2103 1.4627 1.3717
1494806400.0000 121950.0000 -0.1946 0.0636 -0.0084 0.6851 108.0900 0.3119 0.2807 0.0741 -0.0871 0.0204 -0.0013 0.3334 2.3004 2.1706
1494806400.0000 122250.0000 -0.2506 -0.1337 -0.0876 0.8718 61.9208 0.5696 0.4164 0.1288 -0.2234 0.1547 -0.0461 0.5574 2.0506 2.0183
1494806400.0000 122550.0000 0.0920 -0.2677 0.0528 0.5976 341.0328 0.2254 0.2563 0.0576 -0.1171 0.0036 0.0096 0.2696 1.4722 1.4153
1494806400.0000 122850.0000 0.1429 -0.0524 0.0472 0.5631 290.1430 0.2340 0.2492 0.0569 -0.0991 0.0016 0.0092 0.2701 2.6625 2.6364
1494806400.0000 123150.0000 0.1607 -0.6245 -0.0202 0.7700 345.5675 0.1534 0.1905 0.1062 -0.0319 -0.0053 0.0599 0.2251 0.6004 0.5251
1494806400.0000 123450.0000 0.0577 -0.3569 0.0896 0.5528 350.8239 0.1503 0.1627 0.0703 -0.0531 -0.0220 0.0064 0.1917 0.9596 0.8934
1494806400.0000 123750.0000 -0.2382 -0.2763 -0.1160 0.7785 40.7624 0.4226 0.2358 0.1322 -0.0473 0.0274 -0.0322 0.3953 1.3410 1.2842
1494806400.0000 124050.0000 -0.0491 -0.2357 -0.0393 0.6739 11.7756 0.3237 0.2529 0.1094 -0.0440 0.0777 0.0229 0.3430 1.9601 1.8208
1494806400.0000 124350.0000 -0.1053 -0.1425 0.0053 0.4960 36.4793 0.1412 0.2426 0.0641 0.0422 0.0350 0.0354 0.2239 2.1797 2.0187
1494806400.0000 124650.0000 0.0293 -0.2759 0.0231 0.7947 353.9354 0.4268 0.3355 0.0836 -0.1599 0.0252 -0.0069 0.4229 1.9070 1.8165
1494806400.0000 124950.0000 0.0861 -0.1594 0.0615 0.6533 331.6357 0.2850 0.2408 0.0758 0.0514 -0.0046 -0.0301 0.3008 2.3406 2.3106
1494806400.0000 125250.0000 -0.1761 0.0830 -0.1277 0.6062 115.2172 0.3408 0.2075 0.1406 -0.0472 0.1190 -0.0714 0.3444 2.0582 2.1958
1494806400.0000 125550.0000 0.1106 -0.4173 0.0204 0.7220 345.1577 0.2445 0.2630 0.0762 -0.1299 0.0187 -0.0199 0.2918 1.0207 0.9528
1494806400.0000 125850.0000 -0.4319 -0.0725 -0.0302 0.6366 80.4758 0.2089 0.1081 0.0583 -0.0481 0.0438 -0.0143 0.1876 0.8057 0.7423
1494806400.0000 126150.0000 -0.1136 -0.3737 0.0791 0.7440 16.9149 0.2558 0.3379 0.1240 -0.0777 0.0563 0.0210 0.3588 1.2274 1.1390
1494806400.0000 126450.0000 -0.0338 -0.5235 -0.0622 0.9349 3.6997 0.4265 0.5806 0.1470 -0.1602 0.1395 -0.0080 0.5770 1.1741 1.1045
1494806400.0000 126750.0000 -0.2184 -0.1482 -0.0713 0.7681 55.8411 0.3586 0.3329 0.1114 -0.0828 0.0659 -0.0336 0.4014 1.8923 1.8190
1494806400.0000 127050.0000 0.2109 -0.4249 0.1200 0.6974 333.6007 0.2733 0.2999 0.1011 0.0265 0.0248 -0.0432 0.3372 0.9690 0.9216
1494806400.0000 127350.0000 -0.0489 -0.8561 0.0312 1.0621 3.2681 0.2809 0.4624 0.1375 -0.0195 0.0825 0.0190 0.4404 0.6315 0.5805
1494806400.0000 127650.0000 -0.1829 -0.1500 -0.0331 0.6085 50.6482 0.2936 0.1366 0.1084 -0.0059 0.0172 -0.0343 0.2693 1.7739 1.6008
1494806400.0000 127950.0000 -0.2429 -0.0168 -0.0012 0.6910 86.0476 0.4685 0.1401 0.1091 0.0341 0.0557 -0.0278 0.3589 2.0087 1.8497
1494806400.0000 128250.0000 0.2130 -0.1676 -0.0605 0.5406 308.2031 0.1067 0.2236 0.0778 -0.0657 -0.0249 0.0545 0.2041 1.3283 1.2244
1494806400.0000 128550.0000 0.1323 0.1085 0.0194 0.6492 230.6534 0.2403 0.3214 0.1044 0.0468 0.0087 0.0252 0.3331 2.7371 2.5297
1494806400.0000 128850.0000 -0.0135 -0.0822 0.0241 0.6193 9.3602 0.3225 0.2256 0.0774 0.0655 0.0515 -0.0183 0.3128 5.2663 5.1320
1494806400.0000 129150.0000 -0.1556 -0.3217 0.0032 0.6467 25.8141 0.2434 0.1983 0.0917 -0.0762 0.0698 -0.0255 0.2668 1.1799 1.0737
1494806400.0000 129450.0000 0.0511 -0.0342 -0.0735 0.4545 303.8113 0.1434 0.1172 0.0554 -0.0269 0.0114 -0.0109 0.1579 3.3841 4.7887
1494806400.0000 129750.0000 -0.0743 0.0349 -0.0416 0.4675 115.1556 0.1461 0.1329 0.0616 0.0289 0.0134 -0.0122 0.1703 3.6597 3.7128
1494806400.0000 130050.0000 -0.1538 0.1300 0.0003 0.6411 130.2174 0.3589 0.1861 0.1087 0.1015 0.0196 -0.0206 0.3268 2.3181 2.1167
1494806400.0000 130350.0000 0.1957 0.0517 -0.0769 0.4823 255.1986 0.2497 0.0898 0.0593 0.0396 0.0154 0.0207 0.1994 1.6837 1.6616
1494806400.0000 130650.0000 0.0268 -0.1976 0.0866 0.4274 352.2876 0.0913 0.1385 0.0409 -0.0413 0.0141 -0.0115 0.1354 1.3817 1.3879
1494806400.0000 130950.0000 -0.2174 -0.1962 -0.0083 0.5872 47.9356 0.2038 0.1783 0.0967 -0.0311 0.0792 -0.0341 0.2394 1.3634 1.2184
1494806400.0000 131250.0000 -0.0667 -0.1695 0.0560 0.4356 21.4744 0.0956 0.1707 0.0519 0.0355 0.0170 0.0012 0.1591 1.7087 1.6352
1494806400.0000 131550.0000 0.0970 -0.2295 0.0964 0.6323 337.0867 0.2452 0.2056 0.0903 0.0304 0.0287 -0.0130 0.2705 1.5896 1.5556
1494806400.0000 131850.0000 0.0194 -0.0501 -0.0030 0.4049 338.7950 0.1856 0.0630 0.0556 -0.0086 0.0432 -0.0221 0.1521 5.9149 5.3553
1494806400.0000 132150.0000 0.1193 0.0262 0.0689 0.5132 257.5901 0.2320 0.1078 0.0762 0.0109 0.0020 -0.0257 0.2080 2.6564 2.7564
1494806400.0000 132450.0000 0.3217 0.2321 0.0054 0.5707 234.1965 0.2023 0.0669 0.0433 0.0548 -0.0179 -0.0194 0.1563 0.8135 0.7552
1494806400.0000 132750.0000 -0.0727 0.0560 -0.0697 0.5565 127.6093 0.2665 0.1706 0.0682 0.0029 0.0524 -0.0395 0.2526 3.5605 4.1586
1494806400.0000 133050.0000 -0.2075 -0.1660 -0.0012 0.4379 51.3421 0.1693 0.0560 0.0556 -0.0074 0.0695 -0.0001 0.1404 1.1516 1.0313
1494806400.0000 133350.0000 -0.1390 0.0683 -0.0812 0.4312 116.1613 0.1167 0.1016 0.0492 -0.0174 0.0283 -0.0159 0.1337 1.7071 1.7415
1494806400.0000 133650.0000 0.0214 0.1103 -0.0002 0.2814 190.9619 0.0496 0.0468 0.0367 0.0166 -0.0108 0.0035 0.0665 1.8740 1.5946
1494806400.0000 133950.0000 -0.0400 -0.2333 0.1563 0.3698 9.7191 0.0527 0.1004 0.0460 -0.0017 -0.0037 0.0085 0.0995 0.9084 0.9545
1494806400.0000 134250.0000 -0.5805 -0.3185 0.0605 0.8745 61.2438 0.1880 0.2982 0.0871 -0.0707 -0.0003 0.0848 0.2866 0.6574 0.6080
1494806400.0000 134550.0000 -0.1266 -0.2175 -0.0683 0.3960 30.2121 0.0640 0.0813 0.0475 -0.0136 -0.0020 -0.0089 0.0964 0.9721 0.8745
1494806400.0000 134850.0000 0.0433 -0.5267 0.0191 0.7566 355.3011 0.1984 0.2933 0.0989 -0.0390 0.0416 0.0171 0.2953 0.8391 0.7661
1494806400.0000 135150.0000 -0.3320 0.1356 -0.0517 0.5359 112.2203 0.1436 0.1074 0.1003 -0.0039 0.0701 -0.0305 0.1757 0.9445 0.8066
1494806400.0000 135450.0000 0.1132 -0.1320 -0.0687 0.5244 319.3816 0.1631 0.1766 0.0755 0.0611 -0.0324 -0.0320 0.2076 1.9899 1.9352
1494806400.0000 135750.0000 0.3718 -0.3707 0.0483 0.6342 314.9136 0.0826 0.1451 0.0709 -0.0307 -0.0103 0.0142 0.1493 0.5984 0.5248
1494806400.0000 136050.0000 0.0691 -0.1608 -0.0141 0.5522 336.7522 0.1779 0.1860 0.0892 -0.0127 -0.0586 0.0024 0.2266 2.2138 1.9903
1494806400.0000 136350.0000 -0.3217 -0.4916 0.0557 0.7254 33.2009 0.1189 0.1673 0.0959 -0.0289 0.0086 0.0080 0.1911 0.6048 0.5257
1494806400.0000 136650.0000 0.1148 0.0072 0.0890 0.4201 266.4084 0.1379 0.1006 0.0557 -0.0108 0.0030 -0.0016 0.1471 2.1527 2.4504
1494806400.0000 136950.0000 0.0113 -0.1981 0.0477 0.4953 356.7226 0.1310 0.1526 0.0564 0.0457 -0.0106 -0.0181 0.1700 1.6493 1.5492
1494806400.0000 137250.0000 0.0413 -0.2205 0.1217 0.3983 349.4016 0.0851 0.0676 0.0431 0.0068 -0.0158 0.0049 0.0979 1.0013 1.0061
1494806400.0000 137550.0000 -0.0131 -0.2021 -0.0449 0.4375 3.7014 0.1436 0.0620 0.0423 -0.0183 0.0170 -0.0017 0.1239 1.3857 1.2926
1494806400.0000 137850.0000 0.1638 -0.1823 0.0383 0.3380 318.0633 0.0472 0.0495 0.0455 -0.0055 -0.0148 0.0101 0.0711 0.8779 0.7327
1494806400.0000 138150.0000 0.1808 0.0602 -0.0584 0.4354 251.5935 0.1234 0.0879 0.0555 0.0129 -0.0167 -0.0226 0.1334 1.4968 1.3932
1494806400.0000 138450.0000 -0.0382 -0.0639 0.0849 0.4537 30.8647 0.2025 0.0761 0.0504 0.0297 -0.0194 -0.0240 0.1645 2.9328 4.0941
1494806400.0000 138750.0000 -0.0954 0.1652 -0.0056 0.6084 150.0047 0.3635 0.1367 0.0929 0.0992 0.1059 0.0035 0.2965 2.3298 2.1405
1494806400.0000 139050.0000 0.0700 0.1204 -0.0431 0.3927 210.1610 0.1600 0.0310 0.0239 0.0280 0.0109 -0.0027 0.1075 1.8354 1.8114
1494806400.0000 139350.0000 0.0861 0.0848 0.0247 0.4138 225.4252 0.2072 0.1173 0.0587 0.0768 0.0037 0.0031 0.1916 2.8965 2.7205
1494806400.0000 139650.0000 0.3281 0.2771 0.0880 0.4598 229.8150 0.0466 0.0244 0.0250 0.0099 -0.0045 -0.0048 0.0480 0.4080 0.3582
1494806400.0000 139950.0000 -0.0637 -0.0401 0.0712 0.2264 57.8119 0.0323 0.0336 0.0186 -0.0022 0.0117 -0.0016 0.0423 1.6204 1.9707
1494806400.0000 140250.0000 -0.1570 0.0033 0.0219 0.2785 91.2159 0.0487 0.0417 0.0294 -0.0147 0.0185 -0.0150 0.0598 1.2598 1.1051
1494806400.0000 140550.0000 0.1901 -0.1566 0.0344 0.3605 309.4727 0.0422 0.0548 0.0234 0.0120 0.0030 0.0078 0.0602 0.8054 0.7299
1494806400.0000 140850.0000 0.0027 -0.1145 0.0179 0.2345 358.6416 0.0320 0.0395 0.0154 -0.0072 -0.0021 0.0105 0.0435 1.4687 1.3483
1494806400.0000 141150.0000 -0.1576 -0.1370 0.0804 0.3140 48.9852 0.0436 0.0374 0.0285 -0.0144 0.0020 0.0067 0.0548 0.8541 0.7873
1494806400.0000 141450.0000 -0.1580 -0.1927 0.0267 0.3565 39.3365 0.0428 0.0709 0.0318 -0.0061 -0.0020 0.0001 0.0727 0.8787 0.7811
1494806400.0000 141750.0000 0.0139 -0.0882 0.0307 0.3056 351.0388 0.0566 0.0621 0.0271 -0.0244 0.0135 0.0029 0.0729 2.3331 2.2259
1494806400.0000 142050.0000 -0.1413 0.2186 -0.0757 0.4050 147.1279 0.0967 0.0513 0.0372 0.0200 0.0197 0.0030 0.0926 0.9167 0.8535
1494806400.0000 142350.0000 0.1508 0.0434 -0.0131 0.3834 253.9453 0.0745 0.1029 0.0343 0.0262 -0.0107 -0.0217 0.1058 1.6868 1.5495
1494806400.0000 142650.0000 -0.0601 -0.1976 -0.0038 0.4246 16.9217 0.1162 0.0760 0.0425 0.0168 -0.0297 -0.0049 0.1174 1.3542 1.2257
1494806400.0000 142950.0000 -0.3868 -0.1566 -0.0421 0.5426 67.9617 0.0618 0.1107 0.0608 -0.0046 0.0024 0.0249 0.1166 0.6650 0.5747
1494806400.0000 143250.0000 0.0408 0.0296 0.0584 0.3466 233.9875 0.0744 0.0833 0.0425 0.0334 0.0206 -0.0075 0.1001 3.3485 4.5499
1494806400.0000 143550.0000 0.2931 -0.0042 0.0397 0.4969 270.8267 0.1395 0.1080 0.0485 0.0353 0.0087 -0.0180 0.1480 1.0618 0.9798
1494806400.0000 143850.0000 0.4674 -0.0529 0.0740 0.5442 276.4543 0.0613 0.0776 0.0276 0.0102 -0.0019 -0.0089 0.0833 0.4948 0.4575
1494806400.0000 144150.0000 0.3756 -0.0115 -0.0598 0.4684 271.7481 0.0420 0.0746 0.0253 0.0209 -0.0032 -0.0172 0.0709 0.5714 0.5244
1494806400.0000 144450.0000 -0.0006 -0.0987 0.0854 0.2142 0.3339 0.0339 0.0268 0.0191 0.0076 -0.0046 0.0034 0.0399 1.2493 1.4402
1494806400.0000 144750.0000 0.0442 -0.4501 -0.0461 0.5624 354.3851 0.1044 0.1705 0.0579 0.0276 -0.0022 0.0213 0.1664 0.7327 0.6693
1494806400.0000 145050.0000 0.1642 0.0677 0.0286 0.4798 247.5925 0.1117 0.1573 0.0347 0.0941 0.0023 0.0107 0.1519 1.7690 1.6863
1494806400.0000 145350.0000 -0.1745 -0.0098 0.0337 0.4115 86.7742 0.1112 0.1082 0.0440 -0.0166 0.0079 -0.0057 0.1316 1.6642 1.5469
1494806400.0000 145650.0000 -0.0382 0.0323 -0.0327 0.3452 130.2223 0.0565 0.0860 0.0327 -0.0364 0.0242 -0.0182 0.0876 4.0430 4.3572
1494806400.0000 145950.0000 0.1080 -0.3504 -0.0254 0.4920 342.8644 0.0997 0.1103 0.0355 -0.0527 0.0080 0.0172 0.1228 0.7785 0.7217
1494806400.0000 146250.0000 0.1945 -0.2292 -0.0103 0.4144 319.6924 0.0652 0.0587 0.0334 -0.0087 0.0060 0.0105 0.0787 0.7615 0.6761
1494806400.0000 146550.0000 0.0437 -0.0113 0.0248 0.2062 284.5578 0.0422 0.0216 0.0137 -0.0111 -0.0143 0.0070 0.0387 3.1224 3.2332
1494806400.0000 146850.0000 0.0692 -0.0207 0.0317 0.1773 286.6797 0.0223 0.0202 0.0104 -0.0044 -0.0049 0.0054 0.0264 1.6834 1.6476
1494806400.0000 147150.0000 0.1290 -0.1428 -0.0471 0.3168 317.9016 0.0407 0.0633 0.0234 -0.0094 0.0058 0.0143 0.0637 1.0402 0.9674
1494806400.0000 147450.0000 0.2128 0.2054 0.0583 0.3352 226.0105 0.0292 0.0161 0.0111 0.0005 -0.0037 0.0010 0.0282 0.4547 0.4154
1494806400.0000 147750.0000 0.3184 0.2114 0.0127 0.3975 236.4195 0.0274 0.0113 0.0071 0.0053 -0.0052 -0.0010 0.0229 0.3233 0.2973
1494806400.0000 148050.0000 0.3742 0.0934 -0.0770 0.3952 255.9854 0.0233 0.0094 0.0064 0.0057 -0.0060 -0.0024 0.0195 0.2902 0.2708
1494806400.0000 148350.0000 0.2923 0.2166 -0.0786 0.4188 233.4516 0.0286 0.0402 0.0123 0.0144 -0.0030 -0.0056 0.0406 0.4418 0.4162
1494806400.0000 148650.0000 0.3134 0.2571 -0.0956 0.4495 230.6412 0.0330 0.0306 0.0175 -0.0003 -0.0111 -0.0006 0.0406 0.3948 0.3592
1494806400.0000 148950.0000 0.2453 0.3027 -0.0694 0.3966 219.0170 0.0161 0.0215 0.0087 0.0126 -0.0070 -0.0085 0.0232 0.3139 0.2873
1494806400.0000 149250.0000 0.3088 0.3356 -0.0903 0.4666 222.6146 0.0108 0.0110 0.0063 0.0014 -0.0021 -0.0040 0.0140 0.2080 0.1868
1494806400.0000 149550.0000 0.2936 0.4115 -0.0758 0.5139 215.5114 0.0165 0.0169 0.0129 0.0099 -0.0026 -0.0039 0.0231 0.2430 0.2086
1494806400.0000 149850.0000 0.2699 0.3470 -0.0664 0.4756 217.8724 0.0266 0.0252 0.0295 -0.0041 -0.0091 0.0084 0.0407 0.3703 0.2989
1494806400.0000 150150.0000 0.1887 0.3213 -0.0443 0.3819 210.4220 0.0119 0.0082 0.0068 0.0051 -0.0033 -0.0015 0.0135 0.2525 0.2198
1494806400.0000 150450.0000 0.2506 0.4018 -0.0728 0.4848 211.9576 0.0199 0.0161 0.0096 0.0082 -0.0017 -0.0049 0.0228 0.2573 0.2314
1494806400.0000 150750.0000 0.1389 0.3323 -0.0556 0.3843 202.6805 0.0203 0.0060 0.0073 0.0020 -0.0051 -0.0037 0.0168 0.2905 0.2600
1494806400.0000 151050.0000 0.2080 0.3362 -0.0658 0.3995 211.7446 0.0076 0.0039 0.0023 0.0036 -0.0012 -0.0005 0.0069 0.1688 0.1564
