1494720000.0000 150.0000 3.4860 0.6775 0.0603 3.5561 259.0019 0.0275 0.0304 0.0084 -0.0108 0.0028 -0.0060 0.0331 0.0419 0.0391
1494720000.0000 450.0000 3.4131 0.9380 0.0650 3.5411 254.6324 0.0136 0.0116 0.0037 0.0029 -0.0013 -0.0022 0.0145 0.0277 0.0259
1494720000.0000 750.0000 3.5030 1.0168 0.0732 3.6484 253.8138 0.0017 0.0063 0.0020 -0.0005 0.0001 -0.0012 0.0050 0.0158 0.0141
1494720000.0000 1050.0000 3.2217 1.3470 0.0973 3.4998 247.3095 0.0641 0.0234 0.0028 -0.0349 -0.0034 0.0025 0.0451 0.0497 0.0489
1494720000.0000 1350.0000 3.0852 1.4693 0.1610 3.4514 244.5342 0.2181 0.0965 0.0026 -0.1412 -0.0079 0.0054 0.1586 0.0950 0.0948
1494720000.0000 1650.0000 2.7686 1.4231 0.1615 3.1391 242.7966 0.1082 0.0844 0.0053 -0.0903 0.0025 -0.0019 0.0990 0.0824 0.0814
1494720000.0000 1950.0000 2.1985 2.1601 0.2466 3.0879 225.5041 0.0286 0.0655 0.0025 0.0137 -0.0038 -0.0025 0.0483 0.0580 0.0575
1494720000.0000 2250.0000 1.8559 2.5290 0.1886 3.1536 216.2734 0.1241 0.0123 0.0069 -0.0180 0.0194 -0.0041 0.0717 0.0696 0.0680
1494720000.0000 2550.0000 0.9927 2.2575 0.0632 2.4778 203.7374 0.0201 0.1191 0.0126 -0.0271 0.0022 0.0083 0.0759 0.0912 0.0873
1494720000.0000 2850.0000 1.2063 2.3121 0.0950 2.6250 207.5520 0.0274 0.1505 0.0094 -0.0373 -0.0073 0.0195 0.0937 0.0958 0.0934
1494720000.0000 3150.0000 1.5064 2.3597 0.1048 2.8324 212.5537 0.0748 0.1666 0.0173 -0.0859 -0.0111 0.0101 0.1293 0.1048 0.1013
1494720000.0000 3450.0000 1.5601 2.6225 0.1800 3.0811 210.7479 0.0613 0.1901 0.0134 -0.0870 -0.0018 0.0164 0.1325 0.0972 0.0949
1494720000.0000 3750.0000 1.3006 2.9061 0.0956 3.1977 204.1105 0.0813 0.0390 0.0163 -0.0198 -0.0076 0.0057 0.0683 0.0670 0.0629
1494720000.0000 4050.0000 1.2367 3.1780 0.1480 3.4188 201.2625 0.0470 0.0302 0.0088 -0.0196 0.0006 0.0050 0.0430 0.0496 0.0470
1494720000.0000 4350.0000 1.1481 3.4582 0.1414 3.6474 198.3657 0.0269 0.0153 0.0125 -0.0017 -0.0005 -0.0018 0.0273 0.0370 0.0325
1494720000.0000 4650.0000 1.1153 3.3984 0.2004 3.5830 198.1684 0.0527 0.0443 0.0143 0.0115 0.0013 0.0060 0.0556 0.0538 0.0503
1494720000.0000 4950.0000 1.4308 3.5330 0.2213 3.8170 202.0468 0.0638 0.0287 0.0084 0.0254 0.0061 0.0017 0.0504 0.0480 0.0461
1494720000.0000 5250.0000 1.6468 3.5607 0.2440 3.9250 204.8195 0.0278 0.0301 0.0105 0.0178 0.0009 0.0031 0.0342 0.0384 0.0354
1494720000.0000 5550.0000 1.8627 3.5536 0.2998 4.0146 207.6619 0.0144 0.0408 0.0073 0.0012 -0.0017 0.0008 0.0312 0.0359 0.0338
1494720000.0000 5850.0000 1.6330 3.4398 0.3602 3.8171 205.3954 0.0422 0.0506 0.0095 -0.0356 -0.0038 -0.0019 0.0511 0.0483 0.0462
1494720000.0000 6150.0000 1.4017 3.4405 0.2905 3.7174 202.1667 0.0179 0.0210 0.0060 0.0012 -0.0025 -0.0019 0.0224 0.0328 0.0306
1494720000.0000 6450.0000 1.7922 3.3121 0.3522 3.7720 208.4179 0.0923 0.0770 0.0282 0.0533 -0.0180 -0.0092 0.0987 0.0678 0.0631
1494720000.0000 6750.0000 1.7725 3.5021 0.2945 3.9299 206.8456 0.0584 0.0644 0.0290 0.0285 -0.0152 -0.0143 0.0759 0.0572 0.0516
1494720000.0000 7050.0000 2.0747 3.5248 0.3929 4.0965 210.4816 0.0852 0.0299 0.0272 0.0227 0.0002 -0.0026 0.0711 0.0530 0.0479
1494720000.0000 7350.0000 2.4583 3.6791 0.4346 4.4334 213.7500 0.0971 0.0262 0.0339 -0.0000 0.0065 0.0009 0.0786 0.0515 0.0458
1494720000.0000 7650.0000 2.6990 3.8049 0.3888 4.6678 215.3497 0.0166 0.0323 0.0141 -0.0046 -0.0011 -0.0044 0.0315 0.0310 0.0274
1494720000.0000 7950.0000 2.4566 3.8219 0.4498 4.5571 212.7317 0.0523 0.1238 0.0281 -0.0481 -0.0113 0.0275 0.1021 0.0571 0.0533
1494720000.0000 8250.0000 2.3440 2.9769 0.5033 3.7946 218.2168 0.0256 0.0528 0.0287 -0.0060 0.0003 -0.0126 0.0535 0.0494 0.0427
1494720000.0000 8550.0000 2.5179 2.8321 0.4284 3.7936 221.6393 0.0300 0.0335 0.0209 0.0012 0.0009 0.0029 0.0422 0.0440 0.0384
1494720000.0000 8850.0000 1.4798 3.1725 0.2707 3.5366 205.0062 0.3009 0.0838 0.0862 0.0223 0.0090 0.0272 0.2354 0.1128 0.1023
1494720000.0000 9150.0000 2.4200 3.2748 0.4005 4.0809 216.4641 0.0831 0.0184 0.0138 -0.0110 0.0058 -0.0018 0.0576 0.0479 0.0452
1494720000.0000 9450.0000 2.7273 3.5413 0.4549 4.4768 217.6011 0.0698 0.0362 0.0175 -0.0056 -0.0011 0.0033 0.0617 0.0452 0.0421
1494720000.0000 9750.0000 2.8839 2.9814 0.5267 4.1747 224.0473 0.1197 0.1351 0.0190 -0.0964 0.0019 -0.0055 0.1369 0.0722 0.0703
1494720000.0000 10050.0000 2.7489 2.2256 0.5078 3.5391 231.0057 0.0799 0.0318 0.0072 0.0353 0.0020 0.0022 0.0594 0.0557 0.0546
1494720000.0000 10350.0000 2.1609 2.2216 0.4707 3.1026 224.2062 0.0054 0.0400 0.0046 0.0010 0.0004 -0.0015 0.0250 0.0412 0.0397
1494720000.0000 10650.0000 2.2680 2.7540 0.4277 3.5722 219.4727 0.0474 0.0128 0.0100 0.0021 0.0085 0.0012 0.0351 0.0426 0.0397
1494720000.0000 10950.0000 2.0037 2.6139 0.3498 3.3000 217.4718 0.0596 0.0246 0.0158 0.0034 -0.0041 -0.0070 0.0500 0.0551 0.0509
1494720000.0000 11250.0000 1.8063 2.6343 0.4439 3.2129 214.4378 0.1347 0.1072 0.0702 0.0110 -0.0531 -0.0097 0.1561 0.1000 0.0889
1494720000.0000 11550.0000 1.3233 2.8781 0.3620 3.1907 204.6927 0.1733 0.0868 0.0402 0.0160 -0.0435 -0.0081 0.1502 0.0992 0.0930
1494720000.0000 11850.0000 1.3735 2.9823 0.3577 3.2972 204.7280 0.1148 0.0450 0.0291 0.0158 -0.0047 0.0042 0.0945 0.0760 0.0703
1494720000.0000 12150.0000 1.0699 3.0796 0.3662 3.2716 199.1577 0.0831 0.0279 0.0214 0.0040 -0.0037 0.0019 0.0662 0.0640 0.0590
1494720000.0000 12450.0000 1.2706 2.9763 0.3440 3.2518 203.1179 0.0955 0.0468 0.0354 -0.0194 -0.0063 -0.0036 0.0888 0.0748 0.0673
1494720000.0000 12750.0000 1.8437 2.5606 0.3265 3.1717 215.7546 0.1531 0.0372 0.0301 0.0135 -0.0129 0.0111 0.1102 0.0855 0.0798
1494720000.0000 13050.0000 1.4365 2.3022 0.2962 2.7225 211.9634 0.0473 0.0392 0.0331 -0.0035 -0.0194 0.0060 0.0598 0.0732 0.0626
1494720000.0000 13350.0000 1.5791 2.4739 0.2851 2.9412 212.5498 0.0394 0.0223 0.0117 -0.0032 -0.0022 0.0045 0.0367 0.0530 0.0489
1494720000.0000 13650.0000 1.3886 2.5776 0.2579 2.9517 208.3123 0.1308 0.0563 0.0461 -0.0302 -0.0454 0.0162 0.1166 0.0949 0.0853
1494720000.0000 13950.0000 1.7193 2.3668 0.2768 2.9465 215.9945 0.1195 0.0462 0.0232 -0.0289 -0.0160 -0.0004 0.0945 0.0854 0.0803
1494720000.0000 14250.0000 1.5609 1.9246 0.2716 2.4966 219.0436 0.0898 0.0594 0.0292 -0.0151 0.0028 -0.0037 0.0892 0.0978 0.0900
1494720000.0000 14550.0000 1.3608 2.0667 0.1808 2.4844 213.3625 0.0559 0.0253 0.0122 -0.0041 -0.0079 -0.0038 0.0467 0.0711 0.0665
1494720000.0000 14850.0000 1.7887 2.3742 0.2489 2.9773 216.9944 0.0438 0.0267 0.0132 0.0101 -0.0051 -0.0055 0.0418 0.0560 0.0516
1494720000.0000 15150.0000 1.8972 2.4830 0.3376 3.1396 217.3835 0.0768 0.0703 0.0362 -0.0180 0.0067 -0.0098 0.0916 0.0786 0.0709
1494720000.0000 15450.0000 2.2142 2.6308 0.2924 3.4647 220.0855 0.2050 0.0890 0.0703 -0.0181 -0.0571 -0.0046 0.1822 0.1010 0.0911
1494720000.0000 15750.0000 2.1717 3.0635 0.4919 3.8022 215.3323 0.2807 0.1898 0.0984 -0.1137 -0.0206 0.0492 0.2844 0.1150 0.1055
1494720000.0000 16050.0000 2.1852 2.3329 0.3953 3.2514 223.1268 0.3259 0.1515 0.1202 -0.1137 -0.0665 0.0667 0.2988 0.1386 0.1248
1494720000.0000 16350.0000 1.8426 2.4312 0.3399 3.0921 217.1580 0.2058 0.1421 0.0970 -0.0805 -0.0711 0.0281 0.2224 0.1255 0.1116
1494720000.0000 16650.0000 1.2314 2.1724 0.3868 2.5366 209.5464 0.1816 0.1069 0.1092 -0.0397 -0.0777 0.0323 0.1988 0.1441 0.1242
1494720000.0000 16950.0000 0.4705 2.5709 0.2110 2.6687 190.3710 0.2966 0.1319 0.1536 0.0045 -0.0192 -0.0129 0.2910 0.1680 0.1446
1494720000.0000 17250.0000 0.2365 2.2683 0.1742 2.3031 185.9514 0.1161 0.0767 0.1013 0.0430 -0.0111 0.0045 0.1471 0.1369 0.1112
1494720000.0000 17550.0000 0.0034 2.0900 0.0851 2.1180 180.0943 0.1112 0.1222 0.0573 -0.0256 -0.0258 0.0287 0.1453 0.1488 0.1335
1494720000.0000 17850.0000 -0.5437 2.0344 -0.0219 2.1582 165.0381 0.2454 0.0686 0.0787 -0.0113 -0.0342 0.0126 0.1964 0.1718 0.1536
1494720000.0000 18150.0000 -0.6581 2.0884 0.2022 2.2237 162.5100 0.1164 0.1700 0.0541 0.0403 0.0150 0.0011 0.1702 0.1532 0.1411
1494720000.0000 18450.0000 -0.0051 2.7473 0.2117 2.7550 179.8944 0.0416 0.0711 0.0368 -0.0272 -0.0148 0.0156 0.0748 0.0810 0.0706
1494720000.0000 18750.0000 0.4441 2.6162 0.1605 2.6671 189.6351 0.0659 0.0462 0.0162 -0.0306 -0.0009 0.0099 0.0641 0.0778 0.0728
1494720000.0000 19050.0000 0.8383 2.6435 0.2364 2.7825 197.5945 0.0475 0.0748 0.0279 0.0002 -0.0146 0.0110 0.0751 0.0804 0.0728
1494720000.0000 19350.0000 0.6109 2.3009 0.0261 2.4117 194.8692 0.1179 0.0876 0.0713 -0.0652 -0.0029 -0.0088 0.1384 0.1276 0.1099
1494720000.0000 19650.0000 0.2012 2.4248 0.0854 2.4682 184.7435 0.1691 0.0730 0.0851 -0.0179 0.0204 -0.0099 0.1636 0.1357 0.1168
1494720000.0000 19950.0000 -0.0234 1.9350 0.0411 1.9757 179.3085 0.1558 0.0890 0.0675 -0.0297 0.0070 -0.0140 0.1561 0.1667 0.1476
1494720000.0000 20250.0000 0.0621 1.9340 0.0746 1.9523 181.8383 0.0612 0.2667 0.0991 0.0292 -0.0077 -0.1045 0.2135 0.1948 0.1709
1494720000.0000 20550.0000 0.2318 1.9751 -0.0228 2.0902 186.6940 0.4253 0.2233 0.1495 -0.0020 -0.0585 -0.0465 0.3990 0.2593 0.2338
1494720000.0000 20850.0000 -0.4557 2.1469 0.0974 2.2223 168.0162 0.1353 0.0816 0.0627 -0.0198 0.0077 0.0219 0.1398 0.1390 0.1225
1494720000.0000 21150.0000 -0.1804 1.9733 0.1445 2.0080 174.7759 0.1163 0.0717 0.0383 -0.0423 -0.0253 0.0126 0.1131 0.1382 0.1263
1494720000.0000 21450.0000 -0.4478 2.0840 0.1944 2.1429 167.8731 0.0517 0.0718 0.0861 -0.0122 0.0134 -0.0419 0.1048 0.1235 0.0952
1494720000.0000 21750.0000 -0.5128 2.1482 0.1712 2.2229 166.5742 0.0695 0.0647 0.0426 -0.0065 -0.0036 0.0039 0.0884 0.1096 0.0958
1494720000.0000 22050.0000 -0.9465 2.3508 0.0567 2.5434 158.0676 0.0424 0.0536 0.0388 0.0015 0.0021 0.0033 0.0674 0.0836 0.0706
1494720000.0000 22350.0000 -0.8632 2.1441 0.1006 2.3259 158.0707 0.0587 0.0555 0.0584 0.0087 0.0049 0.0035 0.0863 0.1037 0.0844
1494720000.0000 22650.0000 -0.7586 1.8785 0.1061 2.0496 158.0092 0.0667 0.1122 0.0901 0.0336 0.0130 0.0168 0.1345 0.1476 0.1205
1494720000.0000 22950.0000 -0.6677 1.8539 0.0785 2.0202 160.1938 0.1026 0.3541 0.1832 0.0427 0.0485 0.0686 0.3200 0.2342 0.1980
1494720000.0000 23250.0000 -0.7955 2.4162 0.0365 2.5860 161.7760 0.1550 0.2000 0.1219 0.0609 0.0761 0.0497 0.2384 0.1567 0.1352
1494720000.0000 23550.0000 -0.5252 2.7551 0.0463 2.8217 169.2073 0.1173 0.1353 0.0380 -0.0546 0.0092 -0.0138 0.1453 0.1110 0.1035
1494720000.0000 23850.0000 0.2115 3.0286 0.2499 3.0540 183.9948 0.1060 0.1096 0.0606 -0.0293 0.0108 -0.0032 0.1381 0.0996 0.0883
1494720000.0000 24150.0000 0.0676 2.8480 0.1951 2.8648 181.3601 0.0918 0.0404 0.0213 -0.0165 0.0125 -0.0030 0.0767 0.0792 0.0737
1494720000.0000 24450.0000 -0.2179 2.9484 0.0894 2.9699 175.7734 0.0831 0.0278 0.0178 -0.0176 -0.0044 0.0001 0.0643 0.0700 0.0650
1494720000.0000 24750.0000 0.1129 2.5331 -0.0563 2.5608 182.5528 0.1294 0.0305 0.0252 -0.0025 -0.0058 0.0014 0.0926 0.0979 0.0911
1494720000.0000 25050.0000 -0.4707 2.4036 0.0907 2.4640 168.9197 0.0863 0.0953 0.0506 -0.0407 -0.0046 -0.0008 0.1161 0.1135 0.1005
1494720000.0000 25350.0000 -1.0002 2.5084 -0.0445 2.7221 158.2607 0.0569 0.2142 0.1712 0.0199 0.0226 0.0464 0.2211 0.1422 0.1113
1494720000.0000 25650.0000 -0.6404 2.6671 0.1277 2.7749 166.4990 0.1987 0.2482 0.2806 -0.0882 0.0794 -0.1313 0.3637 0.1793 0.1407
1494720000.0000 25950.0000 -0.1282 2.5010 0.2061 2.5351 177.0648 0.1586 0.3820 0.0771 -0.1297 0.0620 -0.0709 0.3089 0.1806 0.1695
1494720000.0000 26250.0000 -0.6204 3.3209 0.0549 3.3997 169.4181 0.1431 0.0663 0.0850 0.0083 0.0491 -0.0004 0.1472 0.0927 0.0782
1494720000.0000 26550.0000 -0.7432 3.0491 0.1642 3.1523 166.3022 0.0891 0.0736 0.1196 -0.0095 0.0385 -0.0260 0.1411 0.0976 0.0742
1494720000.0000 26850.0000 -0.5115 3.5477 0.2243 3.5947 171.7961 0.0715 0.0410 0.0371 0.0045 0.0142 0.0059 0.0748 0.0622 0.0540
1494720000.0000 27150.0000 -0.3617 2.8827 0.1690 2.9234 172.8484 0.0943 0.1888 0.0854 0.0204 0.0018 -0.0314 0.1843 0.1204 0.1057
1494720000.0000 27450.0000 -0.6037 2.7329 0.1864 2.8144 167.5430 0.0747 0.0620 0.0638 0.0218 0.0143 -0.0236 0.1003 0.0922 0.0763
1494720000.0000 27750.0000 -0.7913 2.4675 0.0787 2.6112 162.2187 0.0920 0.0863 0.0549 0.0218 0.0366 -0.0041 0.1166 0.1075 0.0941
1494720000.0000 28050.0000 -0.9952 1.6968 -0.0226 1.9952 149.6079 0.0863 0.1640 0.1125 0.0055 0.0039 0.0150 0.1814 0.1767 0.1468
1494720000.0000 28350.0000 -1.4475 1.2424 0.2293 1.9608 130.6400 0.2506 0.2219 0.1640 -0.0563 0.0279 -0.0263 0.3183 0.2397 0.2080
1494720000.0000 28650.0000 -1.8269 1.5774 0.1201 2.4261 130.8090 0.0993 0.0612 0.0918 -0.0220 -0.0099 0.0199 0.1262 0.1200 0.0958
1494720000.0000 28950.0000 -0.5565 0.8866 0.6166 1.1508 147.8837 0.2563 0.2683 0.1685 -0.0787 0.0567 0.0425 0.3466 0.3956 0.3995
1494720000.0000 29250.0000 -0.5662 1.0173 0.7761 1.3121 150.8994 0.4088 0.1414 0.1798 0.0560 0.1741 0.0300 0.3650 0.3526 0.3678
1494720000.0000 29550.0000 -1.2522 1.2653 0.4162 1.8399 135.2968 0.2795 0.1530 0.1023 -0.0293 -0.0189 0.0039 0.2674 0.2309 0.2133
1494720000.0000 29850.0000 -0.3525 1.6077 0.3093 1.6829 167.6324 0.0799 0.1470 0.1036 0.0358 0.0142 -0.0206 0.1653 0.1982 0.1671
1494720000.0000 30150.0000 -0.3536 1.5093 0.1738 1.5797 166.8148 0.0998 0.1008 0.0896 -0.0512 0.0406 -0.0060 0.1451 0.1994 0.1668
1494720000.0000 30450.0000 -0.1338 2.1171 0.2582 2.1467 176.3837 0.1040 0.1540 0.2147 -0.0162 0.0338 -0.0240 0.2363 0.1857 0.1382
1494720000.0000 30750.0000 -0.4103 2.0998 0.1398 2.1688 168.9432 0.1330 0.1864 0.1933 -0.0417 0.0829 -0.0037 0.2564 0.1928 0.1525
1494720000.0000 31050.0000 -1.1845 2.0059 -0.0350 2.3645 149.4378 0.1373 0.2024 0.2426 0.0044 0.0735 -0.0830 0.2911 0.1891 0.1445
1494720000.0000 31350.0000 -1.2685 1.5798 0.1057 2.1044 141.2359 0.3133 0.2129 0.3424 0.0404 0.0379 -0.0704 0.4343 0.2652 0.2067
1494720000.0000 31650.0000 -0.3431 1.6565 0.5441 1.7881 168.2988 0.3936 0.4717 0.3225 -0.0734 -0.0559 0.0657 0.5939 0.3541 0.3175
1494720000.0000 31950.0000 0.4302 1.3983 0.3363 1.6116 197.1004 0.5228 0.3087 0.1951 0.1376 0.1092 -0.0098 0.5133 0.3897 0.3598
1494720000.0000 32250.0000 0.6338 0.6702 0.3153 1.0510 223.3988 0.1847 0.2336 0.1694 0.0110 0.0066 0.0258 0.2939 0.4541 0.4048
1494720000.0000 32550.0000 -0.1236 0.4222 -0.0975 0.9226 163.6795 0.3111 0.4210 0.1831 0.0825 -0.0075 0.1553 0.4576 1.2257 1.1229
1494720000.0000 32850.0000 0.4070 0.0867 0.1014 0.7620 257.9745 0.5790 0.2165 0.1805 0.2091 0.1609 0.1206 0.4880 1.3317 1.2374
1494720000.0000 33150.0000 0.7658 1.3354 -0.1215 1.6968 209.8322 0.4168 0.2028 0.2241 -0.1134 0.0689 -0.0013 0.4218 0.3434 0.2952
1494720000.0000 33450.0000 1.2656 1.3216 0.2083 1.9071 223.7599 0.2807 0.1455 0.1371 -0.0727 0.0162 -0.0220 0.2817 0.2353 0.2060
1494720000.0000 33750.0000 0.8691 0.8462 0.6283 1.4915 225.7652 0.5008 0.4175 0.1297 -0.3243 0.0579 -0.0749 0.5240 0.4327 0.4561
1494720000.0000 34050.0000 1.0428 1.0591 0.0799 1.6193 224.5537 0.2593 0.6569 0.1613 0.0550 -0.0206 -0.0732 0.5388 0.4027 0.3718
1494720000.0000 34350.0000 0.8058 1.8816 0.0848 2.1201 203.1837 0.1508 0.3733 0.1412 -0.1451 0.0746 -0.1229 0.3326 0.2299 0.2042
1494720000.0000 34650.0000 0.3318 1.4730 0.4215 1.5471 192.6944 0.0874 0.2561 0.2134 0.0030 -0.0162 -0.1086 0.2784 0.2748 0.2241
1494720000.0000 34950.0000 0.1487 1.1236 0.1820 1.1956 187.5410 0.1312 0.2050 0.2610 -0.0537 0.0503 -0.1571 0.2986 0.3887 0.2954
1494720000.0000 35250.0000 -0.0262 1.7241 0.0206 1.7922 179.1310 0.2223 0.1342 0.0571 0.0782 -0.0113 0.0023 0.2068 0.2153 0.1999
1494720000.0000 35550.0000 0.3345 2.3858 0.3184 2.4328 187.9814 0.1186 0.0989 0.0909 0.0185 -0.0302 -0.0297 0.1542 0.1319 0.1118
1494720000.0000 35850.0000 -0.0747 2.3468 0.2088 2.3734 178.1761 0.1205 0.0659 0.0883 -0.0050 0.0181 -0.0222 0.1374 0.1284 0.1062
1494720000.0000 36150.0000 -0.2329 1.6580 0.3352 1.7236 172.0034 0.1654 0.1859 0.2495 0.0244 0.0013 0.0006 0.3004 0.2621 0.2044
1494720000.0000 36450.0000 0.5297 2.0171 0.1782 2.1916 194.7146 0.4477 0.2638 0.5328 -0.0374 0.1245 -0.0981 0.6221 0.3077 0.2335
1494720000.0000 36750.0000 1.5385 0.9077 0.1081 2.1543 239.4597 0.4538 1.3589 0.3359 -0.4530 0.1668 -0.3848 1.0743 0.4729 0.4352
1494720000.0000 37050.0000 1.5563 0.3099 0.0001 1.6269 258.7386 0.1351 0.1500 0.3502 0.0625 -0.0389 -0.0545 0.3177 0.2900 0.1943
1494720000.0000 37350.0000 0.9454 -0.6839 0.1920 1.3830 305.8826 0.4178 0.4031 0.3310 0.0790 0.1275 -0.0665 0.5759 0.5240 0.4483
1494720000.0000 37650.0000 1.4684 -0.5980 -0.2428 1.6216 292.1605 0.1002 0.1441 0.1817 -0.0631 0.0265 0.0033 0.2130 0.2349 0.1800
1494720000.0000 37950.0000 0.5706 0.4060 -0.5258 0.7984 234.5651 0.1882 0.0239 0.0415 -0.0047 0.0008 -0.0069 0.1268 0.3320 0.3797
1494720000.0000 38250.0000 0.3766 0.4005 -0.0216 0.6951 223.2349 0.1516 0.1426 0.1594 0.0155 0.0310 0.0540 0.2268 0.7068 0.5697
1494720000.0000 38550.0000 -0.2010 1.0933 -0.0095 1.2392 169.5826 0.3070 0.0792 0.1886 -0.0883 0.0116 0.0024 0.2874 0.3938 0.3228
1494720000.0000 38850.0000 -1.4578 1.6289 -0.1176 2.2222 138.1728 0.1261 0.0941 0.1212 0.0500 0.0343 0.0398 0.1707 0.1541 0.1239
1494720000.0000 39150.0000 -2.0330 1.0754 -0.3462 2.3385 117.8785 0.0988 0.1464 0.1018 0.0546 0.0038 -0.0322 0.1735 0.1462 0.1243
1494720000.0000 39450.0000 -1.1782 1.4214 0.7771 2.5570 140.3438 0.7213 3.7393 0.5519 1.2257 -0.0184 -0.1947 2.5062 0.6453 0.6605
1494720000.0000 39750.0000 -1.0423 1.2605 1.2116 2.2481 140.4133 0.6656 4.0731 0.4118 0.1668 0.0928 -0.4734 2.5753 0.6437 0.7684
1494720000.0000 40050.0000 -0.9533 -0.2890 1.1669 1.2413 73.1325 0.7106 0.4307 0.1854 0.0230 0.0841 0.0391 0.6633 0.4334 0.6192
1494720000.0000 40350.0000 -0.0652 2.0111 1.0473 2.0701 178.1432 0.1672 0.4599 0.3708 -0.0156 -0.0258 -0.1669 0.4990 0.2543 0.2272
1494720000.0000 40650.0000 -0.7194 1.1074 1.0077 1.5319 146.9895 0.5651 0.4198 0.4533 0.1122 0.0630 0.0170 0.7191 0.4168 0.4339
1494720000.0000 40950.0000 -0.4922 0.3181 0.9234 0.8908 122.8730 0.3974 0.2730 0.1577 0.0665 0.1302 0.0501 0.4140 0.4804 0.8066
1494720000.0000 41250.0000 0.1358 1.6937 1.0517 1.8715 184.5827 0.5085 0.9061 0.1611 0.2378 0.0451 0.0132 0.7879 0.3627 0.4041
1494720000.0000 41550.0000 -0.0154 3.3674 1.0496 3.3940 179.7379 0.1819 0.5269 0.1979 -0.0572 -0.0205 0.0230 0.4533 0.1559 0.1443
1494720000.0000 41850.0000 -0.4657 3.7423 0.2911 3.8214 172.9059 0.4090 0.7765 0.6471 -0.0462 -0.1094 0.1867 0.9163 0.2066 0.1667
1494720000.0000 42150.0000 -0.0697 2.0494 0.1908 2.1160 178.0523 0.2428 0.3311 0.5027 0.0841 0.0293 0.0052 0.5383 0.2909 0.2133
1494720000.0000 42450.0000 -0.5869 1.7817 0.8257 1.9605 161.7692 0.2354 1.0375 0.4003 -0.1477 0.0854 -0.3258 0.8366 0.3644 0.3472
1494720000.0000 42750.0000 0.5339 2.1570 0.6536 2.4617 193.9035 0.5120 1.7892 0.4322 -0.5587 0.0497 0.0245 1.3667 0.4121 0.3941
1494720000.0000 43050.0000 0.0101 2.8230 0.0046 2.8710 180.2048 0.2629 0.2177 0.1470 -0.0535 0.1034 0.0173 0.3138 0.1620 0.1418
1494720000.0000 43350.0000 -0.0289 2.1696 0.2222 2.2880 179.2380 0.4817 0.4953 0.6375 0.1468 0.1347 0.2679 0.8072 0.3363 0.2630
1494720000.0000 43650.0000 -0.5255 2.8158 -0.0433 2.9616 169.4286 0.5910 0.3203 0.5461 -0.1265 0.1537 0.1463 0.7287 0.2433 0.1924
1494720000.0000 43950.0000 -0.3136 3.1930 0.5136 3.3568 174.3902 0.9120 0.5342 0.9710 0.3212 0.2850 0.0701 1.2086 0.2763 0.2164
1494720000.0000 44250.0000 0.7755 3.2754 0.8760 3.4244 193.3207 0.3576 0.4615 0.4784 -0.0374 0.0612 0.1406 0.6487 0.1891 0.1552
1494720000.0000 44550.0000 0.4481 3.1551 0.2491 3.3109 188.0830 0.6097 1.0969 0.9085 -0.4769 -0.4666 0.4982 1.3076 0.2921 0.2367
1494720000.0000 44850.0000 -0.0466 2.2082 -0.3993 2.2975 178.7913 0.3431 0.6038 0.4976 0.1014 -0.1022 -0.2302 0.7223 0.3092 0.2544
1494720000.0000 45150.0000 0.1115 3.1260 -0.3312 3.2134 182.0424 0.5605 0.3134 0.7133 0.0861 -0.0197 0.0027 0.7936 0.2312 0.1725
1494720000.0000 45450.0000 -0.0696 2.4200 -0.2813 2.7539 178.3515 1.8088 0.6984 1.0404 -0.5341 0.3026 0.2931 1.7738 0.4462 0.3776
1494720000.0000 45750.0000 -0.7042 2.1018 0.2142 2.2690 161.4783 0.2722 0.3993 0.5795 -0.0884 0.0988 -0.1928 0.6255 0.2900 0.2134
1494720000.0000 46050.0000 1.0944 2.5811 0.8739 3.0532 202.9760 1.4342 0.9840 0.4931 0.3961 0.4208 0.2067 1.4556 0.3355 0.3202
1494720000.0000 46350.0000 2.6027 1.3914 0.9943 2.9980 241.8701 0.1479 0.2538 0.2358 -0.0679 -0.0004 -0.0723 0.3187 0.1480 0.1240
1494720000.0000 46650.0000 1.5515 1.9761 0.5372 2.5514 218.1368 0.2033 0.2032 0.4540 0.0122 0.0346 0.0396 0.4302 0.2084 0.1465
1494720000.0000 46950.0000 2.2925 1.5983 0.5217 2.8246 235.1160 0.2142 0.2315 0.8225 0.0653 0.0556 0.1669 0.6341 0.2287 0.1379
1494720000.0000 47250.0000 0.7952 1.9217 0.2927 2.1981 202.4806 0.6178 0.3796 1.0066 0.0522 0.4639 0.3143 1.0019 0.3891 0.2772
1494720000.0000 47550.0000 0.3282 1.0377 -0.0459 1.4312 197.5534 0.9720 0.3727 0.3549 0.0259 -0.1658 -0.1480 0.8498 0.6910 0.6152
1494720000.0000 47850.0000 0.2703 1.8680 0.6621 2.0700 188.2335 0.4412 2.8349 1.9550 0.3302 -0.1723 1.3871 2.6156 0.6602 0.5537
1494720000.0000 48150.0000 0.2559 2.9759 0.8268 3.0886 184.9149 0.5172 0.8977 0.4634 -0.2231 0.1246 0.0251 0.9391 0.2553 0.2299
1494720000.0000 48450.0000 0.0646 1.9509 -0.0237 2.0370 181.8958 0.2917 1.7985 1.3644 -0.0152 0.0141 0.5342 1.7273 0.5497 0.4276
1494720000.0000 48750.0000 1.3083 2.9225 -0.1954 3.2594 204.1160 0.4273 0.4464 0.5029 0.0583 0.0430 0.0033 0.6883 0.2112 0.1685
1494720000.0000 49050.0000 2.0097 2.9315 0.5428 3.7275 214.4335 0.6702 1.3676 0.9534 -0.3710 0.0536 0.4064 1.4956 0.2777 0.2319
1494720000.0000 49350.0000 2.1425 2.5213 0.2977 3.4652 220.3573 0.6240 0.9309 0.6952 -0.1996 0.2261 -0.0931 1.1250 0.2607 0.2176
1494720000.0000 49650.0000 2.2929 3.3845 0.9953 4.1423 214.1163 0.2139 0.4914 0.4145 -0.1110 -0.0631 -0.0754 0.5600 0.1452 0.1186
1494720000.0000 49950.0000 1.8124 2.8124 0.5211 3.4521 212.7989 0.7267 0.3131 0.9225 -0.1312 0.4734 -0.0448 0.9812 0.2389 0.1760
1494720000.0000 50250.0000 1.8508 1.9798 1.2729 2.8888 223.0715 0.6017 0.8340 0.4073 -0.2862 0.1198 -0.1952 0.9215 0.2618 0.2553
1494720000.0000 50550.0000 1.6764 2.8001 0.7831 3.3772 210.9089 0.4642 0.5885 0.3375 -0.3098 0.0214 0.0020 0.6951 0.2028 0.1815
1494720000.0000 50850.0000 1.6232 2.8096 -0.1039 3.3370 210.0163 0.2397 0.6195 0.3327 -0.2502 -0.1271 0.1031 0.5960 0.1942 0.1649
1494720000.0000 51150.0000 1.3489 2.0782 0.7165 2.5582 212.9854 0.3207 0.3961 0.6121 -0.0828 -0.0626 -0.0586 0.6645 0.2581 0.1973
1494720000.0000 51450.0000 0.6238 2.2246 0.4055 2.3626 195.6639 0.2281 0.1880 0.3025 -0.0391 -0.1038 0.0247 0.3594 0.2087 0.1612
1494720000.0000 51750.0000 0.4890 2.1460 0.2316 2.2519 192.8357 0.2198 0.1659 0.2101 0.0047 0.0476 0.0802 0.2979 0.2014 0.1629
1494720000.0000 52050.0000 0.4854 2.2909 -0.0665 2.4546 191.9623 0.5155 0.4052 0.4899 -0.2630 -0.0586 0.1554 0.7053 0.2927 0.2366
1494720000.0000 52350.0000 -0.5786 3.2724 0.5842 3.4316 169.9734 0.7411 0.5871 0.3432 -0.3842 0.2285 -0.1714 0.8357 0.2212 0.2002
1494720000.0000 52650.0000 -1.2854 3.1177 -0.2259 3.4175 157.5936 0.2518 0.7260 0.5170 -0.0255 0.0774 -0.1735 0.7474 0.2088 0.1693
1494720000.0000 52950.0000 -0.3372 2.4530 0.4554 2.5447 172.1726 0.3237 0.3363 0.3180 0.0384 0.0863 0.0491 0.4890 0.2268 0.1894
1494720000.0000 53250.0000 0.7178 3.2807 0.0453 3.4280 192.3423 0.6714 0.8131 0.3538 0.4956 -0.0912 0.0693 0.9191 0.2331 0.2095
1494720000.0000 53550.0000 1.3898 4.0658 0.6523 4.3605 198.8717 0.6623 0.5280 0.4285 0.2072 0.2381 0.1454 0.8094 0.1690 0.1466
1494720000.0000 53850.0000 0.4643 3.5831 0.3516 3.6278 187.3826 0.1078 0.1270 0.0985 -0.0028 -0.0117 0.0303 0.1666 0.0918 0.0774
1494720000.0000 54150.0000 0.8940 3.1009 0.4560 3.3182 196.0824 0.6883 0.1248 0.4168 -0.0258 0.0844 -0.0305 0.6150 0.1965 0.1613
1494720000.0000 54450.0000 3.4714 2.6885 0.5020 4.4281 232.2426 0.2339 0.3135 0.2545 -0.0518 0.0079 0.0331 0.4010 0.1170 0.0973
1494720000.0000 54750.0000 3.7049 2.1103 1.1520 4.2818 240.3342 0.1398 0.1725 0.3887 0.0143 0.0023 -0.0567 0.3505 0.1094 0.0757
1494720000.0000 55050.0000 2.9868 1.6206 1.0356 3.4184 241.5165 0.2609 0.1965 0.2800 0.0953 -0.0610 -0.0878 0.3687 0.1396 0.1149
1494720000.0000 55350.0000 3.1067 2.2313 0.6454 3.8715 234.3135 0.1013 0.4187 0.2852 -0.0181 0.0501 -0.1748 0.4026 0.1336 0.1088
1494720000.0000 55650.0000 2.6791 2.6161 0.7903 3.7658 225.6817 0.0825 0.2926 0.2832 0.0278 -0.0093 0.0540 0.3292 0.1224 0.0944
1494720000.0000 55950.0000 2.8027 2.1634 0.9209 3.8253 232.3356 1.6091 1.0530 0.3767 -1.0009 -0.0925 -0.0942 1.5193 0.2751 0.2661
1494720000.0000 56250.0000 4.1960 1.5169 0.9985 4.5118 250.1243 0.4553 0.3538 0.7574 -0.1118 -0.4307 0.1036 0.7833 0.1580 0.1164
1494720000.0000 56550.0000 4.2005 1.1276 0.7046 4.4859 254.9737 0.4854 0.9530 0.7208 -0.4939 0.2765 -0.4882 1.0796 0.1926 0.1592
1494720000.0000 56850.0000 3.1834 1.2287 -0.0666 3.4524 248.8950 0.4955 0.2191 0.1845 -0.0500 0.0383 -0.1077 0.4495 0.1604 0.1430
1494720000.0000 57150.0000 3.9305 1.1932 1.0278 4.1756 253.1137 0.2441 0.5991 0.4662 0.0083 -0.1426 -0.1567 0.6547 0.1560 0.1291
1494720000.0000 57450.0000 2.5963 2.1330 1.2133 3.4063 230.5954 0.2440 0.2620 0.3292 -0.0586 0.0313 -0.0545 0.4176 0.1477 0.1222
1494720000.0000 57750.0000 2.0312 1.5165 1.2443 2.6141 233.2549 0.2757 0.5182 0.1373 0.0206 -0.0229 -0.0114 0.4656 0.1973 0.2029
1494720000.0000 58050.0000 3.2590 0.7338 1.2345 3.4083 257.3116 1.5511 0.3924 0.1553 0.3099 -0.0103 -0.0077 1.0494 0.2349 0.2409
1494720000.0000 58350.0000 3.6201 0.6219 0.7432 3.6935 260.2531 0.3123 0.1561 0.1623 0.0436 -0.0135 -0.0145 0.3154 0.1224 0.1076
1494720000.0000 58650.0000 3.3304 0.2682 1.0404 3.4056 265.3962 0.3586 0.4063 0.5964 0.0636 -0.1550 -0.0613 0.6806 0.1925 0.1511
1494720000.0000 58950.0000 3.5700 0.2518 0.6190 3.6384 265.9659 0.4292 0.3866 0.4977 -0.0958 0.1427 -0.1663 0.6567 0.1822 0.1457
1494720000.0000 59250.0000 3.2437 -0.0738 0.0260 3.2947 271.3035 0.2781 0.3364 0.4395 -0.1730 0.1487 -0.2452 0.5270 0.1827 0.1395
1494720000.0000 59550.0000 3.6591 -0.3275 0.3009 3.7315 275.1147 1.2016 0.3553 0.7858 0.2356 0.4220 -0.0040 1.1713 0.2397 0.1961
1494720000.0000 59850.0000 3.2331 -0.3787 -0.1660 3.4324 276.6813 0.5135 1.1008 0.8736 0.4048 -0.3839 -0.6484 1.2439 0.2794 0.2253
1494720000.0000 60150.0000 1.5811 -0.0720 -0.4078 1.9371 272.6074 1.0448 0.7182 1.0316 0.5184 -0.5621 -0.3403 1.3973 0.5905 0.4844
1494720000.0000 60450.0000 3.7281 -0.7872 0.7846 3.9850 281.9238 1.3673 1.3291 1.3015 0.3338 -0.4433 -0.7798 1.9989 0.2967 0.2488
1494720000.0000 60750.0000 3.8446 0.4256 0.3799 3.9209 263.6831 0.4867 0.4290 0.3767 -0.0397 0.0489 -0.0334 0.6462 0.1689 0.1428
1494720000.0000 61050.0000 2.7942 -0.0232 0.4382 2.8553 270.4764 0.1302 0.3399 0.0775 -0.0560 0.0070 0.0336 0.2738 0.1510 0.1417
1494720000.0000 61350.0000 2.8150 -0.0253 0.9864 2.8858 270.5158 0.3053 0.4000 0.3377 -0.1577 -0.0198 0.0828 0.5215 0.1977 0.1722
1494720000.0000 61650.0000 3.8195 0.7717 0.9177 3.9465 258.5771 0.2061 0.3912 0.4495 -0.0260 -0.0115 0.1234 0.5234 0.1476 0.1145
1494720000.0000 61950.0000 3.5113 2.4948 1.3620 4.3547 234.6057 0.5429 0.2562 0.6804 -0.0563 -0.0994 0.1883 0.7398 0.1555 0.1198
1494720000.0000 62250.0000 3.2902 1.9229 0.1283 3.8266 239.6964 0.1216 0.1353 0.2214 0.0110 0.0041 -0.0121 0.2391 0.1047 0.0768
1494720000.0000 62550.0000 3.4284 2.0843 0.7498 4.0312 238.7015 0.4701 0.2815 0.5851 0.2013 0.1989 0.1919 0.6683 0.1635 0.1248
1494720000.0000 62850.0000 3.9209 2.8014 0.9573 4.8289 234.4550 0.3241 0.0979 0.1896 0.0789 0.1520 0.0601 0.3059 0.0919 0.0778
1494720000.0000 63150.0000 2.7473 1.9936 0.4580 3.4310 234.0338 0.4372 0.1564 0.3248 0.0236 0.1477 0.0619 0.4592 0.1615 0.1310
1494720000.0000 63450.0000 2.1882 2.2958 0.9860 3.2035 223.6255 0.1204 0.2674 0.4171 -0.0048 -0.0242 -0.1300 0.4025 0.1560 0.1134
1494720000.0000 63750.0000 1.4981 0.7810 1.2411 1.7995 242.4652 0.3038 0.4646 0.2077 0.0359 0.0781 0.0002 0.4880 0.2721 0.2996
1494720000.0000 64050.0000 2.2379 2.3176 0.1777 3.2678 223.9973 0.3105 0.3783 0.3308 0.0574 0.0676 0.0981 0.5098 0.1807 0.1487
1494720000.0000 64350.0000 2.6440 2.8155 0.3952 3.8816 223.2014 0.1825 0.2342 0.3629 0.0598 -0.0511 -0.0428 0.3898 0.1313 0.0965
1494720000.0000 64650.0000 2.2359 2.4424 0.6276 3.3298 222.4734 0.1109 0.1145 0.3364 -0.0144 -0.0539 0.0033 0.2809 0.1284 0.0828
1494720000.0000 64950.0000 3.5629 1.1653 0.5469 3.8380 251.8890 0.2963 0.5513 0.2692 -0.2163 0.0211 0.0837 0.5584 0.1611 0.1418
1494720000.0000 65250.0000 3.0866 1.7158 0.9331 3.6316 240.9305 0.1846 0.6329 0.2394 -0.2065 0.0530 0.0261 0.5285 0.1625 0.1478
1494720000.0000 65550.0000 2.1332 2.3640 0.5378 3.2032 222.0620 0.1792 0.0663 0.0766 0.0079 0.0045 -0.0055 0.1610 0.1015 0.0898
1494720000.0000 65850.0000 3.1096 0.7605 0.6427 3.2288 256.2570 0.1452 0.1518 0.1097 -0.0489 -0.0031 -0.0102 0.2033 0.1128 0.0983
1494720000.0000 66150.0000 2.9077 1.0787 0.6787 3.1128 249.6455 0.0894 0.0795 0.1058 0.0131 0.0328 0.0027 0.1373 0.0953 0.0765
1494720000.0000 66450.0000 2.4374 0.6324 0.5005 2.5361 255.4559 0.0465 0.0863 0.1179 -0.0196 0.0286 -0.0659 0.1253 0.1126 0.0835
1494720000.0000 66750.0000 2.7935 0.4799 0.6852 2.8632 260.2513 0.1498 0.1950 0.3069 0.0728 -0.0202 -0.0025 0.3259 0.1598 0.1196
1494720000.0000 67050.0000 3.0993 0.2171 0.4402 3.1573 265.9929 0.1556 0.3089 0.1689 -0.0873 0.0737 -0.1197 0.3167 0.1464 0.1266
1494720000.0000 67350.0000 3.7320 0.1571 0.5316 3.7423 267.5896 0.1235 0.0528 0.0407 0.0094 0.0198 -0.0123 0.1085 0.0713 0.0649
1494720000.0000 67650.0000 3.7209 0.1858 0.5215 3.7376 267.1421 0.1457 0.0916 0.1249 0.0297 0.0526 -0.0271 0.1811 0.0924 0.0755
1494720000.0000 67950.0000 2.7120 0.6219 0.6630 2.7942 257.0851 0.1243 0.0534 0.0437 -0.0192 0.0305 0.0035 0.1107 0.0950 0.0875
1494720000.0000 68250.0000 2.8598 0.7503 0.4875 2.9640 255.2999 0.1039 0.0651 0.0296 0.0489 0.0199 0.0078 0.0993 0.0859 0.0803
1494720000.0000 68550.0000 2.8886 1.1648 0.4585 3.1289 248.0389 0.0942 0.0590 0.0187 -0.0327 0.0021 -0.0133 0.0860 0.0760 0.0726
1494720000.0000 68850.0000 2.7785 0.5902 0.4788 2.8438 258.0083 0.0781 0.0208 0.0111 0.0102 0.0000 -0.0042 0.0550 0.0665 0.0639
1494720000.0000 69150.0000 2.1670 0.4043 0.4116 2.2075 259.4309 0.0149 0.0162 0.0092 0.0064 0.0001 -0.0015 0.0201 0.0517 0.0462
1494720000.0000 69450.0000 2.4383 0.1532 0.3441 2.4457 266.4046 0.0235 0.0109 0.0037 -0.0111 -0.0031 0.0002 0.0191 0.0457 0.0439
1494720000.0000 69750.0000 2.8765 0.4231 0.4167 2.9107 261.6326 0.0343 0.0200 0.0108 0.0064 0.0100 0.0000 0.0326 0.0502 0.0463
1494720000.0000 70050.0000 2.7790 -0.0026 0.4244 2.7824 270.0544 0.0083 0.0198 0.0044 0.0058 0.0003 0.0002 0.0163 0.0370 0.0348
1494720000.0000 70350.0000 3.1028 -1.0502 0.3083 3.3041 288.6996 0.0196 0.2089 0.0301 -0.0124 -0.0023 0.0404 0.1293 0.0892 0.0842
1494720000.0000 70650.0000 3.5418 -1.7748 0.1043 3.9664 296.6157 0.0649 0.0224 0.0253 0.0062 -0.0048 -0.0004 0.0563 0.0489 0.0431
1494720000.0000 70950.0000 3.6477 -1.4391 0.0823 3.9228 291.5302 0.0157 0.0154 0.0273 -0.0050 -0.0020 0.0011 0.0292 0.0356 0.0260
1494720000.0000 71250.0000 3.6455 -1.1854 0.0789 3.8350 288.0125 0.0215 0.0128 0.0218 -0.0033 -0.0030 -0.0018 0.0280 0.0356 0.0279
1494720000.0000 71550.0000 3.7208 -1.2871 0.0013 3.9430 289.0810 0.0874 0.0354 0.0643 0.0030 0.0112 -0.0086 0.0935 0.0634 0.0514
1494720000.0000 71850.0000 3.8498 -1.8031 0.1327 4.2538 295.0968 0.0286 0.0293 0.0173 -0.0098 0.0022 0.0001 0.0376 0.0372 0.0327
1494720000.0000 72150.0000 3.7088 -1.9760 0.0941 4.2048 298.0485 0.0074 0.0246 0.0028 -0.0003 -0.0008 0.0051 0.0174 0.0256 0.0246
1494720000.0000 72450.0000 3.6329 -1.7010 0.1305 4.0137 295.0894 0.0593 0.0063 0.0081 0.0016 -0.0085 -0.0015 0.0368 0.0390 0.0369
1494720000.0000 72750.0000 3.3309 -1.6602 0.1382 3.7232 296.4936 0.0072 0.0092 0.0070 0.0024 0.0015 -0.0001 0.0118 0.0238 0.0199
1494720000.0000 73050.0000 3.2990 -1.6698 0.2543 3.7001 296.8455 0.0647 0.0103 0.0132 -0.0030 0.0023 0.0006 0.0441 0.0462 0.0427
1494720000.0000 73350.0000 2.8604 -1.8218 0.3748 3.4039 302.4928 0.0509 0.0616 0.0268 0.0297 0.0068 0.0085 0.0696 0.0631 0.0571
1494720000.0000 73650.0000 2.5495 -1.8801 0.2215 3.1715 306.4060 0.0195 0.0410 0.0126 -0.0109 -0.0039 0.0087 0.0366 0.0492 0.0449
1494720000.0000 73950.0000 2.4311 -1.9796 0.0749 3.1373 309.1554 0.0234 0.0151 0.0081 -0.0047 0.0062 -0.0057 0.0233 0.0398 0.0362
1494720000.0000 74250.0000 2.6816 -2.0802 0.0413 3.3966 307.8023 0.0239 0.0186 0.0156 -0.0020 -0.0012 -0.0055 0.0290 0.0410 0.0350
1494720000.0000 74550.0000 2.7158 -1.9623 0.0639 3.3513 305.8494 0.0034 0.0066 0.0038 -0.0003 0.0010 0.0011 0.0069 0.0202 0.0173
1494720000.0000 74850.0000 2.6623 -1.8819 0.0831 3.2611 305.2556 0.0051 0.0097 0.0023 -0.0030 0.0014 -0.0010 0.0086 0.0232 0.0216
1494720000.0000 75150.0000 2.5736 -1.8536 0.0732 3.1735 305.7626 0.0369 0.0045 0.0051 -0.0047 0.0106 -0.0015 0.0233 0.0393 0.0371
1494720000.0000 75450.0000 2.0600 -1.6493 0.0293 2.6409 308.6824 0.0056 0.0104 0.0042 0.0021 0.0017 0.0053 0.0101 0.0311 0.0277
1494720000.0000 75750.0000 2.2701 -1.2123 -0.0564 2.5784 298.1028 0.0097 0.0228 0.0168 0.0067 -0.0055 -0.0119 0.0246 0.0498 0.0404
1494720000.0000 76050.0000 2.3731 -1.3541 -0.2554 2.7399 299.7093 0.0937 0.0150 0.0135 0.0100 -0.0040 0.0031 0.0611 0.0736 0.0697
1494720000.0000 76350.0000 2.0578 -1.3704 -0.1284 2.4735 303.6616 0.0193 0.0205 0.0044 -0.0160 0.0032 -0.0029 0.0221 0.0490 0.0466
1494720000.0000 76650.0000 1.6528 -1.3085 -0.2017 2.1170 308.3684 0.0273 0.0213 0.0063 0.0150 0.0044 0.0000 0.0275 0.0639 0.0604
1494720000.0000 76950.0000 1.5149 -1.5110 -0.2268 2.1407 314.9268 0.0033 0.0083 0.0043 -0.0011 0.0008 0.0005 0.0079 0.0338 0.0290
1494720000.0000 77250.0000 1.4249 -1.1605 -0.0606 1.8407 309.1607 0.0018 0.0156 0.0051 0.0008 0.0006 0.0064 0.0113 0.0471 0.0415
1494720000.0000 77550.0000 1.3945 -0.9640 -0.0632 1.6957 304.6561 0.0009 0.0012 0.0015 0.0003 0.0002 0.0004 0.0018 0.0202 0.0154
1494720000.0000 77850.0000 1.1858 -1.0488 -0.0077 1.5847 311.4898 0.0072 0.0017 0.0029 0.0012 -0.0033 -0.0004 0.0059 0.0396 0.0344
1494720000.0000 78150.0000 1.1425 -0.8695 0.0113 1.4437 307.2706 0.0096 0.0159 0.0008 0.0102 -0.0002 -0.0010 0.0131 0.0652 0.0642
1494720000.0000 78450.0000 1.5057 -0.6458 -0.0404 1.6388 293.2144 0.0066 0.0014 0.0046 -0.0011 -0.0043 0.0013 0.0063 0.0395 0.0316
1494720000.0000 78750.0000 1.7664 -0.6257 -0.1352 1.8749 289.5059 0.0060 0.0023 0.0005 0.0015 -0.0012 -0.0003 0.0044 0.0287 0.0280
1494720000.0000 79050.0000 2.0504 -0.6300 -0.1318 2.1455 287.0812 0.0050 0.0014 0.0004 0.0011 0.0004 0.0000 0.0034 0.0221 0.0215
1494720000.0000 79350.0000 2.0118 -0.4593 -0.1870 2.0636 282.8613 0.0125 0.0010 0.0009 -0.0031 0.0028 -0.0007 0.0072 0.0335 0.0326
1494720000.0000 79650.0000 1.7586 -0.3328 -0.1813 1.7899 280.7160 0.0008 0.0005 0.0008 -0.0002 -0.0004 0.0002 0.0011 0.0148 0.0119
1494720000.0000 79950.0000 1.9099 -0.4450 -0.1189 1.9626 283.1143 0.0064 0.0066 0.0021 -0.0016 0.0008 -0.0009 0.0075 0.0360 0.0335
1494720000.0000 80250.0000 1.8012 -0.5519 -0.1335 1.8866 287.0363 0.0171 0.0055 0.0016 0.0064 0.0007 0.0002 0.0121 0.0475 0.0460
1494720000.0000 80550.0000 1.5895 -0.4955 -0.0745 1.6659 287.3136 0.0046 0.0019 0.0004 0.0019 0.0009 0.0004 0.0035 0.0289 0.0280
1494720000.0000 80850.0000 1.2175 -0.4665 -0.0903 1.3107 290.9677 0.0607 0.0025 0.0002 0.0111 -0.0014 -0.0003 0.0317 0.1112 0.1113
1494720000.0000 81150.0000 0.7096 -0.4856 0.0153 0.8607 304.3821 0.0021 0.0030 0.0021 -0.0013 -0.0014 0.0023 0.0036 0.0568 0.0480
1494720000.0000 81450.0000 0.7544 -0.1605 0.0468 0.7743 282.0136 0.0004 0.0046 0.0020 0.0006 0.0001 -0.0024 0.0035 0.0623 0.0528
1494720000.0000 81750.0000 0.6619 -0.1527 -0.0762 0.6810 282.9886 0.0031 0.0016 0.0006 0.0017 0.0001 -0.0000 0.0026 0.0612 0.0579
1494720000.0000 82050.0000 0.9090 -0.2439 0.0765 0.9415 285.0175 0.0279 0.0025 0.0017 -0.0070 0.0047 -0.0006 0.0160 0.1095 0.1070
1494720000.0000 82350.0000 0.8679 -0.4038 0.0502 0.9590 294.9510 0.0205 0.0008 0.0010 -0.0013 0.0012 0.0005 0.0112 0.0900 0.0881
1494720000.0000 82650.0000 0.6464 -0.4795 -0.0056 0.8053 306.5681 0.0024 0.0025 0.0007 -0.0019 0.0009 -0.0010 0.0028 0.0535 0.0501
1494720000.0000 82950.0000 0.7589 -0.5465 0.0135 0.9360 305.7586 0.0028 0.0011 0.0033 -0.0002 0.0026 -0.0001 0.0036 0.0521 0.0384
1494720000.0000 83250.0000 0.7791 -0.4163 0.0056 0.8874 298.1181 0.0044 0.0057 0.0016 0.0020 0.0005 0.0011 0.0058 0.0704 0.0654
1494720000.0000 83550.0000 0.7733 -0.1679 0.0549 0.7926 282.2517 0.0107 0.0013 0.0010 0.0003 -0.0006 -0.0001 0.0065 0.0830 0.0799
1494720000.0000 83850.0000 0.7879 -0.3156 0.0852 0.8502 291.8273 0.0130 0.0055 0.0024 -0.0061 -0.0003 -0.0004 0.0104 0.0978 0.0924
1494720000.0000 84150.0000 1.0589 -0.3877 0.0027 1.1294 290.1092 0.0106 0.0048 0.0057 -0.0019 -0.0047 0.0006 0.0105 0.0743 0.0635
1494720000.0000 84450.0000 1.5358 -0.4901 -0.0671 1.6146 287.6988 0.0250 0.0116 0.0065 -0.0092 -0.0041 -0.0002 0.0215 0.0742 0.0685
1494720000.0000 84750.0000 1.9336 -0.9137 -0.0442 2.1441 295.2916 0.0275 0.0388 0.0046 -0.0174 0.0013 -0.0032 0.0355 0.0719 0.0695
1494720000.0000 85050.0000 1.7286 -1.0290 0.1255 2.0167 300.7636 0.0152 0.0179 0.0053 0.0027 -0.0009 0.0017 0.0191 0.0560 0.0521
1494720000.0000 85350.0000 1.6072 -0.8799 0.0308 1.8411 298.6983 0.0457 0.0143 0.0122 0.0101 0.0050 0.0027 0.0361 0.0846 0.0772
1494720000.0000 85650.0000 1.4381 -1.0288 0.0258 1.7794 305.5778 0.0379 0.0254 0.0232 0.0105 0.0035 -0.0020 0.0433 0.0960 0.0822
1494720000.0000 85950.0000 1.1652 -0.8847 -0.0462 1.4710 307.2092 0.0425 0.0137 0.0101 -0.0009 -0.0064 0.0029 0.0331 0.1016 0.0936
1494720000.0000 86250.0000 0.7010 -1.0244 0.0088 1.2532 325.6166 0.0797 0.0410 0.0137 -0.0409 0.0082 -0.0057 0.0672 0.1706 0.1616
1494806400.0000 86550.0000 1.0354 -1.1099 0.0967 1.5274 316.9889 0.0448 0.0182 0.0208 -0.0066 -0.0044 -0.0019 0.0419 0.1099 0.0955
1494806400.0000 86850.0000 0.7809 -1.0985 -0.2345 1.3739 324.5940 0.0813 0.0314 0.0307 0.0067 -0.0138 0.0085 0.0717 0.1598 0.1438
1494806400.0000 87150.0000 0.7559 -1.0285 -0.0923 1.2944 323.6860 0.0697 0.0229 0.0189 -0.0092 0.0078 -0.0008 0.0558 0.1507 0.1377
1494806400.0000 87450.0000 1.4372 -1.0335 0.0838 1.7720 305.7206 0.0115 0.0057 0.0077 -0.0016 0.0034 -0.0007 0.0125 0.0515 0.0428
1494806400.0000 87750.0000 1.5226 -1.0214 -0.0018 1.8354 303.8561 0.0244 0.0078 0.0116 -0.0065 0.0052 -0.0022 0.0219 0.0659 0.0564
1494806400.0000 88050.0000 1.3779 -1.0816 0.0386 1.7531 308.1290 0.0055 0.0028 0.0015 0.0011 0.0005 -0.0008 0.0049 0.0325 0.0300
1494806400.0000 88350.0000 1.5094 -1.1772 0.1270 1.9150 307.9510 0.0049 0.0025 0.0068 -0.0002 -0.0001 0.0007 0.0071 0.0359 0.0260
1494806400.0000 88650.0000 1.5572 -1.4182 0.0983 2.1079 312.3244 0.0066 0.0086 0.0051 -0.0005 0.0015 0.0007 0.0101 0.0389 0.0337
1494806400.0000 88950.0000 1.2871 -1.3926 0.0077 1.9157 317.2553 0.1463 0.0293 0.0407 -0.0296 -0.0020 0.0026 0.1082 0.1416 0.1276
1494806400.0000 89250.0000 1.0486 -1.3696 -0.0433 1.7551 322.5609 0.1932 0.0629 0.0444 -0.0495 0.0033 -0.0023 0.1502 0.1834 0.1694
1494806400.0000 89550.0000 1.2921 -1.5496 -0.0071 2.0323 320.1770 0.1125 0.0454 0.0233 -0.0303 0.0021 0.0031 0.0906 0.1218 0.1137
1494806400.0000 89850.0000 1.5708 -1.6493 0.0382 2.2905 316.3971 0.1043 0.0440 0.0223 -0.0225 0.0010 -0.0007 0.0853 0.1047 0.0976
1494806400.0000 90150.0000 1.7420 -1.8940 -0.0050 2.5843 317.3944 0.0955 0.0401 0.0385 -0.0186 -0.0132 0.0020 0.0871 0.0936 0.0826
1494806400.0000 90450.0000 1.4671 -1.9395 -0.0266 2.4464 322.8955 0.1499 0.0576 0.0323 -0.0552 0.0085 -0.0086 0.1199 0.1162 0.1081
1494806400.0000 90750.0000 0.8921 -1.5969 -0.0894 1.8431 330.8111 0.0789 0.0542 0.0265 -0.0225 0.0014 0.0022 0.0798 0.1259 0.1151
1494806400.0000 91050.0000 0.7880 -1.5721 -0.1639 1.7691 333.3765 0.0359 0.0536 0.0244 -0.0006 0.0028 0.0058 0.0569 0.1103 0.0982
1494806400.0000 91350.0000 0.8869 -1.5127 -0.1131 1.7606 329.6186 0.0360 0.0264 0.0233 -0.0097 0.0019 0.0017 0.0429 0.0962 0.0823
1494806400.0000 91650.0000 1.1132 -1.6562 -0.0728 1.9995 326.0927 0.0304 0.0204 0.0116 -0.0135 0.0020 -0.0011 0.0312 0.0722 0.0652
1494806400.0000 91950.0000 0.7131 -1.4661 -0.1141 1.6386 334.0621 0.0206 0.0491 0.0174 0.0020 -0.0003 0.0005 0.0436 0.1043 0.0935
1494806400.0000 92250.0000 0.3308 -1.6731 -0.2260 1.7116 348.8154 0.0225 0.0117 0.0063 -0.0016 0.0032 -0.0000 0.0203 0.0676 0.0627
1494806400.0000 92550.0000 -0.0321 -1.5387 -0.1702 1.5499 1.1968 0.0324 0.0096 0.0036 -0.0096 -0.0044 0.0029 0.0228 0.0797 0.0770
1494806400.0000 92850.0000 -0.4768 -1.3963 -0.1875 1.4812 18.8546 0.0185 0.0060 0.0044 0.0001 0.0029 0.0002 0.0145 0.0661 0.0613
1494806400.0000 93150.0000 -1.0418 -1.3863 -0.2658 1.7535 36.9234 0.0772 0.0113 0.0091 -0.0163 0.0155 -0.0031 0.0488 0.1028 0.0991
1494806400.0000 93450.0000 -1.9255 -1.1480 -0.3935 2.2505 59.1966 0.0466 0.0172 0.0100 -0.0153 -0.0032 -0.0034 0.0369 0.0689 0.0651
1494806400.0000 93750.0000 -2.0341 -1.2725 -0.3115 2.4048 57.9712 0.0202 0.0297 0.0195 0.0013 -0.0056 -0.0073 0.0347 0.0628 0.0537
1494806400.0000 94050.0000 -1.9073 -1.5038 -0.3148 2.4340 51.7452 0.0490 0.0190 0.0338 0.0056 -0.0078 -0.0010 0.0509 0.0752 0.0620
1494806400.0000 94350.0000 -2.5259 -1.5466 -0.5366 2.9675 58.5208 0.1011 0.0067 0.0155 0.0008 0.0218 0.0014 0.0616 0.0673 0.0640
1494806400.0000 94650.0000 -2.6478 -1.4283 -0.5276 3.0102 61.6558 0.0109 0.0076 0.0058 -0.0023 -0.0031 -0.0017 0.0122 0.0295 0.0261
1494806400.0000 94950.0000 -2.7269 -1.3571 -0.6009 3.0484 63.5425 0.0189 0.0077 0.0057 -0.0066 -0.0046 0.0004 0.0161 0.0334 0.0309
1494806400.0000 95250.0000 -2.6401 -1.3484 -0.7905 2.9683 62.9456 0.0187 0.0216 0.0642 -0.0024 0.0015 -0.0058 0.0522 0.0608 0.0391
1494806400.0000 95550.0000 -2.8086 -1.4516 -0.7463 3.1695 62.6676 0.0193 0.0396 0.0223 -0.0183 -0.0036 0.0011 0.0406 0.0507 0.0443
1494806400.0000 95850.0000 -2.6084 -1.3185 -0.7078 2.9272 63.1841 0.0386 0.0251 0.0489 0.0024 0.0091 -0.0000 0.0563 0.0644 0.0498
1494806400.0000 96150.0000 -2.5269 -1.1024 -0.5771 2.7601 66.4307 0.0144 0.0253 0.0070 0.0080 -0.0020 -0.0002 0.0233 0.0443 0.0417
1494806400.0000 96450.0000 -2.8590 -1.6041 -0.4505 3.2816 60.7049 0.0158 0.0261 0.0166 0.0023 -0.0033 0.0004 0.0293 0.0422 0.0360
1494806400.0000 96750.0000 -2.7857 -1.5116 -0.6381 3.1731 61.5146 0.0067 0.0304 0.0097 0.0017 -0.0005 -0.0068 0.0234 0.0387 0.0351
1494806400.0000 97050.0000 -2.8473 -1.8480 -0.6090 3.3993 57.0143 0.0337 0.0343 0.0584 0.0013 -0.0283 -0.0033 0.0632 0.0595 0.0444
1494806400.0000 97350.0000 -3.0038 -1.8883 -0.5077 3.5564 57.8450 0.0127 0.0649 0.0099 -0.0103 -0.0042 0.0041 0.0437 0.0476 0.0453
1494806400.0000 97650.0000 -3.0203 -2.2267 -0.5793 3.7628 53.6007 0.0267 0.1029 0.0495 -0.0010 -0.0086 -0.0276 0.0895 0.0644 0.0554
1494806400.0000 97950.0000 -3.1804 -2.7876 -0.2767 4.2388 48.7652 0.0507 0.0731 0.1215 -0.0185 -0.0418 0.0024 0.1226 0.0675 0.0480
1494806400.0000 98250.0000 -3.2337 -2.6093 -0.2993 4.1634 51.0999 0.0200 0.0718 0.0259 -0.0201 -0.0004 -0.0055 0.0589 0.0476 0.0421
1494806400.0000 98550.0000 -3.2249 -2.7885 -0.3185 4.2697 49.1505 0.0175 0.0886 0.0271 0.0033 0.0015 -0.0199 0.0666 0.0493 0.0441
1494806400.0000 98850.0000 -3.6601 -2.7358 -0.2611 4.5726 53.2225 0.0205 0.0266 0.0619 -0.0028 -0.0082 -0.0021 0.0545 0.0417 0.0274
1494806400.0000 99150.0000 -3.8199 -3.1150 -0.3356 4.9327 50.8041 0.0261 0.0192 0.0211 -0.0161 -0.0116 -0.0003 0.0332 0.0301 0.0249
1494806400.0000 99450.0000 -4.2662 -2.5331 -0.2747 4.9635 59.2996 0.0218 0.0119 0.0067 -0.0052 -0.0017 -0.0025 0.0202 0.0233 0.0213
1494806400.0000 99750.0000 -4.2900 -2.1017 -0.3096 4.7826 63.8988 0.0190 0.0383 0.0078 -0.0219 -0.0048 0.0019 0.0326 0.0308 0.0289
1494806400.0000 100050.0000 -4.3786 -2.2413 -0.2146 4.9226 62.8938 0.0509 0.0186 0.0219 -0.0108 0.0080 -0.0118 0.0457 0.0354 0.0309
1494806400.0000 100350.0000 -4.5375 -2.3452 -0.5013 5.1093 62.6675 0.0143 0.0137 0.0186 -0.0015 0.0048 0.0041 0.0233 0.0243 0.0189
1494806400.0000 100650.0000 -4.6246 -2.7377 -0.4839 5.3751 59.3754 0.0046 0.0103 0.0074 -0.0019 0.0027 -0.0053 0.0111 0.0160 0.0131
1494806400.0000 100950.0000 -4.5373 -3.1351 -0.4235 5.5170 55.3573 0.0055 0.0188 0.0022 -0.0069 0.0008 -0.0032 0.0133 0.0170 0.0163
1494806400.0000 101250.0000 -4.5181 -3.5699 -0.3336 5.7599 51.6870 0.0042 0.0349 0.0069 0.0041 -0.0026 0.0047 0.0230 0.0215 0.0198
1494806400.0000 101550.0000 -4.2760 -4.1028 -0.4071 5.9270 46.1840 0.0025 0.0220 0.0120 0.0007 0.0037 0.0052 0.0182 0.0186 0.0153
1494806400.0000 101850.0000 -4.4788 -4.5316 -0.5591 6.3719 44.6642 0.0211 0.0084 0.0055 0.0079 0.0014 0.0001 0.0175 0.0169 0.0156
1494806400.0000 102150.0000 -4.5348 -4.1633 -0.6883 6.1589 47.4459 0.0034 0.0666 0.0011 0.0030 -0.0007 0.0025 0.0355 0.0248 0.0248
1494806400.0000 102450.0000 -4.9719 -3.3814 -0.4568 6.0175 55.7801 0.0157 0.0453 0.0119 -0.0212 -0.0109 0.0176 0.0365 0.0259 0.0237
1494806400.0000 102750.0000 -4.8158 -3.1513 -0.2640 5.7559 56.8010 0.0139 0.0058 0.0114 -0.0004 -0.0077 -0.0029 0.0155 0.0177 0.0141
1494806400.0000 103050.0000 -4.8613 -3.0988 -0.3997 5.7663 57.4844 0.0049 0.0128 0.0104 -0.0049 -0.0020 -0.0033 0.0141 0.0168 0.0133
1494806400.0000 103350.0000 -4.9445 -3.0967 -0.2996 5.8353 57.9419 0.0250 0.0051 0.0096 -0.0032 -0.0109 0.0010 0.0199 0.0197 0.0172
1494806400.0000 103650.0000 -5.0307 -2.9764 -0.3901 5.8459 59.3893 0.0036 0.0062 0.0093 -0.0015 -0.0008 -0.0037 0.0096 0.0136 0.0098
1494806400.0000 103950.0000 -4.9102 -3.1221 -0.6720 5.8214 57.5504 0.0067 0.0360 0.0196 -0.0041 -0.0052 0.0055 0.0311 0.0246 0.0205
1494806400.0000 104250.0000 -4.8979 -3.3999 -0.4888 5.9672 55.2334 0.0071 0.0618 0.0111 -0.0150 -0.0018 -0.0045 0.0400 0.0273 0.0254
1494806400.0000 104550.0000 -4.8755 -3.2362 -0.5537 5.8557 56.4251 0.0348 0.0296 0.0266 -0.0162 -0.0189 0.0043 0.0455 0.0296 0.0250
1494806400.0000 104850.0000 -4.6351 -3.3152 -0.5110 5.7079 54.4269 0.0172 0.0955 0.0164 -0.0385 -0.0081 0.0187 0.0646 0.0363 0.0340
1494806400.0000 105150.0000 -4.8463 -3.3380 -0.4670 5.8878 55.4420 0.0248 0.0233 0.0132 -0.0155 -0.0023 0.0022 0.0306 0.0242 0.0215
1494806400.0000 105450.0000 -5.1929 -3.4902 -0.6351 6.2598 56.0946 0.0181 0.0551 0.0075 0.0071 -0.0049 -0.0073 0.0404 0.0261 0.0250
1494806400.0000 105750.0000 -5.2596 -3.5768 -0.6148 6.3641 55.7821 0.0362 0.0440 0.0255 -0.0030 -0.0150 -0.0066 0.0528 0.0294 0.0257
1494806400.0000 106050.0000 -4.9699 -3.5477 -0.9153 6.1115 54.4792 0.0494 0.0453 0.0335 -0.0185 0.0021 -0.0078 0.0641 0.0335 0.0291
1494806400.0000 106350.0000 -5.4686 -3.3974 -0.8332 6.4480 58.1496 0.0344 0.1189 0.0182 -0.0366 -0.0058 0.0067 0.0858 0.0368 0.0351
1494806400.0000 106650.0000 -5.5273 -2.7950 -0.8792 6.1995 63.1754 0.0214 0.0620 0.0253 -0.0212 -0.0080 0.0139 0.0543 0.0304 0.0269
1494806400.0000 106950.0000 -5.3743 -2.2786 -0.6925 5.8406 67.0241 0.0501 0.0274 0.0239 -0.0096 -0.0160 -0.0058 0.0507 0.0313 0.0275
1494806400.0000 107250.0000 -5.4571 -2.0689 -0.6987 5.8388 69.2373 0.0207 0.0265 0.0162 -0.0091 0.0015 -0.0121 0.0317 0.0247 0.0215
1494806400.0000 107550.0000 -5.5713 -2.0889 -0.8218 5.9506 69.4472 0.0149 0.0088 0.0134 0.0029 -0.0023 -0.0049 0.0185 0.0185 0.0149
1494806400.0000 107850.0000 -5.7183 -2.0223 -0.9230 6.0660 70.5238 0.0260 0.0126 0.0197 0.0091 -0.0088 -0.0059 0.0291 0.0227 0.0187
1494806400.0000 108150.0000 -6.1410 -1.9582 -0.9442 6.4474 72.3139 0.0227 0.0156 0.0163 -0.0112 -0.0050 -0.0052 0.0273 0.0207 0.0175
1494806400.0000 108450.0000 -6.4573 -1.9509 -0.8177 6.7464 73.1890 0.0138 0.0089 0.0180 -0.0037 -0.0089 -0.0029 0.0204 0.0172 0.0129
1494806400.0000 108750.0000 -6.4492 -1.7884 -1.0760 6.6942 74.5009 0.0264 0.0176 0.0345 -0.0073 -0.0121 -0.0019 0.0393 0.0239 0.0181
1494806400.0000 109050.0000 -6.7513 -1.9579 -1.0589 7.0323 73.8280 0.0437 0.0299 0.0456 -0.0189 0.0123 -0.0232 0.0596 0.0280 0.0223
1494806400.0000 109350.0000 -6.6809 -1.6764 -1.3202 6.8901 75.9136 0.0384 0.0190 0.0086 -0.0164 -0.0033 -0.0015 0.0330 0.0212 0.0201
1494806400.0000 109650.0000 -6.6954 -1.7785 -1.3050 6.9327 75.1239 0.0196 0.0698 0.0178 -0.0068 -0.0029 -0.0094 0.0536 0.0268 0.0249
1494806400.0000 109950.0000 -6.2886 -2.0672 -1.2513 6.6210 71.8032 0.0128 0.0151 0.0171 -0.0051 -0.0046 -0.0015 0.0224 0.0182 0.0146
1494806400.0000 110250.0000 -6.1246 -2.0726 -1.4189 6.4702 71.3040 0.0656 0.0520 0.1256 -0.0025 -0.0393 0.0046 0.1216 0.0430 0.0306
1494806400.0000 110550.0000 -6.1831 -2.0858 -1.3806 6.5283 71.3588 0.0643 0.0497 0.1786 0.0246 -0.0519 -0.0290 0.1463 0.0468 0.0299
1494806400.0000 110850.0000 -6.0564 -2.0164 -1.3214 6.3854 71.5858 0.0356 0.0199 0.0755 -0.0109 -0.0033 0.0025 0.0655 0.0321 0.0213
1494806400.0000 111150.0000 -5.9440 -2.0547 -0.7622 6.2925 70.9311 0.1116 0.0724 0.2230 0.0583 -0.0938 -0.0479 0.2035 0.0581 0.0394
1494806400.0000 111450.0000 -6.3391 -2.6141 -0.7950 6.8673 67.5900 0.4621 0.1597 0.2936 0.1117 -0.0486 -0.0541 0.4577 0.0800 0.0664
1494806400.0000 111750.0000 -5.1215 -2.4707 -1.1314 5.6878 64.2460 0.0270 0.0216 0.0484 0.0067 -0.0255 -0.0060 0.0485 0.0310 0.0224
1494806400.0000 112050.0000 -5.3931 -2.6123 -1.2102 5.9950 64.1560 0.0398 0.0166 0.0156 -0.0103 0.0042 -0.0049 0.0360 0.0253 0.0229
1494806400.0000 112350.0000 -4.7300 -2.3156 -0.9903 5.2686 63.9157 0.0198 0.0234 0.0188 -0.0010 0.0061 -0.0033 0.0310 0.0268 0.0228
1494806400.0000 112650.0000 -4.1561 -2.0426 -0.9976 4.6422 63.8276 0.1150 0.0911 0.0932 -0.0106 0.0484 -0.0027 0.1496 0.0667 0.0566
1494806400.0000 112950.0000 -4.3449 -1.9287 -1.0349 4.7621 66.0633 0.0713 0.0795 0.0378 0.0004 0.0209 -0.0173 0.0943 0.0515 0.0472
1494806400.0000 113250.0000 -4.5806 -2.1589 -1.2344 5.0804 64.7653 0.2143 0.1410 0.2022 -0.0084 0.0704 0.0331 0.2788 0.0827 0.0680
1494806400.0000 113550.0000 -5.0188 -2.4164 -1.2131 5.5764 64.2911 0.1026 0.0888 0.0581 0.0320 -0.0024 0.0085 0.1248 0.0506 0.0454
1494806400.0000 113850.0000 -5.0448 -2.3820 -0.7935 5.5940 64.7247 0.3268 0.2041 0.1510 0.0832 0.0666 0.0211 0.3409 0.0846 0.0754
1494806400.0000 114150.0000 -3.9245 -2.2590 -0.4981 4.5433 60.0745 0.2691 0.1451 0.1085 0.0444 -0.0069 0.0037 0.2613 0.0916 0.0821
1494806400.0000 114450.0000 -4.1285 -2.0742 -0.6972 4.6424 63.3247 0.2613 0.2002 0.1586 0.0212 0.0528 0.0445 0.3100 0.0973 0.0849
1494806400.0000 114750.0000 -4.0575 -2.4097 -1.0261 4.7349 59.2944 0.1514 0.1682 0.1251 0.0192 0.0326 0.0188 0.2223 0.0797 0.0692
1494806400.0000 115050.0000 -4.2075 -3.5701 -1.1089 5.5410 49.6855 0.3970 0.3953 0.1591 0.1661 0.0103 0.0274 0.4757 0.1001 0.0931
1494806400.0000 115350.0000 -4.6639 -4.1896 -0.5258 6.2846 48.0670 0.1897 0.1992 0.1396 0.0087 -0.0335 -0.0527 0.2642 0.0667 0.0574
1494806400.0000 115650.0000 -4.5907 -4.2541 -0.1860 6.2743 47.1796 0.3059 0.2105 0.2262 0.0635 -0.0389 -0.0176 0.3713 0.0795 0.0663
1494806400.0000 115950.0000 -4.6227 -4.3881 -0.3708 6.3849 46.4918 0.2001 0.2543 0.1666 0.0947 0.0059 0.0215 0.3105 0.0713 0.0611
1494806400.0000 116250.0000 -4.6551 -3.9711 -0.3496 6.1406 49.5338 0.4468 0.2795 0.2542 0.0909 0.0246 0.0266 0.4902 0.0933 0.0804
1494806400.0000 116550.0000 -4.4301 -3.5842 -0.4200 5.7320 51.0248 0.4046 0.3754 0.3100 0.0043 0.0232 -0.0099 0.5450 0.1055 0.0895
1494806400.0000 116850.0000 -4.8219 -3.6659 -0.0876 6.0828 52.7563 0.3904 0.3021 0.2808 0.0404 0.0070 -0.0424 0.4866 0.0940 0.0793
1494806400.0000 117150.0000 -4.3361 -2.9493 -0.3365 5.2848 55.7776 0.4540 0.3578 0.4586 -0.0396 -0.0037 0.0966 0.6352 0.1238 0.0992
1494806400.0000 117450.0000 -4.0896 -2.5494 -0.4278 4.8471 58.0613 0.2658 0.2279 0.2682 -0.0292 0.0876 -0.0280 0.3809 0.1042 0.0842
1494806400.0000 117750.0000 -3.5414 -2.5759 -0.6558 4.4221 53.9686 0.4820 0.1893 0.2593 -0.0779 0.0663 -0.0616 0.4653 0.1258 0.1080
1494806400.0000 118050.0000 -3.6977 -2.4486 -0.5684 4.4623 56.4873 0.2939 0.1723 0.3924 -0.0407 -0.0001 -0.0696 0.4293 0.1197 0.0889
1494806400.0000 118350.0000 -4.3054 -2.5427 -0.6436 5.0156 59.4341 0.1734 0.1661 0.2400 0.0131 0.0121 -0.0715 0.2898 0.0872 0.0673
1494806400.0000 118650.0000 -4.5382 -2.3135 -0.8402 5.1248 62.9881 0.2500 0.2554 0.3062 -0.0766 -0.0197 -0.0592 0.4058 0.1008 0.0806
1494806400.0000 118950.0000 -4.9148 -2.4125 -0.5412 5.4973 63.8556 0.2379 0.2089 0.1623 -0.0357 -0.0089 -0.0392 0.3045 0.0819 0.0705
1494806400.0000 119250.0000 -5.4187 -1.9697 -0.5265 5.7856 70.0235 0.4377 0.2168 0.2586 0.0237 -0.0094 -0.0309 0.4565 0.0953 0.0810
1494806400.0000 119550.0000 -5.4615 -1.9177 -0.6103 5.8148 70.6528 0.4362 0.2918 0.2631 0.0129 -0.0049 -0.0815 0.4956 0.0988 0.0851
1494806400.0000 119850.0000 -4.8447 -1.8866 -0.5933 5.2247 68.7234 0.2828 0.2916 0.1842 0.0452 -0.0240 -0.0757 0.3793 0.0961 0.0842
1494806400.0000 120150.0000 -4.2150 -2.3477 -0.6310 4.8897 60.8826 0.3808 0.5154 0.3393 -0.1604 -0.0213 -0.1635 0.6177 0.1319 0.1133
1494806400.0000 120450.0000 -4.0625 -2.3904 -0.8890 4.7756 59.5272 0.3080 0.5678 0.2672 -0.0981 0.0111 -0.0963 0.5715 0.1287 0.1146
1494806400.0000 120750.0000 -4.0474 -2.2596 -0.6384 4.6878 60.8260 0.5682 0.4278 0.9056 0.0084 -0.0918 -0.0346 0.9508 0.1701 0.1243
1494806400.0000 121050.0000 -4.1620 -2.3081 -0.4527 4.8182 60.9885 0.5159 0.3315 0.7201 -0.2264 0.2082 -0.1673 0.7838 0.1512 0.1117
1494806400.0000 121350.0000 -4.0141 -2.9071 -0.8346 4.9828 54.0867 0.3432 0.3432 0.3302 0.0876 0.0206 0.0582 0.5083 0.1158 0.0965
1494806400.0000 121650.0000 -3.3330 -3.5056 -0.5001 4.9001 43.5544 0.4221 0.4820 0.7994 -0.1446 0.1076 -0.3318 0.8518 0.1550 0.1135
1494806400.0000 121950.0000 -3.4636 -3.1321 -0.6531 4.7218 47.8771 0.3623 0.5007 0.4280 -0.0155 -0.1936 -0.0994 0.6455 0.1391 0.1149
1494806400.0000 122250.0000 -3.8531 -3.1251 -0.5956 4.9940 50.9557 0.2348 0.2521 0.3774 -0.0813 -0.0563 -0.0206 0.4321 0.1074 0.0812
1494806400.0000 122550.0000 -3.3814 -2.2540 -0.2679 4.1190 56.3134 0.4988 0.3135 0.8545 -0.0486 -0.0516 -0.0560 0.8334 0.1830 0.1280
1494806400.0000 122850.0000 -3.7128 -1.9744 -0.1393 4.3016 61.9969 0.4529 0.8379 0.5422 -0.0249 -0.0202 -0.2491 0.9165 0.1858 0.1560
1494806400.0000 123150.0000 -3.6146 -2.2295 -0.7046 4.3347 58.3341 0.3996 0.6180 0.7851 -0.2354 -0.0005 0.0217 0.9013 0.1801 0.1371
1494806400.0000 123450.0000 -3.2261 -1.7040 0.3171 3.7122 62.1573 0.3541 0.3252 0.5943 -0.1341 0.0794 -0.2821 0.6368 0.1779 0.1304
1494806400.0000 123750.0000 -3.5816 -2.4933 0.3199 4.4300 55.1572 0.6460 0.5935 0.8404 0.0772 0.0012 -0.0573 1.0400 0.1903 0.1473
1494806400.0000 124050.0000 -3.7693 -2.0449 -0.5184 4.3329 61.5192 0.4315 0.2365 0.3510 -0.1108 0.0168 0.0469 0.5095 0.1349 0.1100
1494806400.0000 124350.0000 -3.5850 -1.8733 -0.5193 4.1081 62.4118 0.4112 0.4335 0.5313 -0.0918 -0.0727 -0.1302 0.6880 0.1661 0.1312
1494806400.0000 124650.0000 -3.3996 -2.0161 -0.5479 4.0101 59.3309 0.4100 0.3582 0.6275 -0.0983 0.0766 0.0086 0.6979 0.1709 0.1280
1494806400.0000 124950.0000 -4.1615 -1.6205 -0.6428 4.5656 68.7232 0.5825 0.7524 0.5562 -0.2261 -0.0618 0.0532 0.9455 0.1760 0.1494
1494806400.0000 125250.0000 -3.8969 -1.6699 0.3100 4.3033 66.8041 0.5024 0.5130 0.6820 -0.0327 0.1188 -0.0323 0.8487 0.1769 0.1372
1494806400.0000 125550.0000 -3.4183 -1.9146 0.1400 4.0305 60.7473 0.6298 0.6741 0.5647 -0.2589 -0.1101 -0.1246 0.9343 0.2013 0.1683
1494806400.0000 125850.0000 -3.7697 -0.6802 0.8337 3.8899 79.7721 0.6135 0.4075 0.6433 -0.0838 0.1571 -0.0532 0.8322 0.1900 0.1523
1494806400.0000 126150.0000 -4.1272 -1.2432 0.3896 4.4790 73.2369 0.4880 1.4220 0.6492 -0.3616 -0.1517 0.2591 1.2796 0.2134 0.1851
1494806400.0000 126450.0000 -3.4742 -1.3462 -0.2495 3.8246 68.8194 1.3315 0.2836 0.3806 -0.2493 -0.1741 -0.0145 0.9979 0.2184 0.1969
1494806400.0000 126750.0000 -3.9237 -1.2747 -0.1015 4.2479 72.0027 0.9535 0.5490 0.5771 -0.5385 0.1588 -0.1835 1.0398 0.2017 0.1715
1494806400.0000 127050.0000 -4.3452 -0.5729 0.4442 4.4745 82.4897 0.4727 0.8227 0.8631 0.0817 0.2068 0.1836 1.0793 0.1926 0.1499
1494806400.0000 127350.0000 -3.9522 -0.1452 -0.0799 3.9946 87.8961 0.5546 0.2845 0.2838 -0.0991 -0.0855 0.0959 0.5615 0.1547 0.1337
1494806400.0000 127650.0000 -3.7717 -1.0453 -0.1712 3.9703 74.5103 0.9676 0.4199 1.1573 0.0868 -0.1702 -0.1576 1.2724 0.2351 0.1738
1494806400.0000 127950.0000 -4.3902 -1.4086 -0.4866 4.6478 72.2112 0.3699 0.2825 0.3839 -0.0924 0.0329 -0.0872 0.5181 0.1268 0.1011
1494806400.0000 128250.0000 -2.8567 -0.9865 -0.9725 3.1016 70.9494 0.8041 0.5061 0.8756 0.1025 -0.2502 -0.1371 1.0929 0.2689 0.2187
1494806400.0000 128550.0000 -3.9664 -1.0072 0.3426 4.2304 75.7513 1.2012 0.6988 0.7643 -0.4547 -0.2452 -0.0938 1.3322 0.2295 0.1945
1494806400.0000 128850.0000 -3.2882 -0.4300 0.3653 3.3714 82.5499 0.2900 0.3196 0.6741 -0.1059 0.0496 0.1285 0.6419 0.1961 0.1359
1494806400.0000 129150.0000 -2.5718 -1.8247 0.5258 3.2346 54.6436 0.3004 0.8593 0.6285 0.1726 -0.1262 -0.5049 0.8941 0.2415 0.1972
1494806400.0000 129450.0000 -3.0146 -0.1844 0.4021 3.2473 86.5005 1.1156 1.2697 1.4663 -0.0309 0.3905 -0.4372 1.9258 0.3719 0.2952
1494806400.0000 129750.0000 -3.4969 0.7982 0.3019 3.6596 102.8574 0.6098 0.4590 0.7965 0.0468 0.2501 -0.0148 0.9327 0.2191 0.1664
1494806400.0000 130050.0000 -3.2269 -0.4089 0.3892 3.3247 82.7778 0.4006 0.4497 0.3680 -0.0662 -0.0223 -0.1941 0.6092 0.1945 0.1637
1494806400.0000 130350.0000 -3.4834 0.2283 -0.0142 3.5379 93.7495 0.3884 0.3521 0.4184 -0.1291 -0.0576 0.0313 0.5794 0.1780 0.1423
1494806400.0000 130650.0000 -3.3691 0.4878 0.1279 3.4510 98.2376 0.3485 0.3261 0.4168 -0.0871 0.0913 0.0330 0.5457 0.1771 0.1393
1494806400.0000 130950.0000 -3.0947 -0.8306 0.1434 3.2391 74.9761 0.3200 0.1677 0.2519 -0.0557 0.0586 0.0489 0.3698 0.1548 0.1258
1494806400.0000 131250.0000 -3.1033 -1.1728 -0.0187 3.3284 69.2972 0.1561 0.0894 0.2917 0.0369 -0.0436 -0.0155 0.2686 0.1275 0.0862
1494806400.0000 131550.0000 -1.8472 -1.3404 0.4164 2.3553 54.0338 0.2654 0.3657 0.4644 -0.0117 -0.0825 0.0457 0.5478 0.2605 0.2010
1494806400.0000 131850.0000 -2.1376 -0.6465 0.1743 2.3192 73.1735 0.2813 0.3625 0.6364 -0.0926 -0.0450 -0.0333 0.6401 0.2916 0.2074
1494806400.0000 132150.0000 -2.7993 -0.3850 0.2591 2.8915 82.1695 0.6684 0.3773 0.8208 0.0613 -0.3114 -0.0328 0.9332 0.2780 0.2089
1494806400.0000 132450.0000 -1.5639 -0.9595 0.4290 1.9328 58.4708 0.2477 0.3790 0.6062 0.0725 0.0328 -0.1184 0.6164 0.3402 0.2491
1494806400.0000 132750.0000 -2.1625 -0.7796 1.1892 2.4009 70.1764 0.3178 0.5509 0.4259 0.1173 -0.0545 -0.0431 0.6473 0.2538 0.2341
1494806400.0000 133050.0000 -2.4003 -1.3485 -0.0838 2.7762 60.6714 0.2534 0.1094 0.3172 0.0110 -0.0485 -0.1155 0.3400 0.1729 0.1263
1494806400.0000 133350.0000 -1.2905 -1.8091 0.0742 2.2758 35.5017 0.1928 0.2166 0.5190 -0.0225 0.0342 -0.0771 0.4642 0.2502 0.1662
1494806400.0000 133650.0000 -0.5701 -1.6986 -0.4029 1.8653 18.5532 0.2924 0.2425 0.3917 0.0515 0.0634 -0.0875 0.4633 0.3026 0.2357
1494806400.0000 133950.0000 -0.0102 -0.9300 0.0465 1.0106 0.6257 0.1455 0.2273 0.4834 0.0396 0.0058 0.0853 0.4281 0.5736 0.3790
1494806400.0000 134250.0000 -0.8275 -0.6263 -0.1181 1.2317 52.8797 0.4673 0.3149 0.5806 -0.0505 -0.2905 -0.0568 0.6814 0.6453 0.4920
1494806400.0000 134550.0000 -2.0594 0.3268 0.6356 2.2619 99.0156 0.8075 0.4700 0.4791 -0.1384 0.3252 -0.3093 0.8783 0.3510 0.3129
1494806400.0000 134850.0000 -1.7752 -0.9276 0.9038 2.0958 62.4126 0.5354 0.3413 0.4570 0.0723 0.1021 0.0020 0.6669 0.3034 0.2699
1494806400.0000 135150.0000 -2.2611 -0.4504 0.4701 2.5161 78.7346 0.7795 0.8596 1.4563 -0.1512 0.4019 -0.2171 1.5477 0.4317 0.3206
1494806400.0000 135450.0000 -0.8505 -0.6321 -0.2148 1.3088 53.3816 0.8543 0.2333 0.6938 0.1750 0.3848 -0.0248 0.8907 0.7127 0.5682
1494806400.0000 135750.0000 -1.0704 -2.0105 0.0355 2.4088 28.0312 0.6191 0.4102 0.8874 -0.0755 0.3049 0.0364 0.9584 0.3509 0.2572
1494806400.0000 136050.0000 -1.8861 -0.8882 0.0080 2.2253 64.7846 0.4363 0.5423 1.1564 -0.0516 -0.1559 -0.4220 1.0675 0.4047 0.2740
1494806400.0000 136350.0000 -2.3607 -1.2414 0.1427 2.7227 62.2612 0.4229 0.2945 0.6293 0.0533 0.1231 -0.0032 0.6734 0.2508 0.1834
1494806400.0000 136650.0000 -3.0559 -1.1003 -0.5635 3.3828 70.1978 0.8928 1.0200 0.6535 0.2006 0.0694 -0.5607 1.2832 0.2806 0.2458
1494806400.0000 136950.0000 -2.6445 -1.2654 0.0568 3.0014 64.4289 0.4451 0.3427 0.5742 -0.0007 -0.0078 -0.1194 0.6810 0.2298 0.1748
1494806400.0000 137250.0000 -2.6910 -1.8683 -0.1887 3.3525 55.2291 0.4460 0.3774 0.7727 -0.1429 0.2089 -0.1867 0.7980 0.2223 0.1599
1494806400.0000 137550.0000 -2.4103 -0.6541 0.4044 2.6316 74.8167 0.3023 0.6537 0.3880 -0.0845 0.1399 -0.1601 0.6720 0.2646 0.2260
1494806400.0000 137850.0000 -1.8134 -0.3235 -0.2859 1.9720 79.8858 0.1630 0.4676 0.2288 -0.0907 0.0563 -0.0390 0.4297 0.2871 0.2489
1494806400.0000 138150.0000 -2.4826 0.0194 -0.0512 2.5440 90.4482 0.6477 0.3005 0.8574 0.0032 -0.2375 -0.2315 0.9028 0.3124 0.2264
1494806400.0000 138450.0000 -3.1335 0.0347 -0.2590 3.2043 90.6351 0.4991 0.4565 0.2081 -0.1042 -0.0394 -0.0477 0.5818 0.1981 0.1801
1494806400.0000 138750.0000 -2.8052 -0.9958 -0.2584 3.0284 70.4554 0.3723 0.2755 0.3520 -0.0736 -0.1385 -0.0688 0.5000 0.1932 0.1561
1494806400.0000 139050.0000 -2.2910 -1.5330 -0.3639 2.8217 56.2105 0.2801 0.3862 0.3454 -0.0316 -0.0118 -0.0139 0.5058 0.2088 0.1710
1494806400.0000 139350.0000 -3.6946 -0.5486 0.2865 3.7932 81.5540 0.8379 0.3378 0.5442 -0.1925 -0.1107 -0.2435 0.8600 0.2021 0.1676
1494806400.0000 139650.0000 -2.5104 -0.0471 -0.6740 2.5474 88.9259 0.2495 0.1708 0.2045 0.0502 0.1009 0.0934 0.3124 0.1755 0.1491
1494806400.0000 139950.0000 -1.1144 -0.0711 -0.2274 1.2576 86.3516 0.2295 0.2913 0.2774 -0.1205 0.0348 -0.1773 0.3991 0.4526 0.3731
1494806400.0000 140250.0000 -1.3220 -1.2452 -0.0498 1.9063 46.7147 0.2657 0.2801 0.2998 -0.0357 0.0172 0.0997 0.4228 0.2922 0.2349
1494806400.0000 140550.0000 -0.8879 -1.8837 0.2630 2.1199 25.2365 0.1769 0.1267 0.2980 0.0112 -0.0988 -0.0272 0.3008 0.2133 0.1528
1494806400.0000 140850.0000 -1.7793 -1.0558 0.4679 2.2779 59.3156 0.6954 0.4167 0.3024 -0.3862 0.1260 -0.1745 0.7073 0.3237 0.2943
1494806400.0000 141150.0000 -1.5635 -0.3151 0.3197 1.6391 78.6067 0.1461 0.1596 0.1600 0.0219 0.0342 -0.0253 0.2328 0.2422 0.2001
1494806400.0000 141450.0000 -2.0292 -0.8472 0.3049 2.2774 67.3383 0.3736 0.2541 0.2578 -0.1003 0.0543 -0.1184 0.4428 0.2447 0.2080
1494806400.0000 141750.0000 -1.7560 0.1742 -0.3935 1.8460 95.6666 0.3018 0.2611 0.4376 0.1156 0.2035 0.1521 0.5002 0.3194 0.2455
1494806400.0000 142050.0000 -1.6868 -1.3776 0.6296 2.3241 50.7628 0.6010 0.9011 0.1712 0.4342 -0.0634 -0.0023 0.8367 0.3294 0.3249
1494806400.0000 142350.0000 -1.5357 -1.6130 -0.4005 2.2366 43.5941 0.1227 0.1575 0.1010 0.0999 -0.0722 -0.0682 0.1906 0.1575 0.1372
1494806400.0000 142650.0000 -1.1487 -1.3848 -0.5318 1.8243 39.6756 0.1916 0.1840 0.4205 0.0994 0.0711 0.1306 0.3981 0.2746 0.1967
1494806400.0000 142950.0000 -1.6883 -2.1730 0.1112 2.7805 37.8455 0.1394 0.2333 0.3045 0.0181 -0.0510 -0.0722 0.3386 0.1725 0.1281
1494806400.0000 143250.0000 -1.6668 -1.3372 -0.3772 2.2142 51.2616 0.3546 0.1594 0.5576 -0.1239 -0.0188 -0.0111 0.5358 0.2754 0.1937
1494806400.0000 143550.0000 -2.3590 -0.2932 0.0296 2.4413 82.9147 0.4519 0.2717 0.7340 -0.1464 0.2817 -0.1840 0.7288 0.2932 0.2066
1494806400.0000 143850.0000 -1.9557 0.7223 -0.8924 2.1783 110.2721 0.6344 0.2834 0.3548 0.0824 -0.0921 -0.1563 0.6363 0.2872 0.2653
1494806400.0000 144150.0000 -1.0179 0.9615 0.2177 1.5636 133.3671 0.5813 0.2455 0.3191 0.1518 -0.1568 0.0094 0.5729 0.4361 0.3749
1494806400.0000 144450.0000 -0.1581 0.6725 0.8692 0.8851 166.7695 0.2214 0.2920 0.1788 -0.0399 -0.0042 0.0237 0.3461 0.4326 0.5988
1494806400.0000 144750.0000 -0.2885 -0.2347 -0.5199 0.6040 50.8773 0.2098 0.1541 0.1183 0.0689 -0.0590 -0.0323 0.2411 0.6272 0.9365
1494806400.0000 145050.0000 -1.3151 -0.8812 0.1857 1.6786 56.1750 0.5759 0.2127 0.4028 0.0838 0.0504 -0.0918 0.5957 0.3954 0.3239
1494806400.0000 145350.0000 -2.3634 -2.0125 0.4109 3.1626 49.5850 0.2810 0.2720 0.2905 -0.0818 -0.0250 -0.0241 0.4218 0.1693 0.1383
1494806400.0000 145650.0000 -1.7059 -1.8942 0.4265 2.6292 42.0053 0.4204 0.1439 0.2721 -0.1129 0.1747 -0.0411 0.4182 0.2043 0.1701
1494806400.0000 145950.0000 -1.7000 -1.1328 -0.4988 2.1406 56.3227 0.1453 0.5129 0.4450 -0.0264 -0.0324 -0.2319 0.5516 0.2884 0.2293
1494806400.0000 146250.0000 -0.8643 -3.0868 -0.0703 3.2285 15.6426 0.1634 0.1298 0.2608 0.0315 0.0046 -0.0827 0.2770 0.1340 0.0975
1494806400.0000 146550.0000 -1.2495 -1.6164 -0.5408 2.2161 37.7030 0.3877 0.5975 0.2923 -0.2323 0.0027 0.0480 0.6387 0.3088 0.2805
1494806400.0000 146850.0000 -1.2604 -0.5599 -0.6303 1.4723 66.0481 0.1868 0.2157 0.1339 -0.0640 -0.0405 0.0820 0.2682 0.2789 0.2656
1494806400.0000 147150.0000 -0.8314 -0.8987 -0.4073 1.2872 42.7705 0.1802 0.1441 0.2476 -0.0163 0.0940 -0.0113 0.2859 0.3384 0.2685
1494806400.0000 147450.0000 -1.0203 -1.3022 0.1165 1.6961 38.0799 0.0886 0.1738 0.2776 -0.0200 -0.0113 0.1603 0.2700 0.2558 0.1787
1494806400.0000 147750.0000 -0.7113 -0.8296 -0.3169 1.1380 40.6093 0.0747 0.2099 0.2540 0.0103 0.0696 0.0775 0.2693 0.3724 0.2818
1494806400.0000 148050.0000 -0.3240 -0.6085 -0.0850 0.7345 28.0307 0.0422 0.2350 0.1709 0.0416 0.0108 0.1071 0.2241 0.5564 0.4410
1494806400.0000 148350.0000 -0.0221 -0.8533 0.0554 0.9174 1.4861 0.0969 0.1579 0.0884 -0.0742 0.0097 0.0154 0.1716 0.3954 0.3414
1494806400.0000 148650.0000 0.7319 -1.0615 0.1636 1.3594 325.4132 0.1859 0.1806 0.1941 0.0352 0.0964 0.0540 0.2803 0.3326 0.2711
1494806400.0000 148950.0000 0.7179 -1.0101 -0.3224 1.3003 324.5974 0.1947 0.2502 0.2274 -0.0751 0.0429 0.0452 0.3362 0.3697 0.3108
1494806400.0000 149250.0000 0.5036 -1.2807 -0.2862 1.3984 338.5356 0.0393 0.0973 0.0661 0.0210 0.0025 0.0115 0.1014 0.1850 0.1551
1494806400.0000 149550.0000 0.1853 -1.8047 0.0311 1.8358 354.1362 0.0436 0.4222 0.0287 0.1052 -0.0116 -0.0355 0.2473 0.2238 0.2172
1494806400.0000 149850.0000 0.1375 -2.5595 0.1443 2.5753 356.9253 0.0605 0.1323 0.0513 0.0019 0.0048 -0.0435 0.1221 0.1111 0.0989
1494806400.0000 150150.0000 -0.2494 -2.2973 0.0761 2.3509 6.1952 0.1999 0.0788 0.0954 0.0440 0.0841 0.0264 0.1871 0.1527 0.1319
1494806400.0000 150450.0000 0.0455 -2.6582 -0.0121 2.6666 359.0197 0.0410 0.0805 0.0463 -0.0214 0.0215 -0.0184 0.0839 0.0890 0.0757
1494806400.0000 150750.0000 0.0223 -2.3336 -0.0290 2.3450 359.4513 0.0511 0.0954 0.0740 -0.0107 -0.0149 0.0168 0.1103 0.1162 0.0947
1494806400.0000 151050.0000 0.0124 -2.1576 0.0380 2.1682 359.6694 0.0436 0.0454 0.0427 -0.0042 -0.0147 -0.0015 0.0659 0.0971 0.0798
