1494720000.0000 150.0000 0.2476 0.3127 -0.1615 0.4040 218.3692 0.0056 0.0038 0.0037 0.0009 -0.0000 0.0005 0.0065 0.1532 0.1400
1494720000.0000 450.0000 0.3464 0.2849 -0.1472 0.4566 230.5633 0.0112 0.0048 0.0074 -0.0001 -0.0036 -0.0006 0.0117 0.1871 0.1628
1494720000.0000 750.0000 0.2909 0.2471 -0.1027 0.3887 229.6535 0.0102 0.0036 0.0043 0.0005 -0.0021 -0.0006 0.0091 0.1966 0.1775
1494720000.0000 1050.0000 0.3701 0.2759 -0.1317 0.4695 233.2947 0.0167 0.0061 0.0070 0.0024 -0.0033 -0.0012 0.0149 0.2077 0.1889
1494720000.0000 1350.0000 0.5338 0.3159 -0.1829 0.6303 239.3820 0.0234 0.0054 0.0053 -0.0002 -0.0014 0.0005 0.0171 0.1649 0.1579
1494720000.0000 1650.0000 0.2393 0.2763 -0.1303 0.3938 220.9041 0.0276 0.0057 0.0083 -0.0020 -0.0077 -0.0000 0.0208 0.3031 0.2880
1494720000.0000 1950.0000 0.0431 0.3613 -0.1053 0.3892 186.8081 0.0208 0.0164 0.0141 0.0084 -0.0022 0.0026 0.0257 0.3455 0.3062
1494720000.0000 2250.0000 0.1077 0.2366 -0.0819 0.3131 204.4731 0.0246 0.0235 0.0111 -0.0143 -0.0027 0.0039 0.0296 0.5156 0.4872
1494720000.0000 2550.0000 0.2624 0.2015 -0.1023 0.3496 232.4824 0.0236 0.0058 0.0019 0.0009 -0.0012 0.0001 0.0156 0.2949 0.2991
1494720000.0000 2850.0000 0.3757 0.2203 -0.1162 0.4434 239.6139 0.0106 0.0039 0.0030 -0.0012 0.0005 -0.0003 0.0087 0.1693 0.1595
1494720000.0000 3150.0000 0.2698 0.2101 -0.1075 0.3508 232.0801 0.0147 0.0058 0.0041 0.0032 -0.0014 -0.0014 0.0123 0.2531 0.2423
1494720000.0000 3450.0000 0.3729 0.1779 -0.1458 0.4250 244.4939 0.0118 0.0102 0.0064 0.0023 0.0004 -0.0004 0.0142 0.2219 0.2072
1494720000.0000 3750.0000 0.3430 0.2007 -0.1534 0.4086 239.6590 0.0144 0.0057 0.0077 0.0000 -0.0006 0.0003 0.0139 0.2260 0.2060
1494720000.0000 4050.0000 0.2436 0.1490 -0.1294 0.3116 238.5487 0.0114 0.0116 0.0085 -0.0014 -0.0005 0.0012 0.0158 0.3268 0.3066
1494720000.0000 4350.0000 0.3765 0.2040 -0.1432 0.4403 241.5469 0.0191 0.0107 0.0070 0.0049 -0.0017 -0.0008 0.0184 0.2454 0.2329
1494720000.0000 4650.0000 0.3750 0.1617 -0.1047 0.4221 246.6753 0.0103 0.0118 0.0131 0.0018 -0.0020 -0.0042 0.0176 0.2571 0.2103
1494720000.0000 4950.0000 0.3579 0.1548 -0.0885 0.3978 246.6042 0.0133 0.0088 0.0040 0.0055 -0.0012 -0.0022 0.0131 0.2333 0.2203
1494720000.0000 5250.0000 0.2391 0.1238 -0.0701 0.2817 242.6321 0.0076 0.0049 0.0019 -0.0011 0.0008 -0.0005 0.0072 0.2487 0.2392
1494720000.0000 5550.0000 0.1870 0.0646 -0.0371 0.2104 250.9347 0.0099 0.0045 0.0022 0.0018 -0.0010 -0.0001 0.0083 0.3694 0.3501
1494720000.0000 5850.0000 0.2770 0.1499 -0.0713 0.3235 241.5778 0.0059 0.0034 0.0021 -0.0012 0.0003 -0.0002 0.0057 0.1906 0.1766
1494720000.0000 6150.0000 0.2418 0.2188 -0.1112 0.3377 227.8593 0.0131 0.0030 0.0031 -0.0001 -0.0009 0.0003 0.0096 0.2325 0.2250
1494720000.0000 6450.0000 0.3780 0.2010 -0.1286 0.4349 241.9945 0.0064 0.0049 0.0040 -0.0002 -0.0001 0.0000 0.0077 0.1598 0.1431
1494720000.0000 6750.0000 0.3236 0.2192 -0.1283 0.3989 235.8865 0.0105 0.0049 0.0032 0.0007 -0.0008 0.0002 0.0093 0.1913 0.1834
1494720000.0000 7050.0000 0.3631 0.2387 -0.1349 0.4426 236.6744 0.0198 0.0046 0.0048 0.0024 -0.0011 -0.0000 0.0146 0.2167 0.2075
1494720000.0000 7350.0000 0.3762 0.2348 -0.1199 0.4515 238.0333 0.0108 0.0059 0.0054 0.0006 -0.0027 -0.0012 0.0111 0.1870 0.1684
1494720000.0000 7650.0000 0.4184 0.2133 -0.1418 0.4785 242.9888 0.0106 0.0076 0.0034 0.0011 -0.0003 -0.0009 0.0108 0.1729 0.1658
1494720000.0000 7950.0000 0.3416 0.1820 -0.1101 0.3916 241.9542 0.0134 0.0057 0.0036 0.0052 -0.0043 -0.0022 0.0114 0.2166 0.2064
1494720000.0000 8250.0000 0.1376 0.1296 -0.0321 0.2310 226.7065 0.0130 0.0149 0.0039 0.0071 -0.0022 -0.0034 0.0159 0.5363 0.5098
1494720000.0000 8550.0000 0.0728 0.0782 0.0123 0.1708 222.9342 0.0075 0.0157 0.0018 0.0040 -0.0003 -0.0025 0.0125 0.8477 0.8216
1494720000.0000 8850.0000 -0.0388 -0.0637 0.0365 0.1101 31.3562 0.0024 0.0076 0.0042 0.0014 -0.0006 -0.0025 0.0071 0.8286 0.7723
1494720000.0000 9150.0000 -0.0177 0.0480 0.0043 0.1693 159.7530 0.0114 0.0168 0.0045 -0.0007 -0.0023 -0.0060 0.0163 2.0325 1.8954
1494720000.0000 9450.0000 0.1655 0.1139 -0.0815 0.2218 235.4722 0.0036 0.0075 0.0027 -0.0030 0.0015 -0.0025 0.0069 0.3128 0.3027
1494720000.0000 9750.0000 0.1552 0.0991 -0.0491 0.1964 237.4368 0.0051 0.0069 0.0016 0.0034 -0.0010 -0.0006 0.0068 0.3528 0.3433
1494720000.0000 10050.0000 -0.0620 -0.0057 0.0414 0.1432 84.7109 0.0111 0.0088 0.0020 0.0068 -0.0028 -0.0024 0.0110 1.1428 1.3073
1494720000.0000 10350.0000 -0.0524 -0.0716 0.0377 0.1311 36.1566 0.0048 0.0110 0.0031 0.0023 -0.0017 -0.0035 0.0095 0.8240 0.8188
1494720000.0000 10650.0000 0.0290 -0.0330 -0.0186 0.1551 318.6376 0.0145 0.0130 0.0053 0.0078 -0.0034 -0.0070 0.0164 2.1919 2.1811
1494720000.0000 10950.0000 0.0184 0.0571 -0.0109 0.1380 197.8924 0.0064 0.0158 0.0079 0.0050 -0.0039 -0.0086 0.0150 1.6423 1.4320
1494720000.0000 11250.0000 -0.0214 0.0793 -0.0202 0.1330 164.8761 0.0067 0.0075 0.0033 0.0002 -0.0036 -0.0012 0.0088 0.9044 0.8379
1494720000.0000 11550.0000 0.0337 0.0132 -0.0351 0.0971 248.5629 0.0029 0.0087 0.0033 0.0031 -0.0019 -0.0046 0.0075 1.4004 1.7188
1494720000.0000 11850.0000 -0.0219 0.0183 -0.0406 0.1255 129.8441 0.0077 0.0085 0.0041 -0.0005 -0.0043 0.0012 0.0101 1.6545 2.5711
1494720000.0000 12150.0000 0.0499 0.0435 -0.0422 0.1097 228.8828 0.0094 0.0030 0.0025 0.0032 -0.0040 -0.0015 0.0074 0.8976 0.9729
1494720000.0000 12450.0000 0.0660 0.0324 -0.0560 0.1410 243.8448 0.0103 0.0087 0.0039 0.0010 -0.0018 0.0029 0.0115 0.9453 1.0814
1494720000.0000 12750.0000 0.0019 0.0684 -0.0277 0.1375 181.5955 0.0136 0.0043 0.0035 0.0052 -0.0050 -0.0015 0.0107 1.1454 1.1291
1494720000.0000 13050.0000 -0.0769 0.0040 0.0566 0.1243 92.9983 0.0076 0.0065 0.0023 0.0050 -0.0016 -0.0011 0.0082 0.7730 0.8894
1494720000.0000 13350.0000 0.0017 0.0146 -0.0161 0.0778 186.5984 0.0028 0.0075 0.0016 0.0040 -0.0011 -0.0025 0.0060 2.9004 3.9957
1494720000.0000 13650.0000 -0.0147 0.0150 -0.0138 0.1195 135.4904 0.0065 0.0136 0.0042 0.0075 -0.0046 -0.0064 0.0122 3.5837 3.9057
1494720000.0000 13950.0000 -0.0002 -0.0344 0.0065 0.0616 0.2662 0.0016 0.0023 0.0016 0.0008 -0.0013 -0.0007 0.0028 1.2301 1.0500
1494720000.0000 14250.0000 -0.0605 -0.0049 0.0108 0.1270 85.3975 0.0163 0.0046 0.0016 0.0050 -0.0030 -0.0017 0.0112 1.4051 1.3755
1494720000.0000 14550.0000 -0.0017 0.0452 -0.0300 0.1245 177.8418 0.0122 0.0050 0.0073 0.0056 -0.0083 -0.0046 0.0123 1.6652 1.6732
1494720000.0000 14850.0000 0.0769 0.0907 -0.0404 0.1320 220.2936 0.0030 0.0025 0.0015 -0.0000 -0.0004 -0.0002 0.0035 0.3838 0.3603
1494720000.0000 15150.0000 0.0360 0.0749 -0.0029 0.0965 205.7061 0.0020 0.0041 0.0012 0.0006 0.0002 0.0002 0.0036 0.5908 0.5414
1494720000.0000 15450.0000 0.0274 -0.0430 0.0168 0.0999 327.5318 0.0010 0.0076 0.0007 0.0002 0.0001 -0.0007 0.0047 1.0373 1.0488
1494720000.0000 15750.0000 0.1020 -0.0595 -0.0584 0.1304 300.2344 0.0050 0.0029 0.0026 -0.0017 0.0015 -0.0019 0.0052 0.4486 0.4347
1494720000.0000 16050.0000 -0.0925 0.1023 0.0052 0.1761 137.8539 0.0067 0.0106 0.0014 -0.0028 -0.0005 -0.0001 0.0093 0.5713 0.5499
1494720000.0000 16350.0000 -0.0466 -0.0292 0.0038 0.1672 57.9062 0.0273 0.0052 0.0044 0.0081 -0.0085 -0.0030 0.0185 2.0113 1.8911
1494720000.0000 16650.0000 -0.1068 0.0314 -0.0025 0.2100 106.3910 0.0229 0.0181 0.0112 0.0119 -0.0133 -0.0061 0.0261 1.1855 1.0507
1494720000.0000 16950.0000 -0.0362 0.0034 -0.0004 0.1856 95.3692 0.0252 0.0200 0.0101 0.0141 -0.0109 -0.0110 0.0276 3.7376 3.3809
1494720000.0000 17250.0000 -0.1432 -0.0534 0.0419 0.1969 69.5578 0.0055 0.0169 0.0035 0.0053 -0.0022 -0.0052 0.0129 0.5860 0.5653
1494720000.0000 17550.0000 -0.0336 0.0393 -0.0340 0.1628 139.4129 0.0085 0.0209 0.0109 0.0102 -0.0076 -0.0129 0.0202 1.8733 1.9168
1494720000.0000 17850.0000 0.1111 0.0357 -0.0463 0.1454 252.1833 0.0036 0.0068 0.0022 -0.0012 -0.0007 0.0001 0.0063 0.5163 0.5036
1494720000.0000 18150.0000 -0.0584 0.0253 0.0191 0.0817 113.3790 0.0025 0.0020 0.0018 -0.0009 -0.0006 0.0008 0.0032 0.6941 0.6130
1494720000.0000 18450.0000 0.0994 0.0168 -0.0795 0.1394 260.4287 0.0093 0.0076 0.0025 0.0061 -0.0031 -0.0021 0.0097 0.6265 0.7445
1494720000.0000 18750.0000 0.1061 0.0539 -0.0635 0.1399 243.0640 0.0048 0.0059 0.0009 0.0028 0.0003 -0.0003 0.0058 0.4620 0.5036
1494720000.0000 19050.0000 0.1123 0.0235 -0.0220 0.1995 258.2074 0.0214 0.0131 0.0033 0.0151 -0.0047 -0.0035 0.0190 0.9619 0.9354
1494720000.0000 19350.0000 -0.1682 -0.0457 0.0291 0.1901 74.8004 0.0057 0.0040 0.0039 -0.0024 -0.0018 0.0003 0.0068 0.3808 0.3261
1494720000.0000 19650.0000 -0.0628 0.0533 0.0065 0.1598 130.3120 0.0186 0.0056 0.0044 0.0068 -0.0024 -0.0022 0.0143 1.1827 1.0910
1494720000.0000 19950.0000 -0.0395 -0.0937 0.0618 0.1468 22.8731 0.0104 0.0075 0.0116 0.0028 -0.0090 -0.0043 0.0147 0.8332 0.7598
1494720000.0000 20250.0000 0.0472 -0.0802 -0.0039 0.1220 329.5222 0.0029 0.0050 0.0051 0.0005 -0.0017 -0.0010 0.0065 0.7043 0.5496
1494720000.0000 20550.0000 -0.2439 -0.1536 0.1237 0.3078 57.7964 0.0183 0.0044 0.0070 -0.0007 -0.0053 -0.0009 0.0148 0.3169 0.3017
1494720000.0000 20850.0000 0.0054 -0.1225 -0.0042 0.1381 357.4702 0.0041 0.0022 0.0046 -0.0006 -0.0005 -0.0006 0.0054 0.4900 0.3730
1494720000.0000 21150.0000 -0.0686 -0.0725 0.0113 0.1177 43.4015 0.0046 0.0028 0.0081 0.0004 0.0006 -0.0017 0.0077 0.7149 0.4979
1494720000.0000 21450.0000 -0.0677 -0.0624 0.0261 0.1182 47.2990 0.0027 0.0066 0.0058 0.0016 -0.0025 -0.0044 0.0076 0.7415 0.6052
1494720000.0000 21750.0000 -0.0108 0.0006 0.0286 0.0918 93.4112 0.0060 0.0052 0.0086 0.0016 -0.0044 -0.0035 0.0099 2.6571 5.6425
1494720000.0000 22050.0000 -0.2190 -0.0692 0.0627 0.2414 72.4753 0.0153 0.0030 0.0089 -0.0019 -0.0046 -0.0002 0.0136 0.4000 0.3401
1494720000.0000 22350.0000 0.0310 -0.1138 0.0134 0.1571 344.7557 0.0107 0.0028 0.0134 -0.0021 0.0079 -0.0031 0.0134 0.7972 0.5685
1494720000.0000 22650.0000 0.0288 0.0172 -0.0225 0.1595 239.2036 0.0130 0.0184 0.0089 -0.0054 -0.0025 -0.0048 0.0202 2.8710 3.0525
1494720000.0000 22950.0000 0.0465 -0.0085 -0.0533 0.2030 280.3533 0.0221 0.0260 0.0387 -0.0005 0.0124 -0.0144 0.0434 2.3876 2.6758
1494720000.0000 23250.0000 -0.1834 -0.2104 0.0940 0.2990 41.0824 0.0191 0.0069 0.0074 0.0028 -0.0055 -0.0036 0.0167 0.3580 0.3335
1494720000.0000 23550.0000 -0.0055 -0.1502 0.0397 0.1985 2.1160 0.0185 0.0068 0.0108 0.0019 -0.0063 -0.0046 0.0180 0.7046 0.6101
1494720000.0000 23850.0000 -0.1992 -0.0923 0.0791 0.2657 65.1449 0.0162 0.0201 0.0096 0.0081 -0.0003 -0.0005 0.0230 0.5301 0.5009
1494720000.0000 24150.0000 -0.1035 -0.2119 0.1461 0.2889 26.0248 0.0313 0.0072 0.0063 0.0008 0.0017 -0.0023 0.0224 0.4410 0.4808
1494720000.0000 24450.0000 -0.1888 -0.1324 0.0745 0.2618 54.9620 0.0161 0.0148 0.0268 0.0026 -0.0093 -0.0115 0.0288 0.5721 0.4398
1494720000.0000 24750.0000 -0.1792 -0.0844 -0.0130 0.2127 64.7844 0.0064 0.0055 0.0092 0.0006 -0.0031 -0.0022 0.0105 0.4218 0.3174
1494720000.0000 25050.0000 -0.2280 -0.0187 0.0477 0.2374 85.3172 0.0124 0.0042 0.0133 0.0017 -0.0083 -0.0002 0.0149 0.4270 0.3252
1494720000.0000 25350.0000 -0.1830 -0.0865 0.0858 0.2444 64.7015 0.0207 0.0132 0.0174 0.0049 -0.0055 -0.0079 0.0257 0.5949 0.5250
1494720000.0000 25650.0000 -0.2981 -0.1565 0.1654 0.3561 62.3050 0.0260 0.0092 0.0362 0.0006 -0.0185 -0.0029 0.0357 0.4114 0.3221
1494720000.0000 25950.0000 -0.1757 -0.0499 -0.0438 0.2009 74.1467 0.0065 0.0066 0.0141 0.0005 0.0007 0.0017 0.0136 0.5063 0.3614
1494720000.0000 26250.0000 -0.1890 -0.0519 0.0908 0.2298 74.6426 0.0200 0.0085 0.0264 0.0060 -0.0051 0.0004 0.0275 0.6263 0.4971
1494720000.0000 26550.0000 -0.1710 -0.1620 0.0469 0.2531 46.5427 0.0114 0.0063 0.0084 0.0017 -0.0011 -0.0011 0.0131 0.3885 0.3263
1494720000.0000 26850.0000 -0.1198 -0.1585 0.1172 0.2169 37.0981 0.0097 0.0084 0.0111 0.0024 -0.0016 -0.0032 0.0146 0.4279 0.3914
1494720000.0000 27150.0000 -0.0857 -0.0907 0.0094 0.1684 43.3668 0.0129 0.0116 0.0156 0.0031 -0.0036 -0.0043 0.0201 0.9244 0.7252
1494720000.0000 27450.0000 -0.0653 -0.1243 0.0814 0.1567 27.7359 0.0050 0.0050 0.0076 0.0010 -0.0004 -0.0032 0.0089 0.4732 0.4122
1494720000.0000 27750.0000 0.0216 -0.1453 -0.0178 0.1538 351.5565 0.0013 0.0025 0.0055 0.0005 0.0005 0.0009 0.0046 0.3760 0.2423
1494720000.0000 28050.0000 -0.1480 -0.1752 0.0641 0.2466 40.1910 0.0134 0.0051 0.0133 0.0024 -0.0056 -0.0030 0.0159 0.4323 0.3424
1494720000.0000 28350.0000 -0.1038 -0.1683 0.0592 0.2178 31.6587 0.0121 0.0062 0.0141 0.0028 -0.0042 -0.0046 0.0162 0.5029 0.3945
1494720000.0000 28650.0000 -0.0700 -0.1210 0.0134 0.1666 30.0724 0.0100 0.0026 0.0058 -0.0003 0.0027 -0.0008 0.0092 0.5572 0.4629
1494720000.0000 28950.0000 -0.0047 -0.1327 0.0112 0.1837 2.0076 0.0162 0.0036 0.0116 -0.0024 -0.0025 0.0022 0.0157 0.7676 0.6113
1494720000.0000 29250.0000 -0.1243 -0.1819 0.0818 0.2388 34.3381 0.0074 0.0069 0.0210 -0.0018 0.0057 -0.0067 0.0177 0.4617 0.3139
1494720000.0000 29550.0000 -0.1420 -0.0683 0.1289 0.2100 64.3138 0.0156 0.0166 0.0082 0.0056 -0.0008 -0.0008 0.0202 0.5702 0.6574
1494720000.0000 29850.0000 0.0158 -0.2153 0.1138 0.2379 355.8037 0.0111 0.0051 0.0174 -0.0003 -0.0017 -0.0029 0.0168 0.4344 0.3410
1494720000.0000 30150.0000 -0.0943 -0.0810 0.0801 0.2061 49.3406 0.0177 0.0174 0.0223 0.0020 -0.0015 -0.0022 0.0287 0.9352 0.8699
1494720000.0000 30450.0000 -0.2133 -0.1225 0.0591 0.2823 60.1286 0.0196 0.0126 0.0203 0.0008 -0.0026 -0.0028 0.0263 0.5231 0.4217
1494720000.0000 30750.0000 -0.2577 -0.2350 0.0407 0.3738 47.6374 0.0219 0.0140 0.0361 0.0015 -0.0031 -0.0101 0.0360 0.4412 0.3139
1494720000.0000 31050.0000 -0.0667 0.0781 -0.0516 0.2122 139.5116 0.0243 0.0253 0.0250 0.0008 -0.0023 -0.0135 0.0373 1.3716 1.2512
1494720000.0000 31350.0000 -0.3176 0.0169 0.0935 0.3814 93.0443 0.0171 0.0482 0.0381 0.0098 -0.0141 -0.0170 0.0517 0.5600 0.4639
1494720000.0000 31650.0000 -0.2828 -0.2316 0.0910 0.4105 50.6925 0.0465 0.0211 0.0308 0.0083 -0.0201 -0.0093 0.0492 0.4808 0.4106
1494720000.0000 31950.0000 -0.1993 -0.1645 0.1235 0.3206 50.4750 0.0270 0.0265 0.0194 -0.0020 -0.0058 -0.0087 0.0364 0.5442 0.5169
1494720000.0000 32250.0000 -0.1477 -0.2285 0.1209 0.3313 32.8767 0.0215 0.0314 0.0130 0.0033 -0.0056 -0.0050 0.0330 0.4979 0.4880
1494720000.0000 32550.0000 -0.1557 -0.2603 0.0560 0.3215 30.8793 0.0203 0.0098 0.0209 0.0057 -0.0083 -0.0039 0.0255 0.4227 0.3301
1494720000.0000 32850.0000 -0.1267 -0.0264 -0.0152 0.2214 78.2450 0.0166 0.0235 0.0204 0.0015 -0.0027 0.0045 0.0303 1.0899 0.8934
1494720000.0000 33150.0000 -0.1329 -0.2512 0.1149 0.3149 27.8817 0.0361 0.0159 0.0357 0.0148 -0.0067 -0.0106 0.0439 0.5579 0.4634
1494720000.0000 33450.0000 -0.1815 -0.2143 0.1382 0.3159 40.2585 0.0254 0.0096 0.0283 -0.0005 -0.0065 -0.0056 0.0317 0.4641 0.3846
1494720000.0000 33750.0000 -0.1225 -0.1445 0.1876 0.2698 40.2792 0.0115 0.0398 0.0132 0.0076 -0.0016 -0.0070 0.0322 0.5499 0.6901
1494720000.0000 34050.0000 -0.1084 0.0052 0.1356 0.2427 92.7515 0.0352 0.0242 0.0196 0.0096 -0.0108 -0.0133 0.0395 0.9347 1.2974
1494720000.0000 34350.0000 -0.0257 -0.1172 0.0450 0.2366 12.3733 0.0142 0.0357 0.0244 -0.0018 0.0004 -0.0161 0.0372 1.2284 1.0756
1494720000.0000 34650.0000 -0.1259 -0.2615 0.1432 0.3172 25.7135 0.0181 0.0134 0.0187 0.0017 -0.0034 -0.0066 0.0251 0.3995 0.3529
1494720000.0000 34950.0000 -0.3646 -0.1173 0.1391 0.4172 72.1723 0.0221 0.0228 0.0322 -0.0005 -0.0027 -0.0077 0.0386 0.3937 0.3197
1494720000.0000 35250.0000 -0.1597 0.0352 0.0284 0.2338 102.4465 0.0305 0.0149 0.0225 0.0083 -0.0094 -0.0016 0.0339 0.9059 0.7521
1494720000.0000 35550.0000 0.0034 -0.1552 0.1021 0.2540 358.7344 0.0176 0.0365 0.0248 0.0072 -0.0066 0.0005 0.0395 0.8729 0.8652
1494720000.0000 35850.0000 -0.3418 -0.1546 0.1337 0.4221 65.6623 0.0261 0.0383 0.0397 0.0071 -0.0122 -0.0139 0.0520 0.4676 0.3905
1494720000.0000 36150.0000 -0.3178 0.2094 0.0972 0.4577 123.3890 0.0399 0.0560 0.0433 0.0170 -0.0189 -0.0252 0.0696 0.5482 0.4696
1494720000.0000 36450.0000 -0.2490 -0.0465 0.0134 0.3735 79.4329 0.0438 0.0631 0.0726 0.0308 -0.0367 -0.0463 0.0897 0.9642 0.7453
1494720000.0000 36750.0000 -0.4098 -0.1933 0.1316 0.5144 64.7465 0.0464 0.0496 0.0767 0.0001 -0.0163 -0.0376 0.0864 0.5085 0.3948
1494720000.0000 37050.0000 -0.4322 -0.2887 0.1556 0.5627 56.2561 0.0598 0.0407 0.0797 0.0016 -0.0348 -0.0109 0.0901 0.4517 0.3521
1494720000.0000 37350.0000 -0.3906 -0.3008 0.1428 0.5635 52.4032 0.0728 0.0563 0.0844 -0.0014 -0.0161 -0.0236 0.1068 0.5198 0.4208
1494720000.0000 37650.0000 -0.4167 -0.3438 0.2508 0.6945 50.4755 0.1300 0.1526 0.0908 0.0285 -0.0451 -0.0385 0.1867 0.5923 0.5681
1494720000.0000 37950.0000 -0.3396 -0.2037 0.0791 0.5146 59.0478 0.0795 0.0832 0.0716 0.0272 -0.0057 -0.0130 0.1172 0.6922 0.5882
1494720000.0000 38250.0000 -0.1602 0.0232 0.1183 0.2984 98.2275 0.0420 0.0396 0.0436 0.0037 -0.0000 -0.0074 0.0626 1.0192 1.0191
1494720000.0000 38550.0000 -0.3492 -0.0225 0.1505 0.4077 86.3118 0.0278 0.0403 0.0452 -0.0029 -0.0116 -0.0174 0.0566 0.5101 0.4305
1494720000.0000 38850.0000 -0.1828 -0.1465 0.0825 0.2733 51.2944 0.0343 0.0151 0.0151 0.0147 -0.0017 0.0005 0.0322 0.5899 0.5474
1494720000.0000 39150.0000 -0.2967 -0.1892 0.1600 0.4039 57.4722 0.0593 0.0306 0.0378 0.0052 -0.0249 -0.0106 0.0639 0.5338 0.4920
1494720000.0000 39450.0000 -0.1444 -0.3059 0.0430 0.3960 25.2727 0.0516 0.0221 0.0437 -0.0055 -0.0150 -0.0034 0.0587 0.5802 0.4635
1494720000.0000 39750.0000 -0.5432 -0.3372 0.2287 0.6808 58.1684 0.0679 0.0437 0.0647 0.0004 -0.0256 0.0037 0.0881 0.3570 0.3017
1494720000.0000 40050.0000 -0.1731 -0.3713 0.0962 0.5603 24.9923 0.1407 0.0686 0.0769 -0.0518 -0.0223 -0.0100 0.1431 0.7341 0.6448
1494720000.0000 40350.0000 -0.2865 -0.1395 0.0827 0.5028 64.0385 0.0849 0.1149 0.1387 0.0123 -0.0491 -0.0597 0.1693 1.0203 0.8098
1494720000.0000 40650.0000 -0.4758 -0.1825 0.1577 0.5922 69.0084 0.0785 0.0759 0.0659 0.0232 -0.0204 -0.0057 0.1101 0.5080 0.4451
1494720000.0000 40950.0000 -0.1686 -0.0249 0.0389 0.4599 81.5841 0.1763 0.0599 0.0822 0.0599 -0.0619 -0.0301 0.1592 1.8636 1.6464
1494720000.0000 41250.0000 -0.2252 -0.1937 0.0883 0.4356 49.3053 0.0733 0.0755 0.0607 0.0106 -0.0239 -0.0115 0.1048 0.8528 0.7499
1494720000.0000 41550.0000 -0.2064 -0.3217 0.0792 0.4386 32.6894 0.0577 0.0162 0.0421 -0.0008 -0.0044 -0.0072 0.0580 0.5038 0.4108
1494720000.0000 41850.0000 -0.0732 -0.3053 0.1333 0.3659 13.4854 0.0429 0.0102 0.0318 0.0018 -0.0137 -0.0046 0.0424 0.4930 0.4234
1494720000.0000 42150.0000 0.0298 -0.1000 0.0481 0.2563 343.4096 0.0215 0.0489 0.0222 -0.0026 0.0007 -0.0034 0.0463 1.5294 1.4683
1494720000.0000 42450.0000 0.0193 -0.2924 0.0942 0.3146 356.2161 0.0145 0.0107 0.0207 -0.0010 0.0043 -0.0047 0.0230 0.4019 0.3130
1494720000.0000 42750.0000 0.1363 -0.4448 0.0558 0.5212 342.9648 0.0711 0.0316 0.0591 -0.0241 -0.0065 -0.0010 0.0809 0.4956 0.3976
1494720000.0000 43050.0000 -0.2515 -0.0745 0.0272 0.5301 73.4989 0.1028 0.1818 0.1005 0.0220 -0.0216 -0.0285 0.1926 1.3586 1.1741
1494720000.0000 43350.0000 -0.1515 -0.1372 0.1130 0.3936 47.8467 0.0758 0.0745 0.0688 0.0079 -0.0064 -0.0101 0.1096 1.1574 1.0955
1494720000.0000 43650.0000 -0.3383 -0.1085 0.1437 0.4319 72.2086 0.0545 0.0428 0.0513 0.0143 -0.0187 -0.0023 0.0743 0.5808 0.5069
1494720000.0000 43950.0000 -0.3218 -0.1439 0.1435 0.4238 65.9072 0.0441 0.0392 0.0423 -0.0104 -0.0103 -0.0049 0.0629 0.5379 0.4729
1494720000.0000 44250.0000 -0.2676 -0.2376 0.1054 0.4504 48.3951 0.0954 0.0309 0.0443 0.0237 -0.0250 -0.0045 0.0853 0.6391 0.5732
1494720000.0000 44550.0000 -0.0891 0.1897 0.0137 0.4150 154.8485 0.0728 0.1252 0.0522 0.0321 -0.0086 0.0006 0.1251 1.3751 1.2260
1494720000.0000 44850.0000 -0.1374 -0.0745 0.0140 0.2989 61.5163 0.0406 0.0465 0.0584 -0.0013 0.0099 -0.0039 0.0728 1.4039 1.0905
1494720000.0000 45150.0000 0.0607 -0.1873 -0.0451 0.4112 342.0486 0.1045 0.0504 0.0472 0.0296 0.0014 -0.0015 0.1011 1.2847 1.1539
1494720000.0000 45450.0000 -0.3197 -0.5094 0.1923 0.7837 32.1093 0.2028 0.2250 0.0936 -0.0885 -0.0586 0.0097 0.2607 0.6602 0.6279
1494720000.0000 45750.0000 -0.3833 0.1268 -0.0473 0.8798 108.3058 0.4378 0.3794 0.2887 0.0122 -0.0396 -0.2127 0.5529 1.4935 1.2926
1494720000.0000 46050.0000 -0.2988 -0.2034 0.0860 0.5044 55.7493 0.1220 0.0527 0.0977 0.0115 -0.0454 -0.0294 0.1362 0.8110 0.6676
1494720000.0000 46350.0000 -0.0722 -0.1911 0.0455 0.2732 20.7038 0.0409 0.0190 0.0272 0.0076 -0.0121 -0.0043 0.0435 0.8140 0.6915
1494720000.0000 46650.0000 -0.1514 -0.1277 0.0907 0.3995 49.8693 0.1050 0.0703 0.0362 0.0528 -0.0338 -0.0271 0.1057 1.2188 1.2204
1494720000.0000 46950.0000 -0.1523 -0.1623 0.0339 0.3400 43.1791 0.0717 0.0257 0.0303 -0.0032 0.0006 -0.0004 0.0638 0.9165 0.8096
1494720000.0000 47250.0000 -0.1856 -0.0527 0.0349 0.5290 74.1512 0.2578 0.0751 0.0704 0.0741 -0.1020 -0.0381 0.2017 1.8697 1.7263
1494720000.0000 47550.0000 -0.3098 -0.1548 0.0793 0.5737 63.4463 0.2507 0.1129 0.0996 -0.0360 -0.0107 -0.0035 0.2316 1.1058 1.0051
1494720000.0000 47850.0000 -0.1080 -0.2634 0.1842 0.4114 22.2954 0.0922 0.0581 0.0631 0.0464 -0.0273 -0.0347 0.1067 0.7866 0.7863
1494720000.0000 48150.0000 -0.1436 -0.2920 0.0867 0.4432 26.1938 0.1153 0.0377 0.0807 0.0060 -0.0464 -0.0152 0.1169 0.8289 0.6940
1494720000.0000 48450.0000 -0.1759 -0.2102 0.1059 0.4833 39.9181 0.1019 0.0940 0.0617 -0.0248 -0.0172 -0.0255 0.1288 0.9970 0.9322
1494720000.0000 48750.0000 -0.3915 -0.1150 0.0060 0.5913 73.6252 0.1317 0.1439 0.1406 -0.0041 -0.0278 -0.0381 0.2081 0.9128 0.7429
1494720000.0000 49050.0000 -0.3719 -0.2124 0.1797 0.5397 60.2724 0.1207 0.0761 0.1207 0.0176 -0.0498 -0.0508 0.1587 0.7004 0.5980
1494720000.0000 49350.0000 -0.4599 -0.1535 0.0995 0.5904 71.5375 0.1576 0.1056 0.0871 0.0454 -0.0680 -0.0365 0.1752 0.6905 0.6110
1494720000.0000 49650.0000 -0.1757 -0.1559 0.0788 0.4378 48.4202 0.1301 0.0646 0.0460 0.0400 -0.0293 -0.0239 0.1203 1.1434 1.0848
1494720000.0000 49950.0000 0.0773 -0.1231 -0.0238 0.3095 327.8529 0.0628 0.0331 0.0269 -0.0042 -0.0062 0.0001 0.0614 1.3736 1.2300
1494720000.0000 50250.0000 0.0625 -0.1372 0.0686 0.4058 335.4995 0.1352 0.0523 0.0585 0.0192 -0.0443 -0.0227 0.1230 1.7283 1.6578
1494720000.0000 50550.0000 0.2567 0.1362 -0.1942 0.4005 242.0573 0.0467 0.0662 0.0569 0.0137 0.0071 0.0026 0.0849 0.6806 0.6675
1494720000.0000 50850.0000 0.0963 0.0810 -0.1084 0.4768 229.9440 0.1265 0.1476 0.0698 0.0617 -0.0429 -0.0588 0.1720 2.0381 2.4017
1494720000.0000 51150.0000 -0.3358 -0.3381 0.1628 0.5468 44.8078 0.1180 0.0236 0.0509 0.0090 -0.0242 -0.0099 0.0963 0.5031 0.4560
1494720000.0000 51450.0000 -0.1728 -0.1710 0.1156 0.3815 45.3084 0.0992 0.0363 0.0610 0.0238 -0.0167 0.0112 0.0982 0.9506 0.8742
1494720000.0000 51750.0000 -0.4863 -0.2887 0.1593 0.6036 59.3011 0.0893 0.0502 0.0693 0.0217 -0.0370 -0.0215 0.1044 0.4490 0.3813
1494720000.0000 52050.0000 -0.3012 -0.0943 0.1323 0.4245 72.6146 0.0576 0.0448 0.0254 -0.0254 0.0071 0.0022 0.0639 0.6030 0.5853
1494720000.0000 52350.0000 -0.3084 -0.0518 0.0553 0.4350 80.4595 0.0340 0.0930 0.0473 -0.0097 -0.0042 -0.0438 0.0871 0.7589 0.6577
1494720000.0000 52650.0000 -0.3081 -0.1006 0.0974 0.3653 71.9224 0.0450 0.0206 0.0371 0.0021 -0.0190 -0.0056 0.0513 0.5466 0.4562
1494720000.0000 52950.0000 -0.2328 -0.1366 0.0951 0.3278 59.6092 0.0551 0.0259 0.0388 0.0114 -0.0180 -0.0173 0.0599 0.6984 0.6088
1494720000.0000 53250.0000 0.0115 -0.0803 0.0785 0.2873 351.8337 0.0482 0.0415 0.0207 0.0119 -0.0097 -0.0066 0.0552 1.7003 2.1335
1494720000.0000 53550.0000 0.1159 -0.1390 -0.0124 0.3001 320.1742 0.0587 0.0244 0.0582 0.0036 -0.0236 0.0050 0.0706 1.1962 0.9196
1494720000.0000 53850.0000 -0.0472 0.0692 -0.0664 0.4471 145.6729 0.1800 0.0871 0.1135 0.0525 -0.1180 -0.0426 0.1903 3.3331 3.5626
1494720000.0000 54150.0000 0.1587 -0.1093 -0.0535 0.4690 304.5497 0.1729 0.0501 0.0388 0.0389 -0.0631 -0.0173 0.1309 1.4776 1.4153
1494720000.0000 54450.0000 0.1921 0.1039 -0.1036 0.2890 241.5784 0.0575 0.0267 0.0080 0.0231 -0.0041 -0.0054 0.0461 0.7256 0.7674
1494720000.0000 54750.0000 0.2551 -0.0650 -0.0660 0.3566 284.2849 0.0402 0.0446 0.0214 0.0299 -0.0179 -0.0198 0.0531 0.6932 0.6387
1494720000.0000 55050.0000 0.0047 -0.0030 -0.0180 0.3670 302.6189 0.0980 0.1006 0.0210 0.0206 -0.0103 -0.0128 0.1098 14.3231 45.9541
1494720000.0000 55350.0000 -0.0980 -0.2851 -0.0439 0.4717 18.9684 0.1051 0.0988 0.0588 0.0247 0.0079 -0.0047 0.1313 0.9711 0.8646
1494720000.0000 55650.0000 -0.0526 -0.0818 0.0418 0.5064 32.7617 0.2259 0.0852 0.0655 -0.0496 -0.0463 -0.0163 0.1883 3.3477 3.3118
1494720000.0000 55950.0000 0.0554 -0.1356 -0.1234 0.6558 337.7779 0.1649 0.3732 0.2061 -0.0207 -0.0462 -0.0837 0.3721 2.6011 2.8923
1494720000.0000 56250.0000 0.0370 -0.2044 0.0530 0.4294 349.7306 0.0832 0.1007 0.0569 0.0400 -0.0028 -0.0376 0.1204 1.3218 1.1920
1494720000.0000 56550.0000 0.0020 -0.1180 0.0851 0.4411 359.0278 0.1417 0.1274 0.1113 -0.0669 0.0248 -0.0709 0.1902 2.4473 2.5382
1494720000.0000 56850.0000 -0.0094 -0.2719 0.1276 0.5890 1.9824 0.2099 0.1158 0.0637 0.0457 -0.0628 -0.0113 0.1947 1.1989 1.2111
1494720000.0000 57150.0000 0.0953 -0.1304 -0.0663 0.5010 323.8564 0.1161 0.1545 0.0621 0.0100 -0.0358 0.0156 0.1663 1.9071 1.8592
1494720000.0000 57450.0000 -0.0546 -0.0837 -0.0263 0.4575 33.0917 0.1185 0.1389 0.1065 0.0380 -0.0357 0.0179 0.1820 3.3703 2.9314
1494720000.0000 57750.0000 0.0311 -0.3550 0.0599 0.4530 354.9990 0.0818 0.0644 0.0628 0.0132 -0.0322 -0.0162 0.1045 0.7303 0.6194
1494720000.0000 58050.0000 -0.2599 -0.1924 0.1027 0.5613 53.4974 0.1432 0.1158 0.0679 0.0071 -0.0480 -0.0158 0.1635 0.9729 0.9086
1494720000.0000 58350.0000 -0.0656 -0.2718 0.0575 0.4647 13.5634 0.1210 0.0758 0.0965 0.0031 -0.0398 0.0202 0.1466 1.0954 0.9161
1494720000.0000 58650.0000 -0.0611 0.2418 -0.0578 0.3846 165.8266 0.0572 0.0698 0.0645 0.0069 -0.0147 -0.0173 0.0957 0.9869 0.8251
1494720000.0000 58950.0000 -0.3211 -0.3029 0.1692 0.4971 46.6672 0.1057 0.0352 0.0350 0.0317 -0.0321 -0.0238 0.0879 0.5122 0.4909
1494720000.0000 59250.0000 -0.0882 -0.0982 0.0402 0.2902 41.9410 0.0637 0.0371 0.0310 0.0102 -0.0218 -0.0084 0.0659 1.5189 1.3884
1494720000.0000 59550.0000 -0.4187 0.2032 0.0657 0.6190 115.8824 0.1038 0.1715 0.1022 0.0292 -0.0171 -0.0839 0.1888 0.7547 0.6509
1494720000.0000 59850.0000 0.1146 -0.0196 -0.0753 0.3369 279.6860 0.0576 0.0800 0.0543 -0.0154 -0.0382 0.0158 0.0960 1.8259 1.8425
1494720000.0000 60150.0000 -0.1755 -0.2071 0.1044 0.5240 40.2685 0.1945 0.1080 0.0875 0.1053 -0.0877 -0.0672 0.1950 1.2398 1.1698
1494720000.0000 60450.0000 0.0433 -0.1388 0.0357 0.2925 342.6658 0.0667 0.0241 0.0302 -0.0014 -0.0224 -0.0048 0.0605 1.3418 1.1968
1494720000.0000 60750.0000 0.0053 -0.2299 0.0783 0.4796 358.6838 0.1328 0.1052 0.0483 0.0432 -0.0293 -0.0234 0.1431 1.2713 1.2246
1494720000.0000 61050.0000 0.2329 0.0568 -0.0612 0.3753 256.2959 0.0690 0.0604 0.0396 0.0489 -0.0300 -0.0306 0.0845 0.9594 0.8664
1494720000.0000 61350.0000 0.1598 0.0481 -0.1122 0.2968 253.2521 0.0455 0.0384 0.0130 0.0066 -0.0163 0.0010 0.0485 0.8938 1.0020
1494720000.0000 61650.0000 0.0172 0.0324 -0.0220 0.2715 208.0011 0.0496 0.0401 0.0099 0.0232 -0.0080 -0.0060 0.0498 4.2621 4.7144
1494720000.0000 61950.0000 0.2371 0.0328 -0.0655 0.3050 262.1186 0.0470 0.0316 0.0165 0.0032 -0.0105 0.0024 0.0476 0.7175 0.6763
1494720000.0000 62250.0000 0.1457 -0.1704 -0.0635 0.3235 319.4664 0.0488 0.0320 0.0263 0.0116 -0.0112 0.0083 0.0535 0.8108 0.7320
1494720000.0000 62550.0000 0.0065 -0.2946 0.0567 0.3404 358.7448 0.0441 0.0346 0.0389 -0.0141 -0.0204 0.0138 0.0588 0.6598 0.5498
1494720000.0000 62850.0000 -0.1154 -0.2830 0.0921 0.4486 22.1931 0.1136 0.0544 0.0387 0.0114 -0.0319 -0.0200 0.1034 0.8223 0.7743
1494720000.0000 63150.0000 0.1764 0.2065 -0.0823 0.3301 220.4930 0.0293 0.0382 0.0149 0.0036 -0.0003 -0.0076 0.0412 0.5838 0.5522
1494720000.0000 63450.0000 0.1606 0.2150 -0.0919 0.3073 216.7695 0.0338 0.0118 0.0098 0.0042 0.0001 -0.0024 0.0277 0.4787 0.4593
1494720000.0000 63750.0000 0.1325 -0.0320 0.0032 0.2473 283.5727 0.0235 0.0337 0.0156 0.0053 -0.0079 -0.0053 0.0364 1.1424 1.0129
1494720000.0000 64050.0000 0.3041 0.1461 -0.1295 0.3941 244.3395 0.0532 0.0116 0.0107 -0.0042 -0.0157 0.0027 0.0377 0.4389 0.4356
1494720000.0000 64350.0000 0.1180 -0.0487 -0.0239 0.3962 292.4272 0.0631 0.0980 0.0216 0.0571 -0.0269 -0.0326 0.0913 1.8992 1.8143
1494720000.0000 64650.0000 0.2112 0.0540 -0.0370 0.4046 255.6611 0.0929 0.0486 0.0435 0.0525 -0.0551 -0.0374 0.0925 1.1231 0.9963
1494720000.0000 64950.0000 0.3859 0.2851 -0.1493 0.4922 233.5416 0.0224 0.0057 0.0060 -0.0013 -0.0025 -0.0005 0.0171 0.2122 0.2016
1494720000.0000 65250.0000 0.4459 0.2315 -0.1983 0.5230 242.5631 0.0214 0.0134 0.0074 -0.0040 -0.0007 0.0019 0.0211 0.2195 0.2144
1494720000.0000 65550.0000 0.2858 0.2605 -0.1459 0.4410 227.6581 0.0561 0.0123 0.0094 0.0080 -0.0130 0.0003 0.0389 0.3897 0.3905
1494720000.0000 65850.0000 0.1613 0.2371 -0.1060 0.4483 214.2359 0.1229 0.0400 0.0303 0.0444 -0.0467 -0.0267 0.0966 0.8301 0.8127
1494720000.0000 66150.0000 0.3701 0.1381 -0.0945 0.4742 249.5432 0.1107 0.0396 0.0257 0.0396 -0.0241 -0.0131 0.0880 0.5965 0.5667
1494720000.0000 66450.0000 -0.0305 0.1595 -0.0688 0.3178 169.1693 0.0549 0.0427 0.0444 0.0079 -0.0188 -0.0185 0.0709 1.2331 1.1102
1494720000.0000 66750.0000 0.2326 0.1008 -0.0707 0.3649 246.5768 0.0728 0.0301 0.0134 0.0282 -0.0190 -0.0056 0.0581 0.7481 0.7307
1494720000.0000 67050.0000 0.3610 0.2518 -0.1468 0.4792 235.1021 0.0510 0.0176 0.0135 0.0007 -0.0087 -0.0026 0.0410 0.3563 0.3434
1494720000.0000 67350.0000 0.4422 0.2778 -0.1598 0.5420 237.8678 0.0340 0.0177 0.0087 0.0043 -0.0019 -0.0040 0.0302 0.2597 0.2514
1494720000.0000 67650.0000 0.4325 0.2666 -0.1777 0.5347 238.3488 0.0790 0.0182 0.0117 0.0198 -0.0159 -0.0053 0.0545 0.3540 0.3543
1494720000.0000 67950.0000 0.3426 0.2688 -0.1474 0.4515 231.8833 0.0116 0.0119 0.0061 -0.0020 0.0006 -0.0008 0.0148 0.2162 0.2036
1494720000.0000 68250.0000 0.4687 0.2119 -0.1601 0.5511 245.6751 0.0348 0.0410 0.0092 0.0182 -0.0062 -0.0091 0.0425 0.3124 0.3090
1494720000.0000 68550.0000 0.4240 0.3472 -0.1693 0.5649 230.6896 0.0254 0.0072 0.0075 -0.0042 -0.0057 0.0009 0.0200 0.2014 0.1902
1494720000.0000 68850.0000 0.3385 0.3002 -0.1521 0.4744 228.4336 0.0334 0.0114 0.0076 -0.0012 -0.0036 -0.0020 0.0262 0.2769 0.2701
1494720000.0000 69150.0000 0.4850 0.3331 -0.2080 0.5996 235.5163 0.0241 0.0057 0.0069 -0.0019 -0.0040 0.0007 0.0184 0.1772 0.1695
1494720000.0000 69450.0000 0.5625 0.3405 -0.2049 0.6692 238.8127 0.0433 0.0065 0.0080 0.0014 -0.0061 0.0004 0.0289 0.2016 0.1960
1494720000.0000 69750.0000 0.4995 0.3380 -0.1995 0.6101 235.9156 0.0164 0.0053 0.0068 0.0007 -0.0034 0.0004 0.0142 0.1533 0.1409
1494720000.0000 70050.0000 0.5004 0.3463 -0.1860 0.6178 235.3133 0.0244 0.0055 0.0076 0.0008 -0.0052 -0.0002 0.0188 0.1758 0.1642
1494720000.0000 70350.0000 0.6311 0.3201 -0.1760 0.7147 243.1086 0.0250 0.0071 0.0062 0.0016 -0.0038 -0.0004 0.0192 0.1550 0.1461
1494720000.0000 70650.0000 0.6368 0.3650 -0.1918 0.7417 240.1823 0.0383 0.0074 0.0097 0.0049 -0.0055 -0.0007 0.0277 0.1791 0.1681
1494720000.0000 70950.0000 0.6892 0.3183 -0.1873 0.7671 245.2130 0.0287 0.0093 0.0092 0.0016 -0.0020 -0.0001 0.0236 0.1604 0.1483
1494720000.0000 71250.0000 0.6496 0.3265 -0.1731 0.7382 243.3146 0.0485 0.0097 0.0082 0.0041 -0.0078 -0.0006 0.0332 0.1990 0.1916
1494720000.0000 71550.0000 0.7493 0.3202 -0.1623 0.8228 246.8587 0.0323 0.0127 0.0091 0.0051 -0.0036 -0.0022 0.0271 0.1617 0.1503
1494720000.0000 71850.0000 0.7146 0.3150 -0.1801 0.7920 246.2129 0.0438 0.0182 0.0122 0.0097 -0.0082 -0.0041 0.0371 0.1962 0.1841
1494720000.0000 72150.0000 0.7380 0.3521 -0.1872 0.8257 244.4956 0.0265 0.0115 0.0094 0.0026 -0.0030 -0.0005 0.0237 0.1499 0.1376
1494720000.0000 72450.0000 0.7032 0.3619 -0.1871 0.8005 242.7666 0.0541 0.0135 0.0179 0.0100 -0.0092 -0.0021 0.0427 0.2077 0.1898
1494720000.0000 72750.0000 0.7345 0.3575 -0.1855 0.8247 244.0483 0.0429 0.0107 0.0109 0.0062 -0.0081 -0.0014 0.0322 0.1749 0.1636
1494720000.0000 73050.0000 0.8372 0.3308 -0.2057 0.9100 248.4399 0.0363 0.0224 0.0162 0.0117 -0.0055 -0.0023 0.0375 0.1712 0.1554
1494720000.0000 73350.0000 0.8064 0.3565 -0.1965 0.8935 246.1526 0.0431 0.0200 0.0135 0.0069 -0.0069 -0.0025 0.0383 0.1769 0.1645
1494720000.0000 73650.0000 0.6895 0.3782 -0.1960 0.7948 241.2548 0.0360 0.0104 0.0097 0.0042 -0.0058 -0.0015 0.0281 0.1688 0.1582
1494720000.0000 73950.0000 0.7439 0.3836 -0.1993 0.8442 242.7252 0.0347 0.0083 0.0116 0.0031 -0.0068 -0.0007 0.0273 0.1568 0.1431
1494720000.0000 74250.0000 0.7216 0.3696 -0.1906 0.8171 242.8818 0.0279 0.0075 0.0093 0.0021 -0.0043 -0.0010 0.0223 0.1465 0.1340
1494720000.0000 74550.0000 0.6846 0.3624 -0.1924 0.7806 242.1030 0.0309 0.0068 0.0083 0.0037 -0.0046 -0.0007 0.0230 0.1552 0.1447
1494720000.0000 74850.0000 0.6197 0.3429 -0.1764 0.7139 241.0418 0.0264 0.0066 0.0097 0.0038 -0.0037 0.0001 0.0214 0.1635 0.1482
1494720000.0000 75150.0000 0.4986 0.2643 -0.1184 0.5716 242.0681 0.0370 0.0085 0.0070 0.0086 -0.0063 -0.0019 0.0263 0.2295 0.2182
1494720000.0000 75450.0000 0.3669 0.2059 -0.0998 0.4358 240.6981 0.0287 0.0105 0.0051 0.0032 -0.0043 -0.0016 0.0222 0.2812 0.2718
1494720000.0000 75750.0000 0.3977 0.2772 -0.1584 0.4933 235.1233 0.0166 0.0047 0.0066 0.0002 -0.0047 -0.0002 0.0140 0.1891 0.1738
1494720000.0000 76050.0000 0.3600 0.2735 -0.1511 0.4598 232.7729 0.0119 0.0038 0.0060 -0.0004 -0.0033 -0.0006 0.0109 0.1788 0.1603
1494720000.0000 76350.0000 0.2974 0.2937 -0.1502 0.4236 225.3614 0.0063 0.0029 0.0030 -0.0003 -0.0011 -0.0002 0.0061 0.1436 0.1323
1494720000.0000 76650.0000 0.3456 0.3029 -0.1543 0.4651 228.7600 0.0118 0.0029 0.0038 0.0015 -0.0021 -0.0006 0.0093 0.1622 0.1525
1494720000.0000 76950.0000 0.4809 0.3058 -0.1797 0.5761 237.5455 0.0110 0.0039 0.0046 -0.0008 -0.0018 0.0001 0.0098 0.1350 0.1237
1494720000.0000 77250.0000 0.4381 0.2735 -0.1612 0.5210 238.0284 0.0102 0.0028 0.0046 0.0005 -0.0027 -0.0003 0.0088 0.1415 0.1276
1494720000.0000 77550.0000 0.4269 0.2989 -0.1637 0.5266 235.0040 0.0101 0.0034 0.0053 -0.0001 -0.0021 -0.0001 0.0094 0.1448 0.1286
1494720000.0000 77850.0000 0.4663 0.3255 -0.1790 0.5748 235.0793 0.0126 0.0045 0.0068 0.0003 -0.0019 -0.0003 0.0120 0.1498 0.1329
1494720000.0000 78150.0000 0.3729 0.3092 -0.1438 0.4905 230.3363 0.0118 0.0036 0.0054 0.0008 -0.0033 -0.0007 0.0104 0.1646 0.1479
1494720000.0000 78450.0000 0.4586 0.3364 -0.1843 0.5757 233.7415 0.0166 0.0047 0.0063 0.0008 -0.0022 0.0003 0.0138 0.1604 0.1481
1494720000.0000 78750.0000 0.5073 0.3599 -0.1956 0.6297 234.6494 0.0135 0.0056 0.0078 -0.0013 -0.0033 0.0010 0.0134 0.1452 0.1282
1494720000.0000 79050.0000 0.5511 0.3446 -0.2168 0.6542 237.9782 0.0062 0.0047 0.0049 -0.0003 -0.0005 0.0008 0.0079 0.1060 0.0928
1494720000.0000 79350.0000 0.3791 0.2918 -0.1546 0.4844 232.4145 0.0133 0.0044 0.0053 0.0017 -0.0035 -0.0008 0.0115 0.1742 0.1608
1494720000.0000 79650.0000 0.3606 0.2795 -0.1456 0.4625 232.2197 0.0125 0.0037 0.0047 0.0008 -0.0025 -0.0004 0.0105 0.1744 0.1610
1494720000.0000 79950.0000 0.4283 0.3043 -0.1697 0.5320 234.6083 0.0153 0.0038 0.0055 0.0006 -0.0025 0.0001 0.0123 0.1638 0.1515
1494720000.0000 80250.0000 0.4760 0.2958 -0.1781 0.5657 238.1444 0.0082 0.0047 0.0050 -0.0001 -0.0018 0.0002 0.0090 0.1317 0.1173
1494720000.0000 80550.0000 0.4282 0.2659 -0.1550 0.5089 238.1631 0.0096 0.0041 0.0044 0.0009 -0.0012 0.0002 0.0091 0.1477 0.1345
1494720000.0000 80850.0000 0.2507 0.2419 -0.0907 0.3529 226.0272 0.0047 0.0019 0.0016 -0.0001 -0.0005 0.0002 0.0041 0.1455 0.1350
1494720000.0000 81150.0000 0.4526 0.2940 -0.1482 0.5444 236.9875 0.0086 0.0033 0.0048 -0.0002 -0.0022 0.0002 0.0083 0.1332 0.1167
1494720000.0000 81450.0000 0.4289 0.2859 -0.1559 0.5213 236.3116 0.0103 0.0038 0.0062 -0.0001 -0.0028 -0.0001 0.0102 0.1528 0.1330
1494720000.0000 81750.0000 0.4841 0.2577 -0.1604 0.5522 241.9690 0.0046 0.0032 0.0029 -0.0006 -0.0009 0.0001 0.0054 0.1047 0.0930
1494720000.0000 82050.0000 0.5548 0.2591 -0.1535 0.6166 244.9698 0.0074 0.0048 0.0039 0.0003 -0.0001 0.0000 0.0081 0.1164 0.1044
1494720000.0000 82350.0000 0.3623 0.2592 -0.1248 0.4513 234.4206 0.0137 0.0026 0.0035 0.0012 -0.0029 -0.0004 0.0099 0.1756 0.1653
1494720000.0000 82650.0000 0.4773 0.2259 -0.1414 0.5353 244.6723 0.0152 0.0041 0.0038 -0.0009 -0.0028 0.0008 0.0116 0.1607 0.1521
1494720000.0000 82950.0000 0.4214 0.2164 -0.1319 0.4787 242.8233 0.0067 0.0031 0.0030 -0.0009 -0.0009 0.0005 0.0064 0.1331 0.1207
1494720000.0000 83250.0000 0.3132 0.2260 -0.1064 0.3914 234.1887 0.0075 0.0022 0.0034 -0.0002 -0.0012 -0.0003 0.0065 0.1649 0.1473
1494720000.0000 83550.0000 0.3203 0.2169 -0.0862 0.3985 235.8939 0.0187 0.0037 0.0034 -0.0011 -0.0043 0.0005 0.0129 0.2339 0.2233
1494720000.0000 83850.0000 0.5730 0.2806 -0.1473 0.6438 243.9097 0.0120 0.0056 0.0048 -0.0005 0.0006 0.0003 0.0112 0.1322 0.1202
1494720000.0000 84150.0000 0.4111 0.2949 -0.1633 0.5120 234.3419 0.0127 0.0039 0.0055 0.0009 -0.0019 0.0004 0.0110 0.1613 0.1468
1494720000.0000 84450.0000 0.2027 0.2236 -0.0762 0.3073 222.1998 0.0064 0.0029 0.0024 0.0014 -0.0018 -0.0007 0.0059 0.2012 0.1849
1494720000.0000 84750.0000 0.2822 0.2245 -0.0744 0.3668 231.4955 0.0058 0.0032 0.0023 -0.0007 -0.0005 -0.0002 0.0056 0.1666 0.1515
1494720000.0000 85050.0000 0.2968 0.2427 -0.1176 0.3918 230.7272 0.0187 0.0040 0.0056 0.0032 -0.0050 -0.0019 0.0142 0.2423 0.2271
1494720000.0000 85350.0000 0.2838 0.2409 -0.1120 0.3773 229.6739 0.0065 0.0026 0.0032 0.0002 -0.0012 -0.0001 0.0062 0.1648 0.1483
1494720000.0000 85650.0000 0.3305 0.2445 -0.1051 0.4168 233.5052 0.0115 0.0024 0.0037 0.0009 -0.0036 -0.0004 0.0088 0.1806 0.1658
1494720000.0000 85950.0000 0.2421 0.2417 -0.1049 0.3489 225.0579 0.0113 0.0039 0.0043 0.0021 -0.0032 -0.0008 0.0097 0.2252 0.2081
1494720000.0000 86250.0000 0.2485 0.2149 -0.0691 0.3356 229.1528 0.0083 0.0023 0.0025 -0.0004 -0.0020 0.0001 0.0066 0.1973 0.1815
1494806400.0000 86550.0000 0.3405 0.2382 -0.1408 0.4231 235.0250 0.0102 0.0031 0.0035 -0.0008 -0.0015 -0.0001 0.0084 0.1710 0.1607
1494806400.0000 86850.0000 0.3480 0.2833 -0.1298 0.4553 230.8469 0.0119 0.0037 0.0057 0.0005 -0.0025 -0.0004 0.0106 0.1803 0.1604
1494806400.0000 87150.0000 0.3055 0.2350 -0.0956 0.3928 232.4350 0.0111 0.0037 0.0040 0.0006 -0.0020 -0.0002 0.0094 0.1992 0.1822
1494806400.0000 87450.0000 0.4725 0.2138 -0.1374 0.5233 245.6480 0.0064 0.0044 0.0026 -0.0001 -0.0002 -0.0002 0.0067 0.1248 0.1158
1494806400.0000 87750.0000 0.3218 0.2210 -0.1064 0.3959 235.5180 0.0097 0.0020 0.0033 0.0002 -0.0028 -0.0001 0.0075 0.1749 0.1605
1494806400.0000 88050.0000 0.1994 0.1969 -0.0717 0.2832 225.3595 0.0039 0.0023 0.0022 0.0013 -0.0011 -0.0007 0.0042 0.1833 0.1625
1494806400.0000 88350.0000 0.1732 0.1983 -0.0582 0.2658 221.1367 0.0026 0.0031 0.0023 0.0016 -0.0007 -0.0009 0.0040 0.1924 0.1664
1494806400.0000 88650.0000 0.3343 0.2233 -0.0885 0.4089 236.2572 0.0180 0.0024 0.0033 0.0018 -0.0044 -0.0005 0.0118 0.2157 0.2050
1494806400.0000 88950.0000 0.4563 0.2653 -0.1537 0.5317 239.8279 0.0073 0.0029 0.0038 -0.0002 0.0000 0.0006 0.0070 0.1243 0.1106
1494806400.0000 89250.0000 0.3818 0.2604 -0.1464 0.4668 235.7043 0.0096 0.0022 0.0041 0.0005 -0.0022 0.0001 0.0079 0.1500 0.1354
1494806400.0000 89550.0000 0.3689 0.2583 -0.1260 0.4557 235.0014 0.0090 0.0020 0.0035 -0.0006 -0.0015 0.0002 0.0073 0.1489 0.1347
1494806400.0000 89850.0000 0.3589 0.2522 -0.1193 0.4446 234.9024 0.0113 0.0033 0.0051 0.0006 -0.0034 -0.0003 0.0099 0.1785 0.1594
1494806400.0000 90150.0000 0.2719 0.2314 -0.1124 0.3619 229.5951 0.0057 0.0025 0.0029 0.0002 -0.0009 -0.0005 0.0055 0.1623 0.1463
1494806400.0000 90450.0000 0.2433 0.2653 -0.1100 0.3643 222.5227 0.0046 0.0024 0.0021 0.0003 -0.0008 0.0003 0.0046 0.1465 0.1342
1494806400.0000 90750.0000 0.3293 0.2349 -0.1319 0.4114 234.4920 0.0157 0.0026 0.0040 0.0018 -0.0043 -0.0005 0.0112 0.2028 0.1933
1494806400.0000 91050.0000 0.2328 0.2380 -0.0937 0.3423 224.3643 0.0135 0.0019 0.0026 0.0009 -0.0028 -0.0001 0.0090 0.2236 0.2149
1494806400.0000 91350.0000 0.2186 0.2438 -0.0726 0.3300 221.8793 0.0023 0.0021 0.0018 0.0006 0.0006 0.0005 0.0031 0.1348 0.1165
1494806400.0000 91650.0000 0.1701 0.1337 -0.0167 0.2335 231.8419 0.0125 0.0060 0.0055 0.0012 0.0004 0.0006 0.0120 0.4121 0.3633
1494806400.0000 91950.0000 0.1330 0.2227 -0.0507 0.2640 210.8551 0.0032 0.0044 0.0027 0.0014 0.0003 0.0008 0.0051 0.2211 0.1934
1494806400.0000 92250.0000 0.2040 0.2255 -0.0793 0.3100 222.1373 0.0091 0.0020 0.0030 0.0016 -0.0018 -0.0005 0.0070 0.2179 0.1998
1494806400.0000 92550.0000 0.3688 0.2701 -0.1469 0.4623 233.7871 0.0080 0.0027 0.0049 -0.0002 -0.0019 -0.0005 0.0078 0.1503 0.1308
1494806400.0000 92850.0000 0.4135 0.2220 -0.1113 0.4777 241.7700 0.0108 0.0051 0.0035 -0.0013 -0.0004 0.0004 0.0096 0.1662 0.1547
1494806400.0000 93150.0000 0.3928 0.2102 -0.1191 0.4512 241.8508 0.0071 0.0040 0.0029 0.0002 -0.0015 -0.0001 0.0070 0.1480 0.1365
1494806400.0000 93450.0000 0.3219 0.2394 -0.1185 0.4061 233.3557 0.0069 0.0020 0.0040 -0.0002 -0.0020 -0.0001 0.0065 0.1570 0.1359
1494806400.0000 93750.0000 0.2479 0.2263 -0.0929 0.3407 227.6072 0.0064 0.0022 0.0027 0.0005 -0.0013 0.0002 0.0057 0.1766 0.1596
1494806400.0000 94050.0000 0.3386 0.2599 -0.1229 0.4320 232.4878 0.0118 0.0024 0.0037 0.0015 -0.0030 -0.0007 0.0090 0.1740 0.1614
1494806400.0000 94350.0000 0.3182 0.2741 -0.1181 0.4249 229.2585 0.0064 0.0032 0.0031 0.0000 -0.0012 -0.0003 0.0064 0.1493 0.1346
1494806400.0000 94650.0000 0.4002 0.2650 -0.1471 0.4870 236.4816 0.0220 0.0034 0.0037 0.0029 -0.0044 -0.0006 0.0145 0.1961 0.1916
1494806400.0000 94950.0000 0.5030 0.3232 -0.1749 0.6024 237.2753 0.0082 0.0031 0.0049 -0.0006 -0.0022 0.0003 0.0081 0.1180 0.1027
1494806400.0000 95250.0000 0.5080 0.3174 -0.1701 0.6051 238.0040 0.0108 0.0045 0.0060 -0.0009 -0.0020 0.0004 0.0106 0.1353 0.1190
1494806400.0000 95550.0000 0.4145 0.3076 -0.1372 0.5225 233.4167 0.0132 0.0037 0.0037 -0.0001 -0.0025 -0.0004 0.0103 0.1552 0.1455
1494806400.0000 95850.0000 0.5201 0.2994 -0.1787 0.6051 240.0729 0.0152 0.0039 0.0065 0.0013 -0.0048 -0.0007 0.0128 0.1475 0.1329
1494806400.0000 96150.0000 0.2984 0.2771 -0.1199 0.4119 227.1213 0.0050 0.0029 0.0027 -0.0003 -0.0005 -0.0003 0.0053 0.1394 0.1255
1494806400.0000 96450.0000 0.4471 0.2613 -0.1406 0.5243 239.6994 0.0145 0.0029 0.0031 -0.0009 -0.0022 -0.0001 0.0102 0.1540 0.1469
1494806400.0000 96750.0000 0.4961 0.2746 -0.1814 0.5725 241.0331 0.0166 0.0029 0.0031 0.0007 -0.0025 -0.0004 0.0113 0.1459 0.1422
1494806400.0000 97050.0000 0.4907 0.3315 -0.1902 0.5981 235.9596 0.0110 0.0042 0.0058 -0.0006 -0.0020 0.0007 0.0105 0.1346 0.1202
1494806400.0000 97350.0000 0.4577 0.3056 -0.1473 0.5579 236.2631 0.0219 0.0030 0.0040 0.0007 -0.0021 -0.0004 0.0145 0.1726 0.1657
1494806400.0000 97650.0000 0.3781 0.2804 -0.1375 0.4765 233.4365 0.0099 0.0028 0.0046 -0.0004 -0.0016 0.0003 0.0086 0.1545 0.1381
1494806400.0000 97950.0000 0.5036 0.2494 -0.1673 0.5680 243.6549 0.0083 0.0051 0.0034 -0.0008 -0.0009 0.0003 0.0084 0.1277 0.1188
1494806400.0000 98250.0000 0.5604 0.2639 -0.1830 0.6228 244.7789 0.0074 0.0036 0.0028 0.0000 0.0006 0.0004 0.0068 0.1045 0.0974
1494806400.0000 98550.0000 0.5036 0.2827 -0.1528 0.5816 240.6905 0.0093 0.0036 0.0052 0.0003 -0.0016 -0.0001 0.0090 0.1298 0.1134
1494806400.0000 98850.0000 0.3948 0.2288 -0.1316 0.4614 239.9097 0.0086 0.0040 0.0049 0.0008 -0.0032 -0.0005 0.0087 0.1603 0.1416
1494806400.0000 99150.0000 0.3509 0.1798 -0.0942 0.4006 242.8621 0.0114 0.0035 0.0024 0.0004 -0.0013 -0.0003 0.0087 0.1875 0.1787
1494806400.0000 99450.0000 0.4475 0.2370 -0.1386 0.5107 242.1001 0.0108 0.0024 0.0030 -0.0002 -0.0004 0.0003 0.0081 0.1400 0.1310
1494806400.0000 99750.0000 0.2857 0.1796 -0.0788 0.3419 237.8483 0.0044 0.0020 0.0026 -0.0003 -0.0014 -0.0000 0.0045 0.1584 0.1369
1494806400.0000 100050.0000 0.2599 0.0659 -0.0680 0.2823 255.7634 0.0115 0.0086 0.0056 0.0048 0.0018 0.0004 0.0128 0.3337 0.3046
1494806400.0000 100350.0000 0.2553 0.1787 -0.1001 0.3221 235.0153 0.0084 0.0037 0.0032 -0.0012 -0.0019 0.0011 0.0077 0.2187 0.2041
1494806400.0000 100650.0000 0.3774 0.2083 -0.1506 0.4380 241.1037 0.0070 0.0042 0.0043 -0.0011 -0.0005 0.0010 0.0077 0.1572 0.1415
1494806400.0000 100950.0000 0.1820 0.1876 -0.0849 0.2663 224.1287 0.0026 0.0017 0.0019 -0.0006 -0.0000 0.0000 0.0031 0.1664 0.1462
1494806400.0000 101250.0000 0.2271 0.2121 -0.0834 0.3192 226.9572 0.0057 0.0037 0.0024 -0.0007 -0.0012 0.0006 0.0059 0.1944 0.1796
1494806400.0000 101550.0000 0.2134 0.2431 -0.0971 0.3271 221.2698 0.0030 0.0039 0.0023 0.0008 -0.0005 0.0002 0.0046 0.1638 0.1478
1494806400.0000 101850.0000 0.2313 0.2022 -0.0834 0.3139 228.8320 0.0072 0.0028 0.0030 0.0002 -0.0015 0.0002 0.0065 0.2068 0.1878
1494806400.0000 102150.0000 0.3036 0.2048 -0.1118 0.3811 235.9956 0.0153 0.0044 0.0030 -0.0038 -0.0023 0.0012 0.0113 0.2272 0.2212
1494806400.0000 102450.0000 0.1564 0.1709 -0.0451 0.2366 222.4596 0.0037 0.0037 0.0026 0.0013 -0.0008 -0.0007 0.0050 0.2447 0.2141
1494806400.0000 102750.0000 0.2582 0.2110 -0.1007 0.3451 230.7434 0.0063 0.0068 0.0032 -0.0005 -0.0005 -0.0005 0.0082 0.2121 0.1984
1494806400.0000 103050.0000 0.2326 0.1827 -0.0845 0.3056 231.8564 0.0048 0.0038 0.0020 -0.0018 0.0000 0.0003 0.0053 0.1929 0.1808
1494806400.0000 103350.0000 0.1988 0.2291 -0.0914 0.3074 220.9440 0.0027 0.0026 0.0018 0.0003 -0.0000 0.0000 0.0036 0.1539 0.1385
1494806400.0000 103650.0000 0.2983 0.1690 -0.0871 0.3559 240.4731 0.0103 0.0053 0.0025 -0.0030 -0.0011 0.0007 0.0091 0.2202 0.2108
1494806400.0000 103950.0000 0.1259 0.1577 -0.0603 0.2226 218.5909 0.0137 0.0040 0.0032 -0.0001 -0.0016 -0.0001 0.0104 0.3962 0.3808
1494806400.0000 104250.0000 0.0930 0.1695 -0.0690 0.2190 208.7586 0.0110 0.0116 0.0087 0.0003 -0.0024 -0.0030 0.0156 0.4970 0.4487
1494806400.0000 104550.0000 0.1828 0.1751 -0.0741 0.2644 226.2414 0.0048 0.0040 0.0035 -0.0014 -0.0003 0.0003 0.0061 0.2423 0.2135
1494806400.0000 104850.0000 0.1978 0.2244 -0.1089 0.3032 221.3920 0.0026 0.0028 0.0025 0.0002 -0.0004 0.0003 0.0040 0.1613 0.1419
1494806400.0000 105150.0000 0.2665 0.2448 -0.1301 0.3694 227.4274 0.0078 0.0047 0.0029 0.0004 -0.0012 0.0001 0.0077 0.1859 0.1781
1494806400.0000 105450.0000 0.1668 0.1003 -0.0690 0.2235 238.9844 0.0093 0.0133 0.0064 -0.0027 -0.0012 -0.0006 0.0145 0.4759 0.4459
1494806400.0000 105750.0000 0.0504 -0.0179 0.0125 0.0819 289.6043 0.0028 0.0039 0.0020 -0.0006 0.0008 -0.0002 0.0043 0.9743 0.8786
1494806400.0000 106050.0000 0.1540 0.1121 -0.0502 0.2084 233.9514 0.0059 0.0054 0.0033 0.0000 -0.0013 0.0011 0.0073 0.3540 0.3223
1494806400.0000 106350.0000 0.0428 0.1938 -0.0642 0.2092 192.4565 0.0044 0.0045 0.0042 0.0012 0.0007 0.0003 0.0066 0.3173 0.2751
1494806400.0000 106650.0000 0.1256 0.2765 -0.0784 0.3090 204.4261 0.0053 0.0071 0.0055 0.0032 -0.0012 0.0003 0.0090 0.2464 0.2120
1494806400.0000 106950.0000 0.2515 0.2324 -0.1050 0.3482 227.2657 0.0040 0.0063 0.0025 0.0009 -0.0006 -0.0001 0.0064 0.1829 0.1713
1494806400.0000 107250.0000 0.1243 0.0899 -0.0709 0.1768 234.1188 0.0056 0.0068 0.0037 0.0003 -0.0018 -0.0022 0.0080 0.4331 0.4186
1494806400.0000 107550.0000 0.0715 0.1953 -0.0541 0.2242 200.0974 0.0078 0.0050 0.0028 0.0008 0.0016 -0.0008 0.0079 0.3368 0.3149
1494806400.0000 107850.0000 0.0524 0.1382 -0.0559 0.1884 200.7628 0.0125 0.0060 0.0036 0.0049 -0.0034 -0.0017 0.0111 0.5440 0.5322
1494806400.0000 108150.0000 0.0610 0.1448 -0.0442 0.1774 202.8473 0.0070 0.0030 0.0029 -0.0013 -0.0026 -0.0001 0.0065 0.4019 0.3668
1494806400.0000 108450.0000 0.1894 0.1265 -0.0873 0.2388 236.2616 0.0105 0.0016 0.0025 -0.0004 0.0010 -0.0006 0.0073 0.2856 0.2779
1494806400.0000 108750.0000 0.0196 0.0783 -0.0357 0.0995 194.0523 0.0033 0.0014 0.0015 0.0011 0.0005 0.0001 0.0031 0.5162 0.4914
1494806400.0000 109050.0000 -0.1484 -0.1118 0.0649 0.1982 53.0181 0.0017 0.0063 0.0023 0.0007 -0.0006 -0.0024 0.0052 0.2986 0.2789
1494806400.0000 109350.0000 0.0225 -0.1155 0.0140 0.1267 348.9988 0.0031 0.0019 0.0048 -0.0011 -0.0009 0.0008 0.0049 0.4818 0.3478
1494806400.0000 109650.0000 -0.1106 -0.1006 0.0691 0.1674 47.7018 0.0088 0.0060 0.0044 0.0042 -0.0046 -0.0025 0.0096 0.4847 0.4687
1494806400.0000 109950.0000 -0.0796 -0.0493 0.0474 0.1256 58.2340 0.0101 0.0038 0.0037 -0.0002 -0.0037 -0.0002 0.0088 0.7312 0.7283
1494806400.0000 110250.0000 -0.0242 -0.1103 -0.0496 0.2605 12.3571 0.0485 0.0173 0.0309 -0.0121 -0.0295 0.0121 0.0484 1.4563 1.3123
1494806400.0000 110550.0000 -0.2725 -0.2323 0.1553 0.3780 49.5513 0.0189 0.0138 0.0167 0.0028 -0.0064 -0.0049 0.0247 0.3289 0.2918
1494806400.0000 110850.0000 -0.2798 -0.1734 0.1161 0.3413 58.2083 0.0131 0.0084 0.0144 0.0017 -0.0058 -0.0013 0.0179 0.3132 0.2570
1494806400.0000 111150.0000 0.0341 -0.0098 0.0296 0.2202 285.9694 0.0375 0.0212 0.0124 0.0170 -0.0051 -0.0050 0.0355 3.3311 3.9449
1494806400.0000 111450.0000 -0.3372 -0.2650 0.1458 0.4544 51.8376 0.0386 0.0176 0.0285 0.0140 -0.0118 -0.0085 0.0424 0.3710 0.3192
1494806400.0000 111750.0000 -0.3599 -0.0885 0.1819 0.4008 76.1896 0.0225 0.0222 0.0318 -0.0004 -0.0082 -0.0023 0.0383 0.3870 0.3296
1494806400.0000 112050.0000 -0.3330 -0.3678 0.2046 0.5324 42.1551 0.0597 0.0196 0.0426 0.0091 -0.0116 -0.0092 0.0609 0.3755 0.3277
1494806400.0000 112350.0000 -0.2055 -0.3905 0.2252 0.4695 27.7536 0.0322 0.0149 0.0270 0.0037 -0.0039 -0.0115 0.0371 0.3174 0.2841
1494806400.0000 112650.0000 -0.1971 -0.2976 0.1547 0.4305 33.5214 0.0676 0.0171 0.0219 -0.0089 -0.0074 -0.0087 0.0533 0.4844 0.4706
1494806400.0000 112950.0000 -0.3688 -0.2139 0.0895 0.4573 59.8835 0.0197 0.0219 0.0250 0.0006 -0.0087 -0.0037 0.0333 0.3423 0.2764
1494806400.0000 113250.0000 -0.3120 -0.2519 0.1537 0.4449 51.0838 0.0435 0.0271 0.0491 0.0054 -0.0039 -0.0198 0.0598 0.4650 0.3824
1494806400.0000 113550.0000 -0.3655 -0.2308 0.1324 0.4966 57.7246 0.0518 0.0487 0.0613 0.0029 -0.0153 -0.0392 0.0809 0.5138 0.4235
1494806400.0000 113850.0000 -0.4573 -0.1608 0.2382 0.5320 70.6311 0.0450 0.0556 0.0403 0.0239 -0.0229 -0.0231 0.0704 0.4012 0.3778
1494806400.0000 114150.0000 -0.3455 -0.1095 0.0548 0.4165 72.4137 0.0359 0.0335 0.0272 0.0045 -0.0100 0.0058 0.0483 0.4893 0.4194
1494806400.0000 114450.0000 -0.3203 -0.1041 0.0435 0.3992 71.9959 0.0227 0.0462 0.0261 0.0116 -0.0062 -0.0057 0.0475 0.5242 0.4501
1494806400.0000 114750.0000 -0.2789 -0.1288 0.1518 0.3458 65.2182 0.0239 0.0284 0.0314 0.0078 -0.0063 -0.0129 0.0419 0.4876 0.4300
1494806400.0000 115050.0000 -0.1211 -0.1420 0.2062 0.2770 40.4657 0.0288 0.0252 0.0206 -0.0170 0.0083 -0.0094 0.0373 0.5671 0.7190
1494806400.0000 115350.0000 -0.3618 -0.0736 0.1305 0.3968 78.5068 0.0228 0.0194 0.0674 0.0002 -0.0140 -0.0089 0.0548 0.4880 0.3213
1494806400.0000 115650.0000 -0.3372 -0.1644 0.1137 0.4242 64.0089 0.0710 0.0212 0.0641 -0.0025 -0.0402 0.0069 0.0781 0.5822 0.4672
1494806400.0000 115950.0000 -0.1452 -0.0987 0.0232 0.2265 55.7887 0.0161 0.0136 0.0188 -0.0056 0.0001 -0.0003 0.0242 0.7178 0.5668
1494806400.0000 116250.0000 -0.3923 -0.2001 0.1481 0.4674 62.9751 0.0176 0.0244 0.0207 0.0020 -0.0086 -0.0011 0.0314 0.3113 0.2687
1494806400.0000 116550.0000 -0.2496 -0.2132 0.0715 0.3548 49.4975 0.0303 0.0147 0.0319 0.0029 -0.0085 -0.0091 0.0385 0.4766 0.3731
1494806400.0000 116850.0000 -0.3518 -0.1765 0.1113 0.4447 63.3579 0.0542 0.0317 0.0609 0.0233 -0.0288 -0.0070 0.0734 0.5409 0.4300
1494806400.0000 117150.0000 -0.2348 -0.1789 0.1037 0.4156 52.6980 0.0993 0.0207 0.0302 -0.0231 -0.0047 -0.0007 0.0751 0.7150 0.6775
1494806400.0000 117450.0000 -0.3715 -0.2215 0.0511 0.4710 59.1938 0.0434 0.0227 0.0533 -0.0028 -0.0253 0.0040 0.0597 0.4579 0.3430
1494806400.0000 117750.0000 -0.3242 -0.2310 0.0281 0.4214 54.5360 0.0342 0.0156 0.0325 0.0064 -0.0061 -0.0038 0.0411 0.4149 0.3237
1494806400.0000 118050.0000 -0.3446 -0.2579 0.0654 0.4842 53.1921 0.0544 0.0216 0.0312 -0.0087 -0.0004 -0.0048 0.0536 0.4342 0.3697
1494806400.0000 118350.0000 -0.4126 -0.2991 0.0977 0.5663 54.0596 0.0699 0.0249 0.0511 -0.0097 -0.0182 -0.0006 0.0729 0.4250 0.3488
1494806400.0000 118650.0000 -0.4869 -0.3604 0.2208 0.6351 53.4949 0.0595 0.0267 0.0473 0.0054 -0.0278 -0.0083 0.0668 0.3272 0.2798
1494806400.0000 118950.0000 -0.5163 -0.3551 0.2420 0.6524 55.4838 0.0560 0.0312 0.0793 0.0089 -0.0168 0.0086 0.0833 0.3508 0.2721
1494806400.0000 119250.0000 -0.3422 -0.2153 0.0835 0.4591 57.8229 0.0376 0.0393 0.0406 -0.0016 -0.0082 -0.0069 0.0587 0.4793 0.3958
1494806400.0000 119550.0000 -0.2032 -0.3768 0.1017 0.4688 28.3359 0.0455 0.0240 0.0510 0.0034 -0.0034 -0.0139 0.0602 0.4554 0.3555
1494806400.0000 119850.0000 -0.2358 -0.3542 0.1575 0.5110 33.6522 0.0946 0.0313 0.0486 -0.0161 -0.0249 -0.0027 0.0872 0.5315 0.4814
1494806400.0000 120150.0000 -0.4887 -0.2485 0.1653 0.5939 63.0514 0.0497 0.0467 0.0511 0.0027 -0.0243 -0.0118 0.0737 0.3871 0.3269
1494806400.0000 120450.0000 -0.3980 -0.3135 0.0824 0.5563 51.7699 0.0768 0.0551 0.0612 0.0258 -0.0249 -0.0296 0.0966 0.4943 0.4138
1494806400.0000 120750.0000 -0.4425 -0.2013 0.1535 0.5548 65.5426 0.0459 0.0596 0.0465 -0.0087 -0.0220 -0.0037 0.0760 0.4416 0.3858
1494806400.0000 121050.0000 -0.3154 -0.2664 0.1322 0.4380 49.8180 0.0349 0.0169 0.0272 0.0051 -0.0128 -0.0059 0.0395 0.3743 0.3184
1494806400.0000 121350.0000 -0.1888 -0.3664 0.1906 0.5376 27.2598 0.1327 0.0216 0.0383 -0.0182 -0.0268 -0.0012 0.0963 0.5579 0.5502
1494806400.0000 121650.0000 -0.0805 -0.3123 0.0250 0.3771 14.4487 0.0367 0.0250 0.0382 -0.0015 -0.0057 -0.0091 0.0500 0.5643 0.4448
1494806400.0000 121950.0000 -0.0627 -0.2879 0.0399 0.3495 12.2808 0.0278 0.0316 0.0304 0.0011 0.0037 -0.0062 0.0449 0.5817 0.4773
1494806400.0000 122250.0000 -0.3250 -0.2834 0.2166 0.5070 48.9106 0.1048 0.0215 0.0404 -0.0043 -0.0285 -0.0016 0.0833 0.4884 0.4757
1494806400.0000 122550.0000 -0.3951 -0.3785 0.1836 0.5802 46.2329 0.0626 0.0342 0.0720 0.0142 -0.0381 -0.0270 0.0844 0.4111 0.3284
1494806400.0000 122850.0000 -0.3520 -0.1573 0.0902 0.4297 65.9179 0.0513 0.0461 0.0350 0.0186 -0.0149 -0.0161 0.0662 0.5306 0.4675
1494806400.0000 123150.0000 -0.3178 -0.2389 0.1562 0.5213 53.0688 0.0688 0.0916 0.0527 -0.0093 -0.0096 -0.0280 0.1066 0.6240 0.5817
1494806400.0000 123450.0000 -0.2390 0.0094 0.0986 0.4641 92.2618 0.0837 0.1218 0.0783 -0.0110 -0.0405 -0.0107 0.1419 1.1887 1.0942
1494806400.0000 123750.0000 -0.5301 -0.1903 0.2672 0.6635 70.2534 0.0838 0.0928 0.0641 0.0022 -0.0429 -0.0152 0.1204 0.4544 0.4308
1494806400.0000 124050.0000 -0.3957 -0.1962 0.0425 0.5066 63.6300 0.0864 0.0537 0.0542 0.0244 0.0049 0.0097 0.0971 0.5735 0.4893
1494806400.0000 124350.0000 -0.1992 -0.1283 0.1015 0.3941 57.2228 0.0962 0.0442 0.0533 0.0295 -0.0238 -0.0157 0.0969 0.9858 0.9129
1494806400.0000 124650.0000 -0.3227 -0.3804 0.1680 0.5811 40.3073 0.1050 0.0447 0.0801 -0.0083 0.0005 -0.0180 0.1149 0.5258 0.4479
1494806400.0000 124950.0000 -0.2166 -0.3481 0.0713 0.4897 31.8844 0.0850 0.0350 0.0550 -0.0047 0.0096 -0.0060 0.0876 0.5806 0.4880
1494806400.0000 125250.0000 -0.2295 -0.2185 0.1731 0.4778 46.3940 0.0830 0.0930 0.0576 -0.0018 -0.0275 -0.0205 0.1168 0.7729 0.7645
1494806400.0000 125550.0000 -0.3813 0.1060 0.0274 0.7345 105.5308 0.1102 0.3862 0.1407 0.0387 -0.0191 -0.1528 0.3185 1.1616 1.0278
1494806400.0000 125850.0000 -0.2532 -0.0011 0.0281 0.5877 89.7537 0.1967 0.1595 0.0857 0.0910 -0.0402 -0.0323 0.2210 1.5067 1.3610
1494806400.0000 126150.0000 -0.1300 -0.0482 0.0292 0.4368 69.6643 0.1070 0.1185 0.0638 -0.0304 -0.0083 0.0068 0.1447 2.1920 1.9777
1494806400.0000 126450.0000 -0.2151 -0.0943 -0.0009 0.5126 66.3138 0.1348 0.1548 0.0969 0.0314 -0.0326 -0.0828 0.1933 1.5284 1.3231
1494806400.0000 126750.0000 -0.4920 -0.3637 0.2765 0.6723 53.5328 0.0863 0.0547 0.1007 0.0120 -0.0260 -0.0152 0.1208 0.4227 0.3544
1494806400.0000 127050.0000 -0.4321 -0.2623 0.2530 0.6247 58.7381 0.1526 0.0686 0.0792 0.0215 -0.0320 -0.0110 0.1502 0.5597 0.5371
1494806400.0000 127350.0000 -0.3838 -0.0739 0.0485 0.5356 79.0998 0.1279 0.1114 0.1162 0.0439 -0.0288 -0.0316 0.1778 0.8741 0.7226
1494806400.0000 127650.0000 -0.1341 -0.2125 0.0719 0.4569 32.2566 0.1323 0.0732 0.0806 0.0346 -0.0467 -0.0409 0.1431 1.1815 1.0414
1494806400.0000 127950.0000 -0.4250 -0.2812 0.1010 0.6234 56.5075 0.1689 0.0666 0.0967 0.0193 -0.0062 -0.0070 0.1661 0.6406 0.5499
1494806400.0000 128250.0000 -0.2092 -0.2188 0.0372 0.3920 43.7116 0.0566 0.0486 0.0555 0.0145 -0.0056 -0.0114 0.0804 0.7588 0.6186
1494806400.0000 128550.0000 -0.1994 -0.3659 0.1056 0.6020 28.5871 0.2325 0.0727 0.0743 -0.0257 -0.0397 -0.0022 0.1897 0.8273 0.7654
1494806400.0000 128850.0000 -0.3822 -0.1802 0.1215 0.5398 64.7586 0.0790 0.0932 0.0702 0.0203 -0.0081 -0.0125 0.1212 0.6465 0.5671
1494806400.0000 129150.0000 -0.2245 -0.0864 0.0260 0.4454 68.9591 0.0499 0.1457 0.1052 -0.0129 0.0122 -0.0774 0.1504 1.3090 1.0617
1494806400.0000 129450.0000 -0.2280 -0.2566 0.1090 0.4546 41.6177 0.0938 0.0536 0.0872 -0.0049 0.0129 -0.0274 0.1173 0.7765 0.6457
1494806400.0000 129750.0000 -0.2799 0.0952 0.0304 0.4805 108.7830 0.1120 0.1025 0.1287 0.0110 -0.0310 -0.0391 0.1716 1.1382 0.9045
1494806400.0000 130050.0000 -0.2613 -0.1162 0.0214 0.4836 66.0231 0.1009 0.1254 0.1813 0.0326 -0.0453 -0.0798 0.2038 1.2852 0.9603
1494806400.0000 130350.0000 -0.2527 -0.0670 0.0458 0.4003 75.1484 0.0794 0.0643 0.0935 -0.0085 -0.0226 -0.0074 0.1186 1.0595 0.8371
1494806400.0000 130650.0000 -0.2709 -0.0466 0.1310 0.3815 80.2307 0.0620 0.0630 0.0440 0.0247 -0.0184 -0.0221 0.0845 0.7794 0.7425
1494806400.0000 130950.0000 -0.2005 -0.1260 0.0958 0.3279 57.8515 0.0379 0.0365 0.0440 0.0014 -0.0133 -0.0082 0.0592 0.7775 0.6649
1494806400.0000 131250.0000 -0.2131 -0.1122 0.1021 0.4327 62.2240 0.0734 0.1161 0.1291 0.0237 -0.0168 -0.0770 0.1593 1.2455 1.0434
1494806400.0000 131550.0000 -0.1782 -0.0187 -0.0755 0.2830 83.9990 0.0439 0.0288 0.0477 -0.0029 -0.0145 0.0082 0.0602 1.0309 0.8693
1494806400.0000 131850.0000 -0.0796 0.1097 -0.0251 0.4287 144.0397 0.0650 0.1614 0.1319 0.0171 -0.0208 -0.1092 0.1791 2.5063 2.0260
1494806400.0000 132150.0000 -0.2242 -0.0215 0.0478 0.3531 84.5118 0.0575 0.0521 0.0526 0.0037 -0.0169 -0.0070 0.0811 1.0101 0.8489
1494806400.0000 132450.0000 -0.2742 -0.0004 0.0689 0.3532 89.9092 0.0281 0.0420 0.0431 -0.0059 -0.0142 0.0101 0.0566 0.6870 0.5574
1494806400.0000 132750.0000 0.0394 -0.1607 0.0927 0.2146 346.2220 0.0168 0.0137 0.0346 0.0028 -0.0032 -0.0110 0.0326 0.7767 0.6093
1494806400.0000 133050.0000 -0.1757 0.0037 0.0425 0.2468 91.2166 0.0319 0.0162 0.0174 0.0003 -0.0129 -0.0001 0.0328 0.8175 0.7208
1494806400.0000 133350.0000 -0.2373 0.0198 0.0906 0.3875 94.7775 0.0876 0.0552 0.0307 -0.0242 0.0152 -0.0165 0.0867 0.9439 0.9161
1494806400.0000 133650.0000 0.0381 0.0789 0.0317 0.3319 205.7738 0.0774 0.0478 0.0215 -0.0130 -0.0104 0.0088 0.0733 2.3737 2.3322
1494806400.0000 133950.0000 0.0965 -0.2188 -0.0093 0.3708 336.1941 0.0704 0.0453 0.0361 -0.0111 -0.0132 0.0010 0.0759 0.9401 0.8213
1494806400.0000 134250.0000 -0.1989 -0.2696 0.1013 0.4685 36.4251 0.0829 0.0672 0.0858 -0.0307 -0.0411 0.0094 0.1179 0.8011 0.6677
1494806400.0000 134550.0000 -0.4247 -0.1732 0.2188 0.5354 67.8140 0.0816 0.0619 0.0558 0.0314 -0.0343 -0.0186 0.0996 0.5072 0.4768
1494806400.0000 134850.0000 -0.1917 -0.2412 -0.0191 0.4253 38.4762 0.0439 0.0738 0.0564 -0.0285 0.0125 -0.0237 0.0870 0.7804 0.6429
1494806400.0000 135150.0000 0.1646 -0.2856 0.1135 0.3918 330.0474 0.0463 0.0404 0.0745 -0.0063 -0.0230 0.0092 0.0806 0.6649 0.5156
1494806400.0000 135450.0000 0.2234 -0.3155 -0.1081 0.4509 324.6966 0.0663 0.0456 0.0704 -0.0243 0.0014 -0.0077 0.0911 0.6140 0.4996
1494806400.0000 135750.0000 -0.1582 -0.3091 0.1480 0.3862 27.1055 0.0495 0.0226 0.0524 0.0185 -0.0247 -0.0207 0.0623 0.5398 0.4465
1494806400.0000 136050.0000 -0.1665 -0.2375 0.0943 0.4440 35.0261 0.1045 0.0570 0.0798 -0.0184 0.0015 -0.0170 0.1207 0.9299 0.7999
1494806400.0000 136350.0000 -0.1686 -0.1385 0.1397 0.3087 50.5839 0.0327 0.0326 0.0277 -0.0107 -0.0031 0.0007 0.0465 0.6796 0.6761
1494806400.0000 136650.0000 -0.2792 -0.0811 0.0740 0.3897 73.7968 0.0907 0.0290 0.0352 0.0126 -0.0146 -0.0052 0.0775 0.7574 0.6870
1494806400.0000 136950.0000 -0.2458 -0.0852 0.0610 0.3771 70.8916 0.0684 0.0528 0.0717 0.0264 -0.0293 -0.0145 0.0964 0.9489 0.7725
1494806400.0000 137250.0000 0.0680 -0.1223 0.0395 0.3110 330.9312 0.0599 0.0485 0.0450 -0.0095 -0.0240 0.0019 0.0767 1.5551 1.3586
1494806400.0000 137550.0000 -0.0341 -0.2921 0.0708 0.3510 6.6517 0.0431 0.0185 0.0399 0.0066 -0.0010 -0.0031 0.0508 0.6082 0.4874
1494806400.0000 137850.0000 -0.0766 -0.1081 0.0505 0.3363 35.3198 0.0764 0.0374 0.0540 -0.0231 -0.0197 0.0087 0.0839 1.6678 1.4696
1494806400.0000 138150.0000 -0.0062 -0.1098 0.1456 0.2520 3.2461 0.0349 0.0354 0.0343 -0.0073 -0.0145 0.0046 0.0523 1.0230 1.3909
1494806400.0000 138450.0000 0.1118 -0.4395 -0.0860 0.4964 345.7300 0.0545 0.0596 0.0797 -0.0328 -0.0304 0.0292 0.0969 0.5507 0.4302
1494806400.0000 138750.0000 0.1497 0.0739 -0.0608 0.3014 243.7406 0.0584 0.0300 0.0515 0.0259 -0.0375 -0.0246 0.0700 1.2153 1.0283
1494806400.0000 139050.0000 0.0804 0.1229 -0.0879 0.1888 213.1847 0.0169 0.0085 0.0172 0.0009 -0.0075 -0.0013 0.0213 0.6959 0.6255
1494806400.0000 139350.0000 -0.0039 0.2015 -0.0592 0.2509 178.8785 0.0213 0.0081 0.0175 0.0045 -0.0041 -0.0016 0.0235 0.5955 0.4912
1494806400.0000 139650.0000 0.1221 0.2017 -0.0987 0.3236 211.1814 0.0491 0.0126 0.0207 -0.0017 -0.0140 0.0025 0.0412 0.6483 0.6082
1494806400.0000 139950.0000 0.2776 0.1697 -0.2060 0.3519 238.5574 0.0280 0.0163 0.0323 0.0052 -0.0104 -0.0092 0.0383 0.4149 0.3732
1494806400.0000 140250.0000 0.1880 0.0399 -0.0615 0.2223 258.0258 0.0152 0.0073 0.0119 0.0019 -0.0014 -0.0003 0.0172 0.5306 0.4503
1494806400.0000 140550.0000 0.2305 0.1687 -0.1224 0.3153 233.7934 0.0172 0.0142 0.0156 0.0022 -0.0021 -0.0001 0.0235 0.4027 0.3584
1494806400.0000 140850.0000 0.2060 0.2323 -0.0941 0.3640 221.5689 0.0435 0.0200 0.0166 0.0034 -0.0153 0.0011 0.0400 0.5035 0.4684
1494806400.0000 141150.0000 0.0334 -0.1494 0.0523 0.2246 347.4008 0.0282 0.0114 0.0196 0.0062 -0.0069 -0.0040 0.0296 0.8690 0.7512
1494806400.0000 141450.0000 -0.2424 -0.2044 0.0834 0.3537 49.8501 0.0293 0.0357 0.0309 0.0139 -0.0146 -0.0209 0.0480 0.5457 0.4645
1494806400.0000 141750.0000 0.1733 0.0668 -0.0497 0.2587 248.9044 0.0148 0.0260 0.0110 -0.0067 0.0003 -0.0046 0.0259 0.6834 0.6276
1494806400.0000 142050.0000 0.1580 -0.2286 -0.0553 0.2985 325.3528 0.0291 0.0226 0.0273 -0.0163 -0.0162 0.0080 0.0395 0.5730 0.4726
1494806400.0000 142350.0000 0.2896 0.0751 -0.0775 0.3496 255.4690 0.0544 0.0202 0.0188 0.0125 -0.0146 -0.0057 0.0467 0.5711 0.5273
1494806400.0000 142650.0000 0.1759 0.0946 -0.1009 0.2961 241.7363 0.0290 0.0380 0.0206 -0.0072 0.0051 -0.0058 0.0438 0.7636 0.7482
1494806400.0000 142950.0000 -0.0619 0.0654 0.0192 0.2530 136.5875 0.0181 0.0539 0.0310 0.0114 -0.0121 -0.0244 0.0515 2.0121 1.7202
1494806400.0000 143250.0000 0.1299 -0.2669 -0.0468 0.4905 334.0393 0.1111 0.0930 0.0763 0.0111 -0.0494 -0.0002 0.1402 1.0174 0.8788
1494806400.0000 143550.0000 -0.2141 0.0003 0.1087 0.4762 90.0847 0.1319 0.1306 0.0569 -0.0157 -0.0225 -0.0238 0.1597 1.3589 1.3816
1494806400.0000 143850.0000 -0.0780 -0.1457 0.1147 0.3012 28.1781 0.0442 0.0487 0.0292 0.0152 -0.0049 -0.0153 0.0611 1.0032 1.0651
1494806400.0000 144150.0000 -0.1910 -0.1445 0.0873 0.3376 52.8814 0.0486 0.0334 0.0270 0.0098 -0.0130 -0.0121 0.0545 0.7477 0.6904
1494806400.0000 144450.0000 -0.1708 -0.2278 0.0803 0.3430 36.8609 0.0456 0.0188 0.0232 0.0113 -0.0063 -0.0042 0.0438 0.5777 0.5147
1494806400.0000 144750.0000 0.1462 -0.2980 -0.0005 0.3708 333.8710 0.0317 0.0218 0.0533 -0.0073 -0.0064 -0.0030 0.0534 0.5685 0.4023
1494806400.0000 145050.0000 0.1968 -0.0957 -0.0643 0.3194 295.9400 0.0366 0.0440 0.0232 -0.0033 -0.0038 0.0072 0.0519 0.8156 0.7489
1494806400.0000 145350.0000 0.0026 -0.1259 0.0242 0.2076 358.8052 0.0112 0.0356 0.0180 0.0043 -0.0057 -0.0142 0.0324 1.1459 0.9920
1494806400.0000 145650.0000 0.1864 0.0039 -0.1246 0.2880 268.7881 0.0220 0.0423 0.0148 0.0012 -0.0027 0.0109 0.0395 0.7241 0.7854
1494806400.0000 145950.0000 0.2774 0.2637 -0.1718 0.4102 226.4544 0.0304 0.0084 0.0093 -0.0032 -0.0040 0.0006 0.0240 0.3016 0.2969
1494806400.0000 146250.0000 0.2841 -0.1562 0.0157 0.3859 298.8102 0.0326 0.0400 0.0173 0.0014 0.0007 -0.0111 0.0449 0.5333 0.4799
1494806400.0000 146550.0000 0.1160 0.1611 -0.1140 0.2243 215.7458 0.0105 0.0140 0.0130 0.0018 -0.0021 -0.0028 0.0187 0.4881 0.4551
1494806400.0000 146850.0000 0.1980 0.1931 -0.0928 0.2933 225.7115 0.0240 0.0098 0.0055 0.0077 -0.0019 -0.0013 0.0196 0.3923 0.3835
1494806400.0000 147150.0000 0.2624 0.2163 -0.1372 0.3590 230.5022 0.0171 0.0080 0.0059 -0.0009 -0.0024 0.0015 0.0155 0.2776 0.2692
1494806400.0000 147450.0000 0.2533 0.1841 -0.1154 0.3285 233.9842 0.0190 0.0087 0.0043 0.0041 -0.0003 -0.0007 0.0160 0.3094 0.3071
1494806400.0000 147750.0000 0.2055 0.0938 -0.0822 0.2983 245.4707 0.0260 0.0273 0.0068 -0.0038 -0.0022 0.0018 0.0300 0.5889 0.5903
1494806400.0000 148050.0000 0.3491 -0.0180 -0.1191 0.4413 272.9470 0.0440 0.0947 0.0313 -0.0149 -0.0159 0.0236 0.0850 0.6447 0.6153
1494806400.0000 148350.0000 0.4085 0.0735 -0.1484 0.5025 259.8006 0.0322 0.0854 0.0328 0.0043 -0.0075 0.0284 0.0752 0.5081 0.4771
1494806400.0000 148650.0000 0.4446 0.2301 -0.1168 0.5135 242.6320 0.0169 0.0100 0.0071 -0.0006 0.0021 0.0006 0.0170 0.2069 0.1890
1494806400.0000 148950.0000 0.3320 0.2436 -0.1752 0.4284 233.7301 0.0224 0.0113 0.0068 0.0012 0.0010 -0.0013 0.0202 0.2595 0.2573
1494806400.0000 149250.0000 0.4477 0.2697 -0.2210 0.5409 238.9362 0.0260 0.0140 0.0144 0.0020 -0.0013 0.0045 0.0272 0.2372 0.2207
1494806400.0000 149550.0000 0.5312 0.2965 -0.1595 0.6240 240.8309 0.0342 0.0110 0.0097 -0.0027 0.0017 0.0007 0.0274 0.2150 0.2017
1494806400.0000 149850.0000 0.6601 0.2590 -0.1387 0.7194 248.5746 0.0289 0.0160 0.0081 0.0071 -0.0007 -0.0005 0.0265 0.1839 0.1725
1494806400.0000 150150.0000 0.5917 0.3169 -0.1528 0.6812 241.8304 0.0280 0.0084 0.0098 0.0000 -0.0037 -0.0005 0.0231 0.1801 0.1640
1494806400.0000 150450.0000 0.4293 0.3220 -0.1766 0.5468 233.1263 0.0192 0.0058 0.0091 -0.0010 -0.0009 -0.0002 0.0171 0.1889 0.1702
1494806400.0000 150750.0000 0.4610 0.2918 -0.1730 0.5601 237.6694 0.0219 0.0083 0.0080 -0.0032 -0.0023 -0.0002 0.0191 0.1973 0.1840
1494806400.0000 151050.0000 0.4635 0.3162 -0.2005 0.5683 235.6991 0.0122 0.0053 0.0070 -0.0007 -0.0036 0.0001 0.0123 0.1517 0.1360
