1494720000.0000 150.0000 nan nan nan nan nan nan nan nan nan nan nan nan nan nan
1494720000.0000 450.0000 nan nan nan nan nan nan nan nan nan nan nan nan nan nan
1494720000.0000 750.0000 nan nan nan nan nan nan nan nan nan nan nan nan nan nan
1494720000.0000 1050.0000 nan nan nan nan nan nan nan nan nan nan nan nan nan nan
1494720000.0000 1350.0000 nan nan nan nan nan nan nan nan nan nan nan nan nan nan
1494720000.0000 1650.0000 nan nan nan nan nan nan nan nan nan nan nan nan nan nan
1494720000.0000 1950.0000 nan nan nan nan nan nan nan nan nan nan nan nan nan nan
1494720000.0000 2250.0000 nan nan nan nan nan nan nan nan nan nan nan nan nan nan
1494720000.0000 2550.0000 nan nan nan nan nan nan nan nan nan nan nan nan nan nan
1494720000.0000 2850.0000 nan nan nan nan nan nan nan nan nan nan nan nan nan nan
1494720000.0000 3150.0000 nan nan nan nan nan nan nan nan nan nan nan nan nan nan
1494720000.0000 3450.0000 nan nan nan nan nan nan nan nan nan nan nan nan nan nan
1494720000.0000 3750.0000 nan nan nan nan nan nan nan nan nan nan nan nan nan nan
1494720000.0000 4050.0000 nan nan nan nan nan nan nan nan nan nan nan nan nan nan
1494720000.0000 4350.0000 nan nan nan nan nan nan nan nan nan nan nan nan nan nan
1494720000.0000 4650.0000 nan nan nan nan nan nan nan nan nan nan nan nan nan nan
1494720000.0000 4950.0000 nan nan nan nan nan nan nan nan nan nan nan nan nan nan
1494720000.0000 5250.0000 nan nan nan nan nan nan nan nan nan nan nan nan nan nan
1494720000.0000 5550.0000 nan nan nan nan nan nan nan nan nan nan nan nan nan nan
1494720000.0000 5850.0000 nan nan nan nan nan nan nan nan nan nan nan nan nan nan
1494720000.0000 6150.0000 nan nan nan nan nan nan nan nan nan nan nan nan nan nan
1494720000.0000 6450.0000 nan nan nan nan nan nan nan nan nan nan nan nan nan nan
1494720000.0000 6750.0000 nan nan nan nan nan nan nan nan nan nan nan nan nan nan
1494720000.0000 7050.0000 nan nan nan nan nan nan nan nan nan nan nan nan nan nan
1494720000.0000 7350.0000 nan nan nan nan nan nan nan nan nan nan nan nan nan nan
1494720000.0000 7650.0000 nan nan nan nan nan nan nan nan nan nan nan nan nan nan
1494720000.0000 7950.0000 nan nan nan nan nan nan nan nan nan nan nan nan nan nan
1494720000.0000 8250.0000 nan nan nan nan nan nan nan nan nan nan nan nan nan nan
1494720000.0000 8550.0000 nan nan nan nan nan nan nan nan nan nan nan nan nan nan
1494720000.0000 8850.0000 nan nan nan nan nan nan nan nan nan nan nan nan nan nan
1494720000.0000 9150.0000 nan nan nan nan nan nan nan nan nan nan nan nan nan nan
1494720000.0000 9450.0000 nan nan nan nan nan nan nan nan nan nan nan nan nan nan
1494720000.0000 9750.0000 nan nan nan nan nan nan nan nan nan nan nan nan nan nan
1494720000.0000 10050.0000 nan nan nan nan nan nan nan nan nan nan nan nan nan nan
1494720000.0000 10350.0000 nan nan nan nan nan nan nan nan nan nan nan nan nan nan
1494720000.0000 10650.0000 nan nan nan nan nan nan nan nan nan nan nan nan nan nan
1494720000.0000 10950.0000 nan nan nan nan nan nan nan nan nan nan nan nan nan nan
1494720000.0000 11250.0000 nan nan nan nan nan nan nan nan nan nan nan nan nan nan
1494720000.0000 11550.0000 nan nan nan nan nan nan nan nan nan nan nan nan nan nan
1494720000.0000 11850.0000 nan nan nan nan nan nan nan nan nan nan nan nan nan nan
1494720000.0000 12150.0000 nan nan nan nan nan nan nan nan nan nan nan nan nan nan
1494720000.0000 12450.0000 nan nan nan nan nan nan nan nan nan nan nan nan nan nan
1494720000.0000 12750.0000 nan nan nan nan nan nan nan nan nan nan nan nan nan nan
1494720000.0000 13050.0000 nan nan nan nan nan nan nan nan nan nan nan nan nan nan
1494720000.0000 13350.0000 nan nan nan nan nan nan nan nan nan nan nan nan nan nan
1494720000.0000 13650.0000 nan nan nan nan nan nan nan nan nan nan nan nan nan nan
1494720000.0000 13950.0000 nan nan nan nan nan nan nan nan nan nan nan nan nan nan
1494720000.0000 14250.0000 nan nan nan nan nan nan nan nan nan nan nan nan nan nan
1494720000.0000 14550.0000 nan nan nan nan nan nan nan nan nan nan nan nan nan nan
1494720000.0000 14850.0000 nan nan nan nan nan nan nan nan nan nan nan nan nan nan
1494720000.0000 15150.0000 nan nan nan nan nan nan nan nan nan nan nan nan nan nan
1494720000.0000 15450.0000 nan nan nan nan nan nan nan nan nan nan nan nan nan nan
1494720000.0000 15750.0000 nan nan nan nan nan nan nan nan nan nan nan nan nan nan
1494720000.0000 16050.0000 nan nan nan nan nan nan nan nan nan nan nan nan nan nan
1494720000.0000 16350.0000 nan nan nan nan nan nan nan nan nan nan nan nan nan nan
1494720000.0000 16650.0000 nan nan nan nan nan nan nan nan nan nan nan nan nan nan
1494720000.0000 16950.0000 nan nan nan nan nan nan nan nan nan nan nan nan nan nan
1494720000.0000 17250.0000 nan nan nan nan nan nan nan nan nan nan nan nan nan nan
1494720000.0000 17550.0000 nan nan nan nan nan nan nan nan nan nan nan nan nan nan
1494720000.0000 17850.0000 nan nan nan nan nan nan nan nan nan nan nan nan nan nan
1494720000.0000 18150.0000 nan nan nan nan nan nan nan nan nan nan nan nan nan nan
1494720000.0000 18450.0000 nan nan nan nan nan nan nan nan nan nan nan nan nan nan
1494720000.0000 18750.0000 nan nan nan nan nan nan nan nan nan nan nan nan nan nan
1494720000.0000 19050.0000 nan nan nan nan nan nan nan nan nan nan nan nan nan nan
1494720000.0000 19350.0000 nan nan nan nan nan nan nan nan nan nan nan nan nan nan
1494720000.0000 19650.0000 nan nan nan nan nan nan nan nan nan nan nan nan nan nan
1494720000.0000 19950.0000 nan nan nan nan nan nan nan nan nan nan nan nan nan nan
1494720000.0000 20250.0000 nan nan nan nan nan nan nan nan nan nan nan nan nan nan
1494720000.0000 20550.0000 nan nan nan nan nan nan nan nan nan nan nan nan nan nan
1494720000.0000 20850.0000 nan nan nan nan nan nan nan nan nan nan nan nan nan nan
1494720000.0000 21150.0000 nan nan nan nan nan nan nan nan nan nan nan nan nan nan
1494720000.0000 21450.0000 nan nan nan nan nan nan nan nan nan nan nan nan nan nan
1494720000.0000 21750.0000 nan nan nan nan nan nan nan nan nan nan nan nan nan nan
1494720000.0000 22050.0000 nan nan nan nan nan nan nan nan nan nan nan nan nan nan
1494720000.0000 22350.0000 nan nan nan nan nan nan nan nan nan nan nan nan nan nan
1494720000.0000 22650.0000 nan nan nan nan nan nan nan nan nan nan nan nan nan nan
1494720000.0000 22950.0000 nan nan nan nan nan nan nan nan nan nan nan nan nan nan
1494720000.0000 23250.0000 nan nan nan nan nan nan nan nan nan nan nan nan nan nan
1494720000.0000 23550.0000 nan nan nan nan nan nan nan nan nan nan nan nan nan nan
1494720000.0000 23850.0000 nan nan nan nan nan nan nan nan nan nan nan nan nan nan
1494720000.0000 24150.0000 nan nan nan nan nan nan nan nan nan nan nan nan nan nan
1494720000.0000 24450.0000 nan nan nan nan nan nan nan nan nan nan nan nan nan nan
1494720000.0000 24750.0000 nan nan nan nan nan nan nan nan nan nan nan nan nan nan
1494720000.0000 25050.0000 nan nan nan nan nan nan nan nan nan nan nan nan nan nan
1494720000.0000 25350.0000 nan nan nan nan nan nan nan nan nan nan nan nan nan nan
1494720000.0000 25650.0000 nan nan nan nan nan nan nan nan nan nan nan nan nan nan
1494720000.0000 25950.0000 nan nan nan nan nan nan nan nan nan nan nan nan nan nan
1494720000.0000 26250.0000 nan nan nan nan nan nan nan nan nan nan nan nan nan nan
1494720000.0000 26550.0000 nan nan nan nan nan nan nan nan nan nan nan nan nan nan
1494720000.0000 26850.0000 nan nan nan nan nan nan nan nan nan nan nan nan nan nan
1494720000.0000 27150.0000 nan nan nan nan nan nan nan nan nan nan nan nan nan nan
1494720000.0000 27450.0000 nan nan nan nan nan nan nan nan nan nan nan nan nan nan
1494720000.0000 27750.0000 nan nan nan nan nan nan nan nan nan nan nan nan nan nan
1494720000.0000 28050.0000 nan nan nan nan nan nan nan nan nan nan nan nan nan nan
1494720000.0000 28350.0000 nan nan nan nan nan nan nan nan nan nan nan nan nan nan
1494720000.0000 28650.0000 nan nan nan nan nan nan nan nan nan nan nan nan nan nan
1494720000.0000 28950.0000 nan nan nan nan nan nan nan nan nan nan nan nan nan nan
1494720000.0000 29250.0000 nan nan nan nan nan nan nan nan nan nan nan nan nan nan
1494720000.0000 29550.0000 nan nan nan nan nan nan nan nan nan nan nan nan nan nan
1494720000.0000 29850.0000 nan nan nan nan nan nan nan nan nan nan nan nan nan nan
1494720000.0000 30150.0000 nan nan nan nan nan nan nan nan nan nan nan nan nan nan
1494720000.0000 30450.0000 nan nan nan nan nan nan nan nan nan nan nan nan nan nan
1494720000.0000 30750.0000 nan nan nan nan nan nan nan nan nan nan nan nan nan nan
1494720000.0000 31050.0000 nan nan nan nan nan nan nan nan nan nan nan nan nan nan
1494720000.0000 31350.0000 nan nan nan nan nan nan nan nan nan nan nan nan nan nan
1494720000.0000 31650.0000 nan nan nan nan nan nan nan nan nan nan nan nan nan nan
1494720000.0000 31950.0000 nan nan nan nan nan nan nan nan nan nan nan nan nan nan
1494720000.0000 32250.0000 nan nan nan nan nan nan nan nan nan nan nan nan nan nan
1494720000.0000 32550.0000 nan nan nan nan nan nan nan nan nan nan nan nan nan nan
1494720000.0000 32850.0000 nan nan nan nan nan nan nan nan nan nan nan nan nan nan
1494720000.0000 33150.0000 nan nan nan nan nan nan nan nan nan nan nan nan nan nan
1494720000.0000 33450.0000 nan nan nan nan nan nan nan nan nan nan nan nan nan nan
1494720000.0000 33750.0000 nan nan nan nan nan nan nan nan nan nan nan nan nan nan
1494720000.0000 34050.0000 nan nan nan nan nan nan nan nan nan nan nan nan nan nan
1494720000.0000 34350.0000 nan nan nan nan nan nan nan nan nan nan nan nan nan nan
1494720000.0000 34650.0000 nan nan nan nan nan nan nan nan nan nan nan nan nan nan
1494720000.0000 34950.0000 nan nan nan nan nan nan nan nan nan nan nan nan nan nan
1494720000.0000 35250.0000 nan nan nan nan nan nan nan nan nan nan nan nan nan nan
1494720000.0000 35550.0000 nan nan nan nan nan nan nan nan nan nan nan nan nan nan
1494720000.0000 35850.0000 nan nan nan nan nan nan nan nan nan nan nan nan nan nan
1494720000.0000 36150.0000 nan nan nan nan nan nan nan nan nan nan nan nan nan nan
1494720000.0000 36450.0000 nan nan nan nan nan nan nan nan nan nan nan nan nan nan
1494720000.0000 36750.0000 nan nan nan nan nan nan nan nan nan nan nan nan nan nan
1494720000.0000 37050.0000 nan nan nan nan nan nan nan nan nan nan nan nan nan nan
1494720000.0000 37350.0000 nan nan nan nan nan nan nan nan nan nan nan nan nan nan
1494720000.0000 37650.0000 nan nan nan nan nan nan nan nan nan nan nan nan nan nan
1494720000.0000 37950.0000 nan nan nan nan nan nan nan nan nan nan nan nan nan nan
1494720000.0000 38250.0000 nan nan nan nan nan nan nan nan nan nan nan nan nan nan
1494720000.0000 38550.0000 nan nan nan nan nan nan nan nan nan nan nan nan nan nan
1494720000.0000 38850.0000 nan nan nan nan nan nan nan nan nan nan nan nan nan nan
1494720000.0000 39150.0000 nan nan nan nan nan nan nan nan nan nan nan nan nan nan
1494720000.0000 39450.0000 nan nan nan nan nan nan nan nan nan nan nan nan nan nan
1494720000.0000 39750.0000 nan nan nan nan nan nan nan nan nan nan nan nan nan nan
1494720000.0000 40050.0000 nan nan nan nan nan nan nan nan nan nan nan nan nan nan
1494720000.0000 40350.0000 nan nan nan nan nan nan nan nan nan nan nan nan nan nan
1494720000.0000 40650.0000 nan nan nan nan nan nan nan nan nan nan nan nan nan nan
1494720000.0000 40950.0000 nan nan nan nan nan nan nan nan nan nan nan nan nan nan
1494720000.0000 41250.0000 nan nan nan nan nan nan nan nan nan nan nan nan nan nan
1494720000.0000 41550.0000 nan nan nan nan nan nan nan nan nan nan nan nan nan nan
1494720000.0000 41850.0000 nan nan nan nan nan nan nan nan nan nan nan nan nan nan
1494720000.0000 42150.0000 nan nan nan nan nan nan nan nan nan nan nan nan nan nan
1494720000.0000 42450.0000 nan nan nan nan nan nan nan nan nan nan nan nan nan nan
1494720000.0000 42750.0000 nan nan nan nan nan nan nan nan nan nan nan nan nan nan
1494720000.0000 43050.0000 nan nan nan nan nan nan nan nan nan nan nan nan nan nan
1494720000.0000 43350.0000 nan nan nan nan nan nan nan nan nan nan nan nan nan nan
1494720000.0000 43650.0000 nan nan nan nan nan nan nan nan nan nan nan nan nan nan
1494720000.0000 43950.0000 nan nan nan nan nan nan nan nan nan nan nan nan nan nan
1494720000.0000 44250.0000 nan nan nan nan nan nan nan nan nan nan nan nan nan nan
1494720000.0000 44550.0000 nan nan nan nan nan nan nan nan nan nan nan nan nan nan
1494720000.0000 44850.0000 nan nan nan nan nan nan nan nan nan nan nan nan nan nan
1494720000.0000 45150.0000 nan nan nan nan nan nan nan nan nan nan nan nan nan nan
1494720000.0000 45450.0000 nan nan nan nan nan nan nan nan nan nan nan nan nan nan
1494720000.0000 45750.0000 nan nan nan nan nan nan nan nan nan nan nan nan nan nan
1494720000.0000 46050.0000 nan nan nan nan nan nan nan nan nan nan nan nan nan nan
1494720000.0000 46350.0000 nan nan nan nan nan nan nan nan nan nan nan nan nan nan
1494720000.0000 46650.0000 nan nan nan nan nan nan nan nan nan nan nan nan nan nan
1494720000.0000 46950.0000 nan nan nan nan nan nan nan nan nan nan nan nan nan nan
1494720000.0000 47250.0000 nan nan nan nan nan nan nan nan nan nan nan nan nan nan
1494720000.0000 47550.0000 nan nan nan nan nan nan nan nan nan nan nan nan nan nan
1494720000.0000 47850.0000 nan nan nan nan nan nan nan nan nan nan nan nan nan nan
1494720000.0000 48150.0000 nan nan nan nan nan nan nan nan nan nan nan nan nan nan
1494720000.0000 48450.0000 nan nan nan nan nan nan nan nan nan nan nan nan nan nan
1494720000.0000 48750.0000 nan nan nan nan nan nan nan nan nan nan nan nan nan nan
1494720000.0000 49050.0000 nan nan nan nan nan nan nan nan nan nan nan nan nan nan
1494720000.0000 49350.0000 nan nan nan nan nan nan nan nan nan nan nan nan nan nan
1494720000.0000 49650.0000 nan nan nan nan nan nan nan nan nan nan nan nan nan nan
1494720000.0000 49950.0000 nan nan nan nan nan nan nan nan nan nan nan nan nan nan
1494720000.0000 50250.0000 nan nan nan nan nan nan nan nan nan nan nan nan nan nan
1494720000.0000 50550.0000 nan nan nan nan nan nan nan nan nan nan nan nan nan nan
1494720000.0000 50850.0000 nan nan nan nan nan nan nan nan nan nan nan nan nan nan
1494720000.0000 51150.0000 nan nan nan nan nan nan nan nan nan nan nan nan nan nan
1494720000.0000 51450.0000 nan nan nan nan nan nan nan nan nan nan nan nan nan nan
1494720000.0000 51750.0000 nan nan nan nan nan nan nan nan nan nan nan nan nan nan
1494720000.0000 52050.0000 nan nan nan nan nan nan nan nan nan nan nan nan nan nan
1494720000.0000 52350.0000 nan nan nan nan nan nan nan nan nan nan nan nan nan nan
1494720000.0000 52650.0000 nan nan nan nan nan nan nan nan nan nan nan nan nan nan
1494720000.0000 52950.0000 nan nan nan nan nan nan nan nan nan nan nan nan nan nan
1494720000.0000 53250.0000 nan nan nan nan nan nan nan nan nan nan nan nan nan nan
1494720000.0000 53550.0000 nan nan nan nan nan nan nan nan nan nan nan nan nan nan
1494720000.0000 53850.0000 nan nan nan nan nan nan nan nan nan nan nan nan nan nan
1494720000.0000 54150.0000 nan nan nan nan nan nan nan nan nan nan nan nan nan nan
1494720000.0000 54450.0000 nan nan nan nan nan nan nan nan nan nan nan nan nan nan
1494720000.0000 54750.0000 nan nan nan nan nan nan nan nan nan nan nan nan nan nan
1494720000.0000 55050.0000 nan nan nan nan nan nan nan nan nan nan nan nan nan nan
1494720000.0000 55350.0000 nan nan nan nan nan nan nan nan nan nan nan nan nan nan
1494720000.0000 55650.0000 nan nan nan nan nan nan nan nan nan nan nan nan nan nan
1494720000.0000 55950.0000 nan nan nan nan nan nan nan nan nan nan nan nan nan nan
1494720000.0000 56250.0000 nan nan nan nan nan nan nan nan nan nan nan nan nan nan
1494720000.0000 56550.0000 nan nan nan nan nan nan nan nan nan nan nan nan nan nan
1494720000.0000 56850.0000 nan nan nan nan nan nan nan nan nan nan nan nan nan nan
1494720000.0000 57150.0000 nan nan nan nan nan nan nan nan nan nan nan nan nan nan
1494720000.0000 57450.0000 nan nan nan nan nan nan nan nan nan nan nan nan nan nan
1494720000.0000 57750.0000 -0.0405 -0.2627 0.1001 0.4990 8.7748 0.1279 0.1427 0.0747 -0.0113 0.0219 -0.0040 0.1727 1.1947 1.1301
1494720000.0000 58050.0000 -0.1607 -0.8918 0.2096 1.0489 10.2136 0.3193 0.3273 0.1181 0.0651 -0.0181 0.0287 0.3824 0.5428 0.5123
1494720000.0000 58350.0000 -0.1074 -0.3695 0.0297 0.7214 16.2035 0.5128 0.1699 0.1544 0.0502 -0.1423 -0.0049 0.4186 1.3687 1.2397
1494720000.0000 58650.0000 -0.0295 -0.3853 0.0088 0.6593 4.3727 0.2003 0.2526 0.0904 0.0681 -0.0393 -0.0276 0.2717 1.1011 1.0056
1494720000.0000 58950.0000 -0.4096 -0.8711 0.3228 1.1575 25.1838 0.3517 0.4885 0.1155 0.0492 0.0056 0.0465 0.4779 0.5559 0.5498
1494720000.0000 59250.0000 0.1464 -1.2613 0.2777 1.4103 353.3788 0.3266 0.5686 0.2336 -0.0426 -0.1145 0.0326 0.5644 0.4719 0.4302
1494720000.0000 59550.0000 0.0718 -0.9710 0.3035 1.0627 355.7732 0.1775 0.4946 0.0878 -0.0855 0.0051 0.0222 0.3800 0.4935 0.4862
1494720000.0000 59850.0000 -0.0355 -0.5014 0.1814 0.6687 4.0447 0.1797 0.2653 0.0777 -0.0068 -0.0067 0.0122 0.2613 0.7811 0.7662
1494720000.0000 60150.0000 -0.0626 -1.0294 0.1319 1.1344 3.4821 0.1721 0.4133 0.1342 -0.0565 0.0161 -0.0548 0.3598 0.4711 0.4284
1494720000.0000 60450.0000 -0.0457 -0.3922 0.1303 0.7496 6.6527 0.3175 0.3341 0.1128 0.0956 -0.0968 -0.0755 0.3822 1.2140 1.1803
1494720000.0000 60750.0000 -0.3570 -0.5352 0.1917 0.9204 33.7009 0.3931 0.3317 0.1311 0.0656 -0.1046 -0.0503 0.4279 0.7957 0.7641
1494720000.0000 61050.0000 0.0913 -0.0685 -0.0333 0.4860 306.8764 0.1875 0.1253 0.0424 0.0430 -0.0417 -0.0080 0.1776 2.8937 2.8286
1494720000.0000 61350.0000 -0.2207 -0.5450 0.2715 0.7293 22.0461 0.2397 0.2651 0.0632 0.0931 -0.0293 -0.0200 0.2840 0.6718 0.6976
1494720000.0000 61650.0000 -0.1261 -0.2660 0.0927 0.3723 25.3714 0.0427 0.0697 0.0265 0.0102 -0.0011 0.0004 0.0695 0.6973 0.6576
1494720000.0000 61950.0000 0.1008 -0.2798 0.1056 0.6085 340.1843 0.2847 0.1569 0.0730 -0.0236 -0.0631 0.0210 0.2573 1.3121 1.2898
1494720000.0000 62250.0000 -0.9556 -0.6628 0.2197 1.2578 55.2559 0.4208 0.3371 0.1526 0.2005 -0.1439 -0.1126 0.4552 0.4655 0.4322
1494720000.0000 62550.0000 -0.6893 -1.1127 0.2522 1.4847 31.7802 0.5563 0.3383 0.1288 0.0323 -0.0191 0.0450 0.5117 0.4382 0.4172
1494720000.0000 62850.0000 0.0381 -0.4459 0.0748 0.5706 355.1208 0.0743 0.2271 0.0637 0.0076 -0.0263 -0.0058 0.1825 0.7688 0.7082
1494720000.0000 63150.0000 0.1198 -0.2800 0.0810 0.4356 336.8333 0.0762 0.0747 0.0183 0.0091 -0.0053 0.0067 0.0846 0.7536 0.7365
1494720000.0000 63450.0000 -0.0020 -0.1491 -0.0658 0.3904 0.7577 0.0759 0.1679 0.0697 -0.0056 -0.0018 0.0135 0.1568 1.9838 1.9122
1494720000.0000 63750.0000 0.4401 0.2747 -0.2166 0.8112 238.0297 0.5010 0.1094 0.0785 0.1334 -0.1339 -0.0530 0.3445 0.8524 0.8694
1494720000.0000 64050.0000 0.0426 0.0723 0.0279 0.3755 210.4850 0.1253 0.0651 0.0679 0.0523 -0.0703 -0.0381 0.1291 3.3166 3.0003
1494720000.0000 64350.0000 0.0873 -0.0883 0.1107 0.5164 315.3107 0.0890 0.2066 0.0470 0.0620 -0.0245 -0.0718 0.1713 2.0311 2.5276
1494720000.0000 64650.0000 0.2323 0.2557 -0.1252 0.4562 222.2522 0.0813 0.0630 0.0132 -0.0020 -0.0082 -0.0115 0.0787 0.6235 0.6348
1494720000.0000 64950.0000 0.3758 -0.0503 -0.0743 0.5027 277.6206 0.1587 0.0358 0.0294 0.0086 -0.0436 -0.0039 0.1119 0.7070 0.6715
1494720000.0000 65250.0000 0.1161 -0.0988 0.0296 0.6261 310.3925 0.2141 0.3505 0.0764 0.1687 -0.0648 -0.0709 0.3205 2.9773 2.8466
1494720000.0000 65550.0000 0.1491 -0.0381 -0.1096 0.6328 284.3357 0.1380 0.2966 0.0485 0.1104 -0.0356 -0.0517 0.2416 2.1239 2.4728
1494720000.0000 65850.0000 0.3095 0.2933 -0.1162 0.6197 226.5322 0.1968 0.0495 0.0212 -0.0354 -0.0331 0.0019 0.1337 0.6757 0.6720
1494720000.0000 66150.0000 0.2616 0.2371 -0.1363 0.6017 227.8071 0.2111 0.0880 0.0438 0.0904 -0.0638 -0.0348 0.1715 0.8933 0.8943
1494720000.0000 66450.0000 0.5661 0.2379 -0.1688 0.6450 247.2032 0.0339 0.0422 0.0141 0.0057 -0.0070 -0.0057 0.0451 0.2723 0.2594
1494720000.0000 66750.0000 0.4139 0.2943 -0.1446 0.5464 234.5879 0.0325 0.0323 0.0075 -0.0059 -0.0040 -0.0029 0.0361 0.2940 0.2893
1494720000.0000 67050.0000 0.3815 0.3919 -0.1877 0.5775 224.2255 0.0473 0.0355 0.0075 0.0111 -0.0107 -0.0093 0.0452 0.3002 0.3038
1494720000.0000 67350.0000 -0.2452 0.3690 -0.0068 0.7713 146.3970 0.3224 0.1465 0.0389 0.1662 -0.0680 -0.0398 0.2539 0.9284 0.8922
1494720000.0000 67650.0000 0.3938 0.4938 -0.1703 0.6621 218.5747 0.0480 0.0369 0.0210 0.0173 -0.0208 -0.0101 0.0529 0.2872 0.2663
1494720000.0000 67950.0000 0.2378 0.2843 -0.0424 0.4827 219.9091 0.0884 0.0628 0.0256 0.0394 -0.0320 -0.0203 0.0884 0.6508 0.6058
1494720000.0000 68250.0000 0.1697 0.3403 -0.1602 0.4876 206.5013 0.0595 0.0811 0.0254 0.0275 -0.0174 -0.0220 0.0830 0.5701 0.5694
1494720000.0000 68550.0000 -0.0192 0.1218 -0.0175 0.3134 171.0318 0.0272 0.0972 0.0182 -0.0112 0.0079 -0.0217 0.0713 1.7507 1.6516
1494720000.0000 68850.0000 0.3896 0.4039 -0.1922 0.6127 223.9684 0.0468 0.0665 0.0159 0.0191 -0.0076 -0.0120 0.0646 0.3499 0.3464
1494720000.0000 69150.0000 0.3232 0.4802 -0.1986 0.6104 213.9404 0.0429 0.0162 0.0057 -0.0048 -0.0053 -0.0020 0.0323 0.2400 0.2423
1494720000.0000 69450.0000 0.7460 0.4318 -0.2810 0.8700 239.9368 0.0259 0.0161 0.0073 0.0057 -0.0089 -0.0045 0.0247 0.1415 0.1373
1494720000.0000 69750.0000 0.5764 0.4117 -0.1921 0.7410 234.4608 0.0542 0.0584 0.0213 0.0212 -0.0174 -0.0136 0.0670 0.2879 0.2735
1494720000.0000 70050.0000 0.5846 0.2069 -0.1644 0.6581 250.5156 0.0437 0.0512 0.0121 0.0082 -0.0113 -0.0086 0.0535 0.2943 0.2868
1494720000.0000 70350.0000 0.8743 0.0900 -0.2104 0.9263 264.1225 0.0498 0.0828 0.0215 0.0142 -0.0104 -0.0071 0.0770 0.2508 0.2392
1494720000.0000 70650.0000 0.9159 -0.0276 -0.2178 0.9749 271.7259 0.1041 0.1129 0.0440 -0.0391 -0.0396 0.0225 0.1305 0.3132 0.2935
1494720000.0000 70950.0000 0.8530 -0.0341 -0.1896 0.9228 272.2921 0.1078 0.1261 0.0439 -0.0321 -0.0336 0.0239 0.1389 0.3480 0.3271
1494720000.0000 71250.0000 0.7595 -0.0397 -0.1967 0.8313 272.9906 0.0747 0.1068 0.0343 -0.0145 -0.0248 -0.0010 0.1079 0.3414 0.3234
1494720000.0000 71550.0000 0.6047 -0.1679 -0.0787 0.7165 285.5135 0.0970 0.1216 0.0505 0.0011 -0.0424 0.0088 0.1346 0.4736 0.4302
1494720000.0000 71850.0000 0.8550 0.0038 -0.1958 0.9216 269.7440 0.0716 0.1023 0.0291 0.0018 -0.0216 0.0085 0.1015 0.2965 0.2815
1494720000.0000 72150.0000 1.0340 0.0595 -0.3010 1.0938 266.7050 0.1038 0.1257 0.0319 -0.0320 -0.0299 0.0203 0.1307 0.2737 0.2670
1494720000.0000 72450.0000 0.8782 0.0559 -0.2407 0.9246 266.3546 0.0463 0.0792 0.0208 0.0009 -0.0117 -0.0032 0.0732 0.2421 0.2325
1494720000.0000 72750.0000 0.8811 0.0994 -0.2602 0.9344 263.5656 0.0469 0.0840 0.0209 -0.0080 -0.0161 0.0037 0.0759 0.2434 0.2355
1494720000.0000 73050.0000 0.7256 0.2530 -0.1996 0.8039 250.7818 0.0423 0.0512 0.0210 -0.0031 -0.0136 0.0037 0.0572 0.2460 0.2297
1494720000.0000 73350.0000 0.8165 0.3032 -0.2670 0.9211 249.6294 0.0409 0.0855 0.0191 0.0006 -0.0107 -0.0056 0.0728 0.2417 0.2356
1494720000.0000 73650.0000 0.7280 0.2668 -0.2469 0.8122 249.8698 0.0557 0.0560 0.0202 0.0081 -0.0220 -0.0056 0.0659 0.2577 0.2489
1494720000.0000 73950.0000 0.6426 0.2745 -0.2364 0.7258 246.8670 0.0367 0.0390 0.0164 0.0056 -0.0151 -0.0040 0.0460 0.2375 0.2274
1494720000.0000 74250.0000 0.7101 0.2835 -0.2413 0.7885 248.2341 0.0347 0.0334 0.0122 -0.0011 -0.0110 -0.0025 0.0401 0.2040 0.1970
1494720000.0000 74550.0000 0.7201 0.2162 -0.2420 0.7940 253.2882 0.0462 0.0611 0.0143 -0.0080 -0.0147 0.0022 0.0608 0.2549 0.2515
1494720000.0000 74850.0000 0.7575 0.2141 -0.2478 0.8147 254.2198 0.0322 0.0443 0.0143 0.0056 -0.0108 -0.0057 0.0454 0.2108 0.2028
1494720000.0000 75150.0000 0.7369 0.2032 -0.2182 0.7996 254.5874 0.0366 0.0554 0.0215 0.0007 -0.0129 -0.0028 0.0567 0.2446 0.2291
1494720000.0000 75450.0000 0.9110 0.1899 -0.2917 0.9842 258.2274 0.0664 0.1064 0.0335 -0.0120 -0.0200 0.0044 0.1032 0.2689 0.2579
1494720000.0000 75750.0000 0.7862 0.3451 -0.3123 0.8792 246.2986 0.0405 0.0312 0.0153 -0.0005 -0.0128 -0.0000 0.0436 0.1865 0.1802
1494720000.0000 76050.0000 0.6858 0.3891 -0.2812 0.8186 240.4308 0.0358 0.0419 0.0176 -0.0079 -0.0140 0.0045 0.0477 0.2130 0.2041
1494720000.0000 76350.0000 0.6629 0.3164 -0.2646 0.7790 244.4863 0.0485 0.0562 0.0202 -0.0129 -0.0115 -0.0025 0.0624 0.2613 0.2543
1494720000.0000 76650.0000 0.4902 0.3165 -0.1807 0.6025 237.1469 0.0235 0.0218 0.0146 -0.0003 -0.0085 -0.0024 0.0300 0.2314 0.2106
1494720000.0000 76950.0000 0.4892 0.1437 -0.1028 0.5338 253.6251 0.0183 0.0249 0.0097 0.0035 -0.0069 -0.0009 0.0264 0.2552 0.2352
1494720000.0000 77250.0000 0.5851 0.3954 -0.2293 0.7207 235.9457 0.0210 0.0171 0.0073 -0.0016 -0.0055 -0.0011 0.0227 0.1656 0.1596
1494720000.0000 77550.0000 0.5182 0.2632 -0.1712 0.6281 243.0761 0.0328 0.0549 0.0118 -0.0063 -0.0070 -0.0001 0.0497 0.3004 0.2940
1494720000.0000 77850.0000 0.3563 0.1468 -0.1187 0.4122 247.6076 0.0206 0.0167 0.0079 -0.0051 0.0002 -0.0006 0.0226 0.3046 0.2896
1494720000.0000 78150.0000 0.3031 0.4827 -0.2134 0.5802 212.1304 0.0172 0.0200 0.0052 0.0101 -0.0049 -0.0065 0.0212 0.1953 0.1954
1494720000.0000 78450.0000 0.7538 0.4836 -0.2886 0.9081 237.3190 0.0246 0.0134 0.0032 -0.0055 -0.0050 -0.0005 0.0206 0.1246 0.1257
1494720000.0000 78750.0000 0.6981 0.4508 -0.2749 0.8503 237.1457 0.0282 0.0321 0.0108 0.0002 -0.0099 -0.0007 0.0356 0.1759 0.1707
1494720000.0000 79050.0000 0.6772 0.3579 -0.2551 0.7807 242.1409 0.0164 0.0250 0.0078 0.0015 -0.0057 -0.0043 0.0246 0.1586 0.1534
1494720000.0000 79350.0000 0.5444 0.2758 -0.1844 0.6380 243.1342 0.0361 0.0329 0.0089 0.0070 -0.0084 -0.0036 0.0389 0.2527 0.2484
1494720000.0000 79650.0000 0.4290 0.3182 -0.1756 0.5481 233.4364 0.0109 0.0172 0.0060 -0.0005 -0.0023 -0.0013 0.0171 0.1897 0.1813
1494720000.0000 79950.0000 0.2484 0.2716 -0.1228 0.3974 222.4426 0.0242 0.0227 0.0045 0.0051 -0.0017 -0.0017 0.0257 0.3374 0.3399
1494720000.0000 80250.0000 0.3403 0.2612 -0.1229 0.4641 232.4900 0.0259 0.0181 0.0055 -0.0069 -0.0027 -0.0029 0.0247 0.2876 0.2821
1494720000.0000 80550.0000 0.3249 0.3718 -0.1595 0.5022 221.1565 0.0093 0.0144 0.0045 0.0036 -0.0026 -0.0041 0.0141 0.1869 0.1801
1494720000.0000 80850.0000 0.3051 0.4003 -0.1587 0.5117 217.3092 0.0158 0.0126 0.0049 0.0072 -0.0055 -0.0049 0.0167 0.2000 0.1936
1494720000.0000 81150.0000 0.1147 0.2891 -0.1182 0.3405 201.6390 0.0330 0.0266 0.0073 0.0232 -0.0112 -0.0104 0.0335 0.4489 0.4532
1494720000.0000 81450.0000 0.4839 0.6407 -0.2713 0.8054 217.0662 0.0043 0.0096 0.0022 0.0026 -0.0005 -0.0024 0.0080 0.0863 0.0846
1494720000.0000 81750.0000 0.5302 0.5023 -0.2313 0.7368 226.5482 0.0066 0.0109 0.0021 -0.0010 -0.0011 -0.0020 0.0098 0.1054 0.1045
1494720000.0000 82050.0000 0.6458 0.2956 -0.1931 0.7215 245.4058 0.0169 0.0117 0.0039 -0.0046 -0.0026 -0.0015 0.0163 0.1414 0.1375
1494720000.0000 82350.0000 0.3919 0.4300 -0.1816 0.6134 222.3443 0.0332 0.0194 0.0034 -0.0115 -0.0038 -0.0015 0.0281 0.2244 0.2277
1494720000.0000 82650.0000 0.3516 0.2671 -0.1421 0.4694 232.7733 0.0293 0.0246 0.0061 0.0038 -0.0032 -0.0053 0.0300 0.3048 0.3036
1494720000.0000 82950.0000 0.4226 0.2824 -0.1294 0.5437 236.2499 0.0144 0.0371 0.0054 -0.0071 0.0012 -0.0070 0.0284 0.2624 0.2577
1494720000.0000 83250.0000 0.4136 0.5200 -0.2297 0.6704 218.4953 0.0124 0.0186 0.0040 0.0077 -0.0034 -0.0055 0.0175 0.1535 0.1528
1494720000.0000 83550.0000 0.1240 0.3851 -0.1278 0.4272 197.8529 0.0290 0.0151 0.0058 0.0155 -0.0086 -0.0065 0.0249 0.3040 0.2998
1494720000.0000 83850.0000 0.0936 0.2479 -0.0937 0.2935 200.6967 0.0195 0.0167 0.0044 0.0061 -0.0026 -0.0024 0.0203 0.4138 0.4145
1494720000.0000 84150.0000 0.4418 0.3656 -0.1794 0.5848 230.3935 0.0294 0.0154 0.0045 0.0102 -0.0067 -0.0050 0.0246 0.2132 0.2131
1494720000.0000 84450.0000 0.5034 0.4256 -0.2264 0.6667 229.7854 0.0079 0.0101 0.0028 -0.0008 -0.0006 -0.0021 0.0104 0.1193 0.1174
1494720000.0000 84750.0000 0.2169 0.1173 -0.0583 0.2796 241.5974 0.0230 0.0126 0.0053 -0.0009 -0.0028 -0.0009 0.0204 0.4604 0.4416
1494720000.0000 85050.0000 0.2294 0.3955 -0.1675 0.4673 210.1103 0.0275 0.0339 0.0104 0.0227 -0.0129 -0.0153 0.0359 0.3178 0.3129
1494720000.0000 85350.0000 0.5361 0.5887 -0.2767 0.8017 222.3236 0.0078 0.0141 0.0039 0.0017 -0.0022 -0.0044 0.0129 0.1098 0.1072
1494720000.0000 85650.0000 0.3266 0.5052 -0.2192 0.6133 212.8791 0.0347 0.0299 0.0108 0.0267 -0.0149 -0.0142 0.0377 0.2475 0.2439
1494720000.0000 85950.0000 0.1476 0.4419 -0.1578 0.4766 198.4656 0.0143 0.0133 0.0049 0.0057 -0.0028 -0.0049 0.0162 0.2116 0.2057
1494720000.0000 86250.0000 0.0999 0.3480 -0.1239 0.3756 196.0182 0.0122 0.0094 0.0038 0.0034 -0.0011 -0.0024 0.0127 0.2408 0.2346
1494806400.0000 86550.0000 0.2406 0.4657 -0.2071 0.5378 207.3195 0.0233 0.0147 0.0077 0.0097 -0.0072 -0.0073 0.0228 0.2189 0.2147
1494806400.0000 86850.0000 0.0814 0.5868 -0.2223 0.6076 187.8942 0.0192 0.0152 0.0055 0.0006 0.0013 -0.0048 0.0200 0.1823 0.1808
1494806400.0000 87150.0000 0.1486 0.5116 -0.2018 0.5524 196.2004 0.0228 0.0265 0.0082 0.0032 -0.0021 -0.0089 0.0288 0.2431 0.2406
1494806400.0000 87450.0000 0.3676 0.5166 -0.2239 0.6430 215.4334 0.0214 0.0197 0.0058 0.0115 -0.0055 -0.0061 0.0234 0.1859 0.1846
1494806400.0000 87750.0000 0.0701 0.3345 -0.1079 0.3704 191.8286 0.0257 0.0189 0.0049 0.0097 -0.0020 -0.0047 0.0248 0.3586 0.3568
1494806400.0000 88050.0000 0.0821 0.2027 -0.0764 0.2471 202.0573 0.0158 0.0183 0.0042 0.0047 -0.0014 -0.0021 0.0191 0.4875 0.4872
1494806400.0000 88350.0000 0.3117 0.3409 -0.1672 0.4795 222.4336 0.0251 0.0438 0.0070 0.0220 -0.0073 -0.0134 0.0379 0.3236 0.3279
1494806400.0000 88650.0000 0.5110 0.5412 -0.2434 0.7545 223.3578 0.0052 0.0245 0.0036 -0.0008 -0.0009 -0.0063 0.0167 0.1347 0.1337
1494806400.0000 88950.0000 0.3444 0.1940 -0.1129 0.4206 240.6075 0.0312 0.0216 0.0063 0.0074 -0.0052 -0.0019 0.0296 0.3416 0.3359
1494806400.0000 89250.0000 0.4823 0.3715 -0.1910 0.6191 232.3971 0.0228 0.0148 0.0038 0.0050 -0.0046 -0.0039 0.0207 0.1842 0.1839
1494806400.0000 89550.0000 0.7131 0.3335 -0.2022 0.8025 244.9394 0.0182 0.0219 0.0073 -0.0039 -0.0053 -0.0033 0.0237 0.1547 0.1468
1494806400.0000 89850.0000 0.5572 0.1912 -0.1198 0.6089 251.0635 0.0143 0.0253 0.0065 0.0004 -0.0036 0.0009 0.0231 0.2063 0.1951
1494806400.0000 90150.0000 0.5264 0.2516 -0.1622 0.5978 244.4514 0.0146 0.0153 0.0049 -0.0023 -0.0034 -0.0005 0.0174 0.1777 0.1711
1494806400.0000 90450.0000 0.5415 0.3074 -0.1706 0.6353 240.4161 0.0198 0.0160 0.0048 0.0017 -0.0042 -0.0028 0.0203 0.1801 0.1754
1494806400.0000 90750.0000 0.5569 0.3001 -0.1709 0.6610 241.6835 0.0381 0.0215 0.0044 -0.0145 -0.0048 0.0004 0.0319 0.2227 0.2227
1494806400.0000 91050.0000 0.5648 0.3854 -0.2047 0.6953 235.6890 0.0097 0.0158 0.0039 -0.0020 -0.0020 -0.0033 0.0147 0.1388 0.1349
1494806400.0000 91350.0000 0.6262 0.4477 -0.2302 0.7873 234.4338 0.0153 0.0260 0.0044 -0.0050 -0.0016 -0.0053 0.0229 0.1537 0.1525
1494806400.0000 91650.0000 0.6360 0.4254 -0.2264 0.7731 236.2215 0.0129 0.0149 0.0049 0.0032 -0.0034 -0.0032 0.0163 0.1308 0.1259
1494806400.0000 91950.0000 0.4207 0.3149 -0.1391 0.5524 233.1823 0.0252 0.0264 0.0067 0.0015 -0.0064 -0.0052 0.0292 0.2565 0.2497
1494806400.0000 92250.0000 -0.0672 0.3455 -0.1081 0.3803 169.0004 0.0197 0.0270 0.0070 0.0030 0.0002 -0.0102 0.0268 0.3630 0.3541
1494806400.0000 92550.0000 0.1271 0.5876 -0.2308 0.6107 192.2079 0.0105 0.0094 0.0040 -0.0017 0.0016 -0.0031 0.0120 0.1386 0.1356
1494806400.0000 92850.0000 0.3095 0.6056 -0.3097 0.7004 207.0749 0.0294 0.0201 0.0102 -0.0028 0.0023 -0.0080 0.0298 0.1886 0.1887
1494806400.0000 93150.0000 0.2287 0.7214 -0.3197 0.7920 197.5905 0.0553 0.0294 0.0134 -0.0095 0.0063 -0.0091 0.0490 0.2201 0.2220
1494806400.0000 93450.0000 0.2141 0.6539 -0.2718 0.7328 198.1296 0.0607 0.0228 0.0099 -0.0078 0.0023 -0.0050 0.0467 0.2384 0.2424
1494806400.0000 93750.0000 0.0159 0.5965 -0.2226 0.6401 181.5301 0.0551 0.0451 0.0172 0.0045 0.0043 -0.0163 0.0587 0.3105 0.3061
1494806400.0000 94050.0000 -0.1379 0.4590 -0.1336 0.5315 163.2812 0.0707 0.0440 0.0165 -0.0152 0.0058 -0.0106 0.0656 0.4202 0.4079
1494806400.0000 94350.0000 -0.1345 0.5026 -0.1421 0.5971 165.0225 0.0832 0.0460 0.0216 0.0039 0.0045 -0.0096 0.0754 0.4156 0.3989
1494806400.0000 94650.0000 0.1486 0.3782 -0.1593 0.4379 201.4477 0.0308 0.0233 0.0102 0.0066 -0.0014 -0.0058 0.0322 0.3356 0.3307
1494806400.0000 94950.0000 0.1173 0.3379 -0.1508 0.4234 199.1419 0.0510 0.0440 0.0122 0.0208 -0.0046 -0.0119 0.0536 0.4870 0.4976
1494806400.0000 95250.0000 -0.2700 0.0947 -0.0645 0.6680 109.3214 0.2275 0.2390 0.0360 0.1627 -0.0357 -0.0377 0.2512 1.3954 1.3783
1494806400.0000 95550.0000 0.2109 0.2485 -0.1016 0.4200 220.3289 0.0643 0.0326 0.0073 -0.0248 -0.0013 -0.0038 0.0521 0.5460 0.5514
1494806400.0000 95850.0000 0.4489 0.2462 -0.1077 0.5609 241.2594 0.0680 0.0567 0.0259 0.0317 -0.0289 -0.0226 0.0753 0.4284 0.3983
1494806400.0000 96150.0000 0.3959 0.4607 -0.2392 0.6367 220.6761 0.0373 0.0361 0.0112 0.0060 -0.0089 -0.0078 0.0423 0.2572 0.2575
1494806400.0000 96450.0000 0.1368 0.4414 -0.1959 0.5456 197.2159 0.0971 0.0499 0.0127 -0.0378 0.0125 -0.0139 0.0799 0.4597 0.4791
1494806400.0000 96750.0000 -0.1067 0.4490 -0.1022 0.5913 166.6348 0.1802 0.0526 0.0368 0.0083 -0.0131 -0.0283 0.1348 0.6341 0.6035
1494806400.0000 97050.0000 -0.0226 0.4822 -0.1832 0.5076 177.3111 0.0282 0.0386 0.0120 -0.0070 0.0029 -0.0085 0.0394 0.3141 0.3093
1494806400.0000 97350.0000 -0.0883 0.4169 -0.1306 0.4657 168.0441 0.0322 0.0216 0.0071 0.0090 0.0001 -0.0040 0.0304 0.3195 0.3140
1494806400.0000 97650.0000 -0.0095 0.4773 -0.1580 0.5154 178.8636 0.0327 0.0224 0.0056 0.0029 0.0004 -0.0051 0.0304 0.2831 0.2840
1494806400.0000 97950.0000 -0.2605 0.1441 -0.0190 0.4328 118.9594 0.0704 0.0880 0.0288 -0.0041 0.0023 -0.0167 0.0936 0.8374 0.7718
1494806400.0000 98250.0000 0.1204 -0.0860 0.0197 0.5192 305.5227 0.2356 0.0791 0.0159 -0.0002 -0.0007 -0.0093 0.1653 2.2240 2.1887
1494806400.0000 98550.0000 -0.4028 -0.1454 -0.0258 0.6250 70.1460 0.1408 0.1590 0.0451 -0.0456 0.0023 0.0310 0.1724 0.7903 0.7382
1494806400.0000 98850.0000 -0.5041 0.3738 -0.1189 0.6858 126.5599 0.0613 0.0651 0.0243 0.0083 0.0065 -0.0115 0.0753 0.3508 0.3270
1494806400.0000 99150.0000 -0.1589 0.3703 -0.1148 0.5333 156.7766 0.1266 0.0527 0.0140 -0.0092 0.0034 -0.0096 0.0967 0.6061 0.6069
1494806400.0000 99450.0000 -0.1027 0.3867 -0.1212 0.5151 165.1221 0.0906 0.0577 0.0315 0.0164 0.0077 -0.0151 0.0899 0.5856 0.5557
1494806400.0000 99750.0000 0.0005 0.3946 -0.1165 0.4436 180.0792 0.0341 0.0334 0.0123 0.0012 0.0013 -0.0084 0.0399 0.3964 0.3802
1494806400.0000 100050.0000 -0.4778 0.2677 -0.0677 0.6486 119.2664 0.1314 0.0716 0.0237 0.0056 0.0070 -0.0116 0.1134 0.4982 0.4750
1494806400.0000 100350.0000 -0.3876 0.5192 -0.2033 0.7125 143.2564 0.0919 0.0617 0.0228 0.0105 0.0134 -0.0171 0.0882 0.3571 0.3492
1494806400.0000 100650.0000 -0.4823 0.5075 -0.1505 0.7693 136.4580 0.1177 0.0613 0.0238 0.0195 0.0134 -0.0119 0.1014 0.3631 0.3489
1494806400.0000 100950.0000 -0.3711 0.4050 -0.1050 0.6598 137.4966 0.1086 0.1169 0.0542 -0.0036 0.0372 -0.0395 0.1399 0.5460 0.4991
1494806400.0000 101250.0000 -0.6094 0.4141 -0.1002 0.8448 124.1971 0.2053 0.0799 0.0486 0.0354 0.0089 -0.0139 0.1669 0.4486 0.4185
1494806400.0000 101550.0000 -0.3719 0.6162 -0.2090 0.7823 148.8880 0.1300 0.0991 0.0344 -0.0255 0.0280 -0.0309 0.1318 0.3955 0.3840
1494806400.0000 101850.0000 -0.5511 0.6488 -0.1298 0.9343 139.6547 0.1510 0.1239 0.0597 0.0170 0.0170 -0.0313 0.1672 0.3878 0.3556
1494806400.0000 102150.0000 -0.6947 0.4681 -0.0987 0.9304 123.9705 0.1761 0.2208 0.0806 -0.0685 0.0410 -0.0851 0.2387 0.4730 0.4342
1494806400.0000 102450.0000 -0.1527 0.1491 -0.0613 0.3155 134.3275 0.0496 0.0409 0.0153 -0.0202 0.0103 -0.0049 0.0530 0.8462 0.8142
1494806400.0000 102750.0000 -0.4573 0.0185 -0.0003 0.6696 92.3152 0.2790 0.1291 0.0337 0.0189 0.0142 -0.0266 0.2209 0.8385 0.8059
1494806400.0000 103050.0000 -0.2466 -0.0876 -0.0036 0.6331 70.4420 0.2503 0.2629 0.0607 -0.1802 0.0412 -0.0473 0.2870 1.6713 1.5805
1494806400.0000 103350.0000 -0.1779 -0.5300 0.0930 0.6214 18.5528 0.0706 0.1258 0.0351 -0.0060 0.0081 -0.0099 0.1157 0.4901 0.4576
1494806400.0000 103650.0000 -0.0904 -0.4791 -0.0042 0.7025 10.6814 0.1596 0.2420 0.0570 -0.0805 0.0334 -0.0286 0.2293 0.8020 0.7505
1494806400.0000 103950.0000 0.1862 0.2006 -0.0420 0.4840 222.8682 0.0604 0.1509 0.0621 -0.0174 0.0057 -0.0627 0.1367 1.0904 0.9698
1494806400.0000 104250.0000 -0.4148 0.2102 -0.1138 0.6010 116.8773 0.2765 0.0987 0.0340 -0.0136 0.0024 -0.0087 0.2046 0.7714 0.7605
1494806400.0000 104550.0000 0.1189 0.0434 -0.0471 0.3943 249.9664 0.1083 0.0813 0.0290 0.0402 0.0065 -0.0007 0.1093 1.9988 1.9860
1494806400.0000 104850.0000 -0.3983 0.1678 0.0202 0.5121 112.8423 0.1012 0.0381 0.0189 0.0240 -0.0030 -0.0005 0.0791 0.5307 0.4985
1494806400.0000 105150.0000 -0.4765 0.1243 -0.0267 0.5565 104.6158 0.0625 0.0597 0.0266 -0.0098 0.0092 -0.0133 0.0744 0.4516 0.4098
1494806400.0000 105450.0000 -0.7582 0.2088 -0.0136 0.8182 105.3996 0.1176 0.0343 0.0252 0.0037 0.0029 -0.0046 0.0886 0.3089 0.2861
1494806400.0000 105750.0000 -0.5250 0.2138 -0.0485 0.6822 112.1556 0.1994 0.0780 0.0442 0.0035 -0.0552 0.0038 0.1608 0.5755 0.5364
1494806400.0000 106050.0000 0.0298 0.5055 -0.1592 0.6725 183.3723 0.1200 0.1262 0.0453 -0.0718 0.0344 -0.0300 0.1457 0.5872 0.5657
1494806400.0000 106350.0000 -0.4362 0.4973 -0.1613 0.8065 138.7473 0.2548 0.0856 0.0395 -0.0015 0.0312 -0.0181 0.1899 0.5226 0.5092
1494806400.0000 106650.0000 -0.3851 0.6602 -0.2156 0.8106 149.7468 0.0889 0.0578 0.0382 -0.0129 0.0332 -0.0219 0.0924 0.3125 0.2893
1494806400.0000 106950.0000 -0.1880 0.5707 -0.1571 0.6774 161.7642 0.1124 0.0569 0.0299 -0.0116 0.0176 -0.0203 0.0996 0.4149 0.3953
1494806400.0000 107250.0000 0.2079 0.3658 -0.1272 0.5902 209.6158 0.1033 0.1161 0.0405 0.0320 0.0022 -0.0078 0.1299 0.6695 0.6426
1494806400.0000 107550.0000 0.2936 0.0887 -0.0791 0.8976 253.1953 0.3344 0.6000 0.1089 -0.2745 0.0779 -0.0838 0.5216 1.8617 1.8196
1494806400.0000 107850.0000 0.5854 0.4606 -0.2577 1.1159 231.8039 0.3525 0.4738 0.0907 -0.2067 0.0553 -0.0947 0.4585 0.7015 0.7046
1494806400.0000 108150.0000 0.5283 0.5321 -0.3358 0.8475 224.7942 0.1776 0.1515 0.0767 -0.0002 -0.0104 -0.0642 0.2029 0.4476 0.4417
1494806400.0000 108450.0000 0.2688 0.5430 -0.2242 0.6813 206.3412 0.1108 0.0388 0.0262 -0.0134 0.0084 -0.0136 0.0879 0.3747 0.3685
1494806400.0000 108750.0000 0.3140 0.5843 -0.2396 0.7908 208.2511 0.1744 0.1667 0.0569 -0.0016 0.0130 -0.0417 0.1990 0.5164 0.5083
1494806400.0000 109050.0000 -0.2033 0.2830 -0.1755 0.5869 144.3111 0.0959 0.2980 0.0817 0.0081 -0.0085 -0.1217 0.2378 1.0205 1.0399
1494806400.0000 109350.0000 -0.1147 0.1898 -0.0678 0.3088 148.8620 0.0343 0.0364 0.0094 -0.0044 0.0049 -0.0062 0.0400 0.7045 0.6922
1494806400.0000 109650.0000 -0.0277 0.2670 -0.0995 0.3205 174.0785 0.0283 0.0397 0.0097 -0.0128 0.0063 -0.0147 0.0388 0.5621 0.5609
1494806400.0000 109950.0000 0.0947 0.3929 -0.2036 0.7166 193.5573 0.3598 0.1074 0.0382 -0.0956 0.0283 -0.0276 0.2527 0.9070 0.9765
1494806400.0000 110250.0000 1.0568 0.3343 -0.3805 1.2749 252.4441 0.3441 0.2515 0.0995 -0.0862 -0.0050 -0.0458 0.3476 0.4107 0.4020
1494806400.0000 110550.0000 -0.2235 -0.0328 -0.0397 0.7150 81.6447 0.2784 0.2812 0.0902 0.1024 -0.0183 -0.1012 0.3249 2.0291 1.9119
1494806400.0000 110850.0000 0.0181 0.1672 -0.0793 0.4507 186.1870 0.1159 0.1317 0.0372 -0.0500 0.0313 -0.0289 0.1424 1.6571 1.7082
1494806400.0000 111150.0000 -0.0953 0.2459 -0.1016 0.5345 158.8112 0.2481 0.0583 0.0359 0.0128 -0.0407 -0.0264 0.1711 1.1952 1.2119
1494806400.0000 111450.0000 -0.3469 0.0698 0.0116 0.6712 101.3701 0.1379 0.2608 0.0612 0.0883 -0.0071 -0.0600 0.2299 1.1060 1.0303
1494806400.0000 111750.0000 -0.1274 -0.1348 0.0756 0.3820 43.3890 0.1399 0.0261 0.0354 0.0066 -0.0305 -0.0030 0.1007 1.2937 1.2683
1494806400.0000 112050.0000 -1.1818 -0.2455 0.1371 1.2835 78.2656 0.1475 0.1705 0.1280 -0.0291 -0.0002 -0.0569 0.2230 0.3174 0.2697
1494806400.0000 112350.0000 -0.4998 0.2959 -0.0275 0.7417 120.6289 0.2255 0.1701 0.1185 0.0141 0.0229 -0.0886 0.2571 0.7120 0.6252
1494806400.0000 112650.0000 -0.4330 0.1504 -0.0697 0.5602 109.1562 0.1804 0.0790 0.0449 -0.0522 0.0039 -0.0112 0.1521 0.6870 0.6416
1494806400.0000 112950.0000 -0.5251 -0.6182 0.1436 0.8715 40.3413 0.1291 0.1492 0.0621 0.0603 0.0065 -0.0034 0.1702 0.4089 0.3755
1494806400.0000 113250.0000 -0.6023 -0.0051 -0.0157 0.7155 89.5159 0.1906 0.0899 0.0702 0.0166 0.0110 -0.0248 0.1754 0.5675 0.5077
1494806400.0000 113550.0000 -0.4231 -0.1022 0.0226 0.5395 76.4273 0.1158 0.1085 0.0598 0.0300 0.0068 -0.0422 0.1420 0.7059 0.6281
1494806400.0000 113850.0000 -0.5254 -0.1098 0.1467 0.6357 78.1948 0.0810 0.1230 0.0533 -0.0059 0.0081 -0.0146 0.1286 0.5263 0.4858
1494806400.0000 114150.0000 -0.2459 -0.5582 0.2068 0.8210 23.7739 0.2890 0.1802 0.0447 0.0844 0.0188 0.0181 0.2569 0.6426 0.6483
1494806400.0000 114450.0000 -0.2545 -0.6050 0.1729 0.6960 22.8155 0.0772 0.0640 0.0427 0.0268 0.0096 0.0097 0.0919 0.3647 0.3305
1494806400.0000 114750.0000 -0.1771 -0.4961 0.1215 0.5851 19.6439 0.0708 0.0982 0.0372 0.0218 -0.0007 0.0038 0.1031 0.4849 0.4505
1494806400.0000 115050.0000 -0.0024 -0.1666 -0.0525 0.3317 0.8199 0.0783 0.0453 0.0640 0.0159 -0.0184 0.0042 0.0938 1.4313 1.2181
1494806400.0000 115350.0000 -0.9776 0.3450 -0.1713 1.1843 109.4348 0.3919 0.3233 0.2006 -0.0981 0.0345 -0.0810 0.4579 0.5258 0.4710
1494806400.0000 115650.0000 -1.1068 -0.3028 0.0763 1.2536 74.7015 0.1229 0.2717 0.1379 0.0102 0.0100 -0.0406 0.2662 0.3664 0.3161
1494806400.0000 115950.0000 -0.9609 -0.3740 0.1929 1.2185 68.7319 0.5372 0.3347 0.1173 0.0748 0.0285 0.0131 0.4946 0.5474 0.5228
1494806400.0000 116250.0000 -1.2071 -0.0981 0.0054 1.3550 85.3530 0.5031 0.3362 0.1655 -0.0076 0.0949 -0.0460 0.5024 0.4779 0.4367
1494806400.0000 116550.0000 -0.6445 -0.5915 0.1715 1.0570 47.4519 0.5950 0.4845 0.1208 0.3241 -0.0607 -0.0924 0.6001 0.7095 0.6857
1494806400.0000 116850.0000 -0.7829 -0.8142 0.3027 1.3231 43.8779 0.4811 0.4868 0.1292 -0.0309 0.0813 -0.0029 0.5485 0.5171 0.5029
1494806400.0000 117150.0000 -0.8768 -0.9983 0.2798 1.5672 41.2930 0.5984 0.4399 0.2127 -0.1098 0.1024 0.0617 0.6255 0.4756 0.4428
1494806400.0000 117450.0000 -1.0734 -0.6905 0.1286 1.5546 57.2493 0.6516 0.6057 0.1682 -0.1078 0.1016 -0.0463 0.7128 0.5374 0.5072
1494806400.0000 117750.0000 -0.7797 -0.1648 0.0658 1.0067 78.0667 0.4176 0.3117 0.1149 -0.0563 0.0283 0.0153 0.4221 0.6634 0.6187
1494806400.0000 118050.0000 -0.7050 -0.6618 0.2096 1.1284 46.8112 0.4009 0.2289 0.0847 0.0683 0.0248 -0.0002 0.3572 0.4932 0.4738
1494806400.0000 118350.0000 -0.6023 -0.5254 0.1676 0.9018 48.9010 0.2668 0.2268 0.0945 0.0576 0.0319 -0.0072 0.2940 0.5422 0.5075
1494806400.0000 118650.0000 -0.9722 -0.7240 0.2759 1.4778 53.3249 0.5188 0.6378 0.1743 -0.1275 0.1601 -0.0385 0.6655 0.5358 0.5122
1494806400.0000 118950.0000 -1.0039 -0.9412 0.2912 1.5884 46.8446 0.6190 0.4743 0.1512 -0.0503 0.0702 0.0043 0.6222 0.4579 0.4387
1494806400.0000 119250.0000 -0.8630 -0.8468 0.2270 1.3787 45.5411 0.3729 0.4028 0.1516 0.0167 0.1110 -0.0067 0.4637 0.4520 0.4206
1494806400.0000 119550.0000 -0.7514 -0.6852 0.3469 1.2251 47.6374 0.5714 0.3918 0.1001 -0.0194 0.0348 -0.0061 0.5317 0.5541 0.5572
1494806400.0000 119850.0000 -0.7650 -0.5225 0.2975 1.0644 55.6684 0.4236 0.2628 0.1012 0.0403 0.0102 -0.0163 0.3938 0.5266 0.5163
1494806400.0000 120150.0000 -0.7068 -0.8239 0.3300 1.2812 40.6265 0.5084 0.4326 0.1162 0.0902 0.0128 0.0160 0.5286 0.5232 0.5159
1494806400.0000 120450.0000 -0.5766 -0.9034 0.2540 1.2578 32.5487 0.3897 0.4055 0.0940 0.0479 0.0148 -0.0057 0.4446 0.4943 0.4804
1494806400.0000 120750.0000 -1.2301 -0.5258 0.2297 1.5592 66.8563 0.6394 0.5857 0.1614 0.1653 0.0245 -0.0947 0.6933 0.5009 0.4777
1494806400.0000 121050.0000 -0.9434 -0.5884 0.1364 1.1979 58.0486 0.3205 0.2257 0.0883 0.0926 0.0175 0.0153 0.3172 0.4105 0.3838
1494806400.0000 121350.0000 -0.7967 -0.4002 0.1591 1.0564 63.3277 0.5735 0.1805 0.1234 0.0056 0.0407 -0.0178 0.4387 0.5972 0.5623
1494806400.0000 121650.0000 -0.8951 -0.9631 0.3247 1.5296 42.9030 0.5325 0.4637 0.1121 0.0187 -0.0044 -0.0285 0.5541 0.4488 0.4383
1494806400.0000 121950.0000 -1.0779 -0.9264 0.2924 1.5361 49.3220 0.4989 0.4348 0.1158 0.2096 0.0148 0.0005 0.5247 0.4076 0.3925
1494806400.0000 122250.0000 -0.7394 -0.7655 0.2987 1.2324 44.0040 0.3923 0.3561 0.1108 0.0108 0.0399 0.0087 0.4296 0.4841 0.4693
1494806400.0000 122550.0000 -0.9884 -1.0098 0.3250 1.5645 44.3871 0.4970 0.2518 0.1184 -0.0648 0.0240 -0.0128 0.4336 0.3708 0.3536
1494806400.0000 122850.0000 -0.7958 -1.1165 0.2922 1.6512 35.4791 0.8122 0.5142 0.1292 -0.2135 0.0339 -0.0140 0.7278 0.4969 0.4850
1494806400.0000 123150.0000 -0.4391 -0.8560 0.2109 1.1989 27.1550 0.3205 0.7023 0.1821 -0.1403 0.0660 -0.1361 0.6024 0.6435 0.6069
1494806400.0000 123450.0000 -0.0587 -1.2380 0.2776 1.3751 2.7165 0.3354 0.4341 0.1005 -0.1225 0.0310 0.0327 0.4350 0.4240 0.4086
1494806400.0000 123750.0000 -1.0227 -0.6231 0.2364 1.4798 58.6489 0.6511 0.4983 0.1551 -0.1454 0.1166 -0.0352 0.6522 0.5402 0.5168
1494806400.0000 124050.0000 -0.5287 -1.0920 0.3771 1.3164 25.8373 0.3171 0.3563 0.0927 0.0918 0.0230 0.0052 0.3830 0.3977 0.3905
1494806400.0000 124350.0000 -0.6253 -0.7330 0.3216 1.1063 40.4680 0.2759 0.3319 0.1164 -0.0183 0.0254 0.0047 0.3621 0.4837 0.4672
1494806400.0000 124650.0000 -0.6238 -0.9512 0.2294 1.4062 33.2588 0.5266 0.7528 0.2212 0.0818 -0.0992 -0.0977 0.7503 0.6095 0.5741
1494806400.0000 124950.0000 -0.5458 -0.9325 0.3772 1.1861 30.3397 0.3145 0.4395 0.0892 0.1579 0.0070 -0.0227 0.4216 0.4633 0.4640
1494806400.0000 125250.0000 -1.1094 -0.0735 0.1242 1.4024 86.2079 0.6029 0.7240 0.2721 0.2488 -0.0714 -0.2477 0.7995 0.6526 0.5982
1494806400.0000 125550.0000 -0.5214 -0.8509 0.3002 1.3665 31.4998 0.7066 0.6800 0.1330 -0.1190 0.0271 -0.0069 0.7598 0.6830 0.6813
1494806400.0000 125850.0000 -1.1633 -0.6846 0.2012 1.8093 59.5226 0.8700 1.0916 0.2202 0.1575 0.0495 -0.1475 1.0909 0.6249 0.5991
1494806400.0000 126150.0000 -1.2531 -0.4214 0.2011 1.5945 71.4103 0.7269 0.8174 0.2608 0.1443 0.0753 -0.1416 0.9026 0.5801 0.5427
1494806400.0000 126450.0000 -0.8081 -0.6292 0.1919 1.2817 52.0947 0.5386 0.5735 0.1280 -0.0066 0.0485 -0.0533 0.6200 0.6170 0.5945
1494806400.0000 126750.0000 -0.6046 -0.9891 0.4610 1.3485 31.4357 0.5179 0.4574 0.1148 0.0318 0.0400 0.0091 0.5450 0.4832 0.4918
1494806400.0000 127050.0000 -0.9886 -0.4879 0.1452 1.3893 63.7320 0.5439 0.5529 0.2025 -0.1881 0.0778 -0.1388 0.6497 0.5918 0.5485
1494806400.0000 127350.0000 -0.9053 -0.9170 0.3464 1.4116 44.6306 0.5191 0.4297 0.1786 0.1807 -0.0161 0.0121 0.5637 0.4594 0.4364
1494806400.0000 127650.0000 -1.3203 -0.4271 0.0972 1.5145 72.0752 0.5399 0.2079 0.1873 -0.0867 -0.0148 -0.0195 0.4675 0.4014 0.3598
1494806400.0000 127950.0000 -1.7123 -0.1660 0.0892 1.8730 84.4632 1.1251 0.3476 0.2699 0.1698 0.0681 -0.1014 0.8713 0.4424 0.4073
1494806400.0000 128250.0000 -0.4454 0.0753 0.0564 0.7662 99.5936 0.3841 0.1551 0.1134 0.1117 -0.0682 -0.0460 0.3263 1.0245 0.9386
1494806400.0000 128550.0000 -1.1212 0.1286 0.0441 1.3347 96.5436 0.6653 0.4748 0.2081 -0.0386 0.0886 -0.1908 0.6741 0.5936 0.5463
1494806400.0000 128850.0000 -1.0596 0.4459 -0.1335 1.3484 112.8216 0.4034 0.4845 0.2455 0.0158 0.0067 -0.2299 0.5667 0.5311 0.4732
1494806400.0000 129150.0000 -1.0190 -0.8357 0.2692 1.4818 50.6443 0.4940 0.4698 0.1329 0.0017 -0.0057 -0.0134 0.5483 0.4495 0.4301
1494806400.0000 129450.0000 -0.7612 -0.1425 0.0446 1.0506 79.3928 0.4301 0.3459 0.1694 -0.0268 0.0326 -0.1133 0.4727 0.7237 0.6568
1494806400.0000 129750.0000 -1.4716 0.0357 0.0862 1.6846 91.3905 0.6566 0.5332 0.3558 0.1055 0.0683 -0.2129 0.7728 0.4868 0.4278
1494806400.0000 130050.0000 -0.7869 0.2772 0.0341 1.0464 109.4024 0.4574 0.3690 0.1970 -0.0781 0.0358 -0.1355 0.5117 0.6995 0.6291
1494806400.0000 130350.0000 -0.6644 0.4406 -0.1229 1.1113 123.5534 0.4649 0.5004 0.2207 0.0688 0.0450 -0.1776 0.5931 0.7795 0.7116
1494806400.0000 130650.0000 -0.7515 0.0059 0.0014 1.0868 90.4515 0.6220 0.4941 0.2546 0.0977 0.1169 -0.0709 0.6853 0.8994 0.8116
1494806400.0000 130950.0000 -0.9580 0.0092 0.0796 1.1107 90.5523 0.2870 0.2344 0.1531 0.0039 0.0736 -0.0703 0.3373 0.4933 0.4352
1494806400.0000 131250.0000 -0.9609 0.0043 0.0601 1.1587 90.2579 0.3033 0.3719 0.1679 -0.0061 0.1001 -0.1013 0.4216 0.5506 0.4937
1494806400.0000 131550.0000 -1.0295 -0.6447 0.1633 1.3678 57.9426 0.2929 0.3037 0.1425 -0.0649 0.0093 -0.1198 0.3696 0.4050 0.3671
1494806400.0000 131850.0000 -0.0066 0.4197 -0.1884 0.8208 179.0975 0.5512 0.2442 0.1287 0.1247 -0.1164 -0.0975 0.4621 1.2064 1.2268
1494806400.0000 132150.0000 -0.4725 0.6433 -0.2063 1.2170 143.7059 0.7719 0.4194 0.1625 0.0511 -0.0232 -0.1062 0.6769 0.8148 0.7895
1494806400.0000 132450.0000 -0.9434 0.1418 -0.0464 1.1145 98.5493 0.6413 0.2711 0.1294 -0.0092 -0.0011 -0.0717 0.5209 0.6170 0.5781
1494806400.0000 132750.0000 -0.5201 -0.2598 0.1823 0.7268 63.4586 0.2050 0.2738 0.0684 0.0246 0.0071 -0.0083 0.2736 0.7010 0.6872
1494806400.0000 133050.0000 -0.9072 -0.1563 0.1634 1.0361 80.2229 0.2209 0.2383 0.1104 -0.0157 0.0585 -0.0404 0.2848 0.4661 0.4250
1494806400.0000 133350.0000 -0.8891 -0.5628 0.1898 1.1181 57.6645 0.1893 0.1405 0.0815 0.0310 -0.0065 -0.0298 0.2057 0.3463 0.3151
1494806400.0000 133650.0000 0.1134 -0.1092 -0.0057 0.3278 313.9018 0.0873 0.0270 0.0448 -0.0234 -0.0135 0.0127 0.0795 1.4619 1.2401
1494806400.0000 133950.0000 0.5157 0.0238 -0.1259 0.6899 267.3604 0.1244 0.1781 0.1237 0.0621 -0.0616 -0.0756 0.2131 0.7093 0.6151
1494806400.0000 134250.0000 -0.8667 -1.0119 0.4232 1.5378 40.5795 0.4196 0.7020 0.1043 0.0954 0.0014 0.0049 0.6129 0.4573 0.4589
1494806400.0000 134550.0000 -0.9770 -0.3682 0.2203 1.2277 69.3507 0.3910 0.3391 0.1375 -0.1111 0.0541 -0.0465 0.4338 0.5040 0.4725
1494806400.0000 134850.0000 -0.3757 -1.0793 0.3356 1.2476 19.1923 0.3086 0.2564 0.1021 0.0727 0.0280 0.0019 0.3335 0.3959 0.3798
1494806400.0000 135150.0000 -0.8861 -0.6743 0.1923 1.2526 52.7309 0.5317 0.2359 0.1167 0.0389 0.0398 0.0169 0.4421 0.4804 0.4543
1494806400.0000 135450.0000 -0.1001 -0.6714 0.1069 1.0330 8.4775 0.6760 0.1434 0.1294 0.0725 -0.1647 -0.0118 0.4744 0.8184 0.7699
1494806400.0000 135750.0000 0.1436 -0.9992 0.2257 1.0727 351.8237 0.1161 0.3249 0.0684 -0.0295 -0.0182 0.0330 0.2547 0.3984 0.3798
1494806400.0000 136050.0000 -0.4043 -0.6406 0.3024 0.9420 32.2585 0.3145 0.1732 0.1139 -0.0413 -0.0768 0.0196 0.3008 0.5490 0.5323
1494806400.0000 136350.0000 -0.8360 -0.6122 0.1301 1.1599 53.7853 0.3452 0.2285 0.1336 -0.0051 0.0045 -0.0345 0.3537 0.4650 0.4221
1494806400.0000 136650.0000 -0.3882 0.0121 -0.0210 1.1514 91.7782 1.2717 0.4083 0.1825 0.2278 -0.2184 -0.1393 0.9312 2.0258 1.9268
1494806400.0000 136950.0000 -0.5162 -0.2773 0.1941 0.9706 61.7517 0.5513 0.3368 0.1084 0.2145 -0.0487 -0.0354 0.4982 0.9337 0.9286
1494806400.0000 137250.0000 -0.9975 -0.2190 0.2287 1.1085 77.6185 0.3598 0.2055 0.1119 0.0997 0.0221 0.0019 0.3386 0.4540 0.4251
1494806400.0000 137550.0000 -0.4738 -0.0029 0.0275 0.7437 89.6517 0.1839 0.3296 0.1375 0.0348 0.0349 -0.0064 0.3255 0.9814 0.8731
1494806400.0000 137850.0000 -0.4106 0.2639 -0.1255 0.8382 122.7275 0.3865 0.2992 0.1539 0.0748 -0.0200 -0.0782 0.4198 1.0498 0.9796
1494806400.0000 138150.0000 -0.2589 0.3672 -0.1533 0.6196 144.8191 0.2031 0.0996 0.0691 -0.0050 -0.0303 -0.0187 0.1859 0.7416 0.7070
1494806400.0000 138450.0000 -1.0477 -0.1307 0.0413 1.2429 82.8879 0.4976 0.3249 0.1359 0.0071 0.0291 -0.0602 0.4792 0.5349 0.4959
1494806400.0000 138750.0000 -0.8794 0.0880 0.0233 1.0638 95.7138 0.3934 0.2588 0.1008 0.0420 -0.0136 -0.0522 0.3765 0.5666 0.5275
1494806400.0000 139050.0000 -0.2703 -0.0431 0.0443 0.4826 80.9477 0.1108 0.1063 0.0608 -0.0364 0.0304 -0.0196 0.1389 1.0975 0.9826
1494806400.0000 139350.0000 -0.8378 -0.0012 0.1252 0.9773 89.9174 0.3877 0.1859 0.1128 0.0247 0.0547 -0.0379 0.3432 0.5646 0.5219
1494806400.0000 139650.0000 -0.4063 0.0462 0.1140 0.5228 96.4881 0.1522 0.0838 0.0590 -0.0172 0.0273 -0.0299 0.1475 0.7388 0.6860
1494806400.0000 139950.0000 -0.1977 0.1334 -0.0075 0.4423 124.0021 0.1534 0.1091 0.0587 -0.0068 0.0318 -0.0383 0.1607 1.3714 1.2403
1494806400.0000 140250.0000 -0.2744 -0.2784 0.1076 0.5339 44.5889 0.1789 0.1514 0.0500 0.1043 -0.0227 -0.0501 0.1902 0.8783 0.8490
1494806400.0000 140550.0000 0.6514 -0.7351 0.0126 1.0271 318.4547 0.1432 0.1518 0.0335 -0.0664 -0.0222 0.0134 0.1643 0.3369 0.3193
1494806400.0000 140850.0000 0.0159 -0.4382 0.1280 0.5653 357.9209 0.0893 0.1718 0.0227 -0.0489 0.0057 0.0088 0.1419 0.6733 0.6728
1494806400.0000 141150.0000 -0.1292 -0.5259 0.2023 0.6399 13.8062 0.1153 0.1387 0.0450 -0.0444 -0.0095 0.0128 0.1495 0.5461 0.5373
1494806400.0000 141450.0000 -0.5977 -0.4929 0.3043 0.9077 50.4895 0.1351 0.2285 0.0548 0.0052 0.0019 0.0055 0.2092 0.4487 0.4494
1494806400.0000 141750.0000 -0.5574 -0.6241 0.2125 0.9302 41.7642 0.2216 0.1068 0.0414 0.0100 0.0065 -0.0092 0.1849 0.4066 0.3954
1494806400.0000 142050.0000 -0.8329 -0.2670 0.1105 0.9974 72.2282 0.3756 0.1919 0.0531 -0.0099 -0.0165 -0.0137 0.3103 0.5159 0.4973
1494806400.0000 142350.0000 0.1306 -0.0943 -0.0514 0.2516 305.8279 0.0195 0.0446 0.0245 0.0014 -0.0029 -0.0086 0.0443 1.0168 0.9079
1494806400.0000 142650.0000 -0.3991 -0.6454 0.1985 0.8639 31.7302 0.2360 0.0821 0.0428 0.0434 -0.0416 0.0033 0.1804 0.4421 0.4291
1494806400.0000 142950.0000 -0.7060 -0.3822 0.1958 0.9040 61.5753 0.2559 0.1028 0.0689 -0.0043 0.0065 0.0010 0.2138 0.4568 0.4307
1494806400.0000 143250.0000 -0.1353 0.2465 -0.1219 0.6138 151.2448 0.2831 0.1438 0.1022 0.0212 0.0003 -0.0709 0.2645 1.3702 1.3414
1494806400.0000 143550.0000 -0.4694 0.5013 -0.1617 0.8443 136.8836 0.2611 0.2185 0.1762 0.0205 -0.0019 -0.1176 0.3279 0.6627 0.5822
1494806400.0000 143850.0000 -0.0808 0.0533 -0.0294 0.5672 123.4499 0.1965 0.2629 0.0996 -0.1123 0.0511 -0.0944 0.2795 4.2678 4.0433
1494806400.0000 144150.0000 -0.1304 0.0905 0.0548 0.5969 124.7635 0.3055 0.1508 0.0982 0.0046 -0.0200 -0.0497 0.2772 2.5607 2.4574
1494806400.0000 144450.0000 0.1366 -0.2833 0.0544 0.3990 334.2647 0.0747 0.0787 0.0422 -0.0291 -0.0111 0.0045 0.0978 0.8000 0.7190
1494806400.0000 144750.0000 0.0648 -0.4977 0.1498 0.5647 352.5818 0.0560 0.1829 0.0311 -0.0492 -0.0201 0.0337 0.1350 0.5727 0.5623
1494806400.0000 145050.0000 -0.6436 -0.2484 0.0997 0.8187 68.9001 0.3837 0.3334 0.1006 0.1404 -0.0472 -0.0336 0.4088 0.7490 0.7087
1494806400.0000 145350.0000 -1.0715 -0.6866 0.2542 1.4338 57.3472 0.4092 0.4010 0.0933 -0.0391 0.0508 -0.0240 0.4518 0.4229 0.4084
1494806400.0000 145650.0000 -0.2652 -0.6952 0.2062 1.0004 20.8786 0.2591 0.4035 0.0736 -0.1733 0.0402 -0.0682 0.3681 0.6416 0.6316
1494806400.0000 145950.0000 -0.2469 -0.4996 0.2015 0.8556 26.3021 0.2473 0.4316 0.0698 -0.1010 -0.0302 -0.0040 0.3743 0.8430 0.8536
1494806400.0000 146250.0000 0.2331 -0.7792 0.1741 0.8783 343.3428 0.1081 0.1971 0.0623 -0.0208 -0.0162 0.0159 0.1837 0.4208 0.3922
1494806400.0000 146550.0000 0.1646 -0.4122 0.0438 0.5229 338.2330 0.0743 0.0697 0.0219 -0.0103 -0.0040 -0.0040 0.0829 0.5271 0.4936
1494806400.0000 146850.0000 0.1338 -0.0847 0.0215 0.2726 302.3112 0.0390 0.0445 0.0093 -0.0211 0.0034 0.0035 0.0464 1.1001 1.0531
1494806400.0000 147150.0000 -0.0055 -0.2568 0.0740 0.3573 1.2301 0.0667 0.0349 0.0178 -0.0044 -0.0094 -0.0008 0.0597 0.7462 0.7164
1494806400.0000 147450.0000 -0.2910 0.1251 -0.0221 0.6091 113.2709 0.2386 0.1086 0.0587 0.0884 -0.0178 -0.0294 0.2030 1.1585 1.0741
1494806400.0000 147750.0000 0.1169 0.5942 -0.2838 0.6664 191.1318 0.0720 0.0604 0.0305 -0.0241 0.0025 -0.0162 0.0814 0.3484 0.3469
1494806400.0000 148050.0000 0.1153 0.1939 -0.0531 0.2807 210.7409 0.0175 0.0239 0.0036 -0.0120 0.0018 -0.0044 0.0225 0.5280 0.5206
1494806400.0000 148350.0000 0.4576 -0.3273 -0.0640 0.6138 305.5711 0.0690 0.1098 0.0272 -0.0345 -0.0153 0.0057 0.1030 0.4627 0.4339
1494806400.0000 148650.0000 0.4090 -0.2578 -0.0067 0.5255 302.2208 0.0369 0.0422 0.0249 -0.0006 -0.0144 0.0069 0.0520 0.3852 0.3360
1494806400.0000 148950.0000 0.3823 -0.0940 -0.0605 0.4483 283.8190 0.0217 0.0473 0.0129 -0.0003 -0.0081 -0.0078 0.0410 0.4151 0.3854
1494806400.0000 149250.0000 0.5445 -0.0180 -0.1272 0.5990 271.8961 0.0455 0.0600 0.0170 0.0020 -0.0143 -0.0056 0.0612 0.3612 0.3443
1494806400.0000 149550.0000 0.5198 0.0855 -0.1390 0.5797 260.6573 0.0371 0.0542 0.0160 -0.0024 -0.0087 0.0041 0.0537 0.3472 0.3312
1494806400.0000 149850.0000 0.6893 -0.2408 -0.1210 0.8164 289.2546 0.1033 0.1354 0.0365 0.0076 -0.0234 0.0066 0.1376 0.4092 0.3863
1494806400.0000 150150.0000 0.6791 -0.1397 -0.1130 0.7762 281.6205 0.0989 0.1123 0.0300 0.0018 -0.0068 -0.0019 0.1206 0.4037 0.3827
1494806400.0000 150450.0000 0.6426 -0.1138 -0.1250 0.7351 280.0414 0.1002 0.0915 0.0328 0.0080 -0.0218 0.0091 0.1122 0.4117 0.3873
1494806400.0000 150750.0000 0.4127 0.0094 -0.0625 0.5737 268.6935 0.1184 0.0943 0.0333 0.0459 -0.0354 -0.0105 0.1230 0.6858 0.6449
1494806400.0000 151050.0000 0.5684 0.0757 -0.1751 0.6346 262.4135 0.0420 0.0668 0.0133 0.0154 -0.0088 -0.0028 0.0610 0.3364 0.3321
