1494720000.0000 150.0000 0.3665 0.2608 -0.0396 0.4533 234.5612 0.0043 0.0055 0.0019 0.0020 -0.0001 -0.0000 0.0058 0.1381 0.1269
1494720000.0000 450.0000 0.3043 0.2292 -0.0966 0.3891 233.0177 0.0060 0.0039 0.0045 -0.0014 -0.0013 0.0020 0.0072 0.1768 0.1512
1494720000.0000 750.0000 0.3423 0.2540 -0.1087 0.4284 233.4162 0.0029 0.0025 0.0024 0.0008 0.0010 0.0006 0.0039 0.1161 0.1000
1494720000.0000 1050.0000 0.4021 0.3162 -0.0818 0.5155 231.8204 0.0081 0.0056 0.0029 0.0024 0.0023 0.0018 0.0083 0.1435 0.1320
1494720000.0000 1350.0000 0.4635 0.3180 -0.0681 0.5676 235.5477 0.0139 0.0111 0.0034 0.0054 0.0034 0.0015 0.0142 0.1718 0.1624
1494720000.0000 1650.0000 0.3312 0.4802 -0.0645 0.6008 214.5991 0.0175 0.0122 0.0033 -0.0061 -0.0014 0.0013 0.0165 0.1785 0.1705
1494720000.0000 1950.0000 0.1099 0.4674 0.0165 0.5059 193.2276 0.0282 0.0243 0.0135 0.0053 0.0053 0.0001 0.0330 0.3087 0.2754
1494720000.0000 2250.0000 0.1849 0.3655 -0.0134 0.4162 206.8315 0.0102 0.0233 0.0066 0.0097 0.0006 0.0018 0.0200 0.2819 0.2577
1494720000.0000 2550.0000 0.2182 0.2434 -0.0359 0.3385 221.8812 0.0169 0.0258 0.0074 0.0161 -0.0060 -0.0070 0.0251 0.3930 0.3650
1494720000.0000 2850.0000 0.2990 0.2494 -0.0723 0.4037 230.1654 0.0132 0.0067 0.0026 -0.0008 0.0013 0.0003 0.0112 0.2187 0.2092
1494720000.0000 3150.0000 0.3762 0.3322 -0.0837 0.5087 228.5584 0.0057 0.0120 0.0034 0.0023 -0.0003 0.0001 0.0105 0.1646 0.1527
1494720000.0000 3450.0000 0.3508 0.1895 -0.0627 0.4117 241.6254 0.0089 0.0141 0.0030 0.0042 0.0022 -0.0007 0.0130 0.2306 0.2195
1494720000.0000 3750.0000 0.3295 0.2360 -0.0437 0.4132 234.3911 0.0041 0.0121 0.0023 0.0020 0.0008 -0.0001 0.0093 0.1930 0.1815
1494720000.0000 4050.0000 0.2639 0.2391 -0.0648 0.3648 227.8267 0.0079 0.0112 0.0031 0.0043 0.0013 0.0000 0.0111 0.2377 0.2239
1494720000.0000 4350.0000 0.3572 0.2132 -0.0423 0.4213 239.1691 0.0078 0.0054 0.0027 0.0019 -0.0004 -0.0000 0.0079 0.1737 0.1591
1494720000.0000 4650.0000 0.2872 0.1513 -0.0280 0.3349 242.2179 0.0069 0.0070 0.0047 0.0010 0.0014 -0.0005 0.0093 0.2414 0.2092
1494720000.0000 4950.0000 0.3575 0.1921 -0.0602 0.4154 241.7487 0.0040 0.0118 0.0052 0.0017 0.0014 0.0024 0.0105 0.2042 0.1791
1494720000.0000 5250.0000 0.2189 0.1972 -0.0769 0.3160 227.9770 0.0154 0.0069 0.0089 -0.0006 0.0053 -0.0006 0.0156 0.3350 0.2925
1494720000.0000 5550.0000 0.2092 0.1362 -0.0403 0.2951 236.9242 0.0221 0.0109 0.0255 -0.0046 0.0169 -0.0081 0.0292 0.5520 0.4201
1494720000.0000 5850.0000 0.2513 0.1473 -0.0493 0.2979 239.6296 0.0039 0.0044 0.0031 0.0004 0.0001 0.0011 0.0057 0.2092 0.1807
1494720000.0000 6150.0000 0.2492 0.2332 -0.0774 0.3523 226.8977 0.0054 0.0067 0.0031 -0.0014 0.0017 0.0005 0.0077 0.2042 0.1867
1494720000.0000 6450.0000 0.3387 0.2150 -0.0466 0.4047 237.5927 0.0051 0.0023 0.0016 0.0003 0.0009 0.0001 0.0045 0.1355 0.1235
1494720000.0000 6750.0000 0.3278 0.2442 -0.1077 0.4135 233.3138 0.0042 0.0076 0.0036 0.0023 0.0011 -0.0001 0.0076 0.1687 0.1528
1494720000.0000 7050.0000 0.4061 0.2422 -0.0770 0.4770 239.1904 0.0091 0.0040 0.0052 0.0014 0.0021 0.0008 0.0091 0.1630 0.1399
1494720000.0000 7350.0000 0.3234 0.2719 -0.0891 0.4273 229.9439 0.0077 0.0088 0.0032 0.0043 0.0015 0.0011 0.0098 0.1875 0.1753
1494720000.0000 7650.0000 0.3220 0.2321 -0.0393 0.3996 234.2181 0.0035 0.0030 0.0061 0.0011 0.0004 0.0014 0.0063 0.1626 0.1178
1494720000.0000 7950.0000 0.2217 0.2400 0.0487 0.4181 222.7345 0.0743 0.0155 0.0101 0.0123 0.0140 0.0063 0.0500 0.5525 0.5295
1494720000.0000 8250.0000 -0.0831 -0.0622 0.0045 0.2811 53.1780 0.0482 0.0298 0.0050 0.0308 0.0054 0.0052 0.0415 1.6007 1.5531
1494720000.0000 8550.0000 0.0126 0.0604 -0.0184 0.1931 191.8249 0.0280 0.0098 0.0070 0.0029 -0.0020 -0.0072 0.0224 1.8970 1.8179
1494720000.0000 8850.0000 -0.0593 -0.0414 -0.0400 0.2854 55.0706 0.0418 0.0575 0.0092 0.0377 -0.0090 -0.0154 0.0543 2.3027 2.5166
1494720000.0000 9150.0000 0.0051 0.0231 -0.0390 0.1634 192.3619 0.0146 0.0143 0.0037 0.0037 -0.0026 -0.0054 0.0163 2.2875 4.1615
1494720000.0000 9450.0000 0.2066 0.1244 -0.0441 0.2741 238.9454 0.0097 0.0124 0.0054 -0.0024 0.0029 -0.0021 0.0137 0.3903 0.3559
1494720000.0000 9750.0000 0.1199 0.1136 -0.0183 0.2121 226.5397 0.0105 0.0172 0.0029 0.0024 0.0006 -0.0039 0.0153 0.6082 0.5821
1494720000.0000 10050.0000 -0.2215 0.0232 -0.0007 0.2676 95.9775 0.0237 0.0245 0.0026 -0.0146 0.0044 -0.0058 0.0254 0.5847 0.5694
1494720000.0000 10350.0000 0.0495 -0.0194 -0.0481 0.2010 291.3698 0.0106 0.0441 0.0054 0.0086 -0.0012 0.0056 0.0301 1.9733 2.5372
1494720000.0000 10650.0000 0.1991 0.0724 -0.0156 0.2889 250.0257 0.0085 0.0466 0.0038 0.0143 -0.0025 -0.0055 0.0295 0.6598 0.6396
1494720000.0000 10950.0000 0.0864 0.0444 -0.0388 0.3234 242.8204 0.0314 0.0752 0.0069 0.0403 -0.0109 -0.0151 0.0567 1.8592 1.9401
1494720000.0000 11250.0000 0.1187 0.2123 -0.0439 0.2680 209.2105 0.0101 0.0132 0.0018 -0.0027 -0.0015 0.0007 0.0125 0.3694 0.3618
1494720000.0000 11550.0000 0.1905 0.1376 -0.0371 0.2505 234.1564 0.0034 0.0071 0.0026 -0.0015 0.0005 0.0006 0.0066 0.2779 0.2519
1494720000.0000 11850.0000 0.0855 0.1524 -0.0302 0.1923 209.2920 0.0058 0.0048 0.0020 -0.0012 -0.0013 0.0013 0.0063 0.3649 0.3395
1494720000.0000 12150.0000 0.0851 0.0126 -0.0513 0.1934 261.5640 0.0144 0.0277 0.0086 0.0066 -0.0053 -0.0008 0.0254 1.2988 1.3780
1494720000.0000 12450.0000 0.0845 0.1346 -0.0543 0.1758 212.1319 0.0094 0.0064 0.0030 0.0047 -0.0006 0.0002 0.0095 0.4728 0.4577
1494720000.0000 12750.0000 -0.0858 0.0646 -0.0101 0.2726 126.9643 0.0502 0.0252 0.0042 0.0263 -0.0042 -0.0056 0.0398 1.5103 1.4764
1494720000.0000 13050.0000 -0.1038 0.0310 -0.0318 0.1618 106.6553 0.0096 0.0091 0.0054 0.0046 -0.0030 -0.0026 0.0120 0.7918 0.7272
1494720000.0000 13350.0000 0.0049 0.0290 0.0059 0.1235 189.5897 0.0063 0.0132 0.0016 0.0059 -0.0002 -0.0004 0.0106 2.7979 2.7433
1494720000.0000 13650.0000 -0.1708 -0.0399 -0.0124 0.2014 76.8460 0.0058 0.0095 0.0039 0.0036 -0.0006 -0.0039 0.0096 0.4554 0.4071
1494720000.0000 13950.0000 -0.0323 -0.0600 -0.0260 0.1496 28.3053 0.0020 0.0229 0.0017 0.0032 -0.0003 -0.0017 0.0133 1.2927 1.3388
1494720000.0000 14250.0000 -0.0439 0.0913 -0.0471 0.2460 154.2950 0.0438 0.0188 0.0037 0.0107 -0.0099 -0.0034 0.0331 1.3302 1.4255
1494720000.0000 14550.0000 0.0644 0.1700 -0.0192 0.2038 200.7437 0.0057 0.0088 0.0017 0.0028 -0.0002 -0.0024 0.0081 0.4021 0.3827
1494720000.0000 14850.0000 0.1333 0.0577 -0.0014 0.1734 246.5945 0.0043 0.0075 0.0027 -0.0018 0.0003 -0.0015 0.0072 0.4774 0.4303
1494720000.0000 15150.0000 0.1257 0.2017 -0.0575 0.2480 211.9375 0.0028 0.0062 0.0032 -0.0018 -0.0003 0.0005 0.0061 0.2605 0.2297
1494720000.0000 15450.0000 0.1853 0.0900 -0.0197 0.2261 244.0921 0.0038 0.0070 0.0017 -0.0019 -0.0003 -0.0008 0.0062 0.3116 0.2910
1494720000.0000 15750.0000 0.1598 0.1260 0.0011 0.2191 231.7568 0.0029 0.0056 0.0023 -0.0013 0.0006 -0.0010 0.0054 0.2941 0.2604
1494720000.0000 16050.0000 -0.1340 0.2598 -0.0404 0.3064 152.7111 0.0110 0.0060 0.0028 -0.0026 0.0014 -0.0009 0.0098 0.2745 0.2569
1494720000.0000 16350.0000 -0.0769 0.0573 -0.0166 0.2524 126.7144 0.0424 0.0195 0.0016 0.0054 -0.0024 -0.0022 0.0317 1.4942 1.4972
1494720000.0000 16650.0000 -0.2266 0.0127 0.0118 0.3316 93.1964 0.0311 0.0362 0.0056 0.0224 -0.0026 -0.0088 0.0365 0.6861 0.6603
1494720000.0000 16950.0000 -0.0781 0.0372 -0.0430 0.2334 115.4962 0.0439 0.0207 0.0044 0.0263 -0.0064 -0.0051 0.0345 1.5701 1.6969
1494720000.0000 17250.0000 -0.0992 -0.0119 -0.0101 0.1987 83.1805 0.0356 0.0154 0.0110 0.0151 -0.0036 -0.0004 0.0310 1.4326 1.3058
1494720000.0000 17550.0000 0.0667 0.1384 -0.0530 0.1814 205.7479 0.0084 0.0084 0.0016 -0.0026 0.0001 0.0009 0.0092 0.4812 0.4869
1494720000.0000 17850.0000 0.0894 -0.0353 -0.0458 0.1619 291.5603 0.0028 0.0176 0.0039 -0.0018 0.0000 -0.0013 0.0122 0.8454 0.8583
1494720000.0000 18150.0000 -0.0107 0.1073 -0.0470 0.1412 174.2828 0.0047 0.0063 0.0016 -0.0040 0.0004 -0.0006 0.0063 0.5497 0.5613
1494720000.0000 18450.0000 0.0245 -0.0153 -0.0048 0.0957 301.9785 0.0042 0.0054 0.0017 0.0006 0.0008 -0.0005 0.0056 2.0886 1.9506
1494720000.0000 18750.0000 0.0611 0.0238 -0.0228 0.0978 248.7330 0.0032 0.0065 0.0011 0.0011 0.0001 -0.0001 0.0054 0.8676 0.8687
1494720000.0000 19050.0000 -0.0237 -0.0624 0.0025 0.1196 20.7764 0.0076 0.0104 0.0014 0.0066 -0.0004 -0.0016 0.0097 1.2025 1.1602
1494720000.0000 19350.0000 -0.2055 0.0322 0.0278 0.2452 98.9013 0.0149 0.0107 0.0022 -0.0039 0.0005 0.0003 0.0139 0.4589 0.4442
1494720000.0000 19650.0000 -0.0525 0.0354 0.0070 0.1604 123.9749 0.0236 0.0052 0.0060 0.0045 -0.0035 -0.0021 0.0174 1.6943 1.5507
1494720000.0000 19950.0000 -0.1562 -0.0965 0.0540 0.2208 58.3091 0.0206 0.0129 0.0050 0.0114 -0.0015 -0.0014 0.0192 0.5919 0.5757
1494720000.0000 20250.0000 -0.0958 -0.1787 -0.0145 0.2278 28.2082 0.0097 0.0066 0.0049 -0.0017 -0.0007 0.0004 0.0106 0.4137 0.3636
1494720000.0000 20550.0000 -0.2613 -0.0087 0.0414 0.2869 88.0855 0.0129 0.0148 0.0115 0.0016 0.0052 -0.0027 0.0196 0.4320 0.3676
1494720000.0000 20850.0000 0.0615 0.0161 0.0156 0.1586 255.3300 0.0174 0.0090 0.0057 0.0052 -0.0032 -0.0019 0.0160 1.5795 1.4738
1494720000.0000 21150.0000 0.0536 -0.0472 -0.0342 0.1492 311.3727 0.0051 0.0159 0.0077 0.0012 -0.0031 -0.0008 0.0143 1.2338 1.1701
1494720000.0000 21450.0000 0.0514 -0.1120 -0.0535 0.1986 335.3696 0.0094 0.0236 0.0084 -0.0014 -0.0009 0.0035 0.0207 0.8737 0.8503
1494720000.0000 21750.0000 0.1301 -0.1928 0.0227 0.2680 325.9925 0.0060 0.0195 0.0180 0.0035 -0.0045 -0.0114 0.0218 0.5157 0.3969
1494720000.0000 22050.0000 -0.3306 -0.0480 0.0206 0.3950 81.7407 0.0274 0.0328 0.0124 -0.0085 0.0055 -0.0024 0.0363 0.4649 0.4241
1494720000.0000 22350.0000 -0.2117 0.1144 -0.0809 0.2535 118.3801 0.0129 0.0087 0.0067 -0.0040 0.0021 -0.0011 0.0142 0.3827 0.3525
1494720000.0000 22650.0000 -0.0909 0.0652 -0.0754 0.1440 125.6594 0.0030 0.0097 0.0065 -0.0003 -0.0012 -0.0033 0.0096 0.5932 0.5819
1494720000.0000 22950.0000 -0.1220 0.0356 -0.0569 0.2161 106.2652 0.0294 0.0164 0.0215 0.0024 -0.0115 -0.0111 0.0337 1.0759 0.9720
1494720000.0000 23250.0000 -0.2247 -0.1461 0.0400 0.3342 56.9561 0.0262 0.0436 0.0162 0.0015 -0.0003 -0.0046 0.0430 0.6250 0.5692
1494720000.0000 23550.0000 -0.1803 -0.2550 0.0036 0.3663 35.2651 0.0317 0.0245 0.0274 -0.0092 -0.0089 0.0056 0.0418 0.5345 0.4384
1494720000.0000 23850.0000 -0.3205 -0.2455 0.1163 0.4550 52.5435 0.0499 0.0411 0.0193 0.0043 0.0032 -0.0009 0.0551 0.4564 0.4313
1494720000.0000 24150.0000 -0.3188 -0.1923 0.0785 0.3842 58.9078 0.0226 0.0219 0.0186 0.0153 0.0094 0.0109 0.0315 0.3810 0.3271
1494720000.0000 24450.0000 -0.5410 -0.3271 -0.0014 0.6609 58.8419 0.0201 0.0464 0.0192 0.0060 0.0007 0.0042 0.0429 0.2674 0.2355
1494720000.0000 24750.0000 -0.3506 -0.1460 0.0132 0.4133 67.3888 0.0381 0.0249 0.0240 0.0038 0.0067 0.0033 0.0435 0.4479 0.3814
1494720000.0000 25050.0000 -0.4151 -0.2115 0.0639 0.4864 62.9995 0.0194 0.0309 0.0170 0.0106 0.0056 0.0076 0.0337 0.3185 0.2781
1494720000.0000 25350.0000 -0.2728 -0.0398 0.0847 0.3237 81.7028 0.0235 0.0299 0.0171 0.0103 0.0012 -0.0031 0.0352 0.5315 0.4840
1494720000.0000 25650.0000 -0.3147 -0.2194 0.0876 0.4205 55.1144 0.0316 0.0328 0.0177 0.0132 0.0078 -0.0029 0.0410 0.4202 0.3816
1494720000.0000 25950.0000 -0.3131 -0.0247 -0.0274 0.3650 85.4869 0.0198 0.0380 0.0186 -0.0017 0.0027 -0.0091 0.0382 0.5062 0.4420
1494720000.0000 26250.0000 -0.3817 -0.1451 0.0202 0.4379 69.1859 0.0145 0.0271 0.0157 -0.0006 0.0052 0.0032 0.0286 0.3380 0.2884
1494720000.0000 26550.0000 -0.4082 -0.3541 0.0611 0.5708 49.0627 0.0301 0.0404 0.0219 0.0066 0.0115 0.0080 0.0462 0.3227 0.2837
1494720000.0000 26850.0000 -0.2924 0.0236 0.0467 0.3718 94.6232 0.0634 0.0277 0.0232 -0.0093 0.0033 -0.0056 0.0571 0.6571 0.5940
1494720000.0000 27150.0000 -0.2677 -0.0515 0.0460 0.3134 79.1046 0.0277 0.0194 0.0222 -0.0009 0.0088 0.0015 0.0347 0.5499 0.4598
1494720000.0000 27450.0000 -0.2509 -0.1284 0.0362 0.3497 62.8990 0.0508 0.0212 0.0166 -0.0121 0.0066 0.0038 0.0443 0.6047 0.5495
1494720000.0000 27750.0000 -0.3211 -0.2006 0.0744 0.4032 58.0090 0.0208 0.0387 0.0158 0.0171 0.0084 0.0099 0.0376 0.4105 0.3719
1494720000.0000 28050.0000 -0.2899 -0.1700 0.1155 0.3795 59.6101 0.0221 0.0388 0.0187 0.0094 0.0019 -0.0013 0.0398 0.4584 0.4239
1494720000.0000 28350.0000 -0.1841 -0.2241 0.0765 0.3476 39.3974 0.0385 0.0328 0.0239 -0.0006 0.0060 0.0108 0.0476 0.5940 0.5315
1494720000.0000 28650.0000 -0.1064 -0.2904 0.0124 0.3447 20.1174 0.0150 0.0315 0.0265 -0.0027 -0.0003 0.0077 0.0365 0.5039 0.4026
1494720000.0000 28950.0000 -0.1488 -0.0118 0.1234 0.1862 85.4717 0.0125 0.0086 0.0157 0.0015 -0.0061 0.0012 0.0184 0.5715 0.5611
1494720000.0000 29250.0000 -0.2581 -0.1518 -0.0356 0.3366 59.5412 0.0195 0.0240 0.0242 0.0014 -0.0082 0.0107 0.0338 0.4981 0.4022
1494720000.0000 29550.0000 -0.2428 -0.3455 0.0182 0.4721 35.1012 0.0275 0.0338 0.0271 -0.0151 -0.0038 0.0112 0.0442 0.4062 0.3386
1494720000.0000 29850.0000 -0.1481 -0.1984 -0.0548 0.3144 36.7502 0.0308 0.0297 0.0265 -0.0036 -0.0015 0.0062 0.0436 0.6720 0.5739
1494720000.0000 30150.0000 -0.1889 -0.1522 0.0676 0.3175 51.1288 0.0403 0.0422 0.0168 0.0172 0.0004 0.0055 0.0497 0.7228 0.6838
1494720000.0000 30450.0000 -0.3359 -0.2259 0.1124 0.4541 56.0723 0.0642 0.0300 0.0359 0.0004 0.0133 0.0040 0.0650 0.4956 0.4377
1494720000.0000 30750.0000 -0.4678 -0.1608 -0.0050 0.6319 71.0317 0.1032 0.1237 0.0340 0.0180 0.0017 0.0009 0.1305 0.5962 0.5561
1494720000.0000 31050.0000 -0.3167 -0.0589 -0.0086 0.4535 79.4580 0.0637 0.0836 0.0314 0.0147 -0.0052 -0.0026 0.0893 0.7574 0.6879
1494720000.0000 31350.0000 -0.5155 -0.2281 0.0700 0.6418 66.1327 0.0777 0.0992 0.0434 0.0256 0.0194 -0.0064 0.1101 0.4770 0.4307
1494720000.0000 31650.0000 -0.5795 -0.2932 0.0510 0.7206 63.1632 0.0487 0.1282 0.0669 0.0026 0.0249 -0.0147 0.1219 0.4376 0.3739
1494720000.0000 31950.0000 -0.5093 -0.2440 0.0638 0.6512 64.3994 0.0838 0.1037 0.0739 0.0117 0.0135 -0.0109 0.1307 0.5193 0.4426
1494720000.0000 32250.0000 -0.4919 -0.3403 0.1005 0.6545 55.3299 0.1053 0.0934 0.0505 0.0384 0.0077 0.0015 0.1246 0.4752 0.4303
1494720000.0000 32550.0000 -0.4653 -0.3698 -0.0447 0.6340 51.5263 0.0873 0.0363 0.0272 0.0199 0.0025 -0.0045 0.0754 0.3763 0.3416
1494720000.0000 32850.0000 0.0147 0.0443 -0.1562 0.3031 198.3985 0.0467 0.0627 0.0756 -0.0087 -0.0034 0.0125 0.0925 1.5228 4.0869
1494720000.0000 33150.0000 -0.2865 -0.5104 0.0534 0.6259 29.3076 0.0824 0.0902 0.0309 0.0472 -0.0023 0.0067 0.1018 0.4432 0.4098
1494720000.0000 33450.0000 -0.3443 -0.0634 -0.0354 0.4273 79.5576 0.0475 0.0592 0.0378 -0.0158 0.0095 0.0005 0.0723 0.6240 0.5389
1494720000.0000 33750.0000 0.0774 0.1195 -0.1947 0.2573 212.9369 0.0414 0.0216 0.0185 0.0067 -0.0026 0.0000 0.0407 0.6830 1.0174
1494720000.0000 34050.0000 0.0544 0.0133 -0.0812 0.2354 256.2255 0.0499 0.0234 0.0207 0.0238 -0.0095 -0.0098 0.0470 1.7945 2.7897
1494720000.0000 34350.0000 0.0729 -0.5694 -0.1283 0.6980 352.7067 0.1338 0.1131 0.0791 0.0646 -0.0188 -0.0061 0.1630 0.5605 0.4998
1494720000.0000 34650.0000 -0.2463 -0.6623 0.0025 0.8792 20.4018 0.2861 0.1369 0.1011 0.0342 -0.0577 0.0468 0.2621 0.5916 0.5315
1494720000.0000 34950.0000 -0.5879 -0.2792 0.0504 0.7608 64.5997 0.1223 0.1358 0.0720 0.0005 0.0132 0.0210 0.1650 0.5081 0.4506
1494720000.0000 35250.0000 -0.1445 -0.1424 -0.0658 0.3474 45.4291 0.0733 0.0950 0.0393 0.0408 -0.0028 -0.0017 0.1038 1.2333 1.1676
1494720000.0000 35550.0000 -0.1600 -0.3820 -0.0894 0.5640 22.7230 0.1737 0.0973 0.0627 0.0272 -0.0421 0.0079 0.1668 0.7872 0.7257
1494720000.0000 35850.0000 -0.2620 0.0076 0.1781 0.3474 91.6559 0.0633 0.0396 0.0226 -0.0144 0.0035 -0.0059 0.0628 0.6456 0.7068
1494720000.0000 36150.0000 -0.5189 0.0079 0.1143 0.5626 90.8676 0.0764 0.0433 0.0823 -0.0035 0.0429 -0.0242 0.1010 0.4882 0.3849
1494720000.0000 36450.0000 -0.4120 -0.0314 0.0682 0.5341 85.6428 0.1040 0.1034 0.0378 0.0595 0.0106 -0.0140 0.1226 0.6827 0.6363
1494720000.0000 36750.0000 -0.6910 0.0048 0.0486 0.8423 90.4000 0.1350 0.2447 0.1024 0.0165 0.0476 -0.0184 0.2411 0.5787 0.5148
1494720000.0000 37050.0000 -0.7110 -0.0176 0.0939 0.8486 88.5840 0.1710 0.1983 0.1126 -0.0421 0.0431 -0.0437 0.2410 0.5587 0.4933
1494720000.0000 37350.0000 -0.7548 -0.1306 0.1889 0.9182 80.1832 0.1638 0.2682 0.1687 -0.0375 0.0732 -0.0605 0.3004 0.5671 0.4954
1494720000.0000 37650.0000 -0.8069 -0.3703 0.1788 1.0467 65.3472 0.3065 0.3524 0.1370 0.1117 0.0448 0.0007 0.3980 0.5688 0.5279
1494720000.0000 37950.0000 -0.8883 -0.2118 0.1659 1.1034 76.5900 0.2908 0.4577 0.1441 0.0699 0.0902 -0.0095 0.4463 0.5877 0.5470
1494720000.0000 38250.0000 -0.4286 0.1817 0.1025 0.7301 112.9683 0.1916 0.2348 0.1199 0.1014 0.0003 -0.0895 0.2731 0.8952 0.8098
1494720000.0000 38550.0000 -0.3929 -0.0181 0.1476 0.5115 87.3570 0.0819 0.1089 0.0568 0.0301 0.0040 -0.0202 0.1238 0.6839 0.6412
1494720000.0000 38850.0000 -0.6353 -0.1008 0.0430 0.7285 80.9864 0.1277 0.1079 0.0616 -0.0113 0.0334 -0.0232 0.1486 0.4882 0.4357
1494720000.0000 39150.0000 -0.4352 0.0808 0.0026 0.5300 100.5226 0.0971 0.0807 0.0742 -0.0205 0.0301 -0.0367 0.1260 0.6548 0.5500
1494720000.0000 39450.0000 -0.3883 -0.3688 0.0764 0.7026 46.4789 0.1950 0.1437 0.1431 -0.0417 -0.0436 0.0019 0.2409 0.7408 0.6274
1494720000.0000 39750.0000 -0.9631 -0.2708 0.0754 1.0987 74.2974 0.2060 0.1813 0.1460 -0.0347 0.0633 -0.0162 0.2666 0.4202 0.3591
1494720000.0000 40050.0000 -0.2525 -0.2057 0.0412 0.7461 50.8284 0.3878 0.1767 0.1013 -0.0334 -0.0458 -0.0049 0.3329 1.4353 1.3321
1494720000.0000 40350.0000 -0.7146 -0.4300 0.2394 0.9334 58.9599 0.2648 0.2252 0.1314 0.0574 0.0438 0.0065 0.3107 0.5245 0.4846
1494720000.0000 40650.0000 -0.9867 0.1380 0.0309 1.1845 97.9635 0.6269 0.5087 0.1503 -0.2472 0.1408 -0.1116 0.6429 0.6568 0.6175
1494720000.0000 40950.0000 -0.3529 0.0760 -0.0980 0.7360 102.1529 0.3817 0.2557 0.1947 -0.0004 0.0161 -0.0433 0.4160 1.4077 1.2766
1494720000.0000 41250.0000 -0.7063 -0.3771 0.1432 0.9156 61.9003 0.1872 0.2142 0.1141 0.0513 0.0549 -0.0010 0.2577 0.5097 0.4569
1494720000.0000 41550.0000 -0.4104 0.1127 0.0272 0.5954 105.3584 0.0988 0.1601 0.1381 -0.0274 0.0257 -0.0714 0.1985 0.8529 0.6902
1494720000.0000 41850.0000 -0.3658 -0.3555 0.0818 0.6120 45.8158 0.1323 0.0952 0.0468 -0.0113 0.0287 0.0012 0.1371 0.5853 0.5398
1494720000.0000 42150.0000 -0.2245 -0.5367 0.0594 0.7590 22.6998 0.2155 0.2851 0.1036 0.0718 -0.0267 -0.0274 0.3021 0.7674 0.7022
1494720000.0000 42450.0000 -0.2667 -0.5635 0.0234 0.7633 25.3254 0.2563 0.0694 0.0671 0.0288 -0.0093 -0.0043 0.1963 0.5800 0.5285
1494720000.0000 42750.0000 -0.5192 -0.4323 0.1921 0.8943 50.2214 0.4144 0.2084 0.1099 -0.0277 0.0628 -0.0132 0.3663 0.7036 0.6744
1494720000.0000 43050.0000 -0.6280 -0.1523 0.1551 0.8101 76.3693 0.2413 0.2410 0.1586 0.0149 0.0391 -0.0668 0.3205 0.6956 0.6206
1494720000.0000 43350.0000 -0.6968 -0.0002 0.0026 0.8678 89.9810 0.2148 0.2474 0.1363 0.0628 0.0300 -0.0589 0.2993 0.6410 0.5633
1494720000.0000 43650.0000 -0.3783 -0.1740 0.1373 0.5413 65.3003 0.1290 0.1066 0.0683 0.0122 0.0080 -0.0200 0.1519 0.7259 0.6730
1494720000.0000 43950.0000 -0.4978 0.1023 0.1690 0.7589 101.6158 0.2367 0.3249 0.1165 -0.0215 0.0784 -0.0565 0.3390 0.8877 0.8514
1494720000.0000 44250.0000 -0.8226 -0.3249 0.1565 1.0481 68.4485 0.2450 0.3831 0.1563 0.0735 0.0804 -0.0622 0.3922 0.5693 0.5173
1494720000.0000 44550.0000 -0.4895 -0.1442 0.0828 0.6730 73.5905 0.1562 0.1657 0.1338 0.0344 0.0177 -0.0012 0.2278 0.7539 0.6419
1494720000.0000 44850.0000 -0.1634 0.1447 0.0538 0.5430 131.5206 0.1994 0.1396 0.0662 0.0827 0.0050 -0.0215 0.2026 1.6351 1.5404
1494720000.0000 45150.0000 -0.1434 -0.2466 0.1446 0.5001 30.1882 0.1223 0.1146 0.0727 -0.0317 -0.0075 0.0056 0.1548 1.0046 0.9851
1494720000.0000 45450.0000 -0.7455 -0.5247 0.0650 1.2626 54.8620 0.7198 0.3481 0.1858 -0.2147 0.0122 -0.0027 0.6268 0.7074 0.6545
1494720000.0000 45750.0000 -0.3723 0.2400 0.0478 0.9430 122.8080 0.7440 0.2959 0.1360 -0.2444 0.1047 -0.0782 0.5879 1.4053 1.3292
1494720000.0000 46050.0000 -0.8946 0.4666 -0.0143 1.1207 117.5467 0.2592 0.2485 0.1580 -0.0059 0.0506 -0.0708 0.3329 0.4668 0.4078
1494720000.0000 46350.0000 -0.4914 -0.0504 0.0548 0.5930 84.1434 0.1092 0.0994 0.0658 -0.0213 0.0219 -0.0261 0.1372 0.6085 0.5338
1494720000.0000 46650.0000 -0.7247 -0.0204 0.1401 0.9926 88.3853 0.2395 0.5044 0.2078 -0.0294 0.0674 -0.1380 0.4759 0.7628 0.6869
1494720000.0000 46950.0000 -0.4504 -0.0697 0.0991 0.6918 81.1995 0.3226 0.2078 0.1517 -0.1145 0.1242 -0.0827 0.3410 1.0223 0.9225
1494720000.0000 47250.0000 -0.4200 0.0234 0.0981 0.7282 93.1844 0.5254 0.1691 0.0801 -0.0022 0.0737 -0.0261 0.3873 1.1764 1.1438
1494720000.0000 47550.0000 -0.4931 0.0818 0.1307 0.8679 99.4185 0.3292 0.4619 0.1606 -0.0005 0.0714 -0.0995 0.4758 1.0901 1.0273
1494720000.0000 47850.0000 -0.6998 -0.4499 0.1849 0.9220 57.2621 0.1956 0.1897 0.0733 0.0436 0.0269 -0.0165 0.2293 0.4587 0.4307
1494720000.0000 48150.0000 -0.7693 -0.3288 0.2136 1.0546 66.8602 0.3097 0.3690 0.1868 -0.1291 0.1186 -0.0760 0.4328 0.6221 0.5686
1494720000.0000 48450.0000 -0.3068 -0.0354 -0.0945 0.6555 83.4202 0.2493 0.1882 0.1292 0.0990 -0.0350 -0.0296 0.2833 1.3457 1.2366
1494720000.0000 48750.0000 -0.7464 0.1774 0.1001 1.0344 103.3683 0.6473 0.2799 0.2482 -0.0213 0.0103 -0.1019 0.5877 0.8091 0.7247
1494720000.0000 49050.0000 -0.6645 -0.2010 0.1943 0.8854 73.1670 0.2429 0.2654 0.1637 -0.0217 0.0604 -0.0490 0.3360 0.6565 0.5929
1494720000.0000 49350.0000 -0.6568 0.1522 0.0843 0.8533 103.0466 0.3082 0.2548 0.1435 -0.0767 0.0588 -0.0561 0.3533 0.7142 0.6425
1494720000.0000 49650.0000 -0.7976 0.0404 0.0688 0.9162 92.8977 0.1379 0.2240 0.1488 -0.0300 0.0392 -0.0914 0.2553 0.5147 0.4349
1494720000.0000 49950.0000 -0.5257 -0.1753 0.1152 0.7752 71.5550 0.2677 0.2630 0.0957 -0.0478 0.0359 -0.0291 0.3132 0.8073 0.7590
1494720000.0000 50250.0000 -0.7343 -0.0227 0.1178 0.9405 88.2278 0.3536 0.3097 0.1178 -0.0654 0.0137 -0.0742 0.3906 0.6859 0.6401
1494720000.0000 50550.0000 -0.0937 -0.0322 0.1031 0.4784 71.0291 0.1779 0.1295 0.0956 -0.0355 0.0374 -0.0345 0.2015 2.5635 3.2315
1494720000.0000 50850.0000 -0.0046 0.2351 -0.0408 0.6064 178.8819 0.2038 0.1860 0.0814 0.0296 0.0245 -0.0311 0.2356 1.6606 1.5330
1494720000.0000 51150.0000 -0.5701 0.0270 0.0926 0.6797 92.7147 0.1147 0.1200 0.1071 -0.0014 0.0428 -0.0274 0.1709 0.5838 0.4901
1494720000.0000 51450.0000 -0.7881 0.0193 0.0683 0.9527 91.4044 0.3172 0.2867 0.1486 -0.0453 0.0679 -0.0690 0.3762 0.6329 0.5691
1494720000.0000 51750.0000 -0.7572 0.0682 0.0701 0.8917 95.1478 0.2615 0.2047 0.0980 -0.0104 0.0534 -0.0669 0.2821 0.5680 0.5185
1494720000.0000 52050.0000 -0.5445 0.3271 0.0075 0.7946 120.9931 0.1886 0.2534 0.1427 -0.0135 0.0578 -0.0972 0.2923 0.6949 0.6042
1494720000.0000 52350.0000 -0.2849 -0.0101 -0.0077 0.5253 87.9740 0.0668 0.2036 0.0982 -0.0073 -0.0046 -0.0621 0.1843 1.2292 1.0531
1494720000.0000 52650.0000 -0.4946 0.4118 -0.1576 0.7656 129.7814 0.2649 0.0873 0.1027 -0.0199 -0.0080 -0.0186 0.2274 0.5877 0.5324
1494720000.0000 52950.0000 -0.8007 0.1815 0.0012 0.9382 102.7746 0.2681 0.2232 0.1463 -0.0786 0.0824 -0.0723 0.3188 0.5615 0.4929
1494720000.0000 53250.0000 -0.5142 -0.1999 0.1883 0.6976 68.7532 0.1271 0.2323 0.1179 0.0432 -0.0079 -0.0595 0.2387 0.6842 0.6273
1494720000.0000 53550.0000 -0.4821 -0.1847 0.2000 0.6610 69.0335 0.2480 0.1611 0.1018 0.0232 -0.0093 -0.0227 0.2555 0.7453 0.7152
1494720000.0000 53850.0000 -0.4469 -0.0993 0.0615 0.6784 77.4683 0.1617 0.2315 0.0416 -0.0700 0.0253 -0.0236 0.2174 0.8241 0.7907
1494720000.0000 54150.0000 0.1375 -0.0457 0.0455 0.4379 288.3762 0.1045 0.1306 0.0321 0.0887 -0.0301 -0.0417 0.1336 1.9644 1.9314
1494720000.0000 54450.0000 0.1316 0.1519 -0.0019 0.2933 220.9134 0.0592 0.0314 0.0169 0.0215 0.0062 -0.0011 0.0537 0.9418 0.8645
1494720000.0000 54750.0000 -0.1147 -0.1373 0.0056 0.4573 39.8937 0.1253 0.1083 0.0653 -0.0166 0.0264 -0.0311 0.1494 1.7634 1.5596
1494720000.0000 55050.0000 0.0115 -0.1773 0.0144 0.4283 356.2747 0.0446 0.1462 0.0418 0.0001 -0.0143 -0.0088 0.1163 1.5619 1.4194
1494720000.0000 55350.0000 -0.3490 -0.6378 0.1983 1.0361 28.6895 0.5473 0.3824 0.1579 0.0907 -0.1228 0.0218 0.5438 0.7990 0.7657
1494720000.0000 55650.0000 0.3573 -0.3653 0.0142 0.8204 315.6315 0.2831 0.4194 0.2084 -0.0753 -0.0191 -0.0849 0.4554 1.0780 0.9471
1494720000.0000 55950.0000 0.1962 -0.2336 -0.1044 1.1742 319.9803 0.3772 1.2623 0.2334 -0.1830 -0.0701 0.1028 0.9364 2.4506 2.4234
1494720000.0000 56250.0000 -0.1279 -0.0683 0.0595 0.6830 61.9031 0.2735 0.3478 0.0870 0.1440 -0.0726 -0.0745 0.3541 3.0996 3.1379
1494720000.0000 56550.0000 0.0312 0.0663 -0.0188 0.4407 205.2115 0.1675 0.1016 0.0693 -0.0081 -0.0323 0.0024 0.1692 4.4364 4.0838
1494720000.0000 56850.0000 0.4442 -0.1976 -0.1457 0.6970 293.9832 0.2230 0.2437 0.1549 -0.1121 -0.0160 0.0005 0.3108 0.8969 0.8112
1494720000.0000 57150.0000 -0.0755 -0.1592 0.0579 0.9443 25.3658 0.6075 0.6009 0.1629 0.3947 -0.0988 -0.0570 0.6857 3.6459 3.6027
1494720000.0000 57450.0000 -0.1445 0.4413 -0.0024 0.8424 161.8660 0.5536 0.1581 0.1105 0.0619 -0.0146 -0.0068 0.4111 1.1273 1.0489
1494720000.0000 57750.0000 0.0573 0.0433 -0.1341 0.5328 232.9381 0.1743 0.1635 0.1015 -0.0832 0.0093 -0.0269 0.2197 2.5161 4.6747
1494720000.0000 58050.0000 0.0366 0.3344 -0.2324 1.1426 186.2387 0.5047 0.8842 0.1643 -0.1895 -0.0661 0.1054 0.7766 1.7596 2.0223
1494720000.0000 58350.0000 0.0281 0.0925 -0.1229 0.8571 196.8965 0.3395 0.5944 0.1792 0.0019 -0.0658 -0.0512 0.5565 3.8958 5.7714
1494720000.0000 58650.0000 -0.2042 0.2524 -0.0488 0.5860 141.0235 0.0691 0.2600 0.0828 0.0632 -0.0160 -0.0748 0.2060 1.1288 1.0203
1494720000.0000 58950.0000 -0.6914 -0.5577 0.0571 0.9762 51.1087 0.2356 0.1167 0.0707 0.0335 -0.0110 0.0220 0.2115 0.4219 0.3858
1494720000.0000 59250.0000 0.0732 -0.0109 0.0574 0.3887 278.4312 0.0439 0.1358 0.0500 -0.0211 -0.0205 0.0063 0.1148 2.9539 3.3056
1494720000.0000 59550.0000 -0.0140 0.3559 -0.0218 0.4783 177.7419 0.0345 0.0939 0.0338 0.0139 0.0016 -0.0233 0.0811 0.6516 0.5808
1494720000.0000 59850.0000 0.0094 -0.1000 0.0084 0.3985 354.6588 0.1219 0.1073 0.0240 0.0798 0.0100 0.0159 0.1266 2.8821 2.7516
1494720000.0000 60150.0000 0.1894 -0.2478 -0.0719 0.7512 322.6092 0.1777 0.4381 0.0775 0.1614 0.0227 -0.0033 0.3466 1.5017 1.4524
1494720000.0000 60450.0000 0.0105 -0.2891 0.0484 0.5798 357.9182 0.1589 0.2146 0.0615 0.1209 -0.0144 0.0106 0.2175 1.2983 1.2197
1494720000.0000 60750.0000 -0.0380 -0.4561 0.0575 0.6311 4.7620 0.2207 0.0833 0.0588 0.0834 -0.0458 -0.0071 0.1814 0.7539 0.6956
1494720000.0000 61050.0000 0.0653 -0.2017 0.0643 0.4897 342.0612 0.1359 0.1561 0.0346 0.0942 -0.0239 -0.0111 0.1632 1.4892 1.4715
1494720000.0000 61350.0000 0.2311 -0.0296 0.0009 0.3837 277.2985 0.0810 0.0460 0.0246 -0.0042 -0.0215 0.0112 0.0758 0.9648 0.8830
1494720000.0000 61650.0000 -0.2476 -0.2811 0.0628 0.4749 41.3724 0.0811 0.0976 0.0294 0.0434 -0.0071 -0.0015 0.1040 0.6933 0.6515
1494720000.0000 61950.0000 -0.3152 -0.2761 0.0556 0.5954 48.7766 0.1788 0.1079 0.0783 -0.0037 0.0007 0.0080 0.1824 0.8251 0.7377
1494720000.0000 62250.0000 -0.0069 -0.5045 -0.0098 0.5956 0.7885 0.0927 0.1064 0.0824 -0.0168 -0.0196 0.0535 0.1408 0.6070 0.5106
1494720000.0000 62550.0000 -0.1104 -0.3875 -0.0473 0.6488 15.9045 0.2641 0.0903 0.0775 0.0575 -0.0591 -0.0006 0.2160 0.9352 0.8530
1494720000.0000 62850.0000 -0.0721 -0.5138 0.1265 0.6955 7.9883 0.2255 0.1206 0.1041 0.0387 -0.0545 0.0114 0.2251 0.7254 0.6547
1494720000.0000 63150.0000 -0.2408 0.2328 0.0346 0.6247 134.0330 0.2484 0.1414 0.0505 0.0679 -0.0044 0.0141 0.2201 1.1375 1.0760
1494720000.0000 63450.0000 0.2246 0.3046 -0.0863 0.3938 216.4008 0.0150 0.0163 0.0111 0.0057 -0.0005 -0.0028 0.0212 0.3064 0.2699
1494720000.0000 63750.0000 0.1848 0.0854 0.0127 0.3610 245.1804 0.0172 0.0950 0.0212 -0.0078 0.0005 -0.0161 0.0667 1.0341 0.9503
1494720000.0000 64050.0000 0.2684 0.2821 -0.0133 0.4191 223.5715 0.0148 0.0160 0.0108 -0.0078 0.0044 -0.0039 0.0208 0.3022 0.2600
1494720000.0000 64350.0000 0.2892 0.3111 -0.1048 0.4890 222.9087 0.0734 0.0180 0.0156 0.0152 0.0201 0.0070 0.0535 0.4317 0.4110
1494720000.0000 64650.0000 0.0957 0.1539 -0.0640 0.3853 211.8611 0.0957 0.0331 0.0125 0.0269 -0.0059 -0.0055 0.0706 1.1294 1.1436
1494720000.0000 64950.0000 0.4055 0.4884 -0.1356 0.6413 219.6966 0.0061 0.0256 0.0059 0.0063 0.0009 0.0019 0.0188 0.1726 0.1621
1494720000.0000 65250.0000 0.4187 0.3528 -0.1040 0.5509 229.8798 0.0084 0.0073 0.0051 0.0040 0.0037 0.0020 0.0104 0.1494 0.1322
1494720000.0000 65550.0000 0.4127 0.3804 -0.0949 0.5725 227.3352 0.0153 0.0149 0.0040 0.0030 0.0007 0.0011 0.0171 0.1877 0.1790
1494720000.0000 65850.0000 0.1161 0.3392 -0.0780 0.6097 198.8908 0.2663 0.0471 0.0188 0.0269 -0.0356 -0.0133 0.1661 0.9070 0.9016
1494720000.0000 66150.0000 0.3160 0.2608 -0.0686 0.5462 230.4669 0.1430 0.0546 0.0272 -0.0241 0.0065 0.0053 0.1124 0.6588 0.6263
1494720000.0000 66450.0000 0.1765 0.3153 -0.0195 0.4908 209.2424 0.0976 0.0652 0.0166 -0.0037 -0.0024 -0.0061 0.0897 0.6759 0.6449
1494720000.0000 66750.0000 0.2675 0.0747 -0.0869 0.4436 254.4073 0.0847 0.0882 0.0291 0.0238 0.0077 0.0021 0.1010 0.8919 0.8646
1494720000.0000 67050.0000 0.3339 0.3025 -0.0501 0.5029 227.8197 0.0414 0.0290 0.0077 -0.0122 -0.0055 0.0061 0.0390 0.3558 0.3399
1494720000.0000 67350.0000 0.4712 0.3796 -0.1208 0.6213 231.1426 0.0205 0.0190 0.0069 -0.0017 0.0046 0.0033 0.0232 0.2016 0.1896
1494720000.0000 67650.0000 0.4016 0.3129 -0.0791 0.5237 232.0739 0.0297 0.0083 0.0078 0.0049 -0.0047 0.0013 0.0229 0.2399 0.2211
1494720000.0000 67950.0000 0.4156 0.3523 -0.0928 0.5533 229.7124 0.0115 0.0130 0.0041 0.0033 0.0024 0.0032 0.0143 0.1766 0.1659
1494720000.0000 68250.0000 0.4387 0.3058 -0.0696 0.5514 235.1202 0.0142 0.0259 0.0071 0.0072 0.0010 0.0043 0.0236 0.2327 0.2162
1494720000.0000 68550.0000 0.4239 0.3913 -0.0938 0.5830 227.2883 0.0073 0.0152 0.0048 0.0043 0.0015 0.0004 0.0136 0.1630 0.1500
1494720000.0000 68850.0000 0.3986 0.3673 -0.0707 0.5571 227.3384 0.0267 0.0168 0.0054 0.0045 0.0043 0.0042 0.0245 0.2336 0.2221
1494720000.0000 69150.0000 0.4533 0.4528 -0.1380 0.6482 225.0327 0.0098 0.0132 0.0042 0.0019 0.0025 0.0014 0.0136 0.1454 0.1368
1494720000.0000 69450.0000 0.4922 0.3622 -0.1012 0.6145 233.6538 0.0062 0.0074 0.0031 0.0027 0.0010 0.0013 0.0083 0.1202 0.1100
1494720000.0000 69750.0000 0.5251 0.4405 -0.1131 0.6925 230.0082 0.0098 0.0167 0.0028 0.0037 0.0019 0.0012 0.0147 0.1424 0.1371
1494720000.0000 70050.0000 0.4793 0.3557 -0.0986 0.6043 233.4168 0.0081 0.0114 0.0030 0.0004 0.0017 -0.0005 0.0112 0.1431 0.1351
1494720000.0000 70350.0000 0.5081 0.3562 -0.1111 0.6276 234.9701 0.0133 0.0047 0.0040 -0.0014 0.0018 0.0006 0.0110 0.1358 0.1248
1494720000.0000 70650.0000 0.4618 0.3750 -0.1265 0.6078 230.9179 0.0269 0.0131 0.0078 0.0032 0.0039 0.0034 0.0239 0.2077 0.1942
1494720000.0000 70950.0000 0.4520 0.3602 -0.1128 0.6027 231.4494 0.0367 0.0165 0.0111 -0.0037 0.0043 0.0056 0.0322 0.2486 0.2304
1494720000.0000 71250.0000 0.4793 0.3413 -0.1156 0.6010 234.5494 0.0287 0.0181 0.0101 0.0082 0.0009 0.0035 0.0284 0.2296 0.2123
1494720000.0000 71550.0000 0.4831 0.3316 -0.1101 0.5956 235.5318 0.0210 0.0093 0.0062 0.0015 0.0025 0.0025 0.0183 0.1851 0.1716
1494720000.0000 71850.0000 0.4759 0.3445 -0.1079 0.6048 234.1012 0.0359 0.0209 0.0084 0.0083 0.0015 0.0031 0.0326 0.2468 0.2342
1494720000.0000 72150.0000 0.5109 0.3539 -0.0917 0.6323 235.2890 0.0280 0.0119 0.0066 0.0042 0.0032 0.0034 0.0232 0.1980 0.1855
1494720000.0000 72450.0000 0.4576 0.2984 -0.0892 0.5567 236.8932 0.0301 0.0080 0.0071 0.0047 0.0030 0.0025 0.0226 0.2217 0.2063
1494720000.0000 72750.0000 0.5219 0.2844 -0.0785 0.6038 241.4098 0.0284 0.0154 0.0066 0.0078 0.0015 0.0032 0.0252 0.2161 0.2032
1494720000.0000 73050.0000 0.4922 0.3421 -0.0958 0.6233 235.1982 0.0446 0.0238 0.0218 0.0067 -0.0005 0.0122 0.0451 0.2857 0.2519
1494720000.0000 73350.0000 0.4603 0.3305 -0.1064 0.5889 234.3252 0.0421 0.0330 0.0289 0.0143 0.0037 0.0103 0.0520 0.3229 0.2792
1494720000.0000 73650.0000 0.4958 0.3735 -0.0898 0.6412 233.0140 0.0433 0.0192 0.0123 0.0069 0.0010 0.0046 0.0374 0.2518 0.2326
1494720000.0000 73950.0000 0.5241 0.3447 -0.0903 0.6406 236.6673 0.0414 0.0144 0.0110 0.0089 0.0024 0.0054 0.0334 0.2355 0.2174
1494720000.0000 74250.0000 0.4846 0.3192 -0.0894 0.5912 236.6284 0.0352 0.0103 0.0079 0.0073 0.0025 0.0036 0.0267 0.2272 0.2121
1494720000.0000 74550.0000 0.4608 0.3369 -0.0913 0.5864 233.8253 0.0370 0.0139 0.0090 0.0070 0.0041 0.0036 0.0300 0.2447 0.2283
1494720000.0000 74850.0000 0.4230 0.2792 -0.0395 0.5163 236.5755 0.0340 0.0079 0.0047 0.0074 0.0019 0.0018 0.0233 0.2453 0.2332
1494720000.0000 75150.0000 0.3584 0.2819 -0.0346 0.4702 231.8136 0.0068 0.0161 0.0059 0.0002 0.0008 0.0018 0.0144 0.2145 0.1918
1494720000.0000 75450.0000 0.4426 0.4123 -0.1044 0.6112 227.0253 0.0071 0.0100 0.0038 0.0012 0.0029 0.0008 0.0105 0.1360 0.1248
1494720000.0000 75750.0000 0.3733 0.3095 -0.1130 0.4899 230.3371 0.0086 0.0070 0.0033 0.0026 0.0022 0.0014 0.0094 0.1593 0.1488
1494720000.0000 76050.0000 0.4253 0.3652 -0.1017 0.5645 229.3487 0.0061 0.0059 0.0027 0.0015 0.0013 0.0010 0.0074 0.1229 0.1127
1494720000.0000 76350.0000 0.4454 0.4034 -0.0945 0.6046 227.8340 0.0067 0.0088 0.0028 0.0033 0.0013 0.0005 0.0092 0.1284 0.1197
1494720000.0000 76650.0000 0.4180 0.4009 -0.1018 0.5813 226.1912 0.0050 0.0064 0.0019 0.0032 0.0012 0.0006 0.0066 0.1131 0.1062
1494720000.0000 76950.0000 0.4463 0.3562 -0.1046 0.5733 231.4053 0.0029 0.0044 0.0020 0.0011 0.0007 0.0008 0.0047 0.0964 0.0867
1494720000.0000 77250.0000 0.4294 0.3646 -0.1051 0.5667 229.6646 0.0051 0.0078 0.0041 0.0027 0.0020 0.0019 0.0085 0.1313 0.1163
1494720000.0000 77550.0000 0.4451 0.3837 -0.0890 0.5906 229.2378 0.0038 0.0061 0.0025 0.0015 0.0007 -0.0000 0.0062 0.1083 0.0976
1494720000.0000 77850.0000 0.4600 0.4026 -0.0967 0.6145 228.8068 0.0055 0.0092 0.0028 0.0037 0.0014 0.0017 0.0087 0.1234 0.1146
1494720000.0000 78150.0000 0.4600 0.4224 -0.0975 0.6266 227.4351 0.0041 0.0073 0.0025 0.0032 0.0008 0.0003 0.0069 0.1077 0.0988
1494720000.0000 78450.0000 0.4393 0.3539 -0.1056 0.5658 231.1461 0.0027 0.0034 0.0020 0.0011 0.0004 0.0005 0.0040 0.0904 0.0798
1494720000.0000 78750.0000 0.4507 0.3660 -0.1115 0.5825 230.9239 0.0022 0.0032 0.0021 0.0005 0.0003 0.0004 0.0038 0.0846 0.0730
1494720000.0000 79050.0000 0.4540 0.3668 -0.1104 0.5855 231.0661 0.0020 0.0035 0.0020 0.0007 0.0002 0.0005 0.0038 0.0845 0.0734
1494720000.0000 79350.0000 0.4382 0.4139 -0.0820 0.6049 226.6371 0.0042 0.0065 0.0024 0.0027 0.0008 0.0006 0.0065 0.1085 0.0991
1494720000.0000 79650.0000 0.4116 0.3902 -0.0504 0.5688 226.5316 0.0023 0.0043 0.0019 0.0015 0.0004 -0.0001 0.0043 0.0938 0.0831
1494720000.0000 79950.0000 0.4528 0.3275 -0.0747 0.5614 234.1220 0.0043 0.0029 0.0023 0.0006 0.0013 0.0011 0.0048 0.1002 0.0882
1494720000.0000 80250.0000 0.4489 0.3985 -0.0818 0.6034 228.4042 0.0034 0.0086 0.0026 0.0022 0.0005 0.0002 0.0073 0.1150 0.1052
1494720000.0000 80550.0000 0.4169 0.3840 -0.0627 0.5698 227.3511 0.0037 0.0089 0.0019 0.0030 0.0001 -0.0003 0.0072 0.1219 0.1144
1494720000.0000 80850.0000 0.3912 0.3979 -0.0636 0.5594 224.5155 0.0028 0.0035 0.0018 0.0015 0.0008 0.0003 0.0040 0.0923 0.0820
1494720000.0000 81150.0000 0.3784 0.3163 -0.0581 0.4962 230.1089 0.0032 0.0046 0.0023 0.0009 0.0004 0.0004 0.0051 0.1173 0.1036
1494720000.0000 81450.0000 0.4289 0.3438 -0.0607 0.5533 231.2806 0.0034 0.0058 0.0027 0.0008 0.0005 0.0010 0.0060 0.1140 0.1011
1494720000.0000 81750.0000 0.4385 0.3744 -0.0484 0.5800 229.5091 0.0037 0.0067 0.0026 0.0014 0.0005 0.0011 0.0065 0.1135 0.1021
1494720000.0000 82050.0000 0.3600 0.2530 -0.0899 0.4433 234.8984 0.0033 0.0045 0.0023 0.0009 0.0010 0.0004 0.0050 0.1290 0.1158
1494720000.0000 82350.0000 0.3424 0.3013 -0.0934 0.4600 228.6564 0.0059 0.0054 0.0031 0.0021 0.0027 0.0011 0.0072 0.1492 0.1348
1494720000.0000 82650.0000 0.3537 0.2661 -0.1135 0.4454 233.0442 0.0027 0.0023 0.0018 -0.0001 0.0006 0.0005 0.0034 0.1041 0.0923
1494720000.0000 82950.0000 0.3973 0.3351 -0.0580 0.5217 229.8586 0.0028 0.0043 0.0023 0.0016 0.0011 0.0012 0.0047 0.1067 0.0933
1494720000.0000 83250.0000 0.2641 0.2416 -0.0544 0.3598 227.5487 0.0044 0.0046 0.0026 0.0032 0.0004 0.0007 0.0058 0.1719 0.1535
1494720000.0000 83550.0000 0.3096 0.2341 -0.0751 0.3924 232.9027 0.0065 0.0026 0.0023 0.0001 0.0017 0.0005 0.0057 0.1555 0.1418
1494720000.0000 83850.0000 0.4153 0.2737 -0.0862 0.5011 236.6115 0.0087 0.0058 0.0036 0.0030 0.0025 0.0015 0.0091 0.1539 0.1399
1494720000.0000 84150.0000 0.4513 0.3892 -0.0938 0.5983 229.2225 0.0054 0.0055 0.0021 0.0025 0.0011 0.0008 0.0065 0.1091 0.1010
1494720000.0000 84450.0000 0.3320 0.3263 -0.0653 0.4683 225.4928 0.0029 0.0052 0.0031 0.0015 0.0008 -0.0010 0.0056 0.1301 0.1118
1494720000.0000 84750.0000 0.3368 0.2897 -0.0617 0.4503 229.2983 0.0058 0.0085 0.0030 0.0031 0.0009 0.0008 0.0087 0.1694 0.1555
1494720000.0000 85050.0000 0.3531 0.3033 -0.1199 0.4707 229.3397 0.0048 0.0068 0.0034 0.0010 0.0020 0.0003 0.0075 0.1468 0.1335
1494720000.0000 85350.0000 0.3023 0.3004 -0.1280 0.4313 225.1838 0.0033 0.0068 0.0030 0.0005 0.0012 0.0005 0.0065 0.1480 0.1359
1494720000.0000 85650.0000 0.3539 0.3348 -0.1356 0.4902 226.5869 0.0035 0.0057 0.0043 0.0016 0.0017 -0.0004 0.0067 0.1324 0.1134
1494720000.0000 85950.0000 0.3463 0.3544 -0.0688 0.5018 224.3381 0.0071 0.0090 0.0049 0.0022 0.0024 0.0012 0.0106 0.1677 0.1482
1494720000.0000 86250.0000 0.3636 0.3486 -0.0816 0.5090 226.2067 0.0042 0.0065 0.0031 -0.0001 0.0012 0.0016 0.0069 0.1328 0.1187
1494806400.0000 86550.0000 0.3894 0.3526 -0.0996 0.5277 227.8398 0.0045 0.0047 0.0028 0.0021 0.0015 0.0008 0.0060 0.1185 0.1059
1494806400.0000 86850.0000 0.3430 0.3312 -0.1284 0.4787 226.0070 0.0021 0.0038 0.0015 0.0012 0.0003 -0.0004 0.0037 0.1005 0.0930
1494806400.0000 87150.0000 0.3882 0.2946 -0.0929 0.4891 232.8030 0.0056 0.0049 0.0026 0.0036 0.0024 0.0026 0.0065 0.1329 0.1212
1494806400.0000 87450.0000 0.4006 0.3338 -0.0914 0.5239 230.2020 0.0047 0.0068 0.0038 0.0034 0.0022 0.0030 0.0076 0.1347 0.1186
1494806400.0000 87750.0000 0.3534 0.3134 -0.0451 0.4744 228.4345 0.0021 0.0029 0.0015 0.0005 0.0004 -0.0001 0.0033 0.0981 0.0861
1494806400.0000 88050.0000 0.2867 0.2651 -0.0583 0.3924 227.2424 0.0022 0.0030 0.0019 0.0012 0.0006 0.0004 0.0036 0.1239 0.1075
1494806400.0000 88350.0000 0.3155 0.3242 -0.0934 0.4559 224.2200 0.0044 0.0068 0.0038 0.0026 0.0022 0.0014 0.0075 0.1534 0.1352
1494806400.0000 88650.0000 0.3851 0.3602 -0.1154 0.5321 226.9157 0.0063 0.0050 0.0035 0.0006 0.0025 0.0009 0.0074 0.1302 0.1167
1494806400.0000 88950.0000 0.4071 0.4015 -0.1297 0.5773 225.3979 0.0078 0.0138 0.0038 0.0043 0.0023 -0.0000 0.0127 0.1570 0.1483
1494806400.0000 89250.0000 0.3918 0.3890 -0.1115 0.5550 225.2046 0.0048 0.0075 0.0035 0.0030 0.0016 -0.0004 0.0079 0.1291 0.1161
1494806400.0000 89550.0000 0.3971 0.3184 -0.0931 0.5117 231.2788 0.0040 0.0034 0.0020 0.0006 0.0007 0.0010 0.0047 0.1083 0.0977
1494806400.0000 89850.0000 0.3864 0.3106 -0.0908 0.4986 231.2055 0.0087 0.0069 0.0032 0.0047 0.0029 0.0026 0.0094 0.1574 0.1457
1494806400.0000 90150.0000 0.3560 0.3541 -0.1222 0.5044 225.1513 0.0052 0.0073 0.0026 0.0041 0.0014 0.0008 0.0076 0.1374 0.1287
1494806400.0000 90450.0000 0.3664 0.3509 -0.1226 0.5104 226.2451 0.0031 0.0061 0.0044 0.0014 0.0008 -0.0012 0.0068 0.1289 0.1093
1494806400.0000 90750.0000 0.3405 0.2868 -0.0975 0.4481 229.8960 0.0030 0.0036 0.0019 0.0007 0.0011 0.0000 0.0042 0.1166 0.1053
1494806400.0000 91050.0000 0.3749 0.3415 -0.0829 0.5098 227.6646 0.0035 0.0072 0.0024 0.0027 0.0012 0.0007 0.0066 0.1289 0.1180
1494806400.0000 91350.0000 0.3527 0.3554 -0.1247 0.5028 224.7847 0.0028 0.0047 0.0022 0.0017 0.0010 0.0005 0.0049 0.1103 0.0999
1494806400.0000 91650.0000 0.3346 0.3171 -0.0774 0.4641 226.5357 0.0023 0.0044 0.0033 0.0003 0.0011 0.0008 0.0050 0.1233 0.1022
1494806400.0000 91950.0000 0.3010 0.3739 -0.0142 0.4928 218.8347 0.0163 0.0063 0.0064 0.0056 -0.0073 -0.0028 0.0145 0.2047 0.1808
1494806400.0000 92250.0000 0.2617 0.2568 -0.0431 0.3814 225.5423 0.0180 0.0060 0.0053 0.0038 0.0009 0.0009 0.0146 0.2675 0.2437
1494806400.0000 92550.0000 0.3674 0.2670 -0.1063 0.4568 233.9933 0.0048 0.0039 0.0028 0.0019 0.0019 0.0011 0.0057 0.1326 0.1183
1494806400.0000 92850.0000 0.3605 0.3583 -0.1112 0.5127 225.1707 0.0021 0.0080 0.0045 0.0005 0.0002 -0.0034 0.0073 0.1337 0.1138
1494806400.0000 93150.0000 0.4014 0.2973 -0.0543 0.5019 233.4747 0.0032 0.0031 0.0018 0.0007 0.0007 0.0007 0.0041 0.1035 0.0917
1494806400.0000 93450.0000 0.3354 0.2276 -0.1071 0.4068 235.8476 0.0022 0.0016 0.0012 0.0006 0.0004 0.0003 0.0025 0.0982 0.0884
1494806400.0000 93750.0000 0.3275 0.3092 -0.1309 0.4534 226.6514 0.0018 0.0042 0.0030 0.0002 0.0003 -0.0012 0.0045 0.1162 0.0986
1494806400.0000 94050.0000 0.3949 0.3180 -0.1029 0.5100 231.1593 0.0033 0.0032 0.0036 0.0001 0.0016 -0.0006 0.0051 0.1123 0.0921
1494806400.0000 94350.0000 0.3479 0.3678 -0.1293 0.5092 223.4052 0.0026 0.0052 0.0036 0.0009 0.0014 0.0000 0.0057 0.1182 0.1007
1494806400.0000 94650.0000 0.4362 0.3527 -0.0762 0.5637 231.0419 0.0044 0.0040 0.0018 0.0010 0.0002 0.0002 0.0051 0.1033 0.0945
1494806400.0000 94950.0000 0.4841 0.3455 -0.0853 0.5975 234.4856 0.0040 0.0035 0.0021 0.0002 0.0002 0.0005 0.0048 0.0942 0.0839
1494806400.0000 95250.0000 0.4861 0.3531 -0.0785 0.6033 234.0048 0.0043 0.0054 0.0023 0.0020 0.0008 0.0005 0.0060 0.1048 0.0951
1494806400.0000 95550.0000 0.4614 0.4011 -0.1207 0.6142 228.9985 0.0041 0.0102 0.0025 0.0040 0.0008 0.0004 0.0084 0.1198 0.1126
1494806400.0000 95850.0000 0.4641 0.3216 -0.0929 0.5679 235.2805 0.0035 0.0060 0.0021 0.0013 0.0007 0.0009 0.0058 0.1084 0.0995
1494806400.0000 96150.0000 0.4342 0.3652 -0.0781 0.5697 229.9303 0.0031 0.0053 0.0021 0.0017 0.0005 0.0012 0.0053 0.1035 0.0933
1494806400.0000 96450.0000 0.4568 0.3619 -0.0994 0.5847 231.6186 0.0031 0.0037 0.0020 0.0011 0.0004 0.0005 0.0044 0.0915 0.0819
1494806400.0000 96750.0000 0.4241 0.3159 -0.1231 0.5304 233.3174 0.0026 0.0021 0.0026 0.0006 0.0008 0.0012 0.0036 0.0903 0.0742
1494806400.0000 97050.0000 0.4037 0.3167 -0.1017 0.5165 231.8873 0.0052 0.0030 0.0020 0.0004 0.0011 0.0005 0.0051 0.1116 0.1021
1494806400.0000 97350.0000 0.3925 0.3344 -0.0923 0.5176 229.5683 0.0032 0.0029 0.0021 0.0009 0.0007 0.0007 0.0041 0.0997 0.0876
1494806400.0000 97650.0000 0.3994 0.3625 -0.0739 0.5411 227.7712 0.0021 0.0032 0.0015 0.0008 0.0001 0.0001 0.0034 0.0870 0.0775
1494806400.0000 97950.0000 0.4281 0.3202 -0.0725 0.5363 233.2031 0.0029 0.0028 0.0014 0.0011 0.0000 0.0004 0.0036 0.0904 0.0817
1494806400.0000 98250.0000 0.4372 0.3238 -0.1048 0.5468 233.4773 0.0030 0.0049 0.0022 0.0011 0.0006 0.0011 0.0051 0.1049 0.0945
1494806400.0000 98550.0000 0.4223 0.3220 -0.0895 0.5329 232.6718 0.0022 0.0029 0.0017 0.0006 0.0003 0.0006 0.0034 0.0883 0.0777
1494806400.0000 98850.0000 0.3816 0.3433 -0.0439 0.5158 228.0233 0.0045 0.0047 0.0020 0.0019 -0.0001 0.0008 0.0056 0.1183 0.1076
1494806400.0000 99150.0000 0.1825 0.2119 0.0005 0.2948 220.7285 0.0139 0.0068 0.0061 0.0016 0.0015 0.0022 0.0134 0.3383 0.2972
1494806400.0000 99450.0000 0.3502 0.2589 -0.0375 0.4442 233.5284 0.0066 0.0049 0.0041 -0.0023 0.0022 -0.0003 0.0078 0.1647 0.1422
1494806400.0000 99750.0000 0.2399 0.2150 -0.0620 0.3334 228.1411 0.0066 0.0102 0.0034 0.0017 0.0006 0.0004 0.0101 0.2497 0.2320
1494806400.0000 100050.0000 0.3284 0.1227 -0.0638 0.3658 249.5109 0.0068 0.0118 0.0066 0.0019 0.0012 -0.0055 0.0126 0.2576 0.2249
1494806400.0000 100350.0000 0.3455 0.3376 -0.0718 0.4886 225.6565 0.0089 0.0151 0.0057 0.0068 0.0042 0.0021 0.0149 0.2040 0.1852
1494806400.0000 100650.0000 0.3696 0.4009 -0.0742 0.5519 222.6751 0.0063 0.0134 0.0042 0.0030 0.0016 0.0016 0.0120 0.1624 0.1486
1494806400.0000 100950.0000 0.3132 0.3017 -0.0713 0.4460 226.0707 0.0068 0.0074 0.0055 -0.0023 -0.0005 -0.0003 0.0098 0.1837 0.1579
1494806400.0000 101250.0000 0.3219 0.3483 -0.1037 0.4787 222.7436 0.0047 0.0080 0.0050 0.0020 0.0025 0.0000 0.0088 0.1580 0.1370
1494806400.0000 101550.0000 0.4084 0.4570 -0.0747 0.6147 221.7897 0.0037 0.0035 0.0028 0.0015 0.0009 0.0007 0.0050 0.0933 0.0798
1494806400.0000 101850.0000 0.3385 0.3073 -0.0619 0.4593 227.7661 0.0059 0.0079 0.0021 0.0052 0.0020 0.0020 0.0079 0.1576 0.1484
1494806400.0000 102150.0000 0.2954 0.2640 -0.1024 0.4005 228.2113 0.0030 0.0037 0.0035 -0.0001 0.0007 -0.0002 0.0051 0.1428 0.1193
1494806400.0000 102450.0000 0.2829 0.2453 -0.0645 0.3806 229.0771 0.0042 0.0054 0.0064 0.0002 0.0013 0.0041 0.0080 0.1927 0.1513
1494806400.0000 102750.0000 0.2868 0.3303 -0.0727 0.4416 220.9723 0.0042 0.0043 0.0040 0.0006 0.0021 0.0005 0.0063 0.1462 0.1221
1494806400.0000 103050.0000 0.2896 0.2259 -0.0732 0.3704 232.0515 0.0033 0.0036 0.0045 0.0013 0.0008 0.0019 0.0057 0.1642 0.1302
1494806400.0000 103350.0000 0.3105 0.3090 -0.0484 0.4409 225.1395 0.0039 0.0036 0.0058 0.0013 0.0022 0.0006 0.0067 0.1517 0.1146
1494806400.0000 103650.0000 0.2938 0.1931 -0.0281 0.3622 236.6913 0.0070 0.0050 0.0043 -0.0022 0.0023 -0.0002 0.0082 0.2096 0.1802
1494806400.0000 103950.0000 0.2415 0.2820 -0.0792 0.3758 220.5828 0.0025 0.0057 0.0065 0.0006 0.0012 0.0007 0.0074 0.1844 0.1411
1494806400.0000 104250.0000 0.1900 0.2963 -0.0323 0.3761 212.6788 0.0099 0.0146 0.0059 -0.0083 -0.0012 0.0023 0.0152 0.2848 0.2567
1494806400.0000 104550.0000 0.2481 0.2910 -0.0433 0.3891 220.4550 0.0048 0.0047 0.0053 -0.0004 -0.0002 0.0018 0.0074 0.1825 0.1472
1494806400.0000 104850.0000 0.3421 0.3863 -0.0706 0.5206 221.5317 0.0052 0.0066 0.0042 0.0011 -0.0000 0.0006 0.0080 0.1402 0.1217
1494806400.0000 105150.0000 0.3175 0.2992 -0.1089 0.4394 226.7011 0.0085 0.0090 0.0032 0.0061 0.0018 0.0012 0.0104 0.1849 0.1751
1494806400.0000 105450.0000 0.1787 0.2678 -0.0177 0.3302 213.7147 0.0045 0.0090 0.0054 0.0002 -0.0023 -0.0009 0.0095 0.2463 0.2084
1494806400.0000 105750.0000 -0.0328 0.1072 -0.0018 0.1879 162.9930 0.0143 0.0140 0.0070 0.0112 0.0003 -0.0012 0.0176 0.9664 0.8656
1494806400.0000 106050.0000 0.1849 0.1224 -0.0762 0.3385 236.4948 0.0114 0.0648 0.0107 -0.0037 -0.0011 0.0124 0.0434 0.7257 0.7186
1494806400.0000 106350.0000 0.0265 0.3215 -0.0531 0.3540 184.7104 0.0202 0.0076 0.0060 -0.0020 -0.0020 -0.0004 0.0169 0.3248 0.2988
1494806400.0000 106650.0000 0.2745 0.2863 -0.0729 0.4004 223.8029 0.0063 0.0052 0.0038 0.0028 0.0008 0.0001 0.0077 0.1772 0.1563
1494806400.0000 106950.0000 0.3373 0.3113 -0.0854 0.4660 227.2886 0.0084 0.0058 0.0041 0.0014 0.0015 0.0013 0.0092 0.1673 0.1498
1494806400.0000 107250.0000 0.1680 0.1160 0.0173 0.2393 235.3720 0.0041 0.0163 0.0045 -0.0002 -0.0007 0.0012 0.0124 0.4438 0.4032
1494806400.0000 107550.0000 0.1767 0.2194 -0.0409 0.2891 218.8402 0.0070 0.0028 0.0018 0.0018 0.0013 0.0009 0.0058 0.2179 0.2027
1494806400.0000 107850.0000 0.1385 0.2139 -0.0060 0.2671 212.9196 0.0092 0.0020 0.0021 0.0007 -0.0007 -0.0007 0.0067 0.2623 0.2408
1494806400.0000 108150.0000 0.1249 0.2418 -0.0371 0.2861 207.3139 0.0088 0.0042 0.0028 -0.0010 -0.0015 -0.0010 0.0079 0.2648 0.2425
1494806400.0000 108450.0000 0.1590 0.1485 -0.0229 0.2246 226.9648 0.0073 0.0022 0.0013 0.0017 0.0001 0.0008 0.0054 0.2738 0.2579
1494806400.0000 108750.0000 0.1216 0.1356 0.0089 0.1988 221.8807 0.0039 0.0046 0.0030 0.0019 -0.0008 -0.0026 0.0058 0.3401 0.2921
1494806400.0000 109050.0000 -0.1730 -0.2119 -0.0026 0.2798 39.2312 0.0021 0.0064 0.0014 0.0005 -0.0003 0.0014 0.0050 0.2107 0.1949
1494806400.0000 109350.0000 0.0902 -0.2100 -0.0664 0.2450 336.7660 0.0065 0.0058 0.0055 0.0013 -0.0006 0.0022 0.0089 0.3239 0.2802
1494806400.0000 109650.0000 -0.1410 -0.1385 -0.0015 0.2603 45.5104 0.0168 0.0222 0.0058 -0.0023 -0.0021 0.0054 0.0224 0.6181 0.5770
1494806400.0000 109950.0000 -0.0349 -0.0100 -0.0531 0.1765 74.0227 0.0269 0.0152 0.0085 -0.0137 -0.0008 0.0028 0.0253 2.0190 3.2606
1494806400.0000 110250.0000 -0.0108 0.0118 0.0219 0.2809 137.6321 0.0532 0.0433 0.0206 0.0195 0.0025 0.0074 0.0586 7.2869 11.2094
1494806400.0000 110550.0000 -0.3369 -0.4387 -0.0053 0.6038 37.5247 0.0515 0.0720 0.0422 0.0083 0.0140 0.0216 0.0828 0.4247 0.3667
1494806400.0000 110850.0000 -0.4860 -0.1998 0.0167 0.5762 67.6585 0.0343 0.0694 0.0296 0.0092 0.0040 0.0033 0.0666 0.4009 0.3538
1494806400.0000 111150.0000 -0.1617 -0.2093 -0.0403 0.3538 37.6826 0.0365 0.0494 0.0283 0.0112 -0.0098 0.0032 0.0571 0.7293 0.6397
1494806400.0000 111450.0000 -0.5812 -0.2686 0.0661 0.6764 65.1951 0.0856 0.0309 0.0402 0.0003 0.0405 -0.0023 0.0784 0.3551 0.3079
1494806400.0000 111750.0000 -0.4952 -0.0966 0.0173 0.5725 78.9591 0.0535 0.0740 0.0406 0.0182 0.0087 -0.0002 0.0841 0.4690 0.4087
1494806400.0000 112050.0000 -0.5181 -0.3516 0.1095 0.6799 55.8425 0.0786 0.0897 0.0488 0.0181 0.0134 -0.0039 0.1086 0.4232 0.3783
1494806400.0000 112350.0000 -0.7912 -0.4972 -0.0398 0.9947 57.8564 0.1229 0.1095 0.0804 0.0138 -0.0100 0.0241 0.1564 0.3453 0.2979
1494806400.0000 112650.0000 -0.7178 -0.4586 0.0844 0.8911 57.4274 0.0629 0.1078 0.0543 0.0312 0.0110 0.0246 0.1124 0.3199 0.2800
1494806400.0000 112950.0000 -0.3909 -0.3559 0.0300 0.6193 47.6831 0.0574 0.1105 0.0606 0.0088 -0.0029 0.0001 0.1143 0.5213 0.4476
1494806400.0000 113250.0000 -0.3781 -0.4578 -0.0297 0.6542 39.5517 0.0659 0.0768 0.0665 0.0046 -0.0040 -0.0196 0.1046 0.4442 0.3673
1494806400.0000 113550.0000 -0.5902 -0.0902 0.1421 0.7290 81.3092 0.0762 0.1809 0.0649 -0.0213 0.0271 -0.0258 0.1610 0.5338 0.4903
1494806400.0000 113850.0000 -0.4902 -0.0594 0.1342 0.5631 83.0953 0.1070 0.0712 0.0469 0.0044 0.0226 -0.0088 0.1126 0.5354 0.4936
1494806400.0000 114150.0000 -0.5533 -0.2224 0.1035 0.6673 68.0988 0.0980 0.0891 0.0737 0.0126 0.0512 0.0023 0.1304 0.4872 0.4188
1494806400.0000 114450.0000 -0.5285 0.0302 0.0203 0.6498 93.2678 0.1312 0.1333 0.0624 0.0160 0.0287 -0.0418 0.1634 0.6231 0.5608
1494806400.0000 114750.0000 -0.3910 0.0844 0.0479 0.5514 102.1842 0.0696 0.1268 0.0869 0.0301 0.0045 -0.0523 0.1417 0.7629 0.6397
1494806400.0000 115050.0000 -0.2212 -0.0548 0.0561 0.4925 76.0953 0.1578 0.0855 0.0688 0.0671 -0.0037 -0.0235 0.1560 1.3742 1.2495
1494806400.0000 115350.0000 -0.6227 -0.1830 0.0445 0.7112 73.6231 0.0484 0.0901 0.0504 0.0105 0.0132 -0.0056 0.0945 0.3858 0.3311
1494806400.0000 115650.0000 -0.4763 0.0139 -0.0226 0.5493 91.6689 0.1061 0.0492 0.0801 -0.0034 0.0025 -0.0202 0.1177 0.5873 0.4776
1494806400.0000 115950.0000 -0.4017 -0.1625 0.1117 0.5683 67.9775 0.0397 0.1467 0.0410 -0.0038 0.0159 -0.0118 0.1137 0.6153 0.5753
1494806400.0000 116250.0000 -0.4894 0.0572 -0.0403 0.6250 96.6708 0.0639 0.1196 0.0483 0.0104 -0.0034 -0.0408 0.1159 0.5623 0.5019
1494806400.0000 116550.0000 -0.4610 -0.1365 0.0745 0.5505 73.5048 0.0594 0.0728 0.0550 -0.0002 0.0247 0.0019 0.0936 0.5134 0.4366
1494806400.0000 116850.0000 -0.4164 -0.2681 0.1004 0.5869 57.2274 0.1342 0.0687 0.0522 -0.0038 0.0286 0.0019 0.1275 0.5770 0.5251
1494806400.0000 117150.0000 -0.2267 -0.4948 -0.0067 0.7137 24.6153 0.1522 0.1734 0.0608 -0.0798 -0.0122 0.0365 0.1932 0.6594 0.6054
1494806400.0000 117450.0000 -0.4978 -0.2747 0.0293 0.7349 61.1066 0.1659 0.1954 0.0865 0.0031 0.0188 0.0070 0.2239 0.6787 0.6104
1494806400.0000 117750.0000 -0.6560 -0.4026 0.0678 0.8623 58.4641 0.0865 0.1560 0.0578 -0.0197 0.0088 0.0017 0.1502 0.4095 0.3694
1494806400.0000 118050.0000 -0.5122 -0.2740 0.1324 0.6738 61.8560 0.0875 0.1086 0.0770 0.0207 0.0330 -0.0003 0.1366 0.5065 0.4402
1494806400.0000 118350.0000 -0.6158 -0.3807 0.0002 0.8487 58.2745 0.1831 0.1235 0.0559 0.0021 0.0310 0.0090 0.1813 0.4802 0.4416
1494806400.0000 118650.0000 -0.7656 -0.4287 0.1523 0.9345 60.7540 0.1340 0.1403 0.0952 0.0424 0.0416 0.0048 0.1847 0.3941 0.3446
1494806400.0000 118950.0000 -0.8372 -0.1001 0.0307 0.9139 83.1822 0.2548 0.1458 0.0815 0.0167 0.0535 -0.0170 0.2411 0.4751 0.4334
1494806400.0000 119250.0000 -0.6241 -0.2927 0.0581 0.7445 64.8774 0.0983 0.1279 0.0447 0.0579 0.0076 0.0061 0.1355 0.4344 0.3983
1494806400.0000 119550.0000 -0.7220 -0.6209 0.0675 1.0422 49.3042 0.2265 0.1774 0.0733 0.0270 0.0242 0.0348 0.2386 0.4178 0.3853
1494806400.0000 119850.0000 -0.5514 -0.7122 0.1633 1.0144 37.7451 0.2615 0.2489 0.1016 0.0729 0.0330 0.0620 0.3060 0.4934 0.4580
1494806400.0000 120150.0000 -0.8170 -0.6796 0.1291 1.2289 50.2424 0.3394 0.4257 0.1123 0.0915 0.0442 0.0355 0.4386 0.5051 0.4752
1494806400.0000 120450.0000 -0.6544 -0.6204 0.1154 1.0972 46.5269 0.3623 0.2934 0.0924 0.0640 0.0451 0.0145 0.3741 0.5493 0.5184
1494806400.0000 120750.0000 -0.7176 -0.4254 0.0757 0.9908 59.3388 0.2095 0.3149 0.1314 0.0293 0.0348 0.0231 0.3279 0.5582 0.5012
1494806400.0000 121050.0000 -0.4396 -0.3878 0.1103 0.7454 48.5757 0.1503 0.2315 0.0894 0.0395 0.0154 0.0329 0.2356 0.6644 0.6086
1494806400.0000 121350.0000 -0.7618 -0.3745 0.1051 0.9414 63.8255 0.1971 0.1984 0.0809 0.0763 0.0052 0.0426 0.2382 0.4658 0.4277
1494806400.0000 121650.0000 0.0656 -0.5699 0.0457 0.7394 353.4316 0.2078 0.1795 0.1169 -0.0597 -0.0268 0.0451 0.2521 0.7124 0.6263
1494806400.0000 121950.0000 -0.1359 -0.5588 0.1117 0.7796 13.6714 0.2466 0.1720 0.1352 -0.0177 -0.0312 0.0603 0.2770 0.7335 0.6496
1494806400.0000 122250.0000 -0.4968 -0.6875 0.0456 0.9489 35.8517 0.1434 0.2833 0.1058 0.0201 -0.0189 0.0572 0.2663 0.4960 0.4446
1494806400.0000 122550.0000 -0.6708 -0.3551 0.1031 0.9361 62.1025 0.2151 0.2962 0.0940 0.0322 0.0325 0.0263 0.3026 0.5864 0.5439
1494806400.0000 122850.0000 -0.7212 -0.3068 0.1684 0.8930 66.9553 0.3196 0.3050 0.0725 0.1828 0.0379 0.0111 0.3485 0.6013 0.5822
1494806400.0000 123150.0000 -0.6824 -0.6538 0.0157 1.1499 46.2246 0.4644 0.2686 0.1648 0.0870 0.0572 0.0000 0.4489 0.5788 0.5230
1494806400.0000 123450.0000 -0.4624 -0.0601 -0.0067 0.8207 82.5944 0.2246 0.3708 0.1476 -0.0584 0.0184 -0.0431 0.3715 1.0673 0.9555
1494806400.0000 123750.0000 -0.7145 -0.3825 0.1620 0.8932 61.8342 0.1564 0.2548 0.0714 0.1133 0.0355 0.0220 0.2413 0.4853 0.4568
1494806400.0000 124050.0000 -0.7430 -0.4113 0.0925 0.9987 61.0341 0.2409 0.2787 0.1370 0.0153 0.0595 0.0370 0.3283 0.5476 0.4900
1494806400.0000 124350.0000 -0.5669 -0.0630 0.0988 0.7164 83.6568 0.1332 0.1772 0.1268 -0.0255 0.0544 -0.0515 0.2187 0.6596 0.5640
1494806400.0000 124650.0000 -0.7207 -0.5780 0.1657 1.0946 51.2711 0.5155 0.3246 0.1364 0.1515 0.0377 0.0175 0.4883 0.6078 0.5728
1494806400.0000 124950.0000 -0.6901 -0.6748 0.1344 1.1307 45.6418 0.3709 0.3530 0.1092 0.0639 -0.0054 0.0450 0.4165 0.5408 0.5089
1494806400.0000 125250.0000 -0.7016 -0.3440 0.1542 0.9763 63.8844 0.2686 0.4444 0.1526 0.1317 0.0531 -0.0011 0.4328 0.6745 0.6239
1494806400.0000 125550.0000 -0.6656 0.2440 -0.0330 1.2615 110.1319 0.4154 1.1327 0.2139 0.3080 -0.0423 -0.1881 0.8810 1.0798 1.0133
1494806400.0000 125850.0000 -0.7018 -0.1355 0.0712 0.9022 79.0745 0.2106 0.2639 0.1099 0.0766 0.0392 0.0011 0.2922 0.6145 0.5565
1494806400.0000 126150.0000 -0.3991 -0.0349 0.0274 0.6332 85.0030 0.1421 0.2071 0.0813 0.0658 0.0166 0.0177 0.2152 0.9434 0.8517
1494806400.0000 126450.0000 -0.7143 -0.3373 0.1470 0.9467 64.7259 0.3920 0.2652 0.1170 0.0645 0.0583 -0.0173 0.3871 0.6323 0.5926
1494806400.0000 126750.0000 -1.0460 -0.0052 0.0813 1.2035 89.7144 0.3675 0.3353 0.2304 0.0080 0.0925 -0.0818 0.4666 0.5316 0.4627
1494806400.0000 127050.0000 -0.8139 0.0079 0.2110 1.0171 90.5588 0.2437 0.3867 0.2024 0.0191 0.0687 -0.1360 0.4164 0.6266 0.5632
1494806400.0000 127350.0000 -0.6555 0.3702 0.1004 1.0117 119.4535 0.4177 0.4276 0.2299 -0.0437 0.1557 -0.1671 0.5376 0.7883 0.7052
1494806400.0000 127650.0000 -0.3965 -0.2229 0.1040 0.7594 60.6563 0.3008 0.3674 0.1090 0.1224 0.0141 -0.0476 0.3886 1.0908 1.0376
1494806400.0000 127950.0000 -1.1325 0.0271 0.1028 1.3593 91.3714 0.5244 0.5785 0.2203 -0.0157 0.1530 -0.0980 0.6616 0.5839 0.5352
1494806400.0000 128250.0000 -0.7307 -0.1614 0.0759 0.8986 77.5439 0.3293 0.1751 0.1320 -0.0017 0.0601 -0.0149 0.3182 0.6124 0.5480
1494806400.0000 128550.0000 -0.7119 -0.5510 0.1306 1.0684 52.2625 0.3261 0.2552 0.1727 0.0184 0.0643 -0.0014 0.3770 0.5511 0.4889
1494806400.0000 128850.0000 -0.5176 -0.0788 0.0645 0.8817 81.3386 0.4516 0.4107 0.1401 0.1599 0.0446 -0.0515 0.5012 1.0957 1.0239
1494806400.0000 129150.0000 -0.6808 -0.3864 0.1046 0.9611 60.4264 0.3184 0.3579 0.1160 0.1138 0.0427 -0.0156 0.3961 0.6507 0.6065
1494806400.0000 129450.0000 -0.6171 -0.1929 0.1506 0.7828 72.6461 0.2559 0.1689 0.1091 -0.0305 0.0710 -0.0381 0.2669 0.6354 0.5820
1494806400.0000 129750.0000 -0.5921 0.4357 -0.0228 0.9030 126.3471 0.2543 0.2806 0.2536 -0.0529 0.0589 -0.1414 0.3943 0.6971 0.5744
1494806400.0000 130050.0000 -0.6774 -0.0409 0.1427 0.8434 86.5418 0.2532 0.2079 0.1710 0.0048 0.0139 -0.0611 0.3160 0.6619 0.5777
1494806400.0000 130350.0000 -0.7223 0.1499 0.1294 0.8969 101.7243 0.3220 0.2363 0.1516 -0.0546 0.0396 -0.1054 0.3550 0.6495 0.5848
1494806400.0000 130650.0000 -0.5930 0.1112 0.1029 0.7571 100.6213 0.2675 0.2037 0.1237 0.0012 0.0916 -0.0412 0.2974 0.7275 0.6568
1494806400.0000 130950.0000 -0.5036 -0.0289 0.1155 0.6752 86.7106 0.1183 0.2115 0.1145 0.0130 0.0410 -0.0483 0.2222 0.7436 0.6572
1494806400.0000 131250.0000 -0.4429 -0.2550 0.2055 0.6270 60.0640 0.1484 0.1456 0.0835 0.0378 -0.0195 0.0161 0.1888 0.6440 0.6126
1494806400.0000 131550.0000 -0.4055 0.0063 0.0237 0.5318 90.8902 0.0727 0.0999 0.0707 -0.0185 0.0304 -0.0140 0.1217 0.7011 0.5914
1494806400.0000 131850.0000 -0.6348 -0.1714 0.1140 0.8290 74.8926 0.1297 0.2724 0.0932 0.0504 0.0146 -0.0270 0.2477 0.6089 0.5568
1494806400.0000 132150.0000 -0.5722 0.2221 0.1128 0.7574 111.2140 0.3785 0.2558 0.1793 -0.1208 0.1368 -0.1085 0.4068 0.8345 0.7492
1494806400.0000 132450.0000 -0.2039 -0.0673 0.2025 0.4626 71.7439 0.1485 0.0876 0.0441 0.0058 0.0098 -0.0285 0.1401 1.0354 1.3063
1494806400.0000 132750.0000 0.2743 0.0793 -0.1030 0.3821 253.8812 0.0207 0.0619 0.0287 0.0151 -0.0079 -0.0080 0.0557 0.6348 0.5812
1494806400.0000 133050.0000 -0.3052 -0.0239 0.0955 0.3886 85.5132 0.0663 0.0557 0.0387 0.0116 0.0226 -0.0083 0.0803 0.7217 0.6586
1494806400.0000 133350.0000 -0.3041 0.3285 -0.1436 0.7255 137.2110 0.1709 0.3867 0.0938 -0.1088 0.0519 -0.0726 0.3257 0.9912 0.9631
1494806400.0000 133650.0000 0.2030 0.4059 0.0047 0.4974 206.5768 0.0289 0.0461 0.0342 -0.0003 -0.0032 -0.0023 0.0546 0.4203 0.3484
1494806400.0000 133950.0000 0.2918 -0.4580 -0.1416 0.7164 327.4931 0.1689 0.2163 0.1009 0.0175 -0.0524 -0.0031 0.2431 0.7173 0.6599
1494806400.0000 134250.0000 -0.4357 -0.3522 0.0659 0.7811 51.0510 0.2230 0.3138 0.1171 0.1082 -0.0328 -0.0025 0.3270 0.8277 0.7551
1494806400.0000 134550.0000 -0.7323 0.0014 0.1409 0.8845 90.1081 0.2093 0.2622 0.1221 -0.0518 0.0719 -0.0905 0.2968 0.5965 0.5414
1494806400.0000 134850.0000 0.1573 -0.0267 -0.2077 0.6720 279.6224 0.2599 0.2281 0.1319 -0.1451 -0.0070 -0.0887 0.3100 1.7358 2.5276
1494806400.0000 135150.0000 0.2234 -0.3832 -0.0534 0.6401 329.7634 0.1696 0.1537 0.1064 -0.0767 -0.0351 0.0091 0.2149 0.8472 0.7401
1494806400.0000 135450.0000 0.1671 0.0331 -0.0885 0.5609 258.7858 0.1028 0.2692 0.0782 -0.0954 -0.0267 0.0084 0.2251 2.0181 2.0674
1494806400.0000 135750.0000 -0.0025 -0.2637 0.0082 0.5183 0.5379 0.2237 0.0633 0.1006 0.0535 -0.0257 -0.0131 0.1938 1.3623 1.1729
1494806400.0000 136050.0000 -0.5380 -0.2841 0.1574 0.7480 62.1599 0.2638 0.1330 0.0891 -0.0220 -0.0070 -0.0089 0.2429 0.6404 0.5978
1494806400.0000 136350.0000 -0.1943 -0.1780 0.1193 0.4600 47.5065 0.0922 0.2086 0.0491 0.0301 0.0116 0.0131 0.1750 1.1808 1.2018
1494806400.0000 136650.0000 -0.5029 -0.2390 0.1342 0.7879 64.5783 0.2794 0.2183 0.0912 0.0656 0.0157 -0.0080 0.2944 0.7735 0.7315
1494806400.0000 136950.0000 0.2768 -0.3479 -0.0485 0.7239 321.4982 0.2960 0.2019 0.0888 -0.0083 -0.0395 0.0348 0.2933 0.9888 0.9163
1494806400.0000 137250.0000 -0.3999 -0.2443 0.0508 0.6728 58.5764 0.2406 0.1968 0.0778 0.0776 -0.0071 0.0137 0.2576 0.8792 0.8149
1494806400.0000 137550.0000 -0.4662 -0.7853 0.0837 0.9873 30.6982 0.1585 0.1798 0.1064 0.0347 -0.0179 0.0472 0.2224 0.4198 0.3677
1494806400.0000 137850.0000 -0.1987 -0.2928 -0.0457 0.6159 34.1700 0.1795 0.1772 0.0600 -0.0128 -0.0119 0.0393 0.2083 1.0445 0.9744
1494806400.0000 138150.0000 -0.2133 -0.4260 0.0627 0.6319 26.5995 0.1955 0.0844 0.0906 -0.0225 -0.0513 0.0183 0.1852 0.7312 0.6411
1494806400.0000 138450.0000 0.3068 -0.2500 -0.0155 0.6124 309.1731 0.1349 0.2068 0.0980 -0.0097 -0.0193 0.0077 0.2198 0.9667 0.8528
1494806400.0000 138750.0000 0.2427 -0.2046 -0.1001 0.4746 310.1266 0.0957 0.1342 0.0546 -0.0262 0.0235 0.0036 0.1423 0.9252 0.8722
1494806400.0000 139050.0000 0.0790 0.0310 -0.0170 0.3258 248.5806 0.0382 0.0870 0.0640 0.0010 0.0011 -0.0230 0.0946 2.9002 2.4060
1494806400.0000 139350.0000 0.0301 0.3803 -0.1260 0.4175 184.5203 0.0247 0.0307 0.0467 -0.0050 0.0065 -0.0006 0.0511 0.4593 0.3562
1494806400.0000 139650.0000 0.1427 0.3356 -0.1004 0.3962 203.0396 0.0249 0.0337 0.0212 -0.0034 0.0113 -0.0010 0.0399 0.4314 0.3834
1494806400.0000 139950.0000 0.2902 0.1794 -0.0248 0.3584 238.2693 0.0176 0.0145 0.0135 0.0060 0.0026 0.0009 0.0228 0.3605 0.3031
1494806400.0000 140250.0000 0.2247 0.2012 -0.0453 0.3690 228.1479 0.0131 0.0499 0.0068 0.0006 -0.0024 -0.0004 0.0349 0.5002 0.4805
1494806400.0000 140550.0000 0.2840 0.3253 -0.0650 0.4554 221.1184 0.0202 0.0155 0.0131 -0.0001 0.0035 0.0012 0.0244 0.2918 0.2524
1494806400.0000 140850.0000 0.0525 0.0742 0.0369 0.5213 215.2869 0.1649 0.1984 0.0533 0.0843 -0.0160 0.0039 0.2083 3.7971 3.8262
1494806400.0000 141150.0000 -0.2582 -0.4810 0.0471 0.6613 28.2329 0.1684 0.1621 0.0597 0.0915 0.0151 0.0318 0.1951 0.6582 0.6080
1494806400.0000 141450.0000 -0.8660 -0.6076 0.1500 1.1160 54.9472 0.3177 0.2268 0.0827 0.1544 0.0156 0.0110 0.3136 0.4279 0.4027
1494806400.0000 141750.0000 0.1409 -0.0740 -0.0024 0.3615 297.6987 0.0831 0.0540 0.0130 0.0285 -0.0039 -0.0011 0.0751 1.4051 1.3428
1494806400.0000 142050.0000 0.0676 0.0026 -0.0004 0.2849 267.8166 0.0300 0.0648 0.0136 0.0116 -0.0058 -0.0123 0.0542 2.8112 2.6294
1494806400.0000 142350.0000 0.2457 -0.0020 -0.0066 0.4315 270.4673 0.1527 0.0665 0.0345 -0.0379 -0.0308 0.0161 0.1268 1.1830 1.1000
1494806400.0000 142650.0000 0.2511 -0.2254 -0.0470 0.4426 311.9152 0.1404 0.0510 0.0534 -0.0388 -0.0564 0.0161 0.1224 0.8385 0.7486
1494806400.0000 142950.0000 0.1675 -0.1546 -0.0702 0.4353 312.7034 0.2123 0.1206 0.0881 -0.0810 -0.1044 0.0453 0.2105 1.5705 1.4612
1494806400.0000 143250.0000 0.2941 -0.0970 -0.0815 0.7162 288.2462 0.2075 0.3157 0.1028 0.0250 -0.0489 0.0555 0.3130 1.4263 1.3484
1494806400.0000 143550.0000 -0.2520 -0.3802 0.0496 0.7148 33.5363 0.2194 0.2717 0.0954 0.0090 -0.0182 0.0085 0.2933 0.9638 0.8871
1494806400.0000 143850.0000 -0.4234 -0.4946 0.1339 0.7861 40.5653 0.2185 0.2601 0.0975 0.0408 0.0085 0.0685 0.2881 0.6593 0.6135
1494806400.0000 144150.0000 -0.5907 -0.5981 0.0901 0.9478 44.6477 0.3511 0.2083 0.1057 0.1111 0.0338 0.0469 0.3325 0.5569 0.5137
1494806400.0000 144450.0000 -0.5008 -0.6882 0.1807 0.9530 36.0460 0.2297 0.1996 0.1010 0.0579 0.0127 0.0467 0.2651 0.4832 0.4445
1494806400.0000 144750.0000 0.2072 -0.3152 0.0527 0.5409 326.6876 0.1128 0.1200 0.0371 0.0684 0.0031 0.0232 0.1349 0.7876 0.7385
1494806400.0000 145050.0000 0.3857 -0.0108 -0.1488 0.4618 271.6045 0.0656 0.0632 0.0371 -0.0294 -0.0198 0.0210 0.0830 0.5687 0.5370
1494806400.0000 145350.0000 0.2008 -0.3213 -0.0277 0.5736 328.0016 0.1528 0.1477 0.0420 0.0207 -0.0187 0.0284 0.1712 0.8894 0.8353
1494806400.0000 145650.0000 0.3623 0.0820 -0.0796 0.5046 257.2485 0.0282 0.1215 0.0271 -0.0316 -0.0040 0.0104 0.0884 0.6391 0.6014
1494806400.0000 145950.0000 0.2775 0.3126 -0.0358 0.4365 221.6004 0.0132 0.0144 0.0081 -0.0031 0.0002 0.0062 0.0179 0.2601 0.2294
1494806400.0000 146250.0000 0.3899 -0.0003 -0.0745 0.4979 270.0500 0.0529 0.0946 0.0421 0.0119 -0.0037 -0.0025 0.0948 0.6333 0.5686
1494806400.0000 146550.0000 0.1913 0.2825 -0.0326 0.3520 214.1024 0.0094 0.0086 0.0076 0.0021 0.0025 0.0018 0.0128 0.2699 0.2275
1494806400.0000 146850.0000 0.2981 0.3875 -0.0484 0.5045 217.5673 0.0168 0.0206 0.0159 0.0079 -0.0033 -0.0025 0.0266 0.2713 0.2282
1494806400.0000 147150.0000 0.4442 0.3317 -0.0555 0.5739 233.2452 0.0174 0.0160 0.0091 -0.0032 0.0037 0.0002 0.0212 0.2136 0.1903
1494806400.0000 147450.0000 0.2009 0.3315 -0.0389 0.4915 211.2235 0.0807 0.0252 0.0151 0.0135 -0.0140 -0.0028 0.0605 0.5157 0.4849
1494806400.0000 147750.0000 0.1733 0.2108 0.0124 0.4052 219.4278 0.0676 0.0487 0.0521 -0.0004 -0.0193 0.0038 0.0842 0.8675 0.7216
1494806400.0000 148050.0000 0.4476 0.1489 -0.1179 0.5320 251.6012 0.0425 0.0558 0.0364 -0.0164 -0.0153 0.0202 0.0673 0.4357 0.3836
1494806400.0000 148350.0000 0.3676 0.1027 -0.1467 0.4749 254.3939 0.0233 0.0824 0.0249 -0.0037 0.0030 0.0144 0.0653 0.5103 0.4918
1494806400.0000 148650.0000 0.3495 0.3408 -0.1272 0.5102 225.7239 0.0188 0.0247 0.0144 0.0029 0.0011 0.0013 0.0289 0.2754 0.2466
1494806400.0000 148950.0000 0.4191 0.3053 -0.1559 0.5541 233.9329 0.0162 0.0366 0.0171 -0.0086 -0.0057 0.0156 0.0349 0.2818 0.2557
1494806400.0000 149250.0000 0.4029 0.3891 -0.1089 0.5677 225.9957 0.0087 0.0107 0.0068 0.0011 0.0021 -0.0007 0.0131 0.1639 0.1436
1494806400.0000 149550.0000 0.4403 0.4051 -0.1258 0.6070 227.3886 0.0144 0.0109 0.0054 0.0020 0.0043 0.0033 0.0154 0.1656 0.1537
1494806400.0000 149850.0000 0.4939 0.3791 -0.1062 0.6331 232.4957 0.0134 0.0190 0.0079 0.0037 0.0030 0.0047 0.0201 0.1834 0.1668
1494806400.0000 150150.0000 0.4616 0.3889 -0.1537 0.6292 229.8918 0.0199 0.0338 0.0145 -0.0012 0.0036 0.0077 0.0341 0.2422 0.2218
1494806400.0000 150450.0000 0.4826 0.4302 -0.1288 0.6548 228.2838 0.0104 0.0111 0.0052 -0.0007 0.0033 -0.0004 0.0133 0.1429 0.1307
1494806400.0000 150750.0000 0.5005 0.4356 -0.1133 0.6705 228.9664 0.0139 0.0144 0.0050 0.0046 0.0036 0.0027 0.0167 0.1566 0.1464
1494806400.0000 151050.0000 0.5178 0.4429 -0.1086 0.6860 229.4561 0.0102 0.0091 0.0051 0.0033 0.0029 0.0010 0.0122 0.1306 0.1176
