1494720000.0000 150.0000 3.7010 0.6915 0.1423 3.7654 259.4172 0.0055 0.0025 0.0019 0.0002 0.0015 -0.0005 0.0050 0.0153 0.0138
1494720000.0000 450.0000 3.4380 0.8849 0.1436 3.5516 255.5658 0.0056 0.0084 0.0012 -0.0055 0.0001 -0.0007 0.0076 0.0200 0.0193
1494720000.0000 750.0000 3.4818 0.9195 0.1560 3.6017 255.2074 0.0074 0.0038 0.0014 0.0007 0.0019 0.0006 0.0063 0.0180 0.0169
1494720000.0000 1050.0000 3.7298 1.0194 0.1743 3.8674 254.7134 0.0015 0.0062 0.0012 -0.0002 0.0001 -0.0008 0.0045 0.0141 0.0131
1494720000.0000 1350.0000 3.5474 1.0090 0.2342 3.6899 254.1220 0.0395 0.0061 0.0025 -0.0095 0.0042 -0.0017 0.0241 0.0343 0.0334
1494720000.0000 1650.0000 3.2913 0.9048 0.2616 3.4155 254.6296 0.0369 0.0089 0.0040 -0.0057 -0.0045 -0.0030 0.0249 0.0376 0.0362
1494720000.0000 1950.0000 2.1324 1.6351 0.2668 2.7125 232.5191 0.0442 0.1283 0.0039 -0.0418 0.0009 0.0021 0.0882 0.0898 0.0893
1494720000.0000 2250.0000 1.7448 2.3729 0.2519 2.9719 216.3285 0.1734 0.0243 0.0113 -0.0261 0.0242 -0.0080 0.1045 0.0893 0.0872
1494720000.0000 2550.0000 1.3702 1.6284 0.1180 2.1759 220.0793 0.0792 0.1817 0.0093 -0.0943 -0.0036 -0.0064 0.1351 0.1408 0.1386
1494720000.0000 2850.0000 1.9956 1.5582 0.1237 2.5617 232.0172 0.0882 0.0804 0.0160 -0.0711 -0.0119 0.0106 0.0923 0.0979 0.0936
1494720000.0000 3150.0000 2.3443 1.7485 0.0705 2.9313 233.2830 0.0257 0.0315 0.0173 -0.0114 -0.0051 0.0108 0.0373 0.0539 0.0472
1494720000.0000 3450.0000 2.2297 1.9023 0.0483 2.9516 229.5303 0.0512 0.0829 0.0204 -0.0544 0.0008 -0.0081 0.0772 0.0774 0.0721
1494720000.0000 3750.0000 2.0056 2.1569 0.1299 2.9686 222.9180 0.0661 0.0864 0.0139 -0.0622 0.0003 -0.0074 0.0832 0.0799 0.0766
1494720000.0000 4050.0000 1.6271 2.8406 0.2249 3.2816 209.8036 0.0133 0.0922 0.0081 -0.0220 -0.0027 0.0076 0.0568 0.0593 0.0573
1494720000.0000 4350.0000 1.5161 3.5166 0.2092 3.8322 203.3219 0.0194 0.0216 0.0084 -0.0009 -0.0032 -0.0001 0.0247 0.0334 0.0305
1494720000.0000 4650.0000 1.4660 3.5376 0.1873 3.8324 202.5099 0.0276 0.0230 0.0077 0.0055 -0.0026 -0.0015 0.0291 0.0363 0.0339
1494720000.0000 4950.0000 1.8809 3.4444 0.2525 3.9285 208.6378 0.0222 0.0279 0.0080 -0.0096 -0.0004 -0.0037 0.0291 0.0354 0.0329
1494720000.0000 5250.0000 1.6975 3.4593 0.2643 3.8581 206.1376 0.0322 0.0233 0.0047 -0.0064 -0.0031 0.0040 0.0301 0.0367 0.0353
1494720000.0000 5550.0000 1.7345 3.4279 0.3852 3.8474 206.8390 0.0319 0.0266 0.0038 -0.0163 0.0001 -0.0017 0.0311 0.0373 0.0363
1494720000.0000 5850.0000 1.7185 3.1669 0.4354 3.6077 208.4862 0.0207 0.0228 0.0096 -0.0149 0.0062 -0.0057 0.0265 0.0367 0.0334
1494720000.0000 6150.0000 1.7387 3.0229 0.3161 3.4896 209.9059 0.0091 0.0143 0.0033 -0.0073 -0.0008 0.0001 0.0134 0.0270 0.0254
1494720000.0000 6450.0000 1.9423 3.4663 0.4009 3.9744 209.2633 0.0236 0.0931 0.0064 0.0371 0.0064 0.0133 0.0615 0.0507 0.0496
1494720000.0000 6750.0000 1.9927 3.5108 0.4516 4.0385 209.5791 0.0189 0.0295 0.0100 0.0093 0.0012 0.0041 0.0292 0.0344 0.0315
1494720000.0000 7050.0000 2.2097 3.2105 0.4290 3.9023 214.5388 0.0632 0.0141 0.0062 0.0096 -0.0003 -0.0028 0.0418 0.0426 0.0412
1494720000.0000 7350.0000 2.7612 3.5023 0.5368 4.4630 218.2520 0.0286 0.0092 0.0226 -0.0078 0.0019 -0.0022 0.0302 0.0316 0.0252
1494720000.0000 7650.0000 2.8862 3.5034 0.5343 4.5409 219.4829 0.0183 0.0112 0.0146 -0.0001 0.0014 -0.0004 0.0221 0.0265 0.0219
1494720000.0000 7950.0000 2.7684 3.3830 0.5588 4.3784 219.2942 0.0270 0.0891 0.0181 -0.0114 -0.0081 0.0074 0.0671 0.0480 0.0450
1494720000.0000 8250.0000 2.8725 2.5796 0.4716 3.8690 228.0757 0.0374 0.0434 0.0205 -0.0226 -0.0058 0.0043 0.0506 0.0472 0.0425
1494720000.0000 8550.0000 2.8818 2.7303 0.4551 3.9756 226.5462 0.0411 0.0522 0.0209 0.0017 -0.0126 -0.0019 0.0571 0.0488 0.0444
1494720000.0000 8850.0000 2.2685 3.0370 0.3539 3.8089 216.7583 0.1380 0.0361 0.0167 -0.0394 -0.0037 -0.0062 0.0954 0.0663 0.0636
1494720000.0000 9150.0000 2.7419 3.0045 0.4333 4.0744 222.3836 0.0416 0.0360 0.0126 -0.0158 -0.0006 -0.0004 0.0451 0.0424 0.0395
1494720000.0000 9450.0000 2.9562 3.1980 0.5325 4.3614 222.7494 0.0722 0.0399 0.0268 0.0038 -0.0164 -0.0047 0.0694 0.0490 0.0444
1494720000.0000 9750.0000 3.3321 2.5041 0.5908 4.1804 233.0743 0.0659 0.0818 0.0141 -0.0310 0.0020 -0.0054 0.0809 0.0552 0.0532
1494720000.0000 10050.0000 2.8399 2.2098 0.4925 3.6055 232.1125 0.0797 0.0122 0.0064 -0.0148 0.0098 -0.0013 0.0491 0.0498 0.0486
1494720000.0000 10350.0000 2.7406 2.6241 0.5334 3.7949 226.2441 0.0024 0.0065 0.0017 0.0004 -0.0008 -0.0001 0.0052 0.0154 0.0143
1494720000.0000 10650.0000 2.6667 2.6535 0.4245 3.7698 225.1420 0.0969 0.0165 0.0148 0.0065 0.0002 -0.0037 0.0641 0.0546 0.0517
1494720000.0000 10950.0000 2.5356 2.5686 0.4213 3.6157 224.6291 0.0851 0.0761 0.0234 0.0368 -0.0183 -0.0104 0.0923 0.0683 0.0642
1494720000.0000 11250.0000 2.3189 2.8288 0.4021 3.6629 219.3431 0.0581 0.0146 0.0099 0.0058 -0.0051 0.0030 0.0413 0.0451 0.0426
1494720000.0000 11550.0000 1.8209 2.7555 0.3495 3.3113 213.4580 0.0405 0.0579 0.0244 -0.0121 0.0028 -0.0049 0.0614 0.0609 0.0548
1494720000.0000 11850.0000 1.8078 2.9002 0.4313 3.4263 211.9363 0.0530 0.0209 0.0111 -0.0178 0.0057 -0.0026 0.0425 0.0489 0.0459
1494720000.0000 12150.0000 1.6193 3.0083 0.3830 3.4263 208.2921 0.0764 0.0508 0.0204 0.0059 -0.0057 -0.0093 0.0738 0.0645 0.0603
1494720000.0000 12450.0000 1.9432 2.6462 0.3352 3.2952 216.2903 0.0557 0.1000 0.0182 -0.0112 -0.0093 -0.0145 0.0869 0.0730 0.0694
1494720000.0000 12750.0000 2.0008 2.3226 0.3314 3.0738 220.7432 0.0869 0.0317 0.0205 0.0133 -0.0193 -0.0065 0.0696 0.0698 0.0649
1494720000.0000 13050.0000 2.0662 2.1506 0.2844 2.9848 223.8544 0.0180 0.0098 0.0070 -0.0006 -0.0049 0.0009 0.0174 0.0359 0.0323
1494720000.0000 13350.0000 1.8990 2.2179 0.3019 2.9227 220.5709 0.0204 0.0084 0.0071 -0.0009 0.0006 0.0019 0.0180 0.0373 0.0336
1494720000.0000 13650.0000 2.0124 2.2096 0.2677 2.9945 222.3269 0.0465 0.0160 0.0081 -0.0011 -0.0048 0.0001 0.0353 0.0511 0.0483
1494720000.0000 13950.0000 2.1812 1.9660 0.2548 2.9507 227.9706 0.2451 0.1058 0.0326 0.0806 -0.0313 0.0012 0.1917 0.1213 0.1165
1494720000.0000 14250.0000 1.5306 1.6146 0.2341 2.2323 223.4713 0.0296 0.0212 0.0147 -0.0071 -0.0048 -0.0019 0.0328 0.0661 0.0585
1494720000.0000 14550.0000 1.4981 1.7858 0.2017 2.3349 219.9942 0.0406 0.0244 0.0119 0.0163 -0.0032 0.0021 0.0385 0.0684 0.0631
1494720000.0000 14850.0000 2.0546 2.1307 0.3016 2.9643 223.9585 0.0401 0.0329 0.0116 0.0105 -0.0063 0.0032 0.0422 0.0564 0.0527
1494720000.0000 15150.0000 2.3478 2.3410 0.2507 3.3416 225.0824 0.1870 0.0792 0.0825 -0.0352 -0.0113 -0.0292 0.1743 0.1025 0.0898
1494720000.0000 15450.0000 2.0273 2.3032 0.3344 3.0839 221.3557 0.1111 0.0653 0.0675 -0.0019 -0.0297 -0.0208 0.1219 0.0924 0.0790
1494720000.0000 15750.0000 2.4254 2.5422 0.3587 3.5593 223.6524 0.2363 0.2314 0.1232 -0.0725 -0.0801 -0.0096 0.2954 0.1257 0.1124
1494720000.0000 16050.0000 1.9486 2.3037 0.4434 3.0481 220.2265 0.2216 0.1394 0.1139 -0.0028 -0.0230 -0.0276 0.2374 0.1305 0.1150
1494720000.0000 16350.0000 1.9260 2.0950 0.2166 2.8748 222.5938 0.1221 0.1201 0.1014 -0.0431 -0.0302 -0.0310 0.1719 0.1186 0.0999
1494720000.0000 16650.0000 1.2682 2.3110 0.2209 2.7047 208.7566 0.2851 0.2089 0.0992 -0.1240 -0.0533 0.0230 0.2966 0.1681 0.1539
1494720000.0000 16950.0000 0.9122 2.3264 0.1408 2.5188 201.4107 0.0879 0.1199 0.1024 -0.0105 -0.0190 0.0108 0.1551 0.1285 0.1053
1494720000.0000 17250.0000 0.4134 1.9286 0.3615 2.0023 192.0974 0.1289 0.0725 0.0600 0.0078 -0.0150 0.0176 0.1307 0.1472 0.1314
1494720000.0000 17550.0000 0.1990 2.0212 0.1270 2.0563 185.6228 0.1019 0.2080 0.0771 0.0000 -0.0331 -0.0556 0.1935 0.1765 0.1583
1494720000.0000 17850.0000 -0.3589 2.1077 0.0575 2.1599 170.3373 0.0952 0.0710 0.0581 -0.0087 -0.0281 0.0172 0.1121 0.1278 0.1101
1494720000.0000 18150.0000 0.1060 2.0360 0.0772 2.0892 182.9797 0.2080 0.0980 0.0943 -0.0515 -0.0849 0.0159 0.2002 0.1790 0.1566
1494720000.0000 18450.0000 0.0185 2.4821 0.1591 2.4956 180.4272 0.0665 0.0618 0.0336 0.0147 -0.0074 -0.0006 0.0809 0.0934 0.0833
1494720000.0000 18750.0000 0.9595 2.3291 0.1888 2.5330 202.3897 0.0897 0.0396 0.0359 0.0192 0.0084 0.0059 0.0826 0.0929 0.0824
1494720000.0000 19050.0000 0.4924 2.3066 -0.0273 2.4043 192.0503 0.2320 0.1730 0.1492 0.0352 0.0467 -0.0702 0.2771 0.1822 0.1558
1494720000.0000 19350.0000 0.3970 1.9529 0.2792 2.0348 191.4919 0.1911 0.2327 0.1133 0.0731 -0.0255 -0.0228 0.2686 0.2103 0.1886
1494720000.0000 19650.0000 0.2499 1.8927 -0.0336 1.9683 187.5209 0.2372 0.2892 0.1628 0.1406 -0.0581 -0.0452 0.3446 0.2510 0.2194
1494720000.0000 19950.0000 0.2947 1.5466 0.1983 1.6586 190.7870 0.2732 0.0754 0.0760 -0.0179 -0.0136 -0.0343 0.2123 0.2371 0.2165
1494720000.0000 20250.0000 -0.0292 1.1775 0.1138 1.2104 178.5802 0.0751 0.1124 0.0597 0.0202 -0.0097 -0.0259 0.1236 0.2426 0.2123
1494720000.0000 20550.0000 0.0964 1.7219 0.2136 1.7518 183.2057 0.1001 0.0930 0.0812 0.0172 -0.0444 -0.0020 0.1372 0.1740 0.1471
1494720000.0000 20850.0000 0.0127 2.2191 0.0572 2.2426 180.3289 0.1048 0.1071 0.0813 0.0299 -0.0239 -0.0145 0.1466 0.1408 0.1198
1494720000.0000 21150.0000 -0.4396 2.0933 0.1808 2.1754 168.1394 0.1735 0.1063 0.0517 -0.0373 -0.0336 -0.0107 0.1657 0.1548 0.1428
1494720000.0000 21450.0000 -0.1096 2.0045 0.0976 2.0350 176.8707 0.1070 0.0657 0.0521 0.0091 -0.0237 -0.0073 0.1124 0.1362 0.1195
1494720000.0000 21750.0000 -0.3840 2.1871 0.0279 2.2321 170.0426 0.0545 0.0299 0.0378 -0.0069 -0.0065 0.0072 0.0611 0.0909 0.0756
1494720000.0000 22050.0000 -0.7807 2.3173 -0.0330 2.4520 161.3824 0.0362 0.0199 0.0288 -0.0020 0.0113 0.0057 0.0425 0.0688 0.0559
1494720000.0000 22350.0000 -0.5993 1.8695 -0.0354 1.9870 162.2260 0.0953 0.0536 0.0668 0.0006 -0.0073 0.0107 0.1078 0.1365 0.1135
1494720000.0000 22650.0000 -1.1551 2.1252 -0.1320 2.4351 151.4750 0.1239 0.0869 0.0634 -0.0403 0.0020 0.0163 0.1371 0.1248 0.1096
1494720000.0000 22950.0000 -0.9077 1.9576 0.1949 2.1766 155.1222 0.0958 0.1474 0.1562 -0.0325 0.0316 -0.0010 0.1997 0.1684 0.1320
1494720000.0000 23250.0000 -0.8875 2.1210 0.2183 2.3310 157.2934 0.1687 0.2556 0.0932 -0.0738 0.0366 -0.0530 0.2587 0.1798 0.1636
1494720000.0000 23550.0000 -0.5640 2.5304 0.1490 2.6161 167.4353 0.1275 0.0403 0.0884 -0.0108 0.0096 0.0044 0.1281 0.1125 0.0912
1494720000.0000 23850.0000 -0.0603 2.8668 0.2573 2.8757 178.7948 0.0471 0.0606 0.0470 0.0055 0.0034 -0.0075 0.0774 0.0789 0.0661
1494720000.0000 24150.0000 -0.0849 3.0130 0.1174 3.0253 178.3851 0.0674 0.0688 0.0388 0.0167 -0.0134 -0.0053 0.0875 0.0800 0.0707
1494720000.0000 24450.0000 0.1345 2.8844 0.1844 2.9051 182.6701 0.1065 0.0700 0.0267 0.0240 0.0067 0.0166 0.1016 0.0899 0.0840
1494720000.0000 24750.0000 -0.1757 2.4450 0.1862 2.4641 175.8897 0.0631 0.0677 0.0848 -0.0034 0.0008 -0.0110 0.1078 0.1090 0.0852
1494720000.0000 25050.0000 -0.6992 2.5510 0.1360 2.6649 164.6724 0.1069 0.0310 0.0991 0.0079 0.0583 -0.0139 0.1185 0.1061 0.0811
1494720000.0000 25350.0000 -1.3118 2.2618 0.1411 2.6726 149.8862 0.1418 0.4735 0.2177 0.0340 0.0453 -0.1852 0.4165 0.2012 0.1732
1494720000.0000 25650.0000 -0.6949 2.0585 0.3009 2.2253 161.3458 0.2488 0.5647 0.1800 -0.1723 0.0690 -0.1043 0.4968 0.2624 0.2397
1494720000.0000 25950.0000 -0.4186 2.8120 0.2300 2.8664 171.5340 0.1453 0.2821 0.1322 -0.0931 0.0504 -0.0673 0.2798 0.1514 0.1328
1494720000.0000 26250.0000 -0.7143 3.1947 -0.0097 3.2950 167.3960 0.1505 0.0759 0.1104 -0.0077 0.0185 -0.0047 0.1684 0.1023 0.0839
1494720000.0000 26550.0000 -0.3894 2.8323 0.3306 2.8853 172.1721 0.1356 0.2331 0.1816 0.0179 -0.0117 -0.0997 0.2751 0.1488 0.1226
1494720000.0000 26850.0000 -0.2858 3.2676 0.2349 3.2840 175.0018 0.0232 0.0520 0.0304 0.0108 -0.0032 -0.0079 0.0528 0.0571 0.0483
1494720000.0000 27150.0000 -0.4720 3.0125 0.0882 3.0596 171.0946 0.0581 0.0413 0.0402 0.0156 -0.0151 -0.0024 0.0698 0.0707 0.0597
1494720000.0000 27450.0000 -0.3626 2.8567 0.1256 2.8873 172.7656 0.0426 0.0186 0.0133 0.0066 -0.0015 -0.0001 0.0372 0.0547 0.0496
1494720000.0000 27750.0000 -0.6840 2.4441 0.0322 2.5511 164.3665 0.0459 0.0691 0.0212 0.0330 -0.0073 -0.0036 0.0681 0.0839 0.0771
1494720000.0000 28050.0000 -1.2829 1.6229 0.0627 2.1567 141.6733 0.2413 0.3998 0.2641 0.0843 0.0272 -0.1622 0.4525 0.2654 0.2235
1494720000.0000 28350.0000 -1.5762 1.0037 0.0908 1.8955 122.4880 0.1287 0.0861 0.1036 -0.0024 -0.0679 0.0003 0.1592 0.1741 0.1432
1494720000.0000 28650.0000 -1.8184 1.5153 0.1984 2.4128 129.8048 0.2377 0.1381 0.1336 0.0194 -0.0705 -0.0443 0.2547 0.1735 0.1495
1494720000.0000 28950.0000 -1.8678 1.1482 0.3096 2.2201 121.5799 0.2504 0.1284 0.0979 -0.0550 0.0609 -0.0488 0.2383 0.1800 0.1621
1494720000.0000 29250.0000 -0.9566 0.7624 0.3816 1.2689 128.5553 0.1115 0.1696 0.1195 -0.0265 0.0102 -0.0072 0.2003 0.2852 0.2503
1494720000.0000 29550.0000 -0.6516 1.0220 0.4922 1.3170 147.4805 0.2278 0.2702 0.1397 0.0069 0.0016 -0.0020 0.3189 0.3524 0.3362
1494720000.0000 29850.0000 -0.4969 1.4987 0.2151 1.6049 161.6580 0.0713 0.0973 0.1065 0.0088 0.0453 0.0235 0.1375 0.1900 0.1501
1494720000.0000 30150.0000 -0.6932 1.6410 -0.0425 1.8056 157.0984 0.0823 0.1087 0.0859 -0.0037 0.0167 0.0076 0.1384 0.1705 0.1416
1494720000.0000 30450.0000 -0.4193 1.7326 0.0411 1.8418 166.3957 0.2886 0.2794 0.1965 -0.1363 -0.0308 0.0464 0.3823 0.2831 0.2441
1494720000.0000 30750.0000 -0.1315 1.7551 -0.0446 1.7787 175.7150 0.0618 0.0801 0.0719 0.0159 0.0091 0.0132 0.1069 0.1516 0.1236
1494720000.0000 31050.0000 -0.9743 1.9154 -0.2162 2.1749 153.0392 0.2451 0.1875 0.1417 -0.1377 0.0510 -0.0079 0.2872 0.2026 0.1767
1494720000.0000 31350.0000 -1.8721 2.3243 -0.1724 3.0543 141.1506 0.2312 0.5536 0.1510 0.1080 0.0101 -0.0295 0.4679 0.1868 0.1714
1494720000.0000 31650.0000 -1.0339 2.9222 0.4612 3.2159 160.5154 0.7743 1.0296 0.4436 -0.3882 0.0615 -0.3543 1.1238 0.2762 0.2502
1494720000.0000 31950.0000 -1.0467 3.3273 0.6617 3.5786 162.5369 0.5844 0.6506 0.4254 0.0849 0.0944 -0.2236 0.8302 0.2095 0.1839
1494720000.0000 32250.0000 1.1206 1.2523 0.7936 2.2174 221.8235 1.2823 1.4269 0.3560 -1.0835 0.0055 -0.0947 1.5326 0.5439 0.5655
1494720000.0000 32550.0000 0.4640 0.0427 0.0510 0.8115 264.7405 0.2360 0.3219 0.3454 0.0793 0.1347 -0.0015 0.4516 1.1706 0.9255
1494720000.0000 32850.0000 0.8958 0.0859 0.2624 1.1008 264.5248 0.4403 0.3115 0.1913 -0.0298 0.0462 0.0160 0.4716 0.5981 0.5563
1494720000.0000 33150.0000 1.4969 1.0122 -0.0247 1.8432 235.9342 0.0857 0.1505 0.1057 0.0145 0.0112 -0.0741 0.1709 0.1868 0.1553
1494720000.0000 33450.0000 1.3897 1.3510 0.3216 1.9727 225.8084 0.1155 0.1677 0.2126 0.0033 0.0613 0.0023 0.2479 0.2069 0.1585
1494720000.0000 33750.0000 0.9157 1.7617 0.4076 2.0142 207.4649 0.0621 0.1975 0.1288 -0.0190 0.0287 -0.0858 0.1942 0.1775 0.1481
1494720000.0000 34050.0000 0.9741 0.6305 0.1151 1.4054 237.0867 0.4888 0.5526 0.2489 -0.0268 0.1836 -0.0122 0.6452 0.5624 0.5078
1494720000.0000 34350.0000 0.9723 2.2951 0.0246 2.5249 202.9606 0.1708 0.2941 0.2452 0.0519 0.0357 -0.1299 0.3551 0.1952 0.1579
1494720000.0000 34650.0000 0.3499 1.5460 -0.0291 1.6375 192.7532 0.1910 0.0742 0.0939 0.0213 -0.0306 -0.0069 0.1795 0.2182 0.1875
1494720000.0000 34950.0000 -0.0277 1.6000 -0.1010 1.6290 179.0096 0.0988 0.0924 0.1374 -0.0073 0.0015 0.0068 0.1643 0.2064 0.1577
1494720000.0000 35250.0000 0.5028 2.2934 0.0637 2.3640 192.3667 0.0808 0.0725 0.0289 0.0117 -0.0096 0.0105 0.0911 0.1049 0.0963
1494720000.0000 35550.0000 0.4849 2.8948 0.3793 2.9530 189.5099 0.1137 0.0442 0.0193 0.0211 -0.0042 0.0045 0.0886 0.0821 0.0782
1494720000.0000 35850.0000 -0.0566 2.8158 0.2163 2.8588 178.8491 0.2355 0.1318 0.1072 0.0714 -0.0542 -0.0509 0.2373 0.1408 0.1242
1494720000.0000 36150.0000 -0.5285 2.3731 0.3717 2.4583 167.4438 0.1184 0.0986 0.1905 0.0362 0.0751 0.0616 0.2038 0.1499 0.1106
1494720000.0000 36450.0000 -0.0397 1.9767 0.4554 2.0384 178.8483 0.2317 0.3410 0.3882 0.0008 0.0226 -0.1219 0.4804 0.2790 0.2210
1494720000.0000 36750.0000 0.2597 1.6937 0.4276 1.8905 188.7167 0.4248 0.4802 0.6095 -0.2687 0.2044 -0.2946 0.7573 0.4023 0.3206
1494720000.0000 37050.0000 0.4384 1.7231 -0.0528 1.8861 194.2757 0.3349 0.6499 0.4847 -0.0049 0.0981 0.2025 0.7347 0.3935 0.3222
1494720000.0000 37350.0000 1.4338 1.5811 1.0595 2.3196 222.2022 0.7380 0.6560 0.6666 -0.1135 0.1645 0.0848 1.0303 0.3478 0.3194
1494720000.0000 37650.0000 1.3183 -0.1564 0.2770 1.4976 276.7656 0.3459 0.4730 0.2974 -0.1684 -0.0539 0.1115 0.5581 0.4498 0.3935
1494720000.0000 37950.0000 2.0274 -0.3257 0.3199 2.1268 279.1269 0.2162 0.3360 0.2017 -0.1083 0.0234 0.0096 0.3769 0.2412 0.2089
1494720000.0000 38250.0000 1.1536 -0.6778 -0.3831 1.4285 300.4370 0.3838 0.2253 0.1034 -0.0844 0.0217 -0.0573 0.3563 0.3502 0.3368
1494720000.0000 38550.0000 -0.1331 0.7663 -1.0211 0.8318 170.1505 0.0958 0.1205 0.1239 -0.0250 0.0538 -0.0521 0.1701 0.2624 0.3452
1494720000.0000 38850.0000 -0.7844 0.3292 -0.8535 1.1649 112.7669 0.1767 0.5845 0.3076 0.0801 0.0213 -0.3028 0.5344 0.4953 0.5921
1494720000.0000 39150.0000 -1.5537 0.7787 0.1256 1.8812 116.6205 0.7509 0.5374 0.2194 -0.3128 0.0302 -0.0861 0.7538 0.4068 0.3771
1494720000.0000 39450.0000 -0.7906 1.9576 1.4668 2.3912 158.0090 0.7536 1.4135 0.7590 0.0892 -0.2310 -0.0875 1.4630 0.3842 0.4026
1494720000.0000 39750.0000 -1.9071 0.6348 0.9101 2.2553 108.4103 1.1922 0.5496 0.5445 0.1795 0.3473 0.1520 1.1432 0.3957 0.3791
1494720000.0000 40050.0000 -0.4691 1.7933 1.1964 2.0340 165.3408 0.5136 0.8404 0.2950 0.0411 0.0147 0.1137 0.8245 0.3360 0.3624
1494720000.0000 40350.0000 -0.4980 1.4516 1.1719 1.6879 161.0635 0.4481 0.4247 0.3285 0.0891 0.0487 -0.0554 0.6006 0.3277 0.3515
1494720000.0000 40650.0000 -0.8703 0.9944 0.8960 1.6047 138.8077 0.7370 0.8424 0.4280 -0.0058 0.4011 -0.0197 1.0037 0.5124 0.5491
1494720000.0000 40950.0000 -1.0613 0.3134 0.9008 1.5616 106.4494 1.1707 0.5390 0.2315 0.3489 0.0450 -0.0193 0.9706 0.5638 0.6822
1494720000.0000 41250.0000 -0.2527 1.3434 1.2413 1.6122 169.3475 0.5252 0.9258 0.5099 0.1532 -0.1265 0.2416 0.9805 0.4379 0.5088
1494720000.0000 41550.0000 -0.9463 3.0002 0.9092 3.2851 162.4941 0.8342 0.5912 1.1248 -0.0085 0.5068 -0.0644 1.2751 0.2816 0.2191
1494720000.0000 41850.0000 -0.0341 2.0584 0.7192 2.1769 179.0505 0.5135 0.2533 0.4542 -0.0661 0.2056 -0.0389 0.6105 0.2926 0.2456
1494720000.0000 42150.0000 -0.3211 2.4909 0.2269 2.6740 172.6546 0.8264 0.4355 0.3991 -0.3000 0.3177 -0.0672 0.8305 0.2951 0.2582
1494720000.0000 42450.0000 0.0758 1.8033 0.4285 2.0418 182.4075 0.8362 0.5943 0.8401 -0.0302 0.4055 0.0974 1.1353 0.4690 0.3826
1494720000.0000 42750.0000 0.6066 3.2298 0.8962 3.3476 190.6364 0.4001 0.4650 0.5295 0.0415 -0.0442 -0.0341 0.6973 0.2002 0.1634
1494720000.0000 43050.0000 0.0594 2.3502 0.5250 2.4950 181.4476 0.7388 1.9057 0.7073 -0.2865 0.1646 0.5465 1.6759 0.4388 0.3994
1494720000.0000 43350.0000 0.5346 2.5885 0.3545 2.7175 191.6693 0.3235 0.7000 0.6050 -0.1860 -0.0292 0.0894 0.8142 0.2763 0.2210
1494720000.0000 43650.0000 -1.1193 3.0321 -0.1484 3.2746 159.7388 0.2597 0.1683 0.3769 0.0368 0.0613 0.1313 0.4025 0.1601 0.1169
1494720000.0000 43950.0000 -0.0657 2.2244 0.9875 2.3404 178.3084 0.5447 0.8205 0.7374 -0.3117 -0.0407 0.0436 1.0513 0.3439 0.3031
1494720000.0000 44250.0000 -0.2648 3.2926 0.2405 3.3960 175.4022 0.6312 0.4401 0.8641 -0.0564 -0.1363 -0.0111 0.9677 0.2425 0.1809
1494720000.0000 44550.0000 0.1588 1.8535 0.4291 2.0162 184.8983 0.5700 0.4336 0.5840 0.0128 -0.0827 -0.0664 0.7938 0.3810 0.3109
1494720000.0000 44850.0000 1.4045 1.7652 0.5543 2.3274 218.5078 0.2406 0.7024 0.4434 0.0750 -0.0118 0.1849 0.6932 0.2927 0.2485
1494720000.0000 45150.0000 0.8893 2.1479 0.4620 2.4681 202.4917 0.6749 0.3675 1.4621 -0.0694 0.6644 0.0458 1.2522 0.3855 0.2536
1494720000.0000 45450.0000 -1.4119 3.2136 -0.0916 3.5742 156.2815 0.3849 0.7381 0.8181 0.0122 0.1610 0.3165 0.9705 0.2291 0.1743
1494720000.0000 45750.0000 -0.7734 2.9939 -0.2278 3.1434 165.5166 0.2657 1.0878 0.6265 -0.0008 0.0423 0.4699 0.9900 0.2620 0.2172
1494720000.0000 46050.0000 0.4230 2.6835 0.1980 2.8269 188.9583 0.6334 0.4311 0.6948 -0.0966 0.2433 0.0462 0.8797 0.2811 0.2193
1494720000.0000 46350.0000 1.3524 2.9039 0.7511 3.3420 204.9727 0.7208 0.4434 0.5206 -0.3272 -0.0495 0.0476 0.8424 0.2278 0.1945
1494720000.0000 46650.0000 0.3327 3.2086 0.6110 3.2851 185.9197 0.3862 0.2112 0.3533 -0.0563 0.0773 -0.0345 0.4753 0.1715 0.1383
1494720000.0000 46950.0000 1.0823 2.6406 0.7174 2.9177 202.2863 0.3331 0.3234 1.3295 -0.0572 -0.1660 0.2436 0.9930 0.2765 0.1639
1494720000.0000 47250.0000 0.6765 2.1209 0.0138 2.2845 197.6910 0.2564 0.2476 0.7765 0.0389 -0.1075 -0.1399 0.6403 0.2935 0.1841
1494720000.0000 47550.0000 -0.0467 1.0077 -0.4676 1.0860 177.3467 0.1563 0.1182 0.4516 0.0107 -0.0499 -0.0392 0.3630 0.4425 0.2999
1494720000.0000 47850.0000 0.3112 2.4690 0.8206 2.6406 187.1842 0.2714 2.2171 0.9302 -0.2299 0.2923 -0.7120 1.7093 0.4074 0.3660
1494720000.0000 48150.0000 0.6165 1.7519 0.4183 1.9991 199.3873 0.4796 0.3464 0.9727 -0.1194 0.2039 -0.1164 0.8994 0.4067 0.2825
1494720000.0000 48450.0000 1.6610 2.1986 0.1959 2.8336 217.0709 0.5319 1.4094 1.0807 0.4978 0.2065 0.3992 1.5110 0.3633 0.2919
1494720000.0000 48750.0000 2.2592 2.0824 0.6574 3.1593 227.3319 0.8084 0.2022 0.3290 -0.0785 -0.1216 -0.0794 0.6698 0.2127 0.1889
1494720000.0000 49050.0000 0.7677 2.3277 0.7916 2.7941 198.2526 1.6208 0.9344 1.9191 -0.4959 0.0065 -0.0102 2.2372 0.4742 0.3765
1494720000.0000 49350.0000 -1.0013 1.6669 -0.0352 2.0192 149.0081 0.3394 0.4567 0.5113 -0.0857 0.1410 0.0570 0.6537 0.3394 0.2649
1494720000.0000 49650.0000 0.2017 2.3242 0.8257 2.5317 184.9594 0.7440 1.7538 0.6059 -0.4450 0.3696 -0.2346 1.5519 0.4110 0.3911
1494720000.0000 49950.0000 -0.4777 2.7867 0.7693 2.9613 170.2728 0.8439 0.6322 0.4632 -0.2293 0.2109 -0.1426 0.9697 0.2744 0.2481
1494720000.0000 50250.0000 1.8954 2.6663 1.3710 3.3545 215.4082 0.4823 0.6676 0.2732 -0.0141 -0.0222 -0.0975 0.7115 0.1942 0.1892
1494720000.0000 50550.0000 2.0576 3.4276 1.1551 4.0445 210.9765 0.2059 0.4874 0.3272 -0.1167 0.0050 -0.0165 0.5102 0.1402 0.1202
1494720000.0000 50850.0000 1.6232 3.1020 0.6868 3.5189 207.6215 0.0839 0.1948 0.2188 -0.0155 -0.0488 0.0120 0.2488 0.1142 0.0871
1494720000.0000 51150.0000 1.2381 2.3843 0.3703 2.7335 207.4420 0.2575 0.1196 0.1782 -0.0352 -0.0127 0.0032 0.2776 0.1586 0.1320
1494720000.0000 51450.0000 0.6920 1.3043 0.7905 1.6727 207.9479 0.5111 0.3076 0.1736 -0.1730 0.0589 0.0415 0.4961 0.3434 0.3538
1494720000.0000 51750.0000 0.1409 1.6476 0.2445 1.7164 184.8868 0.1864 0.3207 0.2401 -0.0369 0.0309 0.0040 0.3736 0.2986 0.2486
1494720000.0000 52050.0000 0.0914 2.5905 0.5263 2.6736 182.0215 0.3642 0.7655 0.5020 -0.2282 0.1842 -0.0252 0.8158 0.2788 0.2367
1494720000.0000 52350.0000 -0.4562 3.0110 -0.0714 3.0707 171.3843 0.1452 0.3972 0.2578 -0.0103 0.0185 -0.0382 0.4001 0.1695 0.1396
1494720000.0000 52650.0000 -1.2101 2.3178 -0.0109 2.6524 152.4318 0.3103 0.1269 0.2675 -0.0626 -0.1214 0.0409 0.3524 0.1854 0.1460
1494720000.0000 52950.0000 -0.9696 2.1642 0.5757 2.5432 155.8668 0.7722 0.8143 0.5732 0.1894 0.4781 0.0527 1.0798 0.3477 0.3066
1494720000.0000 53250.0000 0.5265 3.9035 1.0408 4.0277 187.6818 0.5760 0.7940 0.6733 -0.2844 -0.2949 0.1582 1.0217 0.2026 0.1716
1494720000.0000 53550.0000 1.6042 3.6242 0.3799 4.0657 203.8755 0.6877 0.5189 0.4698 -0.2091 -0.1416 0.0561 0.8382 0.1878 0.1600
1494720000.0000 53850.0000 1.2492 3.3687 0.1432 3.6235 200.3463 0.2115 0.2307 0.4512 -0.0031 -0.0436 0.0700 0.4467 0.1518 0.1069
1494720000.0000 54150.0000 1.4523 4.0298 0.4569 4.3654 199.8183 0.8728 0.3626 0.5158 0.1032 -0.0788 0.1317 0.8756 0.1774 0.1498
1494720000.0000 54450.0000 2.9450 2.9710 0.5812 4.2403 224.7483 0.5899 0.7033 0.3065 0.1081 0.0137 -0.0480 0.7998 0.1729 0.1570
1494720000.0000 54750.0000 3.0270 1.8873 1.1942 3.6084 238.0569 0.3060 0.3284 0.4354 0.0220 -0.1758 -0.0858 0.5349 0.1587 0.1289
1494720000.0000 55050.0000 2.6916 2.1132 0.6587 3.5570 231.8637 0.6106 0.9558 0.8480 -0.1519 0.0891 -0.5015 1.2072 0.2574 0.2112
1494720000.0000 55350.0000 4.1111 1.7032 0.8079 4.5253 247.4960 0.2583 0.8073 0.3342 0.0614 0.0941 -0.1331 0.6999 0.1510 0.1339
1494720000.0000 55650.0000 3.4256 2.0790 0.4926 4.0373 238.7461 0.2646 0.2194 0.2282 -0.0019 0.0299 -0.0589 0.3561 0.1207 0.1002
1494720000.0000 55950.0000 3.9262 2.2050 0.9959 4.5471 240.6817 0.4175 0.3955 0.2986 0.0221 0.0829 0.0257 0.5558 0.1320 0.1156
1494720000.0000 56250.0000 3.9933 1.2350 0.9897 4.2779 252.8141 0.5681 0.5490 0.3140 -0.4096 0.0922 -0.1972 0.7156 0.1608 0.1460
1494720000.0000 56550.0000 4.0547 1.1663 1.1582 4.2977 253.9532 0.4583 0.5080 0.7511 -0.2531 0.2734 -0.3432 0.8587 0.1729 0.1345
1494720000.0000 56850.0000 3.5839 0.9951 1.4289 3.8079 254.4814 0.5370 0.5778 0.3904 -0.1533 0.0242 -0.0450 0.7526 0.1778 0.1639
1494720000.0000 57150.0000 3.4846 2.1728 0.5568 4.1445 238.0540 0.1628 0.3462 0.3039 -0.0117 0.0444 0.0501 0.4064 0.1256 0.1003
1494720000.0000 57450.0000 3.1982 1.1505 0.5888 3.4087 250.2146 0.0885 0.0612 0.1873 -0.0020 -0.0463 -0.0571 0.1685 0.0971 0.0657
1494720000.0000 57750.0000 3.0376 0.9057 0.3193 3.1962 253.3970 0.1031 0.1913 0.1025 0.0256 0.0106 0.0021 0.1984 0.1142 0.0988
1494720000.0000 58050.0000 2.4877 0.5570 0.3864 2.6057 257.3789 0.2160 0.2391 0.6608 -0.0999 -0.0786 -0.0345 0.5579 0.2365 0.1528
1494720000.0000 58350.0000 3.8155 0.4371 1.3119 3.9226 263.4646 0.3216 0.5574 0.1855 -0.1291 0.0389 0.0191 0.5323 0.1468 0.1410
1494720000.0000 58650.0000 3.8364 0.2535 0.4289 3.8795 266.2197 0.2866 0.2810 0.3417 0.0918 -0.1083 -0.1684 0.4546 0.1423 0.1131
1494720000.0000 58950.0000 3.5571 -0.3169 0.7416 3.5951 275.0910 0.2177 0.1586 0.3524 0.0254 0.0258 -0.0577 0.3644 0.1351 0.0992
1494720000.0000 59250.0000 2.9665 -0.5465 0.7601 3.1360 280.4390 0.3478 0.8077 0.8587 -0.1160 0.0887 -0.1880 1.0071 0.2634 0.2057
1494720000.0000 59550.0000 3.3594 -0.5887 0.6073 3.4760 279.9395 0.5501 0.4094 1.0108 0.1758 0.3133 0.0832 0.9852 0.2339 0.1658
1494720000.0000 59850.0000 3.5735 0.4038 -0.0415 3.6380 263.5533 0.4671 0.2617 0.2438 -0.1400 0.2218 -0.1441 0.4863 0.1583 0.1371
1494720000.0000 60150.0000 2.0760 0.2862 -0.1713 2.2316 262.1517 0.7979 0.5268 0.5530 -0.0530 0.0815 -0.3499 0.9389 0.3763 0.3171
1494720000.0000 60450.0000 2.2197 0.5522 0.6378 2.4143 256.0293 1.5215 0.4239 0.4698 0.2577 0.0585 -0.0284 1.2076 0.3779 0.3520
1494720000.0000 60750.0000 3.9073 1.0862 0.6379 4.0908 254.4645 0.4858 0.2189 0.2998 -0.1115 -0.1594 0.0540 0.5023 0.1410 0.1195
1494720000.0000 61050.0000 2.3878 2.0445 1.1255 3.2157 229.4290 0.2863 0.2761 0.5459 -0.1798 0.2955 -0.2799 0.5541 0.1820 0.1377
1494720000.0000 61350.0000 1.7192 2.1142 0.3178 2.7493 219.1160 0.2376 0.0655 0.0751 0.0332 -0.0062 0.0126 0.1891 0.1294 0.1166
1494720000.0000 61650.0000 3.5088 1.3375 1.5350 3.8251 249.1344 0.8979 0.4892 0.4466 0.1113 0.1132 -0.0024 0.9169 0.1927 0.1811
1494720000.0000 61950.0000 3.8557 0.8884 0.4558 4.0210 257.0243 0.2116 0.4783 0.4414 -0.1026 0.0519 -0.1553 0.5656 0.1542 0.1212
1494720000.0000 62250.0000 3.7606 1.1819 0.4574 3.9931 252.5535 0.2140 0.4939 0.6061 0.1049 -0.0533 -0.1402 0.6570 0.1668 0.1232
1494720000.0000 62550.0000 4.0720 1.9591 1.1407 4.5672 244.3077 0.6788 0.2904 0.4295 -0.0883 0.0149 -0.0926 0.6993 0.1465 0.1258
1494720000.0000 62850.0000 4.0970 2.1272 1.1659 4.6456 242.5615 0.4849 0.2851 0.3443 0.0473 0.1451 0.0497 0.5571 0.1280 0.1097
1494720000.0000 63150.0000 3.3901 1.1285 0.9115 3.6279 251.5888 0.3802 0.2724 0.3488 -0.1431 -0.1731 0.0607 0.5007 0.1567 0.1305
1494720000.0000 63450.0000 2.4311 1.4164 0.5141 2.9168 239.7744 0.5220 0.4931 0.6513 -0.0174 -0.0319 -0.3285 0.8332 0.2606 0.2067
1494720000.0000 63750.0000 2.2627 1.0067 0.8648 2.5833 246.0146 0.4375 0.3803 0.4448 -0.1785 -0.1336 0.0944 0.6313 0.2473 0.2108
1494720000.0000 64050.0000 3.1264 1.8272 0.7846 3.6591 239.6956 0.4740 0.2102 0.4466 0.0513 -0.2036 -0.0625 0.5654 0.1657 0.1319
1494720000.0000 64350.0000 3.3102 1.9585 0.6178 3.8582 239.3896 0.0605 0.0781 0.1316 -0.0222 0.0138 -0.0047 0.1351 0.0770 0.0559
1494720000.0000 64650.0000 2.9173 2.1231 0.2824 3.6275 233.9546 0.1235 0.1556 0.1959 0.0088 -0.0377 -0.0586 0.2375 0.1099 0.0845
1494720000.0000 64950.0000 3.5109 1.9520 0.7852 4.0604 240.9261 0.4692 0.1519 0.3077 -0.1418 -0.0725 0.0435 0.4644 0.1359 0.1133
1494720000.0000 65250.0000 3.4904 1.3254 0.6348 3.7729 249.2062 0.2267 0.2039 0.1614 -0.1154 0.0420 -0.0855 0.2960 0.1173 0.1015
1494720000.0000 65550.0000 2.6112 1.5063 0.4044 3.0298 240.0210 0.0657 0.1603 0.0916 0.0576 -0.0267 -0.0414 0.1588 0.1070 0.0911
1494720000.0000 65850.0000 2.7026 0.6848 0.5690 2.8090 255.7823 0.3116 0.1023 0.1573 0.0099 0.0091 0.0104 0.2856 0.1534 0.1332
1494720000.0000 66150.0000 2.7674 0.6424 0.3798 2.8519 256.9314 0.0365 0.0776 0.0261 0.0316 0.0065 -0.0043 0.0701 0.0754 0.0687
1494720000.0000 66450.0000 2.4401 0.7858 0.3571 2.5909 252.1500 0.1298 0.1757 0.0301 0.0544 -0.0137 -0.0081 0.1678 0.1292 0.1245
1494720000.0000 66750.0000 2.8982 0.5954 0.4326 2.9759 258.3899 0.1019 0.1149 0.0728 0.0259 -0.0254 -0.0415 0.1448 0.1039 0.0908
1494720000.0000 67050.0000 2.6702 0.2848 0.9140 2.7088 263.9126 0.1775 0.1363 0.1465 0.0364 -0.0899 -0.0487 0.2301 0.1381 0.1204
1494720000.0000 67350.0000 3.1091 1.0125 1.0201 3.3051 251.9611 0.3730 0.2260 0.0526 0.0851 0.0073 -0.0262 0.3258 0.1361 0.1367
1494720000.0000 67650.0000 3.1223 1.4504 0.6216 3.4496 245.0834 0.1127 0.0210 0.0768 -0.0142 0.0605 -0.0132 0.1053 0.0757 0.0613
1494720000.0000 67950.0000 2.8158 1.0533 0.7392 3.0274 249.4910 0.0548 0.1098 0.0786 -0.0354 -0.0271 0.0113 0.1216 0.0920 0.0779
1494720000.0000 68250.0000 2.9221 0.4685 0.3535 2.9689 260.8921 0.0877 0.0564 0.0576 -0.0033 0.0275 -0.0250 0.1009 0.0870 0.0741
1494720000.0000 68550.0000 2.9079 0.7924 0.4458 3.0229 254.7581 0.0366 0.0490 0.0380 -0.0135 -0.0102 -0.0055 0.0618 0.0666 0.0561
1494720000.0000 68850.0000 2.6295 0.3605 0.5345 2.6623 262.1938 0.0703 0.0353 0.0318 -0.0177 0.0170 -0.0185 0.0687 0.0790 0.0707
1494720000.0000 69150.0000 2.0110 0.2037 0.3528 2.0277 264.2169 0.0186 0.0285 0.0083 0.0080 -0.0005 -0.0067 0.0277 0.0663 0.0620
1494720000.0000 69450.0000 2.3380 0.1341 0.3951 2.3432 266.7174 0.0250 0.0061 0.0029 0.0016 -0.0017 -0.0009 0.0170 0.0448 0.0435
1494720000.0000 69750.0000 2.9496 0.2134 0.4888 2.9592 265.8613 0.0454 0.0106 0.0074 -0.0002 0.0015 0.0014 0.0317 0.0485 0.0462
1494720000.0000 70050.0000 2.9566 0.0993 0.4666 2.9608 268.0771 0.0110 0.0149 0.0112 -0.0026 0.0024 -0.0045 0.0186 0.0372 0.0314
1494720000.0000 70350.0000 3.1235 -0.5624 0.4461 3.1917 280.2064 0.0221 0.1223 0.0129 -0.0112 -0.0024 0.0247 0.0787 0.0715 0.0691
1494720000.0000 70650.0000 3.2891 -1.7405 0.2420 3.7232 297.8873 0.0723 0.0403 0.0355 -0.0393 -0.0132 0.0158 0.0741 0.0596 0.0521
1494720000.0000 70950.0000 3.6973 -1.5757 0.2195 4.0223 293.0823 0.0280 0.0170 0.0099 0.0092 0.0004 0.0026 0.0274 0.0336 0.0305
1494720000.0000 71250.0000 3.5885 -1.4272 0.1672 3.8625 291.6892 0.0071 0.0071 0.0022 -0.0033 0.0000 -0.0001 0.0082 0.0191 0.0178
1494720000.0000 71550.0000 3.7750 -1.3924 0.1542 4.0240 290.2459 0.0037 0.0030 0.0032 -0.0000 0.0012 -0.0007 0.0049 0.0142 0.0117
1494720000.0000 71850.0000 3.9040 -1.6781 0.1634 4.2509 293.2599 0.0241 0.0300 0.0084 -0.0221 0.0012 -0.0027 0.0312 0.0339 0.0316
1494720000.0000 72150.0000 3.9205 -1.8850 0.1892 4.3518 295.6788 0.0289 0.0100 0.0076 0.0015 0.0049 0.0009 0.0232 0.0286 0.0262
1494720000.0000 72450.0000 3.8298 -1.7807 0.0032 4.2248 294.9366 0.0163 0.0078 0.0065 0.0018 -0.0013 0.0019 0.0153 0.0239 0.0212
1494720000.0000 72750.0000 3.6087 -1.5856 0.0364 3.9430 293.7202 0.0222 0.0068 0.0087 0.0017 -0.0031 -0.0008 0.0188 0.0284 0.0249
1494720000.0000 73050.0000 3.2752 -1.6852 0.1121 3.6876 297.2271 0.0181 0.0350 0.0312 0.0006 -0.0024 0.0072 0.0422 0.0455 0.0361
1494720000.0000 73350.0000 3.0191 -1.6366 0.2475 3.4419 298.4618 0.0829 0.0164 0.0112 0.0255 -0.0057 0.0004 0.0552 0.0557 0.0530
1494720000.0000 73650.0000 2.5481 -1.8120 0.2339 3.1322 305.4180 0.0481 0.0774 0.0217 -0.0343 0.0081 -0.0053 0.0736 0.0707 0.0654
1494720000.0000 73950.0000 2.2103 -1.7655 0.1619 2.8411 308.6162 0.1502 0.0348 0.0397 -0.0192 0.0203 -0.0031 0.1123 0.0966 0.0878
1494720000.0000 74250.0000 2.3568 -1.8884 0.1249 3.0429 308.7030 0.3097 0.0748 0.0428 -0.0485 -0.0255 0.0012 0.2137 0.1249 0.1185
1494720000.0000 74550.0000 2.7987 -2.1138 0.0450 3.5101 307.0631 0.0437 0.0391 0.0113 -0.0227 -0.0007 -0.0027 0.0471 0.0505 0.0474
1494720000.0000 74850.0000 2.8171 -1.9995 0.0228 3.4573 305.3666 0.0269 0.0212 0.0109 -0.0048 -0.0010 0.0000 0.0295 0.0406 0.0367
1494720000.0000 75150.0000 2.8315 -2.0451 -0.0553 3.4962 305.8402 0.0286 0.0193 0.0082 0.0002 0.0046 -0.0007 0.0281 0.0392 0.0362
1494720000.0000 75450.0000 2.2799 -1.6715 -0.1119 2.8405 306.2469 0.1985 0.0688 0.0444 -0.0605 -0.0083 0.0038 0.1559 0.1139 0.1056
1494720000.0000 75750.0000 2.6092 -1.3048 -0.0459 2.9279 296.5686 0.0339 0.0566 0.0107 0.0132 -0.0035 -0.0012 0.0505 0.0629 0.0595
1494720000.0000 76050.0000 2.5683 -1.4787 -0.1637 2.9745 299.9313 0.0865 0.0375 0.0285 0.0186 0.0100 0.0057 0.0762 0.0760 0.0686
1494720000.0000 76350.0000 1.9952 -1.4664 -0.1261 2.4771 306.3142 0.0078 0.0118 0.0041 -0.0061 0.0012 -0.0017 0.0118 0.0358 0.0326
1494720000.0000 76650.0000 1.6937 -1.3202 -0.1174 2.1494 307.9345 0.0139 0.0066 0.0044 -0.0009 0.0006 0.0003 0.0125 0.0424 0.0385
1494720000.0000 76950.0000 1.5438 -1.2468 -0.1230 1.9860 308.9247 0.0104 0.0068 0.0040 -0.0021 -0.0004 0.0003 0.0106 0.0424 0.0382
1494720000.0000 77250.0000 1.6185 -1.1349 -0.0416 1.9789 305.0366 0.0063 0.0072 0.0031 0.0015 0.0025 0.0009 0.0083 0.0377 0.0340
1494720000.0000 77550.0000 1.4993 -1.0316 -0.0406 1.8213 304.5299 0.0052 0.0057 0.0021 -0.0005 0.0014 0.0001 0.0065 0.0361 0.0331
1494720000.0000 77850.0000 1.3410 -0.9741 -0.0303 1.6590 305.9938 0.0063 0.0061 0.0018 -0.0010 -0.0012 0.0002 0.0071 0.0414 0.0387
1494720000.0000 78150.0000 1.2762 -0.8053 0.0177 1.5152 302.2542 0.0052 0.0154 0.0011 0.0070 -0.0003 -0.0013 0.0109 0.0564 0.0550
1494720000.0000 78450.0000 1.6449 -0.7596 -0.0037 1.8128 294.7885 0.0154 0.0011 0.0012 -0.0004 -0.0025 0.0004 0.0088 0.0424 0.0409
1494720000.0000 78750.0000 1.9153 -0.6813 -0.0552 2.0339 289.5807 0.0025 0.0031 0.0005 0.0018 -0.0002 0.0001 0.0031 0.0223 0.0214
1494720000.0000 79050.0000 2.1871 -0.6447 -0.0429 2.2807 286.4235 0.0187 0.0012 0.0006 -0.0008 0.0018 -0.0004 0.0103 0.0363 0.0358
1494720000.0000 79350.0000 2.1927 -0.5531 -0.1102 2.2617 284.1562 0.0118 0.0026 0.0007 -0.0036 0.0022 -0.0008 0.0075 0.0313 0.0306
1494720000.0000 79650.0000 1.9737 -0.3474 -0.0749 2.0044 279.9823 0.0013 0.0016 0.0013 -0.0005 -0.0008 0.0007 0.0020 0.0184 0.0153
1494720000.0000 79950.0000 1.8137 -0.3801 -0.0377 1.8539 281.8372 0.0027 0.0038 0.0008 -0.0018 0.0003 -0.0007 0.0036 0.0265 0.0251
1494720000.0000 80250.0000 1.7750 -0.4822 0.0073 1.8424 285.1966 0.0282 0.0051 0.0013 0.0083 0.0031 0.0010 0.0173 0.0584 0.0572
1494720000.0000 80550.0000 1.5466 -0.6343 0.0388 1.6723 292.2980 0.0094 0.0025 0.0009 -0.0018 -0.0009 -0.0001 0.0064 0.0392 0.0378
1494720000.0000 80850.0000 1.2794 -0.5520 -0.0438 1.3950 293.3369 0.0533 0.0030 0.0016 -0.0094 0.0069 -0.0013 0.0289 0.0996 0.0983
1494720000.0000 81150.0000 1.0062 -0.4292 -0.0084 1.0961 293.1013 0.0060 0.0045 0.0102 0.0001 -0.0023 0.0001 0.0103 0.0758 0.0540
1494720000.0000 81450.0000 0.8011 -0.2600 0.0609 0.8446 287.9775 0.0117 0.0038 0.0037 -0.0010 0.0025 -0.0005 0.0096 0.0950 0.0855
1494720000.0000 81750.0000 0.7780 -0.2102 -0.0495 0.8074 285.1151 0.0052 0.0010 0.0004 0.0018 0.0009 0.0004 0.0033 0.0582 0.0567
1494720000.0000 82050.0000 1.0737 -0.3276 0.0618 1.1239 286.9693 0.0208 0.0098 0.0015 -0.0140 0.0046 -0.0032 0.0161 0.0922 0.0901
1494720000.0000 82350.0000 1.0724 -0.4782 0.0156 1.1789 294.0316 0.0446 0.0009 0.0018 0.0024 0.0073 0.0004 0.0236 0.1068 0.1048
1494720000.0000 82650.0000 0.7955 -0.4465 0.0122 0.9158 299.3062 0.0167 0.0012 0.0010 0.0018 0.0034 0.0005 0.0095 0.0872 0.0848
1494720000.0000 82950.0000 1.0564 -0.4790 0.0402 1.1607 294.3922 0.0018 0.0014 0.0009 0.0003 0.0000 -0.0001 0.0020 0.0317 0.0281
1494720000.0000 83250.0000 0.9976 -0.3450 0.0407 1.0591 289.0793 0.0006 0.0074 0.0012 0.0013 0.0006 0.0015 0.0046 0.0523 0.0489
1494720000.0000 83550.0000 0.8239 -0.2336 -0.0121 0.8566 285.8308 0.0088 0.0009 0.0006 -0.0021 0.0020 -0.0006 0.0052 0.0685 0.0664
1494720000.0000 83850.0000 0.9259 -0.2714 0.0682 0.9651 286.3387 0.0238 0.0030 0.0019 -0.0078 0.0058 -0.0020 0.0144 0.1012 0.0980
1494720000.0000 84150.0000 1.4072 -0.5011 0.0777 1.4944 289.5999 0.0233 0.0026 0.0026 -0.0047 -0.0072 0.0014 0.0143 0.0652 0.0622
1494720000.0000 84450.0000 1.8269 -0.7451 -0.0135 1.9748 292.1886 0.0200 0.0144 0.0055 -0.0119 -0.0015 0.0008 0.0199 0.0585 0.0543
1494720000.0000 84750.0000 2.0334 -1.0298 -0.0018 2.2805 296.8596 0.0073 0.0051 0.0049 0.0000 -0.0005 0.0017 0.0087 0.0334 0.0283
1494720000.0000 85050.0000 1.8721 -0.9967 0.1024 2.1225 298.0304 0.0123 0.0079 0.0048 -0.0022 0.0025 0.0020 0.0125 0.0430 0.0387
1494720000.0000 85350.0000 1.8429 -0.9657 0.1007 2.0832 297.6554 0.0111 0.0095 0.0167 0.0011 -0.0014 0.0040 0.0187 0.0536 0.0398
1494720000.0000 85650.0000 1.8265 -1.0542 -0.0003 2.1122 299.9917 0.0236 0.0096 0.0153 0.0005 0.0005 0.0015 0.0243 0.0603 0.0499
1494720000.0000 85950.0000 1.3249 -0.9411 -0.0957 1.6683 305.3866 0.2473 0.0508 0.0246 -0.0123 -0.0084 -0.0014 0.1613 0.2015 0.1940
1494720000.0000 86250.0000 0.4034 -0.6765 -0.0724 0.8386 329.1943 0.0895 0.0548 0.1176 0.0105 0.0495 -0.0123 0.1309 0.3735 0.2785
1494806400.0000 86550.0000 0.6555 -0.7639 0.0842 1.0484 319.3666 0.1300 0.0404 0.0862 0.0013 0.0327 -0.0053 0.1283 0.2895 0.2367
1494806400.0000 86850.0000 0.5836 -0.6342 0.0555 0.9124 317.3781 0.0988 0.0586 0.0282 0.0156 -0.0009 -0.0053 0.0928 0.2879 0.2657
1494806400.0000 87150.0000 0.5439 -0.5050 0.0711 0.7815 312.8779 0.0787 0.0419 0.0234 0.0044 0.0148 -0.0008 0.0720 0.2938 0.2701
1494806400.0000 87450.0000 1.3735 -0.8622 0.0525 1.6287 302.1174 0.0936 0.0113 0.0110 -0.0225 0.0113 -0.0013 0.0579 0.1211 0.1153
1494806400.0000 87750.0000 1.5966 -1.0610 -0.0436 1.9298 303.6055 0.0682 0.0125 0.0076 0.0099 0.0041 0.0023 0.0442 0.0895 0.0856
1494806400.0000 88050.0000 1.0687 -0.8814 0.0690 1.4319 309.5124 0.2212 0.0525 0.0586 -0.0082 -0.0463 0.0154 0.1662 0.2400 0.2181
1494806400.0000 88350.0000 1.7331 -1.1947 0.1022 2.1097 304.5814 0.0243 0.0264 0.0110 -0.0056 -0.0019 0.0087 0.0308 0.0680 0.0618
1494806400.0000 88650.0000 1.2073 -1.1003 0.0825 1.6576 312.3448 0.1942 0.0662 0.0872 -0.0513 -0.0368 0.0104 0.1738 0.2081 0.1804
1494806400.0000 88950.0000 0.9232 -1.0255 0.2231 1.4408 318.0043 0.1980 0.0884 0.0917 0.0336 0.0237 0.0110 0.1891 0.2540 0.2240
1494806400.0000 89250.0000 0.8981 -0.9092 0.1045 1.3420 315.3494 0.1850 0.1035 0.1166 0.0291 0.0206 0.0143 0.2025 0.2866 0.2426
1494806400.0000 89550.0000 0.8193 -0.9984 0.1626 1.3591 320.6267 0.2117 0.0980 0.0565 0.0274 -0.0029 -0.0033 0.1831 0.2684 0.2487
1494806400.0000 89850.0000 0.9425 -1.0189 0.1982 1.4505 317.2317 0.2127 0.0841 0.0612 0.0233 -0.0133 -0.0043 0.1790 0.2464 0.2266
1494806400.0000 90150.0000 0.9050 -0.8997 0.1054 1.3585 314.8307 0.2758 0.1046 0.0905 0.0391 -0.0416 -0.0222 0.2355 0.3094 0.2790
1494806400.0000 90450.0000 0.8026 -0.9870 0.1491 1.3321 320.8844 0.2195 0.1212 0.0789 0.0102 0.0200 -0.0174 0.2098 0.2920 0.2649
1494806400.0000 90750.0000 0.6480 -1.0676 0.0865 1.2775 328.7454 0.0477 0.1187 0.0620 0.0077 0.0157 0.0067 0.1142 0.2204 0.1886
1494806400.0000 91050.0000 0.5830 -1.2823 0.0316 1.4335 335.5497 0.0391 0.1207 0.0468 0.0193 0.0050 -0.0034 0.1034 0.1863 0.1639
1494806400.0000 91350.0000 0.4858 -1.1355 -0.0655 1.2584 336.8370 0.0470 0.1138 0.0405 0.0031 0.0139 -0.0089 0.1006 0.2094 0.1874
1494806400.0000 91650.0000 0.6716 -1.0095 0.1470 1.2533 326.3661 0.0599 0.1229 0.0607 0.0295 0.0082 -0.0015 0.1217 0.2332 0.2036
1494806400.0000 91950.0000 0.4311 -1.2587 -0.0668 1.3778 341.0934 0.0992 0.1339 0.0776 0.0316 0.0263 -0.0252 0.1554 0.2416 0.2095
1494806400.0000 92250.0000 0.2772 -1.0764 -0.2343 1.1572 345.5608 0.0524 0.2279 0.0674 0.0119 0.0000 -0.0683 0.1739 0.2997 0.2750
1494806400.0000 92550.0000 0.0275 -1.1492 -0.3096 1.1663 358.6283 0.0300 0.1686 0.0848 0.0153 -0.0007 -0.0638 0.1417 0.2582 0.2238
1494806400.0000 92850.0000 -0.1158 -1.4214 -0.2931 1.4282 4.6581 0.0058 0.0031 0.0019 -0.0010 0.0018 -0.0012 0.0054 0.0413 0.0384
1494806400.0000 93150.0000 -0.5790 -1.4842 -0.3931 1.6104 21.3126 0.0662 0.0037 0.0036 0.0013 0.0105 0.0002 0.0368 0.0954 0.0958
1494806400.0000 93450.0000 -1.4014 -1.4762 -0.5088 2.0415 43.5097 0.0368 0.0037 0.0030 -0.0032 -0.0010 -0.0004 0.0217 0.0574 0.0571
1494806400.0000 93750.0000 -1.6000 -1.4177 -0.5307 2.1403 48.4557 0.0122 0.0090 0.0069 -0.0007 -0.0020 -0.0012 0.0141 0.0440 0.0394
1494806400.0000 94050.0000 -1.9979 -1.5383 -0.4865 2.5280 52.4045 0.0513 0.0107 0.0070 -0.0067 0.0013 -0.0006 0.0345 0.0590 0.0570
1494806400.0000 94350.0000 -2.3382 -1.6371 -0.6005 2.8564 55.0025 0.0153 0.0114 0.0218 0.0010 0.0042 0.0041 0.0242 0.0436 0.0330
1494806400.0000 94650.0000 -2.4993 -1.4249 -0.7900 2.8805 60.3124 0.0214 0.0121 0.0045 -0.0074 0.0024 -0.0012 0.0190 0.0377 0.0367
1494806400.0000 94950.0000 -2.4034 -1.4185 -0.8517 2.7923 59.4520 0.0140 0.0040 0.0063 -0.0020 -0.0005 0.0008 0.0122 0.0309 0.0278
1494806400.0000 95250.0000 -2.6226 -1.2103 -0.9126 2.8921 65.2273 0.0127 0.0139 0.0057 -0.0104 0.0021 -0.0036 0.0161 0.0342 0.0326
1494806400.0000 95550.0000 -2.7687 -1.1285 -0.8071 2.9916 67.8235 0.0086 0.0072 0.0033 -0.0044 -0.0007 -0.0002 0.0096 0.0258 0.0243
1494806400.0000 95850.0000 -2.5751 -0.9509 -0.8730 2.7459 69.7319 0.0198 0.0056 0.0023 0.0045 0.0010 0.0000 0.0139 0.0334 0.0336
1494806400.0000 96150.0000 -2.4740 -0.8639 -0.7765 2.6217 70.7513 0.0154 0.0102 0.0056 0.0076 -0.0037 -0.0020 0.0156 0.0373 0.0353
1494806400.0000 96450.0000 -2.7361 -1.1474 -0.7387 2.9688 67.2494 0.0167 0.0100 0.0112 -0.0005 -0.0051 -0.0006 0.0189 0.0367 0.0317
1494806400.0000 96750.0000 -2.8394 -1.1659 -0.6712 3.0723 67.6754 0.0090 0.0152 0.0102 -0.0043 0.0004 0.0020 0.0172 0.0341 0.0293
1494806400.0000 97050.0000 -2.8899 -1.1532 -0.7059 3.1134 68.2468 0.0104 0.0114 0.0061 -0.0011 -0.0013 0.0025 0.0139 0.0302 0.0274
1494806400.0000 97350.0000 -3.0096 -1.1682 -0.6635 3.2324 68.7859 0.0093 0.0241 0.0108 -0.0057 -0.0022 0.0064 0.0221 0.0369 0.0327
1494806400.0000 97650.0000 -3.2147 -1.5686 -0.7391 3.5937 63.9898 0.0239 0.1467 0.0222 0.0048 0.0011 0.0153 0.0964 0.0694 0.0667
1494806400.0000 97950.0000 -3.4199 -2.0382 -0.6875 3.9852 59.2053 0.0142 0.0297 0.0182 -0.0070 0.0012 -0.0129 0.0310 0.0356 0.0304
1494806400.0000 98250.0000 -3.1835 -2.2025 -0.5629 3.8730 55.3225 0.0086 0.0094 0.0033 -0.0062 -0.0000 -0.0013 0.0107 0.0216 0.0200
1494806400.0000 98550.0000 -3.3932 -2.2508 -0.6196 4.0761 56.4431 0.0201 0.0292 0.0139 -0.0097 0.0037 -0.0018 0.0316 0.0352 0.0315
1494806400.0000 98850.0000 -3.6004 -2.5937 -0.7073 4.4390 54.2320 0.0107 0.0150 0.0089 -0.0009 0.0041 -0.0033 0.0173 0.0239 0.0209
1494806400.0000 99150.0000 -3.9233 -2.7212 -0.6569 4.7752 55.2543 0.0061 0.0067 0.0062 0.0008 -0.0013 -0.0004 0.0095 0.0165 0.0137
1494806400.0000 99450.0000 -3.9341 -2.7049 -0.7240 4.7765 55.4898 0.0062 0.0276 0.0086 -0.0006 0.0019 -0.0086 0.0212 0.0246 0.0223
1494806400.0000 99750.0000 -3.8348 -2.6784 -0.6569 4.6786 55.0685 0.0080 0.0123 0.0047 0.0017 -0.0039 -0.0041 0.0125 0.0193 0.0176
1494806400.0000 100050.0000 -3.9120 -2.8099 -0.6458 4.8176 54.3113 0.0076 0.0070 0.0038 -0.0035 -0.0023 -0.0019 0.0092 0.0161 0.0145
1494806400.0000 100350.0000 -4.2139 -2.6891 -0.7729 5.0025 57.4554 0.0440 0.0116 0.0050 -0.0173 0.0013 -0.0026 0.0303 0.0281 0.0272
1494806400.0000 100650.0000 -4.6145 -2.5717 -0.7126 5.2838 60.8689 0.0130 0.0080 0.0052 -0.0029 -0.0021 -0.0023 0.0131 0.0175 0.0158
1494806400.0000 100950.0000 -4.5339 -2.8385 -0.8439 5.3516 57.9504 0.0123 0.0185 0.0070 -0.0107 -0.0042 0.0026 0.0189 0.0207 0.0189
1494806400.0000 101250.0000 -4.4222 -3.2345 -0.8239 5.4808 53.8170 0.0049 0.0204 0.0072 -0.0065 0.0022 -0.0080 0.0163 0.0188 0.0168
1494806400.0000 101550.0000 -4.5051 -3.5360 -0.6759 5.7291 51.8722 0.0087 0.0235 0.0129 -0.0062 -0.0037 -0.0035 0.0226 0.0213 0.0181
1494806400.0000 101850.0000 -4.6583 -3.8769 -0.6230 6.0610 50.2313 0.0030 0.0085 0.0027 0.0003 -0.0010 -0.0012 0.0071 0.0113 0.0102
1494806400.0000 102150.0000 -4.5074 -3.9381 -0.7937 5.9858 48.8563 0.0039 0.0121 0.0023 0.0039 -0.0002 -0.0015 0.0091 0.0129 0.0122
1494806400.0000 102450.0000 -4.5855 -3.8013 -0.8101 5.9579 50.3422 0.0084 0.0183 0.0025 -0.0049 -0.0008 0.0034 0.0146 0.0164 0.0159
1494806400.0000 102750.0000 -4.6110 -3.1496 -0.8625 5.5878 55.6642 0.0047 0.0553 0.0072 -0.0037 -0.0014 -0.0157 0.0336 0.0265 0.0253
1494806400.0000 103050.0000 -4.8795 -2.9185 -0.8274 5.6873 59.1157 0.0119 0.0107 0.0152 -0.0074 0.0027 -0.0093 0.0189 0.0195 0.0153
1494806400.0000 103350.0000 -5.1805 -2.8515 -0.7835 5.9154 61.1701 0.0276 0.0106 0.0082 -0.0091 0.0002 -0.0048 0.0232 0.0209 0.0191
1494806400.0000 103650.0000 -5.1039 -2.8214 -1.0395 5.8337 61.0666 0.0212 0.0114 0.0098 -0.0100 -0.0112 0.0029 0.0212 0.0201 0.0179
1494806400.0000 103950.0000 -5.0338 -2.7970 -1.0082 5.7605 60.9415 0.0137 0.0229 0.0055 0.0006 -0.0052 -0.0033 0.0211 0.0203 0.0192
1494806400.0000 104250.0000 -5.0339 -3.0473 -1.0535 5.8855 58.8115 0.0104 0.0158 0.0064 0.0009 -0.0033 -0.0028 0.0163 0.0174 0.0159
1494806400.0000 104550.0000 -4.7978 -2.9965 -1.0826 5.6577 58.0125 0.0113 0.0078 0.0080 -0.0025 0.0005 -0.0012 0.0135 0.0165 0.0141
1494806400.0000 104850.0000 -4.7074 -2.9558 -0.9280 5.5601 57.8750 0.0138 0.0128 0.0123 -0.0055 -0.0060 -0.0023 0.0195 0.0202 0.0170
1494806400.0000 105150.0000 -5.0304 -2.9333 -0.8855 5.8243 59.7533 0.0163 0.0146 0.0093 0.0016 -0.0043 -0.0046 0.0201 0.0197 0.0174
1494806400.0000 105450.0000 -5.3842 -3.1892 -0.9655 6.2599 59.3606 0.0267 0.0206 0.0132 -0.0041 0.0035 0.0045 0.0303 0.0224 0.0201
1494806400.0000 105750.0000 -5.5486 -3.0265 -1.2086 6.3232 61.3892 0.0250 0.0354 0.0262 -0.0036 -0.0074 -0.0138 0.0433 0.0264 0.0225
1494806400.0000 106050.0000 -5.3175 -3.0266 -1.3557 6.1215 60.3524 0.0224 0.0345 0.0109 -0.0058 -0.0015 -0.0010 0.0339 0.0240 0.0225
1494806400.0000 106350.0000 -5.6095 -3.1089 -1.4075 6.4177 61.0035 0.0232 0.0391 0.0112 -0.0229 -0.0004 -0.0049 0.0368 0.0238 0.0225
1494806400.0000 106650.0000 -5.8323 -2.5898 -1.4171 6.3851 66.0566 0.0462 0.0271 0.0246 -0.0220 0.0031 0.0017 0.0489 0.0276 0.0245
1494806400.0000 106950.0000 -5.4943 -2.6464 -1.4026 6.1030 64.2812 0.0334 0.0366 0.0145 -0.0258 -0.0102 0.0050 0.0422 0.0268 0.0251
1494806400.0000 107250.0000 -5.7582 -2.7212 -1.1076 6.3716 64.7058 0.0339 0.0182 0.0114 -0.0171 -0.0080 0.0053 0.0318 0.0225 0.0207
1494806400.0000 107550.0000 -6.2049 -2.6115 -1.1904 6.7354 67.1750 0.0382 0.0323 0.0126 -0.0169 -0.0059 0.0116 0.0415 0.0243 0.0228
1494806400.0000 107850.0000 -6.3968 -2.1883 -1.1850 6.7629 71.1143 0.0268 0.0235 0.0211 -0.0071 0.0054 0.0063 0.0357 0.0225 0.0191
1494806400.0000 108150.0000 -6.6102 -1.8936 -1.3536 6.8779 74.0147 0.0123 0.0251 0.0126 -0.0033 0.0016 -0.0050 0.0250 0.0184 0.0162
1494806400.0000 108450.0000 -6.7263 -1.8252 -1.1939 6.9722 74.8185 0.0291 0.0299 0.0102 -0.0152 0.0057 -0.0053 0.0346 0.0215 0.0201
1494806400.0000 108750.0000 -6.8049 -1.8127 -1.2267 7.0446 75.0839 0.0319 0.0258 0.0245 -0.0141 0.0091 -0.0107 0.0411 0.0232 0.0197
1494806400.0000 109050.0000 -7.1538 -1.6372 -1.4385 7.3408 77.1094 0.0321 0.0250 0.0206 -0.0104 0.0005 -0.0055 0.0388 0.0215 0.0188
1494806400.0000 109350.0000 -7.0427 -1.6276 -1.6244 7.2299 76.9867 0.0270 0.0184 0.0211 -0.0089 0.0044 -0.0049 0.0333 0.0201 0.0170
1494806400.0000 109650.0000 -7.0372 -1.9555 -1.5429 7.3066 74.4706 0.0331 0.0370 0.0398 -0.0093 0.0111 -0.0110 0.0550 0.0256 0.0209
1494806400.0000 109950.0000 -6.7920 -1.9741 -1.5039 7.0746 73.7938 0.0250 0.0193 0.0178 -0.0025 0.0018 -0.0007 0.0311 0.0199 0.0172
1494806400.0000 110250.0000 -6.7212 -2.1357 -1.4698 7.0536 72.3723 0.0264 0.0194 0.0319 0.0041 0.0061 -0.0028 0.0389 0.0223 0.0175
1494806400.0000 110550.0000 -6.8430 -2.2400 -1.5909 7.2018 71.8750 0.0323 0.0179 0.0300 -0.0027 0.0120 -0.0013 0.0402 0.0222 0.0180
1494806400.0000 110850.0000 -6.4108 -2.2307 -1.2909 6.7889 70.8144 0.0681 0.0219 0.0401 0.0209 0.0413 0.0173 0.0650 0.0301 0.0255
1494806400.0000 111150.0000 -6.0482 -2.1663 -0.7995 6.4285 70.2938 0.0294 0.0788 0.0254 0.0321 -0.0112 -0.0268 0.0668 0.0326 0.0296
1494806400.0000 111450.0000 -6.5541 -2.8427 -1.0607 7.1451 66.5522 0.0505 0.0273 0.0493 0.0214 0.0316 0.0244 0.0635 0.0285 0.0225
1494806400.0000 111750.0000 -5.8455 -2.7075 -1.4752 6.4450 65.1475 0.1548 0.0159 0.0131 0.0048 -0.0216 0.0027 0.0919 0.0374 0.0370
1494806400.0000 112050.0000 -5.9633 -2.9526 -1.4949 6.6560 63.6582 0.0580 0.0146 0.0767 -0.0006 -0.0049 -0.0176 0.0747 0.0327 0.0234
1494806400.0000 112350.0000 -5.6330 -2.6781 -1.3864 6.2429 64.5719 0.1201 0.1084 0.0973 0.0600 0.0301 0.0409 0.1629 0.0516 0.0442
1494806400.0000 112650.0000 -5.1631 -2.9517 -1.6218 5.9552 60.2432 0.0514 0.0739 0.0203 -0.0313 0.0054 0.0085 0.0728 0.0357 0.0344
1494806400.0000 112950.0000 -5.1000 -2.9621 -1.6266 5.9066 59.8523 0.0931 0.1072 0.1413 0.0034 0.0425 -0.0073 0.1708 0.0552 0.0438
1494806400.0000 113250.0000 -5.6111 -3.1441 -1.7619 6.4425 60.7371 0.1450 0.1868 0.0808 0.0576 0.0385 0.0204 0.2063 0.0556 0.0517
1494806400.0000 113550.0000 -6.1086 -3.5787 -1.8188 7.0812 59.6364 0.0309 0.0220 0.0340 0.0036 -0.0022 -0.0008 0.0434 0.0233 0.0188
1494806400.0000 113850.0000 -5.7721 -3.3098 -1.3915 6.6683 60.1695 0.1970 0.2638 0.2017 0.0667 -0.0386 0.0107 0.3312 0.0691 0.0589
1494806400.0000 114150.0000 -4.9492 -2.9285 -1.0645 5.7748 59.3864 0.3907 0.2632 0.2283 0.0340 0.0464 0.0148 0.4411 0.0927 0.0812
1494806400.0000 114450.0000 -5.0682 -3.0213 -1.1329 5.9094 59.1995 0.1053 0.1499 0.0854 0.0424 -0.0035 -0.0039 0.1703 0.0561 0.0494
1494806400.0000 114750.0000 -4.9414 -3.3640 -1.1813 5.9902 55.7540 0.1934 0.1467 0.1080 0.0220 0.0028 -0.0393 0.2240 0.0634 0.0563
1494806400.0000 115050.0000 -5.3348 -3.9352 -1.2621 6.6360 53.5860 0.1920 0.1051 0.1067 0.0521 0.0252 0.0106 0.2019 0.0544 0.0475
1494806400.0000 115350.0000 -5.5453 -4.1979 -1.2720 6.9636 52.8731 0.1738 0.0708 0.0836 -0.0075 0.0273 -0.0090 0.1641 0.0468 0.0411
1494806400.0000 115650.0000 -5.3174 -4.1147 -1.1845 6.7403 52.2662 0.3655 0.2146 0.1198 0.0577 0.0045 0.0131 0.3500 0.0708 0.0654
1494806400.0000 115950.0000 -5.0860 -4.1240 -1.2338 6.5728 50.9631 0.1686 0.2929 0.2009 -0.0784 -0.0311 -0.0209 0.3312 0.0705 0.0599
1494806400.0000 116250.0000 -5.3569 -3.2207 -1.2828 6.2736 58.9849 0.3923 0.2104 0.2786 -0.0177 0.0180 -0.0357 0.4407 0.0849 0.0717
1494806400.0000 116550.0000 -5.1676 -3.1445 -1.0583 6.0782 58.6789 0.3416 0.2534 0.2316 -0.0746 0.0045 -0.0187 0.4133 0.0855 0.0736
1494806400.0000 116850.0000 -5.1562 -3.0406 -0.9705 6.0058 59.4722 0.2632 0.1947 0.2309 -0.0262 0.0628 -0.0634 0.3444 0.0790 0.0653
1494806400.0000 117150.0000 -5.0652 -2.8892 -0.9171 5.8671 60.2993 0.3174 0.3227 0.2241 -0.1105 0.0469 -0.0949 0.4321 0.0909 0.0792
1494806400.0000 117450.0000 -5.3586 -2.4626 -1.1590 5.9291 65.3179 0.1873 0.3278 0.1741 -0.0937 0.0098 -0.0482 0.3446 0.0797 0.0703
1494806400.0000 117750.0000 -4.9593 -2.4855 -1.2313 5.5738 63.3809 0.2069 0.2288 0.1450 -0.0912 0.0187 -0.0677 0.2903 0.0774 0.0687
1494806400.0000 118050.0000 -4.6510 -2.5263 -1.3234 5.3225 61.4901 0.2284 0.2319 0.1515 -0.1032 0.0251 -0.0257 0.3059 0.0828 0.0740
1494806400.0000 118350.0000 -5.3484 -1.9040 -1.3344 5.7035 70.4049 0.3355 0.2178 0.2039 -0.1101 0.0344 -0.0218 0.3785 0.0861 0.0756
1494806400.0000 118650.0000 -5.6368 -2.0641 -1.4580 6.0388 69.8880 0.5563 0.2633 0.2318 -0.1966 0.0862 -0.0215 0.5257 0.0958 0.0871
1494806400.0000 118950.0000 -5.7207 -2.2719 -1.2476 6.1816 68.3400 0.3385 0.2242 0.1744 -0.1130 0.0191 -0.0086 0.3685 0.0789 0.0704
1494806400.0000 119250.0000 -5.5849 -1.6092 -1.0107 5.8371 73.9265 0.6153 0.1631 0.2439 -0.1312 0.2092 -0.0615 0.5111 0.0990 0.0876
1494806400.0000 119550.0000 -5.2787 -1.7800 -1.1598 5.6042 71.3660 0.4514 0.3000 0.3610 -0.0905 0.0765 -0.0863 0.5563 0.1070 0.0898
1494806400.0000 119850.0000 -5.2329 -1.7453 -1.2642 5.5730 71.5551 0.5567 0.5033 0.3842 -0.1579 -0.0305 -0.0496 0.7221 0.1226 0.1078
1494806400.0000 120150.0000 -5.2435 -1.7255 -1.0705 5.5551 71.7851 0.4077 0.3396 0.3184 -0.0792 0.0313 -0.0831 0.5328 0.1060 0.0904
1494806400.0000 120450.0000 -4.8903 -1.7702 -1.4817 5.2361 70.1001 0.3630 0.2925 0.2653 -0.0969 0.0801 -0.0898 0.4604 0.1024 0.0899
1494806400.0000 120750.0000 -4.0388 -2.1573 -1.3954 4.6398 61.8911 0.3762 0.4330 0.4968 -0.1710 0.0722 -0.0296 0.6530 0.1378 0.1134
1494806400.0000 121050.0000 -3.9349 -2.6955 -1.2864 4.8231 55.5885 0.4310 0.3421 0.4824 -0.1519 0.0563 -0.0570 0.6278 0.1310 0.1064
1494806400.0000 121350.0000 -4.3145 -2.8972 -1.5934 5.2713 56.1180 0.5308 0.4861 0.3065 -0.2994 0.0911 -0.1183 0.6617 0.1222 0.1120
1494806400.0000 121650.0000 -3.9548 -3.2699 -1.2862 5.1606 50.4154 0.3617 0.1895 0.3564 -0.0417 0.1109 -0.0028 0.4538 0.1040 0.0835
1494806400.0000 121950.0000 -3.9648 -2.7582 -1.3970 4.8641 55.1751 0.2936 0.3660 0.2156 0.0064 -0.0078 -0.0834 0.4376 0.1074 0.0971
1494806400.0000 122250.0000 -3.5248 -2.5218 -1.1744 4.4116 54.4183 0.6964 0.4489 0.5166 -0.0690 -0.1707 -0.0894 0.8310 0.1658 0.1426
1494806400.0000 122550.0000 -3.6082 -2.4742 -0.6378 4.4539 55.5604 0.5818 0.4919 0.9278 -0.1711 0.1731 -0.1696 1.0007 0.1847 0.1367
1494806400.0000 122850.0000 -3.5284 -2.9414 -0.7672 4.6190 50.1843 0.2470 0.3110 0.4743 0.0548 0.0756 -0.0479 0.5162 0.1260 0.0939
1494806400.0000 123150.0000 -3.5259 -2.5835 -0.2467 4.4334 53.7690 0.4747 0.3814 0.8925 -0.1476 -0.0323 -0.0259 0.8743 0.1744 0.1222
1494806400.0000 123450.0000 -3.4716 -2.2838 -0.7565 4.1878 56.6619 0.2802 0.2599 0.4524 -0.0064 -0.0087 0.0322 0.4962 0.1362 0.1021
1494806400.0000 123750.0000 -3.6442 -2.5198 -0.5944 4.4781 55.3373 0.3509 0.4745 0.4600 0.0063 0.0490 -0.0789 0.6427 0.1464 0.1184
1494806400.0000 124050.0000 -3.1007 -2.2892 -0.5221 3.9013 53.5619 0.3908 0.3216 0.2366 -0.0009 -0.1375 -0.0278 0.4745 0.1446 0.1264
1494806400.0000 124350.0000 -3.6369 -2.2677 -1.1567 4.3962 58.0555 1.0558 0.4254 0.4625 -0.4160 0.0147 -0.0822 0.9719 0.1813 0.1639
1494806400.0000 124650.0000 -3.8836 -1.2391 -1.0036 4.1268 72.3046 0.6272 0.2852 0.8549 -0.1196 0.0670 -0.1443 0.8837 0.1828 0.1353
1494806400.0000 124950.0000 -3.4887 -1.6626 -0.5314 3.9339 64.5193 0.6017 0.5029 0.8048 0.0009 0.0299 -0.2626 0.9547 0.2045 0.1570
1494806400.0000 125250.0000 -4.6468 -1.9390 -0.2084 5.0881 67.3506 0.5183 0.4749 0.4634 -0.0483 0.0527 -0.1370 0.7283 0.1383 0.1143
1494806400.0000 125550.0000 -4.5259 -1.2167 -0.1737 4.7245 74.9535 0.2313 0.3260 0.3133 -0.0965 0.1015 -0.1565 0.4353 0.1149 0.0920
1494806400.0000 125850.0000 -4.6157 -1.7373 0.3311 4.9646 69.3740 0.2485 0.3076 0.4716 -0.0252 0.0218 -0.0798 0.5139 0.1184 0.0873
1494806400.0000 126150.0000 -3.9332 -2.0531 0.3356 4.4787 62.4358 0.4535 0.4279 0.3297 0.0654 0.0204 -0.0827 0.6056 0.1428 0.1222
1494806400.0000 126450.0000 -3.2016 -1.4055 -0.0130 3.5386 66.2986 0.4502 0.3479 0.4517 0.1005 -0.0733 -0.2032 0.6249 0.1846 0.1475
1494806400.0000 126750.0000 -3.0842 -1.7480 -0.2625 3.6083 60.4572 0.6118 0.3915 0.6788 0.0297 -0.2271 -0.2074 0.8410 0.2106 0.1631
1494806400.0000 127050.0000 -3.7863 -1.7528 0.6369 4.2931 65.1584 0.4555 1.1856 0.4666 0.1602 -0.0573 -0.3408 1.0538 0.1986 0.1773
1494806400.0000 127350.0000 -3.4897 -2.0205 0.0768 4.0927 59.9292 0.4581 0.3406 0.6690 -0.1203 0.1464 -0.0394 0.7338 0.1734 0.1280
1494806400.0000 127650.0000 -2.9281 -2.4732 0.4639 3.9169 49.8143 0.3831 1.0525 0.6141 0.2123 -0.0818 -0.0102 1.0248 0.2141 0.1805
1494806400.0000 127950.0000 -3.5312 -1.4778 0.7885 3.9923 67.2906 0.9805 1.4014 2.0205 -0.0397 -0.5327 -0.9707 2.2012 0.3100 0.2328
1494806400.0000 128250.0000 -4.1284 1.0062 0.6897 4.3726 103.6980 0.3529 0.9419 0.5166 0.0283 -0.1848 0.0748 0.9057 0.1805 0.1546
1494806400.0000 128550.0000 -3.4345 -0.6625 0.1042 3.6696 79.0813 0.6282 1.0614 0.8660 -0.4028 -0.0587 -0.0263 1.2778 0.2638 0.2146
1494806400.0000 128850.0000 -2.2987 -1.6791 0.0364 3.1766 53.8542 0.8005 1.9024 0.5703 -0.7246 0.0373 -0.2361 1.6366 0.3669 0.3334
1494806400.0000 129150.0000 -3.5278 1.1453 -0.0504 3.7473 107.9861 0.3191 0.2101 0.2859 0.0920 0.0166 0.0050 0.4075 0.1405 0.1132
1494806400.0000 129450.0000 -3.6250 0.4448 0.1685 3.7360 96.9957 0.7187 0.5135 0.3724 0.2827 0.2504 0.2175 0.8023 0.2000 0.1755
1494806400.0000 129750.0000 -3.4272 0.5030 -0.4327 3.5108 98.3498 0.1462 0.3144 0.2690 0.0615 0.0415 -0.0495 0.3648 0.1413 0.1131
1494806400.0000 130050.0000 -3.5340 0.4529 -0.1593 3.5908 97.3029 0.2341 0.1852 0.3659 0.0460 -0.0193 0.1189 0.3926 0.1434 0.1049
1494806400.0000 130350.0000 -2.8793 0.8011 0.1671 3.0356 105.5483 0.2500 0.3585 0.5313 -0.1203 -0.1036 0.1292 0.5699 0.2059 0.1507
1494806400.0000 130650.0000 -3.2365 -0.3351 0.0307 3.3260 84.0891 0.4176 0.4384 0.3923 -0.1287 0.1433 -0.1125 0.6242 0.1982 0.1642
1494806400.0000 130950.0000 -2.5596 -1.2084 0.2306 2.9059 64.7283 0.2963 0.4206 0.4484 -0.0756 -0.0983 -0.0167 0.5827 0.2195 0.1727
1494806400.0000 131250.0000 -3.0148 -0.1271 0.1229 3.0547 87.5857 0.2893 0.2150 0.4901 0.0092 -0.1134 -0.0590 0.4972 0.1906 0.1359
1494806400.0000 131550.0000 -1.7961 -1.0761 0.2537 2.1589 59.0727 0.2362 0.2748 0.4951 0.0007 -0.0733 -0.0645 0.5031 0.2746 0.1971
1494806400.0000 131850.0000 -0.8567 -0.5207 -0.1496 1.1649 58.7082 0.2705 0.2900 0.4086 0.0087 -0.1263 -0.1252 0.4845 0.5607 0.4311
1494806400.0000 132150.0000 -2.3429 0.9901 0.0044 2.6262 112.9081 0.5225 0.5508 0.5720 -0.2281 0.0238 0.0403 0.8226 0.2912 0.2352
1494806400.0000 132450.0000 -1.3211 0.1007 -0.3522 1.3684 94.3597 0.1823 0.1108 0.1532 -0.0196 0.0139 -0.0519 0.2232 0.2814 0.2359
1494806400.0000 132750.0000 -0.8332 -0.2631 -0.2266 1.0353 72.4730 0.1876 0.2480 0.5408 -0.1335 0.0787 -0.0115 0.4882 0.6320 0.4361
1494806400.0000 133050.0000 -1.9143 0.4327 -0.0690 1.9957 102.7363 0.1377 0.1435 0.3763 -0.0401 0.1011 0.0477 0.3287 0.2384 0.1560
1494806400.0000 133350.0000 -1.6807 0.0299 -0.4583 1.7055 91.0178 0.1365 0.0828 0.1687 0.0088 -0.0081 0.0113 0.1940 0.2064 0.1608
1494806400.0000 133650.0000 -1.4321 -0.4398 0.3342 1.5937 72.9274 0.4882 0.2990 0.4539 0.0877 -0.2203 -0.1403 0.6205 0.4190 0.3419
1494806400.0000 133950.0000 -2.0563 -0.4415 -0.2252 2.1554 77.8818 0.3046 0.2044 0.6333 -0.0067 -0.0354 -0.0521 0.5712 0.2917 0.1958
1494806400.0000 134250.0000 -1.9854 -0.7032 -0.2054 2.1932 70.4971 1.0978 0.5357 1.0615 0.4567 -0.6441 -0.4723 1.3475 0.4479 0.3503
1494806400.0000 134550.0000 -1.7636 -0.8727 -0.4579 2.0241 63.6710 0.3542 0.1026 0.0953 -0.0901 0.0656 -0.0227 0.2760 0.2123 0.1983
1494806400.0000 134850.0000 -1.6495 -1.5116 -0.0944 2.2946 47.4980 0.2839 0.2200 0.2703 0.0285 -0.1085 0.0554 0.3871 0.2268 0.1832
1494806400.0000 135150.0000 -1.9544 -1.4560 -0.1823 2.5219 53.3158 0.3632 0.4099 0.4085 0.0515 0.1572 -0.1009 0.5908 0.2568 0.2083
1494806400.0000 135450.0000 -0.6160 0.2020 -0.4689 0.9415 108.1566 0.4616 0.2752 0.1170 0.0240 -0.0501 -0.0127 0.4269 0.6668 0.7644
1494806400.0000 135750.0000 -0.7107 -1.1561 0.8453 1.9156 31.5783 1.6147 1.4049 0.6884 0.9787 -0.2551 -0.3581 1.8540 0.6954 0.7393
1494806400.0000 136050.0000 -0.6283 -1.2843 0.0350 1.6324 26.0683 0.7492 0.3474 1.0537 0.1517 0.5554 0.0901 1.0751 0.5919 0.4228
1494806400.0000 136350.0000 -1.5369 -1.6680 1.0228 2.3244 42.6570 0.2941 0.3130 0.3909 0.0742 -0.0469 0.0265 0.4990 0.2318 0.1983
1494806400.0000 136650.0000 -1.9367 -1.4187 0.6990 2.4598 53.7766 0.8709 0.3577 0.4421 0.2862 -0.0808 -0.1357 0.8354 0.2985 0.2666
1494806400.0000 136950.0000 -1.4456 -1.0173 0.6807 1.8090 54.8634 0.1917 0.1572 0.2169 0.0276 0.0284 -0.0138 0.2829 0.2293 0.1929
1494806400.0000 137250.0000 -1.5211 -1.1040 0.3954 1.9447 54.0268 0.3136 0.2572 0.2382 0.0482 -0.0062 -0.0775 0.4045 0.2704 0.2321
1494806400.0000 137550.0000 -2.0021 -1.8944 0.4887 2.8676 46.5827 0.5190 0.5859 0.5906 -0.1284 0.3255 -0.0482 0.8477 0.2686 0.2202
1494806400.0000 137850.0000 -3.0225 -1.3930 -0.7254 3.4374 65.2564 0.3138 0.6192 0.5336 -0.2264 -0.0774 0.1496 0.7333 0.2053 0.1676
1494806400.0000 138150.0000 -2.5582 -1.1740 -0.4039 2.8902 65.3492 0.2805 0.3752 0.3964 -0.0689 0.0190 0.0552 0.5260 0.2083 0.1661
1494806400.0000 138450.0000 -2.2392 -1.3673 0.5389 2.7257 58.5909 0.2960 0.5171 0.5821 -0.0825 -0.0321 0.0472 0.6976 0.2546 0.1984
1494806400.0000 138750.0000 -1.7961 -2.2569 0.3007 2.9482 38.5128 0.4927 0.5429 0.6854 0.1455 0.1919 0.2349 0.8605 0.2612 0.2037
1494806400.0000 139050.0000 -3.0569 -0.8427 -0.0809 3.3613 74.5888 1.0503 0.9441 1.2212 -0.3694 -0.1199 -0.2518 1.6078 0.3264 0.2571
1494806400.0000 139350.0000 -2.4639 -1.0763 -0.5475 2.7400 66.4025 0.3553 0.1863 0.2029 -0.0957 0.0275 -0.0343 0.3723 0.1816 0.1580
1494806400.0000 139650.0000 -1.4896 -0.6389 0.0526 1.7292 66.7832 0.3439 0.4434 0.4529 0.2938 -0.1823 -0.3164 0.6201 0.3965 0.3160
1494806400.0000 139950.0000 -0.5436 -0.4158 -0.1426 0.8652 52.5895 0.2460 0.1952 0.1234 0.0142 0.0130 -0.0726 0.2823 0.6206 0.5604
1494806400.0000 140250.0000 -0.9425 -0.9413 0.3720 1.3930 45.0351 0.2205 0.1339 0.1190 0.0099 0.0241 -0.0106 0.2367 0.2872 0.2580
1494806400.0000 140550.0000 -1.0975 -1.7218 1.1133 2.0923 32.5136 0.2407 0.4119 0.1701 0.1512 0.0821 -0.0073 0.4114 0.2252 0.2284
1494806400.0000 140850.0000 -0.6894 -0.0574 0.4615 1.2790 85.2414 0.2605 1.2810 0.3453 0.2992 -0.1311 -0.4340 0.9434 0.9536 1.0361
1494806400.0000 141150.0000 -1.3371 0.3230 -0.0322 1.4273 103.5803 0.3366 0.1069 0.1705 -0.0032 -0.0028 -0.0113 0.3070 0.3288 0.2795
1494806400.0000 141450.0000 -2.3981 -0.5106 -0.2457 2.5031 77.9791 0.1201 0.2771 0.2691 0.0390 -0.0072 0.0022 0.3331 0.1912 0.1484
1494806400.0000 141750.0000 -2.4137 -0.6702 -0.4469 2.5681 74.4826 0.2179 0.2694 0.1641 -0.0752 -0.0487 -0.0177 0.3256 0.1831 0.1609
1494806400.0000 142050.0000 -1.5069 0.2265 -0.0854 1.6246 98.5495 0.3245 0.2772 0.6358 0.0622 0.2501 0.0200 0.6188 0.4208 0.2939
1494806400.0000 142350.0000 -0.9575 -1.3239 0.7716 1.7023 35.8776 0.1078 0.3542 0.0793 0.0637 0.0063 0.0537 0.2706 0.2351 0.2402
1494806400.0000 142650.0000 -0.9321 -1.2810 0.6285 1.6228 36.0390 0.1328 0.1969 0.1383 0.0312 -0.0208 -0.0399 0.2340 0.2317 0.2093
1494806400.0000 142950.0000 -0.6248 -1.5061 -0.0852 1.7139 22.5303 0.2054 0.4596 0.3282 0.0482 -0.1154 -0.1212 0.4966 0.3524 0.2887
1494806400.0000 143250.0000 -0.9155 -1.9230 -0.1617 2.1599 25.4573 0.2599 0.2086 0.1672 0.1592 0.0600 0.0273 0.3179 0.2155 0.1856
1494806400.0000 143550.0000 -1.2063 -2.3101 -0.4819 2.6453 27.5720 0.2218 0.1996 0.8285 0.0162 -0.1750 -0.1272 0.6249 0.2435 0.1438
1494806400.0000 143850.0000 -0.4375 -1.6209 -0.3413 1.7496 15.1045 0.2279 0.5877 0.7296 0.0918 -0.1446 -0.1243 0.7726 0.4189 0.3106
1494806400.0000 144150.0000 -0.4170 -0.6029 -0.0120 0.9248 34.6731 0.1660 0.3375 0.3721 0.0565 0.0351 -0.0943 0.4378 0.7368 0.5588
1494806400.0000 144450.0000 -0.9642 -0.3372 0.3153 1.3954 70.7251 1.0802 0.3628 0.2743 -0.0190 -0.1158 -0.1754 0.8587 0.7078 0.6790
1494806400.0000 144750.0000 -1.6295 -0.1150 -0.5195 1.7523 85.9621 0.1008 0.3737 0.2099 -0.0654 0.0057 -0.0061 0.3422 0.2786 0.2434
1494806400.0000 145050.0000 -1.3621 -1.5640 0.5353 2.1693 41.0525 0.1081 0.6787 0.3106 0.0046 0.0125 0.2076 0.5487 0.2824 0.2469
1494806400.0000 145350.0000 -1.4217 -2.1274 -0.1156 2.5743 33.7546 0.1107 0.1406 0.2636 0.0427 -0.0931 -0.0776 0.2574 0.1617 0.1131
1494806400.0000 145650.0000 -0.9777 -2.4882 0.3592 2.6974 21.4521 0.1277 0.1241 0.3592 -0.0035 0.0137 -0.0511 0.3055 0.1673 0.1084
1494806400.0000 145950.0000 -1.2631 -1.3628 -1.0635 1.9639 42.8269 0.4749 0.2241 0.3799 0.0075 -0.2030 -0.0665 0.5394 0.2801 0.2598
1494806400.0000 146250.0000 -1.0290 -0.7632 -0.5857 1.3289 53.4376 0.0722 0.1259 0.1708 -0.0099 0.0145 -0.0969 0.1845 0.2489 0.2006
1494806400.0000 146550.0000 -0.5966 -1.8116 -0.0610 1.9575 18.2265 0.2596 0.4750 0.2203 0.2706 -0.1554 -0.1102 0.4774 0.2956 0.2594
1494806400.0000 146850.0000 -0.8801 -1.1959 -0.1486 1.5801 36.3497 0.2462 0.2979 0.3733 -0.0020 0.0351 -0.0840 0.4587 0.3706 0.2868
1494806400.0000 147150.0000 -1.3822 -1.2161 -0.5936 1.9032 48.6573 0.2573 0.2179 0.3529 -0.0078 -0.1053 -0.0902 0.4140 0.2716 0.2162
1494806400.0000 147450.0000 -1.0455 -0.9904 -0.2318 1.5282 46.5519 0.3346 0.1354 0.4593 -0.0179 0.2191 -0.0606 0.4647 0.3816 0.2749
1494806400.0000 147750.0000 0.0089 -0.2065 0.3369 0.6200 357.5333 0.2278 0.2548 0.5944 -0.0677 -0.1457 0.0745 0.5385 1.5160 1.9409
1494806400.0000 148050.0000 0.1070 -0.6086 -0.5107 0.6481 350.0282 0.0336 0.0561 0.0306 -0.0103 -0.0029 0.0100 0.0601 0.2498 0.2798
1494806400.0000 148350.0000 -0.0203 -1.3453 -0.3366 1.3759 0.8632 0.0778 0.0558 0.1763 -0.0291 -0.0340 0.0246 0.1550 0.2317 0.1569
1494806400.0000 148650.0000 0.2367 -0.7713 -0.1906 0.8741 342.9406 0.0986 0.1545 0.2992 0.0263 0.0648 0.0517 0.2762 0.5176 0.3600
1494806400.0000 148950.0000 0.3850 -1.1380 0.8029 1.2963 341.3072 0.1858 0.2485 0.1212 0.0694 0.0212 0.0474 0.2777 0.2978 0.3167
1494806400.0000 149250.0000 0.5893 -1.2624 0.4893 1.6152 334.9747 0.5046 0.4005 0.2355 0.0774 -0.0829 0.1670 0.5703 0.4176 0.3943
1494806400.0000 149550.0000 0.5195 -0.4966 0.4123 0.8566 313.7097 0.2694 0.3334 0.2128 -0.0835 0.1158 0.1025 0.4078 0.6293 0.6237
1494806400.0000 149850.0000 0.5246 -1.7384 -0.0391 1.8839 343.2083 0.2246 0.2218 0.0688 0.1258 0.0370 0.0077 0.2576 0.2282 0.2124
1494806400.0000 150150.0000 0.1200 -2.7913 -0.0428 2.8247 357.5375 0.1577 0.1577 0.0678 0.0257 0.0048 0.0191 0.1916 0.1279 0.1161
1494806400.0000 150450.0000 -0.2320 -2.2661 -0.0661 2.3048 5.8448 0.1034 0.2203 0.1004 -0.0506 -0.0167 0.0065 0.2120 0.1650 0.1442
1494806400.0000 150750.0000 0.0672 -2.5930 0.0948 2.6163 358.5150 0.1004 0.1003 0.0341 -0.0181 0.0037 0.0104 0.1173 0.1078 0.0997
1494806400.0000 151050.0000 -0.2942 -2.3211 0.1099 2.3552 7.2238 0.0669 0.0789 0.0396 -0.0221 -0.0117 0.0117 0.0927 0.1061 0.0942
