1494720000.0000 150.0000 0.3040 0.2896 -0.1177 0.4251 226.3910 0.0121 0.0030 0.0066 0.0026 -0.0005 0.0010 0.0108 0.1950 0.1690
1494720000.0000 450.0000 0.4675 0.3306 -0.0850 0.5781 234.7288 0.0130 0.0051 0.0071 0.0024 -0.0025 -0.0005 0.0126 0.1581 0.1355
1494720000.0000 750.0000 0.3782 0.2761 -0.0230 0.4732 233.8701 0.0081 0.0042 0.0038 0.0011 -0.0012 0.0003 0.0081 0.1563 0.1366
1494720000.0000 1050.0000 0.4483 0.3006 -0.0447 0.5438 236.1589 0.0077 0.0051 0.0042 0.0017 -0.0019 0.0000 0.0085 0.1389 0.1210
1494720000.0000 1350.0000 0.5145 0.3001 -0.1509 0.6011 239.7475 0.0111 0.0041 0.0053 0.0002 0.0003 -0.0003 0.0103 0.1347 0.1197
1494720000.0000 1650.0000 0.2067 0.2592 -0.0976 0.3619 218.5672 0.0249 0.0060 0.0135 -0.0026 -0.0052 -0.0010 0.0222 0.3517 0.3058
1494720000.0000 1950.0000 0.0565 0.3966 -0.0940 0.4615 188.1021 0.0538 0.0221 0.0311 -0.0154 -0.0063 0.0008 0.0535 0.4589 0.3970
1494720000.0000 2250.0000 0.0671 0.2162 -0.0601 0.2790 197.2453 0.0241 0.0283 0.0234 -0.0127 -0.0096 -0.0024 0.0379 0.6782 0.5832
1494720000.0000 2550.0000 0.2332 0.1721 -0.0772 0.3053 233.5790 0.0232 0.0094 0.0023 0.0078 -0.0015 0.0005 0.0175 0.3599 0.3601
1494720000.0000 2850.0000 0.3788 0.2167 -0.0680 0.4411 240.2219 0.0046 0.0058 0.0030 0.0018 0.0006 -0.0000 0.0067 0.1513 0.1347
1494720000.0000 3150.0000 0.3417 0.2357 -0.0615 0.4222 235.3977 0.0167 0.0093 0.0044 0.0073 -0.0002 -0.0007 0.0152 0.2397 0.2242
1494720000.0000 3450.0000 0.3065 0.1884 -0.0901 0.3877 238.4204 0.0260 0.0136 0.0093 0.0060 -0.0006 -0.0010 0.0244 0.3442 0.3192
1494720000.0000 3750.0000 0.2995 0.2132 -0.1152 0.3831 234.5492 0.0145 0.0110 0.0092 0.0027 0.0010 -0.0007 0.0173 0.2788 0.2506
1494720000.0000 4050.0000 0.1767 0.2122 -0.1109 0.3340 219.7880 0.0376 0.0166 0.0168 -0.0002 0.0045 -0.0048 0.0355 0.5169 0.4864
1494720000.0000 4350.0000 0.3474 0.2168 -0.1203 0.4241 238.0407 0.0185 0.0095 0.0136 0.0042 0.0005 0.0004 0.0208 0.2757 0.2358
1494720000.0000 4650.0000 0.2582 0.1390 -0.0578 0.3236 241.6988 0.0191 0.0181 0.0154 0.0066 -0.0056 -0.0068 0.0263 0.4429 0.3794
1494720000.0000 4950.0000 0.3269 0.1489 -0.0423 0.3674 245.5157 0.0121 0.0112 0.0050 0.0082 -0.0005 -0.0007 0.0142 0.2688 0.2456
1494720000.0000 5250.0000 0.2283 0.1094 -0.0542 0.2605 244.3954 0.0043 0.0058 0.0030 0.0026 -0.0003 -0.0009 0.0066 0.2558 0.2295
1494720000.0000 5550.0000 0.1378 0.0585 -0.0407 0.1666 247.0100 0.0060 0.0040 0.0037 0.0013 0.0000 0.0000 0.0069 0.4357 0.3860
1494720000.0000 5850.0000 0.2528 0.1528 -0.0323 0.3052 238.8456 0.0046 0.0074 0.0024 0.0021 -0.0004 -0.0000 0.0072 0.2336 0.2144
1494720000.0000 6150.0000 0.2824 0.1977 -0.1109 0.3571 235.0100 0.0150 0.0034 0.0038 0.0002 -0.0022 0.0012 0.0111 0.2373 0.2269
1494720000.0000 6450.0000 0.3636 0.2137 -0.0948 0.4267 239.5589 0.0064 0.0098 0.0024 0.0055 0.0009 0.0005 0.0093 0.1822 0.1742
1494720000.0000 6750.0000 0.3969 0.2443 -0.0914 0.4711 238.3827 0.0086 0.0062 0.0048 0.0031 -0.0002 -0.0006 0.0098 0.1703 0.1508
1494720000.0000 7050.0000 0.4173 0.2574 -0.1313 0.4954 238.3372 0.0152 0.0092 0.0072 0.0071 0.0045 0.0016 0.0158 0.2021 0.1837
1494720000.0000 7350.0000 0.4087 0.2457 -0.0908 0.4849 238.9837 0.0206 0.0091 0.0057 0.0090 -0.0037 -0.0006 0.0177 0.2238 0.2087
1494720000.0000 7650.0000 0.4257 0.2282 -0.1168 0.4890 241.8017 0.0123 0.0089 0.0056 0.0065 0.0005 -0.0016 0.0134 0.1903 0.1740
1494720000.0000 7950.0000 0.3167 0.1787 -0.0649 0.3722 240.5647 0.0239 0.0150 0.0050 0.0159 -0.0065 -0.0046 0.0219 0.3273 0.3131
1494720000.0000 8250.0000 0.1082 0.1132 0.0066 0.2485 223.7157 0.0251 0.0208 0.0066 0.0076 0.0030 -0.0039 0.0263 0.8444 0.7902
1494720000.0000 8550.0000 0.0898 0.0906 0.0220 0.1710 224.7228 0.0088 0.0108 0.0020 0.0042 0.0013 0.0005 0.0108 0.6555 0.6330
1494720000.0000 8850.0000 -0.0139 -0.0358 0.0173 0.0714 21.2650 0.0028 0.0027 0.0044 0.0010 -0.0021 -0.0011 0.0050 1.3723 1.1219
1494720000.0000 9150.0000 -0.0001 0.0481 -0.0000 0.1477 179.8685 0.0087 0.0121 0.0033 0.0001 -0.0016 -0.0044 0.0121 1.8645 1.7337
1494720000.0000 9450.0000 0.1636 0.1016 -0.0715 0.2195 238.1634 0.0055 0.0088 0.0024 -0.0017 0.0012 -0.0008 0.0084 0.3644 0.3597
1494720000.0000 9750.0000 0.1791 0.0810 -0.0232 0.2164 245.6747 0.0160 0.0104 0.0016 0.0111 -0.0012 -0.0005 0.0140 0.4875 0.4769
1494720000.0000 10050.0000 -0.0234 0.0068 0.0285 0.1091 106.2336 0.0073 0.0062 0.0021 0.0043 -0.0011 -0.0005 0.0078 1.9195 2.7527
1494720000.0000 10350.0000 -0.0438 -0.0508 0.0310 0.1293 40.8004 0.0063 0.0115 0.0017 0.0053 -0.0012 -0.0023 0.0098 1.0919 1.1479
1494720000.0000 10650.0000 0.0301 -0.0086 -0.0195 0.1780 285.9093 0.0191 0.0174 0.0059 0.0088 -0.0015 -0.0083 0.0212 3.2170 3.5183
1494720000.0000 10950.0000 0.0195 0.0898 -0.0178 0.1513 192.2476 0.0103 0.0108 0.0060 0.0042 -0.0032 -0.0044 0.0135 1.0150 0.9129
1494720000.0000 11250.0000 -0.0128 0.0888 -0.0119 0.1490 171.8038 0.0082 0.0126 0.0032 -0.0019 -0.0034 -0.0017 0.0120 0.9891 0.9290
1494720000.0000 11550.0000 0.0519 0.0112 -0.0238 0.1104 257.8356 0.0044 0.0094 0.0032 0.0025 -0.0018 -0.0037 0.0085 1.2937 1.2762
1494720000.0000 11850.0000 0.0018 0.0176 -0.0373 0.1154 185.8575 0.0056 0.0103 0.0032 -0.0014 -0.0027 0.0005 0.0096 1.9354 4.1221
1494720000.0000 12150.0000 0.0502 0.0510 -0.0421 0.1170 224.5509 0.0080 0.0048 0.0015 0.0023 -0.0021 -0.0009 0.0071 0.8306 0.9108
1494720000.0000 12450.0000 0.0716 -0.0149 -0.0565 0.1435 281.7411 0.0104 0.0113 0.0041 0.0022 0.0001 0.0049 0.0129 1.0018 1.1619
1494720000.0000 12750.0000 0.0337 0.0286 -0.0106 0.1252 229.7373 0.0137 0.0070 0.0023 0.0072 -0.0019 -0.0005 0.0115 1.9262 1.8802
1494720000.0000 13050.0000 -0.0293 0.0263 0.0374 0.0933 131.8905 0.0034 0.0057 0.0010 0.0030 -0.0003 -0.0008 0.0050 1.0666 1.3973
1494720000.0000 13350.0000 0.0087 0.0156 -0.0215 0.0767 209.0989 0.0016 0.0071 0.0016 0.0021 -0.0010 -0.0018 0.0051 2.0884 3.0191
1494720000.0000 13650.0000 -0.0151 0.0110 -0.0201 0.1093 126.1564 0.0062 0.0081 0.0044 0.0056 -0.0043 -0.0048 0.0094 2.8842 3.7052
1494720000.0000 13950.0000 0.0099 -0.0066 -0.0085 0.0615 303.5967 0.0015 0.0026 0.0009 0.0004 0.0003 -0.0005 0.0025 2.8074 3.1414
1494720000.0000 14250.0000 -0.0225 0.0144 0.0153 0.1302 122.6196 0.0181 0.0039 0.0010 0.0048 -0.0004 -0.0007 0.0115 2.8418 3.2018
1494720000.0000 14550.0000 0.0003 0.0748 -0.0500 0.1180 180.2345 0.0068 0.0059 0.0080 0.0041 -0.0044 -0.0060 0.0104 0.9243 0.8704
1494720000.0000 14850.0000 0.1141 0.0759 -0.0200 0.1521 236.3696 0.0037 0.0032 0.0023 0.0000 0.0003 -0.0007 0.0046 0.3994 0.3492
1494720000.0000 15150.0000 0.0501 0.0942 0.0074 0.1217 208.0218 0.0029 0.0024 0.0016 0.0000 0.0001 0.0006 0.0034 0.4466 0.3935
1494720000.0000 15450.0000 0.0390 -0.0543 0.0089 0.1040 324.3598 0.0006 0.0076 0.0018 -0.0003 0.0001 -0.0008 0.0050 0.8547 0.7828
1494720000.0000 15750.0000 0.1090 -0.0773 -0.0543 0.1534 305.3517 0.0042 0.0082 0.0044 -0.0025 0.0010 -0.0028 0.0084 0.5189 0.4804
1494720000.0000 16050.0000 -0.0704 0.1202 0.0113 0.1671 149.6493 0.0068 0.0123 0.0022 -0.0033 -0.0004 -0.0002 0.0106 0.6024 0.5728
1494720000.0000 16350.0000 -0.0080 -0.0119 -0.0131 0.1403 33.8010 0.0212 0.0029 0.0052 0.0039 -0.0073 -0.0019 0.0147 5.0954 6.2445
1494720000.0000 16650.0000 -0.0888 0.0526 -0.0028 0.1879 120.6296 0.0110 0.0170 0.0100 0.0062 -0.0073 -0.0045 0.0190 1.0911 0.9370
1494720000.0000 16950.0000 -0.0427 0.0343 0.0125 0.1719 128.7587 0.0132 0.0250 0.0090 0.0068 -0.0051 -0.0111 0.0236 2.2320 2.0597
1494720000.0000 17250.0000 -0.0823 0.0115 0.0401 0.1440 97.9516 0.0034 0.0129 0.0021 0.0034 -0.0010 -0.0024 0.0092 0.8499 0.8884
1494720000.0000 17550.0000 -0.0449 0.1080 -0.0531 0.1978 157.4277 0.0068 0.0236 0.0102 0.0063 -0.0054 -0.0120 0.0203 0.9051 0.8607
1494720000.0000 17850.0000 0.1376 0.0666 -0.0214 0.1691 244.1843 0.0037 0.0043 0.0033 -0.0011 0.0013 -0.0010 0.0056 0.3960 0.3366
1494720000.0000 18150.0000 -0.0385 0.0273 -0.0014 0.0727 125.3529 0.0023 0.0028 0.0026 -0.0013 -0.0013 0.0012 0.0038 1.0711 0.8712
1494720000.0000 18450.0000 0.0986 0.0139 -0.0751 0.1279 261.9894 0.0077 0.0064 0.0011 0.0058 -0.0021 -0.0012 0.0076 0.5710 0.6885
1494720000.0000 18750.0000 0.1292 0.0529 -0.0443 0.1581 247.7323 0.0068 0.0081 0.0010 0.0049 0.0002 0.0002 0.0079 0.4966 0.5047
1494720000.0000 19050.0000 0.1343 0.0393 -0.0090 0.2051 253.6732 0.0182 0.0120 0.0028 0.0133 -0.0031 -0.0024 0.0165 0.7487 0.7174
1494720000.0000 19350.0000 -0.1372 -0.0416 0.0173 0.1633 73.1484 0.0032 0.0053 0.0023 -0.0022 -0.0004 0.0010 0.0054 0.4149 0.3704
1494720000.0000 19650.0000 -0.0470 0.0366 -0.0082 0.1034 127.8823 0.0061 0.0034 0.0037 0.0030 -0.0016 -0.0009 0.0066 1.1017 0.9418
1494720000.0000 19950.0000 -0.0463 -0.0841 0.0523 0.1229 28.8157 0.0064 0.0047 0.0092 0.0022 -0.0059 -0.0021 0.0102 0.7542 0.6351
1494720000.0000 20250.0000 0.0778 -0.0917 -0.0070 0.1404 319.7018 0.0057 0.0088 0.0036 -0.0039 -0.0026 0.0019 0.0091 0.6467 0.5797
1494720000.0000 20550.0000 -0.1649 -0.0975 0.0834 0.2080 59.4110 0.0092 0.0022 0.0050 -0.0008 -0.0038 0.0002 0.0082 0.3547 0.3228
1494720000.0000 20850.0000 0.0128 -0.1059 -0.0234 0.1437 353.0934 0.0087 0.0042 0.0081 -0.0017 0.0014 -0.0035 0.0105 0.7672 0.6150
1494720000.0000 21150.0000 -0.0484 -0.0620 -0.0199 0.1319 37.9722 0.0078 0.0067 0.0062 0.0043 -0.0018 -0.0020 0.0104 1.0243 0.8855
1494720000.0000 21450.0000 -0.0179 -0.0102 0.0060 0.1106 60.3401 0.0083 0.0076 0.0044 0.0021 -0.0008 -0.0029 0.0102 3.8449 3.5425
1494720000.0000 21750.0000 0.0165 -0.0047 0.0346 0.0877 285.8524 0.0048 0.0046 0.0064 0.0002 -0.0032 -0.0011 0.0079 1.8748 3.2478
1494720000.0000 22050.0000 -0.1727 -0.0400 0.0286 0.1856 76.9515 0.0100 0.0031 0.0054 0.0004 -0.0004 0.0016 0.0093 0.4378 0.3735
1494720000.0000 22350.0000 0.0362 -0.0699 -0.0229 0.1519 332.6446 0.0102 0.0097 0.0078 0.0011 0.0036 -0.0048 0.0138 1.1708 1.0335
1494720000.0000 22650.0000 -0.0021 0.0517 -0.0243 0.1700 177.6930 0.0134 0.0227 0.0140 -0.0061 -0.0013 -0.0087 0.0250 2.2608 2.1215
1494720000.0000 22950.0000 -0.0119 0.0519 -0.0687 0.2400 167.0387 0.0378 0.0376 0.0472 -0.0027 0.0082 -0.0136 0.0613 2.3262 2.9803
1494720000.0000 23250.0000 -0.1321 -0.1563 0.0419 0.2296 40.1905 0.0102 0.0074 0.0078 0.0004 0.0006 -0.0018 0.0127 0.4402 0.3744
1494720000.0000 23550.0000 -0.0115 -0.1611 0.0173 0.2030 4.0814 0.0161 0.0078 0.0122 -0.0009 -0.0030 -0.0036 0.0180 0.6750 0.5524
1494720000.0000 23850.0000 -0.1393 -0.0324 0.0880 0.2132 76.8940 0.0123 0.0176 0.0058 0.0089 0.0026 0.0037 0.0178 0.6495 0.6984
1494720000.0000 24150.0000 -0.0791 -0.1762 0.1206 0.2393 24.1796 0.0186 0.0083 0.0075 -0.0022 0.0032 0.0000 0.0172 0.4707 0.4909
1494720000.0000 24450.0000 -0.1700 -0.1049 0.0590 0.2394 58.3098 0.0079 0.0157 0.0193 0.0004 -0.0010 -0.0056 0.0215 0.5742 0.4440
1494720000.0000 24750.0000 -0.1877 -0.1056 -0.0211 0.2305 60.6278 0.0071 0.0078 0.0091 0.0002 0.0020 0.0007 0.0120 0.4128 0.3271
1494720000.0000 25050.0000 -0.1841 -0.0134 0.0317 0.1952 85.8437 0.0050 0.0037 0.0105 -0.0003 -0.0024 0.0011 0.0096 0.4268 0.2904
1494720000.0000 25350.0000 -0.1476 -0.0715 0.0874 0.1922 64.1583 0.0120 0.0070 0.0128 0.0020 -0.0031 -0.0054 0.0159 0.5541 0.4858
1494720000.0000 25650.0000 -0.2090 -0.0857 0.1492 0.2412 67.7141 0.0127 0.0060 0.0315 0.0019 -0.0104 -0.0065 0.0251 0.4779 0.3494
1494720000.0000 25950.0000 -0.1675 -0.0342 -0.0323 0.1913 78.4769 0.0035 0.0073 0.0136 0.0011 -0.0005 0.0002 0.0122 0.5186 0.3520
1494720000.0000 26250.0000 -0.1560 -0.0702 0.0372 0.2134 65.7572 0.0157 0.0083 0.0236 0.0025 -0.0013 -0.0004 0.0238 0.7201 0.5233
1494720000.0000 26550.0000 -0.1360 -0.1630 0.0459 0.2231 39.8337 0.0065 0.0055 0.0046 0.0023 0.0011 0.0012 0.0083 0.3419 0.2975
1494720000.0000 26850.0000 -0.0847 -0.1167 0.0923 0.1639 35.9809 0.0072 0.0072 0.0086 0.0026 0.0021 0.0015 0.0115 0.5115 0.4808
1494720000.0000 27150.0000 -0.1062 -0.0881 -0.0172 0.1695 50.3292 0.0078 0.0113 0.0110 0.0025 0.0015 -0.0025 0.0150 0.7193 0.5770
1494720000.0000 27450.0000 -0.0733 -0.1205 0.0463 0.1538 31.3147 0.0047 0.0033 0.0060 0.0011 0.0022 0.0001 0.0070 0.4609 0.3668
1494720000.0000 27750.0000 -0.0078 -0.0999 0.0253 0.1135 4.4542 0.0032 0.0027 0.0028 -0.0003 0.0002 -0.0004 0.0044 0.5222 0.4426
1494720000.0000 28050.0000 -0.1373 -0.1561 0.0580 0.2273 41.3287 0.0111 0.0051 0.0088 0.0012 0.0005 0.0004 0.0124 0.4221 0.3526
1494720000.0000 28350.0000 -0.0888 -0.1571 0.0680 0.2024 29.4856 0.0084 0.0058 0.0079 0.0006 0.0006 0.0007 0.0110 0.4448 0.3815
1494720000.0000 28650.0000 -0.0604 -0.1421 0.0129 0.1952 23.0318 0.0159 0.0080 0.0041 -0.0043 0.0010 0.0000 0.0140 0.6228 0.5778
1494720000.0000 28950.0000 -0.0061 -0.1420 0.0127 0.1850 2.4746 0.0140 0.0040 0.0098 -0.0034 -0.0014 0.0022 0.0139 0.6745 0.5453
1494720000.0000 29250.0000 -0.1034 -0.1552 0.0355 0.2016 33.6784 0.0082 0.0072 0.0109 0.0027 0.0063 0.0028 0.0131 0.4931 0.3845
1494720000.0000 29550.0000 -0.0822 -0.0648 0.1277 0.1564 51.7215 0.0116 0.0109 0.0077 0.0036 0.0019 -0.0005 0.0151 0.6074 0.8277
1494720000.0000 29850.0000 0.0053 -0.1948 0.0798 0.2129 358.4355 0.0084 0.0070 0.0144 -0.0006 0.0034 0.0012 0.0149 0.4733 0.3678
1494720000.0000 30150.0000 -0.1095 -0.0429 0.0248 0.1744 68.5872 0.0079 0.0170 0.0218 0.0013 0.0015 -0.0045 0.0233 1.0378 0.7744
1494720000.0000 30450.0000 -0.1922 -0.0861 0.0571 0.2387 65.8768 0.0113 0.0115 0.0169 -0.0017 0.0022 0.0012 0.0199 0.5272 0.4140
1494720000.0000 30750.0000 -0.2616 -0.2236 -0.0213 0.3698 49.4720 0.0200 0.0157 0.0282 0.0011 0.0071 0.0016 0.0320 0.4233 0.3168
1494720000.0000 31050.0000 -0.1148 0.1208 -0.0536 0.2576 136.4538 0.0219 0.0413 0.0255 0.0079 -0.0033 -0.0183 0.0444 0.9825 0.8711
1494720000.0000 31350.0000 -0.2536 0.0053 0.0879 0.2977 91.1986 0.0081 0.0308 0.0263 0.0018 -0.0032 -0.0051 0.0326 0.5491 0.4491
1494720000.0000 31650.0000 -0.2592 -0.1685 0.0364 0.3475 56.9676 0.0228 0.0227 0.0211 0.0029 -0.0064 0.0023 0.0333 0.4788 0.3983
1494720000.0000 31950.0000 -0.1648 -0.1486 0.1128 0.2705 47.9660 0.0156 0.0180 0.0124 -0.0033 0.0024 -0.0027 0.0230 0.4975 0.4773
1494720000.0000 32250.0000 -0.1438 -0.2216 0.0821 0.3121 32.9832 0.0190 0.0352 0.0132 0.0093 0.0008 0.0057 0.0337 0.5416 0.5086
1494720000.0000 32550.0000 -0.1727 -0.2501 0.0009 0.3327 34.6261 0.0156 0.0226 0.0204 0.0053 0.0001 0.0078 0.0293 0.4597 0.3712
1494720000.0000 32850.0000 -0.1377 -0.0654 -0.0145 0.2231 64.5815 0.0096 0.0267 0.0206 -0.0027 0.0015 0.0070 0.0284 0.8990 0.7212
1494720000.0000 33150.0000 -0.1307 -0.2430 0.0442 0.3085 28.2704 0.0301 0.0114 0.0301 0.0082 0.0078 0.0070 0.0358 0.5527 0.4260
1494720000.0000 33450.0000 -0.1578 -0.1830 0.0756 0.2636 40.7694 0.0130 0.0103 0.0201 0.0010 0.0019 0.0069 0.0217 0.4749 0.3645
1494720000.0000 33750.0000 -0.0757 -0.0852 0.1557 0.1921 41.6153 0.0152 0.0169 0.0057 0.0044 0.0001 0.0023 0.0189 0.5817 0.9070
1494720000.0000 34050.0000 -0.0884 0.0108 0.1382 0.1796 96.9752 0.0196 0.0148 0.0114 -0.0008 -0.0021 -0.0006 0.0229 0.7508 1.2008
1494720000.0000 34350.0000 0.0503 -0.1470 0.0508 0.2789 341.1173 0.0232 0.0604 0.0251 -0.0111 -0.0014 -0.0093 0.0543 1.1642 1.0740
1494720000.0000 34650.0000 -0.0767 -0.2197 0.1516 0.2815 19.2357 0.0247 0.0142 0.0134 0.0022 0.0011 -0.0001 0.0262 0.4755 0.4893
1494720000.0000 34950.0000 -0.2611 -0.1202 0.0963 0.3223 65.2694 0.0234 0.0204 0.0273 0.0021 0.0068 0.0035 0.0355 0.5079 0.4205
1494720000.0000 35250.0000 -0.1645 0.0179 0.0310 0.2274 96.2054 0.0245 0.0129 0.0191 0.0089 0.0049 0.0033 0.0283 0.8153 0.6746
1494720000.0000 35550.0000 0.0006 -0.1463 0.0968 0.2351 359.7752 0.0185 0.0268 0.0246 0.0027 0.0022 0.0045 0.0350 0.8705 0.8399
1494720000.0000 35850.0000 -0.2947 -0.1213 0.1002 0.3764 67.6254 0.0229 0.0352 0.0411 0.0110 -0.0035 -0.0027 0.0496 0.5444 0.4368
1494720000.0000 36150.0000 -0.2270 0.2452 0.0207 0.4156 137.2103 0.0226 0.0783 0.0491 0.0078 -0.0063 -0.0361 0.0750 0.6679 0.5488
1494720000.0000 36450.0000 -0.1826 0.0163 -0.0249 0.3174 95.0871 0.0307 0.0563 0.0725 0.0179 -0.0252 -0.0370 0.0797 1.2463 0.9288
1494720000.0000 36750.0000 -0.3228 -0.0899 0.0936 0.3825 74.4329 0.0257 0.0331 0.0581 0.0018 -0.0044 -0.0238 0.0584 0.5673 0.4177
1494720000.0000 37050.0000 -0.3600 -0.2712 0.1065 0.4930 53.0122 0.0318 0.0382 0.0564 0.0009 -0.0055 0.0053 0.0632 0.4433 0.3389
1494720000.0000 37350.0000 -0.3373 -0.2666 0.0956 0.5003 51.6752 0.0720 0.0567 0.0538 0.0064 0.0118 0.0016 0.0913 0.5600 0.4817
1494720000.0000 37650.0000 -0.3380 -0.2568 0.1716 0.5651 52.7737 0.0724 0.1310 0.0749 0.0184 -0.0022 -0.0145 0.1392 0.6654 0.6135
1494720000.0000 37950.0000 -0.3379 -0.1771 0.0731 0.5276 62.3445 0.0940 0.1037 0.0741 0.0223 0.0217 -0.0055 0.1359 0.7748 0.6729
1494720000.0000 38250.0000 -0.1280 -0.0145 0.1076 0.2519 83.5603 0.0266 0.0475 0.0459 -0.0085 0.0041 -0.0046 0.0600 1.1917 1.2199
1494720000.0000 38550.0000 -0.2430 0.0137 0.1257 0.3226 93.2164 0.0278 0.0452 0.0463 -0.0080 -0.0034 -0.0237 0.0597 0.7280 0.6409
1494720000.0000 38850.0000 -0.1145 -0.1021 0.0560 0.2090 48.2984 0.0258 0.0131 0.0138 0.0075 0.0013 0.0030 0.0264 0.8118 0.7419
1494720000.0000 39150.0000 -0.2040 -0.0802 0.1281 0.3033 68.5407 0.0362 0.0285 0.0271 0.0019 -0.0053 -0.0051 0.0459 0.6888 0.6699
1494720000.0000 39450.0000 -0.1187 -0.3056 0.0328 0.3934 21.2303 0.0518 0.0254 0.0390 -0.0117 0.0066 0.0044 0.0581 0.5971 0.4890
1494720000.0000 39750.0000 -0.4216 -0.2460 0.1582 0.5309 59.7408 0.0418 0.0500 0.0561 0.0130 0.0048 0.0109 0.0740 0.4327 0.3583
1494720000.0000 40050.0000 -0.0905 -0.3610 0.0790 0.5732 14.0794 0.1680 0.1222 0.0571 -0.0997 -0.0023 0.0162 0.1737 0.8943 0.8358
1494720000.0000 40350.0000 -0.2509 -0.0789 0.0335 0.5209 72.5524 0.0719 0.1816 0.1336 -0.0061 0.0093 -0.0572 0.1936 1.3550 1.1053
1494720000.0000 40650.0000 -0.3890 -0.0935 0.1422 0.5002 76.4791 0.0522 0.0818 0.0681 0.0184 0.0045 0.0148 0.1010 0.6112 0.5281
1494720000.0000 40950.0000 -0.1171 -0.0380 0.0008 0.3560 72.0118 0.1025 0.0353 0.0624 0.0157 -0.0348 -0.0040 0.1001 2.0994 1.7418
1494720000.0000 41250.0000 -0.2534 -0.1652 0.0747 0.4473 56.9002 0.0718 0.1013 0.0525 0.0196 -0.0020 0.0109 0.1128 0.8802 0.7942
1494720000.0000 41550.0000 -0.2444 -0.2813 0.0421 0.4087 40.9945 0.0329 0.0211 0.0349 0.0021 0.0090 0.0072 0.0444 0.4589 0.3599
1494720000.0000 41850.0000 -0.0231 -0.2702 0.0937 0.3328 4.8819 0.0409 0.0188 0.0237 -0.0149 -0.0059 0.0007 0.0417 0.5810 0.5201
1494720000.0000 42150.0000 0.0408 -0.1429 0.0701 0.2401 344.0710 0.0224 0.0339 0.0206 -0.0088 0.0036 -0.0009 0.0384 0.9742 0.9216
1494720000.0000 42450.0000 0.0561 -0.3456 0.0981 0.3980 350.7843 0.0444 0.0332 0.0262 -0.0129 0.0122 -0.0015 0.0519 0.5116 0.4593
1494720000.0000 42750.0000 0.0987 -0.4832 0.1221 0.5875 348.4600 0.1173 0.0694 0.0595 -0.0601 -0.0028 -0.0015 0.1231 0.5637 0.5057
1494720000.0000 43050.0000 -0.3715 -0.0396 0.0201 0.6140 83.9115 0.0652 0.2867 0.1125 0.0242 0.0112 -0.0149 0.2322 1.0516 0.9167
1494720000.0000 43350.0000 -0.2324 -0.0433 0.0501 0.4285 79.4567 0.0719 0.1300 0.1009 -0.0146 0.0213 -0.0298 0.1514 1.3148 1.0974
1494720000.0000 43650.0000 -0.2512 -0.0713 0.1066 0.3678 74.1574 0.0467 0.0510 0.0575 0.0126 -0.0072 0.0022 0.0776 0.8068 0.6914
1494720000.0000 43950.0000 -0.2462 -0.0804 0.1235 0.3212 71.9222 0.0362 0.0241 0.0349 -0.0034 -0.0047 0.0038 0.0476 0.6208 0.5474
1494720000.0000 44250.0000 -0.2697 -0.2154 0.0448 0.3946 51.3812 0.0370 0.0336 0.0393 0.0074 0.0025 0.0056 0.0550 0.5501 0.4445
1494720000.0000 44550.0000 -0.1579 0.1637 0.0050 0.4005 136.0281 0.0777 0.1162 0.0507 0.0007 -0.0056 -0.0013 0.1223 1.2554 1.1180
1494720000.0000 44850.0000 -0.1972 -0.0292 0.0039 0.3410 81.5827 0.0433 0.0635 0.0619 0.0076 0.0040 -0.0013 0.0844 1.1891 0.9464
1494720000.0000 45150.0000 0.0226 -0.2097 -0.0752 0.4501 353.8564 0.1237 0.0693 0.0679 0.0263 0.0195 -0.0016 0.1305 1.3172 1.2027
1494720000.0000 45450.0000 -0.2187 -0.4421 0.2046 0.6910 26.3212 0.1552 0.2341 0.0897 -0.1276 -0.0266 -0.0018 0.2395 0.7483 0.7304
1494720000.0000 45750.0000 -0.4046 0.3687 -0.1008 0.9027 132.3443 0.2632 0.4850 0.3161 0.0012 -0.0241 -0.2325 0.5322 1.0701 0.9123
1494720000.0000 46050.0000 -0.2554 -0.0665 0.0377 0.4452 75.4051 0.0883 0.0937 0.0930 0.0222 -0.0180 -0.0448 0.1375 1.1357 0.9334
1494720000.0000 46350.0000 -0.0857 -0.1519 0.0252 0.2595 29.4386 0.0324 0.0256 0.0248 0.0026 0.0000 -0.0037 0.0414 0.9428 0.7971
1494720000.0000 46650.0000 -0.0714 -0.0626 0.0693 0.3449 48.7609 0.0844 0.0554 0.0221 0.0218 -0.0013 -0.0042 0.0809 1.9756 2.2727
1494720000.0000 46950.0000 -0.1105 -0.1045 0.0072 0.3050 46.5879 0.0653 0.0345 0.0454 -0.0012 -0.0004 -0.0038 0.0726 1.4448 1.1989
1494720000.0000 47250.0000 -0.0478 -0.0504 0.0181 0.4324 43.4480 0.1543 0.0672 0.0390 0.0360 -0.0492 -0.0053 0.1302 4.1054 3.9118
1494720000.0000 47550.0000 -0.2668 0.0081 0.0100 0.6015 91.7414 0.1985 0.3073 0.1352 -0.0975 0.0096 -0.0632 0.3205 1.7307 1.5385
1494720000.0000 47850.0000 -0.0573 -0.1440 0.1303 0.3034 21.6964 0.0452 0.0556 0.0334 0.0223 -0.0058 -0.0151 0.0671 1.0442 1.1822
1494720000.0000 48150.0000 -0.0612 -0.2380 0.0840 0.3779 14.4138 0.0831 0.0414 0.0640 -0.0054 -0.0189 0.0036 0.0942 0.9652 0.8290
1494720000.0000 48450.0000 -0.1605 -0.1654 0.0838 0.3962 44.1307 0.0479 0.0969 0.0818 0.0010 -0.0008 -0.0131 0.1133 1.1208 0.9533
1494720000.0000 48750.0000 -0.3199 0.0167 -0.0764 0.5789 92.9907 0.1495 0.1869 0.1262 -0.0241 0.0089 -0.0545 0.2313 1.1923 1.0453
1494720000.0000 49050.0000 -0.2273 -0.1061 0.1253 0.4307 64.9812 0.0783 0.1099 0.1201 -0.0045 -0.0121 -0.0710 0.1542 1.1436 0.9988
1494720000.0000 49350.0000 -0.4488 -0.0562 0.0491 0.5923 82.8604 0.0984 0.1387 0.0908 0.0194 -0.0202 -0.0101 0.1639 0.7266 0.6215
1494720000.0000 49650.0000 -0.1170 -0.0709 0.0844 0.3769 58.7636 0.0764 0.0855 0.0422 0.0341 0.0004 -0.0047 0.1021 1.6226 1.6981
1494720000.0000 49950.0000 0.0393 -0.1088 -0.0489 0.3424 340.1199 0.0860 0.0507 0.0349 0.0141 -0.0049 0.0062 0.0858 1.9046 1.8456
1494720000.0000 50250.0000 0.0704 -0.1488 0.0805 0.3655 334.6720 0.0799 0.0637 0.0517 0.0094 -0.0201 -0.0171 0.0977 1.3921 1.3285
1494720000.0000 50550.0000 0.2705 0.1003 -0.1788 0.4273 249.6576 0.0428 0.0922 0.0600 0.0207 0.0167 0.0179 0.0975 0.7512 0.7353
1494720000.0000 50850.0000 0.0774 0.1837 -0.1171 0.5255 202.8421 0.1162 0.1816 0.0901 0.0593 -0.0213 -0.0666 0.1940 1.5556 1.5805
1494720000.0000 51150.0000 -0.2613 -0.2276 0.0972 0.4283 48.9381 0.0683 0.0372 0.0327 0.0056 -0.0018 -0.0002 0.0691 0.5963 0.5413
1494720000.0000 51450.0000 -0.1391 -0.1201 0.1134 0.3117 49.2007 0.0623 0.0382 0.0553 0.0143 0.0112 0.0119 0.0779 1.0554 0.9961
1494720000.0000 51750.0000 -0.3595 -0.1980 0.0978 0.4518 61.1576 0.0400 0.0401 0.0576 0.0087 -0.0041 -0.0054 0.0688 0.5078 0.3980
1494720000.0000 52050.0000 -0.2665 -0.0259 0.0642 0.3516 84.4484 0.0305 0.0457 0.0333 0.0035 0.0111 0.0056 0.0548 0.6939 0.5954
1494720000.0000 52350.0000 -0.2083 0.0178 -0.0115 0.3849 94.8824 0.0503 0.0812 0.0375 -0.0064 0.0049 -0.0283 0.0845 1.1338 1.0016
1494720000.0000 52650.0000 -0.1969 -0.0191 0.0532 0.2556 84.4503 0.0230 0.0238 0.0278 0.0015 -0.0055 -0.0054 0.0372 0.7693 0.6308
1494720000.0000 52950.0000 -0.1369 -0.0415 0.0804 0.2528 73.1398 0.0333 0.0390 0.0341 0.0038 -0.0045 -0.0130 0.0532 1.1470 1.0846
1494720000.0000 53250.0000 0.0128 -0.0433 0.0736 0.2756 343.5338 0.0543 0.0430 0.0207 0.0242 -0.0059 0.0003 0.0590 2.2985 3.9903
1494720000.0000 53550.0000 0.0356 -0.1638 -0.0204 0.3153 347.7364 0.0541 0.0600 0.0516 -0.0166 -0.0010 0.0206 0.0828 1.3920 1.1635
1494720000.0000 53850.0000 -0.0317 0.1540 -0.0884 0.4057 168.3788 0.1061 0.0906 0.1204 0.0401 -0.0625 -0.0569 0.1585 1.8029 1.6290
1494720000.0000 54150.0000 0.0651 -0.1660 -0.0299 0.3605 338.6010 0.0827 0.0418 0.0233 0.0035 -0.0227 -0.0047 0.0739 1.2275 1.1424
1494720000.0000 54450.0000 0.1486 0.0783 -0.0622 0.2592 242.2036 0.0499 0.0267 0.0065 0.0219 -0.0021 -0.0043 0.0415 0.9287 0.9507
1494720000.0000 54750.0000 0.2346 -0.1432 -0.0269 0.3578 301.4118 0.0294 0.0654 0.0212 0.0096 -0.0074 -0.0172 0.0580 0.7123 0.6470
1494720000.0000 55050.0000 -0.0352 -0.0035 -0.0101 0.3713 84.3468 0.1003 0.1460 0.0137 0.0492 -0.0015 -0.0006 0.1300 7.9979 8.0950
1494720000.0000 55350.0000 -0.0656 -0.3279 -0.0442 0.4851 11.3089 0.0976 0.1405 0.0726 0.0138 0.0126 0.0055 0.1553 0.9539 0.8423
1494720000.0000 55650.0000 0.0457 -0.0177 -0.0101 0.5097 291.1333 0.1818 0.1424 0.1405 -0.0233 -0.0462 -0.0696 0.2323 7.8670 6.7104
1494720000.0000 55950.0000 0.1844 -0.1614 -0.1631 0.6892 311.1878 0.1812 0.4839 0.2386 -0.0740 -0.0252 -0.0612 0.4518 1.8642 1.9211
1494720000.0000 56250.0000 0.0262 -0.1571 0.0172 0.4308 350.5445 0.1173 0.1077 0.0647 0.0321 0.0088 -0.0335 0.1449 1.9404 1.7199
1494720000.0000 56550.0000 0.0090 -0.0562 0.0701 0.4650 350.8914 0.1327 0.2039 0.1625 -0.0860 0.0472 -0.1284 0.2495 4.5189 5.8868
1494720000.0000 56850.0000 0.0472 -0.3153 0.1298 0.5959 351.4889 0.1834 0.1442 0.0575 0.0317 -0.0312 0.0143 0.1926 1.0408 1.0365
1494720000.0000 57150.0000 0.1129 -0.2031 -0.0704 0.5531 330.9337 0.1220 0.2283 0.0976 -0.0242 -0.0504 0.0439 0.2239 1.5913 1.4705
1494720000.0000 57450.0000 0.0556 -0.1310 -0.0647 0.4449 336.9977 0.1229 0.1570 0.1644 0.0167 -0.0126 0.0534 0.2222 2.4617 2.1466
1494720000.0000 57750.0000 0.1173 -0.4278 0.0247 0.5317 344.6652 0.0850 0.0986 0.0686 -0.0430 -0.0349 0.0280 0.1260 0.6524 0.5575
1494720000.0000 58050.0000 -0.1455 -0.2097 0.0327 0.4928 34.7563 0.1441 0.1629 0.0697 0.0144 -0.0369 0.0021 0.1883 1.3772 1.2535
1494720000.0000 58350.0000 0.0099 -0.3230 0.0348 0.5139 358.2525 0.1391 0.1364 0.1308 -0.0380 -0.0468 0.0664 0.2031 1.1323 0.9378
1494720000.0000 58650.0000 0.0733 0.2351 -0.0692 0.4293 197.3255 0.0704 0.0895 0.0713 0.0052 -0.0117 -0.0194 0.1156 1.0849 0.9373
1494720000.0000 58950.0000 -0.1887 -0.2080 0.1236 0.3560 42.2209 0.0472 0.0289 0.0216 0.0163 -0.0097 -0.0123 0.0489 0.5882 0.5671
1494720000.0000 59250.0000 -0.0029 -0.0996 0.0207 0.2636 1.6745 0.0411 0.0385 0.0321 0.0006 -0.0072 -0.0122 0.0558 1.8946 1.6338
1494720000.0000 59550.0000 -0.3341 0.2398 0.0165 0.5800 125.6675 0.0926 0.2160 0.1207 -0.0076 0.0175 -0.0955 0.2147 0.9192 0.7799
1494720000.0000 59850.0000 0.1800 -0.0542 -0.0681 0.3545 286.7522 0.0415 0.1121 0.0424 -0.0277 -0.0223 0.0368 0.0980 1.2789 1.2043
1494720000.0000 60150.0000 -0.0937 -0.1830 0.0393 0.4808 27.1236 0.1719 0.0790 0.0852 0.0479 -0.0638 -0.0296 0.1681 1.5992 1.4067
1494720000.0000 60450.0000 0.0776 -0.1954 0.0204 0.3201 338.3294 0.0590 0.0422 0.0307 -0.0204 -0.0123 0.0044 0.0659 0.9924 0.8735
1494720000.0000 60750.0000 0.0791 -0.2303 0.0937 0.4801 341.0515 0.1103 0.1362 0.0601 0.0362 -0.0073 -0.0039 0.1533 1.2250 1.1769
1494720000.0000 61050.0000 0.2515 0.0066 -0.0385 0.3889 268.5013 0.0811 0.0579 0.0344 0.0333 -0.0228 -0.0113 0.0867 0.9450 0.8559
1494720000.0000 61350.0000 0.1449 -0.0518 -0.0977 0.3441 289.6750 0.0684 0.0568 0.0133 0.0057 -0.0133 0.0069 0.0693 1.1795 1.3283
1494720000.0000 61650.0000 -0.0127 -0.0167 0.0248 0.2904 37.2910 0.0558 0.0576 0.0094 0.0338 -0.0052 0.0006 0.0614 6.2351 9.2873
1494720000.0000 61950.0000 0.1929 -0.0187 -0.0255 0.3003 275.5364 0.0500 0.0530 0.0141 0.0034 -0.0054 -0.0005 0.0586 1.0112 0.9564
1494720000.0000 62250.0000 0.1003 -0.2671 -0.0467 0.3757 339.4212 0.0622 0.0621 0.0342 -0.0241 -0.0225 0.0230 0.0792 0.7950 0.7134
1494720000.0000 62550.0000 0.0960 -0.3702 0.0311 0.4271 345.4642 0.0700 0.1137 0.0504 -0.0680 -0.0320 0.0346 0.1170 0.7280 0.6471
1494720000.0000 62850.0000 -0.0346 -0.3365 0.0907 0.5012 5.8641 0.1193 0.0873 0.0303 -0.0243 -0.0150 0.0015 0.1184 0.8025 0.7759
1494720000.0000 63150.0000 0.1852 0.1800 -0.0367 0.3216 225.8281 0.0288 0.0463 0.0206 0.0021 -0.0002 -0.0110 0.0479 0.6849 0.6127
1494720000.0000 63450.0000 0.0904 0.1839 -0.0764 0.2837 206.1842 0.0375 0.0204 0.0162 0.0020 -0.0023 -0.0050 0.0370 0.7184 0.6779
1494720000.0000 63750.0000 0.0953 -0.0504 0.0186 0.2333 297.8641 0.0273 0.0293 0.0134 -0.0044 -0.0023 0.0012 0.0350 1.3960 1.2743
1494720000.0000 64050.0000 0.2495 0.0864 -0.1251 0.3188 250.9011 0.0300 0.0186 0.0184 -0.0064 -0.0108 0.0085 0.0335 0.5114 0.4818
1494720000.0000 64350.0000 0.0585 -0.1011 0.0062 0.4105 329.9464 0.0731 0.1235 0.0217 0.0740 -0.0102 -0.0179 0.1092 2.3060 2.1913
1494720000.0000 64650.0000 0.2261 0.0630 -0.0195 0.3228 254.4297 0.0494 0.0303 0.0302 0.0332 -0.0296 -0.0209 0.0550 0.8129 0.6948
1494720000.0000 64950.0000 0.4766 0.2798 -0.1392 0.5615 239.5846 0.0189 0.0083 0.0093 0.0020 0.0007 0.0011 0.0183 0.1937 0.1724
1494720000.0000 65250.0000 0.3455 0.2048 -0.1649 0.4141 239.3403 0.0173 0.0152 0.0087 0.0076 -0.0026 0.0016 0.0206 0.2697 0.2589
1494720000.0000 65550.0000 0.2987 0.2043 -0.0861 0.4445 235.6357 0.0732 0.0211 0.0191 0.0258 -0.0211 -0.0062 0.0567 0.5227 0.4901
1494720000.0000 65850.0000 0.1597 0.2626 -0.0655 0.4699 211.2976 0.1380 0.0495 0.0265 0.0473 -0.0350 -0.0270 0.1070 0.8499 0.8134
1494720000.0000 66150.0000 0.2837 0.0732 -0.0325 0.4111 255.5281 0.0709 0.0591 0.0280 0.0234 -0.0102 -0.0167 0.0790 0.7784 0.7105
1494720000.0000 66450.0000 0.0531 0.1489 -0.0933 0.3161 199.6433 0.0495 0.0576 0.0673 0.0151 -0.0218 -0.0364 0.0872 1.3135 1.1955
1494720000.0000 66750.0000 0.2280 0.0767 -0.0326 0.3187 251.3992 0.0554 0.0327 0.0123 0.0269 -0.0081 -0.0026 0.0502 0.7537 0.7123
1494720000.0000 67050.0000 0.3574 0.2260 -0.1067 0.4616 237.6934 0.0461 0.0315 0.0220 0.0132 -0.0023 -0.0034 0.0498 0.4179 0.3804
1494720000.0000 67350.0000 0.4845 0.2580 -0.1070 0.5662 241.9657 0.0239 0.0233 0.0122 0.0093 0.0038 -0.0052 0.0297 0.2514 0.2284
1494720000.0000 67650.0000 0.4196 0.2360 -0.1131 0.5218 240.6447 0.0687 0.0340 0.0130 0.0346 -0.0101 -0.0054 0.0579 0.3973 0.3844
1494720000.0000 67950.0000 0.3869 0.2671 -0.1170 0.4839 235.3829 0.0271 0.0229 0.0078 0.0163 -0.0043 -0.0022 0.0289 0.2865 0.2747
1494720000.0000 68250.0000 0.4661 0.1468 -0.1068 0.5867 252.5232 0.0426 0.1004 0.0106 0.0350 -0.0091 -0.0070 0.0768 0.4523 0.4468
1494720000.0000 68550.0000 0.4669 0.3389 -0.1144 0.5910 234.0280 0.0266 0.0088 0.0120 0.0015 -0.0073 -0.0011 0.0237 0.2137 0.1883
1494720000.0000 68850.0000 0.3512 0.2623 -0.0997 0.4591 233.2466 0.0298 0.0197 0.0077 0.0094 -0.0021 -0.0034 0.0286 0.3073 0.2931
1494720000.0000 69150.0000 0.5411 0.3188 -0.1597 0.6424 239.4911 0.0209 0.0224 0.0103 0.0098 0.0007 0.0056 0.0268 0.2062 0.1912
1494720000.0000 69450.0000 0.5745 0.3594 -0.1514 0.6851 237.9684 0.0171 0.0122 0.0102 0.0049 0.0020 0.0016 0.0197 0.1652 0.1458
1494720000.0000 69750.0000 0.5638 0.3862 -0.1467 0.6882 235.5893 0.0104 0.0062 0.0061 0.0013 -0.0021 0.0009 0.0113 0.1244 0.1089
1494720000.0000 70050.0000 0.5895 0.3991 -0.1163 0.7172 235.8980 0.0113 0.0078 0.0071 0.0017 -0.0004 0.0010 0.0131 0.1295 0.1119
1494720000.0000 70350.0000 0.5855 0.3220 -0.1192 0.6757 241.1885 0.0136 0.0150 0.0071 0.0069 0.0021 0.0026 0.0179 0.1608 0.1462
1494720000.0000 70650.0000 0.6173 0.3675 -0.1084 0.7251 239.2303 0.0127 0.0121 0.0092 0.0037 0.0015 0.0032 0.0170 0.1466 0.1267
1494720000.0000 70950.0000 0.5485 0.2506 -0.0999 0.6136 245.4485 0.0280 0.0173 0.0096 0.0113 0.0066 0.0018 0.0274 0.2212 0.2036
1494720000.0000 71250.0000 0.5639 0.2693 -0.0797 0.6342 244.4725 0.0193 0.0144 0.0082 0.0070 -0.0017 0.0000 0.0210 0.1876 0.1696
1494720000.0000 71550.0000 0.5791 0.2094 -0.0477 0.6255 250.1244 0.0221 0.0179 0.0137 0.0112 0.0032 -0.0015 0.0268 0.2166 0.1875
1494720000.0000 71850.0000 0.5570 0.2419 -0.0776 0.6196 246.5279 0.0297 0.0243 0.0128 0.0156 0.0011 -0.0036 0.0334 0.2438 0.2210
1494720000.0000 72150.0000 0.5872 0.2656 -0.0862 0.6515 245.6655 0.0281 0.0190 0.0083 0.0174 0.0018 0.0014 0.0277 0.2091 0.1944
1494720000.0000 72450.0000 0.5968 0.2850 -0.0803 0.6692 244.4718 0.0386 0.0174 0.0208 0.0156 0.0054 0.0024 0.0384 0.2400 0.2064
1494720000.0000 72750.0000 0.6054 0.2623 -0.0606 0.6691 246.5764 0.0238 0.0206 0.0113 0.0147 0.0027 0.0013 0.0279 0.2057 0.1844
1494720000.0000 73050.0000 0.5460 0.2094 -0.0801 0.5991 249.0199 0.0475 0.0294 0.0156 0.0240 0.0084 0.0005 0.0462 0.2974 0.2737
1494720000.0000 73350.0000 0.5665 0.2372 -0.0807 0.6303 247.2828 0.0452 0.0259 0.0164 0.0202 0.0059 -0.0012 0.0437 0.2757 0.2507
1494720000.0000 73650.0000 0.6462 0.3552 -0.1080 0.7454 241.2014 0.0165 0.0184 0.0087 0.0097 -0.0004 0.0008 0.0218 0.1618 0.1463
1494720000.0000 73950.0000 0.6430 0.3290 -0.0982 0.7285 242.9057 0.0191 0.0126 0.0120 0.0069 0.0023 0.0009 0.0218 0.1655 0.1422
1494720000.0000 74250.0000 0.6038 0.2931 -0.0873 0.6801 244.1038 0.0230 0.0209 0.0097 0.0144 0.0029 0.0006 0.0269 0.1977 0.1804
1494720000.0000 74550.0000 0.6217 0.3463 -0.1224 0.7167 240.8852 0.0093 0.0095 0.0090 0.0027 0.0014 0.0001 0.0139 0.1332 0.1111
1494720000.0000 74850.0000 0.5701 0.3316 -0.1168 0.6645 239.8132 0.0067 0.0059 0.0102 -0.0003 0.0004 0.0007 0.0114 0.1300 0.0982
1494720000.0000 75150.0000 0.4188 0.2317 -0.0535 0.4859 241.0426 0.0179 0.0096 0.0080 0.0062 -0.0026 -0.0015 0.0177 0.2258 0.1999
1494720000.0000 75450.0000 0.2754 0.1441 -0.0388 0.3294 242.3846 0.0284 0.0164 0.0085 0.0141 -0.0012 0.0006 0.0266 0.4255 0.3930
1494720000.0000 75750.0000 0.4208 0.2836 -0.0999 0.5118 236.0220 0.0093 0.0059 0.0061 0.0029 -0.0003 0.0011 0.0107 0.1631 0.1406
1494720000.0000 76050.0000 0.4515 0.3123 -0.0973 0.5558 235.3328 0.0128 0.0061 0.0105 0.0019 -0.0047 -0.0005 0.0147 0.1777 0.1447
1494720000.0000 76350.0000 0.4740 0.3446 -0.1132 0.5897 233.9828 0.0133 0.0035 0.0031 0.0030 0.0004 0.0005 0.0100 0.1365 0.1277
1494720000.0000 76650.0000 0.4699 0.3543 -0.1011 0.5918 232.9886 0.0131 0.0061 0.0045 0.0051 -0.0008 -0.0001 0.0119 0.1490 0.1360
1494720000.0000 76950.0000 0.5577 0.3359 -0.1267 0.6557 238.9454 0.0032 0.0081 0.0027 0.0008 0.0002 0.0016 0.0070 0.1030 0.0943
1494720000.0000 77250.0000 0.4805 0.2849 -0.1143 0.5629 239.3361 0.0055 0.0048 0.0035 0.0005 -0.0002 0.0006 0.0069 0.1190 0.1048
1494720000.0000 77550.0000 0.5177 0.3312 -0.1154 0.6182 237.3893 0.0045 0.0049 0.0036 0.0004 0.0002 0.0010 0.0065 0.1051 0.0911
1494720000.0000 77850.0000 0.5552 0.3526 -0.1370 0.6614 237.5854 0.0058 0.0060 0.0041 0.0014 0.0002 0.0007 0.0080 0.1084 0.0953
1494720000.0000 78150.0000 0.5164 0.3662 -0.0819 0.6372 234.6535 0.0133 0.0046 0.0069 0.0031 -0.0033 -0.0010 0.0124 0.1424 0.1221
1494720000.0000 78450.0000 0.5635 0.3734 -0.1338 0.6805 236.4669 0.0058 0.0060 0.0041 0.0001 -0.0001 0.0008 0.0079 0.1056 0.0928
1494720000.0000 78750.0000 0.6171 0.3969 -0.1437 0.7387 237.2521 0.0046 0.0100 0.0039 0.0014 0.0003 0.0011 0.0093 0.1054 0.0953
1494720000.0000 79050.0000 0.5811 0.3526 -0.1609 0.6830 238.7511 0.0030 0.0057 0.0032 0.0004 0.0000 0.0001 0.0060 0.0902 0.0794
1494720000.0000 79350.0000 0.5417 0.3760 -0.0878 0.6617 235.2316 0.0056 0.0041 0.0034 0.0017 -0.0011 -0.0001 0.0065 0.0993 0.0860
1494720000.0000 79650.0000 0.5093 0.3493 -0.0847 0.6201 235.5572 0.0042 0.0028 0.0028 0.0002 -0.0002 0.0005 0.0049 0.0915 0.0781
1494720000.0000 79950.0000 0.5446 0.3422 -0.1102 0.6463 237.8570 0.0031 0.0046 0.0029 0.0003 -0.0005 0.0009 0.0053 0.0914 0.0792
1494720000.0000 80250.0000 0.5199 0.2903 -0.1072 0.5992 240.8209 0.0029 0.0049 0.0035 -0.0001 -0.0005 0.0010 0.0057 0.1015 0.0859
1494720000.0000 80550.0000 0.4554 0.2543 -0.0799 0.5254 240.8187 0.0034 0.0047 0.0026 0.0005 -0.0004 -0.0000 0.0054 0.1133 0.0998
1494720000.0000 80850.0000 0.3409 0.2523 -0.0605 0.4260 233.4955 0.0060 0.0012 0.0023 0.0014 0.0006 0.0002 0.0048 0.1314 0.1155
1494720000.0000 81150.0000 0.5095 0.3004 -0.1017 0.5946 239.4747 0.0026 0.0037 0.0028 -0.0003 -0.0003 0.0010 0.0046 0.0918 0.0777
1494720000.0000 81450.0000 0.5160 0.2923 -0.1002 0.5973 240.4702 0.0024 0.0053 0.0031 -0.0005 -0.0002 0.0012 0.0054 0.1002 0.0858
1494720000.0000 81750.0000 0.5249 0.2589 -0.1117 0.5884 243.7428 0.0035 0.0047 0.0029 0.0010 -0.0009 -0.0006 0.0056 0.1022 0.0897
1494720000.0000 82050.0000 0.4895 0.2503 -0.1102 0.5527 242.9207 0.0021 0.0033 0.0037 -0.0002 -0.0001 -0.0007 0.0046 0.0986 0.0778
1494720000.0000 82350.0000 0.4505 0.2922 -0.0798 0.5405 237.0305 0.0035 0.0030 0.0037 -0.0008 -0.0009 0.0014 0.0051 0.1076 0.0867
1494720000.0000 82650.0000 0.4550 0.2230 -0.0944 0.5103 243.8861 0.0040 0.0053 0.0039 0.0019 -0.0005 0.0015 0.0066 0.1287 0.1098
1494720000.0000 82950.0000 0.3934 0.1887 -0.0946 0.4390 244.3815 0.0019 0.0034 0.0017 0.0010 0.0004 0.0005 0.0035 0.1087 0.0966
1494720000.0000 83250.0000 0.4366 0.2846 -0.0484 0.5233 236.9034 0.0037 0.0028 0.0024 0.0011 -0.0009 0.0001 0.0045 0.1043 0.0897
1494720000.0000 83550.0000 0.3330 0.2121 -0.0273 0.4005 237.4982 0.0127 0.0026 0.0049 0.0013 -0.0033 0.0003 0.0101 0.2075 0.1812
1494720000.0000 83850.0000 0.5102 0.2740 -0.0744 0.5819 241.7614 0.0026 0.0035 0.0027 0.0000 0.0007 -0.0003 0.0044 0.0924 0.0773
1494720000.0000 84150.0000 0.5069 0.3260 -0.1239 0.6072 237.2585 0.0054 0.0049 0.0026 -0.0002 -0.0003 0.0006 0.0065 0.1066 0.0975
1494720000.0000 84450.0000 0.2634 0.2071 -0.0423 0.3403 231.8239 0.0089 0.0034 0.0025 0.0021 0.0003 -0.0001 0.0074 0.2079 0.1911
1494720000.0000 84750.0000 0.3640 0.2292 -0.0142 0.4347 237.8074 0.0043 0.0044 0.0033 0.0008 -0.0006 0.0007 0.0060 0.1470 0.1251
1494720000.0000 85050.0000 0.3517 0.2287 -0.0770 0.4242 236.9693 0.0128 0.0068 0.0042 0.0051 -0.0017 -0.0020 0.0119 0.2086 0.1926
1494720000.0000 85350.0000 0.4089 0.2845 -0.0522 0.5015 235.1739 0.0073 0.0024 0.0046 0.0007 -0.0028 -0.0003 0.0072 0.1380 0.1143
1494720000.0000 85650.0000 0.4293 0.2759 -0.0469 0.5129 237.2746 0.0060 0.0023 0.0045 0.0009 -0.0030 -0.0001 0.0064 0.1278 0.1033
1494720000.0000 85950.0000 0.2918 0.2325 -0.0712 0.3784 231.4549 0.0210 0.0058 0.0061 0.0080 -0.0060 -0.0016 0.0165 0.2758 0.2536
1494720000.0000 86250.0000 0.2904 0.1931 -0.0137 0.3538 236.3833 0.0133 0.0034 0.0027 0.0037 -0.0024 -0.0003 0.0097 0.2305 0.2143
1494806400.0000 86550.0000 0.4039 0.2781 -0.0922 0.4956 235.4500 0.0083 0.0078 0.0052 0.0036 0.0006 0.0007 0.0107 0.1690 0.1494
1494806400.0000 86850.0000 0.4615 0.3499 -0.0611 0.5826 232.8332 0.0112 0.0043 0.0054 0.0030 -0.0033 -0.0012 0.0104 0.1431 0.1239
1494806400.0000 87150.0000 0.3695 0.2454 -0.0137 0.4486 236.4059 0.0084 0.0034 0.0032 0.0006 -0.0008 -0.0001 0.0075 0.1594 0.1414
1494806400.0000 87450.0000 0.4215 0.2271 -0.0675 0.4813 241.6858 0.0023 0.0028 0.0024 0.0004 0.0000 0.0003 0.0038 0.1038 0.0865
1494806400.0000 87750.0000 0.4258 0.2493 -0.0645 0.4963 239.6498 0.0023 0.0028 0.0024 -0.0001 -0.0002 0.0002 0.0037 0.1004 0.0838
1494806400.0000 88050.0000 0.3685 0.2132 -0.0261 0.4294 239.9472 0.0069 0.0040 0.0036 0.0020 -0.0027 -0.0013 0.0073 0.1632 0.1416
1494806400.0000 88350.0000 0.3091 0.1911 -0.0414 0.3671 238.2698 0.0124 0.0031 0.0056 0.0035 -0.0044 -0.0021 0.0105 0.2290 0.1976
1494806400.0000 88650.0000 0.4465 0.2481 -0.0536 0.5133 240.9364 0.0042 0.0021 0.0030 0.0001 -0.0002 0.0007 0.0047 0.1085 0.0898
1494806400.0000 88950.0000 0.4701 0.2932 -0.1311 0.5568 238.0547 0.0022 0.0032 0.0041 -0.0002 0.0006 0.0006 0.0048 0.0995 0.0771
1494806400.0000 89250.0000 0.4598 0.3085 -0.1169 0.5564 236.1379 0.0051 0.0035 0.0039 0.0011 -0.0007 0.0008 0.0063 0.1141 0.0968
1494806400.0000 89550.0000 0.4558 0.3018 -0.0892 0.5523 236.4897 0.0046 0.0059 0.0029 -0.0003 -0.0004 -0.0001 0.0067 0.1209 0.1083
1494806400.0000 89850.0000 0.4322 0.2615 -0.0926 0.5116 238.8285 0.0054 0.0077 0.0045 0.0010 -0.0005 -0.0002 0.0088 0.1491 0.1310
1494806400.0000 90150.0000 0.3741 0.2642 -0.0769 0.4615 234.7714 0.0072 0.0026 0.0043 0.0012 0.0002 0.0001 0.0070 0.1472 0.1243
1494806400.0000 90450.0000 0.3627 0.2629 -0.0886 0.4522 234.0579 0.0080 0.0018 0.0034 0.0001 0.0002 0.0003 0.0066 0.1451 0.1274
1494806400.0000 90750.0000 0.4050 0.2402 -0.0914 0.4756 239.3259 0.0083 0.0035 0.0042 0.0005 -0.0010 0.0002 0.0080 0.1521 0.1327
1494806400.0000 91050.0000 0.3129 0.2411 -0.0736 0.4010 232.3921 0.0168 0.0041 0.0029 0.0041 -0.0014 -0.0007 0.0119 0.2217 0.2112
1494806400.0000 91350.0000 0.3460 0.2420 -0.0462 0.4262 235.0302 0.0099 0.0021 0.0023 0.0015 -0.0007 0.0005 0.0071 0.1625 0.1499
1494806400.0000 91650.0000 0.1651 0.1289 0.0550 0.2254 232.0170 0.0160 0.0070 0.0070 0.0058 0.0020 0.0002 0.0150 0.4624 0.4183
1494806400.0000 91950.0000 0.1653 0.1674 -0.0120 0.2556 224.6362 0.0166 0.0018 0.0025 0.0001 -0.0016 0.0003 0.0105 0.3546 0.3328
1494806400.0000 92250.0000 0.3502 0.2269 -0.0554 0.4217 237.0584 0.0143 0.0026 0.0053 0.0028 -0.0000 -0.0000 0.0111 0.2042 0.1798
1494806400.0000 92550.0000 0.4752 0.2855 -0.0985 0.5588 238.9978 0.0046 0.0043 0.0046 -0.0005 -0.0002 0.0010 0.0067 0.1189 0.0979
1494806400.0000 92850.0000 0.4687 0.2409 -0.0910 0.5313 242.8011 0.0072 0.0058 0.0035 0.0020 -0.0000 0.0008 0.0082 0.1383 0.1246
1494806400.0000 93150.0000 0.4208 0.2158 -0.0841 0.4768 242.8498 0.0048 0.0064 0.0026 0.0034 0.0000 0.0001 0.0069 0.1414 0.1292
1494806400.0000 93450.0000 0.4729 0.2835 -0.0828 0.5546 239.0599 0.0032 0.0044 0.0040 0.0007 0.0004 0.0011 0.0058 0.1116 0.0914
1494806400.0000 93750.0000 0.3737 0.2730 -0.0222 0.4662 233.8482 0.0092 0.0035 0.0039 0.0023 -0.0027 -0.0006 0.0083 0.1602 0.1404
1494806400.0000 94050.0000 0.4848 0.2838 -0.0975 0.5668 239.6614 0.0045 0.0058 0.0060 -0.0000 0.0008 0.0002 0.0082 0.1294 0.1044
1494806400.0000 94350.0000 0.4176 0.3034 -0.0878 0.5201 234.0044 0.0071 0.0041 0.0066 0.0013 0.0010 0.0024 0.0089 0.1470 0.1183
1494806400.0000 94650.0000 0.4980 0.3137 -0.0941 0.5924 237.7918 0.0073 0.0034 0.0053 0.0001 -0.0030 0.0006 0.0080 0.1223 0.1014
1494806400.0000 94950.0000 0.5808 0.3510 -0.1459 0.6817 238.8528 0.0028 0.0055 0.0040 0.0005 -0.0002 0.0012 0.0062 0.0925 0.0776
1494806400.0000 95250.0000 0.6025 0.3665 -0.1295 0.7083 238.6850 0.0028 0.0055 0.0033 0.0005 -0.0000 0.0011 0.0057 0.0863 0.0742
1494806400.0000 95550.0000 0.5585 0.3398 -0.1155 0.6571 238.6811 0.0053 0.0043 0.0037 0.0003 -0.0006 0.0004 0.0066 0.1001 0.0865
1494806400.0000 95850.0000 0.5738 0.3435 -0.1314 0.6742 239.0943 0.0082 0.0092 0.0049 0.0020 -0.0019 -0.0001 0.0112 0.1266 0.1138
1494806400.0000 96150.0000 0.4044 0.3188 -0.0771 0.5172 231.7493 0.0080 0.0021 0.0028 0.0020 0.0002 -0.0000 0.0064 0.1255 0.1122
1494806400.0000 96450.0000 0.5117 0.3006 -0.1022 0.5966 239.5723 0.0054 0.0053 0.0022 0.0017 0.0003 0.0000 0.0064 0.1087 0.1002
1494806400.0000 96750.0000 0.5453 0.3133 -0.1340 0.6321 240.1201 0.0072 0.0028 0.0036 -0.0001 -0.0021 -0.0001 0.0068 0.1049 0.0919
1494806400.0000 97050.0000 0.5791 0.3892 -0.1345 0.7018 236.0953 0.0047 0.0063 0.0045 0.0001 -0.0000 0.0009 0.0077 0.1010 0.0865
1494806400.0000 97350.0000 0.4990 0.3034 -0.1047 0.5880 238.6957 0.0093 0.0046 0.0049 0.0014 0.0010 0.0017 0.0094 0.1335 0.1168
1494806400.0000 97650.0000 0.5127 0.3467 -0.0967 0.6217 235.9340 0.0064 0.0032 0.0043 0.0010 0.0019 0.0014 0.0070 0.1087 0.0915
1494806400.0000 97950.0000 0.5318 0.3132 -0.1451 0.6210 239.5056 0.0087 0.0077 0.0033 0.0043 0.0012 0.0013 0.0099 0.1282 0.1201
1494806400.0000 98250.0000 0.5339 0.2821 -0.1402 0.6076 242.1452 0.0038 0.0065 0.0025 0.0017 -0.0002 0.0001 0.0064 0.1051 0.0968
1494806400.0000 98550.0000 0.5151 0.3183 -0.1305 0.6100 238.2866 0.0027 0.0059 0.0038 -0.0006 -0.0004 0.0017 0.0062 0.1040 0.0885
1494806400.0000 98850.0000 0.4598 0.2694 -0.0947 0.5367 239.6391 0.0062 0.0064 0.0041 0.0027 -0.0012 -0.0004 0.0083 0.1376 0.1214
1494806400.0000 99150.0000 0.3193 0.1750 -0.0585 0.3715 241.2771 0.0103 0.0075 0.0036 0.0045 -0.0003 0.0008 0.0107 0.2291 0.2119
1494806400.0000 99450.0000 0.4518 0.2694 -0.1018 0.5306 239.1908 0.0029 0.0048 0.0027 -0.0006 -0.0002 0.0013 0.0052 0.1098 0.0963
1494806400.0000 99750.0000 0.3450 0.2098 -0.0354 0.4080 238.6975 0.0029 0.0040 0.0026 0.0006 -0.0009 0.0001 0.0047 0.1387 0.1187
1494806400.0000 100050.0000 0.2152 0.0361 -0.0673 0.2345 260.4832 0.0068 0.0084 0.0068 0.0052 0.0017 0.0006 0.0110 0.3749 0.3265
1494806400.0000 100350.0000 0.2525 0.1635 -0.0849 0.3062 237.0740 0.0053 0.0047 0.0037 0.0023 0.0010 0.0016 0.0069 0.2170 0.1925
1494806400.0000 100650.0000 0.3761 0.1792 -0.1261 0.4415 244.5305 0.0084 0.0235 0.0059 0.0029 0.0013 0.0035 0.0189 0.2580 0.2475
1494806400.0000 100950.0000 0.2516 0.1735 -0.0554 0.3095 235.4103 0.0072 0.0013 0.0028 0.0011 -0.0000 -0.0000 0.0057 0.1977 0.1742
1494806400.0000 101250.0000 0.3043 0.2043 -0.0470 0.3713 236.1282 0.0061 0.0040 0.0046 0.0014 -0.0012 -0.0001 0.0074 0.1898 0.1584
1494806400.0000 101550.0000 0.3037 0.2344 -0.0555 0.3883 232.3320 0.0095 0.0030 0.0048 0.0021 -0.0029 -0.0006 0.0086 0.1958 0.1683
1494806400.0000 101850.0000 0.3077 0.2008 -0.0490 0.3732 236.8683 0.0096 0.0048 0.0044 0.0026 -0.0001 -0.0003 0.0094 0.2136 0.1888
1494806400.0000 102150.0000 0.3076 0.1917 -0.0845 0.3748 238.0726 0.0129 0.0084 0.0061 0.0022 -0.0008 0.0037 0.0137 0.2567 0.2325
1494806400.0000 102450.0000 0.2039 0.1417 -0.0250 0.2545 235.2045 0.0048 0.0042 0.0045 0.0016 -0.0007 -0.0024 0.0067 0.2684 0.2201
1494806400.0000 102750.0000 0.2808 0.2372 -0.0598 0.3746 229.8069 0.0110 0.0063 0.0054 0.0036 0.0017 0.0017 0.0114 0.2340 0.2070
1494806400.0000 103050.0000 0.2558 0.1737 -0.0627 0.3149 235.8274 0.0046 0.0036 0.0064 0.0007 0.0016 0.0019 0.0073 0.2209 0.1683
1494806400.0000 103350.0000 0.2830 0.2215 -0.0524 0.3642 231.9498 0.0108 0.0032 0.0033 0.0030 -0.0013 -0.0004 0.0087 0.2091 0.1904
1494806400.0000 103650.0000 0.2887 0.1674 -0.0403 0.3436 239.8975 0.0109 0.0075 0.0045 0.0033 -0.0013 0.0023 0.0114 0.2598 0.2348
1494806400.0000 103950.0000 0.1021 0.1029 -0.0540 0.1813 224.7784 0.0066 0.0116 0.0028 0.0022 -0.0002 -0.0020 0.0105 0.5401 0.5361
1494806400.0000 104250.0000 0.0475 0.1455 -0.0364 0.2194 198.0927 0.0163 0.0223 0.0145 -0.0052 -0.0003 -0.0072 0.0266 0.8460 0.7418
1494806400.0000 104550.0000 0.1950 0.1525 -0.0325 0.2588 231.9617 0.0046 0.0062 0.0047 0.0005 -0.0003 0.0000 0.0077 0.2876 0.2424
1494806400.0000 104850.0000 0.2894 0.2227 -0.0696 0.3700 232.4226 0.0088 0.0036 0.0038 0.0024 -0.0016 -0.0002 0.0081 0.1974 0.1757
1494806400.0000 105150.0000 0.3675 0.2535 -0.0793 0.4518 235.4050 0.0084 0.0056 0.0040 0.0021 -0.0016 -0.0009 0.0090 0.1709 0.1533
1494806400.0000 105450.0000 0.0879 0.0569 -0.0422 0.1801 237.0631 0.0138 0.0193 0.0069 0.0092 -0.0001 -0.0019 0.0200 1.0227 1.0030
1494806400.0000 105750.0000 0.0673 -0.0690 0.0247 0.1220 315.7071 0.0051 0.0062 0.0069 -0.0006 0.0003 -0.0015 0.0091 0.7830 0.6360
1494806400.0000 106050.0000 0.1649 0.0784 -0.0292 0.2170 244.5662 0.0130 0.0083 0.0050 0.0057 -0.0014 0.0012 0.0132 0.5073 0.4621
1494806400.0000 106350.0000 0.0408 0.1735 -0.0693 0.2036 193.2204 0.0084 0.0079 0.0051 0.0014 0.0028 0.0000 0.0107 0.4416 0.4134
1494806400.0000 106650.0000 0.1178 0.2376 -0.0480 0.2745 206.3801 0.0059 0.0055 0.0086 0.0008 -0.0016 0.0003 0.0100 0.3031 0.2323
1494806400.0000 106950.0000 0.3748 0.2380 -0.0773 0.4487 237.5795 0.0080 0.0055 0.0035 0.0026 -0.0003 0.0010 0.0085 0.1675 0.1514
1494806400.0000 107250.0000 0.1448 0.0117 -0.0611 0.1974 265.3856 0.0076 0.0191 0.0068 -0.0010 -0.0006 -0.0000 0.0167 0.6703 0.6496
1494806400.0000 107550.0000 0.0754 0.2090 -0.0252 0.2650 199.8371 0.0200 0.0104 0.0058 -0.0063 0.0059 -0.0034 0.0181 0.4909 0.4528
1494806400.0000 107850.0000 0.0613 0.1002 -0.0148 0.1719 211.4593 0.0157 0.0044 0.0032 0.0028 -0.0011 -0.0002 0.0116 0.7445 0.6964
1494806400.0000 108150.0000 0.0881 0.1357 -0.0472 0.1928 212.9791 0.0134 0.0024 0.0036 -0.0002 -0.0043 -0.0003 0.0097 0.4775 0.4491
1494806400.0000 108450.0000 0.1443 0.0786 -0.0778 0.1886 241.4273 0.0070 0.0050 0.0042 -0.0029 0.0024 -0.0024 0.0081 0.4041 0.3841
1494806400.0000 108750.0000 0.0242 0.0836 -0.0129 0.1112 196.1328 0.0059 0.0010 0.0028 0.0001 0.0023 -0.0002 0.0049 0.6462 0.5507
1494806400.0000 109050.0000 -0.0932 -0.0861 0.0295 0.1389 47.2592 0.0009 0.0034 0.0009 -0.0004 -0.0000 -0.0008 0.0026 0.3212 0.3003
1494806400.0000 109350.0000 0.0267 -0.1558 -0.0108 0.1750 350.2662 0.0078 0.0066 0.0050 -0.0029 -0.0004 0.0030 0.0097 0.5071 0.4382
1494806400.0000 109650.0000 -0.0747 -0.1013 0.0444 0.1567 36.3960 0.0088 0.0054 0.0061 0.0017 -0.0030 0.0005 0.0101 0.6163 0.5471
1494806400.0000 109950.0000 -0.0366 -0.0983 0.0386 0.1472 20.3980 0.0093 0.0076 0.0068 -0.0039 -0.0030 0.0016 0.0118 0.7944 0.7151
1494806400.0000 110250.0000 0.0342 -0.1891 -0.0311 0.3028 349.7572 0.0464 0.0329 0.0324 -0.0273 -0.0251 0.0211 0.0558 0.9912 0.8460
1494806400.0000 110550.0000 -0.2105 -0.2152 0.1063 0.3304 44.3740 0.0181 0.0127 0.0156 0.0026 -0.0015 0.0035 0.0232 0.3892 0.3364
1494806400.0000 110850.0000 -0.1818 -0.1649 0.0853 0.2577 47.7855 0.0091 0.0068 0.0125 0.0019 -0.0045 -0.0003 0.0142 0.3742 0.2965
1494806400.0000 111150.0000 0.0470 -0.0205 0.0461 0.2162 293.5030 0.0263 0.0277 0.0171 0.0150 0.0004 -0.0011 0.0355 2.2312 2.6147
1494806400.0000 111450.0000 -0.2664 -0.2154 0.0944 0.3622 51.0426 0.0171 0.0104 0.0167 0.0034 0.0011 -0.0018 0.0221 0.3417 0.2796
1494806400.0000 111750.0000 -0.2555 -0.1121 0.1612 0.3089 66.3117 0.0192 0.0133 0.0209 0.0049 -0.0038 0.0007 0.0267 0.4143 0.3734
1494806400.0000 112050.0000 -0.2767 -0.3087 0.1767 0.4353 41.8716 0.0297 0.0146 0.0248 0.0075 0.0044 0.0015 0.0345 0.3367 0.2932
1494806400.0000 112350.0000 -0.1849 -0.3249 0.2011 0.3914 29.6523 0.0178 0.0085 0.0194 0.0034 0.0040 0.0028 0.0229 0.2909 0.2507
1494806400.0000 112650.0000 -0.1808 -0.2596 0.1500 0.3620 34.8586 0.0330 0.0156 0.0158 -0.0029 0.0014 0.0008 0.0322 0.4185 0.4023
1494806400.0000 112950.0000 -0.3000 -0.1987 0.0578 0.3898 56.4802 0.0123 0.0218 0.0238 -0.0015 0.0050 0.0041 0.0290 0.3812 0.2962
1494806400.0000 113250.0000 -0.2559 -0.2085 0.0833 0.3699 50.8274 0.0282 0.0203 0.0424 -0.0004 0.0068 -0.0034 0.0455 0.5114 0.3852
1494806400.0000 113550.0000 -0.2947 -0.1902 0.0976 0.4155 57.1602 0.0398 0.0310 0.0403 -0.0081 0.0050 -0.0127 0.0555 0.5285 0.4380
1494806400.0000 113850.0000 -0.3362 -0.1259 0.1967 0.3973 69.4712 0.0206 0.0281 0.0318 0.0079 -0.0105 -0.0121 0.0403 0.4003 0.3552
1494806400.0000 114150.0000 -0.2944 -0.1415 0.0191 0.3720 64.3306 0.0204 0.0314 0.0234 0.0033 0.0008 0.0108 0.0377 0.4844 0.4027
1494806400.0000 114450.0000 -0.2815 -0.0921 0.0259 0.3612 71.8905 0.0184 0.0391 0.0221 0.0005 0.0025 -0.0018 0.0398 0.5480 0.4676
1494806400.0000 114750.0000 -0.2190 -0.1076 0.0922 0.2855 63.8362 0.0257 0.0121 0.0296 -0.0021 -0.0007 -0.0016 0.0337 0.5746 0.4602
1494806400.0000 115050.0000 -0.1031 -0.1547 0.2072 0.2247 33.6713 0.0130 0.0102 0.0094 -0.0033 0.0032 -0.0008 0.0164 0.3752 0.4738
1494806400.0000 115350.0000 -0.3101 -0.0978 0.1140 0.3500 72.4929 0.0158 0.0141 0.0586 0.0003 0.0051 -0.0058 0.0443 0.4985 0.3069
1494806400.0000 115650.0000 -0.2735 -0.1554 0.0674 0.3525 60.3996 0.0268 0.0203 0.0506 0.0006 -0.0064 0.0105 0.0489 0.5612 0.3986
1494806400.0000 115950.0000 -0.1355 -0.1350 0.0106 0.2606 45.0923 0.0208 0.0225 0.0202 -0.0048 -0.0023 0.0094 0.0317 0.7594 0.6284
1494806400.0000 116250.0000 -0.2854 -0.1577 0.0850 0.3382 61.0774 0.0076 0.0097 0.0156 0.0021 0.0006 0.0001 0.0164 0.3103 0.2324
1494806400.0000 116550.0000 -0.2400 -0.1899 0.0200 0.3284 51.6469 0.0172 0.0136 0.0248 0.0016 0.0025 0.0019 0.0278 0.4440 0.3314
1494806400.0000 116850.0000 -0.2900 -0.1717 0.0942 0.3577 59.3728 0.0197 0.0179 0.0443 0.0094 -0.0059 -0.0013 0.0409 0.4720 0.3321
1494806400.0000 117150.0000 -0.1925 -0.2467 0.0906 0.4565 37.9750 0.1074 0.0389 0.0305 -0.0302 0.0167 0.0058 0.0884 0.7453 0.7058
1494806400.0000 117450.0000 -0.3042 -0.2227 0.0383 0.4312 53.7929 0.0305 0.0531 0.0427 0.0014 0.0004 0.0247 0.0631 0.5415 0.4429
1494806400.0000 117750.0000 -0.3144 -0.2274 0.0228 0.4199 54.1206 0.0333 0.0293 0.0325 0.0056 0.0150 0.0092 0.0475 0.4580 0.3721
1494806400.0000 118050.0000 -0.3600 -0.2388 0.0398 0.4705 56.4456 0.0385 0.0240 0.0232 -0.0035 0.0141 0.0033 0.0429 0.3897 0.3343
1494806400.0000 118350.0000 -0.3677 -0.3026 0.0595 0.5169 50.5463 0.0450 0.0462 0.0497 0.0058 0.0167 0.0106 0.0704 0.4515 0.3661
1494806400.0000 118650.0000 -0.3799 -0.2597 0.1557 0.4872 55.6447 0.0239 0.0213 0.0348 -0.0017 -0.0051 0.0056 0.0400 0.3361 0.2667
1494806400.0000 118950.0000 -0.4326 -0.2868 0.2036 0.5382 56.4568 0.0259 0.0197 0.0638 0.0047 -0.0004 0.0112 0.0547 0.3425 0.2374
1494806400.0000 119250.0000 -0.3094 -0.2002 0.0549 0.4296 57.0902 0.0339 0.0455 0.0384 0.0001 0.0041 0.0007 0.0588 0.5316 0.4412
1494806400.0000 119550.0000 -0.1924 -0.3262 0.0990 0.4138 30.5317 0.0439 0.0378 0.0329 0.0168 0.0139 0.0123 0.0573 0.4992 0.4357
1494806400.0000 119850.0000 -0.2528 -0.3970 0.1584 0.5413 32.4950 0.0733 0.0590 0.0532 0.0036 0.0096 0.0113 0.0927 0.5007 0.4462
1494806400.0000 120150.0000 -0.4056 -0.2477 0.1045 0.5162 58.5836 0.0331 0.0389 0.0465 -0.0002 0.0100 0.0032 0.0593 0.4084 0.3260
1494806400.0000 120450.0000 -0.3585 -0.2842 0.0501 0.5363 51.5901 0.0714 0.0704 0.0498 0.0112 0.0104 0.0066 0.0958 0.5491 0.4752
1494806400.0000 120750.0000 -0.3528 -0.1969 0.1127 0.4831 60.8282 0.0283 0.0711 0.0386 0.0037 0.0065 0.0091 0.0690 0.5113 0.4505
1494806400.0000 121050.0000 -0.2121 -0.2195 0.1029 0.3393 44.0263 0.0234 0.0204 0.0177 0.0038 0.0022 -0.0021 0.0308 0.4448 0.3962
1494806400.0000 121350.0000 -0.0579 -0.3496 0.1885 0.4820 9.3973 0.1049 0.0589 0.0365 -0.0556 -0.0225 0.0108 0.1001 0.6438 0.6594
1494806400.0000 121650.0000 -0.1336 -0.3286 0.0272 0.4163 22.1312 0.0539 0.0435 0.0411 0.0092 0.0134 0.0054 0.0692 0.6038 0.5078
1494806400.0000 121950.0000 -0.1509 -0.3827 0.0584 0.4890 21.5201 0.0781 0.0493 0.0301 0.0212 0.0125 0.0072 0.0787 0.5514 0.5009
1494806400.0000 122250.0000 -0.2198 -0.2793 0.1814 0.4134 38.1974 0.0512 0.0239 0.0408 -0.0022 -0.0043 0.0018 0.0579 0.4925 0.4450
1494806400.0000 122550.0000 -0.2821 -0.3536 0.1622 0.4980 38.5834 0.0484 0.0309 0.0455 0.0046 -0.0053 -0.0056 0.0624 0.4244 0.3594
1494806400.0000 122850.0000 -0.2970 -0.1870 0.0658 0.3851 57.7963 0.0365 0.0376 0.0434 0.0148 0.0100 -0.0016 0.0587 0.5541 0.4477
1494806400.0000 123150.0000 -0.2494 -0.2096 0.1348 0.4178 49.9569 0.0428 0.0631 0.0342 -0.0034 0.0042 -0.0035 0.0701 0.6131 0.5768
1494806400.0000 123450.0000 -0.2211 0.0057 0.0788 0.4465 91.4786 0.0616 0.1267 0.0731 0.0040 -0.0123 -0.0159 0.1307 1.2567 1.1323
1494806400.0000 123750.0000 -0.3575 -0.1441 0.2370 0.4672 68.0533 0.0580 0.0422 0.0606 -0.0022 -0.0185 -0.0098 0.0804 0.5115 0.4741
1494806400.0000 124050.0000 -0.3453 -0.2596 0.0058 0.5187 53.0629 0.1177 0.0574 0.0471 0.0217 0.0206 0.0131 0.1111 0.6301 0.5594
1494806400.0000 124350.0000 -0.2043 -0.1123 0.0694 0.3511 61.1893 0.0501 0.0382 0.0644 0.0036 -0.0018 -0.0108 0.0764 0.9277 0.7362
1494806400.0000 124650.0000 -0.2826 -0.3725 0.1552 0.5483 37.1800 0.0893 0.0683 0.0759 -0.0027 0.0297 -0.0100 0.1167 0.5662 0.4902
1494806400.0000 124950.0000 -0.2150 -0.3535 0.0744 0.5097 31.3043 0.0936 0.0510 0.0610 0.0012 0.0271 0.0116 0.1028 0.6226 0.5305
1494806400.0000 125250.0000 -0.2026 -0.1639 0.1796 0.4103 51.0254 0.0436 0.0915 0.0463 -0.0059 -0.0007 -0.0026 0.0907 0.7770 0.8145
1494806400.0000 125550.0000 -0.3966 0.1158 0.0008 0.7014 106.2835 0.0816 0.3839 0.1272 -0.0529 0.0197 -0.1112 0.2963 1.0758 0.9534
1494806400.0000 125850.0000 -0.1983 0.0071 0.0384 0.5366 92.0603 0.1377 0.1613 0.0804 0.0627 0.0024 -0.0056 0.1897 1.7600 1.5913
1494806400.0000 126150.0000 -0.2477 -0.1269 0.0214 0.5254 62.8818 0.0951 0.1702 0.0801 -0.0133 0.0082 0.0106 0.1727 1.2157 1.0685
1494806400.0000 126450.0000 -0.2036 -0.0785 -0.0078 0.4858 68.9255 0.0988 0.1481 0.1150 0.0169 0.0165 -0.0734 0.1810 1.5907 1.3147
1494806400.0000 126750.0000 -0.3674 -0.2190 0.2336 0.5107 59.2011 0.0764 0.0490 0.0686 0.0052 0.0006 0.0082 0.0970 0.5217 0.4779
1494806400.0000 127050.0000 -0.3248 -0.1303 0.1787 0.4616 68.1399 0.0776 0.0526 0.0791 -0.0031 -0.0091 -0.0017 0.1046 0.6721 0.5952
1494806400.0000 127350.0000 -0.3554 0.0262 0.0331 0.5313 94.2217 0.1099 0.1331 0.1330 0.0191 0.0180 -0.0271 0.1879 0.9891 0.7986
1494806400.0000 127650.0000 -0.0475 -0.1007 -0.0284 0.3766 25.2507 0.0943 0.0791 0.0934 0.0184 -0.0422 -0.0248 0.1334 2.5946 2.1587
1494806400.0000 127950.0000 -0.4257 -0.2531 0.0589 0.6241 59.2664 0.1464 0.0921 0.1023 0.0024 0.0174 0.0124 0.1704 0.6758 0.5693
1494806400.0000 128250.0000 -0.2214 -0.2598 0.0380 0.4262 40.4441 0.0633 0.0587 0.0582 0.0237 0.0207 0.0116 0.0901 0.7135 0.5908
1494806400.0000 128550.0000 -0.1586 -0.3710 0.0950 0.5743 23.1389 0.1698 0.1153 0.0742 -0.0646 0.0162 0.0056 0.1797 0.8349 0.7640
1494806400.0000 128850.0000 -0.3668 -0.0584 0.0472 0.5286 80.9549 0.0690 0.1518 0.0862 0.0044 0.0214 -0.0308 0.1535 0.8545 0.7305
1494806400.0000 129150.0000 -0.2326 -0.0245 0.0035 0.4759 83.9871 0.0689 0.2271 0.1137 -0.0434 0.0277 -0.1012 0.2048 1.5799 1.3430
1494806400.0000 129450.0000 -0.2357 -0.1910 0.0624 0.3974 50.9883 0.0653 0.0542 0.0746 -0.0002 0.0339 0.0046 0.0971 0.8212 0.6579
1494806400.0000 129750.0000 -0.3052 0.2179 -0.0269 0.5452 125.5275 0.0944 0.1804 0.1708 -0.0064 0.0003 -0.0661 0.2228 1.0249 0.8069
1494806400.0000 130050.0000 -0.3025 0.0016 -0.0495 0.4747 90.3121 0.0671 0.1617 0.1501 -0.0029 -0.0045 -0.0708 0.1895 1.1592 0.9128
1494806400.0000 130350.0000 -0.2322 0.0332 0.0162 0.4031 98.1344 0.0709 0.0839 0.0956 0.0054 0.0028 -0.0193 0.1252 1.2291 0.9686
1494806400.0000 130650.0000 -0.2553 0.0252 0.1427 0.3965 95.6437 0.0526 0.0865 0.0553 0.0029 -0.0083 -0.0195 0.0972 0.8672 0.8393
1494806400.0000 130950.0000 -0.2035 -0.0448 0.0633 0.3186 77.5928 0.0246 0.0581 0.0478 0.0028 -0.0059 -0.0202 0.0652 0.9574 0.7966
1494806400.0000 131250.0000 -0.2417 -0.0263 0.0569 0.4047 83.8024 0.0424 0.1339 0.1100 0.0101 0.0077 -0.0505 0.1432 1.2371 0.9970
1494806400.0000 131550.0000 -0.1879 -0.0037 -0.0637 0.3113 88.8624 0.0478 0.0403 0.0582 0.0015 -0.0060 0.0066 0.0731 1.1128 0.9116
1494806400.0000 131850.0000 -0.1677 0.2399 -0.0726 0.5205 145.0444 0.0697 0.2252 0.1696 -0.0039 0.0073 -0.1442 0.2323 1.3047 1.0710
1494806400.0000 132150.0000 -0.2332 0.0425 0.0276 0.3769 100.3260 0.0470 0.0775 0.0725 0.0084 -0.0041 -0.0045 0.0985 1.0741 0.8598
1494806400.0000 132450.0000 -0.2107 0.0572 0.0345 0.3219 105.1736 0.0274 0.0558 0.0494 -0.0033 -0.0038 -0.0199 0.0663 0.9510 0.7627
1494806400.0000 132750.0000 0.1337 -0.1169 0.0981 0.2258 311.1666 0.0145 0.0194 0.0198 -0.0008 -0.0028 -0.0081 0.0268 0.6592 0.5987
1494806400.0000 133050.0000 -0.1560 0.0652 0.0063 0.2095 112.6763 0.0165 0.0139 0.0091 -0.0020 -0.0027 -0.0007 0.0197 0.6777 0.5951
1494806400.0000 133350.0000 -0.2168 0.0705 0.0943 0.3908 108.0224 0.0726 0.0886 0.0459 -0.0317 0.0263 -0.0348 0.1036 1.0650 1.0167
1494806400.0000 133650.0000 0.0573 0.1137 0.0750 0.3284 206.7539 0.0522 0.0593 0.0185 -0.0148 -0.0044 0.0165 0.0650 1.4093 1.5145
1494806400.0000 133950.0000 0.1432 -0.2468 -0.0100 0.3960 329.8751 0.0649 0.0750 0.0417 -0.0335 -0.0050 0.0102 0.0908 0.8618 0.7568
1494806400.0000 134250.0000 -0.1185 -0.3030 0.0620 0.5064 21.3632 0.0976 0.1552 0.0931 -0.0631 -0.0387 0.0328 0.1730 1.0252 0.8922
1494806400.0000 134550.0000 -0.3201 -0.0875 0.2215 0.4291 74.7172 0.0598 0.0535 0.0438 0.0071 -0.0083 -0.0037 0.0786 0.5736 0.5858
1494806400.0000 134850.0000 -0.2572 -0.1707 -0.0674 0.4822 56.4319 0.0432 0.1712 0.0491 -0.0443 0.0219 -0.0369 0.1317 0.9379 0.8660
1494806400.0000 135150.0000 0.1854 -0.2865 0.1175 0.3995 327.0906 0.0408 0.0698 0.0753 -0.0172 -0.0051 0.0361 0.0930 0.6897 0.5627
1494806400.0000 135450.0000 0.2014 -0.3631 -0.1338 0.4957 330.9854 0.0739 0.0770 0.0703 -0.0356 0.0209 -0.0063 0.1106 0.6224 0.5401
1494806400.0000 135750.0000 -0.0814 -0.2839 0.0962 0.3628 16.0000 0.0522 0.0182 0.0325 0.0029 -0.0052 0.0070 0.0515 0.5963 0.5188
1494806400.0000 136050.0000 -0.1723 -0.1345 0.0797 0.4555 52.0312 0.1117 0.1212 0.1025 -0.0290 0.0205 -0.0472 0.1677 1.4370 1.2747
1494806400.0000 136350.0000 -0.1109 -0.1142 0.1330 0.2572 44.1602 0.0253 0.0328 0.0284 -0.0032 0.0034 0.0033 0.0433 0.8186 0.8745
1494806400.0000 136650.0000 -0.2186 -0.0975 0.0460 0.3579 65.9534 0.0649 0.0487 0.0484 0.0048 -0.0051 0.0129 0.0810 0.9532 0.8128
1494806400.0000 136950.0000 -0.2520 -0.1601 0.0379 0.3954 57.5799 0.0625 0.0449 0.0774 0.0199 -0.0144 -0.0099 0.0924 0.8247 0.6337
1494806400.0000 137250.0000 0.0911 -0.1589 0.0534 0.3147 330.1620 0.0623 0.0551 0.0415 -0.0276 -0.0116 0.0071 0.0794 1.2061 1.0799
1494806400.0000 137550.0000 -0.0609 -0.2971 0.0678 0.3876 11.5777 0.0617 0.0437 0.0565 0.0001 -0.0111 0.0070 0.0810 0.7478 0.6184
1494806400.0000 137850.0000 -0.0073 -0.1706 0.0821 0.3418 2.4371 0.0658 0.0639 0.0495 -0.0405 -0.0183 0.0109 0.0896 1.2899 1.2175
1494806400.0000 138150.0000 -0.0190 -0.0947 0.1223 0.2489 11.3439 0.0327 0.0373 0.0359 -0.0172 -0.0083 0.0105 0.0530 1.2059 1.5814
1494806400.0000 138450.0000 0.2646 -0.6292 -0.1682 0.7202 337.1882 0.0926 0.1390 0.1111 -0.0817 -0.0386 0.0514 0.1714 0.4808 0.4071
1494806400.0000 138750.0000 0.1374 0.0624 -0.0025 0.2727 245.5954 0.0458 0.0255 0.0310 0.0125 -0.0136 -0.0064 0.0511 1.2231 1.0213
1494806400.0000 139050.0000 0.0835 0.1566 -0.0968 0.2413 208.0566 0.0311 0.0145 0.0306 0.0036 -0.0133 -0.0057 0.0381 0.7883 0.6943
1494806400.0000 139350.0000 0.0095 0.2331 -0.0521 0.2810 182.3440 0.0217 0.0148 0.0233 -0.0017 0.0002 -0.0091 0.0299 0.5904 0.4723
1494806400.0000 139650.0000 0.1490 0.2157 -0.0828 0.3371 214.6410 0.0517 0.0091 0.0251 -0.0016 -0.0155 0.0023 0.0430 0.6154 0.5430
1494806400.0000 139950.0000 0.2925 0.2859 -0.2713 0.4490 225.6550 0.0389 0.0435 0.0726 0.0102 -0.0074 -0.0392 0.0775 0.4632 0.4052
1494806400.0000 140250.0000 0.0945 -0.0634 0.0146 0.1770 303.8642 0.0231 0.0066 0.0198 -0.0005 -0.0015 0.0015 0.0248 1.1194 0.8741
1494806400.0000 140550.0000 0.2097 0.1152 -0.0557 0.2802 241.2238 0.0224 0.0123 0.0092 0.0054 0.0019 -0.0000 0.0219 0.4924 0.4493
1494806400.0000 140850.0000 0.1535 0.1752 -0.0366 0.3095 221.2115 0.0461 0.0360 0.0142 0.0059 -0.0066 0.0031 0.0482 0.7601 0.7104
1494806400.0000 141150.0000 0.0061 -0.1652 0.0614 0.2323 357.8983 0.0314 0.0156 0.0166 0.0009 -0.0090 0.0002 0.0318 0.8254 0.7569
1494806400.0000 141450.0000 -0.1554 -0.1614 0.0382 0.2553 43.9152 0.0206 0.0172 0.0195 0.0083 -0.0001 -0.0082 0.0286 0.6078 0.5007
1494806400.0000 141750.0000 0.1326 -0.0224 0.0180 0.2280 279.5744 0.0171 0.0284 0.0123 -0.0074 -0.0019 -0.0062 0.0289 1.0237 0.9165
1494806400.0000 142050.0000 0.2350 -0.3582 -0.0386 0.4563 326.7317 0.0526 0.0576 0.0281 -0.0375 -0.0108 0.0083 0.0692 0.4992 0.4474
1494806400.0000 142350.0000 0.2042 0.0468 -0.0534 0.2917 257.0826 0.0503 0.0187 0.0147 0.0083 -0.0001 -0.0047 0.0419 0.7727 0.7239
1494806400.0000 142650.0000 0.1735 0.0167 -0.0741 0.2915 264.4901 0.0183 0.0538 0.0369 -0.0001 -0.0010 -0.0101 0.0545 1.0065 0.8893
1494806400.0000 142950.0000 -0.0563 0.0662 0.0135 0.2238 139.6182 0.0161 0.0372 0.0261 0.0053 -0.0072 -0.0130 0.0397 1.8504 1.5345
1494806400.0000 143250.0000 0.2167 -0.3629 -0.0617 0.5848 329.1584 0.1329 0.1719 0.0976 -0.0449 -0.0620 0.0496 0.2012 0.8574 0.7542
1494806400.0000 143550.0000 -0.1637 -0.0257 0.0972 0.4220 81.0653 0.1280 0.0853 0.0466 0.0069 0.0016 0.0021 0.1300 1.5324 1.6096
1494806400.0000 143850.0000 -0.0301 -0.1254 0.0426 0.2433 13.5135 0.0536 0.0268 0.0430 0.0056 -0.0083 0.0027 0.0617 1.4937 1.2696
1494806400.0000 144150.0000 -0.1647 -0.1344 0.0617 0.2968 50.7822 0.0362 0.0280 0.0281 0.0041 -0.0021 -0.0060 0.0462 0.7928 0.6887
1494806400.0000 144450.0000 -0.1146 -0.1956 0.0690 0.3036 30.3610 0.0447 0.0213 0.0284 0.0009 0.0064 -0.0022 0.0472 0.7483 0.6542
1494806400.0000 144750.0000 0.1785 -0.3643 0.0182 0.4419 333.9022 0.0359 0.0463 0.0473 -0.0202 -0.0060 0.0084 0.0648 0.5117 0.4082
1494806400.0000 145050.0000 0.1748 -0.1430 -0.0404 0.3420 309.2933 0.0434 0.0718 0.0278 -0.0067 -0.0098 0.0136 0.0715 0.9515 0.8677
1494806400.0000 145350.0000 0.0600 -0.1181 0.0035 0.2298 333.0891 0.0204 0.0350 0.0129 0.0068 -0.0049 -0.0066 0.0342 1.1392 1.0263
1494806400.0000 145650.0000 0.1804 -0.0641 -0.0763 0.2973 289.5550 0.0321 0.0547 0.0244 -0.0061 -0.0004 0.0150 0.0556 0.9342 0.8884
1494806400.0000 145950.0000 0.2450 0.2442 -0.1514 0.3814 225.0969 0.0377 0.0142 0.0138 -0.0000 0.0031 0.0023 0.0328 0.3919 0.3801
1494806400.0000 146250.0000 0.2462 -0.2245 0.0524 0.3931 312.3589 0.0273 0.0736 0.0230 -0.0093 0.0021 -0.0156 0.0620 0.6026 0.5506
1494806400.0000 146550.0000 0.1086 0.2053 -0.1131 0.2807 207.8875 0.0231 0.0140 0.0249 -0.0067 -0.0069 0.0032 0.0310 0.5561 0.4785
1494806400.0000 146850.0000 0.1353 0.1953 -0.0216 0.3087 214.7055 0.0642 0.0092 0.0056 0.0133 -0.0017 -0.0007 0.0395 0.6804 0.6586
1494806400.0000 147150.0000 0.2354 0.1573 -0.0772 0.3250 236.2519 0.0253 0.0158 0.0086 -0.0009 0.0003 0.0015 0.0249 0.4388 0.4136
1494806400.0000 147450.0000 0.2606 0.1496 -0.0655 0.3431 240.1384 0.0416 0.0128 0.0087 0.0017 0.0028 0.0006 0.0316 0.4718 0.4483
1494806400.0000 147750.0000 0.2093 -0.0554 -0.0297 0.3065 284.8362 0.0335 0.0540 0.0122 -0.0029 -0.0069 0.0073 0.0499 0.8341 0.7887
1494806400.0000 148050.0000 0.2919 -0.1914 -0.0944 0.4599 303.2439 0.0617 0.1520 0.0434 -0.0396 -0.0164 0.0388 0.1285 0.8094 0.7644
1494806400.0000 148350.0000 0.4039 -0.0341 -0.0929 0.5367 274.8228 0.0359 0.1579 0.0471 -0.0076 -0.0033 0.0535 0.1204 0.6814 0.6271
1494806400.0000 148650.0000 0.4718 0.1633 -0.0361 0.5244 250.9108 0.0246 0.0287 0.0110 0.0164 0.0050 0.0013 0.0321 0.2924 0.2669
1494806400.0000 148950.0000 0.3821 0.2171 -0.1202 0.4640 240.3961 0.0331 0.0237 0.0112 0.0109 0.0032 -0.0036 0.0340 0.3304 0.3132
1494806400.0000 149250.0000 0.5127 0.1951 -0.1701 0.5858 249.1609 0.0183 0.0488 0.0182 0.0086 0.0019 0.0080 0.0426 0.2935 0.2725
1494806400.0000 149550.0000 0.5194 0.2445 -0.0931 0.5909 244.7892 0.0336 0.0282 0.0126 0.0169 0.0054 0.0004 0.0372 0.2708 0.2501
1494806400.0000 149850.0000 0.5094 0.1752 -0.0571 0.5519 251.0200 0.0282 0.0210 0.0120 0.0149 0.0067 0.0008 0.0306 0.2637 0.2379
1494806400.0000 150150.0000 0.6048 0.2379 -0.0575 0.6631 248.5247 0.0299 0.0239 0.0127 0.0172 0.0046 0.0006 0.0333 0.2283 0.2061
1494806400.0000 150450.0000 0.5405 0.3311 -0.1368 0.6413 238.5083 0.0100 0.0122 0.0089 0.0030 -0.0003 -0.0011 0.0156 0.1571 0.1359
1494806400.0000 150750.0000 0.5534 0.3023 -0.1243 0.6391 241.3550 0.0156 0.0138 0.0074 0.0050 0.0006 0.0011 0.0184 0.1724 0.1572
1494806400.0000 151050.0000 0.5677 0.3619 -0.1676 0.6836 237.4826 0.0147 0.0182 0.0078 0.0061 0.0017 0.0008 0.0204 0.1679 0.1555
