1494720000.0000 150.0000 -0.1080 0.3057 -0.0342 0.3596 160.5443 0.0215 0.0186 0.0103 0.0037 0.0036 0.0018 0.0252 0.3975 0.3565
1494720000.0000 450.0000 -0.0615 0.1455 0.0237 0.2451 157.0864 0.0210 0.0491 0.0127 0.0009 0.0016 -0.0112 0.0414 1.0403 0.9677
1494720000.0000 750.0000 0.0279 0.4412 -0.0567 0.5050 183.6173 0.0458 0.0405 0.0092 -0.0161 0.0093 -0.0057 0.0478 0.4005 0.3838
1494720000.0000 1050.0000 0.0534 0.5333 -0.1302 0.5808 185.7208 0.0524 0.0280 0.0111 0.0009 0.0061 -0.0101 0.0458 0.3167 0.3055
1494720000.0000 1350.0000 0.4760 0.5224 -0.1455 0.7399 222.3397 0.0287 0.0522 0.0113 -0.0056 -0.0078 -0.0078 0.0461 0.2430 0.2324
1494720000.0000 1650.0000 0.3203 0.5029 -0.0942 0.6219 212.4971 0.0426 0.0308 0.0156 0.0092 -0.0129 -0.0078 0.0445 0.2854 0.2623
1494720000.0000 1950.0000 0.1899 0.0798 0.0009 0.2682 247.1942 0.0158 0.0308 0.0126 -0.0033 -0.0054 -0.0042 0.0296 0.6818 0.6049
1494720000.0000 2250.0000 0.0816 0.5490 -0.0496 0.5782 188.4596 0.0275 0.0581 0.0253 0.0096 -0.0077 -0.0159 0.0555 0.3452 0.3045
1494720000.0000 2550.0000 0.0418 1.0114 -0.1079 1.0328 182.3667 0.0393 0.0405 0.0333 -0.0060 -0.0051 -0.0177 0.0565 0.1907 0.1611
1494720000.0000 2850.0000 0.1349 1.2170 -0.2122 1.2414 186.3254 0.0418 0.0690 0.0294 -0.0010 0.0061 -0.0205 0.0701 0.1740 0.1570
1494720000.0000 3150.0000 0.2019 1.5499 -0.3330 1.5760 187.4221 0.0399 0.0543 0.0291 0.0043 0.0021 -0.0205 0.0616 0.1268 0.1134
1494720000.0000 3450.0000 0.3117 1.3090 -0.2754 1.3725 193.3916 0.0687 0.0807 0.0322 0.0035 -0.0068 -0.0259 0.0908 0.1791 0.1658
1494720000.0000 3750.0000 0.2177 1.4052 -0.2575 1.4353 188.8055 0.0358 0.0964 0.0265 -0.0001 0.0021 -0.0216 0.0794 0.1592 0.1476
1494720000.0000 4050.0000 -0.0020 1.2241 -0.2190 1.2404 179.9046 0.0406 0.0533 0.0248 -0.0017 -0.0009 -0.0175 0.0594 0.1600 0.1446
1494720000.0000 4350.0000 0.1388 1.0739 -0.2199 1.1094 187.3640 0.0584 0.0688 0.0334 0.0035 -0.0009 -0.0212 0.0803 0.2094 0.1902
1494720000.0000 4650.0000 0.0441 0.8398 -0.1669 0.8795 183.0091 0.0738 0.1085 0.0298 0.0444 -0.0027 -0.0330 0.1061 0.3102 0.2932
1494720000.0000 4950.0000 0.0379 0.6221 -0.1114 0.6600 183.4863 0.0453 0.0392 0.0190 -0.0002 -0.0038 -0.0095 0.0518 0.2934 0.2693
1494720000.0000 5250.0000 -0.1219 0.5809 -0.0387 0.6592 168.1488 0.0719 0.0730 0.0298 0.0352 -0.0037 -0.0166 0.0874 0.4058 0.3704
1494720000.0000 5550.0000 -0.1318 0.3739 0.0247 0.4379 160.5835 0.0288 0.0528 0.0199 0.0010 0.0099 -0.0089 0.0507 0.4629 0.4158
1494720000.0000 5850.0000 -0.3053 0.0735 0.0696 0.3743 103.5376 0.0944 0.0655 0.0149 -0.0466 -0.0147 0.0000 0.0874 0.7503 0.7350
1494720000.0000 6150.0000 -0.5155 0.2497 0.0830 0.6366 115.8427 0.1806 0.0268 0.0256 0.0184 -0.0409 -0.0085 0.1165 0.4816 0.4591
1494720000.0000 6450.0000 -0.4955 0.3835 0.0650 0.6706 127.7412 0.0902 0.0222 0.0155 0.0015 -0.0151 -0.0064 0.0640 0.3279 0.3090
1494720000.0000 6750.0000 -0.2132 0.2386 0.0340 0.5495 138.2245 0.1270 0.1357 0.0191 -0.0009 -0.0283 -0.0205 0.1409 0.9523 0.9247
1494720000.0000 7050.0000 -0.2967 -0.0209 0.0870 0.4322 85.9782 0.0568 0.0807 0.0382 -0.0112 0.0096 -0.0257 0.0878 0.7807 0.7196
1494720000.0000 7350.0000 -0.2551 0.2788 -0.0162 0.6299 137.5372 0.1886 0.1074 0.0171 0.1186 -0.0378 -0.0308 0.1566 0.8543 0.8314
1494720000.0000 7650.0000 -0.7854 0.3136 0.0675 0.8907 111.7637 0.1033 0.0572 0.0331 0.0019 -0.0070 -0.0259 0.0968 0.2995 0.2736
1494720000.0000 7950.0000 -0.8061 0.2428 0.1267 0.8611 106.7637 0.0680 0.0325 0.0251 -0.0086 -0.0165 -0.0068 0.0628 0.2403 0.2174
1494720000.0000 8250.0000 -0.4489 0.4794 -0.0388 0.7426 136.8805 0.1305 0.0436 0.0300 0.0091 0.0039 -0.0132 0.1020 0.3964 0.3667
1494720000.0000 8550.0000 -0.3137 0.2347 0.0093 0.4849 126.8073 0.0795 0.0744 0.0188 -0.0171 0.0157 -0.0086 0.0864 0.6124 0.5782
1494720000.0000 8850.0000 -0.2179 0.4440 -0.0439 0.5835 153.8613 0.0445 0.1220 0.0095 0.0103 -0.0052 -0.0148 0.0880 0.4879 0.4764
1494720000.0000 9150.0000 -0.2667 0.5453 -0.0268 0.6784 153.9376 0.0800 0.0351 0.0169 0.0324 -0.0172 -0.0122 0.0661 0.3454 0.3228
1494720000.0000 9450.0000 -0.2598 0.3926 -0.0537 0.5973 146.5071 0.0562 0.0967 0.0120 0.0504 -0.0078 -0.0167 0.0825 0.4949 0.4797
1494720000.0000 9750.0000 -0.5368 0.0009 0.1110 0.6439 90.0988 0.0332 0.1242 0.0302 -0.0253 -0.0155 -0.0244 0.0938 0.4562 0.4267
1494720000.0000 10050.0000 -0.6750 0.3009 0.1072 0.8003 114.0280 0.0940 0.0730 0.0305 0.0144 -0.0087 -0.0178 0.0988 0.3436 0.3192
1494720000.0000 10350.0000 -0.5385 0.7276 -0.0917 0.9349 143.4940 0.0421 0.0667 0.0219 0.0047 0.0028 -0.0147 0.0653 0.2294 0.2104
1494720000.0000 10650.0000 -0.0463 0.6854 -0.1024 0.7587 176.1320 0.0938 0.0383 0.0129 0.0278 0.0001 -0.0004 0.0725 0.3164 0.3054
1494720000.0000 10950.0000 -0.3566 0.4800 -0.0147 0.6484 143.3932 0.0785 0.0775 0.0124 -0.0080 0.0067 -0.0062 0.0842 0.3961 0.3814
1494720000.0000 11250.0000 -0.1487 0.5799 -0.0799 0.6192 165.6212 0.0212 0.0311 0.0081 0.0033 0.0001 -0.0084 0.0302 0.2351 0.2206
1494720000.0000 11550.0000 -0.4837 0.4049 0.0282 0.6683 129.9318 0.0390 0.0302 0.0129 0.0132 -0.0097 -0.0046 0.0411 0.2620 0.2408
1494720000.0000 11850.0000 -0.5122 0.3329 0.0296 0.6512 123.0226 0.0526 0.0416 0.0109 0.0064 0.0082 -0.0058 0.0525 0.3060 0.2900
1494720000.0000 12150.0000 -0.3428 0.3484 -0.0691 0.5471 135.4600 0.0438 0.0449 0.0200 0.0159 0.0083 -0.0052 0.0544 0.3857 0.3518
1494720000.0000 12450.0000 -0.3749 0.4499 -0.0282 0.6482 140.1960 0.0463 0.0701 0.0292 0.0167 -0.0020 -0.0212 0.0728 0.3756 0.3363
1494720000.0000 12750.0000 -0.7927 0.2684 0.0987 0.8850 108.7084 0.1384 0.0606 0.0258 -0.0132 -0.0098 -0.0091 0.1124 0.3248 0.3077
1494720000.0000 13050.0000 -0.1615 0.1120 0.0308 0.2627 124.7540 0.0090 0.0327 0.0048 0.0078 -0.0002 -0.0032 0.0232 0.6255 0.5996
1494720000.0000 13350.0000 -0.2516 0.1562 -0.0150 0.3392 121.8377 0.0357 0.0192 0.0128 -0.0021 0.0013 -0.0088 0.0338 0.5065 0.4566
1494720000.0000 13650.0000 -0.0697 0.0407 0.0057 0.1129 120.2853 0.0053 0.0065 0.0052 -0.0017 0.0005 -0.0027 0.0085 0.9309 0.7787
1494720000.0000 13950.0000 -0.2956 0.0445 0.0532 0.3181 98.5508 0.0122 0.0129 0.0034 0.0011 -0.0025 -0.0024 0.0142 0.3209 0.3061
1494720000.0000 14250.0000 -0.4079 0.1997 0.0263 0.4617 116.0808 0.0287 0.0120 0.0033 -0.0126 0.0020 -0.0015 0.0220 0.2663 0.2566
1494720000.0000 14550.0000 -0.3673 0.3722 -0.0303 0.5698 135.3793 0.0641 0.0369 0.0226 -0.0013 0.0042 -0.0102 0.0618 0.3875 0.3509
1494720000.0000 14850.0000 -0.0766 0.4141 -0.0330 0.4417 169.5155 0.0122 0.0444 0.0049 0.0103 -0.0028 -0.0087 0.0308 0.3392 0.3264
1494720000.0000 15150.0000 -0.3034 0.6720 -0.0970 0.7711 155.7051 0.0590 0.0269 0.0143 -0.0047 0.0025 -0.0097 0.0501 0.2457 0.2295
1494720000.0000 15450.0000 -0.6639 0.3453 0.1048 0.7805 117.4804 0.1075 0.0423 0.0313 -0.0146 -0.0019 -0.0160 0.0905 0.3251 0.2986
1494720000.0000 15750.0000 -0.1720 0.1212 0.0609 0.2928 125.1633 0.0285 0.0277 0.0124 0.0081 -0.0095 -0.0107 0.0343 0.6903 0.6503
1494720000.0000 16050.0000 -0.4787 0.3153 0.0567 0.6621 123.3724 0.0474 0.0842 0.0305 0.0391 -0.0159 -0.0249 0.0811 0.4036 0.3655
1494720000.0000 16350.0000 -0.5451 -0.1028 0.2475 0.6698 79.3200 0.1844 0.0656 0.0281 0.0398 -0.0360 -0.0106 0.1391 0.5013 0.5204
1494720000.0000 16650.0000 -0.7190 0.2394 0.0776 0.8095 108.4194 0.1451 0.0455 0.0108 -0.0029 -0.0125 -0.0078 0.1007 0.3401 0.3326
1494720000.0000 16950.0000 -0.7698 0.4663 -0.0058 0.9475 121.2047 0.0994 0.0649 0.0269 0.0153 -0.0189 -0.0169 0.0956 0.2805 0.2600
1494720000.0000 17250.0000 -0.6373 0.3602 0.0251 0.7644 119.4777 0.1416 0.0553 0.0204 -0.0374 -0.0001 -0.0174 0.1086 0.3674 0.3499
1494720000.0000 17550.0000 -0.7862 0.4398 0.0543 0.9180 119.2254 0.1418 0.0440 0.0362 -0.0470 0.0241 -0.0119 0.1110 0.3014 0.2763
1494720000.0000 17850.0000 -0.7580 0.4697 0.0295 0.9224 121.7849 0.0843 0.0515 0.0386 -0.0144 0.0254 -0.0122 0.0872 0.2703 0.2386
1494720000.0000 18150.0000 -0.2707 0.3531 -0.0128 0.5112 142.5245 0.0660 0.0702 0.0420 -0.0010 0.0139 -0.0269 0.0891 0.5475 0.4788
1494720000.0000 18450.0000 -0.4411 0.3050 -0.0483 0.6394 124.6638 0.1030 0.1191 0.0508 -0.0097 0.0351 -0.0248 0.1365 0.5602 0.5074
1494720000.0000 18750.0000 -0.3823 0.4628 0.0444 0.6739 140.4462 0.1224 0.0553 0.0317 0.0037 -0.0157 -0.0081 0.1047 0.4390 0.4055
1494720000.0000 19050.0000 -0.0628 0.3528 -0.0258 0.4534 169.9137 0.0622 0.0613 0.0500 0.0199 -0.0193 -0.0339 0.0868 0.6695 0.5663
1494720000.0000 19350.0000 -0.3184 0.2323 0.0850 0.5266 126.1154 0.0596 0.1091 0.0437 0.0370 -0.0175 -0.0487 0.1062 0.6598 0.6016
1494720000.0000 19650.0000 0.0451 0.4062 -0.0341 0.4672 186.3298 0.0446 0.0498 0.0171 0.0072 -0.0045 -0.0123 0.0558 0.4702 0.4341
1494720000.0000 19950.0000 -0.2717 -0.0076 0.0888 0.2986 88.4005 0.0134 0.0140 0.0091 0.0043 -0.0009 -0.0033 0.0182 0.3856 0.3515
1494720000.0000 20250.0000 -0.3246 -0.0004 -0.0057 0.3566 89.9264 0.0132 0.0218 0.0125 0.0026 0.0004 -0.0031 0.0237 0.3871 0.3324
1494720000.0000 20550.0000 -0.2502 0.0259 0.0209 0.3055 95.9054 0.0278 0.0265 0.0192 -0.0023 -0.0012 -0.0093 0.0367 0.6201 0.5347
1494720000.0000 20850.0000 -0.9905 0.2501 0.0842 1.0439 104.1715 0.0827 0.0520 0.0361 -0.0214 0.0251 -0.0229 0.0854 0.2328 0.2074
1494720000.0000 21150.0000 -0.7072 -0.0154 0.1067 0.7431 88.7519 0.1013 0.0450 0.0369 0.0084 0.0160 -0.0185 0.0916 0.3454 0.3122
1494720000.0000 21450.0000 -0.8735 0.2179 0.1195 0.9475 104.0067 0.2755 0.0526 0.0246 -0.0263 0.0313 -0.0157 0.1764 0.3776 0.3674
1494720000.0000 21750.0000 -0.9427 0.1544 0.1699 0.9978 99.3021 0.2125 0.0869 0.0563 -0.0486 0.0444 -0.0335 0.1778 0.3549 0.3307
1494720000.0000 22050.0000 -1.1576 0.2360 0.1487 1.2292 101.5243 0.1076 0.1035 0.0625 0.0087 0.0246 -0.0312 0.1368 0.2536 0.2245
1494720000.0000 22350.0000 -0.9680 0.3225 0.0557 1.0604 108.4251 0.1572 0.0660 0.0670 -0.0043 -0.0091 -0.0301 0.1451 0.3044 0.2674
1494720000.0000 22650.0000 -0.6427 0.3994 0.0850 0.8077 121.8598 0.0651 0.0965 0.0822 -0.0060 -0.0048 -0.0436 0.1219 0.3744 0.3067
1494720000.0000 22950.0000 -0.4699 0.3623 0.0416 0.7027 127.6303 0.1430 0.1047 0.0933 0.0058 0.0311 -0.0217 0.1705 0.5668 0.4843
1494720000.0000 23250.0000 -0.3857 0.3712 0.1284 0.7278 133.9048 0.1755 0.1878 0.0674 0.0602 -0.0411 -0.0661 0.2153 0.6882 0.6500
1494720000.0000 23550.0000 -0.6391 0.5356 0.0473 1.0039 129.9618 0.2473 0.1826 0.0685 0.0623 -0.0062 -0.0462 0.2492 0.4880 0.4540
1494720000.0000 23850.0000 -0.7194 0.4613 0.0889 0.9317 122.6678 0.1360 0.1792 0.1107 -0.0565 0.0427 -0.0887 0.2130 0.4385 0.3793
1494720000.0000 24150.0000 -0.9159 0.4480 0.1175 1.1290 116.0625 0.1921 0.1997 0.0859 0.0307 0.0018 -0.0682 0.2389 0.3888 0.3545
1494720000.0000 24450.0000 -0.8310 0.3051 0.0903 0.9508 110.1572 0.1310 0.1334 0.0935 -0.0185 0.0480 -0.0454 0.1789 0.3881 0.3353
1494720000.0000 24750.0000 -1.0051 0.4698 0.0823 1.1690 115.0546 0.1494 0.1636 0.1302 -0.0287 0.0231 -0.0708 0.2216 0.3455 0.2912
1494720000.0000 25050.0000 -0.9207 0.3199 0.0669 1.0457 109.1622 0.1922 0.1464 0.0803 -0.0168 0.0086 -0.0471 0.2094 0.3824 0.3447
1494720000.0000 25350.0000 -1.8969 0.3128 0.1448 1.9655 99.3652 0.2232 0.1617 0.1016 -0.0474 0.0609 -0.0520 0.2432 0.2089 0.1863
1494720000.0000 25650.0000 -1.2842 0.2150 0.2079 1.4160 99.5034 0.1820 0.2711 0.0984 0.0776 -0.0076 -0.0931 0.2757 0.3252 0.2984
1494720000.0000 25950.0000 -1.4161 0.1251 0.1667 1.5019 95.0466 0.2335 0.2178 0.0824 0.0025 0.0433 -0.0537 0.2669 0.2947 0.2728
1494720000.0000 26250.0000 -0.6076 0.6838 0.0341 1.0184 138.3779 0.1775 0.1373 0.1256 0.0398 0.0126 -0.0677 0.2202 0.4185 0.3541
1494720000.0000 26550.0000 -0.9385 0.3113 0.0769 1.1055 108.3509 0.1622 0.2106 0.1343 0.0121 -0.0293 -0.0772 0.2535 0.4145 0.3565
1494720000.0000 26850.0000 -1.0798 0.1253 0.1488 1.1495 96.6171 0.1186 0.1481 0.1077 -0.0275 0.0212 -0.0621 0.1872 0.3220 0.2743
1494720000.0000 27150.0000 -0.9226 0.0708 0.2509 1.0100 94.3866 0.1965 0.1452 0.0732 0.0172 0.0463 -0.0418 0.2075 0.3879 0.3648
1494720000.0000 27450.0000 -1.0703 -0.0586 0.1781 1.1217 86.8662 0.0946 0.1087 0.0712 -0.0295 0.0382 -0.0456 0.1373 0.2784 0.2429
1494720000.0000 27750.0000 -1.0632 -0.1880 0.2076 1.1391 79.9718 0.1084 0.1328 0.0674 -0.0363 0.0136 -0.0256 0.1543 0.2917 0.2626
1494720000.0000 28050.0000 -1.4773 -0.1487 0.2242 1.5187 84.2518 0.1414 0.0949 0.0923 -0.0361 0.0382 -0.0295 0.1643 0.2204 0.1890
1494720000.0000 28350.0000 -1.2105 0.0796 0.1433 1.2783 93.7602 0.2211 0.1565 0.0975 -0.0490 0.0444 -0.0170 0.2376 0.3258 0.2925
1494720000.0000 28650.0000 -1.5664 -0.1352 0.2543 1.6492 85.0670 0.2570 0.2493 0.1447 0.0050 0.0394 -0.0688 0.3255 0.2925 0.2613
1494720000.0000 28950.0000 -1.5377 -0.4848 0.2861 1.6666 72.5019 0.1279 0.1985 0.0734 0.0367 0.0133 -0.0450 0.1999 0.2229 0.2046
1494720000.0000 29250.0000 -1.2755 -0.5527 0.3237 1.4298 66.5721 0.1921 0.1388 0.0791 0.0587 0.0064 -0.0227 0.2050 0.2590 0.2389
1494720000.0000 29550.0000 -1.5087 -0.7300 0.3766 1.7193 64.1795 0.1787 0.1046 0.0687 -0.0293 0.0252 -0.0103 0.1760 0.1994 0.1833
1494720000.0000 29850.0000 -1.2557 -0.3661 0.2275 1.3820 73.7454 0.2266 0.1537 0.1000 -0.0420 0.0374 -0.0393 0.2401 0.3014 0.2722
1494720000.0000 30150.0000 -0.8693 -0.5085 0.3178 1.1063 59.6726 0.1754 0.2075 0.0579 -0.0168 0.0234 -0.0172 0.2204 0.3630 0.3548
1494720000.0000 30450.0000 -1.2638 -0.3396 0.2188 1.3545 74.9595 0.1478 0.1168 0.1024 -0.0071 0.0334 -0.0283 0.1835 0.2636 0.2269
1494720000.0000 30750.0000 -1.3647 0.1752 0.1636 1.5075 97.3148 0.2440 0.3832 0.1308 -0.0152 0.0150 -0.0705 0.3790 0.3628 0.3323
1494720000.0000 31050.0000 -1.9376 0.2619 0.2231 2.0169 97.6990 0.2559 0.2536 0.1547 -0.0556 0.0460 -0.0822 0.3321 0.2391 0.2108
1494720000.0000 31350.0000 -1.4558 0.4760 0.1241 1.7641 108.1041 0.4468 0.6745 0.2516 0.1626 -0.0850 -0.2865 0.6865 0.4402 0.3992
1494720000.0000 31650.0000 -1.3703 0.2085 0.1596 1.5111 98.6514 0.3704 0.3703 0.1537 0.0289 0.0399 -0.0986 0.4472 0.3913 0.3585
1494720000.0000 31950.0000 -0.7165 0.0506 0.2172 1.0674 94.0362 0.2448 0.4897 0.1012 0.2429 -0.0483 -0.1109 0.4178 0.7034 0.6889
1494720000.0000 32250.0000 -0.8287 -0.5717 0.2216 1.0409 55.3999 0.1034 0.0628 0.0707 0.0080 -0.0138 -0.0022 0.1184 0.2726 0.2338
1494720000.0000 32550.0000 -0.8321 -0.5875 0.1693 1.0727 54.7767 0.2726 0.0508 0.0665 0.0261 -0.0629 -0.0122 0.1950 0.3491 0.3223
1494720000.0000 32850.0000 -0.1272 -0.4395 0.2174 0.5390 16.1406 0.0812 0.1483 0.0367 0.0503 -0.0099 -0.0137 0.1330 0.5879 0.6044
1494720000.0000 33150.0000 0.2945 -0.6968 0.0529 0.8715 337.0880 0.1624 0.2347 0.0948 -0.0437 -0.0611 0.0665 0.2459 0.5339 0.4809
1494720000.0000 33450.0000 0.1974 -0.7512 0.1248 0.8909 345.2804 0.2193 0.1257 0.0984 -0.0389 -0.0595 0.0264 0.2217 0.4887 0.4366
1494720000.0000 33750.0000 -0.0061 -0.9523 0.1422 1.0300 0.3643 0.1488 0.1445 0.0890 -0.0404 -0.0406 0.0483 0.1911 0.3707 0.3283
1494720000.0000 34050.0000 -0.0610 -1.0136 0.2290 1.0936 3.4446 0.1536 0.2226 0.0863 0.0495 -0.0274 0.0386 0.2312 0.3772 0.3487
1494720000.0000 34350.0000 -0.2273 -0.9780 0.2612 1.0809 13.0830 0.1556 0.1390 0.0898 0.0102 -0.0466 0.0248 0.1922 0.3450 0.3121
1494720000.0000 34650.0000 -1.2663 -0.7267 0.2982 1.5221 60.1511 0.1734 0.1964 0.0943 0.0079 -0.0196 -0.0380 0.2321 0.2640 0.2405
1494720000.0000 34950.0000 -1.1326 -0.6830 0.4305 1.3666 58.9109 0.2321 0.1513 0.0953 0.0493 -0.0281 -0.0377 0.2393 0.2872 0.2703
1494720000.0000 35250.0000 -1.4448 -0.5603 0.3532 1.6009 68.8046 0.1799 0.1252 0.0982 -0.0309 0.0377 -0.0382 0.2017 0.2307 0.2058
1494720000.0000 35550.0000 -1.3939 -0.8641 0.4396 1.6676 58.2048 0.0893 0.0759 0.0616 -0.0107 -0.0034 -0.0249 0.1134 0.1620 0.1431
1494720000.0000 35850.0000 -1.1113 -0.7133 0.2819 1.3900 57.3072 0.0659 0.2764 0.1130 0.0099 -0.0001 -0.0628 0.2276 0.2885 0.2558
1494720000.0000 36150.0000 -1.3519 -0.3250 0.2155 1.5309 76.4833 0.3100 0.3383 0.1274 -0.0534 -0.0230 -0.0259 0.3879 0.3614 0.3343
1494720000.0000 36450.0000 -1.7059 0.3295 0.0990 1.8385 100.9317 0.1893 0.3608 0.2043 0.0054 0.0010 -0.1110 0.3772 0.2881 0.2465
1494720000.0000 36750.0000 -2.0338 -0.4272 0.4435 2.1595 78.1363 0.5218 0.3337 0.2594 0.0603 -0.0100 -0.1254 0.5575 0.2869 0.2570
1494720000.0000 37050.0000 -2.5260 -0.8819 0.4437 2.7198 70.7544 0.3198 0.2168 0.2024 -0.0144 0.0299 -0.0516 0.3695 0.1830 0.1581
1494720000.0000 37350.0000 -1.9953 -0.8397 0.5242 2.3717 67.1755 0.5908 0.6371 0.2406 -0.2679 0.0964 -0.1063 0.7342 0.3141 0.2955
1494720000.0000 37650.0000 -1.0594 -1.0811 0.4357 1.6502 44.4176 0.3859 0.4092 0.1370 -0.0437 -0.0061 -0.0229 0.4660 0.3539 0.3401
1494720000.0000 37950.0000 -0.0477 -1.0617 0.2065 1.2483 2.5712 0.3665 0.3080 0.1298 -0.1452 -0.0447 0.0508 0.4021 0.4782 0.4461
1494720000.0000 38250.0000 0.6340 -0.4857 -0.1172 1.0162 307.4594 0.1985 0.4353 0.1227 -0.0085 -0.0841 -0.0533 0.3783 0.6221 0.5755
1494720000.0000 38550.0000 0.4068 0.1926 -0.0285 0.5842 244.6638 0.1767 0.1007 0.0937 0.0067 -0.0592 -0.0170 0.1855 0.7798 0.6756
1494720000.0000 38850.0000 -0.4491 0.2047 0.1997 0.6508 114.5036 0.1379 0.1188 0.0848 0.0643 -0.0091 -0.0237 0.1708 0.6337 0.5927
1494720000.0000 39150.0000 -1.4946 0.0796 0.2420 1.5590 93.0477 0.3740 0.1632 0.1192 -0.0493 0.0647 -0.0206 0.3282 0.3085 0.2827
1494720000.0000 39450.0000 -1.4600 -0.4565 0.3240 1.5990 72.6381 0.3197 0.2559 0.1914 0.0706 -0.0052 -0.0458 0.3835 0.3234 0.2864
1494720000.0000 39750.0000 -0.8675 0.1388 0.1969 1.0873 99.0879 0.4628 0.3419 0.2087 -0.0568 -0.0203 -0.0437 0.5067 0.6456 0.5895
1494720000.0000 40050.0000 -0.9856 -0.3196 0.1502 1.2833 72.0322 0.3064 0.5248 0.1609 -0.1110 -0.0096 -0.0520 0.4960 0.5492 0.5080
1494720000.0000 40350.0000 -1.3684 0.0477 0.2919 1.5402 91.9952 0.5627 0.3780 0.2114 0.0469 0.0005 -0.0820 0.5761 0.4426 0.4090
1494720000.0000 40650.0000 -1.5167 0.0135 0.3243 1.7689 90.5097 1.2519 0.3758 0.2919 0.1504 -0.1174 -0.1402 0.9598 0.5157 0.4856
1494720000.0000 40950.0000 -1.6671 0.4003 0.1099 1.8722 103.5027 1.3292 0.4084 0.1974 0.0557 0.0023 -0.1104 0.9675 0.4675 0.4439
1494720000.0000 41250.0000 -0.9940 0.4216 0.0400 1.1912 112.9815 0.7002 0.1710 0.1907 -0.1615 -0.0926 -0.0510 0.5309 0.5506 0.4991
1494720000.0000 41550.0000 0.0760 -0.3957 -0.0997 0.4838 349.1212 0.0413 0.1084 0.0749 0.0173 0.0097 0.0103 0.1123 0.6591 0.5544
1494720000.0000 41850.0000 0.5532 -0.0881 -0.0529 0.6555 279.0449 0.2241 0.0924 0.0971 -0.0558 -0.0677 0.0049 0.2068 0.6600 0.5799
1494720000.0000 42150.0000 -0.0565 -0.6075 0.0016 1.0866 5.3101 0.7952 0.3383 0.2726 0.2331 -0.2461 -0.1474 0.7030 1.1221 1.0075
1494720000.0000 42450.0000 -1.1338 -0.7226 0.2812 1.4109 57.4902 0.2437 0.2124 0.0942 0.0694 -0.0231 -0.0129 0.2752 0.3118 0.2900
1494720000.0000 42750.0000 -0.5112 -0.7594 0.3093 1.0774 33.9441 0.3072 0.2130 0.1055 -0.0577 -0.0388 -0.0142 0.3128 0.4726 0.4549
1494720000.0000 43050.0000 -0.9944 -0.9822 0.4570 1.5248 45.3536 0.5367 0.1349 0.1289 0.0252 -0.1117 -0.0121 0.4002 0.3513 0.3385
1494720000.0000 43350.0000 -0.0303 -1.2914 0.1495 1.3496 1.3422 0.1518 0.1951 0.1277 0.0024 -0.0088 0.0202 0.2373 0.3059 0.2633
1494720000.0000 43650.0000 -0.1560 -0.6481 0.1463 0.8137 13.5327 0.1666 0.2519 0.1187 0.0642 -0.0310 0.0171 0.2686 0.6200 0.5603
1494720000.0000 43950.0000 -0.1215 -0.1623 -0.1031 0.6838 36.8207 0.3114 0.2580 0.1060 0.1962 -0.1023 -0.0689 0.3377 2.0867 2.1495
1494720000.0000 44250.0000 -1.1719 -0.6996 0.4027 1.7153 59.1619 0.4623 1.0511 0.1659 -0.2809 0.0350 -0.0080 0.8397 0.5258 0.5204
1494720000.0000 44550.0000 -1.5508 0.3981 0.1618 1.7585 104.3984 0.4597 0.6076 0.2337 -0.0890 0.0241 -0.2406 0.6505 0.4092 0.3725
1494720000.0000 44850.0000 -1.4504 -0.0371 0.3036 1.5756 88.5337 0.5052 0.3995 0.1751 -0.1344 -0.0322 -0.0427 0.5399 0.4047 0.3785
1494720000.0000 45150.0000 -0.8238 -0.4993 0.3415 1.1278 58.7791 0.2959 0.3416 0.1592 0.0474 -0.0181 -0.0125 0.3983 0.5042 0.4785
1494720000.0000 45450.0000 -0.8988 -0.1228 0.1362 1.3722 82.2194 1.0018 0.8877 0.2288 -0.3775 -0.0875 -0.1412 1.0591 0.9160 0.8748
1494720000.0000 45750.0000 -1.1369 0.0552 0.2404 1.3899 92.7779 0.4266 0.6187 0.3056 -0.1836 0.0611 -0.2102 0.6754 0.5768 0.5186
1494720000.0000 46050.0000 -0.4729 0.6781 -0.0665 0.9859 145.1060 0.3007 0.3781 0.1493 -0.0573 0.0547 -0.1332 0.4140 0.6334 0.5754
1494720000.0000 46350.0000 -1.4775 0.4409 0.1171 1.6529 106.6136 0.7457 0.4025 0.2140 -0.1090 0.0448 -0.1103 0.6811 0.4358 0.4012
1494720000.0000 46650.0000 -0.6618 -0.1699 0.0824 0.8244 75.6029 0.3207 0.1627 0.1098 -0.0106 -0.0317 -0.0086 0.2966 0.6462 0.5876
1494720000.0000 46950.0000 -1.3241 0.1721 0.2348 1.6423 97.4033 0.6298 0.7397 0.3327 0.0344 -0.0936 -0.2121 0.8511 0.5556 0.5060
1494720000.0000 47250.0000 -1.6935 0.9562 0.0485 2.0821 119.4513 0.5702 0.4545 0.3191 0.0011 -0.0631 -0.1780 0.6719 0.3440 0.3005
1494720000.0000 47550.0000 -1.1337 1.3185 -0.0851 1.8603 139.3082 0.3641 0.4853 0.2905 0.0029 0.0068 -0.1831 0.5699 0.3541 0.3060
1494720000.0000 47850.0000 -1.0103 0.4500 0.1347 1.3561 114.0112 0.4926 0.4286 0.2315 0.1946 -0.1198 -0.1636 0.5764 0.5564 0.5010
1494720000.0000 48150.0000 -0.8653 -1.0308 0.3961 1.6769 40.0112 0.2962 1.1772 0.2176 0.0735 -0.0348 -0.1981 0.8455 0.5351 0.5207
1494720000.0000 48450.0000 -0.3311 0.2801 0.0217 1.1790 130.2287 0.4102 1.3914 0.2510 0.3912 -0.1612 -0.3423 1.0263 1.9050 1.7870
1494720000.0000 48750.0000 0.8082 0.6650 -0.4188 1.3372 230.5505 0.3525 1.1696 0.2154 0.0184 -0.0847 -0.2670 0.8687 0.6751 0.6806
1494720000.0000 49050.0000 0.2144 -0.3790 0.0749 1.0330 330.5063 0.7417 0.4382 0.2579 0.3154 -0.3206 -0.1482 0.7189 1.5670 1.4404
1494720000.0000 49350.0000 0.4385 -0.7341 0.0248 1.1667 329.1504 0.3837 0.4579 0.2140 0.0409 -0.0673 -0.0518 0.5278 0.6934 0.6194
1494720000.0000 49650.0000 -2.0851 0.1661 0.3829 2.4680 94.5551 2.2074 0.4907 0.3308 0.0233 -0.2611 -0.1549 1.5145 0.4725 0.4534
1494720000.0000 49950.0000 -0.3830 0.4825 0.0579 1.0160 141.5570 0.4147 0.4684 0.1734 0.1202 -0.0549 -0.0666 0.5283 0.9591 0.8807
1494720000.0000 50250.0000 -1.0900 0.1787 0.1996 1.2453 99.3079 0.4818 0.2554 0.1977 0.0449 -0.0611 -0.0604 0.4675 0.4974 0.4488
1494720000.0000 50550.0000 -1.5567 0.0444 0.4302 1.6795 91.6334 0.6259 0.3654 0.1913 0.0711 -0.0094 -0.1030 0.5913 0.3886 0.3691
1494720000.0000 50850.0000 -0.9038 0.4505 0.0149 1.8871 116.4923 1.2314 1.9327 0.3929 0.2479 -0.3906 -0.3630 1.7785 1.0781 1.0170
1494720000.0000 51150.0000 -0.1264 0.5496 -0.1130 0.8124 167.0471 0.2014 0.3666 0.1484 0.0800 -0.0258 -0.0670 0.3582 0.8496 0.7716
1494720000.0000 51450.0000 -0.4056 0.5280 0.0761 0.8128 142.4661 0.2119 0.1598 0.1103 0.0492 -0.0188 -0.0478 0.2410 0.5982 0.5287
1494720000.0000 51750.0000 -0.7782 0.6940 0.1459 1.2801 131.7250 0.3697 0.4030 0.2086 0.2066 -0.0815 -0.1608 0.4906 0.5432 0.4867
1494720000.0000 52050.0000 -1.4310 0.0454 0.3084 1.5249 91.8178 0.3950 0.2468 0.2160 0.0673 0.0388 -0.0763 0.4289 0.3651 0.3231
1494720000.0000 52350.0000 -1.6125 -0.3057 0.3139 1.7001 79.2653 0.5197 0.2541 0.1428 0.1747 -0.0584 -0.1071 0.4583 0.3308 0.3094
1494720000.0000 52650.0000 -0.8837 0.6092 0.0212 1.3835 124.5815 0.7540 0.5309 0.1885 0.0336 0.0084 -0.1414 0.7367 0.6528 0.6097
1494720000.0000 52950.0000 -1.1198 0.9295 -0.0241 1.6977 129.6937 1.0165 0.4651 0.2517 0.0637 -0.1499 -0.1993 0.8667 0.5222 0.4829
1494720000.0000 53250.0000 -1.1776 0.2986 0.2386 1.4028 104.2307 0.5490 0.4000 0.1948 0.0405 0.0073 -0.0986 0.5719 0.4987 0.4630
1494720000.0000 53550.0000 -0.9479 -0.4070 0.2388 1.1358 66.7638 0.5329 0.1701 0.1030 -0.0063 0.0279 -0.0171 0.4030 0.4895 0.4693
1494720000.0000 53850.0000 0.4030 -0.3732 -0.0866 0.6302 312.7965 0.1361 0.1018 0.0407 -0.0629 -0.0310 0.0087 0.1393 0.5480 0.5127
1494720000.0000 54150.0000 -0.1890 0.3255 -0.0117 0.7068 149.8615 0.2481 0.2680 0.1399 0.0298 -0.0754 -0.1345 0.3280 1.2418 1.1021
1494720000.0000 54450.0000 -1.0159 -0.1045 0.2529 1.1322 84.1249 0.4166 0.2139 0.1933 0.0756 -0.0262 -0.0644 0.4120 0.4981 0.4489
1494720000.0000 54750.0000 -1.5232 -0.2165 0.4567 1.6024 81.9102 0.2506 0.1990 0.1492 0.0412 -0.0381 -0.0293 0.2994 0.2784 0.2516
1494720000.0000 55050.0000 -1.9876 -1.1398 0.7490 2.3628 60.1679 0.2651 0.3136 0.1692 -0.0266 -0.0299 -0.0478 0.3740 0.2071 0.1917
1494720000.0000 55350.0000 -0.9632 -0.7271 0.4332 1.3375 52.9515 0.5842 0.2250 0.1700 0.0943 -0.0531 -0.0242 0.4896 0.4456 0.4304
1494720000.0000 55650.0000 -1.1375 -0.4836 0.3688 1.3032 66.9679 0.1061 0.1894 0.1137 0.0050 -0.0068 -0.0325 0.2046 0.2864 0.2539
1494720000.0000 55950.0000 -1.4700 -0.5460 0.2973 1.6914 69.6231 0.2180 0.3886 0.1851 0.0144 0.0076 -0.0329 0.3958 0.3219 0.2868
1494720000.0000 56250.0000 -0.9047 -1.0247 0.4136 1.6108 41.4397 0.4997 0.4431 0.1444 -0.2269 -0.0173 -0.0008 0.5436 0.4215 0.4101
1494720000.0000 56550.0000 0.0726 -1.4825 0.1677 1.6317 357.1972 0.4668 0.2847 0.1884 -0.1153 -0.1476 0.0581 0.4699 0.3747 0.3372
1494720000.0000 56850.0000 0.0599 -1.4572 0.1799 1.5919 357.6457 0.3853 0.6367 0.1394 -0.1379 -0.0425 0.0720 0.5807 0.4234 0.4002
1494720000.0000 57150.0000 0.0776 -1.5789 0.2225 1.6855 357.1866 0.3169 0.3344 0.1283 0.0398 -0.0824 0.0352 0.3898 0.3193 0.2947
1494720000.0000 57450.0000 -0.0488 -1.1967 0.2515 1.2602 2.3349 0.1678 0.2382 0.0842 -0.0017 -0.0333 0.0342 0.2451 0.3303 0.3072
1494720000.0000 57750.0000 0.8332 -1.6763 -0.0465 2.0075 333.5688 0.5280 0.5519 0.2563 -0.1149 -0.1938 0.0404 0.6681 0.3564 0.3205
1494720000.0000 58050.0000 0.2885 -1.3211 0.1151 1.4709 347.6812 0.3600 0.4405 0.1334 -0.1294 -0.0830 0.0441 0.4669 0.4111 0.3820
1494720000.0000 58350.0000 0.2986 -1.4651 0.1828 1.7326 348.4791 0.7895 0.4474 0.2115 -0.0074 -0.1937 0.0418 0.7242 0.4613 0.4294
1494720000.0000 58650.0000 0.6527 -1.4614 0.0429 1.7762 335.9333 0.7851 0.4495 0.2532 -0.0860 -0.2848 0.0776 0.7439 0.4398 0.4008
1494720000.0000 58950.0000 0.6287 -1.2609 -0.0128 1.6422 333.4973 0.5340 0.4543 0.2673 0.1170 -0.2058 -0.0380 0.6278 0.4592 0.4074
1494720000.0000 59250.0000 0.5158 -1.1399 0.0477 1.4908 335.6534 0.5241 0.7751 0.2608 -0.0569 -0.1878 0.0563 0.7800 0.5759 0.5260
1494720000.0000 59550.0000 0.6462 -0.4269 -0.0243 1.0919 303.4469 0.4876 0.6040 0.1822 0.0509 -0.1209 -0.0267 0.6369 0.8410 0.7789
1494720000.0000 59850.0000 1.0938 -0.5965 -0.2063 1.6183 298.6060 0.7069 1.0658 0.2608 0.0522 -0.2354 -0.1129 1.0168 0.6519 0.6170
1494720000.0000 60150.0000 0.5446 -0.1959 -0.0525 0.8819 289.7876 0.7146 0.2244 0.1911 0.1198 -0.3010 -0.0450 0.5650 1.0561 0.9666
1494720000.0000 60450.0000 0.5627 -1.3344 0.0628 1.8138 337.1342 1.1166 0.9835 0.2934 -0.0866 -0.3443 -0.0620 1.1968 0.6162 0.5777
1494720000.0000 60750.0000 0.6875 -0.1902 -0.0532 0.9789 285.4655 0.4945 0.3251 0.1984 0.0430 -0.1963 -0.0105 0.5090 0.8144 0.7327
1494720000.0000 61050.0000 0.7266 -0.1241 -0.2767 0.9103 279.6928 0.3370 0.2410 0.1167 -0.0895 -0.1340 0.0086 0.3474 0.6112 0.5955
1494720000.0000 61350.0000 0.3645 -0.6364 -0.0115 0.9214 330.1941 0.3336 0.1099 0.1212 0.0185 -0.1366 0.0130 0.2823 0.5915 0.5243
1494720000.0000 61650.0000 -0.1538 -1.4591 0.2623 1.5312 6.0171 0.1975 0.2785 0.1141 -0.0016 -0.0528 0.0394 0.2950 0.2976 0.2715
1494720000.0000 61950.0000 -0.3320 -1.8295 0.3267 1.9331 10.2872 0.2858 0.1740 0.1495 0.0271 -0.0362 0.0037 0.3046 0.2387 0.2105
1494720000.0000 62250.0000 0.2090 -1.4402 0.1513 1.6062 351.7409 0.4985 0.5158 0.2214 -0.1578 -0.1700 0.0496 0.6178 0.4386 0.3995
1494720000.0000 62550.0000 -0.5503 0.2932 0.0294 1.1613 118.0438 0.7122 0.6483 0.1417 0.2109 -0.0798 -0.1033 0.7511 1.1336 1.0800
1494720000.0000 62850.0000 -1.2749 -0.7182 0.5687 1.5832 60.6069 0.3752 0.2542 0.0888 0.0413 -0.0351 0.0214 0.3591 0.3117 0.3130
1494720000.0000 63150.0000 -0.7110 0.0564 0.1558 0.8927 94.5352 0.3560 0.1793 0.0825 -0.1405 -0.0858 0.0446 0.3089 0.6217 0.5923
1494720000.0000 63450.0000 -1.1338 -0.2197 0.3441 1.2967 79.0324 0.2011 0.3325 0.1094 0.0417 0.0038 0.0117 0.3215 0.3842 0.3652
1494720000.0000 63750.0000 -0.2939 -0.2538 0.1235 0.4997 49.1918 0.0952 0.0646 0.0292 -0.0185 0.0177 0.0027 0.0945 0.6160 0.5943
1494720000.0000 64050.0000 -0.4304 -0.2589 0.1929 0.5762 58.9755 0.0729 0.0877 0.0201 0.0416 -0.0149 -0.0123 0.0903 0.4560 0.4606
1494720000.0000 64350.0000 -0.1073 0.4982 -0.2134 0.7160 167.8444 0.1702 0.2148 0.0442 0.0798 0.0166 0.0009 0.2146 0.6845 0.7029
1494720000.0000 64650.0000 -0.2554 0.8416 -0.0794 1.0295 163.1194 0.2360 0.5251 0.1638 -0.0213 -0.0093 -0.1776 0.4624 0.6288 0.5727
1494720000.0000 64950.0000 -0.6399 0.6218 0.1008 1.1038 134.1776 0.2634 0.3242 0.1065 0.1691 -0.0489 -0.0562 0.3471 0.5357 0.4960
1494720000.0000 65250.0000 1.5242 0.5118 -0.3917 1.9212 251.4393 0.5183 1.1590 0.1292 -0.1991 -0.0277 -0.1732 0.9032 0.4689 0.4651
1494720000.0000 65550.0000 0.2607 -0.2224 -0.0164 0.5956 310.4735 0.2224 0.1870 0.0423 0.0795 -0.0703 -0.0259 0.2258 1.1311 1.0781
1494720000.0000 65850.0000 0.1246 0.3600 -0.0096 0.6719 199.0884 0.1486 0.2372 0.0436 0.0848 -0.0543 -0.0461 0.2147 0.9928 0.9414
1494720000.0000 66150.0000 0.3588 -0.2262 -0.0323 0.8153 302.2314 0.2472 0.4243 0.1007 -0.0503 -0.0712 0.0483 0.3861 1.1926 1.1154
1494720000.0000 66450.0000 -0.0016 -0.5681 0.0966 0.6759 0.1664 0.1230 0.1024 0.0708 0.0053 -0.0285 0.0162 0.1481 0.5453 0.4824
1494720000.0000 66750.0000 0.0901 -0.4035 0.0354 0.4968 347.4080 0.0755 0.1016 0.0315 -0.0414 -0.0212 0.0322 0.1043 0.6356 0.5878
1494720000.0000 67050.0000 0.3042 -0.4214 -0.0131 0.5767 324.1798 0.0517 0.0627 0.0285 0.0089 -0.0173 0.0020 0.0714 0.4198 0.3758
1494720000.0000 67350.0000 0.6097 -0.5433 -0.1485 0.9190 311.7032 0.1652 0.2527 0.0630 -0.0469 -0.0491 0.0441 0.2404 0.4824 0.4570
1494720000.0000 67650.0000 0.3549 -0.4072 0.0156 0.8177 318.9246 0.2132 0.3679 0.0899 -0.0209 -0.0457 -0.0180 0.3355 0.8751 0.8147
1494720000.0000 67950.0000 0.5014 0.0295 -0.1000 0.7160 266.6298 0.1479 0.2040 0.0540 -0.0618 -0.0401 0.0051 0.2029 0.7183 0.6819
1494720000.0000 68250.0000 0.6583 0.1487 -0.1668 0.7372 257.2679 0.0461 0.0852 0.0187 -0.0034 -0.0136 0.0044 0.0750 0.3216 0.3100
1494720000.0000 68550.0000 0.5985 0.1352 -0.1743 0.7544 257.2712 0.0672 0.1796 0.0235 -0.0363 -0.0119 0.0103 0.1351 0.4706 0.4675
1494720000.0000 68850.0000 0.6034 -0.2285 -0.0474 0.7723 290.7376 0.1652 0.1291 0.0502 -0.0269 -0.0394 0.0288 0.1723 0.5238 0.4854
1494720000.0000 69150.0000 0.4583 -0.2355 -0.0892 0.5343 297.1919 0.0185 0.0266 0.0084 -0.0044 -0.0062 0.0020 0.0267 0.2553 0.2380
1494720000.0000 69450.0000 0.4562 -0.1736 -0.0586 0.5722 290.8333 0.0805 0.0909 0.0203 0.0592 -0.0237 -0.0233 0.0959 0.5144 0.4898
1494720000.0000 69750.0000 0.8118 0.2968 -0.1956 0.9013 249.9174 0.0264 0.0699 0.0104 0.0058 -0.0063 -0.0074 0.0533 0.2128 0.2072
1494720000.0000 70050.0000 0.1966 -0.0851 -0.0184 0.3542 293.4029 0.0678 0.0521 0.0152 0.0362 -0.0158 -0.0110 0.0675 0.9865 0.9329
1494720000.0000 70350.0000 0.0669 -0.2181 -0.0021 0.3031 342.9417 0.0377 0.0106 0.0064 -0.0014 -0.0041 -0.0008 0.0273 0.5917 0.5561
1494720000.0000 70650.0000 0.4114 0.1455 -0.0712 0.4804 250.5193 0.0300 0.0408 0.0124 -0.0014 -0.0078 0.0003 0.0416 0.3765 0.3520
1494720000.0000 70950.0000 0.3464 0.0842 -0.0619 0.4139 256.3418 0.0228 0.0443 0.0087 0.0023 -0.0042 0.0029 0.0379 0.4395 0.4196
1494720000.0000 71250.0000 0.0374 0.2846 -0.0362 0.3367 187.4933 0.0252 0.0241 0.0123 -0.0057 0.0018 -0.0082 0.0308 0.4953 0.4466
1494720000.0000 71550.0000 0.0261 0.1693 -0.0169 0.2083 188.7603 0.0117 0.0151 0.0038 0.0002 -0.0014 -0.0035 0.0153 0.5868 0.5518
1494720000.0000 71850.0000 0.0471 0.0197 0.0116 0.1738 247.3347 0.0157 0.0227 0.0057 0.0004 -0.0001 0.0019 0.0220 2.3168 2.2173
1494720000.0000 72150.0000 0.1318 0.0231 -0.0150 0.2334 260.0561 0.0183 0.0289 0.0050 0.0071 -0.0024 -0.0027 0.0261 0.9797 0.9374
1494720000.0000 72450.0000 0.3035 0.1141 -0.0420 0.3888 249.3911 0.0461 0.0444 0.0082 0.0068 0.0006 0.0068 0.0493 0.5545 0.5354
1494720000.0000 72750.0000 0.3234 0.0519 -0.0460 0.3750 260.8764 0.0456 0.0432 0.0070 0.0201 -0.0090 -0.0032 0.0479 0.5403 0.5253
1494720000.0000 73050.0000 0.1627 -0.0242 0.0044 0.2491 278.4474 0.0136 0.0336 0.0053 0.0030 0.0021 0.0021 0.0262 0.8039 0.7628
1494720000.0000 73350.0000 0.2646 0.0565 0.0003 0.3298 257.9553 0.0303 0.0324 0.0082 0.0093 -0.0051 -0.0029 0.0355 0.5684 0.5345
1494720000.0000 73650.0000 0.4640 0.1753 -0.0595 0.5178 249.3067 0.0365 0.0294 0.0067 0.0132 -0.0031 -0.0009 0.0363 0.3114 0.2988
1494720000.0000 73950.0000 0.4583 0.1818 -0.0617 0.5213 248.3616 0.0380 0.0361 0.0079 0.0190 -0.0071 -0.0056 0.0410 0.3327 0.3187
1494720000.0000 74250.0000 0.6375 0.1972 -0.1116 0.6848 252.8092 0.0664 0.0374 0.0078 0.0374 -0.0141 -0.0080 0.0558 0.2851 0.2787
1494720000.0000 74550.0000 0.5193 0.1401 0.0181 0.5618 254.9061 0.0180 0.0321 0.0054 0.0099 -0.0023 0.0026 0.0277 0.2527 0.2402
1494720000.0000 74850.0000 0.2274 0.0656 0.0008 0.2693 253.8980 0.0406 0.0193 0.0064 0.0186 -0.0029 -0.0028 0.0332 0.6282 0.5973
1494720000.0000 75150.0000 0.5182 0.0354 0.0295 0.5355 266.0923 0.0259 0.0179 0.0076 0.0110 -0.0031 -0.0029 0.0257 0.2514 0.2326
1494720000.0000 75450.0000 0.0461 0.0955 0.0352 0.2003 205.7569 0.0261 0.0168 0.0139 0.0006 0.0061 0.0062 0.0284 1.2325 1.1285
1494720000.0000 75750.0000 -0.1093 0.4205 -0.0491 0.4467 165.4237 0.0145 0.0239 0.0111 -0.0093 0.0078 -0.0088 0.0248 0.2940 0.2607
1494720000.0000 76050.0000 -0.0873 0.3753 -0.0585 0.4088 166.9019 0.0155 0.0293 0.0067 -0.0036 0.0034 -0.0043 0.0257 0.3361 0.3172
1494720000.0000 76350.0000 -0.0148 0.5107 -0.0836 0.5340 178.3418 0.0245 0.0176 0.0082 -0.0052 0.0058 -0.0029 0.0251 0.2501 0.2318
1494720000.0000 76650.0000 0.0426 0.4884 -0.0687 0.5232 184.9834 0.0311 0.0182 0.0070 0.0091 0.0038 -0.0003 0.0282 0.2768 0.2616
1494720000.0000 76950.0000 0.0528 0.8250 -0.1282 0.8448 183.6628 0.0302 0.0323 0.0091 0.0016 0.0063 -0.0039 0.0358 0.1848 0.1746
1494720000.0000 77250.0000 0.0988 0.8566 -0.1401 0.8720 186.5773 0.0175 0.0141 0.0076 0.0021 0.0043 -0.0021 0.0196 0.1309 0.1189
1494720000.0000 77550.0000 -0.1907 0.9667 -0.1294 1.0181 168.8419 0.0646 0.0309 0.0193 0.0044 0.0168 0.0020 0.0574 0.1969 0.1811
1494720000.0000 77850.0000 -0.3317 0.7765 -0.1075 0.8915 156.8700 0.0746 0.0413 0.0190 0.0129 0.0066 -0.0023 0.0674 0.2491 0.2327
1494720000.0000 78150.0000 -0.1469 0.7957 -0.1471 0.8296 169.5422 0.0331 0.0491 0.0101 -0.0033 0.0077 -0.0033 0.0461 0.2132 0.2045
1494720000.0000 78450.0000 0.0917 0.4636 -0.0379 0.5394 191.1896 0.0279 0.0879 0.0161 0.0118 0.0017 -0.0217 0.0660 0.4424 0.4159
1494720000.0000 78750.0000 0.1439 -0.1277 0.0250 0.2757 311.5742 0.0168 0.0384 0.0060 0.0036 0.0014 0.0032 0.0306 0.7365 0.7056
1494720000.0000 79050.0000 0.1535 -0.0885 0.0941 0.1919 299.9661 0.0084 0.0071 0.0042 -0.0039 0.0020 -0.0004 0.0099 0.4043 0.4062
1494720000.0000 79350.0000 -0.0729 -0.0338 0.0217 0.1552 65.1246 0.0175 0.0047 0.0047 -0.0030 0.0060 -0.0010 0.0134 1.1363 1.0695
1494720000.0000 79650.0000 -0.0313 0.0248 -0.0064 0.0689 128.3979 0.0051 0.0016 0.0016 0.0011 -0.0013 -0.0003 0.0041 1.2994 1.1857
1494720000.0000 79950.0000 -0.1505 -0.0541 -0.0123 0.1935 70.2156 0.0098 0.0156 0.0051 0.0048 0.0019 -0.0010 0.0153 0.6297 0.5761
1494720000.0000 80250.0000 -0.0928 0.0280 0.0095 0.1454 106.8122 0.0081 0.0107 0.0031 0.0022 -0.0024 -0.0011 0.0110 0.8776 0.8168
1494720000.0000 80550.0000 -0.0863 0.1136 0.0250 0.1875 142.7865 0.0114 0.0155 0.0059 -0.0005 0.0024 -0.0039 0.0164 0.7221 0.6637
1494720000.0000 80850.0000 0.0061 0.1975 -0.0228 0.2154 181.7594 0.0063 0.0184 0.0023 0.0021 -0.0008 -0.0011 0.0135 0.4768 0.4591
1494720000.0000 81150.0000 -0.0301 0.5777 -0.0772 0.6034 177.0138 0.0239 0.0221 0.0078 0.0088 0.0037 -0.0002 0.0269 0.2296 0.2142
1494720000.0000 81450.0000 -0.0632 0.6155 -0.0890 0.6281 174.1377 0.0110 0.0135 0.0040 0.0021 0.0018 -0.0002 0.0143 0.1563 0.1463
1494720000.0000 81750.0000 0.0079 0.5711 -0.0074 0.5957 180.7944 0.0269 0.0428 0.0269 0.0080 0.0045 -0.0101 0.0483 0.3142 0.2670
1494720000.0000 82050.0000 0.1003 -0.1420 0.0525 0.2390 324.7651 0.0079 0.0405 0.0047 -0.0106 0.0016 0.0016 0.0266 0.7325 0.7307
1494720000.0000 82350.0000 -0.1365 0.1025 -0.0440 0.3647 126.9106 0.0391 0.0868 0.0105 -0.0195 0.0078 -0.0198 0.0682 1.2093 1.1997
1494720000.0000 82650.0000 0.1022 0.3795 -0.0976 0.4243 195.0725 0.0197 0.0355 0.0058 -0.0058 0.0050 -0.0028 0.0305 0.3519 0.3450
1494720000.0000 82950.0000 -0.0631 -0.0641 0.0301 0.1591 44.5592 0.0130 0.0117 0.0034 0.0074 -0.0023 -0.0012 0.0141 1.0224 1.0103
1494720000.0000 83250.0000 0.0218 0.2173 0.0049 0.2356 185.7254 0.0044 0.0460 0.0021 0.0041 0.0001 0.0016 0.0262 0.6053 0.5934
1494720000.0000 83550.0000 -0.2225 0.5446 -0.0482 0.6194 157.7764 0.0277 0.0332 0.0149 0.0091 0.0078 0.0044 0.0379 0.2692 0.2420
1494720000.0000 83850.0000 0.0972 0.6538 -0.1074 0.6871 188.4529 0.0292 0.0399 0.0055 0.0039 0.0046 -0.0020 0.0373 0.2354 0.2295
1494720000.0000 84150.0000 0.1035 0.1128 0.0688 0.3999 222.5473 0.0123 0.1657 0.0085 0.0125 0.0018 -0.0176 0.0932 1.4854 1.5910
1494720000.0000 84450.0000 0.0740 -0.0913 0.0500 0.1387 320.9564 0.0056 0.0039 0.0041 -0.0000 0.0014 -0.0005 0.0068 0.5252 0.4771
1494720000.0000 84750.0000 0.0308 -0.0144 0.0065 0.2058 294.9637 0.0293 0.0219 0.0042 -0.0219 0.0068 -0.0062 0.0277 3.9249 3.8417
1494720000.0000 85050.0000 0.0388 0.3200 -0.0691 0.3788 186.9221 0.0352 0.0123 0.0050 -0.0084 0.0044 -0.0039 0.0262 0.4011 0.3904
1494720000.0000 85350.0000 0.1600 -0.2022 0.0407 0.3745 321.6376 0.0654 0.0261 0.0073 0.0253 -0.0048 -0.0013 0.0494 0.6950 0.6773
1494720000.0000 85650.0000 0.0255 0.1593 -0.0086 0.2171 189.1019 0.0085 0.0268 0.0026 0.0053 -0.0005 -0.0024 0.0190 0.6958 0.6728
1494720000.0000 85950.0000 -0.1017 0.4687 0.0122 0.5024 167.7515 0.0160 0.0462 0.0080 0.0017 0.0040 0.0064 0.0351 0.3188 0.3002
1494720000.0000 86250.0000 0.0817 0.3601 -0.0448 0.4282 192.7886 0.0427 0.0337 0.0082 0.0151 0.0018 -0.0043 0.0423 0.4517 0.4323
1494806400.0000 86550.0000 0.0371 0.3107 0.0631 0.3368 186.8043 0.0161 0.0280 0.0080 0.0047 -0.0015 -0.0051 0.0261 0.4129 0.3874
1494806400.0000 86850.0000 0.0310 -0.0079 0.0422 0.1574 284.3291 0.0108 0.0183 0.0033 -0.0094 0.0011 0.0004 0.0162 1.9650 3.0832
1494806400.0000 87150.0000 0.0113 -0.1126 0.0518 0.1314 354.2773 0.0046 0.0050 0.0030 -0.0028 0.0010 -0.0011 0.0063 0.5207 0.5009
1494806400.0000 87450.0000 0.0337 0.0150 0.0066 0.0894 245.9956 0.0037 0.0047 0.0029 0.0002 -0.0011 -0.0025 0.0057 1.6363 1.4300
1494806400.0000 87750.0000 -0.0777 0.1288 0.0013 0.1858 148.8832 0.0086 0.0069 0.0014 0.0057 0.0009 0.0006 0.0084 0.4982 0.4772
1494806400.0000 88050.0000 0.0493 0.4858 -0.0872 0.5211 185.7965 0.0308 0.0216 0.0102 0.0082 0.0035 -0.0035 0.0313 0.2912 0.2707
1494806400.0000 88350.0000 0.1089 0.2846 -0.0515 0.3355 200.9353 0.0153 0.0397 0.0127 0.0104 -0.0056 -0.0168 0.0338 0.4858 0.4441
1494806400.0000 88650.0000 -0.0105 -0.0417 0.0244 0.1195 14.1932 0.0039 0.0154 0.0036 -0.0022 0.0012 -0.0040 0.0114 1.7662 1.8626
1494806400.0000 88950.0000 0.0209 0.1059 -0.0017 0.1305 191.1793 0.0057 0.0049 0.0028 0.0001 0.0004 -0.0004 0.0067 0.6205 0.5532
1494806400.0000 89250.0000 0.1234 -0.2512 0.0693 0.2924 333.8424 0.0084 0.0158 0.0045 -0.0056 0.0020 -0.0021 0.0144 0.3394 0.3210
1494806400.0000 89550.0000 0.0889 -0.1671 0.0118 0.2255 331.9978 0.0073 0.0321 0.0018 -0.0096 0.0002 0.0015 0.0206 0.6174 0.6051
1494806400.0000 89850.0000 0.1285 0.3204 -0.0336 0.3529 201.8544 0.0093 0.0194 0.0020 0.0086 0.0003 0.0001 0.0154 0.2919 0.2833
1494806400.0000 90150.0000 0.0309 0.0765 0.0433 0.1673 201.9981 0.0071 0.0293 0.0036 0.0077 0.0014 0.0029 0.0200 1.2396 1.3354
1494806400.0000 90450.0000 -0.0588 0.0208 0.0264 0.1214 109.4514 0.0127 0.0063 0.0009 -0.0040 -0.0001 -0.0006 0.0100 1.2044 1.2766
1494806400.0000 90750.0000 -0.1000 0.3791 -0.0402 0.4331 165.2157 0.0253 0.0406 0.0148 0.0089 0.0027 -0.0061 0.0404 0.4164 0.3782
1494806400.0000 91050.0000 0.0097 0.3009 0.0069 0.3323 181.8506 0.0146 0.0302 0.0089 -0.0034 0.0058 -0.0096 0.0268 0.4440 0.4057
1494806400.0000 91350.0000 -0.1876 0.1934 0.0254 0.3318 135.8726 0.0257 0.0581 0.0092 -0.0231 0.0039 -0.0098 0.0465 0.6504 0.6202
1494806400.0000 91650.0000 -0.1788 0.2675 -0.0327 0.3761 146.2472 0.0176 0.0453 0.0108 0.0074 -0.0008 -0.0158 0.0369 0.4847 0.4500
1494806400.0000 91950.0000 -0.1486 0.2730 -0.0300 0.3385 151.4427 0.0189 0.0279 0.0099 -0.0048 0.0070 -0.0048 0.0284 0.4404 0.4019
1494806400.0000 92250.0000 -0.0781 0.7451 -0.0863 0.7874 174.0165 0.0582 0.1037 0.0109 -0.0283 0.0125 -0.0132 0.0864 0.3182 0.3101
1494806400.0000 92550.0000 -0.2267 1.3113 -0.2097 1.3435 170.1935 0.0301 0.0283 0.0106 0.0099 0.0009 -0.0051 0.0345 0.1125 0.1048
1494806400.0000 92850.0000 -0.1901 1.2630 -0.1644 1.3130 171.4393 0.0730 0.1068 0.0296 0.0256 0.0127 -0.0164 0.1047 0.2052 0.1917
1494806400.0000 93150.0000 -0.4620 1.2942 -0.0295 1.4621 160.3565 0.2810 0.0995 0.0726 0.0216 -0.0040 -0.0076 0.2266 0.2828 0.2592
1494806400.0000 93450.0000 -1.2025 0.3855 0.0291 1.3602 107.7742 0.3772 0.1436 0.1405 0.0919 -0.0677 0.0150 0.3306 0.3717 0.3299
1494806400.0000 93750.0000 -0.4669 0.3441 -0.0714 0.6972 126.3894 0.1781 0.1390 0.0671 -0.0238 0.0176 0.0008 0.1921 0.6123 0.5605
1494806400.0000 94050.0000 -0.5781 0.7577 -0.1429 1.0473 142.6597 0.1707 0.1886 0.1028 -0.0216 0.0403 -0.0296 0.2310 0.4072 0.3631
1494806400.0000 94350.0000 -0.5435 0.8634 -0.0521 1.0732 147.8107 0.0834 0.2292 0.0433 -0.0260 0.0207 -0.0202 0.1780 0.3372 0.3164
1494806400.0000 94650.0000 -0.3863 0.8473 -0.1589 0.9958 155.4921 0.1381 0.0581 0.0526 -0.0045 0.0116 0.0004 0.1244 0.3048 0.2746
1494806400.0000 94950.0000 -0.3560 0.4519 0.0461 0.6645 141.7720 0.0601 0.1141 0.0239 0.0314 -0.0012 -0.0076 0.0990 0.4452 0.4189
1494806400.0000 95250.0000 -0.9270 0.8449 0.0240 1.3734 132.3478 0.3115 0.1898 0.0691 0.0559 -0.0020 -0.0206 0.2852 0.3476 0.3259
1494806400.0000 95550.0000 -0.4665 0.6368 -0.0206 0.8781 143.7726 0.1892 0.1008 0.0307 -0.0283 0.0092 -0.0029 0.1603 0.4141 0.3938
1494806400.0000 95850.0000 -0.4183 0.8724 -0.0915 1.0552 154.3859 0.1372 0.1861 0.0416 -0.0366 0.0136 -0.0324 0.1825 0.3589 0.3393
1494806400.0000 96150.0000 -0.3340 0.6557 -0.0352 0.8148 153.0041 0.1472 0.0797 0.0205 -0.0112 0.0179 -0.0125 0.1237 0.3898 0.3737
1494806400.0000 96450.0000 -0.4842 0.6941 -0.0977 0.9690 145.0997 0.1859 0.2583 0.0440 -0.0584 0.0433 -0.0342 0.2441 0.4735 0.4547
1494806400.0000 96750.0000 -0.4824 1.2183 -0.1030 1.3473 158.3996 0.0934 0.0877 0.0221 0.0037 0.0062 -0.0082 0.1016 0.1980 0.1875
1494806400.0000 97050.0000 -0.1030 0.7101 -0.1304 0.7426 171.7427 0.0385 0.1039 0.0083 -0.0365 0.0037 0.0010 0.0754 0.3074 0.3037
1494806400.0000 97350.0000 -0.1037 0.2168 -0.0278 0.3542 154.4397 0.0243 0.0972 0.0264 -0.0076 0.0111 -0.0231 0.0739 0.9179 0.8376
1494806400.0000 97650.0000 -0.2739 0.6571 -0.1195 0.7434 157.3737 0.0402 0.0511 0.0173 0.0042 0.0013 0.0005 0.0543 0.2635 0.2450
1494806400.0000 97950.0000 -0.3313 0.9536 -0.1285 1.0416 160.8439 0.0529 0.0463 0.0185 0.0174 0.0014 -0.0129 0.0588 0.1946 0.1801
1494806400.0000 98250.0000 0.1329 1.2065 -0.2411 1.2307 186.2867 0.0342 0.0310 0.0089 -0.0153 0.0032 0.0000 0.0371 0.1270 0.1214
1494806400.0000 98550.0000 0.0910 0.2544 -0.0335 0.3906 199.6794 0.0604 0.1462 0.0255 0.0638 -0.0156 -0.0353 0.1161 1.0219 0.9715
1494806400.0000 98850.0000 -0.1681 0.4846 0.0028 0.6033 160.8719 0.0878 0.2080 0.0178 -0.0926 0.0128 -0.0424 0.1568 0.6304 0.6122
1494806400.0000 99150.0000 -0.8821 0.7649 -0.0145 1.1901 130.9291 0.0526 0.0521 0.0138 0.0012 0.0036 -0.0106 0.0593 0.1703 0.1600
1494806400.0000 99450.0000 -0.4071 1.0244 -0.1077 1.1436 158.3280 0.0705 0.0881 0.0266 0.0147 0.0032 -0.0190 0.0926 0.2243 0.2086
1494806400.0000 99750.0000 -0.6122 0.5939 0.0042 0.9162 134.1339 0.0742 0.1575 0.0297 0.0038 -0.0107 0.0138 0.1307 0.3461 0.3258
1494806400.0000 100050.0000 -0.5073 0.6216 0.0207 0.8512 140.7796 0.0707 0.1085 0.0219 -0.0018 0.0111 -0.0118 0.1005 0.3225 0.3046
1494806400.0000 100350.0000 -0.5857 0.6790 -0.0287 0.9715 139.2226 0.1341 0.1042 0.0405 0.0159 0.0036 -0.0152 0.1394 0.3398 0.3143
1494806400.0000 100650.0000 -0.7470 1.0716 -0.1541 1.3686 145.1202 0.1318 0.1101 0.0518 0.0388 0.0018 -0.0060 0.1468 0.2379 0.2174
1494806400.0000 100950.0000 -0.6444 1.0079 0.0265 1.3331 147.4076 0.2282 0.1930 0.0865 0.1289 -0.0655 -0.0697 0.2539 0.3438 0.3132
1494806400.0000 101250.0000 -0.3348 1.0185 -0.0899 1.1106 161.8029 0.0645 0.0879 0.0268 0.0057 0.0090 0.0115 0.0896 0.2272 0.2102
1494806400.0000 101550.0000 -0.6175 1.2690 -0.0945 1.4495 154.0541 0.1028 0.0636 0.0441 0.0188 0.0108 -0.0221 0.1053 0.1873 0.1669
1494806400.0000 101850.0000 -0.3517 1.1920 -0.1605 1.3348 163.5605 0.1641 0.5241 0.0687 -0.0930 0.0239 -0.0227 0.3785 0.4009 0.3854
1494806400.0000 102150.0000 -0.0851 1.6626 -0.2150 1.6931 177.0709 0.0951 0.0694 0.0293 0.0258 0.0075 -0.0091 0.0968 0.1514 0.1406
1494806400.0000 102450.0000 -0.2838 1.5774 -0.2150 1.6382 169.8018 0.0918 0.2409 0.0499 -0.0009 0.0012 -0.0227 0.1913 0.2208 0.2078
1494806400.0000 102750.0000 -0.3408 1.2579 -0.2558 1.3396 164.8423 0.1227 0.2053 0.0574 -0.0760 0.0418 -0.0321 0.1927 0.2699 0.2538
1494806400.0000 103050.0000 0.1314 0.6224 -0.2463 0.7303 191.9243 0.0760 0.2832 0.0429 -0.0381 0.0182 -0.0724 0.2010 0.5367 0.5439
1494806400.0000 103350.0000 -0.0531 0.0229 -0.0204 0.3134 113.3065 0.0268 0.1364 0.0253 0.0208 0.0056 -0.0178 0.0943 4.0877 4.0343
1494806400.0000 103650.0000 -0.2250 0.8689 -0.1172 0.9304 165.4816 0.0524 0.0410 0.0089 0.0144 -0.0081 -0.0052 0.0511 0.2040 0.1965
1494806400.0000 103950.0000 0.0240 0.7854 -0.1301 0.8985 181.7484 0.1491 0.0851 0.0166 -0.0663 0.0230 -0.0081 0.1254 0.3630 0.3556
1494806400.0000 104250.0000 0.1197 0.4929 -0.0813 0.5873 193.6506 0.0632 0.0799 0.0182 -0.0189 -0.0031 -0.0190 0.0806 0.4513 0.4305
1494806400.0000 104550.0000 -0.8636 0.4867 0.0407 1.0985 119.4055 0.2228 0.1372 0.0720 0.0446 0.0243 -0.0133 0.2160 0.3825 0.3495
1494806400.0000 104850.0000 -1.4106 0.7461 0.1258 1.7339 117.8762 0.5035 0.2292 0.0963 0.1327 -0.0181 0.0020 0.4145 0.3284 0.3097
1494806400.0000 105150.0000 -0.8811 0.4532 0.0631 1.1669 117.2182 0.5387 0.2230 0.0873 0.0709 -0.0212 -0.0260 0.4245 0.5358 0.5085
1494806400.0000 105450.0000 -0.7480 0.3954 0.0893 1.0334 117.8620 0.3629 0.1907 0.0595 0.0731 -0.0207 -0.0245 0.3065 0.5314 0.5077
1494806400.0000 105750.0000 -0.5475 0.7846 -0.0320 1.0345 145.0913 0.1616 0.0935 0.0419 0.0203 -0.0024 -0.0247 0.1485 0.3287 0.3048
1494806400.0000 106050.0000 -0.3603 1.2292 -0.1750 1.3708 163.6617 0.2172 0.1087 0.0416 0.0493 0.0387 0.0123 0.1837 0.2707 0.2573
1494806400.0000 106350.0000 -0.3301 1.3037 -0.1896 1.3826 165.7910 0.0943 0.1160 0.0327 0.0131 0.0112 -0.0074 0.1215 0.2096 0.1969
1494806400.0000 106650.0000 -0.7646 1.0816 -0.0579 1.4762 144.7443 0.2802 0.2780 0.0898 0.1458 -0.0243 -0.0470 0.3240 0.3505 0.3257
1494806400.0000 106950.0000 -0.7764 1.3187 -0.1679 1.5920 149.5108 0.1795 0.1670 0.0655 -0.0020 0.0281 -0.0069 0.2060 0.2407 0.2221
1494806400.0000 107250.0000 -0.0848 1.1195 -0.1300 1.2100 175.6703 0.2008 0.0852 0.0436 -0.0260 -0.0064 0.0034 0.1648 0.2932 0.2750
1494806400.0000 107550.0000 0.1771 0.8592 -0.1886 0.8988 191.6454 0.0437 0.0510 0.0176 0.0128 -0.0038 -0.0160 0.0562 0.2156 0.2026
1494806400.0000 107850.0000 -0.1005 1.3818 -0.1900 1.4747 175.8410 0.1823 0.2019 0.0602 0.0743 -0.0133 -0.0222 0.2222 0.2752 0.2583
1494806400.0000 108150.0000 -0.4345 0.5901 -0.0232 0.8850 143.6344 0.0588 0.3523 0.0731 0.0629 -0.0249 -0.0940 0.2421 0.5479 0.5051
1494806400.0000 108450.0000 -0.2076 0.9470 -0.1300 1.0101 167.6353 0.0692 0.0723 0.0155 -0.0016 0.0133 0.0017 0.0785 0.2339 0.2240
1494806400.0000 108750.0000 -0.3778 0.9527 -0.1184 1.0920 158.3676 0.1336 0.0676 0.0374 0.0158 0.0109 -0.0088 0.1193 0.2733 0.2526
1494806400.0000 109050.0000 -0.4198 0.7519 -0.1134 0.9380 150.8238 0.1130 0.0857 0.0330 0.0215 0.0013 -0.0111 0.1159 0.3200 0.2989
1494806400.0000 109350.0000 -0.3806 0.4825 -0.0944 0.8037 141.7378 0.2217 0.1718 0.0514 0.0846 0.0191 0.0144 0.2224 0.6194 0.5893
1494806400.0000 109650.0000 -0.8872 0.3389 0.1456 1.1230 110.9043 0.3792 0.3557 0.1145 0.0043 -0.0189 -0.0374 0.4247 0.5538 0.5211
1494806400.0000 109950.0000 -0.6888 0.7005 0.0789 1.1420 135.4849 0.2621 0.2684 0.1158 0.0569 0.0411 -0.0250 0.3232 0.4710 0.4281
1494806400.0000 110250.0000 -0.8665 0.7855 0.0642 1.3135 132.1928 0.3283 0.2293 0.1025 0.0826 0.0381 0.0296 0.3300 0.4005 0.3686
1494806400.0000 110550.0000 -1.5132 0.2472 0.3077 1.6448 99.2769 0.3237 0.3702 0.1533 0.0798 0.0607 -0.0258 0.4236 0.3398 0.3137
1494806400.0000 110850.0000 -0.8533 0.5764 0.0800 1.1984 124.0387 0.3543 0.2777 0.0890 0.0131 -0.0060 -0.0202 0.3605 0.4746 0.4457
1494806400.0000 111150.0000 -0.5945 1.5273 -0.1943 1.6988 158.7309 0.1736 0.1786 0.0891 0.0363 0.0360 -0.0083 0.2207 0.2324 0.2091
1494806400.0000 111450.0000 -1.0220 0.5095 0.0395 1.4432 116.4960 0.3296 0.7991 0.1047 0.2814 0.0033 -0.1025 0.6167 0.5611 0.5371
1494806400.0000 111750.0000 -1.3877 -0.0516 0.2448 1.4785 87.8699 0.2532 0.2316 0.0972 -0.0691 0.0521 -0.0228 0.2910 0.3124 0.2895
1494806400.0000 112050.0000 -1.1911 -0.1129 0.2044 1.3382 84.5840 0.3562 0.3605 0.1317 0.1472 -0.0234 -0.0590 0.4242 0.4381 0.4085
1494806400.0000 112350.0000 -1.5393 -0.8240 0.4648 1.7962 61.8397 0.2079 0.1827 0.1400 0.0390 -0.0060 -0.0411 0.2653 0.2328 0.2067
1494806400.0000 112650.0000 -1.8791 -0.6674 0.4412 2.0960 70.4470 0.5227 0.3094 0.1895 -0.0471 -0.0512 0.0321 0.5108 0.2857 0.2641
1494806400.0000 112950.0000 -1.6908 -1.1507 0.5620 2.2178 55.7622 0.6004 0.6817 0.2198 -0.0400 -0.0315 -0.0502 0.7509 0.3336 0.3197
1494806400.0000 113250.0000 -1.5377 -1.2282 0.5270 2.1275 51.3829 0.3873 0.5466 0.1845 -0.1600 0.0309 -0.0698 0.5592 0.2997 0.2835
1494806400.0000 113550.0000 -1.4834 -1.1258 0.6181 2.0129 52.8024 0.4008 0.5933 0.2162 -0.0714 0.0442 -0.0515 0.6052 0.3237 0.3091
1494806400.0000 113850.0000 -1.7291 -1.0721 0.4751 2.1446 58.2000 0.4906 0.3872 0.1556 -0.0314 0.0009 -0.0497 0.5167 0.2809 0.2659
1494806400.0000 114150.0000 -1.8335 -1.0705 0.4485 2.2389 59.7214 0.4366 0.4498 0.1843 0.0089 -0.0233 0.0013 0.5353 0.2753 0.2560
1494806400.0000 114450.0000 -1.4724 -0.8786 0.4397 1.8300 59.1754 0.5239 0.3483 0.1677 -0.0049 -0.0008 0.0437 0.5199 0.3326 0.3145
1494806400.0000 114750.0000 -1.1603 -0.8808 0.2978 1.5897 52.7970 0.4718 0.5355 0.1673 0.0972 -0.0433 -0.0504 0.5873 0.4208 0.3978
1494806400.0000 115050.0000 -1.7782 -0.1420 0.3574 1.9108 85.4326 0.4213 0.4218 0.1872 -0.0288 -0.0227 0.0108 0.5152 0.3221 0.2972
1494806400.0000 115350.0000 -1.6468 -0.2065 0.1989 1.8849 82.8514 0.7160 0.7232 0.2772 -0.1294 -0.0286 0.0790 0.8582 0.4525 0.4173
1494806400.0000 115650.0000 -1.5347 0.1488 0.3076 1.6102 95.5380 0.3608 0.2262 0.1234 -0.0054 0.0581 -0.0344 0.3552 0.3095 0.2869
1494806400.0000 115950.0000 -1.9333 -0.4383 0.3465 2.0473 77.2268 0.2860 0.2620 0.1704 0.0204 0.0047 0.0123 0.3592 0.2432 0.2156
1494806400.0000 116250.0000 -2.2218 -1.1765 0.6037 2.6574 62.0982 0.6388 0.6141 0.2163 -0.0228 0.0236 -0.0157 0.7346 0.2707 0.2571
1494806400.0000 116550.0000 -1.9306 -1.8667 0.6604 2.8476 45.9637 0.8907 0.9347 0.2481 0.0361 -0.0735 -0.0729 1.0367 0.3006 0.2905
1494806400.0000 116850.0000 -1.5103 -1.1732 0.5020 2.0627 52.1588 0.9348 0.4445 0.2490 0.1877 0.0980 0.0164 0.8141 0.3726 0.3545
1494806400.0000 117150.0000 -2.4444 -1.6297 0.7261 3.1110 56.3087 1.0753 1.0091 0.2972 0.0783 -0.0616 0.0209 1.1908 0.2944 0.2837
1494806400.0000 117450.0000 -2.9826 -1.6361 0.8035 3.4574 61.2532 0.4696 0.3768 0.1890 0.0178 0.0055 0.0003 0.5177 0.1681 0.1561
1494806400.0000 117750.0000 -2.8952 -1.5543 0.8687 3.3693 61.7704 0.7923 0.4963 0.1931 0.0733 -0.0348 0.0098 0.7409 0.2068 0.1994
1494806400.0000 118050.0000 -2.1579 -1.0338 0.5837 2.5398 64.4008 0.4692 0.6967 0.3212 -0.0963 0.0090 0.0745 0.7435 0.2859 0.2605
1494806400.0000 118350.0000 -2.0756 -1.3994 0.6677 2.6562 56.0122 0.8261 1.2863 0.2877 0.3835 -0.0197 -0.0302 1.2000 0.3452 0.3352
1494806400.0000 118650.0000 -1.5776 -1.8374 0.6132 2.6711 40.6483 0.2893 1.9161 0.2060 -0.1009 0.0272 -0.2215 1.2058 0.3589 0.3540
1494806400.0000 118950.0000 -1.7491 -1.6874 0.5181 2.5663 46.0289 1.0078 1.3896 0.3556 0.5816 -0.1682 -0.2382 1.3765 0.3855 0.3678
1494806400.0000 119250.0000 -2.2182 -0.9710 0.5437 2.6078 66.3587 0.6281 0.9988 0.2251 0.1892 -0.0244 -0.1014 0.9260 0.3166 0.3041
1494806400.0000 119550.0000 -2.4737 -1.9680 0.7275 3.3686 51.4961 0.8017 1.7457 0.2986 0.3301 -0.0496 -0.1737 1.4230 0.3003 0.2915
1494806400.0000 119850.0000 -2.0431 -0.7170 0.4461 2.3300 70.6612 0.8310 0.6932 0.2447 -0.0023 -0.0269 -0.0579 0.8844 0.3473 0.3292
1494806400.0000 120150.0000 -1.1153 -1.5962 0.4752 2.2019 34.9441 0.5603 1.1729 0.2266 -0.2435 0.0092 -0.0545 0.9799 0.4032 0.3903
1494806400.0000 120450.0000 -1.8662 -1.6055 0.4951 2.5662 49.2943 0.8544 0.5032 0.2541 0.1967 -0.0671 -0.0078 0.8058 0.2919 0.2733
1494806400.0000 120750.0000 -2.1825 -0.8361 0.5192 2.4191 69.0383 1.2621 0.4734 0.2351 0.3217 -0.1473 -0.0958 0.9853 0.3385 0.3254
1494806400.0000 121050.0000 -1.2505 -0.8413 0.4039 1.7367 56.0690 1.1335 0.3301 0.2966 0.0274 -0.1067 -0.0351 0.8801 0.4909 0.4634
1494806400.0000 121350.0000 -1.0534 -0.5103 0.3904 1.4029 64.1508 0.8025 0.4365 0.1834 -0.0445 -0.0124 -0.0183 0.7112 0.5581 0.5491
1494806400.0000 121650.0000 -1.0141 -1.6197 0.3423 2.1353 32.0518 1.0098 0.4493 0.2204 0.0032 -0.0386 0.0512 0.8398 0.3854 0.3649
1494806400.0000 121950.0000 -2.2764 -1.4074 0.5704 2.7463 58.2738 0.4557 0.3447 0.2231 0.0059 -0.0306 0.0187 0.5117 0.2134 0.1930
1494806400.0000 122250.0000 -1.7662 -1.3208 0.3352 2.2938 53.2095 0.4896 0.5347 0.3071 0.1567 0.0501 0.0055 0.6657 0.2986 0.2649
1494806400.0000 122550.0000 -0.8448 -2.6687 0.5380 2.8555 17.5658 0.3531 0.4279 0.2176 0.1246 -0.0943 -0.0325 0.4993 0.2024 0.1823
1494806400.0000 122850.0000 -0.9843 -0.8203 0.3271 1.6020 50.1930 0.6517 0.7696 0.3484 -0.2016 -0.0098 -0.0835 0.8849 0.5808 0.5372
1494806400.0000 123150.0000 -0.5924 -1.9894 0.3391 2.2067 16.5824 0.8047 0.9316 0.2955 0.3405 -0.2999 -0.1663 1.0159 0.3913 0.3665
1494806400.0000 123450.0000 -0.3706 -1.8436 0.3349 2.0147 11.3661 0.7053 0.5359 0.2384 0.2964 -0.1639 -0.0344 0.7398 0.3677 0.3420
1494806400.0000 123750.0000 -1.1284 -1.2413 0.5118 2.0314 42.2735 1.0641 1.0178 0.2112 -0.2512 -0.0168 -0.1119 1.1466 0.4985 0.4966
1494806400.0000 124050.0000 -1.6017 -1.4083 0.4571 2.3759 48.6763 0.5029 1.2291 0.2168 -0.0618 0.0416 -0.0338 0.9744 0.3695 0.3563
1494806400.0000 124350.0000 -0.6867 -1.1155 0.3618 1.9223 31.6173 2.2835 0.8500 0.3540 -0.4554 -0.2936 0.0715 1.7437 0.7934 0.7802
1494806400.0000 124650.0000 -1.0127 -1.0618 0.3705 2.0674 43.6441 1.6079 1.2274 0.2760 -0.7473 -0.1321 0.0631 1.5556 0.6729 0.6626
1494806400.0000 124950.0000 -0.9182 0.7250 -0.1204 1.5770 128.2931 0.6389 1.1199 0.1886 -0.5302 0.0495 -0.1317 0.9737 0.6851 0.6545
1494806400.0000 125250.0000 -1.3474 0.4812 0.0210 1.8789 109.6525 0.7449 1.2453 0.2294 -0.5743 0.0003 0.0351 1.1098 0.6011 0.5693
1494806400.0000 125550.0000 -1.2562 -1.0108 0.2542 1.9304 51.1784 0.6057 0.9804 0.3201 -0.1050 -0.0960 -0.0804 0.9531 0.4884 0.4510
1494806400.0000 125850.0000 -0.6241 -1.4505 0.2612 1.8838 23.2791 1.1228 0.5997 0.2002 -0.2161 -0.1311 0.0407 0.9613 0.5002 0.4799
1494806400.0000 126150.0000 -1.3043 0.1195 0.1745 1.8628 95.2360 0.8748 1.4725 0.3582 0.0873 -0.0017 -0.4221 1.3528 0.7187 0.6753
1494806400.0000 126450.0000 -1.9768 0.2127 0.3183 2.1419 96.1407 1.0667 0.4425 0.2389 -0.3210 0.0302 -0.1045 0.8740 0.3791 0.3567
1494806400.0000 126750.0000 -1.9266 0.1216 0.1697 2.1793 93.6131 0.6494 0.8467 0.3008 0.0238 0.0354 -0.0999 0.8984 0.3994 0.3658
1494806400.0000 127050.0000 -1.5914 0.2308 0.1879 1.7335 98.2515 1.0256 0.3716 0.1765 -0.2972 0.0503 0.0003 0.7869 0.4474 0.4244
1494806400.0000 127350.0000 -1.0886 -0.5283 0.3571 1.4781 64.1125 0.7570 0.4937 0.1643 -0.0149 0.0236 -0.0424 0.7075 0.5444 0.5336
1494806400.0000 127650.0000 -1.8066 0.4723 -0.0062 2.1033 104.6507 0.7663 1.0005 0.3477 -0.2749 0.0403 -0.1949 1.0572 0.4496 0.4110
1494806400.0000 127950.0000 -1.4812 0.8456 0.1087 2.0068 119.7221 0.9505 0.7220 0.3089 0.1535 0.0369 -0.1858 0.9907 0.4755 0.4378
1494806400.0000 128250.0000 0.2561 -0.5376 -0.1882 1.2958 334.5272 0.4267 1.2031 0.2168 0.1778 -0.0533 -0.1597 0.9233 1.2562 1.2377
1494806400.0000 128550.0000 -1.3504 1.2263 0.0252 2.2621 132.2424 0.5681 2.0059 0.5353 -0.1341 0.0940 -0.5552 1.5547 0.5581 0.5078
1494806400.0000 128850.0000 -1.7321 1.1108 0.0373 2.2823 122.6721 1.0643 0.5819 0.3465 0.2755 -0.1182 -0.2138 0.9963 0.3960 0.3600
1494806400.0000 129150.0000 -1.1748 -0.5793 0.2612 1.5807 63.7500 1.5396 0.2660 0.1515 -0.0228 -0.1104 -0.0385 0.9786 0.6047 0.5923
1494806400.0000 129450.0000 -1.2893 -0.1960 0.3177 1.7460 81.3544 1.2515 0.7270 0.1801 -0.5453 0.0537 -0.1013 1.0793 0.6320 0.6227
1494806400.0000 129750.0000 -1.4722 -0.2212 0.2739 1.7351 81.4559 0.6242 0.6780 0.2037 0.2716 -0.0271 -0.1918 0.7530 0.4681 0.4425
1494806400.0000 130050.0000 -1.4980 1.0225 0.0009 1.9812 124.3157 0.7677 0.5562 0.2849 -0.0443 -0.0018 -0.1673 0.8044 0.4038 0.3663
1494806400.0000 130350.0000 -1.1567 0.7357 -0.1088 1.7311 122.4583 0.9044 0.8911 0.2595 0.2249 -0.1132 -0.1970 1.0275 0.6019 0.5644
1494806400.0000 130650.0000 -1.7238 -0.8603 0.4981 2.0284 63.4774 0.6259 0.4092 0.1165 0.1392 -0.0391 -0.0698 0.5758 0.3114 0.3049
1494806400.0000 130950.0000 -1.2329 0.1475 0.1158 1.3890 96.8221 0.3611 0.4002 0.1835 -0.0707 0.0265 -0.1250 0.4724 0.4500 0.4057
1494806400.0000 131250.0000 -1.4516 -0.1128 0.2217 1.5550 85.5552 0.5316 0.3080 0.1587 0.0985 -0.0289 -0.0960 0.4991 0.3917 0.3633
1494806400.0000 131550.0000 -0.5935 0.8729 -0.1641 1.3570 145.7882 0.3103 0.7384 0.1499 0.3512 -0.1206 -0.2008 0.5993 0.5917 0.5601
1494806400.0000 131850.0000 0.3364 -0.2196 -0.0400 0.9187 303.1356 0.5399 0.2893 0.1783 -0.1020 -0.1638 0.0851 0.5038 1.4354 1.3087
1494806400.0000 132150.0000 -0.8553 0.0317 0.1710 1.2038 92.1201 1.0161 0.3411 0.2018 -0.1797 -0.1499 -0.0928 0.7795 0.8260 0.7859
1494806400.0000 132450.0000 -1.3215 0.4768 0.0847 1.4832 109.8396 0.5333 0.2968 0.1322 -0.2033 0.0548 -0.0701 0.4811 0.4024 0.3744
1494806400.0000 132750.0000 -1.5359 0.6798 0.0173 1.7950 113.8763 0.5731 0.5183 0.2166 -0.1922 -0.0202 -0.1347 0.6540 0.3931 0.3591
1494806400.0000 133050.0000 -0.6535 -0.6184 0.2087 1.0286 46.5830 0.1852 0.3190 0.0717 0.0535 -0.0232 -0.0553 0.2880 0.4744 0.4557
1494806400.0000 133350.0000 -0.3082 -0.2221 0.2622 0.7477 54.2294 0.3071 0.2713 0.1933 0.0143 -0.0771 -0.1119 0.3859 1.0989 1.1559
1494806400.0000 133650.0000 -0.5020 -0.2159 0.2302 0.7208 66.7299 0.1871 0.2028 0.0643 0.1276 -0.0339 -0.0228 0.2271 0.6562 0.6597
1494806400.0000 133950.0000 -0.7824 -0.6996 0.2480 1.1379 48.1995 0.3514 0.1094 0.0809 0.0556 -0.0480 0.0034 0.2709 0.3940 0.3734
1494806400.0000 134250.0000 -0.2030 -0.2152 0.0947 0.9865 43.3349 1.0671 0.1584 0.1342 -0.1589 -0.0036 -0.0176 0.6799 2.1675 2.1606
1494806400.0000 134550.0000 -1.2051 0.0671 0.1579 1.5735 93.1868 0.9320 0.6475 0.3356 0.0500 -0.1384 -0.2531 0.9575 0.6564 0.6012
1494806400.0000 134850.0000 -0.8899 -0.0169 0.0704 0.9922 88.9142 0.3408 0.1444 0.1852 0.0328 -0.0892 -0.0662 0.3352 0.5294 0.4518
1494806400.0000 135150.0000 0.2380 -0.7353 0.0090 1.2507 342.0663 0.7604 0.5172 0.2859 0.3168 -0.3291 -0.2101 0.7817 0.9340 0.8443
1494806400.0000 135450.0000 -0.2524 -0.9996 0.3738 1.2809 14.1707 0.6022 0.2265 0.2223 -0.0054 -0.2132 0.0635 0.5255 0.5397 0.5098
1494806400.0000 135750.0000 0.2852 -0.9356 0.1853 1.0971 343.0453 0.2353 0.2151 0.1490 -0.0208 -0.0962 -0.0163 0.2997 0.4490 0.3961
1494806400.0000 136050.0000 -1.0002 -0.4047 0.2973 1.5752 67.9709 0.9721 0.8244 0.2771 -0.6760 -0.0529 -0.0271 1.0368 0.7428 0.7172
1494806400.0000 136350.0000 -1.2618 0.2368 0.1706 1.4631 100.6297 0.4911 0.5576 0.1870 -0.1382 0.0404 -0.0319 0.6178 0.4955 0.4605
1494806400.0000 136650.0000 -1.5878 0.8869 -0.0327 2.0789 119.1865 0.7847 0.8057 0.2204 -0.0372 -0.0422 -0.1887 0.9054 0.4271 0.4004
1494806400.0000 136950.0000 0.4044 0.1159 -0.2784 0.9517 254.0051 0.2069 0.6869 0.1947 -0.0442 0.0153 -0.1344 0.5442 1.1940 1.2975
1494806400.0000 137250.0000 -0.1565 0.5328 -0.0628 0.8743 163.6310 0.4208 0.2214 0.1631 -0.1315 -0.1297 0.0448 0.4026 0.9271 0.8332
1494806400.0000 137550.0000 0.0984 -0.0586 0.1054 0.4257 300.7502 0.1020 0.1221 0.1158 0.0184 -0.0098 -0.0137 0.1700 2.1623 2.3864
1494806400.0000 137850.0000 0.6462 -0.2425 -0.2586 0.8200 290.5695 0.3288 0.1662 0.1110 -0.0718 -0.0814 0.0098 0.3030 0.6097 0.5884
1494806400.0000 138150.0000 0.3872 -0.7341 0.0139 0.9483 332.1930 0.1833 0.3232 0.1291 -0.0799 -0.0738 0.0707 0.3178 0.5545 0.4951
1494806400.0000 138450.0000 -0.3178 -0.0511 0.0238 1.1779 80.8592 0.4769 1.2916 0.1770 -0.3384 0.0334 -0.1694 0.9728 2.4950 2.3852
1494806400.0000 138750.0000 -0.5368 0.8518 0.0879 1.2298 147.7796 0.3266 0.5658 0.1798 0.0125 -0.0054 -0.2095 0.5361 0.5915 0.5417
1494806400.0000 139050.0000 -0.4551 0.7730 0.0268 1.0169 149.5166 0.2196 0.1782 0.1030 0.0222 -0.0057 -0.0361 0.2504 0.4553 0.4059
1494806400.0000 139350.0000 -1.2699 0.4452 0.1420 1.4926 109.3178 0.2639 0.4386 0.2377 0.0421 0.0199 -0.1491 0.4701 0.4137 0.3596
1494806400.0000 139650.0000 -0.9861 0.5954 0.0571 1.3030 121.1239 0.4006 0.1966 0.1496 0.1066 -0.0077 -0.0712 0.3734 0.4326 0.3873
1494806400.0000 139950.0000 -0.4362 0.8018 -0.1569 1.0318 151.4529 0.0939 0.2691 0.0804 0.0232 -0.0030 -0.0161 0.2217 0.4151 0.3811
1494806400.0000 140250.0000 0.0542 -0.5497 0.0444 0.6300 354.3712 0.0962 0.0767 0.0551 -0.0322 -0.0070 0.0135 0.1140 0.4974 0.4345
1494806400.0000 140550.0000 -0.2413 0.0256 -0.0415 0.5224 96.0467 0.1120 0.1726 0.0584 -0.0866 0.0127 0.0011 0.1715 1.3738 1.2695
1494806400.0000 140850.0000 -0.4283 -0.7130 0.1971 0.9221 30.9940 0.1457 0.1911 0.1037 0.0473 -0.0591 -0.0271 0.2203 0.4483 0.4029
1494806400.0000 141150.0000 -0.4667 -0.0683 0.2417 1.0091 81.6782 0.5739 0.4776 0.1035 -0.2526 -0.0450 0.0068 0.5775 1.1708 1.2552
1494806400.0000 141450.0000 -0.6079 0.8116 -0.1565 1.1390 143.1673 0.0908 0.5684 0.0755 -0.1598 0.0235 -0.0568 0.3673 0.4823 0.4623
1494806400.0000 141750.0000 -0.8256 -0.3625 0.1889 1.0356 66.2955 0.1402 0.4260 0.1376 0.1027 -0.0446 -0.1231 0.3519 0.5258 0.4818
1494806400.0000 142050.0000 -0.7532 -0.9811 0.2942 1.2850 37.5127 0.3074 0.3632 0.1119 0.2146 -0.0908 -0.0802 0.3913 0.4017 0.3823
1494806400.0000 142350.0000 -0.7244 -1.4030 0.2711 1.6443 27.3091 0.2852 0.3190 0.1434 0.0682 -0.0679 0.0116 0.3738 0.3116 0.2842
1494806400.0000 142650.0000 -0.3219 -0.4514 0.1385 0.6782 35.4964 0.1097 0.2679 0.1098 0.0539 0.0078 -0.0686 0.2437 0.7054 0.6399
1494806400.0000 142950.0000 0.0605 -0.0404 -0.0659 0.3209 303.7233 0.0466 0.0886 0.0422 -0.0216 0.0083 0.0104 0.0887 2.4779 2.9192
1494806400.0000 143250.0000 -0.3175 0.3042 -0.0249 0.7148 133.7794 0.2497 0.1629 0.1213 0.0190 -0.0751 -0.0182 0.2670 0.9580 0.8435
1494806400.0000 143550.0000 -0.2820 -0.4245 0.1331 0.8741 33.6006 0.3401 0.3280 0.1375 -0.0758 -0.0611 -0.0060 0.4028 0.9838 0.9260
1494806400.0000 143850.0000 0.7744 -0.1300 -0.0389 1.0660 279.5289 0.2886 0.4613 0.1856 0.0520 -0.1123 -0.0463 0.4678 0.7103 0.6367
1494806400.0000 144150.0000 0.2317 -1.0174 0.1391 1.1645 347.1725 0.3098 0.3277 0.1097 -0.0694 -0.1180 0.0344 0.3736 0.4741 0.4418
1494806400.0000 144450.0000 0.1838 -1.0007 0.1126 1.0959 349.5919 0.1622 0.2606 0.0894 -0.0963 0.0041 0.0258 0.2561 0.4036 0.3690
1494806400.0000 144750.0000 -0.7759 0.5496 0.1254 1.1808 125.3138 0.3668 0.5232 0.2062 0.1241 -0.0386 -0.1553 0.5481 0.6303 0.5728
1494806400.0000 145050.0000 -1.3596 -1.5823 0.4619 2.1338 40.6720 0.3378 0.3159 0.1402 0.1531 -0.0566 -0.0458 0.3970 0.2408 0.2238
1494806400.0000 145350.0000 -0.5000 -1.1937 0.2098 1.3602 22.7272 0.3695 0.2741 0.0935 0.2534 -0.0854 -0.0533 0.3685 0.3781 0.3579
1494806400.0000 145650.0000 0.2903 -0.5557 -0.0204 0.7981 332.4143 0.1952 0.1249 0.0778 0.0499 -0.0015 0.0090 0.1990 0.5806 0.5210
1494806400.0000 145950.0000 0.1252 -0.7088 -0.0702 0.8324 349.9839 0.2629 0.3493 0.0909 -0.1922 -0.0184 0.0409 0.3516 0.6695 0.6277
1494806400.0000 146250.0000 0.9992 -0.1488 -0.2647 1.0796 278.4692 0.1298 0.0930 0.0409 0.0297 -0.0382 0.0033 0.1319 0.2839 0.2698
1494806400.0000 146550.0000 0.3179 -0.4639 0.0047 0.7384 325.5837 0.1015 0.4285 0.0503 -0.0581 -0.0024 -0.0136 0.2902 0.7820 0.7474
1494806400.0000 146850.0000 0.2033 -0.9157 0.0930 1.0008 347.4795 0.1839 0.1676 0.0489 -0.1101 -0.0038 0.0242 0.2002 0.3876 0.3650
1494806400.0000 147150.0000 0.3858 0.0941 -0.0874 0.6602 256.2971 0.1510 0.2931 0.0214 0.0772 -0.0212 -0.0241 0.2328 0.9689 0.9689
1494806400.0000 147450.0000 0.3637 -0.1256 -0.0461 0.5054 289.0493 0.0420 0.1017 0.0355 -0.0098 0.0007 -0.0263 0.0896 0.6307 0.5689
1494806400.0000 147750.0000 0.1934 0.0140 0.0343 0.2865 265.8580 0.0400 0.0452 0.0361 0.0144 -0.0233 -0.0072 0.0606 1.0211 0.8690
1494806400.0000 148050.0000 0.3182 -0.7469 0.0822 0.9676 336.9241 0.2706 0.3265 0.0929 -0.0571 -0.0673 0.0261 0.3450 0.5877 0.5495
1494806400.0000 148350.0000 0.5222 -1.0968 0.0217 1.2808 334.5424 0.1423 0.3615 0.0854 -0.0244 -0.0476 0.0296 0.2946 0.3647 0.3373
1494806400.0000 148650.0000 0.3881 -0.5046 -0.1676 0.7551 322.4356 0.1463 0.1285 0.0397 -0.0293 -0.0119 0.0182 0.1572 0.4917 0.4753
1494806400.0000 148950.0000 -0.3010 -0.3351 0.1955 0.5570 41.9314 0.1490 0.1281 0.0321 0.0653 -0.0381 -0.0223 0.1546 0.6539 0.6748
1494806400.0000 149250.0000 0.0560 -0.7415 0.1092 0.8285 355.6826 0.1310 0.1536 0.0527 -0.0079 -0.0369 0.0077 0.1686 0.4462 0.4142
1494806400.0000 149550.0000 0.4002 -1.1081 0.0279 1.2930 340.1425 0.2002 0.4162 0.0790 -0.0366 -0.0280 0.0352 0.3477 0.4085 0.3847
1494806400.0000 149850.0000 0.2456 -0.6494 0.0329 0.7835 339.2847 0.1448 0.1587 0.0526 -0.0415 -0.0357 0.0173 0.1780 0.4957 0.4581
1494806400.0000 150150.0000 0.1903 -0.5320 0.0667 0.6375 340.3210 0.0923 0.0776 0.0371 0.0236 -0.0296 -0.0095 0.1035 0.4617 0.4213
1494806400.0000 150450.0000 -0.1777 -1.0756 0.2548 1.1867 9.3801 0.2411 0.1884 0.0544 0.0680 -0.0461 0.0067 0.2420 0.3588 0.3471
1494806400.0000 150750.0000 0.0094 -0.7651 0.1095 0.8313 359.2957 0.1112 0.0805 0.0593 0.0217 0.0088 0.0210 0.1255 0.3742 0.3304
1494806400.0000 151050.0000 -0.3288 -0.6639 0.2153 0.7864 26.3488 0.1245 0.1535 0.0447 0.0783 -0.0310 -0.0350 0.1613 0.4251 0.4109
