1494720000.0000 150.0000 0.7254 -0.0103 -0.3431 0.7523 270.8132 0.0527 0.0371 0.0358 -0.0207 0.0015 -0.0187 0.0628 0.2550 0.2385
1494720000.0000 450.0000 0.4447 -0.0374 -0.1559 0.5241 274.8081 0.0531 0.0667 0.0443 0.0243 -0.0366 -0.0307 0.0820 0.4947 0.4477
1494720000.0000 750.0000 0.3063 0.0069 -0.1135 0.3358 268.7044 0.0148 0.0173 0.0078 -0.0002 -0.0020 -0.0014 0.0200 0.3533 0.3380
1494720000.0000 1050.0000 0.3539 0.1647 -0.1840 0.4054 245.0446 0.0103 0.0098 0.0063 -0.0022 -0.0050 -0.0004 0.0132 0.2174 0.2095
1494720000.0000 1350.0000 0.5007 -0.2639 -0.0934 0.5867 297.7883 0.0151 0.0194 0.0156 0.0030 -0.0031 -0.0069 0.0251 0.2255 0.1896
1494720000.0000 1650.0000 0.7018 -0.4454 -0.0197 0.8440 302.4024 0.0484 0.0227 0.0237 -0.0102 -0.0142 -0.0028 0.0474 0.2139 0.1853
1494720000.0000 1950.0000 0.4927 -0.2515 -0.0613 0.5958 297.0457 0.0870 0.0646 0.0233 -0.0518 0.0016 -0.0131 0.0875 0.4338 0.4064
1494720000.0000 2250.0000 -0.3745 0.4591 -0.0401 0.7137 140.7991 0.1716 0.0544 0.0289 -0.0432 -0.0300 -0.0063 0.1275 0.4910 0.4633
1494720000.0000 2550.0000 -0.4738 0.3917 -0.0938 0.6435 129.5835 0.0297 0.0345 0.0288 0.0050 -0.0067 -0.0116 0.0465 0.2832 0.2380
1494720000.0000 2850.0000 -0.5808 0.5412 -0.0310 0.8194 132.9810 0.0347 0.0421 0.0295 0.0022 -0.0044 -0.0103 0.0532 0.2369 0.2015
1494720000.0000 3150.0000 -0.4770 0.4690 -0.0935 0.6971 134.5204 0.0460 0.0623 0.0341 -0.0117 -0.0086 -0.0215 0.0712 0.3225 0.2840
1494720000.0000 3450.0000 -0.3180 0.1245 0.0577 0.3664 111.3818 0.0273 0.0139 0.0205 0.0019 -0.0050 0.0013 0.0308 0.4140 0.3431
1494720000.0000 3750.0000 -0.4350 0.2751 0.0056 0.5505 122.3056 0.0312 0.0348 0.0210 0.0022 -0.0002 -0.0058 0.0435 0.3309 0.2881
1494720000.0000 4050.0000 -0.3710 0.5524 -0.1213 0.6957 146.1127 0.0293 0.0556 0.0248 0.0043 -0.0018 -0.0180 0.0549 0.2828 0.2529
1494720000.0000 4350.0000 -0.3114 0.3799 -0.1171 0.5406 140.6640 0.0412 0.0608 0.0470 -0.0014 -0.0055 -0.0294 0.0746 0.4415 0.3755
1494720000.0000 4650.0000 -0.1856 0.1869 0.0129 0.3949 135.2079 0.0674 0.0552 0.0478 0.0115 -0.0139 -0.0121 0.0852 0.9037 0.7675
1494720000.0000 4950.0000 -0.0784 -0.0823 0.0297 0.3555 43.6023 0.0736 0.0547 0.0194 -0.0059 -0.0028 -0.0014 0.0738 1.8892 1.8198
1494720000.0000 5250.0000 -0.2981 0.0532 0.0777 0.3322 100.1142 0.0427 0.0158 0.0294 -0.0044 0.0050 -0.0008 0.0440 0.5477 0.4612
1494720000.0000 5550.0000 -0.2907 0.0938 0.0139 0.3681 107.8839 0.0537 0.0430 0.0258 -0.0205 0.0044 -0.0080 0.0612 0.6607 0.5876
1494720000.0000 5850.0000 -0.3782 0.1865 0.0148 0.4338 116.2441 0.0191 0.0077 0.0092 -0.0004 -0.0002 -0.0029 0.0180 0.2593 0.2238
1494720000.0000 6150.0000 -0.5007 0.3677 0.0199 0.6398 126.2947 0.0393 0.0245 0.0105 -0.0064 -0.0011 -0.0069 0.0371 0.2531 0.2346
1494720000.0000 6450.0000 -0.6875 0.5059 -0.0403 0.8667 126.3516 0.0231 0.0341 0.0189 -0.0097 0.0025 -0.0040 0.0381 0.1864 0.1618
1494720000.0000 6750.0000 -0.6525 0.4916 -0.0075 0.8369 126.9918 0.0239 0.0369 0.0213 0.0018 -0.0053 -0.0132 0.0411 0.2025 0.1743
1494720000.0000 7050.0000 -0.6654 0.4684 0.0129 0.8361 125.1420 0.0142 0.0422 0.0211 0.0055 0.0000 -0.0184 0.0387 0.1974 0.1685
1494720000.0000 7350.0000 -0.6204 0.4861 -0.0066 0.8035 128.0802 0.0209 0.0318 0.0231 -0.0038 -0.0002 -0.0068 0.0379 0.2017 0.1681
1494720000.0000 7650.0000 -0.3577 0.1789 0.0072 0.4348 116.5686 0.0366 0.0310 0.0113 -0.0141 -0.0012 -0.0049 0.0395 0.4056 0.3754
1494720000.0000 7950.0000 -0.3166 0.0721 0.0488 0.3830 102.8230 0.0318 0.0322 0.0203 -0.0119 -0.0078 -0.0090 0.0422 0.5107 0.4500
1494720000.0000 8250.0000 -0.5780 0.3054 0.0574 0.6840 117.8461 0.0376 0.0396 0.0216 0.0029 -0.0028 -0.0047 0.0494 0.2766 0.2454
1494720000.0000 8550.0000 -0.3802 0.1083 0.0001 0.4201 105.9002 0.0260 0.0192 0.0246 -0.0062 -0.0090 0.0035 0.0349 0.3858 0.3106
1494720000.0000 8850.0000 -0.4333 0.2717 -0.0136 0.5528 122.0857 0.0290 0.0495 0.0417 -0.0062 0.0062 -0.0124 0.0601 0.3913 0.3163
1494720000.0000 9150.0000 -0.4027 0.2598 0.0043 0.5180 122.8272 0.0395 0.0311 0.0459 0.0046 -0.0142 -0.0081 0.0582 0.4112 0.3201
1494720000.0000 9450.0000 -0.2685 0.0263 0.1273 0.3661 95.5971 0.0616 0.0534 0.0491 0.0059 -0.0044 -0.0129 0.0820 0.7840 0.7256
1494720000.0000 9750.0000 -0.2419 0.0497 0.0974 0.2976 101.6075 0.0390 0.0181 0.0268 -0.0033 0.0039 -0.0076 0.0420 0.6303 0.5589
1494720000.0000 10050.0000 -0.5035 0.3043 -0.0047 0.6039 121.1466 0.0164 0.0159 0.0175 0.0037 -0.0004 -0.0061 0.0249 0.2191 0.1766
1494720000.0000 10350.0000 -0.5026 0.3484 -0.0596 0.6599 124.7299 0.0564 0.0450 0.0417 -0.0040 -0.0122 0.0023 0.0715 0.3554 0.3005
1494720000.0000 10650.0000 -0.4023 0.1969 0.0104 0.4940 116.0754 0.0507 0.0303 0.0507 0.0109 0.0007 0.0012 0.0659 0.4677 0.3668
1494720000.0000 10950.0000 -0.4945 0.3574 0.0065 0.6325 125.8582 0.0342 0.0252 0.0375 -0.0013 0.0010 0.0001 0.0484 0.2945 0.2307
1494720000.0000 11250.0000 -0.3883 0.3082 -0.0430 0.5342 128.4466 0.0401 0.0396 0.0319 -0.0021 -0.0165 -0.0077 0.0558 0.3876 0.3289
1494720000.0000 11550.0000 -0.7286 0.5273 0.0074 0.9129 125.8956 0.0453 0.0409 0.0297 -0.0186 -0.0175 0.0139 0.0579 0.2185 0.1884
1494720000.0000 11850.0000 -0.5934 0.4438 -0.0412 0.7874 126.7916 0.0507 0.0811 0.0347 -0.0177 -0.0073 -0.0089 0.0832 0.3174 0.2828
1494720000.0000 12150.0000 -0.5818 0.3495 -0.0250 0.7114 120.9942 0.0426 0.0331 0.0194 0.0018 -0.0107 -0.0006 0.0476 0.2622 0.2340
1494720000.0000 12450.0000 -0.4233 0.2483 0.0392 0.5083 120.3907 0.0113 0.0208 0.0071 0.0001 0.0007 -0.0056 0.0196 0.2320 0.2106
1494720000.0000 12750.0000 -0.3656 0.2838 0.0437 0.5051 127.8234 0.0347 0.0418 0.0152 -0.0059 0.0062 -0.0138 0.0458 0.3760 0.3450
1494720000.0000 13050.0000 -0.3704 0.2345 0.0270 0.4600 122.3385 0.0226 0.0152 0.0255 0.0007 0.0052 -0.0007 0.0316 0.3307 0.2559
1494720000.0000 13350.0000 -0.4208 0.2765 -0.0494 0.5344 123.3103 0.0186 0.0438 0.0178 -0.0135 -0.0026 -0.0084 0.0401 0.3232 0.2864
1494720000.0000 13650.0000 -0.1502 -0.0034 0.0134 0.2502 88.7187 0.0347 0.0175 0.0187 -0.0030 -0.0136 -0.0001 0.0355 1.0201 0.8787
1494720000.0000 13950.0000 -0.2791 0.2384 -0.0215 0.3774 130.4964 0.0066 0.0141 0.0047 -0.0039 -0.0008 -0.0024 0.0127 0.2500 0.2260
1494720000.0000 14250.0000 -0.5686 0.3903 -0.0302 0.7124 124.4685 0.0226 0.0359 0.0346 0.0015 -0.0026 -0.0086 0.0466 0.2552 0.2025
1494720000.0000 14550.0000 -0.5383 0.4427 -0.0136 0.7263 129.4332 0.0237 0.0443 0.0396 0.0036 -0.0111 -0.0225 0.0538 0.2716 0.2159
1494720000.0000 14850.0000 -0.2257 0.1228 -0.0156 0.3183 118.5530 0.0110 0.0400 0.0172 0.0084 0.0003 -0.0118 0.0341 0.5856 0.5072
1494720000.0000 15150.0000 -0.4172 0.3191 -0.0464 0.5352 127.4127 0.0178 0.0214 0.0115 -0.0101 0.0000 -0.0043 0.0253 0.2465 0.2175
1494720000.0000 15450.0000 -0.2592 0.1889 -0.0033 0.3453 126.0881 0.0340 0.0328 0.0079 -0.0215 0.0016 -0.0065 0.0374 0.4921 0.4654
1494720000.0000 15750.0000 -0.2001 -0.0646 0.0100 0.2551 72.1003 0.0261 0.0127 0.0156 0.0034 -0.0012 -0.0027 0.0272 0.6402 0.5412
1494720000.0000 16050.0000 -0.2356 -0.0225 0.0916 0.2832 84.5513 0.0256 0.0157 0.0231 0.0062 -0.0070 0.0002 0.0322 0.5773 0.4955
1494720000.0000 16350.0000 0.0718 -0.2219 0.0410 0.2608 342.0690 0.0080 0.0246 0.0234 -0.0007 0.0001 -0.0095 0.0280 0.5772 0.4470
1494720000.0000 16650.0000 -0.2477 -0.1360 0.0351 0.3053 61.2407 0.0156 0.0144 0.0101 0.0007 0.0028 -0.0011 0.0200 0.4058 0.3534
1494720000.0000 16950.0000 -0.4701 0.3085 0.0443 0.6062 123.2717 0.0804 0.0490 0.0120 -0.0328 0.0007 -0.0072 0.0707 0.3849 0.3693
1494720000.0000 17250.0000 -0.3439 0.1328 -0.0678 0.4419 111.1110 0.0349 0.0430 0.0229 0.0254 -0.0094 -0.0155 0.0504 0.4889 0.4369
1494720000.0000 17550.0000 -0.3394 0.2546 0.0570 0.4716 126.8772 0.0337 0.0443 0.0155 -0.0103 -0.0029 -0.0071 0.0467 0.4123 0.3800
1494720000.0000 17850.0000 -0.4756 0.5016 -0.0332 0.7199 136.5243 0.0183 0.0487 0.0239 0.0069 -0.0049 -0.0253 0.0454 0.2515 0.2162
1494720000.0000 18150.0000 -0.3607 0.1929 0.0476 0.4340 118.1352 0.0119 0.0269 0.0065 -0.0061 0.0026 -0.0030 0.0227 0.2986 0.2782
1494720000.0000 18450.0000 -0.3259 0.3323 -0.0592 0.4887 135.5543 0.0467 0.0262 0.0154 -0.0150 0.0039 -0.0073 0.0441 0.3656 0.3349
1494720000.0000 18750.0000 -0.2487 0.1989 -0.0026 0.3387 128.6501 0.0145 0.0206 0.0082 -0.0033 -0.0002 -0.0056 0.0217 0.3775 0.3397
1494720000.0000 19050.0000 -0.3982 0.2351 -0.0057 0.4818 120.5553 0.0081 0.0177 0.0139 0.0031 -0.0023 -0.0073 0.0198 0.2487 0.2005
1494720000.0000 19350.0000 -0.3822 0.3220 -0.0465 0.5213 130.1147 0.0268 0.0405 0.0145 -0.0162 0.0090 -0.0133 0.0409 0.3291 0.2997
1494720000.0000 19650.0000 -0.3653 0.1447 0.0642 0.4411 111.6058 0.0116 0.0501 0.0180 -0.0028 0.0036 -0.0217 0.0399 0.4097 0.3652
1494720000.0000 19950.0000 -0.2574 0.0428 0.0452 0.2909 99.4290 0.0391 0.0129 0.0073 -0.0119 0.0025 -0.0036 0.0297 0.5310 0.5047
1494720000.0000 20250.0000 -0.3614 0.4227 -0.0804 0.5732 139.4648 0.0174 0.0224 0.0291 -0.0010 -0.0023 -0.0065 0.0345 0.2698 0.2072
1494720000.0000 20550.0000 -0.5521 0.2501 0.0501 0.6217 114.3675 0.0155 0.0254 0.0089 -0.0058 0.0012 -0.0044 0.0249 0.2119 0.1927
1494720000.0000 20850.0000 -0.4072 0.2786 0.0594 0.5462 124.3819 0.0263 0.0671 0.0342 -0.0012 0.0039 -0.0269 0.0638 0.4151 0.3577
1494720000.0000 21150.0000 -0.4666 0.1534 0.0237 0.5317 108.2022 0.0180 0.0518 0.0294 -0.0075 0.0054 -0.0217 0.0496 0.3700 0.3108
1494720000.0000 21450.0000 -0.2207 0.1230 0.0162 0.2941 119.1242 0.0239 0.0203 0.0135 -0.0047 0.0050 -0.0084 0.0289 0.5480 0.4807
1494720000.0000 21750.0000 -0.4585 0.2858 -0.0198 0.5702 121.9335 0.0607 0.0566 0.0287 -0.0235 0.0112 -0.0222 0.0730 0.4081 0.3660
1494720000.0000 22050.0000 -0.5460 0.1515 0.0487 0.6012 105.5038 0.0501 0.0355 0.0305 0.0100 -0.0095 -0.0214 0.0581 0.3460 0.2983
1494720000.0000 22350.0000 -0.7673 0.0914 0.1191 0.8184 96.7962 0.0820 0.0634 0.0582 -0.0072 -0.0025 -0.0365 0.1018 0.3332 0.2849
1494720000.0000 22650.0000 -0.8261 0.5994 -0.0218 1.1017 125.9607 0.1408 0.1258 0.0759 0.0073 -0.0005 -0.0563 0.1712 0.3309 0.2921
1494720000.0000 22950.0000 -0.6891 0.1915 0.0584 0.7455 105.5284 0.0623 0.0671 0.0275 -0.0384 0.0077 -0.0230 0.0785 0.3187 0.2904
1494720000.0000 23250.0000 -0.3981 0.0223 0.0883 0.4492 93.2039 0.0572 0.0330 0.0329 0.0084 -0.0132 -0.0027 0.0616 0.4962 0.4350
1494720000.0000 23550.0000 -0.1165 0.0895 -0.0376 0.3934 127.5243 0.0599 0.1500 0.0959 0.0297 -0.0005 -0.0670 0.1529 2.1047 1.7998
1494720000.0000 23850.0000 -0.3934 0.0722 0.1276 0.4623 100.3953 0.0598 0.0358 0.0311 -0.0018 0.0041 -0.0052 0.0634 0.4895 0.4463
1494720000.0000 24150.0000 -0.1864 -0.1515 0.0989 0.4009 50.8913 0.0914 0.0377 0.0481 -0.0419 0.0009 -0.0159 0.0886 0.9354 0.8634
1494720000.0000 24450.0000 -0.2411 -0.1276 0.1223 0.3209 62.1077 0.0326 0.0169 0.0273 -0.0023 -0.0008 -0.0054 0.0384 0.5350 0.4707
1494720000.0000 24750.0000 -0.4624 -0.0968 0.1293 0.5053 78.1736 0.0147 0.0317 0.0268 0.0014 0.0039 -0.0058 0.0366 0.3189 0.2634
1494720000.0000 25050.0000 -0.4254 -0.0066 0.2241 0.4757 89.1069 0.0439 0.0425 0.0389 0.0065 -0.0034 -0.0274 0.0627 0.4252 0.3990
1494720000.0000 25350.0000 -0.5151 -0.1649 0.1892 0.5731 72.2510 0.0396 0.0286 0.0287 -0.0013 -0.0003 -0.0131 0.0485 0.3137 0.2787
1494720000.0000 25650.0000 -0.1920 -0.2389 0.0891 0.3570 38.7899 0.0211 0.0344 0.0416 -0.0057 0.0050 -0.0181 0.0485 0.5636 0.4438
1494720000.0000 25950.0000 -0.2530 -0.0610 0.1585 0.3391 76.4560 0.0436 0.0386 0.0217 0.0212 -0.0088 -0.0063 0.0520 0.6108 0.6362
1494720000.0000 26250.0000 -0.3437 0.0879 0.1396 0.4102 104.3479 0.0218 0.0346 0.0330 0.0130 -0.0010 -0.0078 0.0447 0.4528 0.3863
1494720000.0000 26550.0000 -0.3196 -0.3508 0.1775 0.5304 42.3386 0.0464 0.0395 0.0235 -0.0098 0.0093 -0.0036 0.0547 0.3768 0.3565
1494720000.0000 26850.0000 -0.2507 -0.0587 0.0835 0.3007 76.8260 0.0255 0.0188 0.0217 -0.0028 0.0001 -0.0085 0.0330 0.5482 0.4722
1494720000.0000 27150.0000 -0.2910 -0.3656 0.1646 0.5051 38.5224 0.0611 0.0215 0.0182 0.0194 -0.0080 -0.0077 0.0504 0.3700 0.3552
1494720000.0000 27450.0000 -0.2776 -0.2762 0.1916 0.4420 45.1496 0.0462 0.0465 0.0228 0.0150 0.0123 -0.0025 0.0578 0.4501 0.4489
1494720000.0000 27750.0000 -0.3650 -0.1637 0.1325 0.4629 65.8426 0.0490 0.0400 0.0201 -0.0003 0.0047 -0.0098 0.0546 0.4525 0.4304
1494720000.0000 28050.0000 -0.4788 -0.2730 0.2202 0.6548 60.3120 0.0581 0.1630 0.0695 0.0497 -0.0239 -0.0801 0.1453 0.5245 0.4927
1494720000.0000 28350.0000 -0.4978 -0.5607 0.4148 0.7890 41.5984 0.0520 0.0753 0.0150 0.0055 0.0018 0.0019 0.0712 0.2542 0.2748
1494720000.0000 28650.0000 -0.4513 -0.2758 0.3668 0.5741 58.5646 0.0539 0.0433 0.0284 -0.0054 -0.0028 0.0051 0.0628 0.3179 0.3403
1494720000.0000 28950.0000 -0.4831 -0.6331 0.2949 0.8415 37.3482 0.0447 0.0613 0.0314 -0.0224 0.0072 -0.0131 0.0687 0.2521 0.2361
1494720000.0000 29250.0000 -0.2925 -0.5470 0.3075 0.6756 28.1371 0.0587 0.0470 0.0323 -0.0169 0.0182 -0.0125 0.0690 0.3098 0.3026
1494720000.0000 29550.0000 -0.3042 -0.7543 0.2506 0.8576 21.9650 0.0621 0.0398 0.0380 -0.0226 -0.0137 0.0053 0.0700 0.2538 0.2266
1494720000.0000 29850.0000 -0.8764 -0.0850 0.2247 0.9234 84.4594 0.0708 0.0866 0.0409 0.0203 -0.0032 -0.0324 0.0992 0.2830 0.2602
1494720000.0000 30150.0000 -0.8288 -0.1718 0.1909 0.9339 78.2872 0.0954 0.1451 0.1653 -0.0170 0.0214 -0.0381 0.2029 0.4238 0.3345
1494720000.0000 30450.0000 -0.4568 -0.3061 0.3544 0.6517 56.1700 0.0690 0.1182 0.0594 -0.0035 0.0028 -0.0173 0.1233 0.4382 0.4543
1494720000.0000 30750.0000 -0.6436 0.0385 0.0776 0.6889 93.4212 0.1056 0.0460 0.1273 0.0165 -0.0228 -0.0236 0.1395 0.4695 0.3486
1494720000.0000 31050.0000 -0.5674 -0.2161 0.2104 0.6811 69.1466 0.0846 0.0872 0.0570 -0.0207 -0.0084 -0.0174 0.1144 0.4298 0.3942
1494720000.0000 31350.0000 -0.8032 0.0131 0.2803 0.8655 90.9352 0.1433 0.1063 0.0947 0.0190 0.0021 -0.0356 0.1722 0.3982 0.3591
1494720000.0000 31650.0000 -0.6264 -0.2316 0.3555 0.7576 69.7073 0.1348 0.1166 0.0836 0.0096 0.0030 -0.0260 0.1675 0.4417 0.4334
1494720000.0000 31950.0000 -0.8922 0.0447 0.1587 0.9373 92.8689 0.1077 0.0686 0.0680 0.0002 -0.0029 -0.0116 0.1221 0.3145 0.2713
1494720000.0000 32250.0000 -0.6731 -0.2719 0.2037 0.8728 68.0053 0.1610 0.1508 0.0533 -0.1058 0.0210 -0.0356 0.1825 0.4626 0.4441
1494720000.0000 32550.0000 -0.8646 -0.7101 0.4837 1.2091 50.6036 0.2484 0.1792 0.0555 0.0066 0.0243 0.0027 0.2416 0.3292 0.3374
1494720000.0000 32850.0000 -0.8165 0.0162 0.1574 0.8856 91.1371 0.0743 0.1189 0.0894 0.0137 0.0020 -0.0072 0.1413 0.3690 0.3107
1494720000.0000 33150.0000 -0.5935 -0.2682 0.1964 0.7090 65.6797 0.0899 0.0623 0.0876 -0.0012 0.0072 0.0016 0.1199 0.4156 0.3458
1494720000.0000 33450.0000 -0.1816 -0.3443 0.2330 0.4745 27.8151 0.0653 0.0654 0.0631 -0.0030 0.0022 -0.0012 0.0969 0.5604 0.5364
1494720000.0000 33750.0000 -0.0920 -0.3897 0.1632 0.5267 13.2877 0.1007 0.0625 0.0617 0.0011 -0.0147 -0.0074 0.1124 0.6330 0.5823
1494720000.0000 34050.0000 -0.3157 -0.2258 0.1227 0.4382 54.4282 0.0688 0.0455 0.0375 0.0369 -0.0247 -0.0072 0.0759 0.5525 0.5029
1494720000.0000 34350.0000 -0.0308 -0.4850 0.0345 0.5266 3.6324 0.0346 0.0883 0.0430 -0.0110 0.0125 0.0156 0.0830 0.4827 0.4165
1494720000.0000 34650.0000 0.1040 -0.6999 0.2069 0.7543 351.5511 0.0665 0.0963 0.1065 -0.0263 0.0060 -0.0028 0.1346 0.4064 0.3292
1494720000.0000 34950.0000 -0.0647 -0.3975 0.1881 0.5179 9.2476 0.0886 0.0998 0.1168 0.0215 -0.0203 -0.0134 0.1526 0.7175 0.6223
1494720000.0000 35250.0000 -0.3785 -0.2935 0.2029 0.5462 52.2054 0.0592 0.0619 0.0757 -0.0098 -0.0014 -0.0123 0.0984 0.4924 0.4195
1494720000.0000 35550.0000 0.0276 -0.6945 0.2226 0.7736 357.7233 0.1095 0.0736 0.0637 0.0009 -0.0104 0.0110 0.1234 0.3930 0.3555
1494720000.0000 35850.0000 -0.6864 -0.3618 0.3458 0.8631 62.2089 0.1395 0.1161 0.0952 -0.0090 0.0045 -0.0192 0.1754 0.4026 0.3762
1494720000.0000 36150.0000 -0.6834 -0.4295 0.2901 0.9419 57.8529 0.1687 0.2037 0.0922 -0.0591 0.0448 -0.0242 0.2323 0.4588 0.4365
1494720000.0000 36450.0000 -0.4541 -0.2877 0.2167 0.8725 57.6486 0.2204 0.3314 0.1227 -0.1063 -0.0234 -0.0341 0.3372 0.8180 0.7978
1494720000.0000 36750.0000 -0.7305 -0.0172 0.2880 0.8777 88.6508 0.1316 0.2352 0.1714 0.0376 -0.0066 -0.1187 0.2691 0.5393 0.4785
1494720000.0000 37050.0000 -1.0072 -0.4664 0.5174 1.2494 65.1521 0.5838 0.2963 0.2215 0.0407 -0.0469 -0.0335 0.5508 0.4948 0.4880
1494720000.0000 37350.0000 -1.4095 -0.2148 0.5346 1.5475 81.3351 0.5224 0.3389 0.1951 0.0843 0.0123 -0.0663 0.5282 0.3897 0.3758
1494720000.0000 37650.0000 -1.9249 -0.6609 0.6394 2.1740 71.0513 0.6315 0.4552 0.2207 -0.1493 0.0156 -0.0281 0.6537 0.3094 0.2957
1494720000.0000 37950.0000 -1.5696 -0.7538 0.6598 1.8648 64.3471 0.4839 0.3172 0.1702 -0.1041 0.0700 -0.0382 0.4857 0.3056 0.2968
1494720000.0000 38250.0000 -0.4292 -0.3214 0.2539 0.7910 53.1707 0.3741 0.2988 0.1163 0.1929 -0.0857 -0.0778 0.3946 0.8645 0.8832
1494720000.0000 38550.0000 -1.3739 -0.1753 0.4328 1.5622 82.7269 0.2506 0.4374 0.2035 -0.0480 -0.0119 -0.1814 0.4458 0.3757 0.3458
1494720000.0000 38850.0000 -0.4787 -0.6197 0.3192 0.8974 37.6852 0.1194 0.1715 0.0541 -0.0431 0.0217 -0.0146 0.1725 0.4010 0.3976
1494720000.0000 39150.0000 -0.4740 -0.1547 0.3481 1.0547 71.9227 0.6504 0.4304 0.1285 -0.2437 -0.0234 -0.0109 0.6047 1.0442 1.2039
1494720000.0000 39450.0000 -0.6737 -1.1557 0.6306 1.4703 30.2383 0.3120 0.2282 0.1356 -0.1089 -0.0102 0.0176 0.3379 0.3209 0.3172
1494720000.0000 39750.0000 -1.6070 -0.3556 0.6524 1.8134 77.5234 0.4680 0.4678 0.2163 -0.1064 0.0728 -0.0723 0.5760 0.3500 0.3393
1494720000.0000 40050.0000 -1.1823 -1.0808 0.6050 1.6995 47.5672 0.4968 0.2408 0.1552 0.0502 -0.0769 -0.0205 0.4464 0.3186 0.3095
1494720000.0000 40350.0000 -1.4368 0.2264 0.1590 1.8778 98.9559 1.5172 0.7618 0.4525 0.2521 -0.3115 -0.3099 1.3658 0.6521 0.5992
1494720000.0000 40650.0000 -1.1312 -0.0611 0.4266 1.2578 86.9059 0.6050 0.2297 0.1449 -0.0470 0.0256 -0.0334 0.4898 0.4721 0.4656
1494720000.0000 40950.0000 -0.6984 -0.0971 0.3586 0.8008 82.0845 0.2622 0.1103 0.0974 -0.0302 0.0192 -0.0033 0.2349 0.5003 0.4997
1494720000.0000 41250.0000 -0.3458 -0.1807 0.2815 0.6812 62.4089 0.2014 0.2307 0.1079 0.0102 0.0041 -0.0196 0.2700 0.8819 0.9728
1494720000.0000 41550.0000 -0.7761 -0.8856 0.5839 1.3445 41.2272 0.2954 0.3332 0.1238 -0.0544 0.0889 0.0009 0.3762 0.3810 0.3887
1494720000.0000 41850.0000 -0.1269 -0.7001 0.2808 0.8229 10.2702 0.1866 0.1379 0.0859 0.0687 -0.0495 -0.0359 0.2052 0.4836 0.4623
1494720000.0000 42150.0000 -0.0585 -0.9869 0.3295 1.1536 3.3934 0.3510 0.2167 0.1292 -0.0417 -0.0888 -0.0344 0.3484 0.4625 0.4400
1494720000.0000 42450.0000 -0.1065 -0.8594 0.4618 1.0402 7.0620 0.3157 0.1838 0.1054 -0.0682 -0.0393 -0.0052 0.3024 0.4575 0.4712
1494720000.0000 42750.0000 0.1345 -0.6332 0.1101 0.9248 348.0082 0.3639 0.3004 0.1488 -0.0010 -0.1162 -0.0382 0.4065 0.7929 0.7269
1494720000.0000 43050.0000 -0.0353 0.0247 -0.0452 0.7902 125.0335 0.4075 0.5138 0.2211 -0.0309 -0.0975 -0.0828 0.5712 9.8835 12.8609
1494720000.0000 43350.0000 -0.8884 -0.0947 0.2861 1.0891 83.9161 0.4053 0.3604 0.1803 0.0260 0.0017 -0.1422 0.4730 0.5986 0.5654
1494720000.0000 43650.0000 -1.1132 0.4336 0.1966 1.3461 111.2790 0.4934 0.5559 0.1977 -0.2596 0.0988 -0.1674 0.6235 0.5325 0.4950
1494720000.0000 43950.0000 -1.0477 -0.3510 0.4553 1.1977 71.4771 0.2592 0.1984 0.1141 0.0201 0.0286 -0.0256 0.2858 0.3653 0.3535
1494720000.0000 44250.0000 -1.1319 -0.0707 0.2776 1.3677 86.4238 0.2881 0.5483 0.2241 -0.1070 0.0859 -0.1813 0.5303 0.5092 0.4656
1494720000.0000 44550.0000 0.0947 0.1173 -0.0748 0.7265 218.9090 0.3632 0.3123 0.1743 0.0237 -0.0229 0.0050 0.4249 3.1612 3.1464
1494720000.0000 44850.0000 -0.0998 0.4055 0.1360 0.9578 166.1745 0.7770 0.2715 0.3236 0.0270 -0.2477 -0.0831 0.6861 1.5400 1.4158
1494720000.0000 45150.0000 0.7499 0.4481 -0.3346 1.2094 239.1366 1.1097 0.9327 0.5561 0.8607 -0.5760 -0.5384 1.2992 0.9949 0.9445
1494720000.0000 45450.0000 0.2317 0.8283 -0.4613 1.6261 195.6308 1.0380 1.3238 0.7142 0.4084 -0.4342 -0.6298 1.5380 1.0375 1.0316
1494720000.0000 45750.0000 -0.9919 0.5921 -0.0669 1.4981 120.8338 0.8469 0.8391 0.3126 -0.4999 -0.0186 -0.0972 0.9993 0.7054 0.6490
1494720000.0000 46050.0000 -0.9667 0.3214 0.0231 1.1946 108.3929 0.5885 0.3129 0.1966 -0.2046 -0.0762 0.0024 0.5490 0.5937 0.5381
1494720000.0000 46350.0000 -0.7644 0.2267 0.1562 0.8948 106.5202 0.1208 0.1530 0.1195 -0.0105 0.0169 -0.0310 0.1966 0.4457 0.3789
1494720000.0000 46650.0000 -0.3992 0.1922 0.0043 0.7024 115.7020 0.2325 0.2890 0.2031 -0.1679 0.0660 -0.1033 0.3623 1.1091 0.9410
1494720000.0000 46950.0000 0.1644 0.0054 0.0258 0.7509 268.1181 0.3957 0.3358 0.2277 0.1552 -0.1228 -0.1051 0.4796 3.3957 3.0017
1494720000.0000 47250.0000 -0.4117 0.0745 0.0882 0.8378 100.2570 0.4583 0.3046 0.1465 -0.1020 -0.0187 -0.1066 0.4547 1.2876 1.2053
1494720000.0000 47550.0000 -0.2925 -0.3487 0.2881 0.7107 39.9968 0.2388 0.1398 0.1042 -0.0675 -0.0178 -0.0321 0.2414 0.7447 0.7805
1494720000.0000 47850.0000 -0.1028 0.1784 -0.1002 0.7274 150.0539 0.3434 0.3224 0.2912 0.0577 -0.1081 -0.1691 0.4785 2.4670 2.2885
1494720000.0000 48150.0000 -0.2874 -0.4697 0.1170 0.6789 31.4597 0.1436 0.1713 0.1457 -0.0297 -0.0302 0.0382 0.2303 0.6960 0.5883
1494720000.0000 48450.0000 -0.1004 -0.0319 0.0392 0.8646 72.3612 0.6486 0.3056 0.2363 -0.1051 -0.0477 -0.0365 0.5952 5.6067 5.3555
1494720000.0000 48750.0000 -1.4185 0.3555 0.3940 1.6203 104.0687 0.7262 0.4360 0.3313 -0.0405 0.0552 -0.1541 0.7467 0.4659 0.4256
1494720000.0000 49050.0000 -1.3248 0.4886 0.3067 1.5669 110.2425 0.7267 0.3554 0.2640 -0.1409 -0.0191 -0.0287 0.6730 0.4636 0.4253
1494720000.0000 49350.0000 -0.2939 0.4462 0.0726 0.9313 146.6336 0.5602 0.3666 0.2559 0.1706 -0.1072 -0.1596 0.5914 1.1645 1.0403
1494720000.0000 49650.0000 -0.6820 0.1885 0.2036 0.8356 105.4476 0.1971 0.1668 0.1289 0.0036 0.0057 -0.0635 0.2463 0.5504 0.4922
1494720000.0000 49950.0000 0.0465 -0.5790 0.3490 0.6888 355.4038 0.1023 0.1483 0.0722 -0.0597 0.0354 -0.0459 0.1614 0.4840 0.4976
1494720000.0000 50250.0000 -0.1111 -0.3863 0.1250 0.6578 16.0406 0.1547 0.2495 0.1248 -0.0379 0.0038 -0.0743 0.2645 0.9975 0.9131
1494720000.0000 50550.0000 -0.4293 0.2403 0.1154 0.6598 119.2363 0.1607 0.1330 0.1093 0.0002 0.0110 -0.0373 0.2015 0.7253 0.6361
1494720000.0000 50850.0000 -0.1807 0.3114 -0.0005 0.9138 149.8756 0.5957 0.3355 0.2472 0.1677 -0.1670 -0.1339 0.5892 1.7409 1.5476
1494720000.0000 51150.0000 -0.0148 -0.4496 0.1359 0.5530 1.8895 0.0956 0.0666 0.1062 -0.0325 -0.0068 0.0102 0.1342 0.6366 0.5170
1494720000.0000 51450.0000 -0.3969 -0.2620 0.2897 0.6437 56.5703 0.1599 0.1373 0.1027 -0.0469 0.0474 -0.0383 0.2000 0.6557 0.6619
1494720000.0000 51750.0000 -0.4100 0.4391 -0.0884 0.9784 136.9642 0.5532 0.2772 0.1927 -0.0777 0.0227 -0.0768 0.5116 0.9618 0.8758
1494720000.0000 52050.0000 -0.1167 0.3335 0.0190 0.5782 160.7177 0.1499 0.1801 0.1894 -0.0009 -0.0325 -0.0796 0.2597 1.1757 0.9385
1494720000.0000 52350.0000 0.0158 0.4368 -0.2206 0.9055 182.0756 0.5693 0.2805 0.1622 -0.0478 -0.0521 -0.0990 0.5060 1.1863 1.2177
1494720000.0000 52650.0000 -0.6558 0.4255 0.0706 1.0140 122.9771 0.4909 0.2694 0.1668 -0.1092 0.0392 -0.0826 0.4636 0.7083 0.6440
1494720000.0000 52950.0000 -0.3646 0.0994 0.1263 0.5329 105.2430 0.1393 0.0932 0.0728 -0.0123 0.0074 -0.0430 0.1526 0.8005 0.7366
1494720000.0000 53250.0000 -0.5253 0.2125 0.0619 0.6612 112.0245 0.0841 0.1044 0.0772 -0.0081 0.0083 -0.0365 0.1329 0.5222 0.4424
1494720000.0000 53550.0000 0.0088 -0.2956 0.1475 0.6686 358.2993 0.3727 0.1036 0.0999 0.0039 -0.0603 -0.0221 0.2881 1.3261 1.3474
1494720000.0000 53850.0000 -0.3426 0.1650 0.0333 0.5137 115.7220 0.1218 0.0862 0.0645 0.0090 0.0131 -0.0271 0.1362 0.7895 0.6924
1494720000.0000 54150.0000 -0.3828 0.1783 0.0536 0.6077 114.9790 0.1774 0.1038 0.0802 -0.0290 -0.0138 -0.0205 0.1807 0.8153 0.7250
1494720000.0000 54450.0000 -0.7687 0.4613 0.0364 0.9352 120.9664 0.0594 0.0657 0.0555 0.0010 -0.0032 -0.0263 0.0903 0.2734 0.2277
1494720000.0000 54750.0000 -0.5715 0.3227 0.1168 0.9315 119.4548 0.5200 0.3953 0.1814 -0.1690 -0.0550 -0.1191 0.5483 0.9070 0.8416
1494720000.0000 55050.0000 -0.6556 0.2752 0.0121 1.0148 112.7690 0.3527 0.3986 0.0978 -0.2480 -0.0345 0.0286 0.4245 0.7481 0.7038
1494720000.0000 55350.0000 0.4102 0.5409 -0.1829 0.9989 217.1802 0.5054 0.4080 0.3311 0.1098 -0.2159 -0.1248 0.6223 0.9161 0.8129
1494720000.0000 55650.0000 0.4417 0.3729 -0.0715 1.0020 229.8291 0.5086 0.4533 0.2654 0.0405 -0.1325 -0.1464 0.6137 1.0981 0.9796
1494720000.0000 55950.0000 0.7111 -0.4039 0.0064 1.0528 299.5944 0.2072 0.4486 0.2359 0.0474 -0.0794 -0.1468 0.4458 0.6666 0.5717
1494720000.0000 56250.0000 0.6863 -0.0019 -0.0621 0.9999 270.1586 0.3104 0.5418 0.3371 0.1851 -0.1878 -0.2663 0.5947 0.9137 0.7766
1494720000.0000 56550.0000 0.7027 -0.1124 -0.0692 1.0565 279.0907 0.4061 0.5723 0.2394 0.0977 -0.1017 -0.2187 0.6089 0.8910 0.8024
1494720000.0000 56850.0000 0.8441 -1.0200 0.0391 1.4178 320.3891 0.2495 0.2096 0.2325 -0.0016 -0.0534 -0.0750 0.3458 0.3625 0.2955
1494720000.0000 57150.0000 0.7095 -1.0060 0.1913 1.3065 324.8061 0.1881 0.2370 0.2024 -0.0603 -0.0077 -0.0544 0.3137 0.3671 0.3058
1494720000.0000 57450.0000 0.6573 -0.7556 0.1278 1.1605 318.9771 0.1525 0.3152 0.2067 0.0320 -0.0387 -0.1000 0.3372 0.4696 0.3942
1494720000.0000 57750.0000 0.3651 -0.6885 0.2295 0.9186 332.0642 0.1272 0.3250 0.1311 0.0057 -0.0164 -0.0721 0.2916 0.5427 0.4982
1494720000.0000 58050.0000 0.4112 -0.5616 0.1928 0.8432 323.7925 0.1282 0.2369 0.1103 -0.0550 -0.0158 -0.0640 0.2377 0.5511 0.5012
1494720000.0000 58350.0000 0.7408 -0.6879 0.0787 1.1376 312.8781 0.1683 0.2939 0.2782 0.0067 -0.0647 -0.0961 0.3702 0.4900 0.3883
1494720000.0000 58650.0000 0.6593 -0.6173 0.0556 1.0092 313.1169 0.1848 0.2072 0.1700 0.0314 -0.0810 -0.0838 0.2810 0.4783 0.4002
1494720000.0000 58950.0000 -0.1018 -0.4074 0.1863 0.7747 14.0253 0.3378 0.2263 0.2226 -0.0375 -0.0798 -0.0273 0.3934 1.1148 1.0328
1494720000.0000 59250.0000 0.4737 -0.7319 0.1658 1.1234 327.0896 0.3050 0.4349 0.2225 0.0494 -0.1346 -0.0693 0.4812 0.6382 0.5696
1494720000.0000 59550.0000 0.4157 -0.2053 -0.0230 0.9356 296.2872 0.5001 0.5192 0.2397 0.0186 -0.1193 -0.1402 0.6295 1.3955 1.2572
1494720000.0000 59850.0000 0.0988 -0.3129 0.2141 0.9338 342.4800 0.6540 0.2915 0.2640 -0.0019 -0.2520 -0.0279 0.6048 1.6208 1.7111
1494720000.0000 60150.0000 0.5380 -0.8148 0.2349 1.1436 326.5631 0.2439 0.3253 0.2269 -0.0100 0.0215 -0.0694 0.3980 0.5129 0.4461
1494720000.0000 60450.0000 0.3967 -0.8841 0.2234 1.0457 335.8321 0.1835 0.1704 0.1322 -0.0355 -0.0153 -0.0078 0.2430 0.4047 0.3544
1494720000.0000 60750.0000 0.4355 -0.8097 0.1698 0.9912 331.7275 0.1969 0.1567 0.0914 -0.0679 -0.0442 0.0163 0.2225 0.4119 0.3734
1494720000.0000 61050.0000 0.0456 -0.8593 0.2591 1.0231 356.9609 0.2864 0.2345 0.1067 -0.1273 0.0369 -0.0403 0.3138 0.5090 0.4843
1494720000.0000 61350.0000 0.2188 -0.2369 0.1001 0.6802 317.2838 0.2040 0.3243 0.1173 0.0833 -0.0931 -0.0584 0.3227 1.3736 1.3012
1494720000.0000 61650.0000 0.0444 -0.5490 0.1386 0.7092 355.3781 0.1966 0.1473 0.0957 -0.0419 -0.0240 -0.0169 0.2198 0.6740 0.6147
1494720000.0000 61950.0000 0.2540 -0.6011 0.2741 0.8259 337.0939 0.1386 0.2402 0.1781 0.0237 0.0141 -0.0568 0.2785 0.6087 0.5445
1494720000.0000 62250.0000 0.1949 -0.7859 0.1872 0.8842 346.0728 0.0871 0.1026 0.0827 -0.0106 -0.0107 -0.0213 0.1362 0.3626 0.3106
1494720000.0000 62550.0000 0.3196 -0.7234 0.0552 0.9086 336.1659 0.1261 0.2585 0.1204 -0.0566 -0.0352 -0.0311 0.2525 0.5176 0.4528
1494720000.0000 62850.0000 0.7083 -0.6747 0.0236 1.1134 313.6089 0.3042 0.2134 0.1672 0.0375 -0.1349 -0.0531 0.3424 0.4883 0.4246
1494720000.0000 63150.0000 -0.2018 -0.3291 0.0316 0.6246 31.5070 0.2048 0.1091 0.0782 -0.0271 0.0053 -0.0053 0.1961 0.9335 0.8380
1494720000.0000 63450.0000 -0.5360 -0.0283 0.0611 0.6611 86.9728 0.0784 0.1182 0.0655 0.0051 0.0014 -0.0565 0.1310 0.5471 0.4768
1494720000.0000 63750.0000 -0.3693 -0.0025 0.0077 0.4591 89.6102 0.0892 0.0554 0.0452 0.0134 0.0025 -0.0137 0.0949 0.6811 0.5946
1494720000.0000 64050.0000 -0.2972 -0.0466 -0.0371 0.4993 81.0978 0.0882 0.1724 0.1070 0.0562 -0.0500 -0.0617 0.1838 1.1550 0.9798
1494720000.0000 64350.0000 -0.4242 0.1469 0.0621 0.6024 109.1005 0.1963 0.0927 0.0606 -0.0103 -0.0490 -0.0160 0.1748 0.7533 0.6914
1494720000.0000 64650.0000 -0.1518 -0.2480 0.0708 0.5642 31.4770 0.1266 0.1331 0.0292 -0.0937 -0.0069 0.0074 0.1445 1.0370 1.0119
1494720000.0000 64950.0000 -0.4033 0.1979 0.0245 0.6831 116.1306 0.0837 0.2610 0.0691 -0.0104 -0.0139 -0.0194 0.2069 0.8255 0.7545
1494720000.0000 65250.0000 0.0039 -0.1108 0.0089 0.6595 357.9941 0.2915 0.2452 0.1369 0.0383 -0.0785 -0.0759 0.3368 4.2588 3.8136
1494720000.0000 65550.0000 -0.2164 0.2858 0.0417 0.6470 142.8732 0.2650 0.1743 0.1199 -0.0730 -0.0631 0.0134 0.2796 1.1962 1.0674
1494720000.0000 65850.0000 0.2263 -0.1517 -0.0515 0.5482 303.8260 0.1484 0.2072 0.0873 0.1262 -0.0642 -0.0770 0.2214 1.3856 1.2635
1494720000.0000 66150.0000 0.4892 -0.0788 0.0146 0.7829 279.1449 0.1378 0.3698 0.1403 0.0626 -0.0516 -0.0860 0.3239 0.9374 0.8301
1494720000.0000 66450.0000 0.4290 0.1202 -0.1762 0.8183 254.3504 0.4118 0.3547 0.2336 0.0419 -0.1674 -0.1421 0.5001 1.2053 1.1347
1494720000.0000 66750.0000 0.3928 0.0840 -0.0500 0.5874 257.9226 0.1067 0.1968 0.0819 0.0539 -0.0497 -0.0655 0.1927 0.8855 0.7919
1494720000.0000 67050.0000 0.6336 -0.4704 -0.0496 0.8766 306.5936 0.0579 0.1523 0.0537 -0.0267 -0.0210 -0.0095 0.1320 0.3751 0.3354
1494720000.0000 67350.0000 0.6105 -0.8705 0.0663 1.0911 324.9588 0.0393 0.0785 0.0503 0.0058 -0.0044 -0.0167 0.0840 0.2222 0.1863
1494720000.0000 67650.0000 0.2089 -0.5369 0.0535 0.6547 338.7423 0.1140 0.0895 0.1176 -0.0218 0.0110 -0.0437 0.1606 0.5655 0.4521
1494720000.0000 67950.0000 0.3721 -0.4791 -0.0396 0.6451 322.1642 0.0744 0.0673 0.0458 -0.0230 -0.0157 -0.0053 0.0938 0.4112 0.3583
1494720000.0000 68250.0000 0.1100 -0.2426 0.0560 0.3477 335.6142 0.0515 0.0329 0.0342 0.0001 -0.0214 0.0000 0.0593 0.7306 0.6297
1494720000.0000 68550.0000 0.4160 -0.5335 -0.0880 0.7062 322.0563 0.0515 0.0597 0.0265 -0.0138 -0.0060 0.0059 0.0689 0.3141 0.2846
1494720000.0000 68850.0000 0.2767 -0.3093 -0.0834 0.4576 318.1811 0.0414 0.0293 0.0417 0.0008 -0.0190 -0.0016 0.0562 0.4572 0.3698
1494720000.0000 69150.0000 0.1167 -0.2933 -0.0010 0.4186 338.3093 0.0314 0.0786 0.0280 0.0109 -0.0173 -0.0146 0.0690 0.6795 0.6068
1494720000.0000 69450.0000 0.3189 -0.2399 -0.0918 0.4464 306.9448 0.0241 0.0583 0.0115 -0.0091 -0.0073 0.0017 0.0469 0.4320 0.4153
1494720000.0000 69750.0000 0.6765 -0.3347 -0.1819 0.7841 296.3240 0.0258 0.0416 0.0138 0.0068 -0.0072 -0.0008 0.0406 0.2119 0.1986
1494720000.0000 70050.0000 0.4235 -0.2411 -0.1600 0.5161 299.6475 0.0503 0.0354 0.0298 -0.0179 -0.0170 0.0067 0.0577 0.3824 0.3468
1494720000.0000 70350.0000 0.6350 -0.3686 -0.1607 0.7591 300.1370 0.0314 0.0466 0.0217 -0.0067 -0.0097 0.0077 0.0499 0.2425 0.2196
1494720000.0000 70650.0000 0.7762 -0.3440 -0.2180 0.8785 293.9025 0.0353 0.0457 0.0231 0.0073 -0.0074 -0.0029 0.0521 0.2125 0.1936
1494720000.0000 70950.0000 1.0134 -0.3484 -0.2790 1.0931 288.9704 0.0675 0.0438 0.0413 -0.0012 -0.0224 -0.0000 0.0763 0.2037 0.1797
1494720000.0000 71250.0000 1.0661 -0.1666 -0.2744 1.1102 278.8842 0.0787 0.0765 0.0562 -0.0038 -0.0277 0.0049 0.1057 0.2384 0.2108
1494720000.0000 71550.0000 0.7541 -0.1835 -0.1613 0.8026 283.6763 0.0386 0.0453 0.0291 0.0011 -0.0149 -0.0059 0.0565 0.2449 0.2155
1494720000.0000 71850.0000 0.9494 -0.2317 -0.2662 1.0020 283.7152 0.0464 0.0587 0.0332 -0.0112 -0.0139 0.0005 0.0692 0.2120 0.1915
1494720000.0000 72150.0000 1.0664 -0.3037 -0.2857 1.1282 285.8976 0.0384 0.0498 0.0270 -0.0056 -0.0076 -0.0003 0.0576 0.1712 0.1546
1494720000.0000 72450.0000 1.0869 -0.0984 -0.3129 1.1188 275.1754 0.0447 0.0660 0.0321 0.0037 -0.0120 0.0012 0.0715 0.1922 0.1761
1494720000.0000 72750.0000 1.0350 -0.1315 -0.3042 1.0692 277.2412 0.0651 0.0560 0.0436 0.0030 -0.0242 -0.0044 0.0824 0.2156 0.1926
1494720000.0000 73050.0000 1.0624 -0.1167 -0.3297 1.0915 276.2698 0.0462 0.0527 0.0366 -0.0010 -0.0118 0.0079 0.0678 0.1900 0.1699
1494720000.0000 73350.0000 1.0421 -0.3340 -0.2947 1.1269 287.7705 0.0998 0.0901 0.0654 -0.0262 -0.0327 0.0105 0.1277 0.2574 0.2299
1494720000.0000 73650.0000 1.2043 -0.3319 -0.3467 1.2799 285.4101 0.0565 0.0838 0.0500 -0.0065 -0.0132 0.0083 0.0952 0.1943 0.1731
1494720000.0000 73950.0000 1.2726 -0.1317 -0.3598 1.3106 275.9077 0.0517 0.0872 0.0461 -0.0095 -0.0121 0.0058 0.0925 0.1868 0.1681
1494720000.0000 74250.0000 1.4035 -0.2488 -0.4024 1.4523 280.0512 0.0584 0.0882 0.0600 -0.0141 -0.0134 0.0128 0.1033 0.1772 0.1551
1494720000.0000 74550.0000 1.1942 -0.0656 -0.3804 1.2157 273.1454 0.0462 0.0494 0.0356 0.0008 -0.0126 0.0036 0.0656 0.1666 0.1493
1494720000.0000 74850.0000 1.2034 0.4069 -0.4881 1.2855 251.3171 0.0183 0.0399 0.0203 0.0028 -0.0082 -0.0095 0.0393 0.1189 0.1096
1494720000.0000 75150.0000 1.1621 0.4064 -0.4801 1.2421 250.7263 0.0186 0.0306 0.0170 0.0045 -0.0038 -0.0010 0.0331 0.1125 0.1041
1494720000.0000 75450.0000 0.9800 -0.0736 -0.3203 0.9918 274.2976 0.0260 0.0184 0.0101 0.0039 -0.0058 -0.0040 0.0272 0.1304 0.1238
1494720000.0000 75750.0000 0.4315 -0.2814 -0.0422 0.5669 303.1104 0.0940 0.0284 0.0225 0.0097 -0.0313 -0.0068 0.0725 0.4253 0.3922
1494720000.0000 76050.0000 0.3251 -0.4949 -0.0577 0.6193 326.6962 0.0280 0.0359 0.0244 0.0003 -0.0061 -0.0024 0.0442 0.2884 0.2465
1494720000.0000 76350.0000 0.2805 -0.5220 0.0174 0.6229 331.7493 0.0293 0.0466 0.0202 -0.0046 -0.0039 0.0090 0.0481 0.3019 0.2685
1494720000.0000 76650.0000 -0.1563 -0.3828 0.1094 0.4353 22.2130 0.0154 0.0141 0.0060 -0.0019 0.0003 0.0011 0.0178 0.2544 0.2399
1494720000.0000 76950.0000 -0.1024 -0.4992 0.1261 0.5250 11.5907 0.0152 0.0226 0.0063 0.0016 -0.0003 -0.0007 0.0221 0.2311 0.2204
1494720000.0000 77250.0000 -0.1198 -0.7364 0.2175 0.7584 9.2390 0.0173 0.0254 0.0085 0.0007 -0.0021 0.0012 0.0256 0.1680 0.1598
1494720000.0000 77550.0000 0.0677 -0.6777 0.1168 0.6896 354.2966 0.0120 0.0113 0.0038 0.0006 -0.0009 -0.0011 0.0136 0.1376 0.1294
1494720000.0000 77850.0000 0.1672 -0.8754 0.1444 0.8982 349.1842 0.0177 0.0181 0.0046 -0.0129 0.0017 0.0004 0.0202 0.1286 0.1226
1494720000.0000 78150.0000 0.1841 -0.8191 0.0932 0.8443 347.3338 0.0069 0.0156 0.0054 0.0008 0.0007 -0.0042 0.0140 0.1142 0.1032
1494720000.0000 78450.0000 0.2997 -0.4419 -0.0618 0.5499 325.8532 0.0082 0.0190 0.0038 0.0054 -0.0024 -0.0031 0.0155 0.1890 0.1783
1494720000.0000 78750.0000 0.6127 -0.1162 -0.1914 0.6528 280.7393 0.0506 0.0267 0.0168 0.0272 -0.0171 -0.0113 0.0471 0.2716 0.2574
1494720000.0000 79050.0000 0.8504 -0.1595 -0.2140 0.9604 280.6215 0.1150 0.0960 0.0273 0.0933 -0.0445 -0.0427 0.1192 0.3162 0.3065
1494720000.0000 79350.0000 -0.0201 -0.4234 0.0762 0.4635 2.7205 0.0295 0.0156 0.0104 0.0079 -0.0085 -0.0013 0.0278 0.3160 0.2894
1494720000.0000 79650.0000 -0.1431 -0.3823 0.1072 0.4117 20.5205 0.0020 0.0073 0.0010 0.0004 -0.0003 -0.0004 0.0051 0.1386 0.1362
1494720000.0000 79950.0000 0.0036 -0.0136 -0.0209 0.2027 345.2342 0.0226 0.0324 0.0094 0.0251 -0.0138 -0.0159 0.0322 5.8102 9.6397
1494720000.0000 80250.0000 0.3197 0.1304 -0.1914 0.3518 247.8059 0.0069 0.0053 0.0016 0.0015 -0.0018 -0.0017 0.0069 0.1721 0.1847
1494720000.0000 80550.0000 0.5734 0.1388 -0.2586 0.5926 256.3899 0.0154 0.0045 0.0039 0.0045 -0.0060 -0.0022 0.0119 0.1383 0.1383
1494720000.0000 80850.0000 0.0513 0.0109 -0.0671 0.2155 257.9524 0.0615 0.0053 0.0159 0.0153 -0.0295 -0.0079 0.0414 1.9514 2.8479
1494720000.0000 81150.0000 -0.4328 0.0368 0.0548 0.4530 94.8595 0.0221 0.0145 0.0059 0.0088 -0.0063 -0.0034 0.0213 0.2720 0.2545
1494720000.0000 81450.0000 -0.2887 0.0196 0.0424 0.2947 93.8892 0.0027 0.0037 0.0013 0.0000 -0.0003 -0.0005 0.0038 0.1729 0.1594
1494720000.0000 81750.0000 -0.4191 0.0671 0.0754 0.4302 99.1013 0.0071 0.0039 0.0011 0.0024 -0.0016 -0.0013 0.0061 0.1475 0.1430
1494720000.0000 82050.0000 -0.4539 0.1152 0.0678 0.4768 104.2412 0.0101 0.0058 0.0023 0.0041 -0.0029 -0.0018 0.0091 0.1647 0.1557
1494720000.0000 82350.0000 -0.3171 0.0721 0.0251 0.3425 102.8130 0.0124 0.0094 0.0018 0.0026 -0.0037 -0.0017 0.0118 0.2719 0.2621
1494720000.0000 82650.0000 -0.5130 -0.0169 0.0954 0.5245 88.1173 0.0285 0.0092 0.0035 -0.0060 -0.0029 0.0028 0.0206 0.2246 0.2185
1494720000.0000 82950.0000 -0.0466 -0.2561 0.0362 0.2722 10.3103 0.0068 0.0049 0.0052 0.0008 -0.0035 -0.0007 0.0084 0.2855 0.2402
1494720000.0000 83250.0000 -0.4490 -0.2408 0.1693 0.5183 61.7934 0.0196 0.0054 0.0020 0.0011 -0.0024 -0.0004 0.0136 0.1770 0.1794
1494720000.0000 83550.0000 -0.1857 -0.0932 0.0419 0.2234 63.3420 0.0083 0.0053 0.0008 -0.0006 -0.0009 -0.0009 0.0072 0.3275 0.3243
1494720000.0000 83850.0000 0.0832 -0.2378 -0.0479 0.3099 340.7186 0.0231 0.0597 0.0008 -0.0329 0.0012 -0.0022 0.0418 0.6511 0.6596
1494720000.0000 84150.0000 0.0440 -0.6574 0.1176 0.6841 356.1719 0.0313 0.0232 0.0054 -0.0239 -0.0087 0.0055 0.0299 0.2110 0.2045
1494720000.0000 84450.0000 -0.2437 -0.4159 0.1537 0.5086 30.3648 0.0179 0.0380 0.0078 -0.0058 0.0004 -0.0010 0.0319 0.2882 0.2833
1494720000.0000 84750.0000 -0.0417 -0.4810 0.1029 0.5004 4.9504 0.0161 0.0376 0.0049 0.0007 -0.0001 0.0020 0.0292 0.2828 0.2769
1494720000.0000 85050.0000 0.1925 -0.5925 0.0382 0.6386 341.9980 0.0214 0.0162 0.0115 -0.0006 -0.0088 -0.0006 0.0246 0.2051 0.1798
1494720000.0000 85350.0000 0.2053 -0.7289 0.0273 0.7680 344.2706 0.0162 0.0039 0.0051 0.0015 -0.0059 -0.0003 0.0126 0.1209 0.1081
1494720000.0000 85650.0000 0.0038 -0.6047 0.0958 0.6428 359.6367 0.0374 0.0452 0.0080 -0.0329 -0.0047 0.0041 0.0453 0.2838 0.2744
1494720000.0000 85950.0000 -0.0858 -0.0940 -0.0259 0.1994 42.3898 0.0105 0.0195 0.0038 -0.0032 -0.0030 -0.0028 0.0169 0.8163 0.7846
1494720000.0000 86250.0000 -0.3512 -0.2268 0.1365 0.4512 57.1446 0.0317 0.0142 0.0049 -0.0041 -0.0064 -0.0013 0.0254 0.2960 0.2959
1494806400.0000 86550.0000 -0.0672 -0.3742 0.0527 0.4128 10.1787 0.0240 0.0237 0.0096 -0.0113 -0.0087 0.0041 0.0287 0.3602 0.3317
1494806400.0000 86850.0000 0.1856 -0.6940 0.0488 0.7259 345.0285 0.0097 0.0231 0.0093 0.0001 -0.0017 -0.0038 0.0211 0.1645 0.1456
1494806400.0000 87150.0000 0.2273 -0.5409 -0.0052 0.5984 337.2062 0.0120 0.0278 0.0130 -0.0013 -0.0042 -0.0065 0.0264 0.2261 0.1963
1494806400.0000 87450.0000 -0.0326 -0.4082 0.0879 0.4175 4.5594 0.0066 0.0057 0.0016 -0.0037 -0.0001 -0.0003 0.0069 0.1625 0.1565
1494806400.0000 87750.0000 -0.0628 -0.5595 0.1478 0.5675 6.4083 0.0049 0.0080 0.0025 0.0001 0.0002 -0.0022 0.0078 0.1236 0.1169
1494806400.0000 88050.0000 -0.0944 -0.5338 0.1246 0.5459 10.0310 0.0038 0.0080 0.0027 0.0001 -0.0004 -0.0008 0.0072 0.1248 0.1154
1494806400.0000 88350.0000 -0.2878 -0.1983 0.1000 0.3625 55.4338 0.0073 0.0055 0.0025 -0.0035 0.0002 -0.0009 0.0077 0.1965 0.1871
1494806400.0000 88650.0000 -0.2280 -0.2184 0.0613 0.3270 46.2286 0.0029 0.0061 0.0009 -0.0025 -0.0006 0.0000 0.0049 0.1781 0.1733
1494806400.0000 88950.0000 0.1212 -0.5548 0.0276 0.5750 347.6751 0.0149 0.0477 0.0029 -0.0210 0.0031 -0.0081 0.0327 0.2599 0.2544
1494806400.0000 89250.0000 0.1323 -0.8792 0.1577 0.8937 351.4402 0.0092 0.0347 0.0053 -0.0083 0.0007 -0.0044 0.0247 0.1420 0.1361
1494806400.0000 89550.0000 -0.0980 -0.3044 0.0728 0.3610 17.8526 0.0153 0.0375 0.0046 -0.0162 0.0017 -0.0037 0.0287 0.4221 0.4151
1494806400.0000 89850.0000 0.3145 -0.7677 0.0228 0.8413 337.7244 0.0318 0.0998 0.0118 -0.0359 0.0077 -0.0191 0.0717 0.2634 0.2524
1494806400.0000 90150.0000 0.1750 -0.9834 0.1821 1.0244 349.9106 0.0610 0.0785 0.0074 -0.0557 0.0026 -0.0042 0.0734 0.2179 0.2159
1494806400.0000 90450.0000 -0.1649 -0.2032 0.0215 0.3312 39.0620 0.0241 0.0288 0.0060 -0.0184 -0.0056 0.0037 0.0295 0.5340 0.5075
1494806400.0000 90750.0000 0.0129 -0.8572 0.1764 0.8627 359.1396 0.0071 0.0197 0.0063 0.0007 0.0000 0.0009 0.0165 0.1200 0.1102
1494806400.0000 91050.0000 0.2935 -0.9176 0.0984 0.9780 342.2610 0.0317 0.0432 0.0142 -0.0101 -0.0040 0.0050 0.0446 0.1780 0.1641
1494806400.0000 91350.0000 0.4891 -1.1807 0.1240 1.2877 337.5004 0.0200 0.0380 0.0147 0.0011 -0.0023 -0.0040 0.0363 0.1211 0.1087
1494806400.0000 91650.0000 0.2374 -1.1697 0.2092 1.2068 348.5277 0.0341 0.0523 0.0120 -0.0132 0.0015 -0.0013 0.0492 0.1495 0.1422
1494806400.0000 91950.0000 -0.3039 -0.5954 0.2170 0.7457 27.0386 0.0601 0.0830 0.0079 -0.0468 0.0061 -0.0096 0.0755 0.3192 0.3267
1494806400.0000 92250.0000 -0.2671 -0.3372 0.0797 0.5878 38.3870 0.0315 0.1653 0.0044 -0.0591 0.0039 -0.0120 0.1006 0.5920 0.5954
1494806400.0000 92550.0000 -0.2370 -0.6126 0.1982 0.6721 21.1525 0.0122 0.0229 0.0030 -0.0078 -0.0008 -0.0005 0.0190 0.1641 0.1646
1494806400.0000 92850.0000 -0.7206 -0.3081 0.2013 0.8001 66.8514 0.0291 0.0114 0.0049 -0.0115 -0.0062 0.0028 0.0227 0.1522 0.1483
1494806400.0000 93150.0000 -0.6421 -0.2510 0.1720 0.7111 68.6479 0.0360 0.0137 0.0064 -0.0135 0.0003 -0.0027 0.0280 0.1924 0.1866
1494806400.0000 93450.0000 -0.8729 -0.3707 0.2862 0.9546 66.9896 0.0184 0.0103 0.0067 -0.0005 -0.0011 0.0009 0.0177 0.1097 0.1032
1494806400.0000 93750.0000 -0.6010 -0.4099 0.1875 0.7512 55.7016 0.0260 0.0207 0.0038 -0.0128 0.0018 -0.0013 0.0252 0.1726 0.1715
1494806400.0000 94050.0000 -0.8666 -0.3480 0.2481 0.9349 68.1210 0.0042 0.0010 0.0009 -0.0008 -0.0011 0.0003 0.0030 0.0467 0.0447
1494806400.0000 94350.0000 -1.0858 -0.1995 0.2366 1.1126 79.5874 0.0169 0.0157 0.0027 -0.0110 0.0005 -0.0006 0.0176 0.0959 0.0943
1494806400.0000 94650.0000 -1.2173 -0.1827 0.2932 1.2423 81.4652 0.0193 0.0261 0.0074 -0.0061 0.0012 -0.0011 0.0264 0.1049 0.0999
1494806400.0000 94950.0000 -1.1978 -0.4083 0.3493 1.2672 71.1765 0.0040 0.0046 0.0026 0.0002 -0.0004 0.0004 0.0056 0.0465 0.0421
1494806400.0000 95250.0000 -1.0067 -0.5890 0.3480 1.1708 59.6704 0.0094 0.0099 0.0040 -0.0008 0.0014 0.0012 0.0117 0.0725 0.0688
1494806400.0000 95550.0000 -1.1747 -0.4439 0.3571 1.2704 69.2986 0.0450 0.0332 0.0233 -0.0022 -0.0092 0.0081 0.0508 0.1409 0.1286
1494806400.0000 95850.0000 -0.4213 -0.8814 0.2793 1.0058 25.5451 0.0566 0.0184 0.0094 -0.0106 -0.0085 0.0048 0.0422 0.1651 0.1619
1494806400.0000 96150.0000 -0.7260 -0.7979 0.3854 1.1021 42.2985 0.0483 0.0214 0.0070 -0.0138 0.0018 -0.0004 0.0384 0.1396 0.1413
1494806400.0000 96450.0000 -0.8355 -0.8506 0.4101 1.2094 44.4858 0.0503 0.0318 0.0114 0.0015 -0.0010 0.0009 0.0468 0.1400 0.1388
1494806400.0000 96750.0000 -0.6122 -0.7776 0.3344 0.9978 38.2102 0.0084 0.0256 0.0049 -0.0002 -0.0001 -0.0021 0.0195 0.1091 0.1076
1494806400.0000 97050.0000 -0.4580 -0.7440 0.3041 0.8861 31.6129 0.0168 0.0096 0.0024 -0.0078 0.0001 0.0000 0.0144 0.1060 0.1075
1494806400.0000 97350.0000 -0.7818 -0.5908 0.3215 1.0064 52.9230 0.0338 0.0302 0.0041 -0.0209 0.0033 -0.0063 0.0341 0.1462 0.1491
1494806400.0000 97650.0000 -0.4931 -0.6679 0.3300 0.8425 36.4406 0.0185 0.0145 0.0084 -0.0040 0.0028 -0.0021 0.0207 0.1314 0.1263
1494806400.0000 97950.0000 -1.0445 -0.5714 0.3590 1.2082 61.3197 0.0386 0.0290 0.0069 -0.0115 -0.0006 0.0025 0.0373 0.1267 0.1261
1494806400.0000 98250.0000 -0.8083 -1.0715 0.4139 1.4171 37.0307 0.0989 0.1553 0.0179 -0.0941 -0.0014 0.0110 0.1361 0.2145 0.2169
1494806400.0000 98550.0000 -0.3621 -1.6293 0.5337 1.7148 12.5288 0.1452 0.1008 0.0410 -0.0163 -0.0209 0.0135 0.1435 0.1765 0.1716
1494806400.0000 98850.0000 -0.7034 -1.6938 0.6166 1.8555 22.5513 0.0665 0.0837 0.0221 -0.0097 -0.0042 0.0119 0.0861 0.1239 0.1220
1494806400.0000 99150.0000 -1.0659 -1.2814 0.5763 1.6814 39.7556 0.0450 0.0485 0.0204 -0.0032 -0.0084 0.0108 0.0569 0.1105 0.1059
1494806400.0000 99450.0000 -0.5823 -1.6612 0.5201 1.7759 19.3182 0.0571 0.0992 0.0239 0.0112 -0.0005 -0.0007 0.0901 0.1335 0.1296
1494806400.0000 99750.0000 -0.3277 -1.7120 0.5346 1.7648 10.8375 0.0711 0.0935 0.0353 -0.0007 0.0011 0.0084 0.0999 0.1416 0.1344
1494806400.0000 100050.0000 -0.6824 -1.2980 0.5077 1.4824 27.7305 0.0326 0.0513 0.0132 -0.0158 -0.0016 -0.0002 0.0486 0.1160 0.1140
1494806400.0000 100350.0000 -0.8427 -1.4579 0.5820 1.6878 30.0277 0.0174 0.0224 0.0074 0.0074 -0.0013 -0.0003 0.0236 0.0704 0.0683
1494806400.0000 100650.0000 -0.6166 -1.7230 0.6005 1.8543 19.6904 0.0699 0.0764 0.0233 -0.0258 -0.0060 0.0045 0.0848 0.1235 0.1207
1494806400.0000 100950.0000 -0.7567 -1.8942 0.7225 2.0544 21.7746 0.0546 0.0779 0.0254 0.0046 -0.0000 0.0066 0.0789 0.1060 0.1030
1494806400.0000 101250.0000 -0.8091 -1.8377 0.6952 2.0153 23.7627 0.0297 0.0446 0.0180 0.0059 -0.0001 -0.0030 0.0461 0.0825 0.0784
1494806400.0000 101550.0000 -1.0115 -1.7934 0.7340 2.0800 29.4245 0.0945 0.1308 0.0364 0.0223 -0.0066 0.0082 0.1309 0.1351 0.1331
1494806400.0000 101850.0000 -0.8674 -1.6325 0.7061 1.8696 27.9834 0.0548 0.0984 0.0241 -0.0100 0.0021 0.0119 0.0886 0.1228 0.1222
1494806400.0000 102150.0000 -0.5676 -1.8157 0.6582 1.9351 17.3607 0.1001 0.1373 0.0292 -0.0389 -0.0011 0.0048 0.1333 0.1481 0.1479
1494806400.0000 102450.0000 -0.7936 -1.9184 0.7283 2.1000 22.4746 0.0895 0.1619 0.0402 0.0066 -0.0031 0.0024 0.1458 0.1417 0.1394
1494806400.0000 102750.0000 -0.4403 -1.7363 0.6101 1.8178 14.2308 0.0851 0.0732 0.0239 -0.0200 0.0011 0.0121 0.0911 0.1302 0.1282
1494806400.0000 103050.0000 -0.5045 -1.7959 0.6271 1.8838 15.6917 0.0615 0.1018 0.0266 0.0009 0.0035 0.0058 0.0949 0.1278 0.1251
1494806400.0000 103350.0000 -0.6250 -1.7063 0.6320 1.8289 20.1171 0.0422 0.0569 0.0211 0.0027 -0.0037 0.0017 0.0601 0.1040 0.1000
1494806400.0000 103650.0000 -0.6195 -1.6195 0.6188 1.7508 20.9345 0.0527 0.0879 0.0283 -0.0035 0.0050 0.0129 0.0844 0.1288 0.1248
1494806400.0000 103950.0000 -0.8380 -1.6368 0.6662 1.8501 27.1117 0.0353 0.0687 0.0196 0.0035 0.0033 0.0041 0.0618 0.1038 0.1012
1494806400.0000 104250.0000 -0.9197 -1.4370 0.6211 1.7241 32.6190 0.0415 0.1070 0.0221 0.0042 0.0057 0.0012 0.0853 0.1314 0.1304
1494806400.0000 104550.0000 -0.6440 -1.6976 0.5964 1.8252 20.7747 0.0353 0.0623 0.0184 0.0081 -0.0065 0.0036 0.0580 0.1029 0.0994
1494806400.0000 104850.0000 -0.3975 -1.4938 0.4567 1.5577 14.9002 0.0314 0.0659 0.0226 -0.0005 -0.0009 0.0048 0.0599 0.1240 0.1165
1494806400.0000 105150.0000 -0.4675 -1.6450 0.5625 1.7224 15.8658 0.0419 0.0611 0.0179 0.0041 -0.0010 0.0011 0.0604 0.1115 0.1083
1494806400.0000 105450.0000 -1.0778 -1.6640 0.7361 2.0035 32.9326 0.1009 0.0748 0.0199 0.0134 -0.0152 0.0052 0.0978 0.1207 0.1221
1494806400.0000 105750.0000 -1.0736 -1.6479 0.7395 1.9977 33.0849 0.0854 0.1360 0.0294 -0.0325 -0.0009 0.0032 0.1254 0.1376 0.1381
1494806400.0000 106050.0000 -0.7756 -2.1571 0.7319 2.3376 19.7766 0.1702 0.1532 0.0528 -0.0547 -0.0095 0.0179 0.1881 0.1472 0.1432
1494806400.0000 106350.0000 -1.0914 -2.0069 0.8152 2.3114 28.5389 0.0906 0.2163 0.0498 0.0031 0.0040 0.0157 0.1783 0.1422 0.1400
1494806400.0000 106650.0000 -0.8629 -1.7780 0.7448 1.9999 25.8873 0.0988 0.1088 0.0513 0.0133 0.0073 0.0244 0.1295 0.1391 0.1331
1494806400.0000 106950.0000 -0.5680 -1.8057 0.6374 1.9162 17.4606 0.0781 0.0746 0.0280 -0.0110 -0.0042 0.0070 0.0904 0.1229 0.1192
1494806400.0000 107250.0000 -0.7874 -1.8006 0.6534 2.0099 23.6205 0.1575 0.1188 0.0326 -0.0330 0.0064 0.0149 0.1545 0.1549 0.1544
1494806400.0000 107550.0000 -1.0658 -1.6710 0.7278 2.0160 32.5292 0.1061 0.0989 0.0310 -0.0288 0.0129 0.0019 0.1180 0.1328 0.1319
1494806400.0000 107850.0000 -1.1181 -1.5329 0.6610 1.9380 36.1068 0.1228 0.0915 0.0472 -0.0450 0.0100 0.0040 0.1307 0.1469 0.1409
1494806400.0000 108150.0000 -1.2544 -1.4277 0.7238 1.9228 41.3046 0.0952 0.0521 0.0237 -0.0043 0.0012 0.0098 0.0855 0.1174 0.1166
1494806400.0000 108450.0000 -1.4676 -1.2231 0.7809 1.9241 50.1929 0.0693 0.0721 0.0144 0.0199 0.0013 -0.0004 0.0779 0.1104 0.1136
1494806400.0000 108750.0000 -1.3272 -1.3217 0.7223 1.8871 45.1193 0.0557 0.0361 0.0129 -0.0067 -0.0003 0.0025 0.0524 0.0931 0.0934
1494806400.0000 109050.0000 -1.6564 -1.4971 0.8441 2.2425 47.8918 0.0446 0.0366 0.0127 -0.0020 -0.0009 0.0013 0.0469 0.0741 0.0737
1494806400.0000 109350.0000 -1.2879 -1.8391 0.8487 2.2591 35.0019 0.0499 0.0513 0.0169 -0.0133 -0.0000 0.0036 0.0591 0.0827 0.0818
1494806400.0000 109650.0000 -1.4960 -1.8166 0.8987 2.3679 39.4720 0.0756 0.0767 0.0247 0.0098 -0.0020 0.0126 0.0885 0.0964 0.0958
1494806400.0000 109950.0000 -1.1071 -1.8524 0.8565 2.1862 30.8640 0.0793 0.1355 0.0327 -0.0298 0.0076 0.0075 0.1238 0.1237 0.1240
1494806400.0000 110250.0000 -1.2302 -1.8846 0.8434 2.2780 33.1351 0.0884 0.1664 0.0591 -0.0084 0.0050 0.0261 0.1569 0.1346 0.1295
1494806400.0000 110550.0000 -1.4663 -1.6314 0.9041 2.2419 41.9495 0.1963 0.1754 0.0963 -0.0325 -0.0146 0.0322 0.2340 0.1665 0.1605
1494806400.0000 110850.0000 -1.0182 -1.5725 0.7619 1.9481 32.9234 0.2440 0.1970 0.0538 -0.0612 0.0181 0.0107 0.2474 0.2008 0.2047
1494806400.0000 111150.0000 -1.2083 -1.5198 0.6408 2.0394 38.4868 0.3900 0.2004 0.0829 -0.0625 -0.0132 0.0291 0.3366 0.2317 0.2285
1494806400.0000 111450.0000 -1.7653 -1.5718 0.9192 2.4128 48.3187 0.2221 0.2018 0.0695 -0.0168 -0.0024 0.0132 0.2467 0.1599 0.1590
1494806400.0000 111750.0000 -1.1778 -1.7205 0.7409 2.1375 34.3945 0.1380 0.1835 0.0890 -0.0665 -0.0001 0.0196 0.2053 0.1672 0.1570
1494806400.0000 112050.0000 -1.6501 -1.6326 0.8747 2.3838 45.3059 0.2560 0.2105 0.0781 -0.0601 -0.0220 0.0541 0.2723 0.1718 0.1699
1494806400.0000 112350.0000 -1.6756 -1.6578 0.8753 2.4138 45.3060 0.2217 0.2400 0.0949 -0.0227 0.0391 0.0351 0.2783 0.1713 0.1664
1494806400.0000 112650.0000 -2.0416 -1.7255 0.9332 2.7167 49.7970 0.2345 0.1358 0.0716 -0.0478 0.0035 0.0250 0.2209 0.1356 0.1314
1494806400.0000 112950.0000 -1.6474 -1.6904 0.9805 2.4183 44.2606 0.2302 0.2457 0.0647 -0.0237 0.0259 0.0426 0.2703 0.1661 0.1687
1494806400.0000 113250.0000 -1.9013 -1.4887 0.9603 2.4616 51.9388 0.2424 0.2434 0.0861 0.0188 0.0331 0.0458 0.2859 0.1680 0.1666
1494806400.0000 113550.0000 -2.0182 -1.6927 1.0111 2.7145 50.0123 0.1860 0.4862 0.1345 -0.0246 0.0086 0.0686 0.4034 0.1838 0.1797
1494806400.0000 113850.0000 -2.2603 -1.4662 0.9515 2.7472 57.0286 0.2869 0.2114 0.1308 -0.0567 0.0608 0.0007 0.3145 0.1603 0.1513
1494806400.0000 114150.0000 -2.1580 -1.5046 0.8567 2.6542 55.1157 0.0889 0.1262 0.0439 -0.0074 0.0175 0.0155 0.1295 0.1062 0.1018
1494806400.0000 114450.0000 -2.0438 -1.6062 0.9567 2.6486 51.8360 0.1854 0.2172 0.0651 -0.0639 0.0361 0.0096 0.2339 0.1426 0.1409
1494806400.0000 114750.0000 -1.9016 -0.9833 0.8451 2.1764 62.6556 0.1224 0.1393 0.0721 -0.0279 0.0079 0.0381 0.1669 0.1449 0.1380
1494806400.0000 115050.0000 -1.4140 -1.4796 0.7528 2.0696 43.7010 0.0869 0.0862 0.0475 -0.0063 0.0181 0.0158 0.1103 0.1243 0.1174
1494806400.0000 115350.0000 -1.8629 -1.3451 0.7318 2.3340 54.1689 0.1002 0.1551 0.0450 -0.0331 0.0041 0.0087 0.1502 0.1312 0.1270
1494806400.0000 115650.0000 -1.9189 -0.9736 0.9218 2.1875 63.0983 0.3608 0.1218 0.0804 0.0228 0.0670 0.0065 0.2815 0.1851 0.1864
1494806400.0000 115950.0000 -2.0100 -1.5336 0.7983 2.5566 52.6570 0.1414 0.1240 0.0709 -0.0111 -0.0086 0.0245 0.1681 0.1263 0.1176
1494806400.0000 116250.0000 -1.7902 -1.5878 0.9675 2.4408 48.4274 0.1419 0.2396 0.0582 -0.0311 0.0254 0.0072 0.2199 0.1483 0.1490
1494806400.0000 116550.0000 -2.3108 -1.3100 0.9864 2.6842 60.4514 0.1772 0.1421 0.0810 0.0083 0.0169 0.0169 0.2001 0.1289 0.1228
1494806400.0000 116850.0000 -2.2560 -1.7796 1.0684 2.9313 51.7318 0.2211 0.3618 0.1138 -0.0319 0.0010 0.0367 0.3484 0.1572 0.1534
1494806400.0000 117150.0000 -2.3325 -1.7025 1.0973 2.9577 53.8745 0.2355 0.5016 0.1057 0.0169 0.0037 0.0282 0.4214 0.1716 0.1716
1494806400.0000 117450.0000 -2.2486 -1.8410 1.0867 2.9662 50.6916 0.1974 0.3817 0.0883 -0.0390 0.0096 0.0356 0.3337 0.1520 0.1512
1494806400.0000 117750.0000 -2.0243 -2.0445 1.1240 2.9566 44.7152 0.3519 0.3234 0.1060 -0.1125 0.0317 0.0372 0.3906 0.1652 0.1649
1494806400.0000 118050.0000 -2.4379 -1.8082 1.1603 3.1022 53.4357 0.3211 0.4409 0.1541 0.0013 0.0253 0.0496 0.4581 0.1701 0.1660
1494806400.0000 118350.0000 -1.6770 -2.1303 1.2127 2.7847 38.2104 0.4033 0.4056 0.1141 -0.0111 0.0443 0.0592 0.4615 0.1868 0.1915
1494806400.0000 118650.0000 -2.5815 -2.0334 1.1653 3.3405 51.7741 0.3312 0.3544 0.1798 -0.0109 0.0430 0.0060 0.4327 0.1540 0.1455
1494806400.0000 118950.0000 -2.4892 -1.4473 1.1764 2.9885 59.8253 0.6435 0.4109 0.1655 -0.1921 0.1310 0.0126 0.6100 0.2050 0.2059
1494806400.0000 119250.0000 -2.2663 -1.4191 1.0841 2.7375 57.9459 0.5471 0.2592 0.1158 -0.0148 0.0577 0.0099 0.4610 0.1921 0.1939
1494806400.0000 119550.0000 -2.0711 -2.1598 1.1131 3.0783 43.7985 0.5354 0.3917 0.1225 -0.0212 0.0177 0.0208 0.5248 0.1853 0.1858
1494806400.0000 119850.0000 -1.7484 -2.3045 1.2245 2.9654 37.1879 0.3462 0.4663 0.1188 -0.0151 0.0221 0.0240 0.4656 0.1774 0.1799
1494806400.0000 120150.0000 -2.4774 -1.6953 1.1319 3.0627 55.6157 0.3319 0.3874 0.1209 0.0026 0.0002 0.0484 0.4201 0.1650 0.1631
1494806400.0000 120450.0000 -2.3909 -1.7617 1.1073 3.0561 53.6152 0.3723 0.4443 0.1345 -0.1150 0.0196 0.0210 0.4755 0.1776 0.1757
1494806400.0000 120750.0000 -2.2552 -1.6494 1.0768 2.9801 53.8192 0.6865 0.7992 0.1744 -0.3575 0.0832 -0.0516 0.8301 0.2484 0.2519
1494806400.0000 121050.0000 -1.7967 -2.0350 1.0017 2.8121 41.4414 0.3745 0.3607 0.1173 -0.1902 0.0317 0.0275 0.4263 0.1842 0.1824
1494806400.0000 121350.0000 -1.3717 -2.7784 1.0965 3.2435 26.2763 0.6884 0.6743 0.1379 -0.3390 -0.0174 0.0292 0.7503 0.2152 0.2175
1494806400.0000 121650.0000 -1.8125 -2.1423 1.0963 2.8920 40.2334 0.3388 0.5337 0.1541 -0.0630 0.0321 0.0747 0.5133 0.1942 0.1922
1494806400.0000 121950.0000 -1.3804 -2.0363 0.9902 2.6633 34.1329 0.8257 0.4498 0.1108 -0.3009 -0.0603 0.0620 0.6932 0.2563 0.2651
1494806400.0000 122250.0000 -1.3304 -2.1359 0.9596 2.6845 31.9168 0.5894 0.6895 0.1367 -0.2660 -0.0350 0.0645 0.7078 0.2551 0.2595
1494806400.0000 122550.0000 -1.5567 -2.2196 1.0601 2.8156 35.0430 0.4655 0.5803 0.1465 -0.0322 -0.0025 -0.0065 0.5961 0.2166 0.2178
1494806400.0000 122850.0000 -1.4802 -2.1702 0.9657 2.7116 34.2972 0.3754 0.4863 0.1565 -0.0149 0.0021 0.0416 0.5091 0.2082 0.2040
1494806400.0000 123150.0000 -1.9860 -2.0550 1.1423 3.0221 44.0212 0.7951 0.6975 0.1673 -0.1841 0.0667 0.0248 0.8299 0.2417 0.2468
1494806400.0000 123450.0000 -2.2587 -0.8948 0.7296 2.4860 68.3875 0.2977 0.2948 0.1149 0.0476 0.0191 -0.0352 0.3537 0.1914 0.1829
1494806400.0000 123750.0000 -2.5358 -1.1007 0.9651 2.8814 66.5355 0.5981 0.6202 0.1873 -0.0718 0.0375 -0.1017 0.7028 0.2338 0.2305
1494806400.0000 124050.0000 -1.8843 -1.9764 1.0169 2.8625 43.6330 0.6421 0.4995 0.1567 -0.1742 -0.0276 0.0347 0.6491 0.2258 0.2259
1494806400.0000 124350.0000 -1.8069 -1.2458 0.8772 2.3801 55.4143 0.6552 0.6146 0.2012 -0.2553 0.1254 -0.1093 0.7355 0.2963 0.2964
1494806400.0000 124650.0000 -1.7558 -1.5367 1.0174 2.4867 48.8069 0.6879 0.8070 0.2666 -0.0327 -0.0127 -0.0608 0.8808 0.3010 0.3025
1494806400.0000 124950.0000 -1.4312 -2.1994 1.1003 2.7573 33.0528 0.4718 0.6311 0.1677 -0.1657 0.0391 0.0791 0.6353 0.2287 0.2311
1494806400.0000 125250.0000 -1.9033 -0.7583 0.6951 2.2453 68.2767 0.4348 0.8858 0.1926 -0.1211 0.0273 -0.1262 0.7567 0.3283 0.3238
1494806400.0000 125550.0000 -2.0640 -1.9027 1.0280 2.9344 47.3279 0.6812 0.7383 0.2001 0.0124 0.0761 -0.1012 0.8098 0.2458 0.2450
1494806400.0000 125850.0000 -1.8159 -1.1582 0.7522 2.3358 57.4700 0.6141 0.7925 0.2010 0.0604 0.0279 -0.1130 0.8038 0.3209 0.3179
1494806400.0000 126150.0000 -0.9660 -1.3793 0.8160 1.7983 35.0043 0.4265 0.3998 0.1085 0.0792 0.0338 0.0346 0.4674 0.2983 0.3116
1494806400.0000 126450.0000 -1.6182 -1.3394 0.8143 2.3376 50.3855 1.1127 0.7679 0.3152 -0.1018 0.0141 -0.2009 1.0979 0.3797 0.3769
1494806400.0000 126750.0000 -2.2653 -0.4100 0.6675 2.4402 79.7402 0.6565 0.5677 0.2785 -0.0000 0.0831 -0.1291 0.7514 0.2953 0.2775
1494806400.0000 127050.0000 -2.0064 -0.1923 0.5793 2.2203 84.5240 0.6463 0.8475 0.2852 -0.2033 0.1040 -0.2176 0.8896 0.3672 0.3501
1494806400.0000 127350.0000 -2.2501 0.1908 0.4283 2.4533 94.8460 1.0339 1.0208 0.3738 -0.3432 0.0388 -0.2340 1.2143 0.3915 0.3665
1494806400.0000 127650.0000 -0.7622 -0.6775 0.2648 1.2377 48.3687 0.4786 0.3452 0.2530 0.0057 -0.0569 -0.1121 0.5384 0.5686 0.5138
1494806400.0000 127950.0000 -2.4417 -1.1325 1.0440 2.8088 65.1171 1.1488 0.5938 0.3479 0.1220 -0.0181 -0.1291 1.0453 0.2892 0.2832
1494806400.0000 128250.0000 -1.5787 -0.5732 0.7256 1.7671 70.0432 0.3099 0.3390 0.1595 0.0422 0.0119 -0.0727 0.4042 0.2837 0.2769
1494806400.0000 128550.0000 -1.9061 -1.0533 0.8384 2.3340 61.0751 0.7991 0.7394 0.3037 0.0710 -0.0921 -0.0631 0.9211 0.3358 0.3288
1494806400.0000 128850.0000 -2.7216 -0.4925 0.8734 2.9271 79.7427 0.7768 0.8386 0.3283 -0.2875 0.1195 -0.2339 0.9719 0.2775 0.2653
1494806400.0000 129150.0000 -1.3432 -0.5820 0.5104 1.5562 66.5728 0.4390 0.2510 0.1042 0.0594 -0.0028 -0.0443 0.3971 0.3319 0.3276
1494806400.0000 129450.0000 -2.1599 -0.7678 0.7227 2.3754 70.4319 0.7146 0.3419 0.1987 0.0749 0.0348 -0.0410 0.6276 0.2691 0.2589
1494806400.0000 129750.0000 -1.7079 -0.4691 0.4767 1.8825 74.6413 0.9018 0.3249 0.3954 -0.0066 -0.1531 -0.0456 0.8110 0.4009 0.3610
1494806400.0000 130050.0000 -1.4065 0.3597 0.1988 1.5606 104.3475 0.4154 0.2913 0.2159 0.0761 -0.0873 -0.1025 0.4613 0.3785 0.3343
1494806400.0000 130350.0000 -1.6105 0.6034 0.1510 1.8480 110.5404 0.4026 0.4429 0.1832 -0.0445 0.0361 -0.1168 0.5143 0.3392 0.3087
1494806400.0000 130650.0000 -1.3530 0.7562 0.1248 1.6871 119.2008 0.3314 0.3756 0.2126 0.0188 0.0242 -0.1696 0.4598 0.3561 0.3132
1494806400.0000 130950.0000 -1.5641 0.2688 0.3290 1.6579 99.7504 0.3136 0.2405 0.1683 -0.0308 -0.0040 -0.0656 0.3612 0.3028 0.2708
1494806400.0000 131250.0000 -0.7828 0.1419 0.2030 1.1098 100.2735 0.5904 0.3261 0.1034 -0.2779 0.0271 -0.0646 0.5100 0.7102 0.6948
1494806400.0000 131550.0000 -1.3501 -0.0348 0.3708 1.5159 88.5220 0.3837 0.4183 0.1636 -0.1295 0.0372 -0.1304 0.4828 0.4051 0.3828
1494806400.0000 131850.0000 -0.5405 0.6463 -0.1221 1.3015 140.0947 1.0254 0.2979 0.2620 -0.0244 -0.1929 -0.1252 0.7927 0.8540 0.7884
1494806400.0000 132150.0000 -1.7559 0.0563 0.4231 1.8982 91.8369 0.5920 0.4490 0.1932 -0.0518 0.0245 -0.1489 0.6171 0.3550 0.3353
1494806400.0000 132450.0000 -1.1839 -0.1786 0.2776 1.3076 81.4227 0.4343 0.2204 0.1279 -0.1840 -0.0003 -0.0255 0.3913 0.4156 0.3902
1494806400.0000 132750.0000 0.0902 0.0596 0.0491 0.4644 236.5719 0.1376 0.1226 0.0857 -0.0317 -0.0653 0.0001 0.1730 2.8594 2.7241
1494806400.0000 133050.0000 -0.0889 -0.3883 0.2356 0.6798 12.8921 0.2984 0.0772 0.0930 -0.0271 -0.0072 0.0093 0.2343 0.8539 0.8882
1494806400.0000 133350.0000 -0.6546 0.1283 0.0783 0.8643 101.0877 0.3191 0.3637 0.1384 -0.1813 0.0141 -0.0903 0.4106 0.7790 0.7152
1494806400.0000 133650.0000 -0.2985 -0.9991 0.3564 1.0928 16.6318 0.0889 0.0956 0.0810 -0.0237 -0.0055 0.0078 0.1328 0.2700 0.2378
1494806400.0000 133950.0000 -0.3151 -0.8199 0.3901 1.0427 21.0228 0.2533 0.3331 0.1098 -0.1161 0.0288 -0.0287 0.3481 0.5012 0.5033
1494806400.0000 134250.0000 0.2325 -1.7574 0.5383 1.9058 352.4640 0.5208 0.3872 0.1769 -0.2418 -0.1514 0.0806 0.5424 0.3246 0.3103
1494806400.0000 134550.0000 -1.4089 -0.3537 0.4437 1.6259 75.9085 0.6376 0.4571 0.2719 -0.0912 0.0286 -0.1046 0.6833 0.4444 0.4159
1494806400.0000 134850.0000 -0.6287 -0.3763 0.1975 0.9482 59.0987 0.1828 0.3107 0.2062 0.0248 -0.0923 -0.1037 0.3499 0.6364 0.5535
1494806400.0000 135150.0000 0.1596 -0.6432 0.0769 0.8353 346.0672 0.0964 0.3843 0.2158 0.0609 -0.0156 -0.1517 0.3483 0.7223 0.6041
1494806400.0000 135450.0000 -0.0719 -1.0353 0.3656 1.1726 3.9709 0.1638 0.5552 0.1246 -0.0321 -0.0307 -0.0956 0.4218 0.4819 0.4717
1494806400.0000 135750.0000 -0.1755 -0.8413 0.4400 1.0459 11.7804 0.2954 0.1950 0.0950 -0.1186 -0.0323 0.0210 0.2927 0.4576 0.4705
1494806400.0000 136050.0000 -0.6190 -0.1086 0.1090 1.1481 80.0504 0.1794 0.9283 0.2692 -0.1001 0.0186 -0.3497 0.6885 1.0621 0.9669
1494806400.0000 136350.0000 -1.2118 -0.0032 0.3388 1.4250 89.8509 0.3479 0.6012 0.2427 0.1004 -0.0804 -0.2111 0.5959 0.5009 0.4642
1494806400.0000 136650.0000 -1.3957 -0.1402 0.3042 1.5416 84.2621 0.3571 0.3454 0.1758 -0.1039 0.0011 -0.1090 0.4392 0.3770 0.3450
1494806400.0000 136950.0000 -1.1637 -0.4609 0.3206 1.6115 68.3958 0.4561 0.9111 0.1541 -0.3219 0.0149 -0.0990 0.7607 0.5511 0.5394
1494806400.0000 137250.0000 -0.2896 -0.8653 0.3571 1.3372 18.5030 0.8992 0.2892 0.1345 -0.1955 -0.2051 0.0362 0.6614 0.6777 0.6898
1494806400.0000 137550.0000 -0.3399 -2.1234 0.7051 2.2248 9.0949 0.3323 0.5149 0.1420 0.0734 -0.0544 -0.0108 0.4946 0.2537 0.2471
1494806400.0000 137850.0000 -0.2034 -0.9047 0.3211 1.3717 12.6709 0.4743 0.9349 0.1314 -0.4617 -0.0033 -0.0583 0.7703 0.7303 0.7391
1494806400.0000 138150.0000 0.1451 -0.9183 0.1689 1.1938 351.0231 0.4485 0.3053 0.1058 -0.1924 -0.0749 0.0398 0.4298 0.5665 0.5392
1494806400.0000 138450.0000 0.3111 -0.5789 0.1732 0.8348 331.7440 0.2083 0.2390 0.1649 -0.0300 -0.0354 -0.0575 0.3061 0.6646 0.5875
1494806400.0000 138750.0000 -0.0508 -0.4830 0.2344 0.7471 5.9997 0.2923 0.1679 0.0837 0.0823 -0.0332 -0.0220 0.2720 0.7896 0.8065
1494806400.0000 139050.0000 0.3230 0.2800 -0.2807 0.6433 229.0777 0.1910 0.0915 0.0840 -0.0369 -0.0597 -0.0077 0.1833 0.6834 0.7178
1494806400.0000 139350.0000 0.4315 0.2643 -0.0523 0.6546 238.5110 0.1841 0.0892 0.1193 0.0478 -0.0803 -0.0590 0.1963 0.7111 0.5965
1494806400.0000 139650.0000 0.1095 -0.3832 0.0035 0.7452 344.0534 0.2497 0.2059 0.1563 0.0664 -0.1096 -0.0268 0.3059 1.1331 0.9777
1494806400.0000 139950.0000 0.0591 0.0171 -0.3559 0.5296 253.8389 0.2002 0.1292 0.0391 0.0261 0.0035 -0.0107 0.1842 0.9703 5.3871
1494806400.0000 140250.0000 -0.5097 -0.4382 0.2757 0.7166 49.3178 0.0560 0.0590 0.0359 0.0074 0.0128 -0.0118 0.0754 0.3087 0.2913
1494806400.0000 140550.0000 -0.8403 -0.2844 0.2428 0.9727 71.3045 0.0405 0.1516 0.0284 -0.0332 0.0074 -0.0120 0.1103 0.2948 0.2853
1494806400.0000 140850.0000 -0.5171 -0.6641 0.2865 1.0364 37.9097 0.1886 0.4024 0.0667 -0.1168 0.0397 -0.0623 0.3289 0.5266 0.5273
1494806400.0000 141150.0000 -1.0026 -1.1400 0.6086 1.5983 41.3300 0.2304 0.2219 0.0648 0.0155 -0.0005 0.0037 0.2585 0.2538 0.2558
1494806400.0000 141450.0000 -1.2040 -1.4682 0.7435 2.0716 39.3528 0.6824 0.3927 0.1090 -0.0787 0.0418 -0.0414 0.5921 0.3081 0.3153
1494806400.0000 141750.0000 -0.7229 -0.3692 0.3018 0.9323 62.9468 0.1768 0.1193 0.0471 -0.0741 0.0221 -0.0176 0.1716 0.3906 0.3870
1494806400.0000 142050.0000 -0.7807 -1.0071 0.4360 1.3211 37.7823 0.1175 0.0994 0.0393 0.0064 -0.0099 0.0062 0.1281 0.2170 0.2110
1494806400.0000 142350.0000 -0.7066 -0.7267 0.4009 1.1037 44.1937 0.1352 0.1813 0.0787 -0.0538 -0.0416 0.0252 0.1977 0.3330 0.3205
1494806400.0000 142650.0000 0.0321 -0.3038 0.0344 0.4266 353.9659 0.0516 0.1363 0.0565 -0.0322 -0.0016 0.0034 0.1222 0.9285 0.8192
1494806400.0000 142950.0000 -0.3562 -0.7614 0.3415 0.9750 25.0702 0.2516 0.3215 0.2011 0.0348 -0.0882 -0.0873 0.3871 0.5599 0.5200
1494806400.0000 143250.0000 -0.3598 -1.6072 0.4183 1.7579 12.6200 0.3755 0.6437 0.2424 0.1219 -0.0675 -0.1607 0.6308 0.3816 0.3539
1494806400.0000 143550.0000 -0.7911 -0.5498 0.3899 1.2961 55.2009 1.2162 0.2411 0.2885 0.1472 -0.3494 -0.0576 0.8730 0.7341 0.7235
1494806400.0000 143850.0000 -0.8111 -1.4103 0.5929 1.8157 29.9033 0.3810 0.6547 0.1535 -0.2004 0.0382 0.0034 0.5946 0.3636 0.3612
1494806400.0000 144150.0000 -1.2139 -1.2731 0.7805 1.8972 43.6351 0.4256 0.4913 0.1126 -0.0600 0.0336 -0.0339 0.5148 0.3044 0.3143
1494806400.0000 144450.0000 -1.4267 -1.7449 0.9078 2.3933 39.2706 0.7401 0.5733 0.1455 0.0407 -0.0947 -0.0106 0.7295 0.2870 0.2936
1494806400.0000 144750.0000 -0.6893 -1.2091 0.4624 1.5461 29.6887 0.1647 0.8991 0.1347 -0.0985 -0.0044 -0.2042 0.5993 0.4310 0.4279
1494806400.0000 145050.0000 -0.0400 -0.9277 0.2488 0.9650 2.4689 0.0724 0.0661 0.0569 0.0090 -0.0277 -0.0068 0.0977 0.2654 0.2314
1494806400.0000 145350.0000 0.2598 -1.2288 0.3130 1.4156 348.0642 0.3659 0.3923 0.1381 0.1652 -0.1315 -0.0769 0.4482 0.4223 0.4003
1494806400.0000 145650.0000 -0.5846 -0.6922 0.3329 1.0661 40.1850 0.1607 0.5436 0.1301 -0.0373 -0.0324 -0.1226 0.4172 0.5464 0.5348
1494806400.0000 145950.0000 0.0254 -0.8378 0.1860 0.9951 358.2654 0.2592 0.1043 0.1101 0.0085 0.0198 0.0110 0.2368 0.4628 0.4153
1494806400.0000 146250.0000 0.7609 -0.1720 -0.1167 0.9221 282.7412 0.1056 0.2501 0.0749 -0.0639 -0.0062 -0.0527 0.2153 0.4803 0.4414
1494806400.0000 146550.0000 -0.2279 0.4700 -0.0293 0.6657 154.1364 0.1629 0.0935 0.0869 -0.0131 -0.0625 -0.0056 0.1716 0.6466 0.5597
1494806400.0000 146850.0000 -0.8574 -0.2384 0.2856 0.9336 74.4577 0.0549 0.0790 0.0186 0.0408 -0.0066 -0.0141 0.0763 0.2412 0.2374
1494806400.0000 147150.0000 -0.7044 -0.7534 0.4198 1.1531 43.0728 0.1531 0.3311 0.0757 -0.0386 0.0186 -0.0352 0.2800 0.3880 0.3895
1494806400.0000 147450.0000 -0.3721 -1.0580 0.3533 1.1829 19.3784 0.1664 0.0770 0.0599 0.0128 -0.0435 0.0003 0.1516 0.2704 0.2539
1494806400.0000 147750.0000 0.2923 -1.2794 0.2280 1.3704 347.1294 0.1450 0.1810 0.1175 -0.0073 -0.0437 -0.0028 0.2217 0.2886 0.2512
1494806400.0000 148050.0000 0.0352 -1.3298 0.3378 1.4022 358.4821 0.1928 0.3422 0.0706 -0.0542 -0.0153 0.0181 0.3028 0.3273 0.3174
1494806400.0000 148350.0000 0.2547 -0.8669 0.1635 0.9780 343.6261 0.1048 0.1839 0.0782 0.0382 -0.0579 -0.0376 0.1834 0.3808 0.3433
1494806400.0000 148650.0000 0.4738 -0.9473 -0.0087 1.1024 333.4290 0.0746 0.3930 0.0681 -0.0760 -0.0143 -0.0412 0.2678 0.3990 0.3727
1494806400.0000 148950.0000 0.1220 -0.7934 0.1296 0.8445 351.2613 0.0617 0.0760 0.0404 0.0028 -0.0232 -0.0101 0.0890 0.2996 0.2669
1494806400.0000 149250.0000 0.2762 -1.0616 0.1619 1.1279 345.4160 0.0814 0.1176 0.0276 -0.0267 -0.0077 -0.0085 0.1133 0.2479 0.2348
1494806400.0000 149550.0000 0.4765 -1.3662 0.2066 1.5111 340.7729 0.1848 0.1865 0.0770 -0.0154 -0.0383 0.0169 0.2242 0.2645 0.2431
1494806400.0000 149850.0000 0.5500 -1.4502 0.1207 1.5671 339.2303 0.0604 0.1859 0.0412 -0.0424 -0.0064 0.0146 0.1438 0.1990 0.1848
1494806400.0000 150150.0000 0.6276 -1.5712 0.0929 1.7186 338.2278 0.0730 0.1096 0.0633 0.0048 -0.0146 -0.0065 0.1230 0.1690 0.1458
1494806400.0000 150450.0000 0.4870 -1.6053 0.2126 1.6979 343.1231 0.0723 0.0949 0.0406 -0.0253 -0.0115 0.0100 0.1039 0.1556 0.1408
1494806400.0000 150750.0000 0.5542 -1.5387 0.1822 1.6627 340.1924 0.0943 0.2230 0.0488 -0.0611 -0.0187 0.0419 0.1831 0.2123 0.1989
1494806400.0000 151050.0000 0.5685 -1.6724 0.1880 1.7833 341.2268 0.0686 0.0944 0.0362 -0.0239 -0.0049 0.0056 0.0996 0.1451 0.1320
