1494720000.0000 150.0000 -0.7801 0.3844 -0.0282 0.8768 116.2305 0.0293 0.0180 0.0073 -0.0096 0.0015 -0.0039 0.0273 0.1549 0.1443
1494720000.0000 450.0000 -0.6887 0.2005 0.0309 0.7285 106.2328 0.0287 0.0209 0.0107 -0.0096 0.0052 -0.0040 0.0302 0.1975 0.1794
1494720000.0000 750.0000 -0.5920 0.2953 0.0142 0.6959 116.5068 0.0461 0.0412 0.0168 0.0035 0.0086 -0.0069 0.0520 0.2815 0.2579
1494720000.0000 1050.0000 -0.4129 0.2997 0.0150 0.5286 125.9788 0.0270 0.0164 0.0078 -0.0008 0.0008 -0.0006 0.0256 0.2559 0.2356
1494720000.0000 1350.0000 -0.2231 0.3627 -0.0293 0.4430 148.4071 0.0139 0.0085 0.0042 0.0015 0.0030 0.0012 0.0133 0.2207 0.2031
1494720000.0000 1650.0000 -0.4516 0.1501 -0.0400 0.5091 108.3893 0.0171 0.0282 0.0044 0.0075 0.0001 -0.0041 0.0249 0.2696 0.2583
1494720000.0000 1950.0000 -0.4645 0.2364 -0.0137 0.5962 116.9740 0.0333 0.1108 0.0090 -0.0266 0.0060 -0.0020 0.0765 0.4332 0.4204
1494720000.0000 2250.0000 -0.6427 0.2731 0.0052 0.7365 113.0197 0.0420 0.0588 0.0169 -0.0161 0.0080 -0.0041 0.0588 0.2836 0.2625
1494720000.0000 2550.0000 -0.8867 0.7662 -0.0371 1.2004 130.8302 0.0695 0.0592 0.0153 0.0044 0.0059 -0.0047 0.0720 0.1869 0.1768
1494720000.0000 2850.0000 -0.8524 0.5324 -0.0615 1.0120 121.9896 0.0260 0.0158 0.0099 -0.0050 0.0004 -0.0039 0.0258 0.1303 0.1174
1494720000.0000 3150.0000 -0.7246 0.2761 -0.0278 0.7928 110.8545 0.0311 0.0228 0.0135 -0.0003 0.0075 -0.0016 0.0337 0.1932 0.1728
1494720000.0000 3450.0000 -0.4289 0.2978 -0.0363 0.5577 124.7749 0.0590 0.0191 0.0060 0.0072 0.0068 -0.0007 0.0420 0.3197 0.3089
1494720000.0000 3750.0000 -0.4698 0.2458 -0.0199 0.5636 117.6152 0.0362 0.0288 0.0083 0.0084 0.0082 -0.0007 0.0367 0.2947 0.2777
1494720000.0000 4050.0000 -0.7455 0.3001 -0.0006 0.8133 111.9258 0.0422 0.0166 0.0107 -0.0078 0.0097 -0.0008 0.0347 0.1894 0.1741
1494720000.0000 4350.0000 -0.4996 0.2872 -0.0001 0.5966 119.8952 0.0570 0.0192 0.0092 -0.0058 0.0097 -0.0006 0.0427 0.2928 0.2765
1494720000.0000 4650.0000 -0.4672 0.3154 -0.0037 0.5771 124.0219 0.0497 0.0153 0.0054 -0.0134 0.0030 -0.0006 0.0352 0.2717 0.2610
1494720000.0000 4950.0000 -0.4381 0.2286 -0.0172 0.5067 117.5585 0.0215 0.0109 0.0031 -0.0017 -0.0018 -0.0015 0.0178 0.2201 0.2103
1494720000.0000 5250.0000 0.0121 -0.0256 0.0274 0.2458 334.7174 0.0787 0.0050 0.0022 -0.0060 -0.0050 0.0006 0.0429 4.2936 5.9058
1494720000.0000 5550.0000 0.2704 -0.1287 -0.0248 0.3250 295.4446 0.0097 0.0105 0.0010 0.0045 0.0000 -0.0001 0.0106 0.2800 0.2742
1494720000.0000 5850.0000 0.1226 0.0204 -0.0171 0.1944 260.5686 0.0140 0.0182 0.0010 -0.0143 -0.0001 -0.0006 0.0166 0.8385 0.8337
1494720000.0000 6150.0000 -0.4046 0.1610 0.0039 0.4570 111.6944 0.0219 0.0127 0.0012 -0.0001 0.0009 -0.0011 0.0179 0.2507 0.2463
1494720000.0000 6450.0000 0.2399 -0.0221 0.0076 0.3333 275.2564 0.0785 0.0158 0.0021 0.0204 -0.0017 -0.0002 0.0482 0.7438 0.7361
1494720000.0000 6750.0000 -0.0457 0.0153 -0.0098 0.1133 108.4967 0.0100 0.0059 0.0029 -0.0008 -0.0011 0.0018 0.0094 1.6126 1.5121
1494720000.0000 7050.0000 -0.0409 0.1516 -0.0323 0.4418 164.8876 0.0403 0.1887 0.0054 0.0691 -0.0057 -0.0143 0.1172 1.7436 1.7597
1494720000.0000 7350.0000 -0.0049 -0.2376 0.0331 0.3745 1.1729 0.0513 0.0484 0.0031 -0.0282 0.0017 -0.0035 0.0514 0.7717 0.7672
1494720000.0000 7650.0000 0.0939 0.0944 0.0013 0.3862 224.8249 0.0442 0.1304 0.0035 0.0664 -0.0024 -0.0004 0.0891 1.8299 1.8121
1494720000.0000 7950.0000 -0.3259 0.2563 -0.0266 0.4485 128.1799 0.0459 0.0388 0.0027 -0.0321 0.0062 -0.0048 0.0437 0.4108 0.4053
1494720000.0000 8250.0000 -0.3883 0.1285 0.0163 0.4963 108.3064 0.0641 0.0585 0.0041 -0.0331 -0.0012 -0.0045 0.0633 0.5019 0.4942
1494720000.0000 8550.0000 0.2153 -0.0974 0.0019 0.2555 294.3482 0.0161 0.0069 0.0016 -0.0066 0.0001 -0.0003 0.0123 0.3834 0.3705
1494720000.0000 8850.0000 -0.0779 0.1177 -0.0100 0.1737 146.5176 0.0069 0.0108 0.0008 -0.0043 0.0010 -0.0007 0.0093 0.5554 0.5441
1494720000.0000 9150.0000 -0.0712 -0.0802 -0.0020 0.1307 41.5999 0.0043 0.0054 0.0021 0.0008 -0.0001 -0.0016 0.0059 0.5847 0.5293
1494720000.0000 9450.0000 -0.1278 -0.0010 0.0094 0.2007 89.5386 0.0215 0.0140 0.0046 -0.0042 0.0035 -0.0038 0.0200 0.9016 0.8508
1494720000.0000 9750.0000 -0.3456 0.2671 -0.0109 0.5780 127.6950 0.0619 0.1016 0.0068 0.0404 -0.0036 -0.0032 0.0852 0.5454 0.5345
1494720000.0000 10050.0000 -0.3514 -0.0427 0.0161 0.4519 83.0724 0.0467 0.0746 0.0078 0.0267 0.0042 -0.0065 0.0645 0.5852 0.5679
1494720000.0000 10350.0000 0.3908 0.1297 -0.0103 0.4562 251.6418 0.0254 0.0519 0.0042 0.0305 -0.0021 -0.0017 0.0407 0.4001 0.3899
1494720000.0000 10650.0000 -0.1176 -0.1068 -0.0177 0.2242 47.7457 0.0166 0.0285 0.0016 -0.0030 -0.0005 0.0008 0.0233 0.7805 0.7715
1494720000.0000 10950.0000 -0.2141 0.3457 -0.0094 0.5504 148.2266 0.0333 0.1591 0.0030 0.0568 -0.0021 -0.0090 0.0978 0.6277 0.6229
1494720000.0000 11250.0000 -0.1702 0.1433 -0.0047 0.3271 130.1010 0.0528 0.0125 0.0020 0.0160 0.0039 0.0001 0.0337 0.6730 0.6631
1494720000.0000 11550.0000 -0.4881 0.1054 0.0142 0.5478 102.1829 0.0542 0.0330 0.0067 0.0245 -0.0006 -0.0044 0.0470 0.3542 0.3415
1494720000.0000 11850.0000 -0.2904 0.4038 -0.0077 0.5162 144.2812 0.0108 0.0313 0.0042 -0.0022 0.0011 0.0009 0.0232 0.2499 0.2383
1494720000.0000 12150.0000 0.0615 -0.2214 0.0238 0.3515 344.4662 0.0439 0.0437 0.0046 -0.0363 0.0042 -0.0040 0.0460 0.7583 0.7432
1494720000.0000 12450.0000 0.5193 -0.1578 -0.0056 0.5483 286.9055 0.0167 0.0058 0.0029 -0.0010 -0.0021 0.0002 0.0127 0.1696 0.1595
1494720000.0000 12750.0000 0.5097 -0.2162 -0.0276 0.5661 292.9812 0.0223 0.0175 0.0054 -0.0044 -0.0048 0.0010 0.0226 0.2214 0.2081
1494720000.0000 13050.0000 0.4734 -0.3082 -0.0575 0.5900 303.0641 0.0263 0.0192 0.0072 0.0058 -0.0010 -0.0005 0.0263 0.2334 0.2181
1494720000.0000 13350.0000 0.2662 -0.3358 -0.0979 0.4663 321.5924 0.0114 0.0363 0.0057 0.0093 0.0021 0.0003 0.0267 0.3033 0.2941
1494720000.0000 13650.0000 0.1760 -0.2851 -0.0082 0.3528 328.3104 0.0202 0.0410 0.0039 -0.0226 -0.0036 0.0017 0.0325 0.4393 0.4262
1494720000.0000 13950.0000 0.0290 0.0738 -0.0260 0.1474 201.4594 0.0163 0.0068 0.0016 0.0005 -0.0029 -0.0005 0.0124 1.0877 1.1059
1494720000.0000 14250.0000 -0.2549 0.2542 -0.0238 0.4153 134.9267 0.0512 0.0091 0.0015 0.0109 -0.0026 -0.0012 0.0309 0.3976 0.3937
1494720000.0000 14550.0000 -0.5202 0.1802 -0.0062 0.5865 109.1009 0.0244 0.0385 0.0023 -0.0224 0.0008 -0.0012 0.0326 0.2678 0.2630
1494720000.0000 14850.0000 0.1332 -0.0472 0.0103 0.2052 289.5080 0.0102 0.0144 0.0008 0.0102 -0.0008 -0.0010 0.0127 0.6497 0.6414
1494720000.0000 15150.0000 -0.1872 0.1632 0.0026 0.2670 131.0880 0.0203 0.0095 0.0004 -0.0120 0.0008 -0.0006 0.0151 0.4045 0.4017
1494720000.0000 15450.0000 -0.4281 0.2925 -0.0117 0.5260 124.3433 0.0106 0.0077 0.0009 -0.0010 0.0003 -0.0004 0.0096 0.1544 0.1508
1494720000.0000 15750.0000 -0.3587 0.2786 0.0008 0.4971 127.8410 0.0224 0.0423 0.0032 0.0051 0.0006 -0.0071 0.0340 0.3313 0.3235
1494720000.0000 16050.0000 0.0590 -0.1109 0.0060 0.2636 332.0008 0.0210 0.0462 0.0037 0.0156 0.0053 0.0047 0.0355 1.2224 1.1912
1494720000.0000 16350.0000 0.1393 -0.0322 -0.0609 0.5729 283.0107 0.3556 0.0349 0.0095 -0.0252 0.0024 -0.0034 0.2000 2.3502 2.5238
1494720000.0000 16650.0000 -0.0431 -0.1637 -0.0233 0.3609 14.7585 0.1036 0.0298 0.0066 -0.0235 -0.0046 0.0070 0.0700 1.2641 1.2457
1494720000.0000 16950.0000 -0.1157 0.2581 -0.0207 0.2945 155.8566 0.0123 0.0233 0.0029 -0.0104 0.0006 -0.0011 0.0192 0.3993 0.3850
1494720000.0000 17250.0000 -0.0581 -0.0096 -0.0301 0.0912 80.6012 0.0051 0.0054 0.0011 0.0020 0.0011 0.0002 0.0058 0.9381 1.0016
1494720000.0000 17550.0000 -0.1248 -0.0058 0.0103 0.2050 87.3429 0.0187 0.0212 0.0022 -0.0100 0.0011 -0.0008 0.0211 0.9460 0.9237
1494720000.0000 17850.0000 -0.2151 0.0671 -0.0096 0.3524 107.3278 0.0096 0.0764 0.0018 0.0157 0.0013 0.0006 0.0439 0.7582 0.7513
1494720000.0000 18150.0000 -0.1024 0.1007 -0.0048 0.1798 134.5135 0.0064 0.0258 0.0012 -0.0038 0.0015 -0.0023 0.0167 0.7341 0.7214
1494720000.0000 18450.0000 0.0538 -0.1080 0.0031 0.1332 333.5112 0.0024 0.0057 0.0023 -0.0006 0.0007 0.0002 0.0052 0.4866 0.4298
1494720000.0000 18750.0000 0.0274 -0.1090 -0.0067 0.1278 345.8763 0.0034 0.0058 0.0020 -0.0007 0.0008 0.0013 0.0056 0.5436 0.4933
1494720000.0000 19050.0000 -0.0733 0.0027 -0.0086 0.1237 92.1259 0.0051 0.0089 0.0019 0.0005 0.0007 0.0002 0.0079 0.9837 0.9300
1494720000.0000 19350.0000 -0.1876 0.1245 -0.0110 0.2516 123.5752 0.0402 0.0018 0.0015 -0.0036 -0.0039 0.0001 0.0217 0.5339 0.5252
1494720000.0000 19650.0000 -0.3298 0.0787 -0.0284 0.3730 103.4169 0.0410 0.0208 0.0046 -0.0048 0.0031 -0.0046 0.0332 0.4374 0.4234
1494720000.0000 19950.0000 -0.0274 0.1784 -0.0513 0.1973 171.2643 0.0066 0.0090 0.0019 -0.0030 0.0014 -0.0009 0.0088 0.4082 0.4005
1494720000.0000 20250.0000 0.0006 0.0147 -0.0204 0.1063 182.4255 0.0108 0.0031 0.0006 0.0040 0.0009 0.0002 0.0073 2.7668 4.6233
1494720000.0000 20550.0000 -0.2068 0.1558 0.0324 0.3146 126.9876 0.0199 0.0374 0.0090 -0.0044 0.0010 -0.0049 0.0332 0.5700 0.5338
1494720000.0000 20850.0000 -0.3550 0.1938 -0.0294 0.4639 118.6356 0.0354 0.0439 0.0134 0.0205 0.0076 -0.0034 0.0464 0.4336 0.4021
1494720000.0000 21150.0000 -0.5778 0.2951 -0.0157 0.6723 117.0523 0.0617 0.0171 0.0150 0.0007 0.0098 -0.0017 0.0469 0.2724 0.2498
1494720000.0000 21450.0000 -0.5409 0.3928 -0.0402 0.7111 125.9868 0.1226 0.0507 0.0135 -0.0278 0.0131 -0.0014 0.0934 0.3726 0.3595
1494720000.0000 21750.0000 -0.7054 0.4669 0.0180 0.8803 123.5036 0.1030 0.0501 0.0292 -0.0139 0.0133 -0.0057 0.0911 0.2913 0.2670
1494720000.0000 22050.0000 -1.0721 0.3688 -0.0650 1.1781 108.9823 0.1302 0.0913 0.0776 -0.0199 0.0598 -0.0054 0.1495 0.2780 0.2397
1494720000.0000 22350.0000 -1.0924 0.5436 -0.0317 1.2561 116.4580 0.1716 0.1012 0.0485 -0.0489 0.0481 -0.0155 0.1607 0.2681 0.2471
1494720000.0000 22650.0000 -0.8254 0.6753 -0.0415 1.1364 129.2899 0.1257 0.1277 0.0438 0.0402 0.0219 -0.0025 0.1485 0.2949 0.2725
1494720000.0000 22950.0000 -0.8017 0.5071 -0.0949 0.9893 122.3127 0.0635 0.0599 0.0308 0.0207 0.0052 -0.0176 0.0771 0.2378 0.2138
1494720000.0000 23250.0000 -0.9708 0.4217 -0.0714 1.0967 113.4804 0.1552 0.1025 0.0380 -0.0426 0.0166 -0.0299 0.1478 0.2959 0.2769
1494720000.0000 23550.0000 -0.6763 0.3954 -0.0430 0.8589 120.3106 0.2054 0.1387 0.0445 -0.0454 0.0078 -0.0294 0.1943 0.4587 0.4324
1494720000.0000 23850.0000 -0.4813 0.2954 -0.0421 0.6508 121.5399 0.0773 0.0921 0.0312 0.0093 0.0015 -0.0128 0.1003 0.4567 0.4208
1494720000.0000 24150.0000 -1.1549 0.4740 -0.0869 1.3025 112.3158 0.2169 0.1131 0.0543 0.0063 0.0153 -0.0075 0.1921 0.2860 0.2657
1494720000.0000 24450.0000 -1.0443 0.0526 -0.1864 1.1885 92.8828 0.1901 0.3418 0.0692 -0.1441 0.0210 -0.0289 0.3006 0.4215 0.4027
1494720000.0000 24750.0000 -0.9778 0.3586 -0.1623 1.0830 110.1381 0.1590 0.1097 0.0546 -0.0783 0.0355 -0.0185 0.1617 0.3115 0.2874
1494720000.0000 25050.0000 -0.9661 0.4455 -0.0588 1.1181 114.7551 0.1213 0.1220 0.0606 -0.0082 0.0227 -0.0096 0.1519 0.2987 0.2677
1494720000.0000 25350.0000 -0.9320 0.5784 -0.0876 1.1481 121.8212 0.2683 0.1424 0.0907 -0.0871 0.0813 -0.0645 0.2507 0.3715 0.3373
1494720000.0000 25650.0000 -1.3566 0.7001 -0.1200 1.5845 117.2984 0.2473 0.1567 0.0894 -0.0142 0.0589 -0.0375 0.2467 0.2648 0.2404
1494720000.0000 25950.0000 -1.4115 0.5927 -0.1219 1.5776 112.7765 0.1345 0.1654 0.0511 -0.0417 0.0193 -0.0157 0.1755 0.2227 0.2065
1494720000.0000 26250.0000 -1.3986 0.6748 -0.1333 1.6121 115.7575 0.1960 0.1389 0.0788 0.0335 0.0075 -0.0332 0.2068 0.2382 0.2151
1494720000.0000 26550.0000 -0.6856 0.0374 -0.0708 0.8163 93.1242 0.2577 0.1528 0.0560 -0.0876 0.0809 -0.0264 0.2333 0.5713 0.5388
1494720000.0000 26850.0000 -1.3746 0.4999 -0.1124 1.5088 109.9843 0.1500 0.1439 0.0738 -0.0412 0.0510 -0.0368 0.1838 0.2386 0.2140
1494720000.0000 27150.0000 -1.1163 0.4978 -0.0920 1.2949 114.0318 0.1891 0.1589 0.0537 -0.0230 0.0393 -0.0015 0.2009 0.2985 0.2787
1494720000.0000 27450.0000 -0.5829 0.1167 -0.0777 0.7154 101.3169 0.1254 0.1306 0.0450 0.0221 0.0274 0.0288 0.1505 0.5283 0.4914
1494720000.0000 27750.0000 -0.6286 0.3499 -0.0899 0.7622 119.1006 0.0559 0.0457 0.0292 0.0135 0.0032 -0.0140 0.0654 0.2880 0.2558
1494720000.0000 28050.0000 -0.6358 0.0546 -0.0715 0.7993 94.9083 0.1529 0.1894 0.0681 0.0150 0.0280 0.0236 0.2052 0.5759 0.5293
1494720000.0000 28350.0000 -0.4934 0.3733 -0.0111 0.7190 127.1130 0.2115 0.1414 0.0508 -0.0686 0.0382 -0.0235 0.2019 0.5929 0.5544
1494720000.0000 28650.0000 -0.6483 0.3532 0.0619 0.8585 118.5844 0.1181 0.1804 0.0983 0.0101 0.0205 -0.0205 0.1984 0.4909 0.4272
1494720000.0000 28950.0000 -0.5178 0.0322 -0.0412 0.6730 93.5592 0.1234 0.1949 0.0863 -0.0011 0.0094 0.0483 0.2023 0.7057 0.6279
1494720000.0000 29250.0000 -0.4497 0.2382 0.0800 0.6090 117.9047 0.2033 0.0683 0.0606 0.0052 0.0533 0.0107 0.1661 0.6459 0.5912
1494720000.0000 29550.0000 -1.0242 0.5133 -0.0281 1.2391 116.6197 0.1447 0.1889 0.0853 0.0290 0.0273 0.0292 0.2095 0.3261 0.2911
1494720000.0000 29850.0000 -0.9047 0.0598 -0.1486 1.1022 93.7823 0.2688 0.3543 0.1325 0.0086 0.0570 0.1041 0.3778 0.5462 0.5027
1494720000.0000 30150.0000 -0.4995 0.4984 0.0256 0.7983 134.9357 0.1594 0.1614 0.0528 -0.0284 0.0209 -0.0295 0.1868 0.4998 0.4634
1494720000.0000 30450.0000 -0.6243 0.5327 -0.1498 0.8732 130.4745 0.0978 0.0977 0.0406 -0.0265 0.0089 -0.0090 0.1181 0.3363 0.3110
1494720000.0000 30750.0000 -0.8366 0.4963 -0.0657 1.0902 120.6755 0.3200 0.2636 0.0924 -0.0986 0.0695 -0.0394 0.3381 0.4869 0.4534
1494720000.0000 31050.0000 -1.3717 0.8714 -0.0383 1.7061 122.4273 0.4998 0.1581 0.1197 -0.0035 0.0915 -0.0200 0.3889 0.3132 0.2882
1494720000.0000 31350.0000 -1.5510 0.9278 -0.1403 1.8678 120.8878 0.3198 0.2098 0.0851 -0.0385 0.0617 -0.0191 0.3074 0.2497 0.2325
1494720000.0000 31650.0000 -1.5845 0.8331 -0.2120 1.8588 117.7354 0.3873 0.2851 0.1179 -0.1185 0.0805 -0.0620 0.3952 0.2847 0.2645
1494720000.0000 31950.0000 -0.9025 0.3070 -0.1898 1.0366 108.7855 0.1430 0.1853 0.0571 -0.0681 0.0269 -0.0136 0.1927 0.3687 0.3470
1494720000.0000 32250.0000 -0.8056 -0.1181 -0.1585 0.9426 81.6603 0.1573 0.2748 0.0741 0.0293 0.0301 0.0815 0.2531 0.4952 0.4662
1494720000.0000 32550.0000 -0.1797 0.0468 -0.0959 0.5368 104.6073 0.2579 0.0619 0.0320 0.0486 -0.0023 0.0028 0.1759 1.6381 1.7578
1494720000.0000 32850.0000 0.7760 -0.3923 0.0173 0.9438 296.8188 0.1204 0.1828 0.0717 -0.0516 -0.0467 0.0282 0.1874 0.4065 0.3656
1494720000.0000 33150.0000 0.8327 -1.0153 -0.1108 1.3516 320.6445 0.1604 0.2041 0.1028 -0.0869 -0.0644 0.0756 0.2337 0.2995 0.2655
1494720000.0000 33450.0000 0.5329 -0.8210 0.0295 1.0905 327.0117 0.2234 0.3274 0.0910 -0.0691 -0.0480 0.0889 0.3209 0.4723 0.4377
1494720000.0000 33750.0000 0.6562 -1.0963 -0.0432 1.3500 329.0968 0.2270 0.3169 0.1333 -0.0646 -0.0130 0.0996 0.3386 0.3716 0.3333
1494720000.0000 34050.0000 0.3778 -0.9768 -0.1968 1.1351 338.8535 0.2013 0.1723 0.0883 -0.0019 0.0196 0.0441 0.2310 0.3682 0.3370
1494720000.0000 34350.0000 0.2931 -0.8966 -0.1259 1.0103 341.8967 0.1183 0.2257 0.0839 -0.0254 -0.0074 0.0722 0.2139 0.3968 0.3589
1494720000.0000 34650.0000 0.0644 -0.1690 -0.0975 0.5811 339.1529 0.2008 0.1948 0.0582 -0.1046 0.0361 -0.0019 0.2269 1.8931 2.0080
1494720000.0000 34950.0000 -0.3498 -0.3798 0.0033 0.7714 42.6503 0.2492 0.3895 0.1139 0.0910 0.0543 0.0434 0.3763 0.9700 0.8936
1494720000.0000 35250.0000 -1.0733 0.1676 -0.1059 1.1632 98.8779 0.1584 0.1558 0.1182 0.0036 0.0442 0.0304 0.2162 0.3479 0.2979
1494720000.0000 35550.0000 -0.8848 0.3472 -0.0272 1.0295 111.4266 0.1285 0.1947 0.0755 -0.0470 0.0147 0.0016 0.1994 0.3834 0.3454
1494720000.0000 35850.0000 -0.8125 0.5276 -0.1034 1.1594 122.9951 0.1838 0.4119 0.1312 -0.0993 -0.0255 0.0493 0.3635 0.5053 0.4600
1494720000.0000 36150.0000 -0.6386 -0.2021 -0.0837 1.0468 72.4388 0.4262 0.4935 0.1128 -0.2068 0.0281 0.0258 0.5163 0.8692 0.8267
1494720000.0000 36450.0000 -0.8567 0.4305 -0.1095 1.1120 116.6815 0.3098 0.2660 0.1082 0.0542 0.0459 -0.0157 0.3420 0.4948 0.4569
1494720000.0000 36750.0000 -1.4016 1.0297 -0.1627 1.9621 126.3027 0.4957 0.6471 0.2038 0.1331 0.1109 -0.0297 0.6733 0.3836 0.3549
1494720000.0000 37050.0000 -1.0023 1.1109 -0.0133 1.6276 137.9439 0.2941 0.4277 0.1765 0.0420 0.0680 -0.0436 0.4492 0.3657 0.3278
1494720000.0000 37350.0000 -0.7631 0.8537 -0.0289 1.4375 138.2083 0.5822 0.4536 0.2142 0.1097 0.0186 0.0439 0.6250 0.5636 0.5132
1494720000.0000 37650.0000 -0.0041 -0.3975 0.0058 1.0802 0.5929 0.4657 0.7830 0.1573 -0.3161 -0.0856 0.1830 0.7030 1.7219 1.6228
1494720000.0000 37950.0000 0.9076 -0.7620 -0.0363 1.2667 310.0164 0.1855 0.2525 0.0891 -0.0733 -0.0328 0.0393 0.2636 0.3536 0.3224
1494720000.0000 38250.0000 0.7695 -0.7891 -0.1076 1.2188 315.7187 0.3094 0.3508 0.0935 -0.0868 -0.0052 0.0224 0.3769 0.4526 0.4256
1494720000.0000 38550.0000 0.5892 -0.4712 -0.2171 0.8809 308.6508 0.1926 0.1648 0.0568 0.0095 -0.0146 -0.0329 0.2071 0.4734 0.4576
1494720000.0000 38850.0000 -0.3295 -0.3155 -0.0341 0.5229 46.2427 0.0436 0.0758 0.0441 0.0157 0.0062 0.0227 0.0818 0.5104 0.4373
1494720000.0000 39150.0000 -0.7390 0.1707 -0.0948 1.0035 103.0082 0.1807 0.3723 0.0739 0.0239 -0.0025 -0.0359 0.3135 0.5980 0.5661
1494720000.0000 39450.0000 -0.7143 0.3829 0.0328 1.0789 118.1936 0.3638 0.3857 0.1529 -0.0463 0.1022 -0.0160 0.4512 0.6761 0.6167
1494720000.0000 39750.0000 -0.5211 0.0938 0.0372 1.0782 100.2047 0.7740 0.5117 0.1434 0.0410 0.1646 0.0085 0.7145 1.3002 1.2363
1494720000.0000 40050.0000 -0.1883 0.5466 -0.1020 0.9851 160.9908 0.5104 0.3305 0.1641 -0.0128 0.0434 -0.0764 0.5025 0.9859 0.9158
1494720000.0000 40350.0000 -0.6002 0.7546 -0.0870 1.0821 141.5017 0.2489 0.1458 0.1219 0.0395 0.0123 0.0163 0.2583 0.4286 0.3762
1494720000.0000 40650.0000 -1.8107 1.0027 -0.1302 2.1490 118.9773 0.5788 0.2052 0.1870 -0.0659 0.1242 -0.0590 0.4855 0.2743 0.2470
1494720000.0000 40950.0000 -1.1884 0.6447 -0.1066 1.5493 118.4790 1.6264 0.4997 0.1227 -0.5762 0.1984 -0.1420 1.1244 0.6384 0.6226
1494720000.0000 41250.0000 -1.0582 0.7415 -0.1820 1.4485 125.0189 0.3215 0.7115 0.1227 -0.2612 0.0350 -0.0530 0.5779 0.4757 0.4541
1494720000.0000 41550.0000 0.4222 -0.2555 -0.0215 0.5546 301.1844 0.0856 0.0646 0.0395 -0.0476 0.0133 0.0038 0.0949 0.5092 0.4535
1494720000.0000 41850.0000 0.7348 -0.3089 0.0858 0.8304 292.8044 0.0821 0.0586 0.0424 -0.0123 -0.0188 0.0095 0.0915 0.3081 0.2716
1494720000.0000 42150.0000 0.7997 -0.7502 -0.1933 1.1435 313.1698 0.1485 0.0789 0.0568 -0.0102 0.0077 0.0027 0.1421 0.2764 0.2511
1494720000.0000 42450.0000 -0.2492 -0.0980 0.0654 0.4293 68.5337 0.1402 0.0736 0.0694 0.0050 0.0254 0.0211 0.1416 1.1149 0.9972
1494720000.0000 42750.0000 0.2984 -0.8026 -0.1280 1.1383 339.6022 0.6212 0.1372 0.0967 0.0824 0.1051 0.0356 0.4275 0.6166 0.5872
1494720000.0000 43050.0000 -0.5768 0.1185 0.0330 0.7785 101.6126 0.2189 0.2100 0.0737 -0.0357 0.0369 -0.0054 0.2513 0.6940 0.6421
1494720000.0000 43350.0000 -0.5027 -0.2585 -0.0981 0.9202 62.7906 0.2329 0.4100 0.0759 -0.1051 0.0225 0.0378 0.3594 0.8531 0.8189
1494720000.0000 43650.0000 0.2415 -0.4223 0.0003 0.6525 330.2397 0.1809 0.1309 0.0756 -0.0245 0.0189 0.0427 0.1937 0.7386 0.6627
1494720000.0000 43950.0000 0.5157 -0.8238 -0.1200 1.0468 327.9557 0.1368 0.1572 0.0811 -0.0040 0.0090 0.0262 0.1876 0.3611 0.3221
1494720000.0000 44250.0000 -0.2318 -0.1265 -0.0489 0.7028 61.3785 0.5182 0.2223 0.1022 -0.0441 0.0341 0.0736 0.4214 1.9739 1.8818
1494720000.0000 44550.0000 -1.4777 1.1684 -0.1055 2.0265 128.3328 0.5118 0.3522 0.1402 0.1652 0.0866 -0.0025 0.5021 0.3066 0.2849
1494720000.0000 44850.0000 -1.5356 0.8816 -0.2271 1.9607 119.8602 0.4817 0.6325 0.1466 0.0134 0.0510 0.0300 0.6304 0.3632 0.3442
1494720000.0000 45150.0000 -0.4909 0.1204 -0.0965 0.8546 103.7785 0.4895 0.2394 0.0925 -0.0656 -0.0091 0.0321 0.4107 1.0169 0.9752
1494720000.0000 45450.0000 -0.0898 0.1732 -0.0157 0.8118 152.5934 0.6362 0.2908 0.1254 -0.1298 -0.0120 -0.0364 0.5262 3.0265 2.8496
1494720000.0000 45750.0000 -0.1169 -0.4724 0.0180 1.3879 13.8981 1.1291 0.9478 0.1608 -0.6523 0.0657 -0.0754 1.1188 1.7735 1.7098
1494720000.0000 46050.0000 -1.6631 0.3860 -0.2338 1.7980 103.0665 0.4033 0.2595 0.1854 -0.0071 0.1014 -0.0280 0.4241 0.3086 0.2753
1494720000.0000 46350.0000 -0.7577 -0.3825 -0.1184 1.1190 63.2119 0.6390 0.4046 0.1935 -0.1991 0.0491 0.0591 0.6186 0.7493 0.6949
1494720000.0000 46650.0000 -0.6082 -0.0746 -0.1117 0.9107 83.0083 0.4622 0.3779 0.1088 0.2076 0.0837 0.0261 0.4744 0.9030 0.8636
1494720000.0000 46950.0000 0.2204 -0.4013 -0.1037 0.7025 331.2242 0.2357 0.2326 0.1025 -0.1233 -0.0401 0.0361 0.2854 0.9293 0.8631
1494720000.0000 47250.0000 -1.6904 0.7218 -0.1026 2.0095 113.1224 1.0638 0.3379 0.1848 0.0578 0.1708 -0.0490 0.7932 0.3950 0.3719
1494720000.0000 47550.0000 -1.2372 1.3964 -0.0700 2.0833 138.4591 1.0670 0.4164 0.2467 -0.0362 0.1440 -0.1161 0.8651 0.4068 0.3769
1494720000.0000 47850.0000 -1.2595 0.9325 -0.0668 1.6606 126.5164 0.6253 0.4339 0.1489 -0.2748 0.1145 -0.0723 0.6040 0.4046 0.3791
1494720000.0000 48150.0000 -0.4908 -0.2404 0.1517 0.9394 63.9050 0.6519 0.5450 0.1351 0.2559 0.1443 0.0940 0.6660 1.1749 1.1558
1494720000.0000 48450.0000 0.2511 -0.6452 -0.0305 0.8589 338.7341 0.1564 0.4687 0.1019 -0.0923 -0.0011 0.1171 0.3635 0.7103 0.6593
1494720000.0000 48750.0000 -0.6040 0.4057 -0.0734 0.8924 123.8910 0.3756 0.3622 0.2036 -0.1719 0.1177 -0.0308 0.4707 0.7659 0.6815
1494720000.0000 49050.0000 0.3205 0.0422 -0.0464 0.5902 262.4965 0.2354 0.1430 0.0704 0.0855 -0.0112 0.0000 0.2244 1.1843 1.0986
1494720000.0000 49350.0000 0.8131 -0.9138 -0.0550 1.3864 318.3379 0.5112 0.3118 0.1322 0.0093 -0.0763 0.0516 0.4776 0.4609 0.4282
1494720000.0000 49650.0000 -0.3993 -0.7381 -0.0119 1.2609 28.4164 0.4147 0.8994 0.1388 -0.3922 -0.0307 0.1178 0.7264 0.8292 0.7887
1494720000.0000 49950.0000 -0.6047 0.3054 -0.0864 1.1200 116.7927 0.6945 0.4354 0.1420 -0.1703 0.0763 -0.0609 0.6359 0.9534 0.9059
1494720000.0000 50250.0000 -1.4089 0.1693 -0.2683 1.6328 96.8533 0.7040 0.4769 0.1487 -0.2639 0.0159 -0.0274 0.6648 0.4610 0.4421
1494720000.0000 50550.0000 -1.2795 0.1700 -0.1081 1.3760 97.5684 0.3946 0.2029 0.1247 -0.0770 0.0682 0.0088 0.3611 0.3788 0.3457
1494720000.0000 50850.0000 -0.9390 0.1443 -0.1476 1.3705 98.7368 0.8467 0.9754 0.1706 -0.3641 0.0656 0.0355 0.9963 0.8477 0.8204
1494720000.0000 51150.0000 -1.0303 -0.2663 -0.3167 1.5053 75.5055 0.2833 1.2001 0.1185 -0.2298 0.0446 -0.0201 0.8010 0.6581 0.6608
1494720000.0000 51450.0000 -0.4432 -0.1363 -0.0510 0.7320 72.9072 0.2230 0.2545 0.1011 0.0946 0.0754 0.0746 0.2893 0.9415 0.8605
1494720000.0000 51750.0000 0.7738 -0.5781 0.0234 1.0554 306.7631 0.2983 0.1140 0.0929 -0.0468 -0.0083 -0.0183 0.2526 0.4248 0.3838
1494720000.0000 52050.0000 -0.7039 0.6145 -0.0562 1.3243 131.1183 0.9704 0.2805 0.1335 -0.3228 0.1039 -0.0738 0.6922 0.7257 0.6911
1494720000.0000 52350.0000 -1.7339 0.6274 -0.1873 1.8937 109.8932 0.4772 0.2198 0.1463 -0.1160 0.1209 -0.0527 0.4217 0.2861 0.2614
1494720000.0000 52650.0000 -1.8050 0.8319 -0.1523 2.0190 114.7452 0.2252 0.1182 0.0787 -0.0272 0.0253 -0.0172 0.2111 0.1882 0.1702
1494720000.0000 52950.0000 -1.8798 0.9351 -0.2053 2.1828 116.4473 0.4030 0.2802 0.1269 0.0185 -0.0083 -0.0837 0.4051 0.2463 0.2273
1494720000.0000 53250.0000 -1.3885 1.0864 -0.2029 1.8678 128.0418 0.4789 0.2412 0.1480 0.0557 0.0791 -0.0775 0.4340 0.3031 0.2779
1494720000.0000 53550.0000 -0.8862 0.3065 -0.0461 1.0842 109.0811 0.3206 0.2431 0.0615 0.0580 0.0551 -0.0064 0.3126 0.4862 0.4623
1494720000.0000 53850.0000 0.4530 -0.4115 0.1048 0.6570 312.2460 0.1267 0.0755 0.0246 -0.0663 -0.0245 0.0173 0.1134 0.4428 0.4242
1494720000.0000 54150.0000 0.2255 -0.1787 -0.0217 0.3804 308.3968 0.0555 0.0990 0.0263 -0.0434 -0.0047 0.0001 0.0904 0.8509 0.7887
1494720000.0000 54450.0000 -0.4030 -0.2395 -0.0089 0.6550 59.2807 0.1641 0.1235 0.0449 -0.0802 -0.0063 0.0125 0.1662 0.7100 0.6604
1494720000.0000 54750.0000 -2.1087 0.3224 -0.1953 2.2325 98.6930 0.6117 0.4465 0.2031 -0.1370 0.1324 0.0401 0.6306 0.3027 0.2784
1494720000.0000 55050.0000 -0.8591 0.1426 -0.1466 1.3837 99.4220 1.2235 0.8482 0.1916 -0.4347 0.0480 -0.0138 1.1317 0.9836 0.9543
1494720000.0000 55350.0000 -0.0305 -0.4066 -0.1168 0.6051 4.2885 0.1941 0.0872 0.0449 -0.0175 0.0379 0.0013 0.1631 0.7775 0.7511
1494720000.0000 55650.0000 0.7728 -0.9147 0.0127 1.3055 319.8061 0.3118 0.3321 0.1080 -0.1462 -0.0469 0.0348 0.3760 0.4181 0.3869
1494720000.0000 55950.0000 0.8849 -1.2733 -0.2004 1.7336 325.2004 0.8459 0.3677 0.1568 -0.0441 -0.0086 0.1138 0.6852 0.4323 0.4102
1494720000.0000 56250.0000 0.8116 -1.0430 -0.0320 1.4311 322.1127 0.2715 0.2351 0.1087 0.0319 0.0041 0.0149 0.3077 0.3426 0.3109
1494720000.0000 56550.0000 1.3492 -1.4813 -0.0718 2.0904 317.6712 0.4243 0.8393 0.1577 -0.2094 -0.0930 0.0717 0.7106 0.3433 0.3239
1494720000.0000 56850.0000 1.5518 -1.2455 -0.0633 2.0634 308.7512 0.5243 0.7371 0.1625 -0.4078 -0.1105 0.0558 0.7120 0.3461 0.3259
1494720000.0000 57150.0000 1.0188 -1.4745 -0.1652 1.8703 325.3567 0.3329 0.2777 0.1296 -0.0295 0.0240 0.0546 0.3701 0.2760 0.2517
1494720000.0000 57450.0000 0.5295 -0.7244 -0.0218 0.9365 323.8333 0.0970 0.1244 0.0449 -0.0334 -0.0197 0.0163 0.1332 0.3319 0.3028
1494720000.0000 57750.0000 0.8388 -0.4185 0.0164 1.1204 296.5128 0.4887 0.2405 0.1125 0.0181 -0.0944 0.0360 0.4209 0.5650 0.5259
1494720000.0000 58050.0000 0.6127 -0.1970 -0.0655 0.7893 287.8244 0.3788 0.1064 0.0658 -0.0174 -0.0602 -0.0016 0.2755 0.6625 0.6249
1494720000.0000 58350.0000 1.0306 -0.5014 0.0074 1.2580 295.9438 0.2226 0.2978 0.0702 0.0397 -0.0226 0.0332 0.2953 0.3871 0.3634
1494720000.0000 58650.0000 1.6409 -0.1120 -0.1011 2.0187 273.9031 0.4057 1.2540 0.1904 0.0714 -0.0653 0.0386 0.9251 0.4766 0.4522
1494720000.0000 58950.0000 1.3775 -0.1610 -0.1326 1.5678 276.6653 0.1946 0.5216 0.1382 -0.0933 -0.0702 0.0899 0.4272 0.3831 0.3523
1494720000.0000 59250.0000 0.9571 -0.0848 0.0104 1.1626 275.0644 0.5046 0.3582 0.1491 0.0750 -0.0911 0.0198 0.5059 0.6044 0.5581
1494720000.0000 59550.0000 1.2635 -0.4068 -0.1180 1.4276 287.8459 0.2632 0.2948 0.1571 -0.0776 -0.0766 0.0578 0.3576 0.3664 0.3249
1494720000.0000 59850.0000 1.2358 0.0110 -0.0477 1.3909 269.4905 0.2342 0.4625 0.1540 0.1063 -0.0182 0.0407 0.4253 0.4306 0.3899
1494720000.0000 60150.0000 0.8566 -0.6180 -0.1182 1.1384 305.8106 0.2307 0.2527 0.1325 -0.0877 -0.0354 0.0742 0.3080 0.4263 0.3800
1494720000.0000 60450.0000 0.9089 -0.7366 -0.1046 1.2769 309.0229 0.2188 0.1980 0.1104 0.0368 -0.0469 -0.0105 0.2636 0.3569 0.3186
1494720000.0000 60750.0000 0.8169 -0.1067 -0.0820 0.9241 277.4426 0.2995 0.1317 0.0759 0.0606 -0.0850 -0.0019 0.2536 0.4966 0.4602
1494720000.0000 61050.0000 0.9816 -0.0480 -0.1519 1.0839 272.8011 0.1649 0.1857 0.0721 0.0244 -0.0251 -0.0537 0.2114 0.3775 0.3478
1494720000.0000 61350.0000 0.6469 -0.4825 -0.0139 0.8975 306.7186 0.1537 0.1216 0.0467 0.0406 -0.0336 0.0109 0.1610 0.4059 0.3754
1494720000.0000 61650.0000 0.9822 -0.8907 -0.1373 1.3725 312.2026 0.2252 0.1404 0.0522 -0.0543 -0.0126 0.0182 0.2089 0.2800 0.2633
1494720000.0000 61950.0000 0.2063 -1.4248 -0.2727 1.5601 351.7604 0.3701 0.5258 0.1061 -0.2055 -0.0276 0.0684 0.5010 0.3944 0.3796
1494720000.0000 62250.0000 0.8494 -1.0667 -0.1045 1.5769 321.4708 0.7530 0.6089 0.1648 -0.3539 -0.1056 0.1678 0.7633 0.5216 0.4941
1494720000.0000 62550.0000 0.5131 -1.0625 -0.0444 1.3303 334.2250 0.3771 0.5097 0.1586 -0.1105 -0.0231 0.0511 0.5227 0.4999 0.4608
1494720000.0000 62850.0000 0.2530 -0.3939 -0.1169 0.7279 327.2842 0.3229 0.3104 0.0807 -0.2030 -0.0341 0.0185 0.3570 1.0111 0.9815
1494720000.0000 63150.0000 0.4877 -0.6173 -0.0106 1.0303 321.6862 0.4733 0.4951 0.1061 -0.2208 0.0254 0.0199 0.5372 0.7606 0.7222
1494720000.0000 63450.0000 -0.2485 0.4704 -0.0113 0.8600 152.1524 0.4022 0.2069 0.1010 0.0659 0.0753 0.0157 0.3550 0.9143 0.8470
1494720000.0000 63750.0000 1.0020 -0.4264 -0.0213 1.2205 293.0523 0.2760 0.3038 0.0739 0.0292 -0.0142 0.0031 0.3269 0.4286 0.4037
1494720000.0000 64050.0000 0.6169 -0.4316 -0.1359 0.9280 304.9792 0.3157 0.1305 0.0638 0.1244 -0.0522 -0.0171 0.2550 0.5389 0.5122
1494720000.0000 64350.0000 0.1096 -0.0745 0.0432 0.4085 304.2195 0.0749 0.1180 0.0234 0.0042 -0.0063 0.0038 0.1082 1.9265 1.9133
1494720000.0000 64650.0000 -0.6187 -0.0931 -0.0105 0.7323 81.4470 0.2193 0.1250 0.0387 -0.0058 0.0231 -0.0056 0.1915 0.5710 0.5414
1494720000.0000 64950.0000 -0.1874 -0.3382 0.0556 0.5238 28.9944 0.1414 0.1119 0.0301 0.0789 0.0092 0.0294 0.1417 0.7869 0.7516
1494720000.0000 65250.0000 0.5604 -0.4047 -0.0195 0.7700 305.8341 0.1072 0.0568 0.0307 0.0244 0.0034 0.0100 0.0974 0.3684 0.3383
1494720000.0000 65550.0000 0.2569 -0.4026 0.0155 0.4949 327.4586 0.0242 0.0209 0.0087 -0.0061 -0.0054 0.0025 0.0269 0.2803 0.2569
1494720000.0000 65850.0000 0.4715 -0.9607 -0.0533 1.1365 333.8582 0.1252 0.4644 0.0739 -0.0314 0.0054 0.1021 0.3318 0.4389 0.4143
1494720000.0000 66150.0000 0.6231 -0.5685 0.0521 0.9126 312.3761 0.0994 0.1365 0.0398 -0.0138 -0.0072 0.0204 0.1379 0.3588 0.3325
1494720000.0000 66450.0000 0.7048 -0.6957 0.0187 1.0607 314.6289 0.2174 0.1711 0.0688 -0.0915 -0.0767 0.0342 0.2287 0.3942 0.3634
1494720000.0000 66750.0000 0.3653 -0.5846 -0.0202 0.7384 327.9995 0.0597 0.1079 0.0408 -0.0009 0.0038 0.0290 0.1042 0.3822 0.3429
1494720000.0000 67050.0000 0.5737 -0.2853 -0.0229 0.6526 296.4420 0.0232 0.0210 0.0100 -0.0070 -0.0033 -0.0011 0.0271 0.2097 0.1896
1494720000.0000 67350.0000 0.5356 -0.3383 -0.0092 0.6648 302.2740 0.0438 0.0388 0.0163 -0.0013 -0.0049 0.0003 0.0494 0.2865 0.2619
1494720000.0000 67650.0000 0.7434 -0.6105 0.0086 0.9992 309.3940 0.1602 0.1353 0.0537 -0.0763 -0.0277 0.0130 0.1746 0.3546 0.3262
1494720000.0000 67950.0000 0.6184 -0.3333 0.0076 0.7473 298.3205 0.1067 0.0734 0.0455 -0.0190 -0.0338 0.0111 0.1128 0.3904 0.3488
1494720000.0000 68250.0000 0.2299 -0.1248 0.0272 0.2727 298.4925 0.0207 0.0112 0.0091 -0.0085 -0.0036 0.0011 0.0205 0.4445 0.3944
1494720000.0000 68550.0000 0.0698 -0.1997 0.0236 0.2300 340.7275 0.0048 0.0131 0.0032 -0.0001 -0.0008 -0.0013 0.0106 0.3942 0.3650
1494720000.0000 68850.0000 -0.2217 0.1055 0.0238 0.2776 115.4577 0.0112 0.0243 0.0024 -0.0132 0.0020 -0.0034 0.0189 0.4554 0.4430
1494720000.0000 69150.0000 -0.6017 0.2233 0.0100 0.6501 110.3598 0.0090 0.0095 0.0019 0.0011 -0.0002 -0.0003 0.0102 0.1282 0.1222
1494720000.0000 69450.0000 -0.1301 0.1224 0.0059 0.3287 133.2454 0.0981 0.0074 0.0040 -0.0082 -0.0054 0.0006 0.0547 1.0690 1.0496
1494720000.0000 69750.0000 -0.0941 0.0289 0.0118 0.1460 107.0899 0.0159 0.0067 0.0025 -0.0017 -0.0022 -0.0020 0.0126 0.9246 0.8832
1494720000.0000 70050.0000 -0.3502 0.1825 0.0025 0.4165 117.5295 0.0110 0.0135 0.0014 0.0062 -0.0009 -0.0010 0.0130 0.2355 0.2289
1494720000.0000 70350.0000 -0.1558 0.0999 -0.0014 0.2409 122.6727 0.0135 0.0265 0.0017 -0.0007 0.0005 -0.0023 0.0209 0.6374 0.6244
1494720000.0000 70650.0000 -0.3652 0.2344 0.0247 0.4880 122.6884 0.0121 0.0547 0.0027 -0.0038 -0.0000 0.0068 0.0347 0.3499 0.3437
1494720000.0000 70950.0000 -0.4836 0.3714 -0.0252 0.6407 127.5205 0.0864 0.0113 0.0059 -0.0171 -0.0058 0.0013 0.0518 0.3045 0.2959
1494720000.0000 71250.0000 -0.7107 0.5575 -0.0365 0.9116 128.1110 0.0189 0.0108 0.0051 0.0012 -0.0007 -0.0015 0.0174 0.1192 0.1102
1494720000.0000 71550.0000 -0.8080 0.5454 -0.0050 0.9842 124.0220 0.0244 0.0163 0.0091 -0.0010 0.0019 -0.0048 0.0249 0.1322 0.1194
1494720000.0000 71850.0000 -0.4468 0.4107 0.0366 0.6251 132.5896 0.0118 0.0249 0.0048 0.0023 0.0009 -0.0007 0.0208 0.1935 0.1823
1494720000.0000 72150.0000 -0.4066 0.1652 0.0228 0.5089 112.1178 0.0880 0.0509 0.0074 -0.0026 0.0025 0.0013 0.0731 0.5024 0.4902
1494720000.0000 72450.0000 -0.4173 0.7181 -0.0010 0.8454 149.8360 0.0298 0.0153 0.0057 -0.0043 0.0020 -0.0022 0.0254 0.1566 0.1477
1494720000.0000 72750.0000 -0.3909 0.3326 0.0081 0.5316 130.3974 0.0094 0.0269 0.0029 -0.0016 0.0009 0.0006 0.0196 0.2228 0.2144
1494720000.0000 73050.0000 -0.4287 0.3667 0.0021 0.5757 130.5411 0.0276 0.0390 0.0029 -0.0226 0.0007 -0.0037 0.0348 0.2699 0.2642
1494720000.0000 73350.0000 -0.6458 0.3820 -0.0006 0.7651 120.6065 0.0229 0.0163 0.0059 0.0054 0.0008 -0.0025 0.0226 0.1635 0.1525
1494720000.0000 73650.0000 -0.7678 0.4340 0.0166 0.8986 119.4775 0.0586 0.0093 0.0068 0.0043 0.0082 0.0012 0.0373 0.1789 0.1706
1494720000.0000 73950.0000 -0.5095 0.5032 0.0145 0.7273 134.6470 0.0248 0.0138 0.0075 -0.0031 0.0019 -0.0011 0.0230 0.1729 0.1583
1494720000.0000 74250.0000 -0.5273 0.3291 0.0028 0.6322 121.9713 0.0327 0.0198 0.0057 -0.0097 -0.0009 -0.0023 0.0291 0.2241 0.2128
1494720000.0000 74550.0000 -0.7127 0.3165 -0.0195 0.7880 113.9440 0.0309 0.0263 0.0044 -0.0189 0.0024 -0.0030 0.0308 0.1836 0.1769
1494720000.0000 74850.0000 -0.9328 0.5630 -0.0235 1.0966 121.1113 0.0146 0.0176 0.0053 -0.0017 0.0015 -0.0033 0.0188 0.1026 0.0952
1494720000.0000 75150.0000 -0.7408 0.4232 -0.0160 0.8633 119.7386 0.0176 0.0183 0.0052 -0.0013 0.0009 -0.0025 0.0205 0.1372 0.1282
1494720000.0000 75450.0000 -0.8438 0.5897 -0.0157 1.0435 124.9493 0.0688 0.0138 0.0093 -0.0025 0.0022 -0.0021 0.0460 0.1700 0.1612
1494720000.0000 75750.0000 -0.8638 0.4540 -0.0061 0.9838 117.7236 0.0323 0.0168 0.0087 -0.0061 0.0004 0.0002 0.0289 0.1422 0.1310
1494720000.0000 76050.0000 -0.7428 0.5948 0.0179 0.9655 128.6882 0.0330 0.0228 0.0102 0.0005 0.0050 -0.0040 0.0330 0.1559 0.1434
1494720000.0000 76350.0000 -0.5786 0.4468 0.0051 0.7398 127.6749 0.0219 0.0097 0.0075 -0.0014 0.0005 -0.0030 0.0195 0.1561 0.1404
1494720000.0000 76650.0000 -0.5962 0.3503 -0.0207 0.7079 120.4356 0.0305 0.0250 0.0096 -0.0034 0.0061 -0.0035 0.0325 0.2129 0.1966
1494720000.0000 76950.0000 -0.5036 0.3071 -0.0119 0.6025 121.3765 0.0409 0.0094 0.0062 -0.0064 0.0038 -0.0017 0.0283 0.2327 0.2195
1494720000.0000 77250.0000 -0.4164 0.6050 -0.0161 0.7638 145.4596 0.0381 0.0422 0.0063 0.0044 0.0051 -0.0030 0.0433 0.2313 0.2227
1494720000.0000 77550.0000 -0.6298 0.2446 0.0059 0.6870 111.2256 0.0144 0.0154 0.0073 0.0005 0.0021 -0.0029 0.0185 0.1644 0.1474
1494720000.0000 77850.0000 -0.5461 0.3010 -0.0093 0.6352 118.8657 0.0180 0.0200 0.0082 -0.0055 0.0013 -0.0016 0.0231 0.1991 0.1806
1494720000.0000 78150.0000 -0.6019 0.3131 -0.0220 0.6872 117.4836 0.0309 0.0184 0.0059 -0.0110 0.0014 -0.0026 0.0276 0.1997 0.1889
1494720000.0000 78450.0000 -0.1709 0.1152 -0.0077 0.2412 123.9710 0.0292 0.0154 0.0048 -0.0066 0.0025 -0.0035 0.0247 0.6221 0.5916
1494720000.0000 78750.0000 -0.4593 0.2677 -0.0016 0.5481 120.2324 0.0280 0.0044 0.0016 0.0062 -0.0008 -0.0007 0.0170 0.2003 0.1955
1494720000.0000 79050.0000 -0.3989 -0.0462 -0.0062 0.4310 83.3989 0.0193 0.0222 0.0061 -0.0129 0.0045 -0.0047 0.0238 0.3136 0.2928
1494720000.0000 79350.0000 -0.2503 0.3461 -0.0024 0.4599 144.1195 0.0067 0.0530 0.0040 -0.0050 0.0007 -0.0021 0.0319 0.3412 0.3304
1494720000.0000 79650.0000 -0.3857 0.2460 -0.0146 0.4794 122.5339 0.0117 0.0174 0.0019 0.0063 0.0001 -0.0005 0.0155 0.2221 0.2152
1494720000.0000 79950.0000 -0.4976 0.4267 -0.0173 0.6664 130.6143 0.0127 0.0310 0.0023 -0.0092 0.0013 -0.0022 0.0231 0.1891 0.1842
1494720000.0000 80250.0000 -0.6796 0.1692 0.0137 0.7093 103.9852 0.0155 0.0160 0.0072 -0.0067 0.0024 -0.0027 0.0194 0.1623 0.1464
1494720000.0000 80550.0000 -0.7857 0.5239 0.0013 0.9522 123.6936 0.0230 0.0203 0.0067 -0.0072 0.0031 -0.0014 0.0250 0.1368 0.1273
1494720000.0000 80850.0000 -0.8795 0.3887 -0.0024 0.9731 113.8430 0.0225 0.0237 0.0079 -0.0021 0.0033 -0.0005 0.0271 0.1397 0.1291
1494720000.0000 81150.0000 -0.7782 0.4417 0.0059 0.9058 119.5768 0.0354 0.0232 0.0087 -0.0075 0.0055 -0.0012 0.0336 0.1673 0.1562
1494720000.0000 81450.0000 -0.2858 0.4482 0.0187 0.5572 147.4726 0.0314 0.0211 0.0104 -0.0001 0.0013 -0.0041 0.0314 0.2721 0.2488
1494720000.0000 81750.0000 -0.5272 0.2567 -0.0347 0.5980 115.9644 0.0116 0.0140 0.0054 -0.0002 0.0002 -0.0029 0.0155 0.1731 0.1576
1494720000.0000 82050.0000 -0.3143 0.0673 0.0085 0.3587 102.0835 0.0545 0.0306 0.0052 -0.0280 0.0054 -0.0045 0.0452 0.5397 0.5240
1494720000.0000 82350.0000 -0.4385 0.2845 -0.0022 0.5299 122.9779 0.1115 0.0366 0.0021 -0.0580 -0.0004 0.0000 0.0751 0.4281 0.4250
1494720000.0000 82650.0000 -0.3335 0.2226 0.0163 0.5054 123.7134 0.1692 0.0266 0.0064 -0.0093 0.0140 -0.0025 0.1011 0.6468 0.6370
1494720000.0000 82950.0000 -0.1938 0.5219 -0.0074 0.5858 159.6301 0.0403 0.0328 0.0036 -0.0211 -0.0004 0.0014 0.0383 0.2871 0.2803
1494720000.0000 83250.0000 -0.8363 0.4206 -0.0286 0.9417 116.6982 0.0171 0.0148 0.0055 -0.0064 -0.0007 -0.0010 0.0187 0.1193 0.1102
1494720000.0000 83550.0000 -0.9991 0.4906 -0.0125 1.1248 116.1541 0.0263 0.0248 0.0070 -0.0006 0.0015 -0.0045 0.0290 0.1249 0.1172
1494720000.0000 83850.0000 -0.6819 0.5088 -0.0259 0.8684 126.7244 0.1117 0.0204 0.0065 -0.0228 0.0081 -0.0027 0.0693 0.2525 0.2466
1494720000.0000 84150.0000 -0.7038 0.3823 -0.0336 0.8196 118.5074 0.0678 0.0285 0.0093 -0.0139 0.0059 -0.0062 0.0528 0.2341 0.2238
1494720000.0000 84450.0000 -0.7237 0.5254 0.0093 0.9014 125.9780 0.0198 0.0150 0.0062 -0.0041 0.0004 -0.0018 0.0205 0.1307 0.1205
1494720000.0000 84750.0000 -0.4542 -0.0055 0.0026 0.4811 89.3113 0.0219 0.0230 0.0053 -0.0131 0.0023 -0.0015 0.0251 0.2847 0.2692
1494720000.0000 85050.0000 -0.3331 0.2694 0.0230 0.4696 128.9627 0.0440 0.0174 0.0054 0.0044 0.0012 0.0011 0.0334 0.3477 0.3338
1494720000.0000 85350.0000 -0.3513 0.3646 0.0008 0.5139 136.0640 0.0140 0.0081 0.0032 -0.0040 0.0004 -0.0008 0.0127 0.1815 0.1695
1494720000.0000 85650.0000 -0.7847 0.3323 -0.0073 0.8633 112.9521 0.0229 0.0139 0.0058 0.0037 0.0015 -0.0019 0.0213 0.1397 0.1299
1494720000.0000 85950.0000 -0.7405 0.2946 -0.0001 0.8053 111.6946 0.0206 0.0179 0.0117 -0.0074 0.0042 -0.0019 0.0251 0.1623 0.1421
1494720000.0000 86250.0000 -0.8828 0.5355 -0.0027 1.0383 121.2409 0.0204 0.0178 0.0044 -0.0076 0.0037 -0.0027 0.0213 0.1153 0.1092
1494806400.0000 86550.0000 -0.2492 0.3995 -0.0137 0.5175 148.0443 0.0622 0.0225 0.0050 -0.0179 0.0036 -0.0040 0.0449 0.3672 0.3570
1494806400.0000 86850.0000 -0.5918 0.3054 -0.0177 0.6763 117.3000 0.0186 0.0172 0.0072 -0.0050 0.0006 -0.0031 0.0215 0.1797 0.1641
1494806400.0000 87150.0000 -0.6246 0.2337 -0.0098 0.6792 110.5180 0.0108 0.0199 0.0042 -0.0043 0.0012 -0.0029 0.0175 0.1618 0.1517
1494806400.0000 87450.0000 -0.5016 0.0579 0.0050 0.5197 96.5816 0.0189 0.0156 0.0082 -0.0058 0.0025 -0.0033 0.0213 0.2360 0.2122
1494806400.0000 87750.0000 -0.5108 0.1204 0.0070 0.5526 103.2667 0.0218 0.0326 0.0132 -0.0042 0.0034 -0.0056 0.0338 0.2861 0.2567
1494806400.0000 88050.0000 -0.4997 0.4708 0.0036 0.6972 133.2952 0.0249 0.0257 0.0047 -0.0111 0.0023 -0.0008 0.0276 0.1978 0.1891
1494806400.0000 88350.0000 -0.4412 0.3397 -0.0204 0.5816 127.5937 0.0169 0.0330 0.0061 0.0013 0.0022 0.0005 0.0280 0.2451 0.2316
1494806400.0000 88650.0000 -0.5194 0.5281 -0.0130 0.7736 135.4730 0.0212 0.0417 0.0056 0.0180 0.0023 0.0002 0.0342 0.2039 0.1954
1494806400.0000 88950.0000 -0.4385 0.0913 0.0110 0.4618 101.7655 0.0412 0.0185 0.0054 -0.0207 0.0038 -0.0013 0.0325 0.3285 0.3147
1494806400.0000 89250.0000 -0.2204 0.1641 -0.0195 0.2880 126.6733 0.0285 0.0102 0.0013 -0.0135 0.0006 -0.0007 0.0200 0.4191 0.4135
1494806400.0000 89550.0000 -0.5014 0.2423 -0.0082 0.5596 115.7876 0.0131 0.0070 0.0026 -0.0063 0.0011 -0.0009 0.0114 0.1565 0.1471
1494806400.0000 89850.0000 -0.4778 0.1995 -0.0154 0.5287 112.6571 0.0209 0.0105 0.0060 -0.0013 0.0019 -0.0011 0.0187 0.2155 0.1975
1494806400.0000 90150.0000 -0.3732 0.3527 -0.0183 0.5224 133.3805 0.0131 0.0081 0.0017 -0.0017 0.0012 0.0004 0.0115 0.1701 0.1637
1494806400.0000 90450.0000 -0.6976 0.2799 -0.0181 0.7592 111.8606 0.0268 0.0108 0.0050 -0.0034 0.0036 -0.0033 0.0213 0.1586 0.1490
1494806400.0000 90750.0000 -0.7188 0.5122 0.0122 0.8986 125.4726 0.0339 0.0247 0.0098 0.0008 0.0024 -0.0044 0.0342 0.1710 0.1583
1494806400.0000 91050.0000 -0.7480 0.3166 -0.0270 0.8245 112.9410 0.0153 0.0231 0.0068 -0.0026 0.0021 -0.0027 0.0226 0.1512 0.1394
1494806400.0000 91350.0000 -0.9053 0.4535 -0.0451 1.0174 116.6058 0.0152 0.0136 0.0063 -0.0053 0.0022 -0.0031 0.0175 0.1066 0.0966
1494806400.0000 91650.0000 -0.8253 0.2145 -0.0049 0.8633 104.5712 0.0209 0.0220 0.0096 -0.0078 0.0053 -0.0056 0.0262 0.1551 0.1402
1494806400.0000 91950.0000 -1.1024 0.4864 -0.0290 1.2136 113.8057 0.0415 0.0334 0.0108 -0.0208 0.0056 -0.0031 0.0429 0.1402 0.1311
1494806400.0000 92250.0000 -1.0984 0.7294 -0.0264 1.3264 123.5847 0.0451 0.0180 0.0086 -0.0068 0.0073 -0.0049 0.0358 0.1172 0.1100
1494806400.0000 92550.0000 -0.5415 0.7263 0.0182 0.9188 143.2909 0.0245 0.0326 0.0109 -0.0027 0.0048 -0.0027 0.0340 0.1662 0.1523
1494806400.0000 92850.0000 -0.6544 0.3984 -0.0142 0.7956 121.3322 0.0357 0.0700 0.0130 -0.0081 0.0044 -0.0060 0.0594 0.2597 0.2450
1494806400.0000 93150.0000 -0.5348 0.3389 -0.0033 0.6499 122.3604 0.0520 0.0318 0.0127 -0.0174 0.0032 -0.0059 0.0482 0.2832 0.2639
1494806400.0000 93450.0000 -0.3560 0.2208 -0.0348 0.4374 121.8013 0.0360 0.0288 0.0106 -0.0162 0.0070 -0.0051 0.0377 0.3772 0.3510
1494806400.0000 93750.0000 -0.7145 0.2608 0.0013 0.7959 110.0533 0.0367 0.0607 0.0190 -0.0138 0.0073 -0.0107 0.0582 0.2589 0.2369
1494806400.0000 94050.0000 -0.7997 0.3590 0.0149 0.9089 114.1792 0.0788 0.0736 0.0228 -0.0283 0.0054 -0.0158 0.0876 0.2756 0.2571
1494806400.0000 94350.0000 -0.9093 0.6714 0.0127 1.1521 126.4429 0.0639 0.0412 0.0214 0.0022 0.0047 -0.0095 0.0633 0.1817 0.1656
1494806400.0000 94650.0000 -0.9078 0.6257 0.0103 1.1316 124.5775 0.1453 0.0549 0.0196 -0.0174 0.0011 -0.0063 0.1099 0.2455 0.2343
1494806400.0000 94950.0000 -0.7539 0.7266 -0.0106 1.0861 133.9453 0.0700 0.0925 0.0210 0.0126 0.0038 -0.0012 0.0917 0.2361 0.2222
1494806400.0000 95250.0000 -1.0907 0.6309 -0.0040 1.3058 120.0495 0.0690 0.1163 0.0215 0.0156 0.0034 -0.0090 0.1034 0.2084 0.1972
1494806400.0000 95550.0000 -0.9852 0.9512 -0.0269 1.4064 133.9929 0.0902 0.0806 0.0245 0.0164 0.0127 -0.0019 0.0977 0.1863 0.1742
1494806400.0000 95850.0000 -1.2309 0.9443 -0.0374 1.5779 127.4950 0.0845 0.0668 0.0367 0.0121 0.0033 -0.0133 0.0940 0.1613 0.1447
1494806400.0000 96150.0000 -1.4461 0.8744 -0.0012 1.7075 121.1584 0.1866 0.0463 0.0244 -0.0266 -0.0070 -0.0071 0.1287 0.1733 0.1649
1494806400.0000 96450.0000 -1.5909 0.9605 -0.0483 1.8704 121.1213 0.1184 0.0505 0.0269 -0.0281 0.0026 -0.0098 0.0979 0.1374 0.1277
1494806400.0000 96750.0000 -0.9259 0.7968 0.0296 1.2515 130.7161 0.0708 0.0659 0.0199 0.0071 0.0085 -0.0052 0.0783 0.1870 0.1747
1494806400.0000 97050.0000 -1.1559 0.6523 -0.0066 1.3440 119.4365 0.1143 0.0438 0.0239 -0.0220 0.0060 -0.0084 0.0910 0.1856 0.1729
1494806400.0000 97350.0000 -1.5721 0.7879 -0.0143 1.7696 116.6190 0.0446 0.0365 0.0196 -0.0006 0.0033 -0.0094 0.0504 0.1042 0.0935
1494806400.0000 97650.0000 -1.3489 1.0568 -0.0052 1.7431 128.0776 0.1017 0.0880 0.0323 0.0159 0.0047 -0.0118 0.1110 0.1587 0.1467
1494806400.0000 97950.0000 -1.4304 1.0455 -0.0433 1.7990 126.1637 0.1300 0.0763 0.0300 0.0009 0.0159 -0.0105 0.1182 0.1584 0.1480
1494806400.0000 98250.0000 -0.7361 0.5030 0.0018 0.9242 124.3436 0.0547 0.0652 0.0139 -0.0033 0.0044 -0.0071 0.0669 0.2368 0.2242
1494806400.0000 98550.0000 -0.3621 0.0721 0.0372 0.4488 101.2676 0.1079 0.0447 0.0106 -0.0210 -0.0004 -0.0016 0.0816 0.6285 0.6108
1494806400.0000 98850.0000 -0.6915 0.3939 -0.0557 0.8198 119.6681 0.1113 0.0454 0.0107 -0.0365 0.0104 -0.0070 0.0837 0.2961 0.2872
1494806400.0000 99150.0000 -0.6855 0.3558 -0.0332 0.8076 117.4344 0.0844 0.0870 0.0141 -0.0613 0.0072 -0.0048 0.0927 0.3217 0.3095
1494806400.0000 99450.0000 -0.2736 0.5603 -0.0136 0.6408 153.9755 0.0256 0.0311 0.0080 -0.0088 0.0053 -0.0042 0.0324 0.2355 0.2204
1494806400.0000 99750.0000 -0.3964 0.6916 -0.0272 0.8084 150.1795 0.0139 0.0184 0.0066 0.0031 0.0040 0.0009 0.0195 0.1428 0.1301
1494806400.0000 100050.0000 -0.7795 0.2842 -0.0257 0.8506 110.0333 0.0460 0.0428 0.0084 -0.0152 0.0014 -0.0057 0.0486 0.2169 0.2075
1494806400.0000 100350.0000 -0.3929 0.2904 -0.0261 0.5342 126.4716 0.0414 0.0342 0.0069 0.0135 0.0026 -0.0016 0.0412 0.3389 0.3249
1494806400.0000 100650.0000 -0.6073 0.4800 0.0004 0.8076 128.3198 0.0791 0.0466 0.0190 -0.0036 0.0044 -0.0073 0.0724 0.2837 0.2644
1494806400.0000 100950.0000 -0.4714 0.4866 -0.0342 0.6907 135.9128 0.0478 0.0221 0.0053 -0.0159 0.0008 -0.0008 0.0376 0.2333 0.2252
1494806400.0000 101250.0000 -0.1388 0.1919 0.0390 0.3089 144.1218 0.0572 0.0157 0.0123 -0.0088 0.0139 -0.0005 0.0426 0.7023 0.6583
1494806400.0000 101550.0000 -0.0470 0.2022 -0.0151 0.2588 166.9118 0.0136 0.0322 0.0046 0.0028 0.0028 -0.0004 0.0252 0.6223 0.5946
1494806400.0000 101850.0000 -0.1578 0.2389 0.0360 0.3260 146.5574 0.0302 0.0587 0.0113 -0.0154 0.0002 0.0073 0.0501 0.6337 0.6015
1494806400.0000 102150.0000 -0.3820 0.4412 0.0100 0.6098 139.1149 0.0402 0.0405 0.0107 -0.0069 0.0059 -0.0026 0.0457 0.2990 0.2811
1494806400.0000 102450.0000 -0.4208 0.2562 -0.0250 0.5118 121.3312 0.0553 0.0234 0.0066 -0.0205 -0.0045 0.0004 0.0427 0.3418 0.3287
1494806400.0000 102750.0000 -0.6838 0.5015 0.0133 0.8649 126.2581 0.0534 0.0370 0.0158 -0.0153 0.0066 -0.0061 0.0531 0.2219 0.2047
1494806400.0000 103050.0000 -0.2386 0.2116 -0.0176 0.3433 131.5631 0.0263 0.0167 0.0044 -0.0044 0.0028 -0.0021 0.0237 0.3936 0.3753
1494806400.0000 103350.0000 -0.6339 0.3542 0.0075 0.7760 119.1974 0.0981 0.0876 0.0233 -0.0210 0.0186 -0.0035 0.1044 0.3634 0.3426
1494806400.0000 103650.0000 -1.2701 0.4165 0.0070 1.3648 108.1571 0.1614 0.1003 0.0411 -0.0569 0.0386 -0.0334 0.1514 0.2377 0.2210
1494806400.0000 103950.0000 -0.8153 0.5485 0.0232 1.0074 123.9293 0.0723 0.0396 0.0189 -0.0029 0.0087 -0.0016 0.0654 0.2125 0.1966
1494806400.0000 104250.0000 -0.8445 0.5019 -0.0292 1.0102 120.7220 0.1078 0.0412 0.0165 -0.0084 0.0183 -0.0057 0.0827 0.2390 0.2268
1494806400.0000 104550.0000 -0.7508 0.4026 -0.0786 0.9305 118.1997 0.0953 0.1724 0.0247 -0.0351 0.0232 -0.0011 0.1462 0.3649 0.3506
1494806400.0000 104850.0000 -0.9309 0.5108 -0.0077 1.0798 118.7530 0.0778 0.0643 0.0148 -0.0360 0.0066 -0.0062 0.0785 0.2154 0.2050
1494806400.0000 105150.0000 -0.9238 0.5984 0.0071 1.1241 122.9340 0.1085 0.0465 0.0233 -0.0210 0.0169 -0.0170 0.0891 0.2214 0.2065
1494806400.0000 105450.0000 -0.7797 0.3961 0.0186 0.9060 116.9305 0.1974 0.0454 0.0179 -0.0358 0.0183 -0.0084 0.1303 0.3370 0.3253
1494806400.0000 105750.0000 -0.2783 0.0449 -0.0151 0.4265 99.1721 0.0637 0.0856 0.0153 -0.0341 0.0064 -0.0065 0.0823 0.8300 0.7915
1494806400.0000 106050.0000 -0.0048 -0.0518 0.0157 0.1939 5.2636 0.0324 0.0207 0.0038 0.0095 0.0019 -0.0028 0.0285 2.5333 2.5566
1494806400.0000 106350.0000 -0.2596 0.2659 -0.0169 0.4268 135.6870 0.0400 0.0226 0.0020 0.0135 0.0022 -0.0012 0.0323 0.3946 0.3888
1494806400.0000 106650.0000 -0.2522 0.1730 0.0241 0.3552 124.4594 0.0424 0.0286 0.0043 -0.0253 0.0066 -0.0028 0.0377 0.5166 0.5033
1494806400.0000 106950.0000 0.1871 -0.0736 -0.0102 0.2445 291.4733 0.0184 0.0223 0.0030 -0.0125 -0.0007 -0.0004 0.0219 0.6003 0.5799
1494806400.0000 107250.0000 -0.2179 0.2336 0.0007 0.3649 136.9819 0.0317 0.0253 0.0048 -0.0024 0.0022 0.0001 0.0309 0.4495 0.4316
1494806400.0000 107550.0000 -0.4936 0.2041 0.0182 0.5904 112.4664 0.0293 0.0625 0.0099 -0.0066 0.0056 -0.0072 0.0508 0.3445 0.3274
1494806400.0000 107850.0000 -0.6352 0.2288 0.0417 0.7643 109.8125 0.1707 0.0761 0.0188 0.0372 -0.0004 -0.0103 0.1328 0.4399 0.4249
1494806400.0000 108150.0000 -0.8724 0.5958 0.0440 1.0930 124.3340 0.1284 0.1404 0.0169 -0.0593 0.0124 -0.0029 0.1428 0.2918 0.2833
1494806400.0000 108450.0000 -1.1917 0.9501 -0.0221 1.5581 128.5639 0.1717 0.0398 0.0280 0.0120 0.0191 -0.0043 0.1197 0.1853 0.1742
1494806400.0000 108750.0000 -0.8836 1.0556 0.0248 1.4260 140.0701 0.2076 0.1519 0.0303 -0.0506 0.0291 -0.0116 0.1949 0.2618 0.2515
1494806400.0000 109050.0000 -0.9862 1.4527 0.0028 1.8046 145.8277 0.1966 0.1741 0.0529 -0.0055 0.0344 -0.0164 0.2118 0.2140 0.2002
1494806400.0000 109350.0000 -0.7198 0.8472 0.0056 1.2094 139.6472 0.2820 0.2045 0.0633 -0.0248 0.0401 -0.0108 0.2749 0.3851 0.3622
1494806400.0000 109650.0000 -0.8431 0.9405 0.0127 1.3395 138.1242 0.1293 0.2246 0.0641 0.0309 0.0150 -0.0298 0.2090 0.2955 0.2719
1494806400.0000 109950.0000 -0.5966 0.5721 0.0626 0.8873 133.7991 0.0926 0.1522 0.0436 -0.0200 0.0175 -0.0222 0.1442 0.3740 0.3456
1494806400.0000 110250.0000 0.0213 -0.1018 0.0553 0.2850 348.2076 0.0466 0.0540 0.0237 -0.0247 -0.0112 0.0105 0.0621 1.7277 1.7606
1494806400.0000 110550.0000 0.0077 -0.1846 -0.0019 0.3654 357.6093 0.0852 0.0399 0.0123 -0.0169 0.0049 0.0011 0.0687 1.1582 1.1054
1494806400.0000 110850.0000 -0.0856 0.2136 0.0236 0.4228 158.1738 0.1213 0.1645 0.0425 -0.0656 0.0277 -0.0223 0.1641 1.4300 1.3413
1494806400.0000 111150.0000 -0.6212 0.4321 0.0101 0.9620 124.8197 0.3018 0.3538 0.0693 -0.0790 0.0369 -0.0304 0.3625 0.6495 0.6178
1494806400.0000 111450.0000 -0.8952 1.2426 -0.0695 1.5929 144.2305 0.1893 0.3260 0.0756 -0.0502 0.0324 -0.0581 0.2954 0.2895 0.2706
1494806400.0000 111750.0000 -1.2503 1.2836 -0.1292 1.8608 135.7526 0.2964 0.2251 0.1040 -0.0193 0.0669 -0.0109 0.3128 0.2542 0.2327
1494806400.0000 112050.0000 -1.1051 1.7311 -0.0532 2.1067 147.4463 0.1660 0.2241 0.1419 0.0204 0.0479 -0.0298 0.2660 0.2050 0.1756
1494806400.0000 112350.0000 -1.1397 1.5114 -0.1168 1.9729 142.9820 0.3051 0.2658 0.1461 0.0036 0.0845 -0.0165 0.3585 0.2578 0.2305
1494806400.0000 112650.0000 -1.1051 1.3748 -0.0104 1.8540 141.2073 0.2581 0.2870 0.0940 0.0584 0.0326 -0.0054 0.3195 0.2617 0.2417
1494806400.0000 112950.0000 -1.8282 1.6790 -0.1309 2.5549 132.5646 0.6415 0.2752 0.1634 -0.0834 0.0922 -0.0503 0.5401 0.2414 0.2227
1494806400.0000 113250.0000 -1.3820 1.5028 -0.0661 2.1559 137.3978 0.5137 0.2895 0.2128 0.0625 0.1546 -0.0028 0.5080 0.2849 0.2534
1494806400.0000 113550.0000 -1.5303 1.4012 -0.0388 2.1630 132.4774 0.4878 0.3121 0.1213 0.0025 0.0634 -0.0036 0.4606 0.2670 0.2489
1494806400.0000 113850.0000 -1.6887 0.8870 -0.1399 2.0976 117.7103 0.7463 0.8241 0.2471 -0.2255 0.1638 0.0727 0.9087 0.4069 0.3793
1494806400.0000 114150.0000 -1.4114 0.8883 -0.1115 1.7846 122.1856 0.4732 0.2674 0.1304 0.0404 0.1019 0.0029 0.4355 0.3224 0.2979
1494806400.0000 114450.0000 -1.3957 1.2887 -0.0845 1.9865 132.7157 0.3094 0.3034 0.1279 0.0367 0.0467 0.0171 0.3703 0.2613 0.2379
1494806400.0000 114750.0000 -1.3816 1.1036 -0.0369 1.8698 128.6155 0.2658 0.3213 0.1331 0.0281 0.0189 0.0003 0.3601 0.2770 0.2502
1494806400.0000 115050.0000 -0.8525 1.4105 -0.0787 1.7316 148.8513 0.3016 0.3240 0.0923 -0.0967 0.0411 -0.0457 0.3589 0.2965 0.2771
1494806400.0000 115350.0000 -0.4603 0.3224 -0.0172 0.6780 125.0130 0.1267 0.1777 0.0649 -0.0378 0.0172 -0.0151 0.1847 0.6240 0.5669
1494806400.0000 115650.0000 -0.8456 1.0987 -0.1464 1.4535 142.4158 0.1464 0.2379 0.0901 0.0015 0.0288 -0.0322 0.2372 0.2853 0.2582
1494806400.0000 115950.0000 -0.6803 1.2010 -0.0700 1.4551 150.4729 0.2319 0.2177 0.0869 -0.0324 0.0397 -0.0281 0.2683 0.3060 0.2805
1494806400.0000 116250.0000 -0.9425 0.9947 0.0485 1.5665 136.5449 0.5259 0.4812 0.1437 -0.0366 0.0716 -0.0501 0.5754 0.4517 0.4228
1494806400.0000 116550.0000 -0.8799 0.8213 0.0648 1.3823 133.0279 0.4189 0.5469 0.2035 -0.0302 0.0630 -0.0046 0.5847 0.5179 0.4714
1494806400.0000 116850.0000 -0.9362 0.5384 0.0884 1.2609 119.9041 0.3066 0.4688 0.1392 -0.0571 0.0115 0.0073 0.4573 0.5096 0.4708
1494806400.0000 117150.0000 -1.4624 1.0402 -0.1217 1.9743 125.4226 0.7892 0.5409 0.3195 -0.0001 0.1758 0.0598 0.8248 0.4122 0.3710
1494806400.0000 117450.0000 -1.0650 0.6822 -0.1427 1.4561 122.6435 0.3520 0.5534 0.1952 0.0671 0.0705 0.0440 0.5503 0.4759 0.4344
1494806400.0000 117750.0000 -1.0577 1.0362 0.0475 1.5889 134.4120 0.4792 0.4327 0.1494 -0.1497 0.0011 -0.0335 0.5306 0.4015 0.3723
1494806400.0000 118050.0000 -0.9010 0.6647 0.0070 1.2273 126.4155 0.3676 0.2314 0.1367 -0.0267 0.0995 -0.0231 0.3679 0.4423 0.3991
1494806400.0000 118350.0000 -0.8716 0.5342 -0.0665 1.4516 121.5043 1.0360 0.6441 0.3172 -0.1404 0.2629 -0.0119 0.9987 0.7964 0.7320
1494806400.0000 118650.0000 -1.2954 0.7378 -0.0717 1.7216 119.6632 0.7906 0.7003 0.2642 -0.0849 0.1092 0.0382 0.8776 0.5125 0.4729
1494806400.0000 118950.0000 -0.7498 0.5419 -0.1982 1.3733 125.8551 0.6505 0.9156 0.3036 -0.1682 0.1578 -0.0955 0.9349 0.8344 0.7810
1494806400.0000 119250.0000 -0.9602 0.0433 -0.1633 1.2617 92.5795 0.3421 0.6756 0.1752 -0.2197 0.0229 0.0284 0.5965 0.6468 0.6060
1494806400.0000 119550.0000 -1.2369 0.4172 -0.1405 1.5202 108.6370 0.4505 0.6111 0.2089 -0.0594 0.0761 0.0835 0.6353 0.4957 0.4557
1494806400.0000 119850.0000 -1.2601 0.5471 -0.0758 1.6371 113.4699 1.0394 0.6220 0.3032 -0.0879 0.3014 0.0942 0.9823 0.5882 0.5417
1494806400.0000 120150.0000 -1.3863 0.5206 -0.1685 1.6866 110.5806 0.6698 0.5049 0.2096 -0.2438 0.0990 0.0573 0.6921 0.4558 0.4226
1494806400.0000 120450.0000 -1.5748 0.8110 -0.1633 1.9036 117.2496 0.9015 0.3259 0.2318 -0.1008 0.1372 -0.0291 0.7296 0.3920 0.3611
1494806400.0000 120750.0000 -0.3323 -0.5194 -0.0427 1.3978 32.6096 1.2467 0.7741 0.3096 -0.5714 -0.2213 0.3292 1.1652 1.4259 1.3310
1494806400.0000 121050.0000 -0.4329 -0.1559 -0.1818 0.9048 70.1975 0.6740 0.3089 0.1208 -0.0619 0.1044 0.0528 0.5518 1.2259 1.2439
1494806400.0000 121350.0000 -0.6908 0.4347 0.0344 1.0544 122.1801 0.8197 0.2265 0.1530 -0.1995 0.1716 0.0113 0.5996 0.7740 0.7235
1494806400.0000 121650.0000 -0.1823 -0.0925 -0.1045 0.7315 63.0905 0.3733 0.3121 0.1394 0.0600 0.0020 0.0480 0.4124 2.2842 2.3385
1494806400.0000 121950.0000 -0.6871 0.3464 0.0660 1.2953 116.7579 1.3257 0.3201 0.2356 0.1130 0.2438 0.0834 0.9407 1.0254 0.9625
1494806400.0000 122250.0000 -1.1232 0.4100 0.0826 1.5205 110.0536 0.7870 0.4995 0.2795 0.1111 0.2427 0.1234 0.7830 0.6028 0.5476
1494806400.0000 122550.0000 -1.0610 0.5021 0.0199 1.3439 115.3256 0.3174 0.3258 0.2117 0.0376 0.0976 0.0092 0.4274 0.4547 0.3945
1494806400.0000 122850.0000 -0.2497 -0.1467 0.0595 0.9168 59.5671 0.6492 0.5808 0.1315 0.1048 0.0298 0.0796 0.6808 2.2784 2.2107
1494806400.0000 123150.0000 -0.1369 0.0858 -0.1044 0.8555 122.0843 0.7245 0.2881 0.1768 -0.0847 0.0439 0.0457 0.5947 3.2735 3.5957
1494806400.0000 123450.0000 -0.0013 0.0479 -0.0248 0.8327 178.4837 0.5364 0.2537 0.1060 0.0146 -0.0214 -0.0155 0.4481 10.1271 10.7117
1494806400.0000 123750.0000 -0.2366 -0.0716 -0.0541 0.9680 73.1566 0.6295 0.4523 0.2156 0.0462 0.2081 0.0782 0.6487 2.5992 2.4296
1494806400.0000 124050.0000 -1.4073 0.7102 -0.1027 1.7473 116.7768 0.9495 0.5054 0.1858 -0.2252 0.1469 -0.0431 0.8204 0.4681 0.4418
1494806400.0000 124350.0000 -0.7613 -0.0130 -0.1487 1.3221 89.0222 0.7849 0.7724 0.2987 0.1697 0.1092 0.0554 0.9280 1.0138 0.9462
1494806400.0000 124650.0000 -0.8723 0.0180 -0.1648 1.5448 91.1833 1.6723 0.4519 0.2400 -0.1909 0.2895 0.0547 1.1821 0.9997 0.9644
1494806400.0000 124950.0000 0.1727 -0.5939 -0.1715 0.8506 343.7891 0.2265 0.4152 0.1631 -0.0583 0.0101 0.0669 0.4024 0.8070 0.7478
1494806400.0000 125250.0000 -0.1381 -0.0711 -0.0508 0.6783 62.7659 0.4815 0.1690 0.0961 -0.0949 0.0653 0.0025 0.3733 3.0524 2.9973
1494806400.0000 125550.0000 0.3616 1.0099 0.2207 1.3075 199.6976 0.4362 0.4948 0.1658 0.0878 -0.0390 0.0188 0.5484 0.5521 0.5193
1494806400.0000 125850.0000 0.0352 0.3619 0.0888 0.6588 185.5585 0.3209 0.1810 0.1410 -0.0115 -0.0134 0.0258 0.3215 1.2370 1.1251
1494806400.0000 126150.0000 -0.0236 -0.1947 -0.0538 0.7679 6.9145 0.5522 0.2061 0.1034 -0.0544 -0.0166 -0.0085 0.4308 2.6357 2.5640
1494806400.0000 126450.0000 -0.8309 0.6899 0.1328 1.2145 129.7020 0.7168 0.2627 0.1242 -0.2200 0.0524 -0.0358 0.5519 0.5574 0.5291
1494806400.0000 126750.0000 -1.1007 0.8399 0.1848 1.5182 127.3439 0.6653 0.2256 0.2710 -0.0497 0.1816 -0.0270 0.5810 0.4455 0.3936
1494806400.0000 127050.0000 -1.2011 0.7572 0.0166 1.6748 122.2297 1.2201 0.2330 0.2124 0.0754 0.1796 0.0524 0.8328 0.5247 0.4902
1494806400.0000 127350.0000 -0.0799 0.8343 0.2002 1.0253 174.5301 0.4294 0.2397 0.1934 -0.0695 0.0914 -0.0149 0.4312 0.6222 0.5635
1494806400.0000 127650.0000 -0.6564 0.0598 0.1437 1.0016 95.2084 0.6853 0.4001 0.1762 -0.0639 0.1414 0.0203 0.6308 0.9613 0.9126
1494806400.0000 127950.0000 -0.9596 0.7429 0.2352 1.5126 127.7477 1.4023 0.3204 0.2407 -0.0459 0.0853 -0.0754 0.9817 0.6545 0.6244
1494806400.0000 128250.0000 0.0338 0.8418 0.1753 1.1557 182.2962 0.7442 0.3355 0.1470 0.1442 -0.0169 0.0063 0.6133 0.7431 0.7121
1494806400.0000 128550.0000 -0.1516 0.1306 -0.0146 0.9539 130.7370 1.1734 0.3818 0.2294 -0.2498 -0.0486 -0.0332 0.8923 3.8444 3.5984
1494806400.0000 128850.0000 -1.5289 0.9974 -0.0166 1.9693 123.1198 0.9800 0.2331 0.2195 -0.0648 0.0456 -0.0411 0.7163 0.3785 0.3484
1494806400.0000 129150.0000 -0.8286 0.6132 -0.2568 1.3379 126.5016 1.0192 0.3373 0.2462 -0.0986 0.1424 0.1193 0.8014 0.6880 0.6523
1494806400.0000 129450.0000 0.4520 0.5177 0.0391 1.0052 221.1280 0.5807 0.1693 0.1869 -0.0217 -0.0463 -0.0059 0.4684 0.8118 0.7275
1494806400.0000 129750.0000 -0.9123 0.5844 0.0207 1.2745 122.6433 0.9636 0.3244 0.1544 -0.1204 0.1242 -0.0217 0.7212 0.6399 0.6048
1494806400.0000 130050.0000 -1.6152 0.5779 0.0197 1.8427 109.6878 0.8306 0.3911 0.1974 -0.0710 0.1271 -0.0491 0.7096 0.4009 0.3720
1494806400.0000 130350.0000 -0.9687 0.8116 0.0003 1.3469 129.9563 0.3591 0.2196 0.1034 -0.0605 0.0465 0.0013 0.3410 0.3773 0.3475
1494806400.0000 130650.0000 -1.2834 1.0652 -0.0852 1.7465 129.6904 0.4956 0.1865 0.1370 -0.0619 0.1104 -0.0085 0.4095 0.3129 0.2859
1494806400.0000 130950.0000 -0.8548 -0.2873 0.0454 1.0946 71.4196 0.2684 0.3968 0.1799 -0.0278 0.0526 0.0346 0.4225 0.5878 0.5222
1494806400.0000 131250.0000 -0.3458 0.2371 0.0492 0.8030 124.4378 0.6663 0.1763 0.0914 -0.1853 -0.0501 -0.0060 0.4670 1.3218 1.2641
1494806400.0000 131550.0000 -0.4257 -0.0702 0.0611 0.7618 80.6335 0.1988 0.3655 0.0992 0.0766 0.0279 -0.0163 0.3318 1.0793 1.0053
1494806400.0000 131850.0000 -0.5343 0.2643 0.1040 0.8690 116.3210 0.2492 0.3846 0.1380 0.0360 0.0702 0.0625 0.3859 0.8383 0.7711
1494806400.0000 132150.0000 -0.4771 0.3616 -0.0493 0.7197 127.1624 0.2702 0.1317 0.1119 -0.0702 0.0456 -0.0099 0.2569 0.6890 0.6114
1494806400.0000 132450.0000 -0.5407 0.1879 0.1234 0.8650 109.1614 0.3101 0.3106 0.0785 0.0012 0.0470 0.0089 0.3497 0.8245 0.7947
1494806400.0000 132750.0000 -1.6962 0.5608 -0.0995 1.8930 108.2967 1.0490 0.1858 0.1357 -0.0681 0.1765 -0.0137 0.6853 0.3778 0.3591
1494806400.0000 133050.0000 -0.7307 0.3742 -0.0793 0.9212 117.1177 0.4049 0.1368 0.0727 -0.0729 0.0631 -0.0079 0.3072 0.5488 0.5177
1494806400.0000 133350.0000 0.3129 0.0575 -0.1432 0.3695 259.5821 0.0376 0.0281 0.0244 0.0084 0.0057 0.0050 0.0451 0.4969 0.4653
1494806400.0000 133650.0000 0.0944 -0.4719 -0.0107 0.6096 348.6894 0.1200 0.0828 0.0656 0.0208 0.0184 0.0261 0.1342 0.6213 0.5402
1494806400.0000 133950.0000 -0.1084 -0.0677 -0.1516 0.4058 58.0069 0.0989 0.1228 0.0430 -0.0107 0.0006 0.0224 0.1323 1.4983 2.1273
1494806400.0000 134250.0000 -0.0550 0.2412 0.1482 0.7664 167.1556 0.5471 0.1722 0.1126 -0.0735 -0.0124 0.0039 0.4159 1.8258 1.9789
1494806400.0000 134550.0000 -0.0022 0.2559 0.1511 0.7519 179.5055 0.4916 0.2995 0.1196 -0.1073 -0.0039 0.0051 0.4553 1.8541 2.0069
1494806400.0000 134850.0000 -0.1968 0.8453 0.2022 1.2902 166.8954 0.8941 0.2645 0.2327 0.2614 -0.0089 -0.0626 0.6956 0.7642 0.7160
1494806400.0000 135150.0000 0.0321 -0.0952 -0.0465 0.8091 341.3766 0.6334 0.2619 0.1212 0.2171 0.0562 0.0746 0.5082 5.2588 5.4392
1494806400.0000 135450.0000 -0.3194 0.3491 -0.0439 0.8182 137.5444 0.4861 0.2686 0.1038 -0.1795 -0.0529 0.0771 0.4292 1.1256 1.0599
1494806400.0000 135750.0000 0.4029 -0.7660 -0.1387 1.3331 332.2577 1.2394 0.3014 0.1563 0.1064 0.1016 0.0531 0.8486 0.8580 0.8280
1494806400.0000 136050.0000 1.8417 -0.6484 -0.0270 2.1377 289.3943 0.3911 0.7109 0.1207 -0.3081 -0.0580 -0.0157 0.6113 0.3269 0.3104
1494806400.0000 136350.0000 -0.5470 0.3759 0.0238 0.8715 124.4986 0.6088 0.2071 0.1215 -0.0421 0.0242 0.0172 0.4687 0.8416 0.7857
1494806400.0000 136650.0000 -0.8401 0.3652 0.0716 1.2340 113.4947 1.2809 0.5180 0.1869 -0.4872 0.2423 -0.0463 0.9929 0.8855 0.8454
1494806400.0000 136950.0000 -0.1614 0.5816 0.1239 0.7460 164.4848 0.1886 0.2254 0.0935 -0.1063 0.0184 -0.0120 0.2537 0.6675 0.6154
1494806400.0000 137250.0000 0.4957 0.2344 0.0688 0.9514 244.6944 0.5871 0.2180 0.1142 -0.1373 -0.0428 0.0119 0.4596 1.0016 0.9447
1494806400.0000 137550.0000 1.1201 0.2756 -0.1009 1.2363 256.1749 0.1603 0.2049 0.0757 0.0333 -0.0378 -0.0456 0.2204 0.3311 0.3025
1494806400.0000 137850.0000 1.1282 -0.7467 -0.0170 1.4563 303.4968 0.1794 0.2576 0.0973 0.0481 -0.0225 0.0309 0.2672 0.3119 0.2821
1494806400.0000 138150.0000 0.5518 -0.5415 -0.1258 0.8328 314.4585 0.0683 0.1396 0.0677 -0.0266 0.0029 -0.0117 0.1378 0.3869 0.3404
1494806400.0000 138450.0000 0.2265 0.2594 0.0421 0.6280 221.1313 0.0787 0.3081 0.1159 -0.0188 -0.0279 -0.0149 0.2514 1.1799 1.0426
1494806400.0000 138750.0000 0.5260 -0.0039 0.0078 0.7345 270.4233 0.3725 0.1098 0.0579 -0.0282 -0.0739 0.0018 0.2701 0.8065 0.7622
1494806400.0000 139050.0000 0.5078 -0.2063 0.0325 0.6671 292.1057 0.1489 0.1049 0.0364 -0.0761 -0.0052 0.0039 0.1451 0.5664 0.5306
1494806400.0000 139350.0000 -0.1182 0.4061 0.1224 0.8277 163.7702 0.5216 0.0824 0.0437 0.0320 0.0070 0.0004 0.3238 1.0552 1.0608
1494806400.0000 139650.0000 -0.9357 0.7418 -0.0022 1.2748 128.4065 0.1750 0.2134 0.0859 -0.0053 0.0450 -0.0350 0.2372 0.3330 0.3013
1494806400.0000 139950.0000 -0.6780 0.4399 -0.0693 0.8438 122.9791 0.1070 0.0584 0.0556 -0.0265 0.0253 -0.0090 0.1105 0.3347 0.2906
1494806400.0000 140250.0000 -1.0376 0.3649 -0.0829 1.1573 109.3768 0.1490 0.1266 0.0690 -0.0275 -0.0174 0.0114 0.1723 0.3073 0.2756
1494806400.0000 140550.0000 -0.2400 0.2404 0.0435 0.4273 135.0402 0.0947 0.0418 0.0347 -0.0053 -0.0222 -0.0094 0.0856 0.6974 0.6277
1494806400.0000 140850.0000 0.0500 -0.0098 0.0918 0.2516 281.1208 0.0575 0.0268 0.0162 -0.0034 0.0080 -0.0038 0.0503 1.7433 3.2921
1494806400.0000 141150.0000 0.3543 0.0594 0.0546 0.4038 260.4854 0.0413 0.0401 0.0229 0.0075 -0.0063 -0.0034 0.0521 0.5130 0.4584
1494806400.0000 141450.0000 -0.2823 0.3013 0.0893 0.5507 136.8585 0.1180 0.1062 0.0784 0.0005 0.0042 0.0077 0.1513 0.7518 0.6620
1494806400.0000 141750.0000 -0.0891 0.6033 0.0582 0.6978 171.6023 0.1121 0.1259 0.0549 -0.0286 0.0129 -0.0118 0.1465 0.5101 0.4619
1494806400.0000 142050.0000 -1.0077 1.1598 0.0183 1.6133 139.0150 0.3910 0.1552 0.0861 -0.0542 0.0694 -0.0331 0.3161 0.2988 0.2777
1494806400.0000 142350.0000 -0.5552 0.1372 -0.0907 0.7744 103.8807 0.3075 0.1729 0.1014 -0.0666 0.1030 0.0099 0.2909 0.7605 0.6997
1494806400.0000 142650.0000 0.3488 -0.0085 0.2150 0.4767 271.4017 0.2824 0.0541 0.0501 -0.0134 -0.0582 -0.0079 0.1933 0.8759 0.9599
1494806400.0000 142950.0000 0.7596 0.1349 0.0655 0.8250 259.9278 0.1822 0.0727 0.0518 0.0100 -0.0578 -0.0086 0.1534 0.4130 0.3779
1494806400.0000 143250.0000 0.8397 0.0492 -0.0072 0.8985 266.6479 0.2241 0.1046 0.0983 -0.0164 -0.0356 -0.0093 0.2135 0.4485 0.3935
1494806400.0000 143550.0000 1.1541 -0.4246 0.0494 1.3251 290.2007 0.3256 0.2969 0.1177 -0.0684 -0.0272 0.0277 0.3701 0.4036 0.3704
1494806400.0000 143850.0000 1.2583 -0.3643 -0.1387 1.3874 286.1460 0.4671 0.2467 0.1054 -0.0720 0.0067 -0.0072 0.4096 0.3967 0.3724
1494806400.0000 144150.0000 0.4755 -0.6222 -0.1019 0.9910 322.6100 0.2440 0.2501 0.0821 0.1066 0.0294 0.0358 0.2881 0.5550 0.5183
1494806400.0000 144450.0000 0.9339 -0.1260 -0.1170 1.0480 277.6819 0.2073 0.1683 0.0721 -0.0395 -0.0383 0.0144 0.2239 0.4068 0.3755
1494806400.0000 144750.0000 0.0018 0.2775 0.1163 0.3552 180.3691 0.0426 0.0899 0.0486 0.0039 0.0034 -0.0073 0.0905 0.8164 0.7571
1494806400.0000 145050.0000 -0.6061 0.0408 0.0676 0.7280 93.8559 0.3824 0.0916 0.0988 0.0139 0.0750 0.0111 0.2864 0.7149 0.6544
1494806400.0000 145350.0000 0.1840 -0.2469 -0.0844 0.5693 323.3011 0.2393 0.0862 0.0621 0.0037 0.0097 0.0033 0.1938 1.1257 1.0696
1494806400.0000 145650.0000 0.9897 -0.6518 -0.0623 1.2902 303.3675 0.1121 0.3604 0.1028 -0.0747 -0.0248 0.0423 0.2876 0.3690 0.3349
1494806400.0000 145950.0000 1.0943 -0.3103 0.0057 1.2127 285.8317 0.1060 0.1727 0.0605 0.0154 -0.0042 0.0082 0.1696 0.2956 0.2680
1494806400.0000 146250.0000 0.6935 -0.6490 -0.1132 1.0295 313.0997 0.2314 0.1295 0.0657 -0.0592 -0.0064 0.0360 0.2133 0.3942 0.3651
1494806400.0000 146550.0000 0.7115 -0.6835 -0.0116 1.0631 313.8488 0.1679 0.1291 0.0766 0.0133 -0.0124 0.0161 0.1868 0.3576 0.3189
1494806400.0000 146850.0000 0.7166 -0.3655 -0.0148 0.8710 297.0226 0.0586 0.1260 0.0289 -0.0124 -0.0029 0.0032 0.1067 0.3315 0.3083
1494806400.0000 147150.0000 0.3042 0.2740 -0.0169 0.4902 227.9962 0.0816 0.0266 0.0587 0.0065 -0.0220 0.0046 0.0834 0.5756 0.4638
1494806400.0000 147450.0000 0.1283 0.1235 -0.0128 0.3815 226.0908 0.0834 0.1086 0.0291 -0.0323 -0.0011 -0.0102 0.1105 1.5204 1.4203
1494806400.0000 147750.0000 0.4471 0.0028 0.0501 0.5274 269.6371 0.0676 0.0903 0.0492 -0.0441 -0.0183 0.0183 0.1035 0.5840 0.5131
1494806400.0000 148050.0000 0.9406 -0.5222 -0.0597 1.1832 299.0410 0.2159 0.2567 0.0979 -0.0462 -0.0653 0.0516 0.2852 0.4047 0.3689
1494806400.0000 148350.0000 0.9251 -0.0985 -0.0242 0.9807 276.0757 0.0895 0.0876 0.0514 0.0121 -0.0182 0.0034 0.1143 0.2966 0.2612
1494806400.0000 148650.0000 0.3844 0.0840 -0.0608 0.4442 257.6757 0.0591 0.0266 0.0207 -0.0028 -0.0077 -0.0045 0.0532 0.4731 0.4296
1494806400.0000 148950.0000 0.3525 -0.2626 -0.0389 0.5885 306.6810 0.1759 0.0926 0.0319 -0.0195 -0.0282 -0.0007 0.1502 0.7171 0.6806
1494806400.0000 149250.0000 0.8023 -0.1316 -0.0346 0.8596 279.3151 0.0740 0.0861 0.0353 -0.0240 -0.0178 0.0188 0.0977 0.3136 0.2842
1494806400.0000 149550.0000 0.9183 -0.1968 -0.0298 0.9853 282.0943 0.1355 0.1061 0.0705 -0.0392 -0.0401 0.0120 0.1561 0.3433 0.3022
1494806400.0000 149850.0000 0.8171 -0.2543 -0.0103 0.9193 287.2874 0.1183 0.1380 0.0335 -0.0505 -0.0190 0.0224 0.1449 0.3632 0.3416
1494806400.0000 150150.0000 0.9197 -0.4047 -0.0576 1.0433 293.7523 0.2057 0.0785 0.0356 -0.0175 -0.0442 -0.0026 0.1600 0.3245 0.3063
1494806400.0000 150450.0000 0.1622 0.0155 0.0450 0.3035 264.5267 0.0480 0.0440 0.0140 0.0201 0.0028 0.0071 0.0530 1.1116 1.0744
1494806400.0000 150750.0000 0.1197 -0.1046 0.0254 0.2500 311.1440 0.0102 0.0398 0.0048 0.0119 0.0001 0.0028 0.0274 0.8401 0.8122
1494806400.0000 151050.0000 0.2917 -0.1560 -0.0468 0.3876 298.1441 0.0334 0.0396 0.0100 0.0055 0.0017 0.0101 0.0415 0.4979 0.4716
